ID | Depth | diameter | Number of points
0 | 0 | 29.316 | 1600
0 | 1 | 26.6481 | 495
0 | 2 | 26.2389 | 379
0 | 3 | 24.3857 | 343
0 | 4 | 20.1492 | 131
0 | 5 | 19.4712 | 90
0 | 6 | 18.2933 | 88
0 | 7 | 12.8943 | 25
0 | 8 | 12.8943 | 23
0 | 9 | 4.63978e-310 | 9
1 | 9 | 8.69531 | 14
2 | 10 | 1.63042e-322 | 9
3 | 10 | 1.63042e-322 | 5
1 | 8 | 4.63978e-310 | 2
1 | 7 | 16.6282 | 63
2 | 8 | 16.3413 | 31
4 | 9 | 5.09215 | 11
8 | 10 | 1.63042e-322 | 7
9 | 10 | 1.58101e-322 | 4
5 | 9 | 4.5767 | 20
10 | 10 | 1.58101e-322 | 9
11 | 10 | 2.38113 | 11
22 | 11 | 2.38113 | 11
44 | 12 | 1.63042e-322 | 9
45 | 12 | 1.63042e-322 | 2
3 | 8 | 16.429 | 32
6 | 9 | 15.7593 | 22
12 | 10 | 15.7593 | 22
24 | 11 | 15.7593 | 22
48 | 12 | 15.6728 | 21
96 | 13 | 14.256 | 19
193 | 14 | 14.256 | 19
386 | 15 | 13.6243 | 12
772 | 16 | 13.6243 | 12
1544 | 17 | 1.72411 | 10
1545 | 17 | 0 | 2
387 | 15 | 4.63978e-310 | 7
97 | 13 | 4.63978e-310 | 2
49 | 12 | 4.63978e-310 | 1
7 | 9 | 4.63978e-310 | 10
1 | 6 | 4.63978e-310 | 2
1 | 5 | 16.4397 | 41
2 | 6 | 13.3523 | 15
4 | 7 | 1.52959 | 10
5 | 7 | 0.105669 | 5
3 | 6 | 11.4725 | 26
6 | 7 | 117.208 | 5
7 | 7 | 3.97076 | 21
14 | 8 | 175.366 | 5
15 | 8 | 3.78703 | 16
30 | 9 | 3.50077 | 14
60 | 10 | 0 | 10
61 | 10 | 0.0336216 | 4
31 | 9 | 4.63978e-310 | 2
1 | 4 | 20.924 | 212
2 | 5 | 19.6421 | 106
4 | 6 | 19.6421 | 106
8 | 7 | 19.097 | 55
16 | 8 | 19.097 | 55
32 | 9 | 18.4362 | 13
64 | 10 | 1.63042e-322 | 3
65 | 10 | 1.63042e-322 | 10
33 | 9 | 4.50463 | 42
66 | 10 | 3.63131 | 13
132 | 11 | 4.63978e-310 | 2
133 | 11 | 1.41417 | 11
266 | 12 | 1.41417 | 11
532 | 13 | 0 | 6
533 | 13 | 41.0096 | 5
67 | 10 | 4.50463 | 29
134 | 11 | 3.72284 | 19
268 | 12 | 3.72284 | 19
536 | 13 | 3.72284 | 13
1072 | 14 | 1.63042e-322 | 3
1073 | 14 | 4.63978e-310 | 10
537 | 13 | 4.63978e-310 | 6
135 | 11 | 4.63978e-310 | 10
9 | 7 | 19.2179 | 51
18 | 8 | 19.2179 | 51
36 | 9 | 19.2179 | 51
72 | 10 | 19.0527 | 39
144 | 11 | 19.0527 | 39
288 | 12 | 4.63978e-310 | 8
289 | 12 | 2.9169 | 31
578 | 13 | 0.079037 | 7
579 | 13 | 2.40458 | 24
1158 | 14 | 1.47575 | 12
2316 | 15 | 0.360943 | 10
2317 | 15 | 0.767799 | 2
1159 | 14 | 1.44114 | 12
2318 | 15 | 1.44114 | 12
4636 | 16 | 4.63978e-310 | 5
4637 | 16 | 3.21143e-322 | 7
73 | 10 | 18.843 | 12
147 | 11 | 18.843 | 12
294 | 12 | 18.843 | 12
589 | 13 | 18.843 | 12
1178 | 14 | 1.58101e-322 | 7
1179 | 14 | 0.399743 | 5
3 | 5 | 19.5552 | 106
6 | 6 | 7.73088 | 21
12 | 7 | 4.63978e-310 | 6
13 | 7 | 7.73088 | 15
26 | 8 | 4.63978e-310 | 4
27 | 8 | 6.8006 | 11
54 | 9 | 346.025 | 7
55 | 9 | 345.629 | 4
7 | 6 | 6.74345 | 85
14 | 7 | 5.45389 | 51
28 | 8 | 5.45389 | 39
56 | 9 | 3.48661 | 11
112 | 10 | 351.775 | 2
113 | 10 | 346.025 | 9
57 | 9 | 4.0572 | 28
114 | 10 | 3.54464 | 13
228 | 11 | 11.7423 | 9
229 | 11 | 5.86685 | 4
115 | 10 | 3.43258 | 15
230 | 11 | 0.339563 | 7
231 | 11 | 0.308058 | 8
29 | 8 | 2.70552 | 12
58 | 9 | 2.70552 | 12
116 | 10 | 0.185416 | 6
117 | 10 | 2.42438 | 6
15 | 7 | 4.02707 | 34
30 | 8 | 4.63978e-310 | 9
31 | 8 | 1.82168 | 25
62 | 9 | 1.82168 | 25
124 | 10 | 1.25084 | 5
125 | 10 | 1.73388 | 20
250 | 11 | 13.2673 | 5
251 | 11 | 1.57453 | 15
502 | 12 | 4.63978e-310 | 7
503 | 12 | 4.63978e-310 | 8
1 | 3 | 12.4723 | 36
2 | 4 | 9.72824 | 20
4 | 5 | 6.67737 | 14
8 | 6 | 4.63978e-310 | 2
9 | 6 | 4.89978 | 12
18 | 7 | 24.2779 | 4
19 | 7 | 23.437 | 8
5 | 5 | 4.63978e-310 | 6
3 | 4 | 6.51482 | 16
6 | 5 | 2.99608 | 12
12 | 6 | 1.83587 | 4
13 | 6 | 1.82031 | 8
7 | 5 | 4.63978e-310 | 4
1 | 2 | 25.4234 | 116
2 | 3 | 19.1936 | 105
4 | 4 | 18.1244 | 61
8 | 5 | 18.1244 | 60
16 | 6 | 18.1244 | 60
32 | 7 | 13.2819 | 24
64 | 8 | 13.2819 | 24
128 | 9 | 9.29387 | 11
256 | 10 | 1.25236 | 5
257 | 10 | 0.866237 | 6
129 | 9 | 4.0661 | 13
258 | 10 | 3.70552 | 12
516 | 11 | 3.70552 | 11
1032 | 12 | 4.63978e-310 | 5
1033 | 12 | 6.99131 | 6
517 | 11 | 4.63978e-310 | 1
259 | 10 | 4.63978e-310 | 1
33 | 7 | 18.1244 | 36
66 | 8 | 18.1244 | 35
132 | 9 | 17.7767 | 26
264 | 10 | 15.4512 | 13
528 | 11 | 15.4512 | 13
1056 | 12 | 15.4512 | 13
2113 | 13 | 15.4512 | 13
4227 | 14 | 15.4512 | 13
8454 | 15 | 15.4512 | 13
16908 | 16 | 0.210929 | 3
16909 | 16 | 0.480814 | 10
265 | 10 | 17.7767 | 13
531 | 11 | 17.7767 | 13
1062 | 12 | 17.7767 | 13
2124 | 13 | 1.63042e-322 | 4
2125 | 13 | 2.34062 | 9
133 | 9 | 4.63978e-310 | 9
67 | 8 | 4.63978e-310 | 1
9 | 5 | 4.63978e-310 | 1
5 | 4 | 19.1886 | 44
11 | 5 | 19.1886 | 44
22 | 6 | 4.63978e-310 | 7
23 | 6 | 4.34559 | 37
46 | 7 | 1.82239 | 15
92 | 8 | 1.07952 | 11
185 | 9 | 1.07952 | 11
370 | 10 | 87.8679 | 4
371 | 10 | 4.63978e-310 | 7
93 | 8 | 4.63978e-310 | 4
47 | 7 | 3.62554 | 22
94 | 8 | 2.70867 | 16
188 | 9 | 2.70867 | 16
376 | 10 | 2.13597 | 12
752 | 11 | 7.8282 | 6
753 | 11 | 12.5658 | 6
377 | 10 | 4.63978e-310 | 4
95 | 8 | 4.63978e-310 | 6
3 | 3 | 12.9528 | 11
6 | 4 | 4.63978e-310 | 4
7 | 4 | 4.63978e-310 | 7
1 | 1 | 25.9201 | 1105
2 | 2 | 25.2716 | 774
4 | 3 | 19.7928 | 519
8 | 4 | 17.4462 | 89
17 | 5 | 17.4462 | 89
34 | 6 | 6.78621 | 39
68 | 7 | 5.43477 | 12
136 | 8 | 11.1221 | 9
137 | 8 | 9.47756 | 3
69 | 7 | 6.78621 | 27
138 | 8 | 0.953323 | 8
139 | 8 | 4.9459 | 19
278 | 9 | 4.9459 | 19
556 | 10 | 24.4619 | 6
557 | 10 | 4.93172 | 13
1114 | 11 | 1.63042e-322 | 9
1115 | 11 | 4.00193e-322 | 4
35 | 6 | 12.0972 | 50
70 | 7 | 12.0972 | 50
140 | 8 | 4.63978e-310 | 5
141 | 8 | 11.5478 | 45
282 | 9 | 11.5478 | 45
564 | 10 | 11.5478 | 45
1129 | 11 | 11.5478 | 45
2258 | 12 | 6.28784 | 19
4516 | 13 | 0.266936 | 4
4517 | 13 | 5.54488 | 15
9034 | 14 | 295.036 | 9
9035 | 14 | 3.25253 | 6
2259 | 12 | 5.87406 | 26
4518 | 13 | 5.87406 | 26
9036 | 14 | 1.35098 | 11
18072 | 15 | 0.284201 | 8
18073 | 15 | 0 | 3
9037 | 14 | 4.31042 | 15
18075 | 15 | 4.31042 | 15
36151 | 16 | 4.31042 | 15
72302 | 17 | 19.2844 | 8
72303 | 17 | 23.1198 | 7
9 | 4 | 17.628 | 430
18 | 5 | 14.7649 | 12
36 | 6 | 4.63978e-310 | 5
37 | 6 | 4.63978e-310 | 7
19 | 5 | 17.628 | 418
38 | 6 | 13.0492 | 234
76 | 7 | 11.301 | 50
152 | 8 | 10.2857 | 26
304 | 9 | 3.01932 | 14
608 | 10 | 2.67541 | 8
609 | 10 | 5.73195 | 6
305 | 9 | 3.70576 | 12
610 | 10 | 1.01238 | 4
611 | 10 | 79.9177 | 8
153 | 8 | 9.79654 | 24
306 | 9 | 3.51214 | 10
307 | 9 | 2.65467 | 14
614 | 10 | 2.65467 | 11
1228 | 11 | 0.974837 | 6
1229 | 11 | 1.14016 | 5
615 | 10 | 90.781 | 3
77 | 7 | 11.5767 | 184
154 | 8 | 10.4337 | 45
308 | 9 | 5.31849 | 25
616 | 10 | 4.35256 | 20
1232 | 11 | 2.64132 | 2
1233 | 11 | 4.35256 | 18
2466 | 12 | 3.70068 | 15
4932 | 13 | 2.82477 | 11
9864 | 14 | 13.3865 | 8
9865 | 14 | 3.16858 | 3
4933 | 13 | 4.63978e-310 | 4
2467 | 12 | 4.63978e-310 | 3
617 | 10 | 4.63978e-310 | 5
309 | 9 | 4.83466 | 20
618 | 10 | 0.512016 | 3
619 | 10 | 3.79957 | 17
1238 | 11 | 3.79957 | 13
2476 | 12 | 0 | 7
2477 | 12 | 4.23124 | 6
1239 | 11 | 4.63978e-310 | 4
155 | 8 | 10.8635 | 139
310 | 9 | 5.18591 | 39
620 | 10 | 3.6867 | 6
621 | 10 | 4.78195 | 33
1242 | 11 | 1.74842 | 17
2484 | 12 | 1.69924 | 13
4968 | 13 | 0.492645 | 2
4969 | 13 | 1.42083 | 11
9938 | 14 | 9.38832 | 8
9939 | 14 | 0 | 3
2485 | 12 | 4.63978e-310 | 4
1243 | 11 | 2.60522 | 16
2486 | 12 | 4.63978e-310 | 6
2487 | 12 | 1.56068 | 10
311 | 9 | 8.18978 | 100
622 | 10 | 4.23063 | 11
1244 | 11 | 6.90513e-310 | 5
1245 | 11 | 1.74405e-321 | 6
623 | 10 | 7.61178 | 89
1246 | 11 | 6.1792 | 29
2492 | 12 | 4.03741 | 9
2493 | 12 | 3.67053 | 20
4986 | 13 | 9.15035 | 9
4987 | 13 | 2.20441 | 11
9974 | 14 | 2.20441 | 11
19948 | 15 | 1.94334 | 4
19949 | 15 | 0.710994 | 7
1247 | 11 | 7.51209 | 60
2494 | 12 | 5.29921 | 41
4988 | 13 | 5.29921 | 41
9976 | 14 | 5.29921 | 39
19952 | 15 | 3.68424 | 14
39905 | 16 | 3.68424 | 14
79810 | 17 | 3.42147 | 11
159620 | 18 | 0.240476 | 7
159621 | 18 | 2.02013 | 4
79811 | 17 | 0.394433 | 3
19953 | 15 | 3.97192 | 25
39906 | 16 | 4.63978e-310 | 8
39907 | 16 | 3.83069 | 17
79814 | 17 | 6.94492 | 7
79815 | 17 | 12.7945 | 10
9977 | 14 | 4.63978e-310 | 2
2495 | 12 | 4.01286 | 19
4990 | 13 | 4.01286 | 19
9980 | 14 | 0.58614 | 9
9981 | 14 | 11.6553 | 10
39 | 6 | 10.2372 | 184
79 | 7 | 10.2372 | 184
158 | 8 | 8.70564 | 88
316 | 9 | 6.56348 | 32
632 | 10 | 2.16565 | 15
1264 | 11 | 40.1255 | 7
1265 | 11 | 1.58101e-322 | 8
633 | 10 | 1.87055 | 17
1266 | 11 | 1.69878 | 11
2532 | 12 | 0.437966 | 4
2533 | 12 | 0.0453391 | 7
1267 | 11 | 4.63978e-310 | 6
317 | 9 | 7.93454 | 56
634 | 10 | 6.90513e-310 | 7
635 | 10 | 7.3499 | 49
1270 | 11 | 1.26975e-321 | 6
1271 | 11 | 7.3499 | 43
2542 | 12 | 1.63042e-322 | 5
2543 | 12 | 7.19439 | 38
5086 | 13 | 39.9631 | 3
5087 | 13 | 7.03291 | 35
10175 | 14 | 7.03291 | 35
20350 | 15 | 6.73222 | 13
40701 | 16 | 6.73222 | 13
81402 | 17 | 40.924 | 4
81403 | 17 | 0.530794 | 9
20351 | 15 | 6.65602 | 22
40702 | 16 | 6.65602 | 22
81404 | 17 | 6.59599 | 20
162808 | 18 | 6.59599 | 17
325616 | 19 | 0.0209546 | 9
325617 | 19 | 40.3001 | 8
162809 | 18 | 41.1113 | 3
81405 | 17 | 4.63978e-310 | 2
159 | 8 | 9.29474 | 96
318 | 9 | 9.00424 | 84
636 | 10 | 5.72722 | 52
1272 | 11 | 4.3162 | 29
2544 | 12 | 3.03273 | 17
5088 | 13 | 3.03273 | 17
10176 | 14 | 2.25901 | 10
10177 | 14 | 0.873962 | 7
2545 | 12 | 2.52525 | 12
5090 | 13 | 2.18157 | 5
5091 | 13 | 0 | 7
1273 | 11 | 3.91752 | 23
2546 | 12 | 1.60395 | 13
5093 | 13 | 1.60395 | 13
10186 | 14 | 2.79389 | 8
10187 | 14 | 0 | 5
2547 | 12 | 4.63978e-310 | 10
637 | 10 | 5.5606 | 32
1274 | 11 | 3.5793 | 14
2548 | 12 | 64.4999 | 8
2549 | 12 | 51.9589 | 6
1275 | 11 | 4.37528 | 18
2550 | 12 | 2.92102 | 12
5100 | 13 | 2.92102 | 12
10200 | 14 | 2.92102 | 11
20400 | 15 | 7.55334 | 9
20401 | 15 | 0.893208 | 2
10201 | 14 | 4.63978e-310 | 1
2551 | 12 | 4.63978e-310 | 6
319 | 9 | 7.9149 | 12
638 | 10 | 0.884264 | 3
639 | 10 | 4.63978e-310 | 9
5 | 3 | 14.2062 | 255
10 | 4 | 10.3585 | 116
20 | 5 | 7.4416 | 17
40 | 6 | 6.34917 | 5
41 | 6 | 7.16747 | 12
82 | 7 | 7.16747 | 12
164 | 8 | 3.2776 | 1
165 | 8 | 7.16317 | 11
330 | 9 | 2.47637 | 10
331 | 9 | 0 | 1
21 | 5 | 9.15177 | 99
42 | 6 | 5.79938 | 87
84 | 7 | 5.54476 | 57
168 | 8 | 2.19471 | 24
336 | 9 | 4.63978e-310 | 10
337 | 9 | 1.61032 | 14
674 | 10 | 1.63042e-322 | 7
675 | 10 | 1.63042e-322 | 7
169 | 8 | 4.11855 | 33
338 | 9 | 4.11855 | 33
677 | 10 | 4.11855 | 33
1354 | 11 | 2.49386 | 13
2708 | 12 | 2.49386 | 13
5416 | 13 | 1.5546 | 9
5417 | 13 | 2.03796 | 4
1355 | 11 | 2.21084 | 20
2710 | 12 | 1.94189 | 18
5420 | 13 | 1.63042e-322 | 10
5421 | 13 | 3.21143e-322 | 8
2711 | 12 | 4.63978e-310 | 2
85 | 7 | 5.11899 | 30
170 | 8 | 1.55664 | 16
340 | 9 | 3.21143e-322 | 8
341 | 9 | 4.63978e-310 | 8
171 | 8 | 3.3087 | 14
343 | 9 | 3.3087 | 14
687 | 10 | 3.3087 | 14
1374 | 11 | 1.12242 | 7
1375 | 11 | 0.094223 | 7
43 | 6 | 4.70481 | 12
86 | 7 | 4.70481 | 12
172 | 8 | 4.63978e-310 | 7
173 | 8 | 0.166971 | 5
11 | 4 | 12.6097 | 139
22 | 5 | 4.63978e-310 | 6
23 | 5 | 11.6539 | 133
46 | 6 | 9.53771 | 69
92 | 7 | 5.48072 | 17
184 | 8 | 2.29948 | 11
368 | 9 | 4.63978e-310 | 5
369 | 9 | 5.9074 | 6
185 | 8 | 3.3676 | 6
93 | 7 | 6.56931 | 52
186 | 8 | 3.60747 | 22
372 | 9 | 0.192001 | 9
373 | 9 | 2.54298 | 13
746 | 10 | 0.245 | 8
747 | 10 | 1.33335 | 5
187 | 8 | 5.08 | 30
374 | 9 | 4.54948 | 18
749 | 10 | 4.54948 | 18
1498 | 11 | 3.49358 | 13
2996 | 12 | 3.29388 | 6
2997 | 12 | 3.74001 | 7
1499 | 11 | 4.63978e-310 | 5
375 | 9 | 4.41775 | 12
750 | 10 | 4.41775 | 12
1500 | 11 | 5.70971 | 8
1501 | 11 | 2.54442 | 4
47 | 6 | 8.30059 | 64
94 | 7 | 7.00907 | 42
188 | 8 | 3.94482 | 13
376 | 9 | 1.63042e-322 | 2
377 | 9 | 3.28291 | 11
754 | 10 | 1.85648 | 6
755 | 10 | 2.70565 | 5
189 | 8 | 5.63302 | 29
378 | 9 | 8.63238 | 6
379 | 9 | 5.01971 | 23
758 | 10 | 4.63978e-310 | 9
759 | 10 | 4.60629 | 14
1518 | 11 | 2.42092e-322 | 7
1519 | 11 | 1.99589 | 7
95 | 7 | 5.80139 | 22
190 | 8 | 4.63978e-310 | 1
191 | 8 | 5.38256 | 21
382 | 9 | 5.38256 | 20
764 | 10 | 5.38256 | 20
1528 | 11 | 2.59975 | 14
3056 | 12 | 4.79244e-322 | 3
3057 | 12 | 1.91188 | 11
6114 | 13 | 1.91188 | 11
12228 | 14 | 14.3888 | 6
12229 | 14 | 18.3608 | 5
1529 | 11 | 4.63978e-310 | 6
383 | 9 | 4.63978e-310 | 1
3 | 2 | 24.7836 | 331
6 | 3 | 19.2035 | 208
12 | 4 | 16.5461 | 134
25 | 5 | 16.5461 | 134
50 | 6 | 10.9361 | 75
100 | 7 | 8.20004 | 32
200 | 8 | 8.20004 | 30
400 | 9 | 5.54234 | 24
800 | 10 | 4.63414 | 19
1601 | 11 | 4.63414 | 19
3203 | 12 | 4.63414 | 19
6406 | 13 | 0.76077 | 10
6407 | 13 | 0.586314 | 9
801 | 10 | 4.63978e-310 | 5
401 | 9 | 4.63978e-310 | 6
201 | 8 | 4.63978e-310 | 2
101 | 7 | 5.272 | 43
202 | 8 | 5.272 | 33
404 | 9 | 1.78387 | 12
808 | 10 | 1.63042e-322 | 6
809 | 10 | 4.63978e-310 | 6
405 | 9 | 3.05923 | 21
810 | 10 | 8.54779 | 5
811 | 10 | 2.29145 | 16
1622 | 11 | 0.291405 | 5
1623 | 11 | 1.97513 | 11
3246 | 12 | 4.63978e-310 | 2
3247 | 12 | 0.884394 | 9
203 | 8 | 4.63978e-310 | 10
51 | 6 | 8.26819 | 59
102 | 7 | 8.26819 | 59
204 | 8 | 46.2804 | 2
205 | 8 | 8.26819 | 57
410 | 9 | 4.53558 | 17
820 | 10 | 4.63978e-310 | 6
821 | 10 | 2.19021 | 11
1642 | 11 | 1.72772 | 7
1643 | 11 | 0.74466 | 4
411 | 9 | 4.84248 | 40
822 | 10 | 0 | 10
823 | 10 | 4.38286 | 30
1646 | 11 | 2.74898 | 22
3292 | 12 | 1.5684 | 14
6585 | 13 | 1.5684 | 14
13170 | 14 | 1.79907 | 10
13171 | 14 | 0.614134 | 4
3293 | 12 | 4.63978e-310 | 8
1647 | 11 | 4.63978e-310 | 8
13 | 4 | 10.5008 | 74
26 | 5 | 4.63978e-310 | 8
27 | 5 | 10.5008 | 66
54 | 6 | 4.49412 | 29
108 | 7 | 4.06551 | 22
216 | 8 | 10.072 | 3
217 | 8 | 3.62271 | 19
434 | 9 | 11.3541 | 6
435 | 9 | 2.90294 | 13
870 | 10 | 1.63042e-322 | 5
871 | 10 | 1.61514 | 8
109 | 7 | 4.63978e-310 | 7
55 | 6 | 6.06657 | 37
110 | 7 | 6.06657 | 37
220 | 8 | 6.06657 | 36
440 | 9 | 2.92486 | 22
881 | 10 | 2.92486 | 22
1762 | 11 | 2.84277 | 14
3524 | 12 | 0.437001 | 8
3525 | 12 | 0.27994 | 6
1763 | 11 | 4.63978e-310 | 8
441 | 9 | 3.07116 | 14
882 | 10 | 47.3978 | 2
883 | 10 | 2.5768 | 12
1766 | 11 | 2.70946 | 10
1767 | 11 | 4.34299 | 2
221 | 8 | 4.63978e-310 | 1
7 | 3 | 12.5275 | 123
14 | 4 | 2.08057 | 18
28 | 5 | 1.30393 | 12
56 | 6 | 1.30393 | 11
112 | 7 | 4.63978e-310 | 6
113 | 7 | 4.63978e-310 | 5
57 | 6 | 4.63978e-310 | 1
29 | 5 | 4.63978e-310 | 6
15 | 4 | 12.5275 | 105
31 | 5 | 12.5275 | 105
62 | 6 | 9.49183 | 68
124 | 7 | 3.42551 | 38
248 | 8 | 4.63978e-310 | 1
249 | 8 | 3.42551 | 37
498 | 9 | 0 | 10
499 | 9 | 3.36765 | 27
998 | 10 | 2.82243 | 16
1996 | 11 | 0.462669 | 9
1997 | 11 | 0.298128 | 7
999 | 10 | 2.74983 | 11
1998 | 11 | 3.17967 | 8
1999 | 11 | 2.30253 | 3
125 | 7 | 4.68148 | 30
251 | 8 | 4.68148 | 30
502 | 9 | 1.13891 | 9
503 | 9 | 3.35826 | 21
1006 | 10 | 3.10036 | 14
2012 | 11 | 9.66363 | 4
2013 | 11 | 11.2779 | 10
1007 | 10 | 4.63978e-310 | 7
63 | 6 | 8.54001 | 37
126 | 7 | 6.09888 | 26
252 | 8 | 6.09888 | 24
504 | 9 | 2.82677 | 14
1008 | 10 | 12.077 | 8
1009 | 10 | 8.3845 | 6
505 | 9 | 4.63978e-310 | 10
253 | 8 | 4.63978e-310 | 2
127 | 7 | 2.12441 | 11
254 | 8 | 3.65255 | 4
255 | 8 | 4.63978e-310 | 7
