ID | Depth | diameter | Number of points
0 | 0 | 29.316 | 1600
0 | 1 | 26.4561 | 370
0 | 2 | 25.0793 | 17
0 | 3 | 21.4861 | 15
0 | 4 | 21.4861 | 14
0 | 5 | 21.4861 | 14
0 | 6 | 21.4861 | 14
0 | 7 | 1.63042e-322 | 7
1 | 7 | 1.58101e-322 | 7
1 | 4 | 4.63978e-310 | 1
1 | 3 | 4.63978e-310 | 2
1 | 2 | 26.1708 | 353
2 | 3 | 20.6382 | 182
4 | 4 | 18.6173 | 159
8 | 5 | 15.854 | 23
16 | 6 | 1.33751 | 8
17 | 6 | 10.8047 | 15
34 | 7 | 0.121402 | 6
35 | 7 | 0.161482 | 9
9 | 5 | 18.6173 | 136
18 | 6 | 18.4835 | 64
36 | 7 | 13.1232 | 42
72 | 8 | 13.1232 | 31
144 | 9 | 10.475 | 20
288 | 10 | 9.05813 | 17
576 | 11 | 4.37128 | 10
577 | 11 | 4.03529 | 7
289 | 10 | 3.96297 | 3
145 | 9 | 7.89569 | 11
290 | 10 | 1.25443 | 1
291 | 10 | 6.32509 | 10
73 | 8 | 8.83885 | 11
146 | 9 | 8.71166 | 5
147 | 9 | 10.8885 | 6
37 | 7 | 7.65251 | 22
74 | 8 | 11.0201 | 7
75 | 8 | 4.82561 | 15
150 | 9 | 0.0211668 | 3
151 | 9 | 4.18793 | 12
302 | 10 | 4.63978e-310 | 8
303 | 10 | 2.93671 | 4
19 | 6 | 10.8771 | 72
38 | 7 | 10.747 | 56
76 | 8 | 9.75624 | 24
152 | 9 | 2.51158 | 8
153 | 9 | 2.07301 | 16
306 | 10 | 6.87422 | 8
307 | 10 | 7.06021 | 8
77 | 8 | 5.3465 | 32
154 | 9 | 3.52623 | 20
308 | 10 | 2.85658 | 14
616 | 11 | 0.899557 | 7
617 | 11 | 1.60018 | 7
309 | 10 | 0.635102 | 6
155 | 9 | 3.51391 | 12
311 | 10 | 3.51391 | 12
622 | 11 | 1.63042e-322 | 10
623 | 11 | 1.50497 | 2
39 | 7 | 6.91069 | 16
78 | 8 | 5.04585 | 11
157 | 9 | 5.04585 | 11
314 | 10 | 4.63978e-310 | 2
315 | 10 | 4.63978e-310 | 9
79 | 8 | 4.63978e-310 | 5
5 | 4 | 9.10844 | 23
10 | 5 | 6.66662 | 11
20 | 6 | 4.63978e-310 | 9
21 | 6 | 39.5661 | 2
11 | 5 | 5.33808 | 12
22 | 6 | 5.33808 | 12
44 | 7 | 5.33808 | 12
88 | 8 | 0.0129943 | 7
89 | 8 | 0 | 5
3 | 3 | 15.3668 | 171
6 | 4 | 15.3668 | 171
12 | 5 | 12.138 | 43
24 | 6 | 1.48866 | 1
25 | 6 | 12.138 | 42
50 | 7 | 9.82065 | 15
100 | 8 | 9.82065 | 15
200 | 9 | 1.52265 | 8
201 | 9 | 2.6235 | 7
51 | 7 | 6.66992 | 27
102 | 8 | 0 | 1
103 | 8 | 6.66992 | 26
206 | 9 | 3.38259 | 25
412 | 10 | 2.1578 | 17
824 | 11 | 39.4931 | 2
825 | 11 | 2.1578 | 15
1650 | 12 | 2.1578 | 15
3300 | 13 | 0 | 10
3301 | 13 | 0.265142 | 5
413 | 10 | 4.63978e-310 | 8
207 | 9 | 4.63978e-310 | 1
13 | 5 | 12.0725 | 128
26 | 6 | 6.22582 | 18
52 | 7 | 6.22582 | 16
104 | 8 | 4.63978e-310 | 8
105 | 8 | 4.63978e-310 | 8
53 | 7 | 4.63978e-310 | 2
27 | 6 | 12.0725 | 110
54 | 7 | 12.0725 | 106
108 | 8 | 12.0725 | 102
216 | 9 | 11.9457 | 85
432 | 10 | 10.5125 | 52
864 | 11 | 4.15644 | 27
1728 | 12 | 0.265142 | 7
1729 | 12 | 3.90453 | 20
3458 | 13 | 3.90453 | 20
6916 | 14 | 1.46481 | 9
6917 | 14 | 2.7502 | 11
13835 | 15 | 2.7502 | 11
27670 | 16 | 2.7502 | 11
55340 | 17 | 7.59661 | 8
55341 | 17 | 6.54372 | 3
865 | 11 | 9.52374 | 25
1730 | 12 | 2.29567 | 24
3460 | 13 | 1.89856 | 17
6920 | 14 | 2.63333 | 10
6921 | 14 | 1.03473 | 7
3461 | 13 | 4.63978e-310 | 7
1731 | 12 | 4.63978e-310 | 1
433 | 10 | 6.41466 | 33
866 | 11 | 4.2421 | 17
1732 | 12 | 4.2421 | 17
3464 | 13 | 0.0707559 | 6
3465 | 13 | 4.2421 | 11
6930 | 14 | 1.24195 | 8
6931 | 14 | 7.16395e-322 | 3
867 | 11 | 2.06588 | 16
1735 | 12 | 2.06588 | 16
3470 | 13 | 1.68197 | 11
6940 | 14 | 0 | 5
6941 | 14 | 0.215364 | 6
3471 | 13 | 4.63978e-310 | 5
217 | 9 | 9.79207 | 17
434 | 10 | 9.79207 | 17
868 | 11 | 0 | 6
869 | 11 | 9.11405 | 11
1738 | 12 | 9.11405 | 11
3476 | 13 | 7.16395e-322 | 9
3477 | 13 | 33.7198 | 2
109 | 8 | 4.63978e-310 | 4
55 | 7 | 4.63978e-310 | 4
1 | 1 | 26.4359 | 1230
2 | 2 | 25.241 | 366
4 | 3 | 21.7139 | 313
8 | 4 | 19.1128 | 189
16 | 5 | 19.1128 | 189
32 | 6 | 16.3306 | 102
64 | 7 | 7.24166 | 16
128 | 8 | 1.58101e-322 | 9
129 | 8 | 1.63042e-322 | 7
65 | 7 | 15.2667 | 86
130 | 8 | 15.2075 | 65
260 | 9 | 7.89495 | 24
520 | 10 | 9.33473 | 2
521 | 10 | 7.89495 | 22
1042 | 11 | 40.3461 | 1
1043 | 11 | 7.89495 | 21
2086 | 12 | 2.45565 | 11
4172 | 13 | 3.74 | 10
4173 | 13 | 5.00202 | 1
2087 | 12 | 4.63978e-310 | 10
261 | 9 | 7.11216 | 41
522 | 10 | 0.573527 | 1
523 | 10 | 6.70957 | 40
1046 | 11 | 6.70957 | 39
2092 | 12 | 5.79967 | 26
4184 | 13 | 5.79967 | 26
8368 | 14 | 0.94193 | 8
8369 | 14 | 4.0567 | 18
16738 | 15 | 3.00609 | 11
33476 | 16 | 0.00883183 | 2
33477 | 16 | 2.20696 | 9
16739 | 15 | 4.63978e-310 | 7
2093 | 12 | 1.66565 | 13
4186 | 13 | 1.66565 | 13
8372 | 14 | 0.688753 | 6
8373 | 14 | 7.03936 | 7
1047 | 11 | 4.63978e-310 | 1
131 | 8 | 15.1735 | 21
262 | 9 | 13.0845 | 16
524 | 10 | 13.0845 | 15
1049 | 11 | 13.0845 | 15
2098 | 12 | 0 | 8
2099 | 12 | 5.75262 | 7
525 | 10 | 4.63978e-310 | 1
263 | 9 | 4.63978e-310 | 5
33 | 6 | 6.48269 | 87
66 | 7 | 5.41193 | 73
132 | 8 | 4.97792 | 22
264 | 9 | 2.84092 | 13
528 | 10 | 2.4841 | 11
1056 | 11 | 1.63042e-322 | 1
1057 | 11 | 7.5769 | 10
529 | 10 | 4.63978e-310 | 2
265 | 9 | 4.63978e-310 | 9
133 | 8 | 5.21954 | 51
266 | 9 | 3.85154 | 40
532 | 10 | 3.43611 | 35
1064 | 11 | 3.43611 | 35
2128 | 12 | 1.54174 | 22
4256 | 13 | 1.17405 | 12
8512 | 14 | 0.533016 | 10
8513 | 14 | 0.689121 | 2
4257 | 13 | 4.63978e-310 | 10
2129 | 12 | 2.09634 | 13
4258 | 13 | 9.37192 | 4
4259 | 13 | 0.737632 | 9
533 | 10 | 4.63978e-310 | 5
267 | 9 | 1.3743 | 11
534 | 10 | 0.232784 | 3
535 | 10 | 4.63978e-310 | 8
67 | 7 | 1.64941 | 14
134 | 8 | 1.63935 | 13
268 | 9 | 0.305537 | 3
269 | 9 | 4.63978e-310 | 10
135 | 8 | 4.63978e-310 | 1
9 | 4 | 17.121 | 124
19 | 5 | 17.121 | 124
38 | 6 | 8.93601 | 61
76 | 7 | 8.93601 | 61
152 | 8 | 7.58813 | 18
304 | 9 | 1.63042e-322 | 4
305 | 9 | 5.9015 | 14
610 | 10 | 1.63042e-322 | 9
611 | 10 | 1.63042e-322 | 5
153 | 8 | 8.93601 | 43
306 | 9 | 3.17294 | 18
612 | 10 | 0.143529 | 9
613 | 10 | 0.0406486 | 9
307 | 9 | 5.24869 | 25
614 | 10 | 9.55862 | 9
615 | 10 | 3.24387 | 16
1230 | 11 | 3.24387 | 11
2460 | 12 | 7.11455e-322 | 5
2461 | 12 | 6.37345e-322 | 6
1231 | 11 | 4.63978e-310 | 5
39 | 6 | 9.50884 | 63
78 | 7 | 9.50884 | 63
156 | 8 | 8.26933 | 17
312 | 9 | 5.80422 | 11
624 | 10 | 5.80422 | 11
1248 | 11 | 5.80422 | 11
2496 | 12 | 1.58101e-322 | 8
2497 | 12 | 22.4761 | 3
313 | 9 | 4.63978e-310 | 6
157 | 8 | 9.2519 | 46
314 | 9 | 2.72122 | 21
628 | 10 | 2.72122 | 21
1256 | 11 | 2.72122 | 18
2512 | 12 | 13.2496 | 8
2513 | 12 | 13.6353 | 10
1257 | 11 | 1.33599 | 3
315 | 9 | 5.37083 | 25
630 | 10 | 2.6211 | 12
1260 | 11 | 16.2268 | 10
1261 | 11 | 3.81831 | 2
631 | 10 | 2.7977 | 13
1262 | 11 | 8.9022 | 1
1263 | 11 | 2.7977 | 12
2526 | 12 | 5.41188 | 2
2527 | 12 | 3.99021 | 10
5 | 3 | 11.8707 | 53
10 | 4 | 5.21388 | 22
20 | 5 | 4.63978e-310 | 3
21 | 5 | 5.21388 | 19
43 | 6 | 5.21388 | 19
86 | 7 | 1.58101e-322 | 8
87 | 7 | 2.18862 | 11
174 | 8 | 0.620712 | 3
175 | 8 | 4.63978e-310 | 8
11 | 4 | 6.23759 | 31
22 | 5 | 4.63978e-310 | 6
23 | 5 | 6.23759 | 25
46 | 6 | 2.72671 | 12
92 | 7 | 24.2791 | 7
93 | 7 | 21.0119 | 5
47 | 6 | 3.27407 | 13
94 | 7 | 133.443 | 5
95 | 7 | 0.153219 | 8
3 | 2 | 25.8941 | 864
6 | 3 | 22.0328 | 642
12 | 4 | 19.4447 | 357
24 | 5 | 18.2325 | 38
48 | 6 | 12.9227 | 16
96 | 7 | 0.903458 | 2
97 | 7 | 11.2084 | 14
195 | 8 | 11.2084 | 14
390 | 9 | 16.6614 | 10
391 | 9 | 0.228012 | 4
49 | 6 | 6.90014 | 22
98 | 7 | 2.76935 | 12
197 | 8 | 2.76935 | 12
394 | 9 | 3.40912 | 2
395 | 9 | 0.12467 | 10
99 | 7 | 4.63978e-310 | 10
25 | 5 | 19.2089 | 319
50 | 6 | 13.7894 | 144
100 | 7 | 8.96795 | 29
200 | 8 | 48.5495 | 7
201 | 8 | 7.17182 | 22
403 | 9 | 7.17182 | 22
806 | 10 | 41.2765 | 4
807 | 10 | 6.90436 | 18
1614 | 11 | 6.75798 | 14
3229 | 12 | 6.75798 | 14
6458 | 13 | 6.60744 | 11
12916 | 14 | 2.21835e-321 | 1
12917 | 14 | 6.90513e-310 | 10
6459 | 13 | 4.63978e-310 | 3
1615 | 11 | 4.63978e-310 | 4
101 | 7 | 12.9386 | 115
202 | 8 | 12.9386 | 114
404 | 9 | 6.74134 | 64
808 | 10 | 5.2235 | 18
1616 | 11 | 0.592701 | 5
1617 | 11 | 2.79519 | 13
3235 | 12 | 2.79519 | 13
6470 | 13 | 31.0782 | 6
6471 | 13 | 25.0156 | 7
809 | 10 | 5.99222 | 46
1618 | 11 | 4.25921 | 24
3237 | 12 | 4.25921 | 24
6474 | 13 | 4.08439 | 18
12948 | 14 | 16.6823 | 7
12949 | 14 | 2.0844 | 11
25898 | 15 | 9.5702 | 6
25899 | 15 | 9.65073 | 5
6475 | 13 | 4.63978e-310 | 6
1619 | 11 | 3.10052 | 22
3238 | 12 | 4.42552 | 3
3239 | 12 | 3.09028 | 19
6478 | 13 | 2.6532 | 16
12956 | 14 | 0.152218 | 6
12957 | 14 | 0.251458 | 10
6479 | 13 | 0 | 3
405 | 9 | 7.21279 | 50
810 | 10 | 4.63978e-310 | 7
811 | 10 | 6.26862 | 43
1622 | 11 | 4.11414 | 13
3244 | 12 | 10.222 | 6
3245 | 12 | 4.63978e-310 | 7
1623 | 11 | 4.60273 | 30
3246 | 12 | 3.41153 | 15
6492 | 13 | 3.41153 | 15
12984 | 14 | 6.90513e-310 | 10
12985 | 14 | 4.1054 | 5
3247 | 12 | 2.91189 | 15
6494 | 13 | 4.54742 | 9
6495 | 13 | 1.26481e-321 | 6
203 | 8 | 4.63978e-310 | 1
51 | 6 | 9.36249 | 175
102 | 7 | 8.87899 | 163
204 | 8 | 6.82619 | 53
408 | 9 | 4.41113 | 27
816 | 10 | 4.41113 | 27
1632 | 11 | 3.66871 | 16
3264 | 12 | 2.44839 | 13
6528 | 13 | 7.11455e-322 | 8
6529 | 13 | 2.40367 | 5
3265 | 12 | 5.85734 | 3
1633 | 11 | 3.92835 | 11
3266 | 12 | 0.21942 | 6
3267 | 12 | 19.458 | 5
409 | 9 | 4.09868 | 26
818 | 10 | 3.37187 | 16
1636 | 11 | 2.85963 | 9
1637 | 11 | 2.67961 | 7
819 | 10 | 4.63978e-310 | 10
205 | 8 | 7.2044 | 110
410 | 9 | 5.91282 | 70
820 | 10 | 3.66331 | 33
1640 | 11 | 1.10648 | 9
1641 | 11 | 3.01471 | 24
3282 | 12 | 2.77384 | 21
6564 | 13 | 2.06 | 10
6565 | 13 | 2.77384 | 11
13130 | 14 | 1.03848 | 7
13131 | 14 | 0.439451 | 4
3283 | 12 | 4.63978e-310 | 3
821 | 10 | 4.87513 | 37
1642 | 11 | 2.70894 | 16
3284 | 12 | 0.0132226 | 10
3285 | 12 | 0 | 6
1643 | 11 | 3.62511 | 21
3286 | 12 | 0.0967986 | 6
3287 | 12 | 3.3297 | 15
6574 | 13 | 7.33835 | 2
6575 | 13 | 1.86545 | 13
13150 | 14 | 0.663899 | 3
13151 | 14 | 4.63978e-310 | 10
411 | 9 | 3.56771 | 40
822 | 10 | 3.5095 | 13
1644 | 11 | 4.63978e-310 | 6
1645 | 11 | 0.217 | 7
823 | 10 | 2.91035 | 27
1646 | 11 | 1.0041 | 11
3292 | 12 | 1.73369 | 5
3293 | 12 | 0.0659455 | 6
1647 | 11 | 2.41862 | 16
3294 | 12 | 0.0865067 | 7
3295 | 12 | 0.0598035 | 9
103 | 7 | 5.72991 | 12
206 | 8 | 4.10855 | 11
412 | 9 | 4.10855 | 11
825 | 10 | 4.10855 | 11
1650 | 11 | 0.151064 | 7
1651 | 11 | 7.11455e-322 | 4
207 | 8 | 4.63978e-310 | 1
13 | 4 | 16.7466 | 285
26 | 5 | 15.6107 | 138
52 | 6 | 10.2188 | 93
104 | 7 | 4.04348 | 23
208 | 8 | 4.63978e-310 | 10
209 | 8 | 2.65384 | 13
418 | 9 | 4.63978e-310 | 9
419 | 9 | 7.80346 | 4
105 | 7 | 8.22134 | 70
210 | 8 | 7.16692 | 45
420 | 9 | 4.56975 | 29
840 | 10 | 2.39949 | 15
1680 | 11 | 0 | 9
1681 | 11 | 37.9771 | 6
841 | 10 | 2.35316 | 14
1682 | 11 | 21.759 | 7
1683 | 11 | 5.36999 | 7
421 | 9 | 2.56325 | 16
842 | 10 | 2.42092e-322 | 2
843 | 10 | 2.50189 | 14
1686 | 11 | 7.11455e-322 | 4
1687 | 11 | 0.508162 | 10
211 | 8 | 7.47773 | 25
422 | 9 | 3.97646 | 15
844 | 10 | 1.63042e-322 | 8
845 | 10 | 1.63042e-322 | 7
423 | 9 | 4.63978e-310 | 10
53 | 6 | 7.03206 | 45
106 | 7 | 2.37152e-322 | 3
107 | 7 | 6.80124 | 42
214 | 8 | 6.90513e-310 | 7
215 | 8 | 6.69734 | 35
430 | 9 | 9.41029 | 6
431 | 9 | 5.04628 | 29
862 | 10 | 5.04628 | 29
1724 | 11 | 4.82835 | 26
3448 | 12 | 3.31058 | 13
6897 | 13 | 3.31058 | 13
13794 | 14 | 12.4217 | 6
13795 | 14 | 16.756 | 7
3449 | 12 | 3.65419 | 13
6898 | 13 | 3.65419 | 13
13796 | 14 | 6.90513e-310 | 4
13797 | 14 | 9.47331 | 9
1725 | 11 | 4.63978e-310 | 3
27 | 5 | 15.6615 | 147
54 | 6 | 7.54994 | 71
108 | 7 | 3.19594 | 19
216 | 8 | 1.83412 | 14
432 | 9 | 0 | 7
433 | 9 | 1.58101e-322 | 7
217 | 8 | 4.63978e-310 | 5
109 | 7 | 5.54261 | 52
218 | 8 | 4.79244e-322 | 5
219 | 8 | 5.54261 | 47
438 | 9 | 3.32171 | 29
876 | 10 | 49.4152 | 7
877 | 10 | 2.56751 | 22
1754 | 11 | 2.35289 | 12
3508 | 12 | 4.66004 | 8
3509 | 12 | 0 | 4
1755 | 11 | 4.63978e-310 | 10
439 | 9 | 3.31989 | 18
878 | 10 | 6.45494 | 7
879 | 10 | 2.64578 | 11
1758 | 11 | 7.90505e-322 | 9
1759 | 11 | 0.624355 | 2
55 | 6 | 9.03196 | 76
110 | 7 | 9.03196 | 62
221 | 8 | 9.03196 | 62
442 | 9 | 5.20996 | 32
885 | 10 | 5.20996 | 32
1770 | 11 | 4.90993 | 27
3540 | 12 | 2.36879 | 20
7080 | 13 | 37.8515 | 8
7081 | 13 | 1.59013 | 12
14162 | 14 | 0.606268 | 5
14163 | 14 | 4.63978e-310 | 7
3541 | 12 | 4.63978e-310 | 7
1771 | 11 | 4.63978e-310 | 5
443 | 9 | 4.19815 | 30
886 | 10 | 4.19815 | 30
1772 | 11 | 3.99542 | 27
3544 | 12 | 1.91782 | 12
7088 | 13 | 2.91516 | 1
7089 | 13 | 1.85412 | 11
14178 | 14 | 6.90513e-310 | 1
14179 | 14 | 4.63978e-310 | 10
3545 | 12 | 2.01303 | 15
7090 | 13 | 2.01303 | 15
14180 | 14 | 28.9794 | 6
14181 | 14 | 0.735963 | 9
1773 | 11 | 4.63978e-310 | 3
111 | 7 | 2.11822 | 14
222 | 8 | 4.63978e-310 | 6
223 | 8 | 4.63978e-310 | 8
7 | 3 | 14.0694 | 222
15 | 4 | 14.0694 | 222
30 | 5 | 12.524 | 50
61 | 6 | 12.524 | 50
122 | 7 | 6.68856 | 21
244 | 8 | 6.61454 | 13
489 | 9 | 6.61454 | 13
979 | 10 | 6.61454 | 13
1958 | 11 | 6.61454 | 13
3916 | 12 | 1 | 3
3917 | 12 | 4.63978e-310 | 10
245 | 8 | 4.63978e-310 | 8
123 | 7 | 11.0464 | 29
246 | 8 | 11.0464 | 29
492 | 9 | 12.6699 | 8
493 | 9 | 9.91022 | 21
986 | 10 | 14.6437 | 3
987 | 10 | 6.23268 | 18
1974 | 11 | 5.44978 | 11
3948 | 12 | 1.63042e-322 | 6
3949 | 12 | 1.63042e-322 | 5
1975 | 11 | 1.63042e-322 | 7
31 | 5 | 13.5923 | 172
62 | 6 | 12.5105 | 106
124 | 7 | 4.63978e-310 | 4
125 | 7 | 12.5105 | 102
250 | 8 | 11.5991 | 88
501 | 9 | 11.5991 | 88
1002 | 10 | 4.02002 | 13
2004 | 11 | 1.63042e-322 | 10
2005 | 11 | 3.21143e-322 | 3
1003 | 10 | 11.2739 | 75
2006 | 11 | 10.4279 | 12
4012 | 12 | 1.63042e-322 | 9
4013 | 12 | 3.51337 | 3
2007 | 11 | 10.9943 | 63
4014 | 12 | 10.9943 | 61
8029 | 13 | 10.9943 | 61
16058 | 14 | 10.7221 | 36
32117 | 15 | 10.7221 | 36
64234 | 16 | 6.90513e-310 | 5
64235 | 16 | 10.192 | 31
128470 | 17 | 10.192 | 21
256941 | 18 | 10.192 | 21
513882 | 19 | 0.0561085 | 1
513883 | 19 | 9.9968 | 20
1027766 | 20 | 9.9968 | 20
2055533 | 21 | 9.9968 | 20
4111066 | 22 | 0.0269562 | 3
4111067 | 22 | 9.63436 | 17
8222135 | 23 | 9.63436 | 17
16444270 | 24 | 9.63436 | 15
32888540 | 25 | 1.38188 | 12
65777080 | 26 | 68.3955 | 5
65777081 | 26 | 3.44155 | 7
32888541 | 25 | 0.213851 | 3
16444271 | 24 | 4.63978e-310 | 2
128471 | 17 | 4.63978e-310 | 10
16059 | 14 | 10.7668 | 25
32118 | 15 | 10.7668 | 23
64236 | 16 | 2.23239 | 17
128472 | 17 | 2.15427 | 13
256944 | 18 | 0 | 9
256945 | 18 | 2.42092e-322 | 4
128473 | 17 | 4.63978e-310 | 4
64237 | 16 | 4.63978e-310 | 6
32119 | 15 | 4.63978e-310 | 2
4015 | 12 | 4.63978e-310 | 2
251 | 8 | 10.9286 | 14
502 | 9 | 10.9286 | 14
1004 | 10 | 0.0123052 | 10
1005 | 10 | 2.42092e-322 | 4
63 | 6 | 10.8751 | 66
126 | 7 | 5.46635 | 20
252 | 8 | 1.3262 | 8
253 | 8 | 5.46635 | 12
506 | 9 | 1.58101e-322 | 7
507 | 9 | 1.58101e-322 | 5
127 | 7 | 5.93 | 46
254 | 8 | 5.12528 | 20
508 | 9 | 1.58101e-322 | 6
509 | 9 | 3.23343 | 14
1018 | 10 | 1.58101e-322 | 10
1019 | 10 | 1.58101e-322 | 4
255 | 8 | 5.57281 | 26
510 | 9 | 3.90358 | 16
1020 | 10 | 1.63042e-322 | 10
1021 | 10 | 1.63042e-322 | 6
511 | 9 | 1.63042e-322 | 10
