ID | Depth | diameter | Number of points
0 | 0 | 29.316 | 1600
0 | 1 | 26.4561 | 364
0 | 2 | 26.0724 | 318
0 | 3 | 20.7939 | 122
0 | 4 | 0.0264606 | 3
1 | 4 | 18.5772 | 119
2 | 5 | 17.5418 | 66
4 | 6 | 11.9082 | 40
8 | 7 | 7.54542 | 20
16 | 8 | 6.90486 | 13
32 | 9 | 0.136574 | 3
33 | 9 | 0.264403 | 10
17 | 8 | 2.43061 | 7
9 | 7 | 6.98762 | 20
18 | 8 | 10.3668 | 8
19 | 8 | 4.75854 | 12
38 | 9 | 2.55199 | 11
76 | 10 | 4.18509 | 7
77 | 10 | 6.81415 | 4
39 | 9 | 4.73424 | 1
5 | 6 | 8.21044 | 26
10 | 7 | 5.14452 | 12
20 | 8 | 26.1701 | 7
21 | 8 | 3.96923 | 5
11 | 7 | 3.77079 | 14
22 | 8 | 3.07423 | 9
23 | 8 | 0.939632 | 5
3 | 5 | 17.2362 | 53
6 | 6 | 9.44471 | 20
12 | 7 | 0.433689 | 4
13 | 7 | 4.62648 | 16
26 | 8 | 3.67285 | 5
27 | 8 | 4.42006 | 11
54 | 9 | 0.279196 | 8
55 | 9 | 2.17442 | 3
7 | 6 | 9.6407 | 33
14 | 7 | 8.33444 | 20
28 | 8 | 8.33444 | 20
56 | 9 | 4.63978e-310 | 8
57 | 9 | 2.9587 | 12
114 | 10 | 2.9587 | 11
228 | 11 | 0.798669 | 4
229 | 11 | 0 | 7
115 | 10 | 4.63978e-310 | 1
15 | 7 | 1.8974 | 13
30 | 8 | 4.63978e-310 | 6
31 | 8 | 2.28436 | 7
1 | 3 | 16.4306 | 196
2 | 4 | 13.1815 | 97
4 | 5 | 12.5066 | 57
9 | 6 | 12.5066 | 57
18 | 7 | 12.5066 | 57
36 | 8 | 1.24495 | 4
37 | 8 | 9.82065 | 53
74 | 9 | 1.95326 | 11
149 | 10 | 1.95326 | 11
298 | 11 | 0 | 4
299 | 11 | 2.78205 | 7
75 | 9 | 9.82065 | 42
150 | 10 | 9.82065 | 31
301 | 11 | 9.82065 | 31
602 | 12 | 8.04797 | 20
1204 | 13 | 80.6367 | 7
1205 | 13 | 1.95821 | 13
2410 | 14 | 69.7719 | 8
2411 | 14 | 0.435538 | 5
603 | 12 | 9.79467 | 11
1206 | 13 | 4.63978e-310 | 4
1207 | 13 | 2.4474 | 7
151 | 10 | 2.41302 | 11
302 | 11 | 57.5055 | 6
303 | 11 | 0.430331 | 5
5 | 5 | 8.53145 | 40
11 | 6 | 8.53145 | 40
22 | 7 | 4.63978e-310 | 10
23 | 7 | 7.50522 | 30
46 | 8 | 0.828836 | 8
47 | 8 | 7.50522 | 22
94 | 9 | 1.70491 | 13
188 | 10 | 0.261116 | 10
189 | 10 | 0 | 3
95 | 9 | 4.63978e-310 | 9
3 | 4 | 10.6798 | 99
6 | 5 | 7.1777 | 13
12 | 6 | 3.49426 | 11
24 | 7 | 94.9727 | 6
25 | 7 | 49.2879 | 5
13 | 6 | 4.63978e-310 | 2
7 | 5 | 8.81247 | 86
15 | 6 | 8.81247 | 86
31 | 7 | 8.81247 | 86
62 | 8 | 6.98492 | 44
125 | 9 | 6.98492 | 44
250 | 10 | 6.64645 | 14
500 | 11 | 39.9366 | 5
501 | 11 | 0.0640273 | 9
251 | 10 | 6.49772 | 30
502 | 11 | 0 | 5
503 | 11 | 6.49772 | 25
1006 | 12 | 2.19294 | 24
2012 | 13 | 1.59965 | 14
4024 | 14 | 1.26279 | 11
8048 | 15 | 1.26279 | 11
16096 | 16 | 0.331379 | 6
16097 | 16 | 0.303301 | 5
4025 | 14 | 4.63978e-310 | 3
2013 | 13 | 4.63978e-310 | 10
1007 | 12 | 4.63978e-310 | 1
63 | 8 | 7.34202 | 42
127 | 9 | 7.34202 | 42
255 | 10 | 7.34202 | 42
510 | 11 | 7.34202 | 40
1021 | 12 | 7.34202 | 40
2042 | 13 | 7.34202 | 32
4084 | 14 | 7.34202 | 32
8169 | 15 | 7.34202 | 32
16339 | 16 | 7.34202 | 32
32678 | 17 | 7.34202 | 26
65356 | 18 | 39.2466 | 5
65357 | 18 | 7.13869 | 21
130714 | 19 | 7.13869 | 21
261428 | 20 | 7.13869 | 20
522856 | 21 | 3.49827 | 17
1045712 | 22 | 1.93111 | 4
1045713 | 22 | 3.36368 | 13
2091426 | 23 | 0.28925 | 4
2091427 | 23 | 40.6343 | 9
522857 | 21 | 4.63978e-310 | 3
261429 | 20 | 4.63978e-310 | 1
32679 | 17 | 4.63978e-310 | 6
2043 | 13 | 4.63978e-310 | 8
511 | 11 | 4.63978e-310 | 2
1 | 2 | 24.6612 | 46
2 | 3 | 18.4307 | 40
4 | 4 | 13.8165 | 11
8 | 5 | 13.8165 | 11
16 | 6 | 1.7853 | 6
17 | 6 | 4.00193e-322 | 5
5 | 4 | 18.4307 | 29
10 | 5 | 18.3707 | 20
20 | 6 | 3.21143e-322 | 2
21 | 6 | 4.86821 | 18
42 | 7 | 3.1871 | 7
43 | 7 | 2.95407 | 11
86 | 8 | 2.95407 | 11
172 | 9 | 21.4763 | 2
173 | 9 | 2.69016 | 9
11 | 5 | 4.63978e-310 | 9
3 | 3 | 4.63978e-310 | 6
1 | 1 | 26.4359 | 1236
2 | 2 | 25.2914 | 508
4 | 3 | 21.8217 | 439
8 | 4 | 19.1428 | 52
17 | 5 | 19.1428 | 52
34 | 6 | 19.1428 | 52
68 | 7 | 19.1428 | 52
136 | 8 | 19.1428 | 52
272 | 9 | 19.1428 | 52
544 | 10 | 19.1428 | 52
1088 | 11 | 19.1395 | 50
2176 | 12 | 6.74623 | 15
4352 | 13 | 6.7457 | 13
8704 | 14 | 6.7457 | 11
17409 | 15 | 6.7457 | 11
34818 | 16 | 6.7457 | 11
69637 | 17 | 6.7457 | 11
139274 | 18 | 11.6751 | 8
139275 | 18 | 2.54101 | 3
8705 | 14 | 4.63978e-310 | 2
4353 | 13 | 4.63978e-310 | 2
2177 | 12 | 3.07885 | 35
4354 | 13 | 2.39776 | 19
8708 | 14 | 1.88398 | 15
17417 | 15 | 1.88398 | 15
34834 | 16 | 0.922346 | 9
34835 | 16 | 1.55175 | 6
8709 | 14 | 4.63978e-310 | 4
4355 | 13 | 2.51868 | 16
8710 | 14 | 2.58514 | 7
8711 | 14 | 0.612131 | 9
1089 | 11 | 4.63978e-310 | 2
9 | 4 | 20.6972 | 387
18 | 5 | 20.6972 | 387
36 | 6 | 18.936 | 291
72 | 7 | 16.4123 | 39
144 | 8 | 16.4123 | 22
288 | 9 | 6.79401 | 13
576 | 10 | 0 | 5
577 | 10 | 39.3778 | 8
289 | 9 | 4.63978e-310 | 9
145 | 8 | 8.73319 | 17
290 | 9 | 0.185253 | 10
291 | 9 | 7.16395e-322 | 7
73 | 7 | 16.8049 | 252
146 | 8 | 0 | 5
147 | 8 | 16.8049 | 247
294 | 9 | 12.4708 | 129
588 | 10 | 10.3505 | 107
1176 | 11 | 6.90513e-310 | 4
1177 | 11 | 10.3426 | 103
2354 | 12 | 6.30629 | 54
4708 | 13 | 2.51983 | 13
9416 | 14 | 8.71094 | 8
9417 | 14 | 8.05817 | 5
4709 | 13 | 4.1743 | 41
9418 | 14 | 3.74106 | 18
18836 | 15 | 3.40419 | 14
37672 | 16 | 2.93131 | 12
75344 | 17 | 1.08637 | 4
75345 | 17 | 1.4092 | 8
37673 | 16 | 4.63978e-310 | 2
18837 | 15 | 4.63978e-310 | 4
9419 | 14 | 4.00178 | 23
18838 | 15 | 2.11169 | 12
37676 | 16 | 4.13806 | 9
37677 | 16 | 8.64309 | 3
18839 | 15 | 1.89317 | 11
37678 | 16 | 0.811863 | 9
37679 | 16 | 0.97138 | 2
2355 | 12 | 7.47209 | 49
4710 | 13 | 3.14834 | 11
9420 | 14 | 0.446805 | 3
9421 | 14 | 4.63978e-310 | 8
4711 | 13 | 4.38287 | 38
9422 | 14 | 4.38287 | 28
18844 | 15 | 2.08743 | 13
37688 | 16 | 2.08743 | 11
75376 | 17 | 0.384095 | 4
75377 | 17 | 11.8069 | 7
37689 | 16 | 4.63978e-310 | 2
18845 | 15 | 2.24087 | 15
37690 | 16 | 0.0664195 | 3
37691 | 16 | 1.86068 | 12
75382 | 17 | 1.64637 | 5
75383 | 17 | 1.14274 | 7
9423 | 14 | 4.63978e-310 | 10
589 | 10 | 2.8816 | 22
1178 | 11 | 2.28744 | 17
2356 | 12 | 2.28744 | 11
4713 | 13 | 2.28744 | 11
9426 | 14 | 2.42092e-322 | 8
9427 | 14 | 0 | 3
2357 | 12 | 4.63978e-310 | 6
1179 | 11 | 4.63978e-310 | 5
295 | 9 | 8.95954 | 118
590 | 10 | 5.23378 | 68
1180 | 11 | 4.95563 | 47
2360 | 12 | 2.62285 | 20
4720 | 13 | 2.62285 | 20
9440 | 14 | 3.21143e-322 | 8
9441 | 14 | 2.10124 | 12
18882 | 15 | 1.79932 | 7
18883 | 15 | 0 | 5
2361 | 12 | 2.74397 | 27
4722 | 13 | 1.92104 | 14
9444 | 14 | 1.07766 | 4
9445 | 14 | 0.342853 | 10
4723 | 13 | 1.76744 | 13
9446 | 14 | 1.63042e-322 | 9
9447 | 14 | 0.422291 | 4
1181 | 11 | 4.78954 | 21
2362 | 12 | 1.21377 | 6
2363 | 12 | 2.52181 | 15
4726 | 13 | 18.3057 | 1
4727 | 13 | 2.34076 | 14
9454 | 14 | 1.70136 | 11
18908 | 15 | 0.432273 | 5
18909 | 15 | 5.47915 | 6
9455 | 14 | 0 | 3
591 | 10 | 5.50272 | 50
1182 | 11 | 4.63978e-310 | 4
1183 | 11 | 5.50272 | 46
2366 | 12 | 2.39121 | 23
4732 | 13 | 2.39121 | 23
9464 | 14 | 1.90692 | 13
18928 | 15 | 1.39485 | 6
18929 | 15 | 0.533763 | 7
9465 | 14 | 4.63978e-310 | 10
2367 | 12 | 3.32353 | 23
4734 | 13 | 3.32353 | 23
9468 | 14 | 2.65007 | 13
18936 | 15 | 0.447801 | 8
18937 | 15 | 3.13684 | 5
9469 | 14 | 4.63978e-310 | 10
37 | 6 | 10.4745 | 96
74 | 7 | 4.19912 | 32
148 | 8 | 4.63978e-310 | 8
149 | 8 | 2.00809 | 24
298 | 9 | 1.46277 | 12
596 | 10 | 6.90513e-310 | 10
597 | 10 | 7.69018 | 2
299 | 9 | 1.36459 | 12
598 | 10 | 1.58101e-322 | 7
599 | 10 | 1.58101e-322 | 5
75 | 7 | 8.77267 | 64
150 | 8 | 8.57553 | 45
300 | 9 | 8.11265 | 26
601 | 10 | 8.11265 | 26
1202 | 11 | 8.11265 | 26
2404 | 12 | 3.70867 | 8
2405 | 12 | 8.00209 | 18
4810 | 13 | 2.05409 | 15
9620 | 14 | 7.4952 | 7
9621 | 14 | 0.717974 | 8
4811 | 13 | 7.71996 | 3
301 | 9 | 8.0751 | 19
602 | 10 | 8.0751 | 19
1204 | 11 | 8.0751 | 19
2408 | 12 | 8.0751 | 16
4816 | 13 | 53.9345 | 9
4817 | 13 | 0 | 7
2409 | 12 | 54.9489 | 3
151 | 8 | 8.42028 | 19
302 | 9 | 4.63978e-310 | 6
303 | 9 | 8.08317 | 13
606 | 10 | 65.2073 | 9
607 | 10 | 46.6255 | 4
5 | 3 | 12.2535 | 69
10 | 4 | 5.93663 | 27
20 | 5 | 5.93663 | 15
40 | 6 | 44.1327 | 1
41 | 6 | 5.15779 | 14
82 | 7 | 4.63978e-310 | 8
83 | 7 | 9.61119 | 6
21 | 5 | 4.69898 | 12
42 | 6 | 4.69898 | 12
84 | 7 | 4.63978e-310 | 3
85 | 7 | 4.63978e-310 | 9
11 | 4 | 6.33223 | 42
22 | 5 | 5.81378 | 20
44 | 6 | 3.94568 | 14
88 | 7 | 1.63042e-322 | 10
89 | 7 | 1.63042e-322 | 4
45 | 6 | 1.63042e-322 | 6
23 | 5 | 5.70524 | 22
46 | 6 | 4.16697 | 15
92 | 7 | 1.58101e-322 | 6
93 | 7 | 1.58101e-322 | 9
47 | 6 | 1.63042e-322 | 7
3 | 2 | 25.6676 | 728
6 | 3 | 18.7616 | 378
12 | 4 | 15.5783 | 194
24 | 5 | 15.5783 | 193
48 | 6 | 9.97393 | 105
96 | 7 | 9.97393 | 78
192 | 8 | 9.31146 | 36
385 | 9 | 9.31146 | 36
770 | 10 | 8.80773 | 19
1540 | 11 | 1.63042e-322 | 5
1541 | 11 | 8.80773 | 14
3083 | 12 | 8.80773 | 14
6166 | 13 | 69.4589 | 5
6167 | 13 | 6.37345e-322 | 9
771 | 10 | 7.76141 | 17
1542 | 11 | 4.63978e-310 | 7
1543 | 11 | 4.63978e-310 | 10
193 | 8 | 8.50517 | 42
386 | 9 | 2.63524 | 14
772 | 10 | 3.51214 | 10
773 | 10 | 2.20669 | 4
387 | 9 | 8.33421 | 28
774 | 10 | 7.44293 | 11
1549 | 11 | 7.44293 | 11
3098 | 12 | 45.9179 | 5
3099 | 12 | 42.2665 | 6
775 | 10 | 2.4891 | 17
1550 | 11 | 0 | 10
1551 | 11 | 7.11455e-322 | 7
97 | 7 | 5.20896 | 27
194 | 8 | 4.12754 | 18
388 | 9 | 0.151327 | 3
389 | 9 | 3.99275 | 15
779 | 10 | 3.99275 | 15
1558 | 11 | 0.578268 | 3
1559 | 11 | 2.12159 | 12
3118 | 12 | 0.740173 | 4
3119 | 12 | 4.63978e-310 | 8
195 | 8 | 4.63978e-310 | 9
49 | 6 | 7.907 | 88
99 | 7 | 7.907 | 88
198 | 8 | 6.08662 | 20
396 | 9 | 4.15673 | 11
792 | 10 | 10.4866 | 7
793 | 10 | 22.7113 | 4
397 | 9 | 4.63978e-310 | 9
199 | 8 | 6.53178 | 68
398 | 9 | 5.53732 | 55
796 | 10 | 2.869 | 11
1592 | 11 | 2.1335 | 5
1593 | 11 | 19.1459 | 6
797 | 10 | 4.10424 | 44
1594 | 11 | 3.57264 | 21
3188 | 12 | 2.64483 | 17
6377 | 13 | 2.64483 | 17
12754 | 14 | 3.29187 | 6
12755 | 14 | 2.25888 | 11
25510 | 15 | 5.31714 | 6
25511 | 15 | 1.13124 | 5
3189 | 12 | 4.63978e-310 | 4
1595 | 11 | 3.19095 | 23
3190 | 12 | 2.62441 | 14
6380 | 13 | 2.62441 | 14
12760 | 14 | 2.49514 | 12
25520 | 15 | 0.389768 | 6
25521 | 15 | 2.7817 | 6
12761 | 14 | 4.63978e-310 | 2
3191 | 12 | 4.63978e-310 | 9
399 | 9 | 3.21662 | 13
798 | 10 | 3.21662 | 13
1596 | 11 | 0.320843 | 2
1597 | 11 | 2.09335 | 11
3194 | 12 | 4.94788 | 6
3195 | 12 | 0.1364 | 5
25 | 5 | 4.63978e-310 | 1
13 | 4 | 12.5703 | 184
26 | 5 | 11.6475 | 30
52 | 6 | 5.91849 | 15
104 | 7 | 4.63978e-310 | 7
105 | 7 | 4.65232 | 8
53 | 6 | 6.29714 | 15
106 | 7 | 4.63978e-310 | 8
107 | 7 | 50.8344 | 7
27 | 5 | 12.0791 | 154
54 | 6 | 7.50591 | 96
108 | 7 | 7.50591 | 88
216 | 8 | 6.52894 | 24
432 | 9 | 3.29351 | 12
864 | 10 | 1.63042e-322 | 4
865 | 10 | 1.63042e-322 | 8
433 | 9 | 3.01092 | 12
866 | 10 | 6.90513e-310 | 6
867 | 10 | 1.58101e-322 | 6
217 | 8 | 7.02959 | 64
434 | 9 | 3.73186 | 38
868 | 10 | 2.96916 | 24
1736 | 11 | 2.33291 | 12
3472 | 12 | 0 | 7
3473 | 12 | 7.6069 | 5
1737 | 11 | 2.21511 | 12
3474 | 12 | 0.139889 | 5
3475 | 12 | 0.202553 | 7
869 | 10 | 2.4901 | 14
1738 | 11 | 11.9406 | 2
1739 | 11 | 2.18917 | 12
3478 | 12 | 2.18917 | 11
6956 | 13 | 2.18917 | 11
13912 | 14 | 2.3671 | 7
13913 | 14 | 23.9915 | 4
3479 | 12 | 4.63978e-310 | 1
435 | 9 | 3.45677 | 26
870 | 10 | 4.63978e-310 | 4
871 | 10 | 3.31989 | 22
1742 | 11 | 2.34586 | 15
3484 | 12 | 47.8649 | 9
3485 | 12 | 0.0679664 | 6
1743 | 11 | 4.4228 | 7
109 | 7 | 4.63978e-310 | 8
55 | 6 | 5.65857 | 58
110 | 7 | 5.65857 | 12
220 | 8 | 1.63042e-322 | 2
221 | 8 | 1.63042e-322 | 10
111 | 7 | 4.83617 | 46
222 | 8 | 4.1089 | 24
444 | 9 | 1.63042e-322 | 10
445 | 9 | 2.79873 | 14
891 | 10 | 2.79873 | 14
1782 | 11 | 2.79873 | 12
3564 | 12 | 0.124864 | 5
3565 | 12 | 0.125705 | 7
1783 | 11 | 4.63978e-310 | 2
223 | 8 | 4.0509 | 22
446 | 9 | 1.63042e-322 | 10
447 | 9 | 2.28483 | 12
894 | 10 | 2.28483 | 12
1788 | 11 | 0.733353 | 5
1789 | 11 | 3.01247 | 7
7 | 3 | 17.0825 | 350
14 | 4 | 13.0379 | 240
28 | 5 | 10.6863 | 34
56 | 6 | 7.57251 | 31
112 | 7 | 2.7417 | 14
224 | 8 | 2.62141 | 12
449 | 9 | 2.62141 | 12
898 | 10 | 1.63042e-322 | 8
899 | 10 | 1.63042e-322 | 4
225 | 8 | 4.63978e-310 | 2
113 | 7 | 4.43766 | 17
227 | 8 | 4.43766 | 17
454 | 9 | 6.90513e-310 | 8
455 | 9 | 1.63042e-322 | 9
57 | 6 | 4.63978e-310 | 3
29 | 5 | 12.5388 | 206
58 | 6 | 7.05086 | 97
116 | 7 | 5.56851 | 83
232 | 8 | 4.43908 | 69
464 | 9 | 3.32621 | 23
929 | 10 | 3.32621 | 23
1858 | 11 | 2.55722 | 18
3716 | 12 | 0.695741 | 1
3717 | 12 | 2.55722 | 17
7434 | 13 | 2.55722 | 17
14868 | 14 | 0.679365 | 9
14869 | 14 | 0.53532 | 8
1859 | 11 | 4.63978e-310 | 5
465 | 9 | 3.85183 | 46
930 | 10 | 4.63978e-310 | 10
931 | 10 | 3.44341 | 36
1862 | 11 | 2.22934 | 17
3724 | 12 | 3.95201 | 1
3725 | 12 | 2.22934 | 16
7450 | 13 | 2.22934 | 13
14900 | 14 | 0.296577 | 8
14901 | 14 | 3.21143e-322 | 5
7451 | 13 | 1.80442 | 3
1863 | 11 | 1.37617 | 19
3726 | 12 | 1.16791 | 11
7452 | 13 | 0.837384 | 7
7453 | 13 | 0.0704184 | 4
3727 | 12 | 4.63978e-310 | 8
233 | 8 | 3.76963 | 14
466 | 9 | 4.63978e-310 | 10
467 | 9 | 4.63978e-310 | 4
117 | 7 | 5.43554 | 14
234 | 8 | 4.63978e-310 | 8
235 | 8 | 4.63978e-310 | 6
59 | 6 | 8.56104 | 109
118 | 7 | 8.36155 | 90
236 | 8 | 7.8261 | 82
473 | 9 | 7.8261 | 82
946 | 10 | 9.53547e-322 | 7
947 | 10 | 7.8261 | 75
1894 | 11 | 7.49069 | 52
3788 | 12 | 2.43539 | 8
3789 | 12 | 7.15065 | 44
7578 | 13 | 7.15065 | 39
15157 | 14 | 7.15065 | 39
30314 | 15 | 0.29552 | 2
30315 | 15 | 7.15065 | 37
60630 | 16 | 7.15065 | 36
121260 | 17 | 7.15065 | 36
242520 | 18 | 2.54949 | 32
485040 | 19 | 1.5072 | 14
970080 | 20 | 1.81191 | 6
970081 | 20 | 2.63836 | 8
485041 | 19 | 2.38563 | 18
970082 | 20 | 0.198177 | 10
970083 | 20 | 0.116286 | 8
242521 | 18 | 4.63978e-310 | 4
60631 | 16 | 4.63978e-310 | 1
7579 | 13 | 4.63978e-310 | 5
1895 | 11 | 7.4884 | 23
3791 | 12 | 7.4884 | 23
7582 | 13 | 7.23205 | 18
15164 | 14 | 7.23205 | 18
30329 | 15 | 7.23205 | 18
60658 | 16 | 7.0174 | 15
121316 | 17 | 0.0828494 | 10
121317 | 17 | 2.46974 | 5
60659 | 16 | 0.655176 | 3
7583 | 13 | 4.63978e-310 | 5
237 | 8 | 4.63978e-310 | 8
119 | 7 | 3.63009 | 19
238 | 8 | 2.69866 | 12
476 | 9 | 2.69866 | 12
952 | 10 | 2.69866 | 12
1904 | 11 | 0.164365 | 7
1905 | 11 | 1.93466 | 5
239 | 8 | 4.63978e-310 | 7
15 | 4 | 12.4348 | 110
30 | 5 | 11.4422 | 80
60 | 6 | 7.4909 | 52
120 | 7 | 4.6839 | 25
240 | 8 | 3.6213 | 13
480 | 9 | 6.90513e-310 | 6
481 | 9 | 4.94366 | 7
241 | 8 | 2.8033 | 12
482 | 9 | 2.95814 | 4
483 | 9 | 2.79527 | 8
121 | 7 | 4.92241 | 27
242 | 8 | 3.94607 | 13
484 | 9 | 6.87179 | 6
485 | 9 | 6.90513e-310 | 7
243 | 8 | 2.94316 | 14
486 | 9 | 4.63978e-310 | 6
487 | 9 | 4.63978e-310 | 8
61 | 6 | 6.00638 | 28
122 | 7 | 4.39964 | 15
244 | 8 | 24.5644 | 2
245 | 8 | 2.28584 | 13
490 | 9 | 2.28584 | 11
980 | 10 | 1.63042e-322 | 4
981 | 10 | 1.63042e-322 | 7
491 | 9 | 1.63042e-322 | 2
123 | 7 | 4.87182 | 13
246 | 8 | 1.63042e-322 | 2
247 | 8 | 2.32228 | 11
494 | 9 | 1.63042e-322 | 3
495 | 9 | 1.63042e-322 | 8
31 | 5 | 10.5752 | 30
62 | 6 | 4.63978e-310 | 7
63 | 6 | 7.98162 | 23
126 | 7 | 1.63042e-322 | 9
127 | 7 | 3.78216 | 14
254 | 8 | 3.78216 | 11
508 | 9 | 2.37152e-322 | 4
509 | 9 | 6.90513e-310 | 7
255 | 8 | 1.63042e-322 | 3
