ID | Depth | diameter | Number of points
0 | 0 | 29.316 | 1600
0 | 1 | 27.6185 | 848
0 | 2 | 26.2243 | 130
0 | 3 | 25.2587 | 111
0 | 4 | 22.9264 | 69
0 | 5 | 22.9264 | 69
0 | 6 | 22.9264 | 64
0 | 7 | 17.8697 | 30
0 | 8 | 17.8697 | 30
0 | 9 | 17.8697 | 25
0 | 10 | 1.54849 | 5
1 | 10 | 15.5399 | 20
2 | 11 | 1.04993 | 1
3 | 11 | 15.5399 | 19
6 | 12 | 15.5399 | 19
12 | 13 | 4.63978e-310 | 8
13 | 13 | 15.5399 | 11
26 | 14 | 6.90513e-310 | 1
27 | 14 | 2.56168 | 10
1 | 9 | 4.63978e-310 | 5
1 | 7 | 19.3835 | 34
2 | 8 | 4.63978e-310 | 2
3 | 8 | 19.2104 | 32
6 | 9 | 19.2104 | 32
12 | 10 | 18.8214 | 17
25 | 11 | 18.8214 | 17
50 | 12 | 18.8214 | 17
101 | 13 | 18.8214 | 17
202 | 14 | 344.8 | 2
203 | 14 | 18.8214 | 15
406 | 15 | 0.383761 | 4
407 | 15 | 3.44863 | 11
814 | 16 | 0 | 4
815 | 16 | 0.156175 | 7
13 | 10 | 18.8899 | 15
27 | 11 | 18.8899 | 15
54 | 12 | 4.63978e-310 | 6
55 | 12 | 38.8788 | 9
1 | 6 | 4.63978e-310 | 5
1 | 4 | 18.4287 | 42
2 | 5 | 18.0798 | 11
4 | 6 | 4.63978e-310 | 5
5 | 6 | 4.63978e-310 | 6
3 | 5 | 18.4287 | 31
6 | 6 | 18.4287 | 31
12 | 7 | 18.4287 | 26
24 | 8 | 8.26247 | 3
25 | 8 | 18.4287 | 23
50 | 9 | 4.00193e-322 | 5
51 | 9 | 4.20054 | 18
102 | 10 | 3.21143e-322 | 6
103 | 10 | 1.98726 | 12
206 | 11 | 4.63978e-310 | 9
207 | 11 | 1.80383 | 3
13 | 7 | 4.63978e-310 | 5
1 | 3 | 13.7981 | 19
2 | 4 | 4.63978e-310 | 6
3 | 4 | 5.82478 | 13
6 | 5 | 5.82478 | 13
12 | 6 | 24.5967 | 5
13 | 6 | 0.691127 | 8
1 | 2 | 27.1566 | 718
2 | 3 | 26.6736 | 653
4 | 4 | 22.5733 | 205
8 | 5 | 21.0368 | 32
16 | 6 | 17.3846 | 24
32 | 7 | 14.7619 | 15
64 | 8 | 69.3719 | 6
65 | 8 | 155.598 | 9
33 | 7 | 17.3884 | 9
17 | 6 | 109.908 | 8
9 | 5 | 22.1744 | 173
18 | 6 | 18.8966 | 91
36 | 7 | 17.3884 | 3
37 | 7 | 17.3809 | 88
74 | 8 | 17.3809 | 88
148 | 9 | 15.1972 | 56
296 | 10 | 10.156 | 34
592 | 11 | 8.31389 | 15
1184 | 12 | 173.635 | 5
1185 | 12 | 76.1059 | 10
593 | 11 | 8.77056 | 19
1186 | 12 | 4.11184 | 9
1187 | 12 | 12.211 | 10
297 | 10 | 7.3813 | 22
594 | 11 | 5.53681 | 11
1188 | 12 | 34.5746 | 6
1189 | 12 | 0.0511375 | 5
595 | 11 | 4.59948 | 11
1190 | 12 | 4.51271 | 8
1191 | 12 | 5.70578 | 3
149 | 9 | 6.33908 | 32
298 | 10 | 5.37959 | 17
596 | 11 | 7.59804 | 10
597 | 11 | 2.42458 | 7
299 | 10 | 6.25363 | 15
598 | 11 | 6.65178 | 5
599 | 11 | 0 | 10
19 | 6 | 10.3099 | 82
38 | 7 | 9.73051 | 79
76 | 8 | 3.83544 | 23
152 | 9 | 1.58101e-322 | 3
153 | 9 | 3.55422 | 20
306 | 10 | 2.30907 | 11
612 | 11 | 0 | 6
613 | 11 | 0 | 5
307 | 10 | 1.03585 | 9
77 | 8 | 8.77835 | 56
154 | 9 | 3.86563 | 20
308 | 10 | 3.86563 | 17
616 | 11 | 2.37152e-322 | 6
617 | 11 | 2.70766 | 11
1234 | 12 | 7.24337 | 8
1235 | 12 | 6.37345e-322 | 3
309 | 10 | 4.63978e-310 | 3
155 | 9 | 8.77835 | 36
310 | 10 | 8.36388 | 23
620 | 11 | 8.36388 | 15
1240 | 12 | 0.89301 | 5
1241 | 12 | 8.01714 | 10
621 | 11 | 4.63978e-310 | 8
311 | 10 | 2.65567 | 13
622 | 11 | 1.0123 | 10
623 | 11 | 2.05762 | 3
39 | 7 | 4.63978e-310 | 3
5 | 4 | 20.8837 | 448
10 | 5 | 20.4255 | 359
20 | 6 | 12.1665 | 94
40 | 7 | 8.74311 | 38
80 | 8 | 3.21143e-322 | 4
81 | 8 | 8.74311 | 34
162 | 9 | 6.67544 | 27
324 | 10 | 5.05983 | 13
648 | 11 | 15.1307 | 2
649 | 11 | 4.65708 | 11
1298 | 12 | 11.6543 | 1
1299 | 12 | 9.53547e-322 | 10
325 | 10 | 5.44171 | 14
650 | 11 | 0.448808 | 3
651 | 11 | 4.95204 | 11
1303 | 12 | 4.95204 | 11
2606 | 13 | 14.274 | 8
2607 | 13 | 20.4377 | 3
163 | 9 | 4.63978e-310 | 7
41 | 7 | 9.9385 | 56
82 | 8 | 9.1808 | 37
164 | 9 | 3.54237 | 22
328 | 10 | 5.94333 | 3
329 | 10 | 2.30804 | 19
658 | 11 | 1.75574 | 14
1316 | 12 | 0.237548 | 6
1317 | 12 | 6.90513e-310 | 8
659 | 11 | 2.05519 | 5
165 | 9 | 3.33695 | 15
330 | 10 | 2.95576 | 11
660 | 11 | 50.3839 | 8
661 | 11 | 43.0316 | 3
331 | 10 | 4.63978e-310 | 4
83 | 8 | 9.08036 | 19
166 | 9 | 4.63978e-310 | 6
167 | 9 | 8.15911 | 13
334 | 10 | 8.15911 | 13
668 | 11 | 8.15911 | 13
1336 | 12 | 7.52034 | 12
2672 | 13 | 59.8952 | 4
2673 | 13 | 56.7541 | 8
1337 | 12 | 4.63978e-310 | 1
21 | 6 | 10.1194 | 265
42 | 7 | 6.57806 | 96
84 | 8 | 3.57136 | 54
168 | 9 | 3.57136 | 42
336 | 10 | 3.15266 | 29
672 | 11 | 2.55828 | 12
1345 | 12 | 2.55828 | 12
2690 | 13 | 1.18576e-321 | 5
2691 | 13 | 1.90923 | 7
673 | 11 | 2.94545 | 17
1347 | 12 | 2.94545 | 17
2694 | 13 | 3.91284 | 10
2695 | 13 | 0.0703789 | 7
337 | 10 | 1.93319 | 13
674 | 11 | 4.63978e-310 | 6
675 | 11 | 0 | 7
169 | 9 | 2.31798 | 12
338 | 10 | 7.11455e-322 | 5
339 | 10 | 0.0575501 | 7
85 | 8 | 4.0625 | 42
170 | 9 | 4.0625 | 42
340 | 10 | 3.63988 | 39
680 | 11 | 3.48763 | 30
1361 | 12 | 3.48763 | 30
2722 | 13 | 2.3687 | 12
5444 | 14 | 2.3687 | 11
10888 | 15 | 1.98058 | 8
10889 | 15 | 7.71979 | 3
5445 | 14 | 4.63978e-310 | 1
2723 | 13 | 1.91449 | 18
5446 | 14 | 1.39536 | 12
10892 | 15 | 1.39536 | 12
21784 | 16 | 0.887117 | 6
21785 | 16 | 0.539994 | 6
5447 | 14 | 4.63978e-310 | 6
681 | 11 | 4.63978e-310 | 9
341 | 10 | 4.63978e-310 | 3
43 | 7 | 7.27356 | 169
86 | 8 | 5.59296 | 69
172 | 9 | 2.11197 | 21
344 | 10 | 1.63101 | 16
688 | 11 | 1.63101 | 12
1376 | 12 | 0 | 5
1377 | 12 | 0.196569 | 7
689 | 11 | 4.63978e-310 | 4
345 | 10 | 4.79244e-322 | 5
173 | 9 | 3.55147 | 48
346 | 10 | 1.85253 | 21
692 | 11 | 1.75482 | 11
1384 | 12 | 0 | 10
1385 | 12 | 0.18902 | 1
693 | 11 | 4.63978e-310 | 10
347 | 10 | 1.77516 | 27
694 | 11 | 0.215319 | 10
695 | 11 | 1.41683 | 17
1390 | 12 | 1.1168 | 12
2780 | 13 | 1.24723 | 3
2781 | 13 | 4.63978e-310 | 9
1391 | 12 | 4.63978e-310 | 5
87 | 8 | 6.54512 | 100
174 | 9 | 4.12462 | 15
348 | 10 | 0.357307 | 3
349 | 10 | 3.93081 | 12
698 | 11 | 0.821292 | 4
699 | 11 | 0.583344 | 8
175 | 9 | 5.5261 | 85
350 | 10 | 3.772 | 36
700 | 11 | 2.67395 | 21
1401 | 12 | 2.67395 | 21
2802 | 13 | 0.198177 | 9
2803 | 13 | 2.66573 | 12
5606 | 14 | 3.96401 | 5
5607 | 14 | 0.168485 | 7
701 | 11 | 2.06159 | 15
1402 | 12 | 2.1717 | 10
1403 | 12 | 0.210181 | 5
351 | 10 | 4.42917 | 49
702 | 11 | 4.31064 | 43
1404 | 12 | 0 | 7
1405 | 12 | 3.97003 | 36
2810 | 13 | 3.60327 | 22
5620 | 14 | 3.1177 | 17
11240 | 15 | 0.0973689 | 6
11241 | 15 | 3.06281 | 11
22483 | 16 | 3.06281 | 11
44966 | 17 | 12.9029 | 8
44967 | 17 | 9.48606e-322 | 3
5621 | 14 | 4.63978e-310 | 5
2811 | 13 | 3.76649 | 14
5622 | 14 | 3.76649 | 14
11245 | 15 | 3.76649 | 14
22491 | 16 | 3.76649 | 14
44982 | 17 | 1.50196e-321 | 6
44983 | 17 | 2.07554 | 8
703 | 11 | 4.63978e-310 | 6
11 | 5 | 19.6038 | 89
22 | 6 | 10.5018 | 19
44 | 7 | 6.68667 | 11
89 | 8 | 6.68667 | 11
178 | 9 | 4.63978e-310 | 10
179 | 9 | 3.35605 | 1
45 | 7 | 4.63978e-310 | 8
23 | 6 | 8.81395 | 70
46 | 7 | 6.12562 | 45
92 | 8 | 5.76321 | 26
184 | 9 | 5.76321 | 26
368 | 10 | 3.85533 | 15
736 | 11 | 3.85533 | 15
1472 | 12 | 1.58101e-322 | 4
1473 | 12 | 3.04611 | 11
2946 | 13 | 1.63042e-322 | 6
2947 | 13 | 1.63042e-322 | 5
369 | 10 | 1.78722 | 11
738 | 11 | 3.46273 | 9
739 | 11 | 1.78941 | 2
93 | 8 | 5.41571 | 19
186 | 9 | 5.41571 | 19
372 | 10 | 3.42232 | 13
744 | 11 | 11.5262 | 3
745 | 11 | 1.58101e-322 | 10
373 | 10 | 1.58101e-322 | 6
47 | 7 | 3.44487 | 25
94 | 8 | 3.06876 | 12
188 | 9 | 18.3941 | 5
189 | 9 | 2.25391 | 7
95 | 8 | 3.37528 | 13
190 | 9 | 1.86538 | 8
191 | 9 | 16.6221 | 5
3 | 3 | 15.3854 | 65
6 | 4 | 13.9906 | 46
12 | 5 | 13.9906 | 39
24 | 6 | 13.9906 | 22
48 | 7 | 1.63042e-322 | 10
49 | 7 | 5.3009 | 12
98 | 8 | 4.63978e-310 | 7
99 | 8 | 4.63978e-310 | 5
25 | 6 | 6.1096 | 17
50 | 7 | 0.278546 | 6
51 | 7 | 6.1096 | 11
102 | 8 | 0.194452 | 5
103 | 8 | 5.21648 | 6
13 | 5 | 4.63978e-310 | 7
7 | 4 | 7.15579 | 19
14 | 5 | 4.96305 | 11
28 | 6 | 4.96305 | 11
56 | 7 | 8.90468 | 3
57 | 7 | 4.63978e-310 | 8
15 | 5 | 4.63978e-310 | 8
1 | 1 | 23.7441 | 752
2 | 2 | 23.214 | 558
4 | 3 | 11.4604 | 185
8 | 4 | 10.1819 | 131
16 | 5 | 7.4184 | 80
32 | 6 | 6.01335 | 58
64 | 7 | 5.20365 | 48
128 | 8 | 5.01638 | 41
256 | 9 | 3.44163 | 25
512 | 10 | 3.08445 | 11
1024 | 11 | 1.90194 | 4
1025 | 11 | 4.01837 | 7
513 | 10 | 2.32588 | 14
1026 | 11 | 2.55515 | 7
1027 | 11 | 0 | 7
257 | 9 | 2.61548 | 16
514 | 10 | 50.3322 | 5
515 | 10 | 2.3623 | 11
1030 | 11 | 0.160173 | 7
1031 | 11 | 0.294044 | 4
129 | 8 | 4.63978e-310 | 7
65 | 7 | 4.63978e-310 | 10
33 | 6 | 4.83229 | 22
66 | 7 | 0 | 1
67 | 7 | 4.83229 | 21
134 | 8 | 0 | 7
135 | 8 | 2.40708 | 14
270 | 9 | 0.5112 | 10
271 | 9 | 0.688901 | 4
17 | 5 | 7.39979 | 51
34 | 6 | 2.96927 | 15
68 | 7 | 4.63978e-310 | 7
69 | 7 | 1.58101e-322 | 8
35 | 6 | 4.71666 | 36
70 | 7 | 2.22629 | 13
140 | 8 | 4.63978e-310 | 6
141 | 8 | 0.167518 | 7
71 | 7 | 3.27092 | 23
142 | 8 | 0.0863902 | 2
143 | 8 | 3.27092 | 21
286 | 9 | 2.57553 | 16
572 | 10 | 3.15238 | 7
573 | 10 | 0.0767731 | 9
287 | 9 | 0.0221361 | 5
9 | 4 | 6.1529 | 54
18 | 5 | 2.81715 | 30
36 | 6 | 4.63978e-310 | 9
37 | 6 | 2.5457 | 21
74 | 7 | 2.5457 | 21
148 | 8 | 1.87874 | 15
296 | 9 | 4.63978e-310 | 8
297 | 9 | 4.63978e-310 | 7
149 | 8 | 4.63978e-310 | 6
19 | 5 | 3.809 | 24
38 | 6 | 3.48514 | 14
76 | 7 | 3.48514 | 14
152 | 8 | 13.5707 | 10
153 | 8 | 5.23749 | 4
39 | 6 | 4.63978e-310 | 10
5 | 3 | 16.7721 | 373
10 | 4 | 16.3169 | 161
20 | 5 | 15.7779 | 125
40 | 6 | 8.61754 | 95
81 | 7 | 8.61754 | 95
162 | 8 | 7.29505 | 70
324 | 9 | 6.01718 | 39
648 | 10 | 6.01718 | 39
1296 | 11 | 4.78718 | 17
2592 | 12 | 9.00331 | 5
2593 | 12 | 2.28543 | 12
5187 | 13 | 2.28543 | 12
10374 | 14 | 55.0327 | 9
10375 | 14 | 3.54553 | 3
1297 | 11 | 4.08183 | 22
2594 | 12 | 4.63978e-310 | 10
2595 | 12 | 1.89365 | 12
5191 | 13 | 1.89365 | 12
10382 | 14 | 1.67151 | 7
10383 | 14 | 3.65542 | 5
325 | 9 | 2.74608 | 31
650 | 10 | 2.72128 | 22
1300 | 11 | 1.48743 | 13
2600 | 12 | 0.0578694 | 2
2601 | 12 | 1.48743 | 11
5203 | 13 | 1.48743 | 11
10406 | 14 | 3.21143e-322 | 3
10407 | 14 | 4.63978e-310 | 8
1301 | 11 | 4.63978e-310 | 9
651 | 10 | 4.63978e-310 | 9
163 | 8 | 5.84243 | 25
326 | 9 | 4.13886 | 17
652 | 10 | 0.0840836 | 1
653 | 10 | 4.13886 | 16
1306 | 11 | 4.13886 | 16
2612 | 12 | 2.42092e-322 | 8
2613 | 12 | 0 | 8
327 | 9 | 4.63978e-310 | 8
41 | 6 | 9.9193 | 30
82 | 7 | 9.9193 | 30
164 | 8 | 1.79629 | 1
165 | 8 | 9.71809 | 29
330 | 9 | 1.77761 | 7
331 | 9 | 5.40323 | 22
662 | 10 | 5.40323 | 20
1324 | 11 | 2.47666 | 14
2648 | 12 | 2.10618 | 11
5296 | 13 | 0.758127 | 5
5297 | 13 | 0.816537 | 6
2649 | 12 | 8.69556e-322 | 3
1325 | 11 | 4.63978e-310 | 6
663 | 10 | 4.63978e-310 | 2
21 | 5 | 13.9525 | 36
42 | 6 | 4.21691 | 23
84 | 7 | 4.21691 | 23
168 | 8 | 208.645 | 8
169 | 8 | 4.21691 | 15
338 | 9 | 4.4333 | 7
339 | 9 | 0.182926 | 8
43 | 6 | 9.48971 | 13
86 | 7 | 9.48971 | 13
173 | 8 | 9.48971 | 13
346 | 9 | 9.48971 | 13
692 | 10 | 9.48971 | 11
1384 | 11 | 9.48971 | 11
2768 | 12 | 9.48971 | 11
5537 | 13 | 9.48971 | 11
11075 | 14 | 9.48971 | 11
22150 | 15 | 0 | 5
22151 | 15 | 4.63978e-310 | 6
693 | 10 | 4.63978e-310 | 2
11 | 4 | 14.8629 | 212
22 | 5 | 4.63978e-310 | 6
23 | 5 | 14.8628 | 206
46 | 6 | 7.36093 | 83
93 | 7 | 7.36093 | 83
186 | 8 | 5.33307 | 55
372 | 9 | 3.47906 | 29
745 | 10 | 3.47906 | 29
1490 | 11 | 2.62297 | 23
2980 | 12 | 4.63978e-310 | 8
2981 | 12 | 2.29851 | 15
5963 | 13 | 2.29851 | 15
11926 | 14 | 2.06537 | 10
11927 | 14 | 2.3793 | 5
1491 | 11 | 4.63978e-310 | 6
373 | 9 | 3.31517 | 26
747 | 10 | 3.31517 | 26
1494 | 11 | 1.6208 | 9
1495 | 11 | 2.94414 | 17
2990 | 12 | 2.23854 | 6
2991 | 12 | 2.36001 | 11
5982 | 13 | 1.78206 | 3
5983 | 13 | 4.63978e-310 | 8
187 | 8 | 5.28556 | 28
374 | 9 | 3.0999 | 18
748 | 10 | 3.0999 | 18
1496 | 11 | 1.1107 | 6
1497 | 11 | 2.24263 | 12
2994 | 12 | 6.97695 | 6
2995 | 12 | 0.685253 | 6
375 | 9 | 4.63978e-310 | 10
47 | 6 | 10.7207 | 123
94 | 7 | 6.46743 | 34
188 | 8 | 3.87085 | 22
376 | 9 | 3.70218 | 20
752 | 10 | 2.49695 | 11
1504 | 11 | 1.38778 | 6
1505 | 11 | 1.18208 | 5
753 | 10 | 4.63978e-310 | 9
377 | 9 | 4.63978e-310 | 2
189 | 8 | 3.36906 | 12
378 | 9 | 0.668291 | 4
379 | 9 | 0.252601 | 8
95 | 7 | 8.53341 | 89
190 | 8 | 6.05044 | 38
380 | 9 | 3.88303 | 24
760 | 10 | 3.88303 | 24
1520 | 11 | 50.6319 | 8
1521 | 11 | 3.88303 | 16
3042 | 12 | 0.426204 | 10
3043 | 12 | 0.530794 | 6
381 | 9 | 2.26481 | 14
762 | 10 | 6.49967 | 5
763 | 10 | 1.67704 | 9
191 | 8 | 7.13579 | 51
382 | 9 | 5.49575 | 37
764 | 10 | 5.49575 | 37
1528 | 11 | 4.09341 | 16
3056 | 12 | 3.21143e-322 | 10
3057 | 12 | 1.58101e-322 | 6
1529 | 11 | 4.01486 | 21
3058 | 12 | 2.8479 | 14
6116 | 13 | 2.8479 | 14
12232 | 14 | 2.34772 | 11
24464 | 15 | 6.11441 | 6
24465 | 15 | 7.13958 | 5
12233 | 14 | 8.66218 | 3
3059 | 12 | 4.63978e-310 | 7
383 | 9 | 4.31577 | 14
766 | 10 | 4.63978e-310 | 1
767 | 10 | 4.31577 | 13
1534 | 11 | 30.3496 | 5
1535 | 11 | 0 | 8
3 | 2 | 22.5932 | 194
6 | 3 | 15.7582 | 146
12 | 4 | 14.3321 | 77
24 | 5 | 13.9201 | 37
48 | 6 | 10.9664 | 24
96 | 7 | 10.9664 | 24
193 | 8 | 10.9664 | 24
386 | 9 | 4.92726 | 14
772 | 10 | 4.63978e-310 | 4
773 | 10 | 3.47245 | 10
387 | 9 | 4.63978e-310 | 10
49 | 6 | 3.01032 | 13
98 | 7 | 3.01032 | 13
196 | 8 | 3.01032 | 13
392 | 9 | 1.63042e-322 | 3
393 | 9 | 1.58101e-322 | 10
25 | 5 | 14.2133 | 40
50 | 6 | 9.74232 | 24
100 | 7 | 1.58101e-322 | 10
101 | 7 | 3.54816 | 14
203 | 8 | 3.54816 | 14
406 | 9 | 1.03861 | 10
407 | 9 | 0.48558 | 4
51 | 6 | 4.42224 | 16
102 | 7 | 4.42224 | 15
204 | 8 | 2.37436 | 12
408 | 9 | 24.5871 | 10
409 | 9 | 53.8354 | 2
205 | 8 | 0.0238785 | 3
103 | 7 | 4.63978e-310 | 1
13 | 4 | 10.778 | 69
27 | 5 | 10.778 | 69
54 | 6 | 6.03427 | 38
108 | 7 | 6.03427 | 38
216 | 8 | 5.98596 | 32
432 | 9 | 3.93283 | 19
864 | 10 | 4.63978e-310 | 6
865 | 10 | 3.03685 | 13
1730 | 11 | 18.431 | 8
1731 | 11 | 0.504569 | 5
433 | 9 | 2.25134 | 13
866 | 10 | 5.15892 | 10
867 | 10 | 4.69435 | 3
217 | 8 | 4.63978e-310 | 6
55 | 6 | 4.73823 | 31
111 | 7 | 4.73823 | 31
222 | 8 | 4.66354 | 20
444 | 9 | 2.40331 | 11
888 | 10 | 2.40331 | 11
1776 | 11 | 2.40331 | 11
3552 | 12 | 2.8305 | 5
3553 | 12 | 1.38896 | 6
445 | 9 | 4.63978e-310 | 9
223 | 8 | 4.22796 | 11
446 | 9 | 2.02746 | 3
447 | 9 | 4.63978e-310 | 8
7 | 3 | 10.1453 | 48
14 | 4 | 4.87151 | 21
29 | 5 | 4.87151 | 21
58 | 6 | 3.90621 | 5
59 | 6 | 3.5236 | 16
118 | 7 | 2.68094 | 9
119 | 7 | 6.90513e-310 | 7
15 | 4 | 4.9992 | 27
30 | 5 | 4.9992 | 22
60 | 6 | 0.304608 | 7
61 | 6 | 3.3994 | 15
122 | 7 | 2.97634 | 11
244 | 8 | 2.89413 | 6
245 | 8 | 1.63042e-322 | 5
123 | 7 | 4.63978e-310 | 4
31 | 5 | 4.63978e-310 | 5
