ID | Depth | diameter | Number of points
0 | 0 | 29.316 | 1600
0 | 1 | 28.1196 | 1158
0 | 2 | 28.1196 | 1156
0 | 3 | 28.1196 | 1012
0 | 4 | 22.8957 | 266
0 | 5 | 21.3006 | 97
0 | 6 | 15.4193 | 35
1 | 7 | 15.4193 | 35
3 | 8 | 15.4193 | 35
6 | 9 | 4.71578 | 12
12 | 10 | 4.93522 | 7
13 | 10 | 4.84283 | 5
7 | 9 | 11.2627 | 23
15 | 10 | 11.2627 | 23
31 | 11 | 11.2627 | 23
62 | 12 | 12.978 | 9
63 | 12 | 7.72577 | 14
126 | 13 | 19.6791 | 10
127 | 13 | 39.6564 | 4
1 | 6 | 12.2643 | 62
2 | 7 | 10.142 | 36
4 | 8 | 10.142 | 27
8 | 9 | 7.82929 | 13
16 | 10 | 7.82929 | 13
32 | 11 | 4.14636 | 4
33 | 11 | 3.78918 | 9
9 | 9 | 8.54288 | 14
18 | 10 | 2.90279 | 2
19 | 10 | 2.8566 | 12
38 | 11 | 2.8566 | 12
76 | 12 | 53.6827 | 4
77 | 12 | 90.7168 | 8
5 | 8 | 4.63978e-310 | 9
3 | 7 | 4.2995 | 26
6 | 8 | 4.63978e-310 | 5
7 | 8 | 2.25896 | 21
15 | 9 | 2.25896 | 21
30 | 10 | 4.79244e-322 | 6
31 | 10 | 1.73268 | 15
62 | 11 | 4.79244e-322 | 10
63 | 11 | 15.525 | 5
1 | 5 | 22.2244 | 169
2 | 6 | 19.0677 | 75
4 | 7 | 15.6221 | 58
8 | 8 | 14.9014 | 31
16 | 9 | 11.4538 | 11
32 | 10 | 0.378865 | 9
33 | 10 | 33.7214 | 2
17 | 9 | 7.98921 | 20
34 | 10 | 7.76752 | 6
35 | 10 | 4.35409 | 14
70 | 11 | 3.91298 | 5
71 | 11 | 3.84495 | 9
9 | 8 | 14.7232 | 27
18 | 9 | 14.7232 | 18
36 | 10 | 65.6221 | 8
37 | 10 | 216.773 | 10
19 | 9 | 4.63978e-310 | 9
5 | 7 | 5.91857 | 17
10 | 8 | 1.63042e-322 | 7
11 | 8 | 16.2686 | 10
3 | 6 | 10.2515 | 94
6 | 7 | 7.81818 | 11
12 | 8 | 4.79244e-322 | 7
13 | 8 | 6.90513e-310 | 4
7 | 7 | 7.53684 | 83
14 | 8 | 5.79551 | 49
28 | 9 | 4.25992 | 15
57 | 10 | 4.25992 | 15
114 | 11 | 3.53451 | 12
228 | 12 | 4.63978e-310 | 2
229 | 12 | 4.63978e-310 | 10
115 | 11 | 4.63978e-310 | 3
29 | 9 | 4.7179 | 34
58 | 10 | 4.11421 | 11
116 | 11 | 3.47604 | 5
117 | 11 | 6.90513e-310 | 6
59 | 10 | 4.28249 | 23
118 | 11 | 3.78484 | 18
236 | 12 | 3.78484 | 18
472 | 13 | 3.78484 | 18
944 | 14 | 3.45494 | 13
1889 | 15 | 3.45494 | 13
3778 | 16 | 1.13325 | 5
3779 | 16 | 7.47608 | 8
945 | 14 | 4.63978e-310 | 5
119 | 11 | 4.63978e-310 | 5
15 | 8 | 4.45634 | 34
30 | 9 | 3.84522 | 29
60 | 10 | 2.46438 | 15
120 | 11 | 17.2965 | 5
121 | 11 | 7.49204 | 10
61 | 10 | 1.96386 | 14
122 | 11 | 1.14456 | 11
244 | 12 | 12.3594 | 8
245 | 12 | 6.32405 | 3
123 | 11 | 4.63978e-310 | 3
31 | 9 | 4.63978e-310 | 5
1 | 4 | 21.3573 | 746
2 | 5 | 19.5453 | 164
4 | 6 | 14.5532 | 64
8 | 7 | 10.5106 | 34
16 | 8 | 10.5106 | 34
32 | 9 | 3.54514 | 13
64 | 10 | 7.02792 | 6
65 | 10 | 3.9043 | 7
33 | 9 | 10.5106 | 21
66 | 10 | 42.3352 | 3
67 | 10 | 8.32873 | 18
134 | 11 | 8.32873 | 18
269 | 12 | 8.32873 | 18
538 | 13 | 5.09506 | 10
539 | 13 | 4.08821 | 8
9 | 7 | 11.6755 | 30
18 | 8 | 4.63978e-310 | 1
19 | 8 | 11.6755 | 29
38 | 9 | 3.82971 | 14
76 | 10 | 2.50215 | 4
77 | 10 | 88.5414 | 10
39 | 9 | 3.72113 | 15
78 | 10 | 3.72113 | 15
156 | 11 | 116.064 | 7
157 | 11 | 101.136 | 8
5 | 6 | 10.4301 | 100
10 | 7 | 4.72107 | 36
20 | 8 | 3.95915 | 16
40 | 9 | 3.95915 | 16
80 | 10 | 3.25288 | 9
81 | 10 | 7.11455e-322 | 7
21 | 8 | 4.72107 | 20
42 | 9 | 4.72107 | 20
84 | 10 | 1.79133 | 11
168 | 11 | 1.33151 | 5
169 | 11 | 6.44457 | 6
85 | 10 | 4.63978e-310 | 9
11 | 7 | 6.52714 | 64
22 | 8 | 6.52714 | 64
44 | 9 | 3.33153 | 26
88 | 10 | 2.68727 | 22
176 | 11 | 2.68727 | 22
352 | 12 | 0.367109 | 6
353 | 12 | 2.08599 | 16
706 | 13 | 2.58347 | 5
707 | 13 | 1.2976 | 11
1414 | 14 | 2.42092e-322 | 4
1415 | 14 | 0.010838 | 7
89 | 10 | 4.63978e-310 | 4
45 | 9 | 3.4493 | 38
90 | 10 | 3.26757 | 30
180 | 11 | 3.26757 | 30
360 | 12 | 2.16267 | 15
720 | 13 | 0.773249 | 1
721 | 13 | 2.16267 | 14
1442 | 14 | 7.36912 | 7
1443 | 14 | 1.11965 | 7
361 | 12 | 2.86729 | 15
722 | 13 | 0.617665 | 3
723 | 13 | 2.86729 | 12
1446 | 14 | 2.12197 | 9
1447 | 14 | 3.24287 | 3
91 | 10 | 4.63978e-310 | 8
3 | 5 | 20.5369 | 582
6 | 6 | 19.5248 | 423
12 | 7 | 19.5248 | 134
24 | 8 | 18.2277 | 50
48 | 9 | 18.2277 | 50
96 | 10 | 18.2277 | 50
193 | 11 | 18.2277 | 50
386 | 12 | 9.02811 | 25
772 | 13 | 8.50169 | 19
1544 | 14 | 8.50169 | 19
3089 | 15 | 8.50169 | 19
6178 | 16 | 13.472 | 8
6179 | 16 | 7.23097 | 11
12358 | 17 | 18.3235 | 1
12359 | 17 | 8.58916 | 10
773 | 13 | 4.63978e-310 | 6
387 | 12 | 2.0487 | 25
774 | 13 | 1.72939 | 19
1548 | 14 | 1.04399 | 12
3096 | 15 | 2.91774 | 5
3097 | 15 | 3.99071 | 7
1549 | 14 | 4.63978e-310 | 7
775 | 13 | 4.63978e-310 | 6
25 | 8 | 18.6318 | 84
50 | 9 | 8.98598 | 38
100 | 10 | 4.63978e-310 | 9
101 | 10 | 8.21769 | 29
202 | 11 | 8.21769 | 28
404 | 12 | 4.49211 | 21
808 | 13 | 4.49211 | 16
1616 | 14 | 4.30606 | 13
3232 | 15 | 4.30606 | 13
6464 | 16 | 0 | 4
6465 | 16 | 1.03038 | 9
1617 | 14 | 4.63978e-310 | 3
809 | 13 | 4.63978e-310 | 5
405 | 12 | 4.63978e-310 | 7
203 | 11 | 4.63978e-310 | 1
51 | 9 | 5.39052 | 46
103 | 10 | 5.39052 | 46
206 | 11 | 3.19319 | 34
413 | 12 | 3.19319 | 34
826 | 13 | 2.75822 | 19
1652 | 14 | 2.35266 | 14
3304 | 15 | 2.42092e-322 | 10
3305 | 15 | 0.403001 | 4
1653 | 14 | 4.63978e-310 | 5
827 | 13 | 3.00647 | 15
1654 | 14 | 2.48666 | 13
3308 | 15 | 2.48666 | 11
6616 | 16 | 1.37963 | 2
6617 | 16 | 1.42291e-321 | 9
3309 | 15 | 4.63978e-310 | 2
1655 | 14 | 0 | 2
207 | 11 | 2.43043 | 12
414 | 12 | 4.63978e-310 | 3
415 | 12 | 4.63978e-310 | 9
13 | 7 | 17.9063 | 289
26 | 8 | 17.6177 | 282
52 | 9 | 11.3664 | 118
105 | 10 | 11.3664 | 118
210 | 11 | 9.8125 | 39
420 | 12 | 2.8971 | 14
840 | 13 | 4.93734 | 5
841 | 13 | 6.95838 | 9
421 | 12 | 8.36249 | 25
842 | 13 | 75.123 | 1
843 | 13 | 8.36249 | 24
1686 | 14 | 8.36249 | 20
3372 | 15 | 57.3405 | 4
3373 | 15 | 7.96918 | 16
6746 | 16 | 4.6869 | 8
6747 | 16 | 0.983997 | 8
1687 | 14 | 4.63978e-310 | 4
211 | 11 | 10.1186 | 79
422 | 12 | 5.61174 | 49
844 | 13 | 2.78291 | 13
1688 | 14 | 4.63978e-310 | 8
1689 | 14 | 4.63978e-310 | 5
845 | 13 | 5.23978 | 36
1690 | 14 | 2.88181 | 13
3380 | 15 | 2.21637 | 5
3381 | 15 | 8.9417 | 8
1691 | 14 | 3.09028 | 23
3382 | 15 | 2.49211 | 12
6764 | 16 | 3.45196 | 9
6765 | 16 | 3.35279 | 3
3383 | 15 | 1.76411 | 11
6766 | 16 | 1.17432 | 3
6767 | 16 | 4.63978e-310 | 8
423 | 12 | 8.46011 | 30
846 | 13 | 4.63978e-310 | 6
847 | 13 | 8.46011 | 24
1694 | 14 | 8.46011 | 22
3388 | 15 | 6.90513e-310 | 10
3389 | 15 | 2.78975 | 12
6778 | 16 | 42.7697 | 4
6779 | 16 | 54.0993 | 8
1695 | 14 | 4.63978e-310 | 2
53 | 9 | 8.85726 | 164
106 | 10 | 8.85726 | 164
212 | 11 | 7.86618 | 92
424 | 12 | 6.53844 | 69
848 | 13 | 6.53844 | 69
1696 | 14 | 6.90513e-310 | 8
1697 | 14 | 6.46598 | 61
3394 | 15 | 5.39985 | 42
6789 | 16 | 5.39985 | 42
13578 | 17 | 3.48454 | 22
27156 | 18 | 1.989 | 13
54313 | 19 | 1.989 | 13
108626 | 20 | 0.937735 | 10
108627 | 20 | 0.849791 | 3
27157 | 18 | 4.63978e-310 | 9
13579 | 17 | 4.12895 | 20
27158 | 18 | 4.63978e-310 | 6
27159 | 18 | 2.82687 | 14
54319 | 19 | 2.82687 | 14
108638 | 20 | 2.46005 | 4
108639 | 20 | 0.58235 | 10
3395 | 15 | 3.90301 | 19
6791 | 16 | 3.90301 | 19
13582 | 17 | 4.63978e-310 | 5
13583 | 17 | 3.70407 | 14
27166 | 18 | 3.70407 | 14
54332 | 19 | 11.8595 | 4
54333 | 19 | 0.0246871 | 10
425 | 12 | 4.33471 | 23
850 | 13 | 4.29826 | 18
1700 | 14 | 4.63978e-310 | 9
1701 | 14 | 4.63978e-310 | 9
851 | 13 | 4.63978e-310 | 5
213 | 11 | 6.96458 | 72
426 | 12 | 4.02447 | 33
852 | 13 | 1.58101e-322 | 2
853 | 13 | 3.59946 | 31
1706 | 14 | 3.41197 | 18
3412 | 15 | 2.31085 | 11
6824 | 16 | 2.31085 | 11
13648 | 17 | 0.199544 | 5
13649 | 17 | 0.479611 | 6
3413 | 15 | 4.63978e-310 | 7
1707 | 14 | 3.12071 | 13
3414 | 15 | 2.96096 | 12
6829 | 16 | 2.96096 | 12
13659 | 17 | 2.96096 | 12
27318 | 18 | 0.266331 | 6
27319 | 18 | 0.243279 | 6
3415 | 15 | 4.63978e-310 | 1
427 | 12 | 3.18344 | 39
854 | 13 | 2.27126 | 23
1708 | 14 | 1.4176 | 18
3416 | 15 | 1.28545 | 14
6832 | 16 | 1.24189 | 11
13664 | 17 | 0.53532 | 6
13665 | 17 | 0.201458 | 5
6833 | 16 | 1.54228 | 3
3417 | 15 | 4.63978e-310 | 4
1709 | 14 | 4.63978e-310 | 5
855 | 13 | 2.17441 | 16
1710 | 14 | 0.0238785 | 5
1711 | 14 | 1.37973 | 11
3422 | 15 | 0.994953 | 5
3423 | 15 | 1.47368 | 6
27 | 8 | 4.63978e-310 | 7
7 | 6 | 8.03595 | 159
14 | 7 | 7.86287 | 118
28 | 8 | 5.8614 | 77
56 | 9 | 4.60166 | 27
112 | 10 | 4.60166 | 27
224 | 11 | 3.58955 | 16
448 | 12 | 3.58955 | 13
897 | 13 | 3.58955 | 13
1794 | 14 | 1.53182 | 11
3588 | 15 | 1.58101e-322 | 9
3589 | 15 | 7.16395e-322 | 2
1795 | 14 | 4.63978e-310 | 2
449 | 12 | 4.63978e-310 | 3
225 | 11 | 1.17816 | 11
451 | 12 | 1.17816 | 11
902 | 13 | 5.58795 | 6
903 | 13 | 0.358867 | 5
57 | 9 | 5.09049 | 50
114 | 10 | 4.50909 | 16
228 | 11 | 6.90513e-310 | 1
229 | 11 | 4.3953 | 15
459 | 12 | 4.3953 | 15
918 | 13 | 1.63042e-322 | 9
919 | 13 | 0.162743 | 6
115 | 10 | 4.72522 | 34
230 | 11 | 1.36269 | 15
460 | 12 | 1.36269 | 15
920 | 13 | 6.08928 | 5
921 | 13 | 0.923009 | 10
231 | 11 | 3.34729 | 19
463 | 12 | 3.34729 | 19
926 | 13 | 2.62287 | 2
927 | 13 | 3.30048 | 17
1854 | 14 | 4.74118 | 7
1855 | 14 | 3.55046 | 10
29 | 8 | 3.9078 | 41
58 | 9 | 3.9078 | 41
116 | 10 | 2.61483 | 20
232 | 11 | 1.39356 | 11
465 | 12 | 1.39356 | 11
930 | 13 | 0.354608 | 5
931 | 13 | 0.0906984 | 6
233 | 11 | 4.63978e-310 | 9
117 | 10 | 2.71271 | 21
234 | 11 | 1.98128 | 13
468 | 12 | 1.98128 | 13
936 | 13 | 11.1039 | 9
937 | 13 | 3.06386 | 4
235 | 11 | 4.63978e-310 | 8
15 | 7 | 6.85853 | 41
30 | 8 | 5.1064 | 30
60 | 9 | 4.63978e-310 | 1
61 | 9 | 5.1064 | 29
122 | 10 | 5.1064 | 29
244 | 11 | 3.4141 | 15
488 | 12 | 3.4141 | 15
976 | 13 | 3.4141 | 14
1952 | 14 | 10.3923 | 7
1953 | 14 | 0.683283 | 7
977 | 13 | 4.63978e-310 | 1
245 | 11 | 1.56057 | 14
490 | 12 | 4.63978e-310 | 6
491 | 12 | 10.4452 | 8
31 | 8 | 1.56661 | 11
62 | 9 | 4.63978e-310 | 9
63 | 9 | 4.63978e-310 | 2
1 | 3 | 19.076 | 144
2 | 4 | 19.076 | 144
4 | 5 | 15.0024 | 23
9 | 6 | 15.0024 | 23
18 | 7 | 10.8672 | 15
36 | 8 | 241.207 | 1
37 | 8 | 10.8672 | 14
75 | 9 | 10.8672 | 14
150 | 10 | 7.61024 | 11
300 | 11 | 7.61024 | 11
600 | 12 | 1.98849 | 3
601 | 12 | 4.63978e-310 | 8
151 | 10 | 4.63978e-310 | 3
19 | 7 | 4.63978e-310 | 8
5 | 5 | 19.076 | 121
10 | 6 | 19.076 | 98
20 | 7 | 13.9906 | 26
40 | 8 | 12.5345 | 15
80 | 9 | 12.5345 | 15
160 | 10 | 1.58101e-322 | 8
161 | 10 | 1.63042e-322 | 7
41 | 8 | 12.9831 | 11
82 | 9 | 1.58101e-322 | 3
83 | 9 | 1.58101e-322 | 8
21 | 7 | 9.29639 | 72
42 | 8 | 5.31593 | 27
84 | 9 | 1.63042e-322 | 8
85 | 9 | 3.79507 | 19
170 | 10 | 2.55476 | 11
340 | 11 | 1.63042e-322 | 7
341 | 11 | 1.58101e-322 | 4
171 | 10 | 1.63042e-322 | 8
43 | 8 | 5.93459 | 45
86 | 9 | 5.78425 | 43
172 | 10 | 4.04624 | 20
344 | 11 | 2.56154 | 12
688 | 12 | 1.58101e-322 | 10
689 | 12 | 1.63042e-322 | 2
345 | 11 | 1.58101e-322 | 8
173 | 10 | 3.77989 | 23
346 | 11 | 3.14474 | 20
692 | 12 | 1.63042e-322 | 9
693 | 12 | 2.20924 | 11
1386 | 13 | 2.39649 | 4
1387 | 13 | 2.21105 | 7
347 | 11 | 134.865 | 3
87 | 9 | 4.63978e-310 | 2
11 | 6 | 8.3745 | 23
22 | 7 | 8.00329 | 16
44 | 8 | 0 | 4
45 | 8 | 3.97121 | 12
90 | 9 | 120.83 | 10
91 | 9 | 4.63978e-310 | 2
23 | 7 | 4.63978e-310 | 7
1 | 2 | 4.63978e-310 | 2
1 | 1 | 19.5688 | 442
2 | 2 | 18.0065 | 168
4 | 3 | 10.398 | 105
8 | 4 | 5.32167 | 54
16 | 5 | 4.82959 | 20
32 | 6 | 3.35339 | 14
64 | 7 | 0.00114238 | 4
65 | 7 | 5.38056 | 10
33 | 6 | 3.3563 | 6
17 | 5 | 5.32167 | 34
34 | 6 | 3.45139 | 20
68 | 7 | 2.01107 | 14
136 | 8 | 0 | 4
137 | 8 | 4.59969 | 10
69 | 7 | 12.7016 | 6
35 | 6 | 1.69893 | 14
70 | 7 | 1.63042e-322 | 9
71 | 7 | 1.58101e-322 | 5
9 | 4 | 5.21417 | 51
18 | 5 | 4.63978e-310 | 10
19 | 5 | 5.21417 | 41
38 | 6 | 3.60142 | 27
76 | 7 | 3.60142 | 27
152 | 8 | 3.60142 | 27
304 | 9 | 2.582 | 14
608 | 10 | 0.766971 | 6
609 | 10 | 0.382752 | 8
305 | 9 | 1.58461 | 13
611 | 10 | 1.58461 | 13
1222 | 11 | 0.976542 | 8
1223 | 11 | 0.766971 | 5
39 | 6 | 1.66937 | 14
78 | 7 | 1.66937 | 14
156 | 8 | 2.75614 | 9
157 | 8 | 0.894638 | 5
5 | 3 | 8.96747 | 63
10 | 4 | 6.16943 | 39
20 | 5 | 5.66606 | 26
40 | 6 | 4.63978e-310 | 8
41 | 6 | 4.27189 | 18
82 | 7 | 4.63978e-310 | 8
83 | 7 | 4.63978e-310 | 10
21 | 5 | 5.74514 | 13
42 | 6 | 4.63978e-310 | 5
43 | 6 | 2.96381 | 8
11 | 4 | 3.38092 | 24
22 | 5 | 4.63978e-310 | 8
23 | 5 | 2.6627 | 16
46 | 6 | 4.63978e-310 | 10
47 | 6 | 4.63978e-310 | 6
3 | 2 | 18.5003 | 274
6 | 3 | 11.1251 | 163
12 | 4 | 5.73938 | 11
24 | 5 | 0.321131 | 8
25 | 5 | 1.05461 | 3
13 | 4 | 10.1545 | 152
26 | 5 | 8.93667 | 42
52 | 6 | 3.47607 | 13
104 | 7 | 0.144194 | 7
105 | 7 | 0.867331 | 6
53 | 6 | 6.47498 | 29
106 | 7 | 6.47498 | 29
212 | 8 | 6.00874 | 17
424 | 9 | 0.601858 | 6
425 | 9 | 3.86197 | 11
851 | 10 | 3.86197 | 11
1702 | 11 | 0.088263 | 1
1703 | 11 | 0.22299 | 10
213 | 8 | 6.24479 | 12
426 | 9 | 0 | 5
427 | 9 | 0.016866 | 7
27 | 5 | 9.44069 | 110
54 | 6 | 3.73129 | 41
108 | 7 | 3.69371 | 38
216 | 8 | 2.68269 | 18
432 | 9 | 1.9731 | 12
864 | 10 | 1.71386 | 10
865 | 10 | 2.12518 | 2
433 | 9 | 4.63978e-310 | 6
217 | 8 | 2.79221 | 20
434 | 9 | 1.87825 | 10
435 | 9 | 0.793148 | 10
109 | 7 | 1.42968 | 3
55 | 6 | 6.28302 | 69
110 | 7 | 4.08045 | 29
220 | 8 | 5.69295 | 7
221 | 8 | 3.45677 | 22
442 | 9 | 2.33153 | 14
884 | 10 | 4.63978e-310 | 5
885 | 10 | 4.63978e-310 | 9
443 | 9 | 0.403578 | 8
111 | 7 | 3.53045 | 40
222 | 8 | 3.2159 | 28
444 | 9 | 1.88836 | 16
888 | 10 | 1.88836 | 16
1776 | 11 | 0.06913 | 6
1777 | 11 | 0 | 10
445 | 9 | 1.6788 | 12
890 | 10 | 1.6788 | 12
1780 | 11 | 3.21143e-322 | 6
1781 | 11 | 3.21143e-322 | 6
223 | 8 | 3.36849 | 12
446 | 9 | 4.63978e-310 | 9
447 | 9 | 0.235785 | 3
7 | 3 | 10.0646 | 111
14 | 4 | 5.88771 | 22
28 | 5 | 4.63978e-310 | 7
29 | 5 | 3.41938 | 15
58 | 6 | 4.63978e-310 | 8
59 | 6 | 1.26784 | 7
15 | 4 | 8.71242 | 89
30 | 5 | 6.04435 | 20
60 | 6 | 5.07791 | 15
120 | 7 | 5.07791 | 15
240 | 8 | 1.09154 | 4
241 | 8 | 5.07791 | 11
482 | 9 | 0.321907 | 5
483 | 9 | 1.89533 | 6
61 | 6 | 4.63978e-310 | 5
31 | 5 | 7.47286 | 69
62 | 6 | 4.09884 | 38
125 | 7 | 4.09884 | 38
250 | 8 | 4.09884 | 32
500 | 9 | 2.4496 | 19
1001 | 10 | 2.4496 | 19
2002 | 11 | 1.01381 | 5
2003 | 11 | 2.18337 | 14
4006 | 12 | 11.0842 | 9
4007 | 12 | 1.01381 | 5
501 | 9 | 2.45089 | 13
1002 | 10 | 4.63978e-310 | 2
1003 | 10 | 2.45089 | 11
2006 | 11 | 1.70134 | 6
2007 | 11 | 3.53367 | 5
251 | 8 | 4.63978e-310 | 6
63 | 6 | 4.50863 | 31
126 | 7 | 3.62077 | 17
252 | 8 | 2.42092e-322 | 2
253 | 8 | 3.12386 | 15
506 | 9 | 3.12386 | 15
1013 | 10 | 3.12386 | 15
2026 | 11 | 0.693947 | 4
2027 | 11 | 2.8509 | 11
4054 | 12 | 0.588358 | 9
4055 | 12 | 2.02746 | 2
127 | 7 | 3.54658 | 14
254 | 8 | 4.63978e-310 | 6
255 | 8 | 4.63978e-310 | 8
