ID | Depth | diameter | Number of points
0 | 0 | 29.316 | 1600
0 | 1 | 27.6185 | 891
0 | 2 | 26.492 | 520
0 | 3 | 25.7662 | 334
0 | 4 | 25.7662 | 334
0 | 5 | 1.00401 | 1
1 | 5 | 25.7662 | 333
2 | 6 | 25.7662 | 276
4 | 7 | 25.7662 | 276
8 | 8 | 25.7662 | 276
16 | 9 | 24.925 | 214
32 | 10 | 19.9505 | 81
65 | 11 | 19.9505 | 81
130 | 12 | 9.77589 | 30
260 | 13 | 7.8476 | 20
520 | 14 | 7.8476 | 18
1040 | 15 | 15.7727 | 9
1041 | 15 | 4.84283 | 9
521 | 14 | 4.63978e-310 | 2
261 | 13 | 4.63978e-310 | 10
131 | 12 | 10.2903 | 51
262 | 13 | 10.2903 | 51
524 | 14 | 9.72102 | 29
1048 | 15 | 8.22593 | 19
2096 | 16 | 8.22593 | 19
4192 | 17 | 29.9363 | 3
4193 | 17 | 8.18171 | 16
8386 | 18 | 1.53478 | 8
8387 | 18 | 36.7273 | 8
1049 | 15 | 4.63978e-310 | 10
525 | 14 | 9.57515 | 22
1050 | 15 | 9.57515 | 13
2100 | 16 | 9.57515 | 13
4200 | 17 | 9.3581 | 8
4201 | 17 | 10.2843 | 5
1051 | 15 | 4.63978e-310 | 9
33 | 10 | 17.8985 | 133
66 | 11 | 17.4644 | 96
132 | 12 | 7.02361 | 41
264 | 13 | 3.18909 | 16
528 | 14 | 1.56662 | 6
529 | 14 | 0.483201 | 10
265 | 13 | 4.01636 | 25
530 | 14 | 3.93267 | 16
1060 | 15 | 4.29289 | 4
1061 | 15 | 2.45565 | 12
2122 | 16 | 0.102799 | 5
2123 | 16 | 0 | 7
531 | 14 | 4.63978e-310 | 9
133 | 12 | 11.4741 | 55
266 | 13 | 4.73578 | 11
532 | 14 | 4.73578 | 11
1064 | 15 | 84.7326 | 8
1065 | 15 | 5.90942 | 3
267 | 13 | 9.73958 | 44
534 | 14 | 6.90513e-310 | 2
535 | 14 | 9.73958 | 42
1070 | 15 | 1.71628 | 9
1071 | 15 | 2.73707 | 33
2142 | 16 | 1.93578 | 12
4284 | 17 | 1.17177 | 9
4285 | 17 | 1.15955 | 3
2143 | 16 | 2.22083 | 21
4286 | 17 | 0.766893 | 9
4287 | 17 | 1.37507 | 12
8574 | 18 | 0.324826 | 5
8575 | 18 | 6.24694 | 7
67 | 11 | 17.5497 | 37
134 | 12 | 7.12363 | 12
268 | 13 | 4.63978e-310 | 5
269 | 13 | 4.63978e-310 | 7
135 | 12 | 11.3202 | 25
270 | 13 | 127.394 | 3
271 | 13 | 9.63579 | 22
542 | 14 | 9.63473 | 18
1084 | 15 | 62.2606 | 8
1085 | 15 | 52.394 | 10
543 | 14 | 4.63978e-310 | 4
17 | 9 | 18.9487 | 62
34 | 10 | 18.9487 | 62
68 | 11 | 18.6584 | 56
136 | 12 | 18.6584 | 56
272 | 13 | 9.27818 | 18
544 | 14 | 8.74463 | 16
1088 | 15 | 8.74463 | 16
2176 | 16 | 8.74463 | 16
4352 | 17 | 0.402322 | 3
4353 | 17 | 1.94642 | 13
8706 | 18 | 6.90513e-310 | 9
8707 | 18 | 6.90513e-310 | 4
545 | 14 | 4.63978e-310 | 2
273 | 13 | 4.51017 | 38
546 | 14 | 2.19837 | 22
1092 | 15 | 2.19837 | 22
2184 | 16 | 0.885108 | 4
2185 | 16 | 2.05409 | 18
4370 | 17 | 1.72111 | 13
8740 | 18 | 0.413068 | 2
8741 | 18 | 1.72111 | 11
17482 | 19 | 0.0282166 | 8
17483 | 19 | 0.361778 | 3
4371 | 17 | 4.63978e-310 | 5
547 | 14 | 2.45605 | 16
1095 | 15 | 2.45605 | 16
2190 | 16 | 1.63042e-322 | 6
2191 | 16 | 0.555553 | 10
69 | 11 | 4.63978e-310 | 6
3 | 6 | 9.74635 | 57
6 | 7 | 3.17132 | 17
12 | 8 | 4.63978e-310 | 4
13 | 8 | 2.24025 | 13
26 | 9 | 4.63978e-310 | 10
27 | 9 | 56.2444 | 3
7 | 7 | 6.91837 | 40
14 | 8 | 4.63978e-310 | 7
15 | 8 | 4.56169 | 33
30 | 9 | 4.63978e-310 | 2
31 | 9 | 4.51064 | 31
63 | 10 | 4.51064 | 31
126 | 11 | 1.81386 | 22
252 | 12 | 1.53169 | 11
505 | 13 | 1.53169 | 11
1010 | 14 | 4.63978e-310 | 3
1011 | 14 | 1.30291 | 8
253 | 12 | 1.36459 | 11
506 | 13 | 3.21143e-322 | 6
507 | 13 | 7.71792 | 5
127 | 11 | 4.63978e-310 | 9
1 | 3 | 18.9559 | 186
2 | 4 | 11.4248 | 47
4 | 5 | 11.4248 | 40
8 | 6 | 10.4177 | 26
16 | 7 | 10.4177 | 26
32 | 8 | 10.4177 | 24
65 | 9 | 10.4177 | 24
130 | 10 | 11.2701 | 2
131 | 10 | 4.2872 | 22
262 | 11 | 3.30083 | 11
525 | 12 | 3.30083 | 11
1050 | 13 | 3.30083 | 11
2100 | 14 | 3.30083 | 11
4200 | 15 | 3.30083 | 11
8400 | 16 | 2.23722 | 5
8401 | 16 | 0.10102 | 6
263 | 11 | 1.55839 | 11
526 | 12 | 4.63978e-310 | 7
527 | 12 | 4.63978e-310 | 4
33 | 8 | 4.63978e-310 | 2
9 | 6 | 6.67737 | 14
18 | 7 | 4.63978e-310 | 5
19 | 7 | 4.63978e-310 | 9
5 | 5 | 4.63978e-310 | 7
3 | 4 | 10.8235 | 139
6 | 5 | 8.67768 | 26
12 | 6 | 3.95117 | 18
24 | 7 | 3.13892 | 13
48 | 8 | 1.58101e-322 | 2
49 | 8 | 2.33243 | 11
98 | 9 | 2.33243 | 11
196 | 10 | 1.25206 | 7
197 | 10 | 0.0476125 | 4
25 | 7 | 1.58101e-322 | 5
13 | 6 | 4.63978e-310 | 8
7 | 5 | 9.91105 | 113
14 | 6 | 5.5537 | 43
28 | 7 | 4.92865 | 27
56 | 8 | 0.0693714 | 4
57 | 8 | 4.52152 | 23
114 | 9 | 4.52152 | 23
228 | 10 | 4.3006 | 21
456 | 11 | 3.10262 | 15
913 | 12 | 3.10262 | 15
1826 | 13 | 3.10262 | 15
3652 | 14 | 3.10262 | 15
7304 | 15 | 3.10262 | 15
14608 | 16 | 8.69556e-322 | 4
14609 | 16 | 1.42144 | 11
29218 | 17 | 0 | 7
29219 | 17 | 6.70501 | 4
457 | 11 | 4.63978e-310 | 6
229 | 10 | 4.63978e-310 | 2
29 | 7 | 3.93088 | 16
58 | 8 | 4.63978e-310 | 6
59 | 8 | 4.63978e-310 | 10
15 | 6 | 9.74179 | 70
30 | 7 | 8.18605 | 51
60 | 8 | 7.06709 | 31
120 | 9 | 2.38263 | 24
240 | 10 | 1.40535 | 12
480 | 11 | 1.58101e-322 | 8
481 | 11 | 1.58101e-322 | 4
241 | 10 | 1.28065 | 12
482 | 11 | 0.243404 | 7
483 | 11 | 0.970999 | 5
121 | 9 | 0 | 7
61 | 8 | 7.33007 | 20
123 | 9 | 7.33007 | 20
246 | 10 | 7.00016 | 16
492 | 11 | 0.80956 | 8
493 | 11 | 0 | 8
247 | 10 | 4.63978e-310 | 4
31 | 7 | 4.88492 | 19
62 | 8 | 3.04806 | 11
124 | 9 | 21.9288 | 1
125 | 9 | 1.02276 | 10
63 | 8 | 4.63978e-310 | 8
1 | 2 | 26.3279 | 371
2 | 3 | 24.5734 | 155
4 | 4 | 24.5734 | 155
8 | 5 | 24.5734 | 155
16 | 6 | 14.9945 | 61
32 | 7 | 9.44471 | 23
64 | 8 | 9.44471 | 21
129 | 9 | 9.44471 | 21
258 | 10 | 7.66672 | 16
516 | 11 | 0.0434163 | 8
517 | 11 | 0 | 8
259 | 10 | 4.63978e-310 | 5
65 | 8 | 4.63978e-310 | 2
33 | 7 | 8.01496 | 38
66 | 8 | 4.63978e-310 | 2
67 | 8 | 8.01496 | 36
134 | 9 | 2.69096 | 19
268 | 10 | 0 | 8
269 | 10 | 2.22779 | 11
538 | 11 | 1.10326 | 5
539 | 11 | 0.738041 | 6
135 | 9 | 8.01496 | 17
270 | 10 | 7.72677 | 13
541 | 11 | 7.72677 | 13
1083 | 12 | 7.72677 | 13
2166 | 13 | 2.10038 | 6
2167 | 13 | 1.91674 | 7
271 | 10 | 4.63978e-310 | 4
17 | 6 | 22.6167 | 94
34 | 7 | 12.1133 | 36
69 | 8 | 12.1133 | 36
138 | 9 | 10.44 | 26
276 | 10 | 3.53486 | 2
277 | 10 | 9.097 | 24
554 | 11 | 9.097 | 20
1108 | 12 | 80.4443 | 9
1109 | 12 | 3.10588 | 11
2218 | 13 | 15.9231 | 3
2219 | 13 | 4.63978e-310 | 8
555 | 11 | 4.63978e-310 | 4
139 | 9 | 4.63978e-310 | 10
35 | 7 | 10.3388 | 58
70 | 8 | 10.1759 | 37
140 | 9 | 4.63978e-310 | 9
141 | 9 | 2.8576 | 28
282 | 10 | 1.63042e-322 | 10
283 | 10 | 2.21772 | 18
566 | 11 | 1.63042e-322 | 6
567 | 11 | 1.92503 | 12
1134 | 12 | 7.96372 | 6
1135 | 12 | 1.58101e-322 | 6
71 | 8 | 9.80961 | 21
142 | 9 | 9.80961 | 21
284 | 10 | 9.80961 | 11
568 | 11 | 9.80961 | 11
1136 | 12 | 9.80961 | 11
2272 | 13 | 4.13273 | 4
2273 | 13 | 86.6033 | 7
285 | 10 | 4.63978e-310 | 10
3 | 3 | 17.2913 | 216
6 | 4 | 10.0442 | 67
12 | 5 | 10.0442 | 66
24 | 6 | 2.46672 | 16
48 | 7 | 11.5989 | 8
49 | 7 | 2.66684 | 8
25 | 6 | 10.0442 | 50
50 | 7 | 9.60698 | 40
100 | 8 | 9.60698 | 34
200 | 9 | 2.28945 | 12
400 | 10 | 0.436775 | 6
401 | 10 | 76.8043 | 6
201 | 9 | 9.60698 | 22
402 | 10 | 21.3137 | 5
403 | 10 | 6.69669 | 17
806 | 11 | 6.6935 | 13
1612 | 12 | 1.35083 | 12
3224 | 13 | 0.0196023 | 4
3225 | 13 | 0.536384 | 8
1613 | 12 | 4.63978e-310 | 1
807 | 11 | 4.63978e-310 | 4
101 | 8 | 4.63978e-310 | 6
51 | 7 | 4.63978e-310 | 10
13 | 5 | 4.63978e-310 | 1
7 | 4 | 10.1715 | 149
14 | 5 | 10.1715 | 126
28 | 6 | 2.69471 | 45
56 | 7 | 2.07666 | 14
112 | 8 | 6.90513e-310 | 8
113 | 8 | 4.63978e-310 | 6
57 | 7 | 2.23255 | 31
114 | 8 | 1.17223 | 11
228 | 9 | 0.550931 | 5
229 | 9 | 0.494725 | 6
115 | 8 | 1.86533 | 20
230 | 9 | 5.25723 | 9
231 | 9 | 1.48176 | 11
462 | 10 | 1.86991 | 8
463 | 10 | 0.0598035 | 3
29 | 6 | 9.12268 | 81
58 | 7 | 7.1472 | 47
116 | 8 | 7.1472 | 47
232 | 9 | 3.24474 | 40
464 | 10 | 3.24474 | 33
928 | 11 | 0.950021 | 9
929 | 11 | 2.674 | 24
1859 | 12 | 2.674 | 24
3718 | 13 | 1.66192 | 15
7436 | 14 | 0 | 10
7437 | 14 | 6.74679 | 5
3719 | 13 | 4.63978e-310 | 9
465 | 10 | 6.02165 | 7
233 | 9 | 2.54359 | 7
59 | 7 | 6.87018 | 34
118 | 8 | 1.0109 | 1
119 | 8 | 6.87018 | 33
238 | 9 | 2.2124 | 20
476 | 10 | 4.63978e-310 | 3
477 | 10 | 2.11396 | 17
954 | 11 | 0.861845 | 6
955 | 11 | 1.41747 | 11
1910 | 12 | 0.618681 | 7
1911 | 12 | 1.19037 | 4
239 | 9 | 3.45164 | 13
478 | 10 | 6.90513e-310 | 6
479 | 10 | 0.324827 | 7
15 | 5 | 8.88841 | 23
30 | 6 | 5.70502 | 17
60 | 7 | 4.63978e-310 | 7
61 | 7 | 6.90513e-310 | 10
31 | 6 | 4.63978e-310 | 6
1 | 1 | 23.7441 | 709
2 | 2 | 22.3476 | 290
4 | 3 | 8.99144 | 89
8 | 4 | 5.74644 | 49
16 | 5 | 4.53645 | 18
32 | 6 | 1.58101e-322 | 10
33 | 6 | 1.58101e-322 | 8
17 | 5 | 5.21051 | 31
34 | 6 | 2.98049 | 14
68 | 7 | 0.0257144 | 6
69 | 7 | 0.222199 | 8
35 | 6 | 2.476 | 17
70 | 7 | 2.37152e-322 | 7
71 | 7 | 2.37152e-322 | 10
9 | 4 | 4.64291 | 40
18 | 5 | 4.64291 | 38
36 | 6 | 3.64407 | 22
72 | 7 | 4.63978e-310 | 1
73 | 7 | 3.64407 | 21
146 | 8 | 2.42092e-322 | 6
147 | 8 | 2.26337 | 15
294 | 9 | 1.1711 | 5
295 | 9 | 0.941641 | 10
37 | 6 | 2.07024 | 16
74 | 7 | 1.12266 | 8
75 | 7 | 1.63144 | 8
19 | 5 | 4.63978e-310 | 2
5 | 3 | 16.6004 | 201
10 | 4 | 16.6004 | 201
20 | 5 | 16.6004 | 186
40 | 6 | 7.94801 | 79
80 | 7 | 7.94801 | 79
160 | 8 | 7.94801 | 58
320 | 9 | 7.16845 | 38
640 | 10 | 7.16845 | 38
1280 | 11 | 6.72091 | 18
2560 | 12 | 14.1913 | 5
2561 | 12 | 6.44973 | 13
5122 | 13 | 0.902902 | 7
5123 | 13 | 4.63978e-310 | 6
1281 | 11 | 7.16845 | 20
2562 | 12 | 11.3914 | 2
2563 | 12 | 7.16845 | 18
5126 | 13 | 51.3867 | 4
5127 | 13 | 2.36855 | 14
10254 | 14 | 4.63978e-310 | 5
10255 | 14 | 2.4787 | 9
321 | 9 | 6.73276 | 20
642 | 10 | 2.76548 | 12
1284 | 11 | 4.63978e-310 | 10
1285 | 11 | 1.71535 | 2
643 | 10 | 4.63978e-310 | 8
161 | 8 | 7.71646 | 21
322 | 9 | 7.0517 | 18
644 | 10 | 6.90513e-310 | 6
645 | 10 | 4.34541 | 12
1291 | 11 | 4.34541 | 12
2582 | 12 | 5.38414 | 9
2583 | 12 | 0.710994 | 3
323 | 9 | 4.63978e-310 | 3
41 | 6 | 11.9499 | 107
82 | 7 | 9.78941 | 61
164 | 8 | 9.74393 | 29
328 | 9 | 8.1291 | 20
656 | 10 | 4.63978e-310 | 10
657 | 10 | 4.63978e-310 | 10
329 | 9 | 4.63978e-310 | 9
165 | 8 | 9.68706 | 32
330 | 9 | 8.68275 | 24
660 | 10 | 1.37793 | 11
1320 | 11 | 0.317667 | 8
1321 | 11 | 50.2972 | 3
661 | 10 | 3.7444 | 13
1322 | 11 | 68.9842 | 8
1323 | 11 | 0.479626 | 5
331 | 9 | 4.63978e-310 | 8
83 | 7 | 6.45344 | 46
166 | 8 | 4.63978e-310 | 10
167 | 8 | 6.12451 | 36
334 | 9 | 2.24286 | 14
668 | 10 | 0 | 10
669 | 10 | 2.30488 | 4
335 | 9 | 4.21936 | 22
670 | 10 | 3.07409 | 17
1340 | 11 | 0.27008 | 2
1341 | 11 | 3.07409 | 15
2682 | 12 | 2.37152e-322 | 4
2683 | 12 | 2.31857 | 11
5366 | 13 | 2.3872 | 3
5367 | 13 | 4.63978e-310 | 8
671 | 10 | 4.63978e-310 | 5
21 | 5 | 11.6256 | 15
42 | 6 | 4.63978e-310 | 8
43 | 6 | 4.63978e-310 | 7
3 | 2 | 22.9007 | 419
6 | 3 | 15.7682 | 315
12 | 4 | 14.4066 | 218
24 | 5 | 14.0696 | 120
48 | 6 | 6.7943 | 47
96 | 7 | 3.72635 | 13
192 | 8 | 1.58101e-322 | 7
193 | 8 | 6.51561 | 6
97 | 7 | 4.67681 | 34
194 | 8 | 4.239 | 15
388 | 9 | 0.0397961 | 6
389 | 9 | 3.07497 | 9
195 | 8 | 3.53863 | 19
390 | 9 | 2.40864 | 12
780 | 10 | 27.4866 | 3
781 | 10 | 4.63978e-310 | 9
391 | 9 | 4.63978e-310 | 7
49 | 6 | 11.1796 | 73
99 | 7 | 11.1796 | 73
198 | 8 | 11.0288 | 64
396 | 9 | 4.50144 | 23
792 | 10 | 3.31446 | 11
1584 | 11 | 0.0679571 | 8
1585 | 11 | 0.547874 | 3
793 | 10 | 3.70358 | 12
1586 | 11 | 1.63042e-322 | 8
1587 | 11 | 1.63042e-322 | 4
397 | 9 | 6.04809 | 41
794 | 10 | 6.04809 | 41
1588 | 11 | 5.48213 | 17
3176 | 12 | 4.19424 | 12
6352 | 13 | 4.19424 | 12
12704 | 14 | 4.63978e-310 | 7
12705 | 14 | 9.5721 | 5
3177 | 12 | 4.63978e-310 | 5
1589 | 11 | 4.34695 | 24
3178 | 12 | 3.19339 | 17
6356 | 13 | 3.52435 | 7
6357 | 13 | 0.259107 | 10
3179 | 12 | 4.63978e-310 | 7
199 | 8 | 4.63978e-310 | 9
25 | 5 | 13.5154 | 98
50 | 6 | 8.86193 | 60
100 | 7 | 6.60493 | 46
201 | 8 | 6.60493 | 46
402 | 9 | 4.05401 | 25
804 | 10 | 2.86182 | 18
1608 | 11 | 1.58101e-322 | 7
1609 | 11 | 2.86182 | 11
3218 | 12 | 4.63978e-310 | 10
3219 | 12 | 3.21426 | 1
805 | 10 | 2.78008 | 7
403 | 9 | 2.79221 | 21
806 | 10 | 1.21221 | 11
1612 | 11 | 2.03293 | 3
1613 | 11 | 4.63978e-310 | 8
807 | 10 | 4.63978e-310 | 10
101 | 7 | 2.27133 | 14
202 | 8 | 4.63978e-310 | 9
203 | 8 | 6.90513e-310 | 5
51 | 6 | 9.06206 | 38
103 | 7 | 9.06206 | 38
206 | 8 | 9.02492 | 29
412 | 9 | 7.84105 | 19
824 | 10 | 3.75457 | 18
1649 | 11 | 3.75457 | 18
3298 | 12 | 0.0330847 | 5
3299 | 12 | 1.53633 | 13
6599 | 13 | 1.53633 | 13
13198 | 14 | 0.0117276 | 3
13199 | 14 | 4.63978e-310 | 10
825 | 10 | 4.63978e-310 | 1
413 | 9 | 4.63978e-310 | 10
207 | 8 | 4.63978e-310 | 9
13 | 4 | 8.70327 | 97
26 | 5 | 7.26025 | 36
52 | 6 | 4.63978e-310 | 10
53 | 6 | 6.52018 | 26
107 | 7 | 6.52018 | 26
214 | 8 | 6.52018 | 26
428 | 9 | 4.49174 | 15
857 | 10 | 4.49174 | 15
1714 | 11 | 4.37546 | 11
3428 | 12 | 0 | 4
3429 | 12 | 1.34898 | 7
1715 | 11 | 0.169145 | 4
429 | 9 | 3.38821 | 11
858 | 10 | 3.38821 | 11
1716 | 11 | 4.63978e-310 | 10
1717 | 11 | 13.8211 | 1
27 | 5 | 6.76248 | 61
54 | 6 | 3.84627 | 34
108 | 7 | 2.90855 | 14
216 | 8 | 1.54602 | 6
217 | 8 | 0.893208 | 8
109 | 7 | 2.7638 | 20
218 | 8 | 0.551508 | 8
219 | 8 | 2.19561 | 12
438 | 9 | 4.63978e-310 | 6
439 | 9 | 13.0755 | 6
55 | 6 | 3.48041 | 27
110 | 7 | 0.893208 | 1
111 | 7 | 3.20189 | 26
222 | 8 | 3.20189 | 24
444 | 9 | 6.90513e-310 | 9
445 | 9 | 2.18337 | 15
890 | 10 | 2.18337 | 15
1780 | 11 | 0.393352 | 10
1781 | 11 | 7.01667 | 5
223 | 8 | 4.63978e-310 | 2
7 | 3 | 11.2862 | 104
14 | 4 | 8.67689 | 70
28 | 5 | 7.96866 | 66
56 | 6 | 5.24918 | 24
112 | 7 | 5.24918 | 24
224 | 8 | 3.60903 | 13
448 | 9 | 3.60903 | 11
896 | 10 | 2.33342 | 3
897 | 10 | 4.63978e-310 | 8
449 | 9 | 0.96979 | 2
225 | 8 | 2.30509 | 11
450 | 9 | 0.138164 | 7
451 | 9 | 2.95162 | 4
57 | 6 | 6.53193 | 42
114 | 7 | 5.5576 | 32
228 | 8 | 4.26641 | 22
456 | 9 | 4.09846 | 14
912 | 10 | 1.95934 | 3
913 | 10 | 4.07912 | 11
1826 | 11 | 2.44123 | 8
1827 | 11 | 0.894638 | 3
457 | 9 | 4.63978e-310 | 8
229 | 8 | 4.63978e-310 | 10
115 | 7 | 4.63978e-310 | 10
29 | 5 | 4.63978e-310 | 4
15 | 4 | 6.45842 | 34
30 | 5 | 5.41788 | 32
60 | 6 | 6.90513e-310 | 9
61 | 6 | 5.41788 | 23
122 | 7 | 5.07991 | 8
123 | 7 | 4.87432 | 15
246 | 8 | 29.3534 | 3
247 | 8 | 1.8754 | 12
494 | 9 | 1.91429 | 2
495 | 9 | 0.209399 | 10
31 | 5 | 4.63978e-310 | 2
