ID | Depth | diameter | Number of points
0 | 0 | 29.316 | 1600
0 | 1 | 27.784 | 1128
0 | 2 | 27.3639 | 860
0 | 3 | 26.3165 | 400
0 | 4 | 21.7621 | 114
0 | 5 | 17.9147 | 64
0 | 6 | 12.7532 | 40
0 | 7 | 9.26928 | 20
1 | 8 | 9.26928 | 20
2 | 9 | 4.63978e-310 | 5
3 | 9 | 6.21641 | 15
6 | 10 | 4.13799 | 11
12 | 11 | 4.63978e-310 | 5
13 | 11 | 4.63978e-310 | 6
7 | 10 | 4.63978e-310 | 4
1 | 7 | 6.98184 | 20
2 | 8 | 4.63978e-310 | 1
3 | 8 | 6.98184 | 19
6 | 9 | 3.31794 | 13
12 | 10 | 1.63042e-322 | 8
13 | 10 | 1.63042e-322 | 5
7 | 9 | 1.63042e-322 | 6
1 | 6 | 8.35458 | 24
3 | 7 | 8.35458 | 24
6 | 8 | 8.28288 | 16
12 | 9 | 7.63813 | 14
25 | 10 | 7.63813 | 14
50 | 11 | 7.63813 | 14
100 | 12 | 1.58101e-322 | 8
101 | 12 | 1.63042e-322 | 6
13 | 9 | 1.63042e-322 | 2
7 | 8 | 4.63978e-310 | 8
1 | 5 | 21.4817 | 50
2 | 6 | 8.02627 | 20
4 | 7 | 1.63042e-322 | 9
5 | 7 | 4.19483 | 11
10 | 8 | 1.63042e-322 | 7
11 | 8 | 1.63042e-322 | 4
3 | 6 | 17.4282 | 30
6 | 7 | 9.6518 | 16
12 | 8 | 9.57515 | 14
24 | 9 | 1.58101e-322 | 10
25 | 9 | 1.63042e-322 | 4
13 | 8 | 4.63978e-310 | 2
7 | 7 | 12.6969 | 14
14 | 8 | 12.6969 | 14
28 | 9 | 12.6969 | 14
57 | 10 | 12.6969 | 14
114 | 11 | 1.58101e-322 | 3
115 | 11 | 12.4417 | 11
230 | 12 | 12.4417 | 11
460 | 13 | 0 | 9
461 | 13 | 2.37152e-322 | 2
1 | 4 | 17.6496 | 286
2 | 5 | 4.63978e-310 | 1
3 | 5 | 17.6496 | 285
6 | 6 | 10.1111 | 111
12 | 7 | 10.1111 | 83
24 | 8 | 8.22846 | 47
48 | 9 | 5.83307 | 37
96 | 10 | 2.2609 | 13
192 | 11 | 1.58101e-322 | 7
193 | 11 | 1.58101e-322 | 6
97 | 10 | 3.56206 | 24
194 | 11 | 3.3372 | 21
389 | 12 | 3.3372 | 21
778 | 13 | 2.3576 | 12
1556 | 14 | 0.46303 | 3
1557 | 14 | 0 | 9
779 | 13 | 3.21143e-322 | 9
195 | 11 | 3.21143e-322 | 3
49 | 9 | 4.63978e-310 | 10
25 | 8 | 8.45197 | 36
50 | 9 | 6.00898 | 30
100 | 10 | 5.0389 | 16
200 | 11 | 4.63978e-310 | 6
201 | 11 | 1.63042e-322 | 10
101 | 10 | 3.84875 | 14
202 | 11 | 0 | 6
203 | 11 | 1.01111 | 8
51 | 9 | 4.63978e-310 | 6
13 | 7 | 6.86282 | 28
26 | 8 | 2.78869 | 13
52 | 9 | 6.73477 | 4
53 | 9 | 145.221 | 9
27 | 8 | 3.89955 | 15
55 | 9 | 3.89955 | 15
111 | 10 | 3.89955 | 15
222 | 11 | 0 | 8
223 | 11 | 1.01111 | 7
7 | 6 | 10.5235 | 174
14 | 7 | 10.5235 | 82
28 | 8 | 8.89331 | 52
56 | 9 | 4.39404 | 14
112 | 10 | 1.58101e-322 | 1
113 | 10 | 4.39404 | 13
226 | 11 | 4.63978e-310 | 5
227 | 11 | 4.63978e-310 | 8
57 | 9 | 3.0044 | 38
114 | 10 | 3.0044 | 36
228 | 11 | 2.34486 | 26
456 | 12 | 0 | 10
457 | 12 | 1.8803 | 16
914 | 13 | 4.18954 | 4
915 | 13 | 1.8803 | 12
1830 | 14 | 39.6329 | 8
1831 | 14 | 2.14066 | 4
229 | 11 | 4.63978e-310 | 10
115 | 10 | 4.63978e-310 | 2
29 | 8 | 9.20394 | 30
58 | 9 | 3.50594 | 12
116 | 10 | 38.9583 | 4
117 | 10 | 0.327733 | 8
59 | 9 | 3.79875 | 18
118 | 10 | 3.79875 | 18
236 | 11 | 0.0191669 | 5
237 | 11 | 1.85419 | 13
474 | 12 | 2.38067 | 7
475 | 12 | 2.32585 | 6
15 | 7 | 7.64557 | 92
30 | 8 | 5.01841 | 53
60 | 9 | 3.086 | 27
120 | 10 | 0.84169 | 3
121 | 10 | 2.87732 | 24
242 | 11 | 2.09196 | 13
484 | 12 | 4.63978e-310 | 7
485 | 12 | 4.63978e-310 | 6
243 | 11 | 1.50983 | 11
486 | 12 | 19.5307 | 4
487 | 12 | 0.960785 | 7
61 | 9 | 3.96508 | 26
122 | 10 | 3.96508 | 26
244 | 11 | 0.226367 | 10
245 | 11 | 2.58916 | 16
490 | 12 | 2.34233 | 14
980 | 13 | 2.34233 | 14
1960 | 14 | 1.35485 | 12
3920 | 15 | 2.06797 | 5
3921 | 15 | 1.03458 | 7
1961 | 14 | 4.63978e-310 | 2
491 | 12 | 4.63978e-310 | 2
31 | 8 | 5.08005 | 39
62 | 9 | 3.23155 | 15
124 | 10 | 3.23155 | 15
248 | 11 | 0.68316 | 6
249 | 11 | 0 | 9
63 | 9 | 3.7824 | 24
126 | 10 | 3.7824 | 24
252 | 11 | 2.9187 | 11
504 | 12 | 18.1293 | 7
505 | 12 | 50.005 | 4
253 | 11 | 1.75875 | 13
506 | 12 | 4.75521 | 10
507 | 12 | 0.193592 | 3
1 | 3 | 23.3444 | 460
2 | 4 | 17.715 | 212
4 | 5 | 16.4741 | 51
8 | 6 | 14.5749 | 40
16 | 7 | 10.9418 | 17
32 | 8 | 10.9418 | 17
64 | 9 | 10.9418 | 17
128 | 10 | 1.63042e-322 | 1
129 | 10 | 4.19011 | 16
258 | 11 | 0 | 3
259 | 11 | 4.15972 | 13
518 | 12 | 0.124038 | 4
519 | 12 | 2.30777 | 9
17 | 7 | 4.37569 | 23
34 | 8 | 4.37569 | 22
69 | 9 | 4.37569 | 22
138 | 10 | 3.49426 | 15
276 | 11 | 8.47141 | 7
277 | 11 | 1.17854 | 8
139 | 10 | 4.63978e-310 | 7
35 | 8 | 4.63978e-310 | 1
9 | 6 | 9.46785 | 11
18 | 7 | 4.71187 | 7
19 | 7 | 3.97551 | 4
5 | 5 | 15.0623 | 161
10 | 6 | 5.29865 | 21
21 | 7 | 5.29865 | 21
42 | 8 | 6.90513e-310 | 8
43 | 8 | 4.59912 | 13
86 | 9 | 6.99121 | 8
87 | 9 | 1.73291 | 5
11 | 6 | 15.0623 | 140
22 | 7 | 13.7288 | 120
44 | 8 | 12.8116 | 71
88 | 9 | 2.41128 | 17
176 | 10 | 30.1059 | 10
177 | 10 | 74.0164 | 7
89 | 9 | 12.8116 | 54
178 | 10 | 11.3889 | 19
356 | 11 | 11.3889 | 17
713 | 12 | 11.3889 | 17
1426 | 13 | 0.0667517 | 7
1427 | 13 | 12.6208 | 10
357 | 11 | 4.63978e-310 | 2
179 | 10 | 6.52957 | 35
358 | 11 | 6.52957 | 34
717 | 12 | 6.52957 | 34
1434 | 13 | 6.52957 | 28
2868 | 14 | 6.52957 | 28
5736 | 15 | 2.48439 | 27
11472 | 16 | 1.96711 | 10
11473 | 16 | 1.90997 | 17
22946 | 17 | 106.177 | 6
22947 | 17 | 1.18731 | 11
45894 | 18 | 1.18731 | 11
91788 | 19 | 0.633763 | 6
91789 | 19 | 0.302619 | 5
5737 | 15 | 4.63978e-310 | 1
1435 | 13 | 4.63978e-310 | 6
359 | 11 | 4.63978e-310 | 1
45 | 8 | 10.1378 | 49
91 | 9 | 10.1378 | 49
182 | 10 | 8.55443 | 28
364 | 11 | 8.55443 | 28
729 | 12 | 8.55443 | 28
1458 | 13 | 8.55443 | 25
2916 | 14 | 3.32354 | 11
5832 | 15 | 6.90513e-310 | 5
5833 | 15 | 4.79244e-322 | 6
2917 | 14 | 8.04456 | 14
5834 | 15 | 39.6418 | 10
5835 | 15 | 8.15334 | 4
1459 | 13 | 0.702988 | 3
183 | 10 | 6.80787 | 21
366 | 11 | 6.80787 | 21
732 | 12 | 2.76286 | 18
1464 | 13 | 1.53827 | 11
2928 | 14 | 5.33205 | 3
2929 | 14 | 4.63978e-310 | 8
1465 | 13 | 4.63978e-310 | 7
733 | 12 | 5.04789 | 3
23 | 7 | 7.80306 | 20
46 | 8 | 4.63978e-310 | 8
47 | 8 | 6.45784 | 12
95 | 9 | 6.45784 | 12
190 | 10 | 6.45784 | 12
380 | 11 | 6.45784 | 12
760 | 12 | 1.6259 | 10
761 | 12 | 17.3357 | 2
3 | 4 | 11.5708 | 248
6 | 5 | 10.0887 | 149
12 | 6 | 3.61483 | 45
24 | 7 | 3.55108 | 26
48 | 8 | 2.39847 | 19
96 | 9 | 2.39847 | 15
192 | 10 | 1.58101e-322 | 6
193 | 10 | 1.63042e-322 | 9
97 | 9 | 4.63978e-310 | 4
49 | 8 | 4.63978e-310 | 7
25 | 7 | 3.45865 | 19
50 | 8 | 2.22358 | 12
100 | 9 | 0.28925 | 3
101 | 9 | 1.07173 | 9
51 | 8 | 1.58101e-322 | 7
13 | 6 | 8.85923 | 104
26 | 7 | 7.55963 | 45
52 | 8 | 7.55963 | 37
104 | 9 | 2.83338 | 30
208 | 10 | 2.51868 | 17
416 | 11 | 4.63978e-310 | 8
417 | 11 | 0 | 9
209 | 10 | 2.66481 | 13
418 | 11 | 0.540212 | 4
419 | 11 | 1.17798 | 9
105 | 9 | 4.63978e-310 | 7
53 | 8 | 1.81759 | 8
27 | 7 | 8.27411 | 59
54 | 8 | 7.77459 | 48
108 | 9 | 3.56102 | 17
216 | 10 | 3.56102 | 17
432 | 11 | 2.37152e-322 | 10
433 | 11 | 2.37152e-322 | 7
109 | 9 | 6.04487 | 31
218 | 10 | 3.73681 | 17
436 | 11 | 20.266 | 6
437 | 11 | 3.60193 | 11
874 | 12 | 3.60193 | 11
1748 | 13 | 7.95446e-322 | 5
1749 | 13 | 51.1742 | 6
219 | 10 | 2.38796 | 14
438 | 11 | 4.63978e-310 | 7
439 | 11 | 62.4264 | 7
55 | 8 | 6.93615 | 11
110 | 9 | 6.90513e-310 | 9
111 | 9 | 4.63978e-310 | 2
7 | 5 | 9.58323 | 99
14 | 6 | 2.98745 | 13
28 | 7 | 3.24287 | 3
29 | 7 | 4.63978e-310 | 10
15 | 6 | 8.92582 | 86
30 | 7 | 6.95947 | 13
60 | 8 | 19.7351 | 9
61 | 8 | 0.434329 | 4
31 | 7 | 8.42133 | 73
62 | 8 | 8.2646 | 11
125 | 9 | 8.2646 | 11
250 | 10 | 4.26298 | 7
251 | 10 | 1.58101e-322 | 4
63 | 8 | 7.67511 | 62
126 | 9 | 3.19236 | 41
252 | 10 | 1.56471 | 19
504 | 11 | 42.0577 | 6
505 | 11 | 1.21695 | 13
1010 | 12 | 1.63042e-322 | 9
1011 | 12 | 0.506724 | 4
253 | 10 | 2.03251 | 22
506 | 11 | 43.6903 | 3
507 | 11 | 1.87629 | 19
1014 | 12 | 1.24868 | 11
2028 | 13 | 4.63978e-310 | 6
2029 | 13 | 0.226896 | 5
1015 | 12 | 0.0777112 | 8
127 | 9 | 5.57454 | 21
254 | 10 | 1.40656 | 9
255 | 10 | 2.1949 | 12
510 | 11 | 2.1949 | 11
1020 | 12 | 4.58295 | 4
1021 | 12 | 0 | 7
511 | 11 | 4.63978e-310 | 1
1 | 2 | 26.7213 | 268
2 | 3 | 19.2153 | 67
4 | 4 | 17.0165 | 35
8 | 5 | 17.0165 | 35
17 | 6 | 17.0165 | 35
34 | 7 | 12.9018 | 15
68 | 8 | 12.9018 | 15
136 | 9 | 1.58101e-322 | 6
137 | 9 | 1.58101e-322 | 9
35 | 7 | 9.20486 | 20
70 | 8 | 9.20486 | 20
141 | 9 | 9.20486 | 20
282 | 10 | 0 | 9
283 | 10 | 8.00773 | 11
566 | 11 | 8.00773 | 11
1132 | 12 | 0 | 7
1133 | 12 | 7.46992 | 4
5 | 4 | 10.5089 | 32
10 | 5 | 10.5089 | 32
20 | 6 | 3.91147 | 22
40 | 7 | 3.07924 | 14
80 | 8 | 3.99029 | 2
81 | 8 | 3.07924 | 12
162 | 9 | 0.953098 | 10
163 | 9 | 7.56854 | 2
41 | 7 | 4.63978e-310 | 8
21 | 6 | 4.63978e-310 | 10
3 | 3 | 20.3976 | 201
6 | 4 | 18.0491 | 109
13 | 5 | 18.0491 | 109
26 | 6 | 14.463 | 98
52 | 7 | 9.80357 | 28
105 | 8 | 9.80357 | 28
210 | 9 | 41.351 | 10
211 | 9 | 6.93089 | 18
422 | 10 | 49.1275 | 4
423 | 10 | 2.57166 | 14
846 | 11 | 2.57166 | 11
1692 | 12 | 0.743804 | 5
1693 | 12 | 1.02537 | 6
847 | 11 | 2.40222 | 3
53 | 7 | 7.83303 | 70
106 | 8 | 7.47859 | 56
212 | 9 | 7.47859 | 27
424 | 10 | 7.17711 | 25
848 | 11 | 6.61909 | 18
1696 | 12 | 6.61909 | 18
3392 | 13 | 6.61909 | 18
6785 | 14 | 6.61909 | 18
13570 | 15 | 4.63978e-310 | 7
13571 | 15 | 5.86757 | 11
27143 | 16 | 5.86757 | 11
54287 | 17 | 5.86757 | 11
108575 | 18 | 5.86757 | 11
217151 | 19 | 5.86757 | 11
434303 | 20 | 5.86757 | 11
868606 | 21 | 5.86757 | 11
1737212 | 22 | 39 | 6
1737213 | 22 | 29.6919 | 5
849 | 11 | 4.63978e-310 | 7
425 | 10 | 4.63978e-310 | 2
213 | 9 | 4.40363 | 29
426 | 10 | 4.63978e-310 | 7
427 | 10 | 3.29322 | 22
854 | 11 | 4.63978e-310 | 8
855 | 11 | 3.2258 | 14
1710 | 12 | 1.10293 | 2
1711 | 12 | 2.62577 | 12
3422 | 13 | 1.58655 | 10
3423 | 13 | 0.541563 | 2
107 | 8 | 7.29835 | 14
214 | 9 | 4.63978e-310 | 2
215 | 9 | 6.65208 | 12
430 | 10 | 16.4746 | 7
431 | 10 | 12.7547 | 5
27 | 6 | 11.1654 | 11
54 | 7 | 4.63978e-310 | 9
55 | 7 | 0.486677 | 2
7 | 4 | 13.3994 | 92
14 | 5 | 13.3994 | 91
28 | 6 | 7.3674 | 68
56 | 7 | 5.18744 | 49
112 | 8 | 4.7755 | 44
224 | 9 | 1.99361 | 14
448 | 10 | 0.322108 | 5
449 | 10 | 28.7113 | 9
225 | 9 | 2.72226 | 30
450 | 10 | 0.780604 | 10
451 | 10 | 1.86407 | 20
902 | 11 | 3.5103 | 5
903 | 11 | 1.57484 | 15
1806 | 12 | 2.80093 | 9
1807 | 12 | 0.513677 | 6
113 | 8 | 4.63978e-310 | 5
57 | 7 | 2.65066 | 19
114 | 8 | 2.32839 | 15
228 | 9 | 4.63978e-310 | 9
229 | 9 | 33.0556 | 6
115 | 8 | 4.63978e-310 | 4
29 | 6 | 5.52474 | 23
58 | 7 | 0.573209 | 10
59 | 7 | 2.97968 | 13
118 | 8 | 7.87911 | 5
119 | 8 | 7.84672 | 8
15 | 5 | 4.63978e-310 | 1
1 | 1 | 20.3776 | 472
2 | 2 | 19.2146 | 229
4 | 3 | 7.21985 | 91
8 | 4 | 5.07909 | 44
16 | 5 | 4.29766 | 39
32 | 6 | 2.16131 | 16
64 | 7 | 2.16131 | 16
128 | 8 | 4.5569 | 4
129 | 8 | 1.44586 | 12
258 | 9 | 1.63042e-322 | 8
259 | 9 | 0.0863902 | 4
33 | 6 | 3.45091 | 23
66 | 7 | 0.438659 | 1
67 | 7 | 3.45091 | 22
134 | 8 | 2.53364 | 13
268 | 9 | 4.97188 | 4
269 | 9 | 4.5574 | 9
135 | 8 | 6.91829 | 9
17 | 5 | 4.63978e-310 | 5
9 | 4 | 5.59958 | 47
18 | 5 | 4.63978e-310 | 8
19 | 5 | 4.17665 | 39
38 | 6 | 2.40956 | 11
76 | 7 | 0.726097 | 7
77 | 7 | 0.859765 | 4
39 | 6 | 2.80645 | 28
78 | 7 | 0 | 3
79 | 7 | 2.80172 | 25
158 | 8 | 2.51408 | 12
316 | 9 | 6.17414 | 3
317 | 9 | 4.63978e-310 | 9
159 | 8 | 1.82335 | 13
318 | 9 | 6.90513e-310 | 9
319 | 9 | 2.19672 | 4
5 | 3 | 13.7363 | 138
10 | 4 | 5.40521 | 33
20 | 5 | 4.63978e-310 | 6
21 | 5 | 4.96317 | 27
42 | 6 | 2.94235 | 15
84 | 7 | 9.70312 | 1
85 | 7 | 2.94235 | 14
170 | 8 | 0.732287 | 6
171 | 8 | 0.436148 | 8
43 | 6 | 2.32962 | 12
86 | 7 | 1.82488 | 9
87 | 7 | 1.17177 | 3
11 | 4 | 9.83327 | 105
22 | 5 | 9.11802 | 23
44 | 6 | 4.74883 | 11
88 | 7 | 4.74883 | 11
176 | 8 | 0.362531 | 2
177 | 8 | 29.4193 | 9
45 | 6 | 4.08341 | 12
90 | 7 | 0.0080823 | 2
91 | 7 | 21.8022 | 10
23 | 5 | 9.57658 | 82
46 | 6 | 5.86143 | 51
92 | 7 | 5.86143 | 24
184 | 8 | 5.65504 | 12
368 | 9 | 4.39436 | 1
369 | 9 | 5.26158 | 11
738 | 10 | 5.26158 | 11
1476 | 11 | 0 | 2
1477 | 11 | 20.5372 | 9
185 | 8 | 5.69732 | 12
370 | 9 | 4.63978e-310 | 7
371 | 9 | 0.761097 | 5
93 | 7 | 3.49371 | 27
186 | 8 | 2.32902 | 18
372 | 9 | 0.890327 | 9
373 | 9 | 4.9164 | 9
187 | 8 | 4.63978e-310 | 9
47 | 6 | 4.04205 | 31
94 | 7 | 0.6486 | 4
95 | 7 | 3.81891 | 27
190 | 8 | 3.34615 | 18
380 | 9 | 4.00193e-322 | 8
381 | 9 | 0.331209 | 10
191 | 8 | 8.13146 | 9
3 | 2 | 19.3462 | 243
6 | 3 | 8.9696 | 101
12 | 4 | 4.63978e-310 | 7
13 | 4 | 7.96717 | 94
26 | 5 | 6.64029 | 31
52 | 6 | 4.26147 | 21
104 | 7 | 26.3304 | 6
105 | 7 | 3.35756 | 15
210 | 8 | 3.35756 | 14
420 | 9 | 0.524608 | 5
421 | 9 | 0.81279 | 9
211 | 8 | 4.63978e-310 | 1
53 | 6 | 0.835213 | 10
27 | 5 | 7.02959 | 63
54 | 6 | 2.2655 | 15
108 | 7 | 41.4751 | 3
109 | 7 | 2.2655 | 12
218 | 8 | 1.63042e-322 | 4
219 | 8 | 1.18341 | 8
55 | 6 | 5.49206 | 48
110 | 7 | 5.02879 | 45
220 | 8 | 0.110659 | 7
221 | 8 | 4.96767 | 38
442 | 9 | 2.33113 | 20
884 | 10 | 2.30733 | 19
1768 | 11 | 25.7501 | 10
1769 | 11 | 15.2339 | 9
885 | 10 | 26.4799 | 1
443 | 9 | 3.0114 | 18
886 | 10 | 3.0114 | 18
1772 | 11 | 0.139889 | 7
1773 | 11 | 2.48512 | 11
3546 | 12 | 14.1079 | 6
3547 | 12 | 11.6196 | 5
111 | 7 | 4.63978e-310 | 3
7 | 3 | 13.2771 | 142
14 | 4 | 2.48067 | 15
28 | 5 | 4.63978e-310 | 4
29 | 5 | 2.12441 | 11
58 | 6 | 2.8644 | 4
59 | 6 | 2.70854 | 7
15 | 4 | 11.5005 | 127
30 | 5 | 11.47 | 82
60 | 6 | 5.50188 | 46
121 | 7 | 5.50188 | 46
242 | 8 | 5.50188 | 46
484 | 9 | 2.92442 | 19
968 | 10 | 2.92442 | 19
1936 | 11 | 0 | 9
1937 | 11 | 3.86941 | 10
485 | 9 | 3.87303 | 27
971 | 10 | 3.87303 | 27
1942 | 11 | 3.87303 | 21
3884 | 12 | 3.30727 | 13
7768 | 13 | 3.30727 | 13
15536 | 14 | 1.94268 | 10
15537 | 14 | 2.42602 | 3
3885 | 12 | 4.63978e-310 | 8
1943 | 11 | 4.63978e-310 | 6
61 | 6 | 6.12426 | 36
122 | 7 | 4.63978e-310 | 4
123 | 7 | 5.34594 | 32
246 | 8 | 5.34594 | 20
492 | 9 | 4.21274 | 15
984 | 10 | 3.39647 | 12
1968 | 11 | 4.63978e-310 | 10
1969 | 11 | 6.90513e-310 | 2
985 | 10 | 1.63042e-322 | 3
493 | 9 | 4.63978e-310 | 5
247 | 8 | 4.75173 | 12
494 | 9 | 0.537735 | 3
495 | 9 | 4.63978e-310 | 9
31 | 5 | 10.7929 | 45
62 | 6 | 6.65649 | 25
124 | 7 | 6.65649 | 25
248 | 8 | 6.65649 | 25
496 | 9 | 4.63978e-310 | 6
497 | 9 | 5.15152 | 19
994 | 10 | 5.15152 | 19
1988 | 11 | 5.15152 | 17
3976 | 12 | 0 | 10
3977 | 12 | 6.90513e-310 | 7
1989 | 11 | 4.64603 | 2
63 | 6 | 4.12861 | 20
126 | 7 | 2.55807 | 11
253 | 8 | 2.55807 | 11
506 | 9 | 4.00193e-322 | 5
507 | 9 | 1.12638 | 6
127 | 7 | 4.63978e-310 | 9
