ID | Depth | diameter | Number of points
0 | 0 | 29.316 | 1600
0 | 1 | 28.1196 | 1173
0 | 2 | 4.63978e-310 | 2
1 | 2 | 28.1196 | 1171
2 | 3 | 28.1196 | 883
4 | 4 | 28.1196 | 883
8 | 5 | 27.3117 | 606
16 | 6 | 27.3117 | 606
32 | 7 | 24.4511 | 273
64 | 8 | 23.982 | 194
128 | 9 | 23.982 | 194
256 | 10 | 19.3919 | 103
512 | 11 | 6.90513e-310 | 2
513 | 11 | 19.3919 | 101
1026 | 12 | 19.3919 | 101
2052 | 13 | 16.4281 | 66
4104 | 14 | 16.4281 | 59
8208 | 15 | 16.4281 | 59
16416 | 16 | 3.16696e-321 | 1
16417 | 16 | 14.5883 | 58
32834 | 17 | 14.5883 | 58
65668 | 18 | 11.253 | 28
131336 | 19 | 8.33908 | 20
262672 | 20 | 5.89255 | 6
262673 | 20 | 8.31389 | 14
525346 | 21 | 26.4661 | 7
525347 | 21 | 9.28316 | 7
131337 | 19 | 4.63978e-310 | 8
65669 | 18 | 4.56416 | 30
131338 | 19 | 3.45032 | 15
262676 | 20 | 11.7524 | 10
262677 | 20 | 13.9976 | 5
131339 | 19 | 2.75193 | 15
262678 | 20 | 0.334532 | 8
262679 | 20 | 6.24812 | 7
4105 | 14 | 4.63978e-310 | 7
2053 | 13 | 17.7454 | 35
4106 | 14 | 17.7454 | 35
8212 | 15 | 17.7454 | 35
16424 | 16 | 17.7454 | 35
32849 | 17 | 17.7454 | 35
65698 | 18 | 269.745 | 5
65699 | 18 | 4.22743 | 30
131398 | 19 | 3.27805 | 16
262796 | 20 | 0.269811 | 10
262797 | 20 | 0.0809423 | 6
131399 | 19 | 2.41302 | 14
262798 | 20 | 5.62863 | 10
262799 | 20 | 2.45457 | 4
257 | 10 | 19.6153 | 91
514 | 11 | 19.5399 | 82
1028 | 12 | 19.5399 | 82
2056 | 13 | 19.5399 | 82
4112 | 14 | 8.6739 | 5
4113 | 14 | 19.5399 | 77
8226 | 15 | 18.7061 | 62
16452 | 16 | 6.83147 | 17
32905 | 17 | 6.83147 | 17
65810 | 18 | 3.58266 | 9
65811 | 18 | 0 | 8
16453 | 16 | 18.6911 | 45
32906 | 17 | 18.6911 | 45
65812 | 18 | 6.81004 | 21
131624 | 19 | 46.3194 | 4
131625 | 19 | 6.70652 | 17
263250 | 20 | 0.972653 | 7
263251 | 20 | 41.0841 | 10
65813 | 18 | 2.85077 | 24
131626 | 19 | 2.64753 | 20
263252 | 20 | 1.78314 | 7
263253 | 20 | 1.2889 | 13
526506 | 21 | 0.338571 | 7
526507 | 21 | 0 | 6
131627 | 19 | 4.63978e-310 | 4
8227 | 15 | 4.73795 | 15
16454 | 16 | 4.58086 | 12
32908 | 17 | 4.63978e-310 | 10
32909 | 17 | 4.63978e-310 | 2
16455 | 16 | 4.63978e-310 | 3
515 | 11 | 4.63978e-310 | 9
65 | 8 | 20.6437 | 79
130 | 9 | 20.3571 | 29
260 | 10 | 17.2255 | 20
521 | 11 | 17.2255 | 20
1042 | 12 | 6.4673 | 11
2084 | 13 | 0 | 7
2085 | 13 | 112.672 | 4
1043 | 12 | 4.63978e-310 | 9
261 | 10 | 4.63978e-310 | 9
131 | 9 | 12.2058 | 50
262 | 10 | 7.21766 | 26
524 | 11 | 7.14308 | 13
1048 | 12 | 0 | 7
1049 | 12 | 38.368 | 6
525 | 11 | 5.38874 | 13
1050 | 12 | 0.292524 | 6
1051 | 12 | 0 | 7
263 | 10 | 2.37324 | 24
526 | 11 | 1.50637 | 13
1052 | 12 | 1.50637 | 13
2104 | 13 | 0.758725 | 2
2105 | 13 | 1.44939 | 11
4210 | 14 | 0.843124 | 5
4211 | 14 | 1.5842 | 6
527 | 11 | 2.37324 | 11
1054 | 12 | 4.63978e-310 | 8
1055 | 12 | 1.15328 | 3
33 | 7 | 18.6123 | 333
66 | 8 | 18.1536 | 249
132 | 9 | 10.3863 | 87
264 | 10 | 8.97209 | 43
528 | 11 | 294.967 | 5
529 | 11 | 8.86114 | 38
1058 | 12 | 4.09296 | 22
2116 | 13 | 3.1436 | 14
4232 | 14 | 0.853258 | 1
4233 | 14 | 2.76503 | 13
8467 | 15 | 2.76503 | 13
16934 | 16 | 55.782 | 8
16935 | 16 | 1.12132 | 5
2117 | 13 | 4.63978e-310 | 8
1059 | 12 | 3.33695 | 16
2118 | 13 | 4.63978e-310 | 8
2119 | 13 | 6.66614 | 8
265 | 10 | 8.94584 | 44
530 | 11 | 8.48049 | 23
1061 | 12 | 8.48049 | 23
2122 | 13 | 57.4864 | 10
2123 | 13 | 2.2798 | 13
4246 | 14 | 2.81069 | 7
4247 | 14 | 8.93892 | 6
531 | 11 | 8.30538 | 21
1062 | 12 | 3.14838 | 13
2124 | 13 | 55.9584 | 4
2125 | 13 | 60.3166 | 9
1063 | 12 | 4.63978e-310 | 8
133 | 9 | 8.91252 | 162
266 | 10 | 6.03047 | 103
532 | 11 | 5.01564 | 80
1064 | 12 | 2.22083 | 23
2128 | 13 | 2.22083 | 23
4256 | 14 | 1.71074 | 11
8512 | 15 | 0.392633 | 6
8513 | 15 | 9.48606e-322 | 5
4257 | 14 | 1.46819 | 12
8514 | 15 | 0.334933 | 6
8515 | 15 | 0.574232 | 6
1065 | 12 | 3.99013 | 57
2130 | 13 | 3.85901 | 48
4260 | 14 | 2.87015 | 21
8520 | 15 | 2.87015 | 18
17040 | 16 | 1.92715 | 6
17041 | 16 | 1.74938 | 12
34082 | 17 | 7.90505e-322 | 4
34083 | 17 | 2.05928 | 8
8521 | 15 | 4.63978e-310 | 3
4261 | 14 | 2.1117 | 27
8522 | 15 | 2.00264 | 4
8523 | 15 | 1.61404 | 23
17046 | 16 | 1.24947 | 14
34092 | 17 | 1.09508 | 11
68184 | 18 | 0.267768 | 7
68185 | 18 | 0.547768 | 4
34093 | 17 | 0.418324 | 3
17047 | 16 | 4.63978e-310 | 9
2131 | 13 | 4.63978e-310 | 9
533 | 11 | 4.50992 | 23
1066 | 12 | 3.69888 | 17
2132 | 13 | 4.63978e-310 | 7
2133 | 13 | 0.35062 | 10
1067 | 12 | 4.63978e-310 | 6
267 | 10 | 5.01841 | 59
534 | 11 | 4.63771 | 47
1068 | 12 | 3.57581 | 24
2137 | 13 | 3.57581 | 24
4274 | 14 | 3.21143e-322 | 8
4275 | 14 | 2.51258 | 16
8550 | 15 | 2.0557 | 13
17100 | 16 | 2.0557 | 13
34200 | 17 | 3.4827 | 6
34201 | 17 | 4.79244e-322 | 7
8551 | 15 | 2.47467 | 3
1069 | 12 | 2.55989 | 23
2139 | 13 | 2.55989 | 23
4278 | 14 | 2.04627 | 16
8556 | 15 | 1.41791 | 12
17113 | 16 | 1.41791 | 12
34226 | 17 | 2.42092e-322 | 5
34227 | 17 | 0.134801 | 7
8557 | 15 | 4.63978e-310 | 4
4279 | 14 | 4.63978e-310 | 7
535 | 11 | 4.09443 | 12
1070 | 12 | 4.63978e-310 | 9
1071 | 12 | 4.63978e-310 | 3
67 | 8 | 17.341 | 84
134 | 9 | 12.806 | 52
268 | 10 | 4.63978e-310 | 2
269 | 10 | 12.4166 | 50
538 | 11 | 12.4166 | 50
1076 | 12 | 8.54263 | 25
2152 | 13 | 8.54263 | 14
4304 | 14 | 8.54263 | 14
8608 | 15 | 2.35247 | 11
17216 | 16 | 2.21526 | 6
17217 | 16 | 0.172333 | 5
8609 | 15 | 0 | 3
2153 | 13 | 1.87329 | 11
4306 | 14 | 4.63978e-310 | 2
4307 | 14 | 4.9449 | 9
1077 | 12 | 3.88635 | 25
2154 | 13 | 3.88635 | 25
4308 | 14 | 3.88635 | 25
8616 | 15 | 2.42092e-322 | 10
8617 | 15 | 1.80579 | 15
17234 | 16 | 1.80579 | 15
34468 | 17 | 1.76505 | 12
68936 | 18 | 6.15678 | 3
68937 | 18 | 4.63978e-310 | 9
34469 | 17 | 0.467865 | 3
135 | 9 | 5.06123 | 32
270 | 10 | 2.83177 | 24
540 | 11 | 2.83177 | 24
1080 | 12 | 4.63978e-310 | 9
1081 | 12 | 1.34329 | 15
2162 | 13 | 4.00193e-322 | 9
2163 | 13 | 4.00193e-322 | 6
271 | 10 | 4.63978e-310 | 8
9 | 5 | 26.3474 | 277
18 | 6 | 20.2085 | 109
36 | 7 | 17.6045 | 46
72 | 8 | 17.6045 | 46
145 | 9 | 17.6045 | 46
290 | 10 | 11.4531 | 15
580 | 11 | 86.376 | 2
581 | 11 | 11.4531 | 13
1162 | 12 | 1.58101e-322 | 6
1163 | 12 | 3.80695 | 7
291 | 10 | 9.61861 | 31
582 | 11 | 9.61861 | 30
1165 | 12 | 9.61861 | 30
2330 | 13 | 6.61635 | 11
4661 | 14 | 6.61635 | 11
9323 | 15 | 6.61635 | 11
18647 | 16 | 6.61635 | 11
37294 | 17 | 8.25269 | 4
37295 | 17 | 48.9548 | 7
2331 | 13 | 7.71673 | 19
4663 | 14 | 7.71673 | 19
9326 | 15 | 2.92144 | 15
18652 | 16 | 0.607812 | 4
18653 | 16 | 2.45088 | 11
37306 | 17 | 2.09554 | 8
37307 | 17 | 39.4037 | 3
9327 | 15 | 4.63978e-310 | 4
583 | 11 | 4.63978e-310 | 1
37 | 7 | 12.4046 | 63
74 | 8 | 12.2918 | 41
148 | 9 | 6.94845 | 22
296 | 10 | 6.94845 | 17
592 | 11 | 4.63978e-310 | 8
593 | 11 | 4.63978e-310 | 9
297 | 10 | 4.63978e-310 | 5
149 | 9 | 4.8676 | 19
298 | 10 | 7.38156 | 8
299 | 10 | 1.89123 | 11
598 | 11 | 0.146477 | 3
599 | 11 | 4.63978e-310 | 8
75 | 8 | 11.6149 | 22
150 | 9 | 4.63978e-310 | 9
151 | 9 | 10.0239 | 13
302 | 10 | 118.322 | 6
303 | 10 | 118.947 | 7
19 | 6 | 21.6978 | 168
38 | 7 | 13.6405 | 56
77 | 8 | 13.6405 | 56
154 | 9 | 4.79244e-322 | 6
155 | 9 | 5.98405 | 50
310 | 10 | 4.04161 | 26
621 | 11 | 4.04161 | 26
1242 | 12 | 1.87149 | 11
2484 | 13 | 1.63141 | 9
2485 | 13 | 18.4872 | 2
1243 | 12 | 2.70766 | 15
2486 | 13 | 2.70766 | 13
4972 | 14 | 35.8089 | 6
4973 | 14 | 72.1486 | 7
2487 | 13 | 4.63978e-310 | 2
311 | 10 | 2.78485 | 24
622 | 11 | 2.23705 | 20
1244 | 12 | 0 | 4
1245 | 12 | 1.5963 | 16
2490 | 13 | 1.14456 | 11
4980 | 14 | 0.359149 | 6
4981 | 14 | 0.128266 | 5
2491 | 13 | 0.241987 | 5
623 | 11 | 4.63978e-310 | 4
39 | 7 | 8.00012 | 112
78 | 8 | 7.86786 | 49
156 | 9 | 3.05918 | 13
312 | 10 | 6.90513e-310 | 2
313 | 10 | 2.06315 | 11
626 | 11 | 6.90513e-310 | 7
627 | 11 | 6.37345e-322 | 4
157 | 9 | 4.88636 | 36
314 | 10 | 2.4371 | 15
628 | 11 | 7.23723 | 8
629 | 11 | 4.63978e-310 | 7
315 | 10 | 2.35349 | 21
630 | 11 | 2.24548 | 13
1260 | 12 | 1.80189 | 11
2520 | 13 | 0.0857447 | 7
2521 | 13 | 2.12195 | 4
1261 | 12 | 4.63978e-310 | 2
631 | 11 | 0.10989 | 8
79 | 8 | 7.90776 | 63
158 | 9 | 3.7474 | 27
316 | 10 | 3.41901 | 17
633 | 11 | 3.41901 | 17
1266 | 12 | 5.69435 | 7
1267 | 12 | 8.69805 | 10
317 | 10 | 4.63978e-310 | 10
159 | 9 | 4.49465 | 36
318 | 10 | 1.67796 | 11
636 | 11 | 1.64234 | 6
637 | 11 | 6.37345e-322 | 5
319 | 10 | 3.30038 | 25
638 | 11 | 4.63978e-310 | 10
639 | 11 | 2.99973 | 15
1278 | 12 | 0.399563 | 8
1279 | 12 | 2.68273 | 7
3 | 3 | 22.4838 | 288
6 | 4 | 17.7113 | 199
12 | 5 | 16.8606 | 108
24 | 6 | 13.4869 | 73
48 | 7 | 13.4869 | 73
96 | 8 | 6.90513e-310 | 2
97 | 8 | 13.4869 | 71
194 | 9 | 13.4869 | 71
388 | 10 | 10.6011 | 12
777 | 11 | 10.6011 | 12
1554 | 12 | 10.6011 | 12
3108 | 13 | 10.6011 | 12
6217 | 14 | 10.6011 | 12
12435 | 15 | 10.6011 | 12
24870 | 16 | 10.5324 | 11
49740 | 17 | 10.5324 | 11
99480 | 18 | 3.21143e-322 | 9
99481 | 18 | 3.21143e-322 | 2
24871 | 16 | 4.63978e-310 | 1
389 | 10 | 3.61651 | 59
778 | 11 | 3.31981 | 40
1557 | 12 | 3.31981 | 40
3114 | 13 | 2.1297 | 14
6228 | 14 | 2.37152e-322 | 4
6229 | 14 | 1.63042e-322 | 10
3115 | 13 | 2.28922 | 26
6230 | 14 | 1.54228 | 14
12460 | 15 | 1.54228 | 14
24920 | 16 | 3.21143e-322 | 5
24921 | 16 | 3.21143e-322 | 9
6231 | 14 | 1.69025 | 12
12463 | 15 | 1.69025 | 12
24926 | 16 | 3.21143e-322 | 3
24927 | 16 | 4.63978e-310 | 9
779 | 11 | 2.45589 | 19
1558 | 12 | 2.45589 | 19
3116 | 13 | 3.21143e-322 | 8
3117 | 13 | 1.1736 | 11
6234 | 14 | 0 | 4
6235 | 14 | 1.63042e-322 | 7
25 | 6 | 12.5345 | 35
50 | 7 | 10.06 | 22
100 | 8 | 10.06 | 21
200 | 9 | 10.06 | 21
400 | 10 | 4.63978e-310 | 9
401 | 10 | 5.44354 | 12
802 | 11 | 4.63978e-310 | 7
803 | 11 | 4.63978e-310 | 5
101 | 8 | 4.63978e-310 | 1
51 | 7 | 3.34601 | 13
102 | 8 | 0.26501 | 6
103 | 8 | 3.60742 | 7
13 | 5 | 15.1392 | 91
26 | 6 | 12.3382 | 65
52 | 7 | 10.2338 | 30
104 | 8 | 10.2338 | 24
208 | 9 | 2.8623 | 23
416 | 10 | 2.8623 | 19
832 | 11 | 1.75164 | 11
1664 | 12 | 1.75164 | 11
3328 | 13 | 1.63042e-322 | 5
3329 | 13 | 1.63042e-322 | 6
833 | 11 | 1.58101e-322 | 8
417 | 10 | 1.63042e-322 | 4
209 | 9 | 4.63978e-310 | 1
105 | 8 | 4.63978e-310 | 6
53 | 7 | 5.79497 | 35
106 | 8 | 2.47711 | 23
212 | 9 | 2.47711 | 23
424 | 10 | 2.47711 | 23
848 | 11 | 1.3592 | 12
1697 | 12 | 1.3592 | 12
3394 | 13 | 1.63042e-322 | 9
3395 | 13 | 1.58101e-322 | 3
849 | 11 | 1.53015 | 11
1698 | 12 | 1.53015 | 11
3396 | 13 | 1.63042e-322 | 5
3397 | 13 | 1.63042e-322 | 6
107 | 8 | 3.44482 | 12
214 | 9 | 3.44482 | 12
428 | 10 | 1.63042e-322 | 5
429 | 10 | 1.58101e-322 | 7
27 | 6 | 12.9831 | 26
54 | 7 | 1.58101e-322 | 6
55 | 7 | 6.64043 | 20
110 | 8 | 6.0897 | 15
220 | 9 | 1.58101e-322 | 4
221 | 9 | 4.58766 | 11
442 | 10 | 1.63042e-322 | 3
443 | 10 | 1.63042e-322 | 8
111 | 8 | 1.63042e-322 | 5
7 | 4 | 10.8364 | 89
14 | 5 | 8.95199 | 51
28 | 6 | 6.32722 | 34
56 | 7 | 5.90265 | 16
112 | 8 | 6.90513e-310 | 4
113 | 8 | 4.0432 | 12
226 | 9 | 4.63978e-310 | 2
227 | 9 | 4.63978e-310 | 10
57 | 7 | 5.58617 | 18
114 | 8 | 4.35136 | 2
115 | 8 | 4.90074 | 16
230 | 9 | 0.584494 | 4
231 | 9 | 4.51169 | 12
462 | 10 | 4.51169 | 12
924 | 11 | 1.58101e-322 | 9
925 | 11 | 1.63042e-322 | 3
29 | 6 | 7.54702 | 17
58 | 7 | 4.63978e-310 | 2
59 | 7 | 7.54702 | 15
118 | 8 | 1.63042e-322 | 6
119 | 8 | 1.63042e-322 | 9
15 | 5 | 6.27845 | 38
30 | 6 | 3.24196 | 16
60 | 7 | 1.58101e-322 | 3
61 | 7 | 2.17295 | 13
122 | 8 | 1.58101e-322 | 4
123 | 8 | 1.63042e-322 | 9
31 | 6 | 3.77515 | 22
62 | 7 | 1.58101e-322 | 5
63 | 7 | 3.07248 | 17
126 | 8 | 1.97901 | 13
252 | 9 | 1.58101e-322 | 7
253 | 9 | 1.63042e-322 | 6
127 | 8 | 1.63042e-322 | 4
1 | 1 | 19.5688 | 427
2 | 2 | 19.5688 | 421
4 | 3 | 11.2707 | 227
8 | 4 | 9.74593 | 126
16 | 5 | 7.07172 | 70
32 | 6 | 7.07172 | 51
64 | 7 | 1.58101e-322 | 8
65 | 7 | 7.07172 | 43
130 | 8 | 2.82959 | 15
260 | 9 | 0.131399 | 6
261 | 9 | 1.06913 | 9
131 | 8 | 4.71609 | 28
262 | 9 | 1.58101e-322 | 6
263 | 9 | 4.28266 | 22
526 | 10 | 4.12233 | 14
1052 | 11 | 1.63042e-322 | 2
1053 | 11 | 3.4336 | 12
2107 | 12 | 3.4336 | 12
4214 | 13 | 3.4336 | 12
8428 | 14 | 1.63042e-322 | 4
8429 | 14 | 1.58101e-322 | 8
527 | 10 | 1.58101e-322 | 8
33 | 6 | 4.81591 | 19
66 | 7 | 4.81591 | 19
132 | 8 | 4.63978e-310 | 9
133 | 8 | 4.4873 | 10
17 | 5 | 4.90561 | 56
34 | 6 | 3.73186 | 38
68 | 7 | 3.73186 | 36
136 | 8 | 3.05327 | 29
272 | 9 | 5.71687 | 3
273 | 9 | 2.43673 | 26
546 | 10 | 1.99664 | 11
1092 | 11 | 0.28925 | 9
1093 | 11 | 0.384016 | 2
547 | 10 | 1.82214 | 15
1094 | 11 | 4.63978e-310 | 10
1095 | 11 | 4.63978e-310 | 5
137 | 8 | 4.63978e-310 | 7
69 | 7 | 4.63978e-310 | 2
35 | 6 | 2.80134 | 18
70 | 7 | 2.80134 | 13
140 | 8 | 4.63978e-310 | 2
141 | 8 | 2.02027 | 11
282 | 9 | 4.63978e-310 | 5
283 | 9 | 4.63978e-310 | 6
71 | 7 | 4.63978e-310 | 5
9 | 4 | 8.51256 | 101
18 | 5 | 6.6951 | 64
36 | 6 | 5.60318 | 28
73 | 7 | 5.60318 | 28
146 | 8 | 3.05243 | 19
292 | 9 | 2.8492 | 16
585 | 10 | 2.8492 | 16
1170 | 11 | 4.63978e-310 | 6
1171 | 11 | 4.63978e-310 | 10
293 | 9 | 4.63978e-310 | 3
147 | 8 | 4.63978e-310 | 9
37 | 6 | 6.28146 | 36
74 | 7 | 5.90872 | 22
148 | 8 | 3.09678 | 18
296 | 9 | 0.085232 | 1
297 | 9 | 3.07785 | 17
594 | 10 | 3.07785 | 17
1188 | 11 | 0.521745 | 5
1189 | 11 | 1.52554 | 12
2378 | 12 | 0.085232 | 3
2379 | 12 | 3.0645 | 9
149 | 8 | 0.404373 | 4
75 | 7 | 5.32564 | 14
150 | 8 | 1.83684 | 11
300 | 9 | 0.100614 | 6
301 | 9 | 0.203989 | 5
151 | 8 | 2.94165 | 3
19 | 5 | 4.1686 | 37
38 | 6 | 3.12953 | 20
76 | 7 | 3.12953 | 20
152 | 8 | 2.2739 | 11
304 | 9 | 0.791987 | 9
305 | 9 | 0.780681 | 2
153 | 8 | 4.63978e-310 | 9
39 | 6 | 2.2445 | 17
78 | 7 | 2.2445 | 17
156 | 8 | 0.196202 | 3
157 | 8 | 1.72697 | 14
314 | 9 | 0.974199 | 9
315 | 9 | 0.291405 | 5
5 | 3 | 13.0808 | 194
10 | 4 | 13.0808 | 194
20 | 5 | 12.3794 | 154
40 | 6 | 8.24419 | 83
80 | 7 | 8.24419 | 83
160 | 8 | 5.56223 | 53
320 | 9 | 3.31922 | 24
640 | 10 | 3.31922 | 24
1280 | 11 | 2.72898 | 17
2560 | 12 | 3.92832 | 9
2561 | 12 | 0.171944 | 8
1281 | 11 | 0 | 7
321 | 9 | 4.12826 | 29
642 | 10 | 3.27334 | 24
1284 | 11 | 2.21556 | 12
2568 | 12 | 0.100545 | 8
2569 | 12 | 4.63978e-310 | 4
1285 | 11 | 2.1739 | 12
2570 | 12 | 1.55043 | 6
2571 | 12 | 0.363299 | 6
643 | 10 | 4.63978e-310 | 5
161 | 8 | 4.94192 | 30
322 | 9 | 2.56041 | 13
645 | 10 | 2.56041 | 13
1290 | 11 | 0.481386 | 9
1291 | 11 | 0.491651 | 4
323 | 9 | 2.8479 | 17
646 | 10 | 2.8479 | 17
1292 | 11 | 2.12735 | 11
2584 | 12 | 0.639631 | 6
2585 | 12 | 0.372735 | 5
1293 | 11 | 4.63978e-310 | 6
41 | 6 | 9.07815 | 71
82 | 7 | 8.39678 | 51
164 | 8 | 5.95186 | 33
328 | 9 | 3.58912 | 14
656 | 10 | 7.29902 | 8
657 | 10 | 4.63978e-310 | 6
329 | 9 | 4.61928 | 19
658 | 10 | 4.61928 | 16
1316 | 11 | 3.69017 | 12
2632 | 12 | 1.12119 | 7
2633 | 12 | 1.52576 | 5
1317 | 11 | 1.98317 | 4
659 | 10 | 1.07062 | 3
165 | 8 | 3.42037 | 18
330 | 9 | 3.21143e-322 | 5
331 | 9 | 2.22687 | 13
662 | 10 | 4.63978e-310 | 8
663 | 10 | 4.63978e-310 | 5
83 | 7 | 7.11544 | 20
166 | 8 | 4.63978e-310 | 6
167 | 8 | 4.60844 | 14
334 | 9 | 1.02247 | 1
335 | 9 | 4.58625 | 13
671 | 10 | 4.58625 | 13
1342 | 11 | 1.5 | 8
1343 | 11 | 8.46447 | 5
21 | 5 | 10.0792 | 40
42 | 6 | 3.15495 | 14
84 | 7 | 3.15495 | 14
168 | 8 | 3.15495 | 11
336 | 9 | 2.13749 | 7
337 | 9 | 1.5 | 4
169 | 8 | 2.46384 | 3
43 | 6 | 6.8606 | 26
86 | 7 | 4.63978e-310 | 6
87 | 7 | 4.6889 | 20
174 | 8 | 0.361784 | 7
175 | 8 | 4.6889 | 13
350 | 9 | 2.66707 | 10
351 | 9 | 3.47221 | 3
3 | 2 | 4.63978e-310 | 6
