ID | Depth | diameter | Number of points
0 | 0 | 29.316 | 1600
0 | 1 | 26.6481 | 525
0 | 2 | 4.63978e-310 | 2
1 | 2 | 26.6481 | 523
2 | 3 | 24.42 | 473
4 | 4 | 18.2548 | 145
8 | 5 | 4.63978e-310 | 7
9 | 5 | 17.1183 | 138
18 | 6 | 17.1183 | 138
36 | 7 | 12.3585 | 60
72 | 8 | 10.0456 | 29
144 | 9 | 3.47264 | 11
288 | 10 | 0.775812 | 1
289 | 10 | 1.63042e-322 | 10
145 | 9 | 5.74856 | 18
291 | 10 | 5.74856 | 18
582 | 11 | 5.74856 | 17
1164 | 12 | 3.61591 | 9
1165 | 12 | 10.3248 | 8
583 | 11 | 5.98827 | 1
73 | 8 | 12.3272 | 31
146 | 9 | 8.7578 | 14
292 | 10 | 10.9361 | 1
293 | 10 | 5.28777 | 13
586 | 11 | 29.95 | 5
587 | 11 | 1.26481e-321 | 8
147 | 9 | 7.86523 | 17
294 | 10 | 1.41659 | 2
295 | 10 | 5.89511 | 15
590 | 11 | 5.55155 | 6
591 | 11 | 3.68861 | 9
37 | 7 | 17.1183 | 78
74 | 8 | 15.2826 | 34
148 | 9 | 15.2826 | 34
296 | 10 | 15.2826 | 34
592 | 11 | 15.2826 | 33
1184 | 12 | 15.0335 | 29
2369 | 13 | 15.0335 | 29
4738 | 14 | 15.0335 | 26
9476 | 15 | 4.93522 | 9
9477 | 15 | 1.99789 | 17
18954 | 16 | 2.46304 | 5
18955 | 16 | 1.97333 | 12
37910 | 17 | 0.783932 | 9
37911 | 17 | 2.2276 | 3
4739 | 14 | 4.63978e-310 | 3
1185 | 12 | 4.63978e-310 | 4
593 | 11 | 4.63978e-310 | 1
75 | 8 | 15.5403 | 44
150 | 9 | 15.5403 | 44
300 | 10 | 14.7835 | 32
601 | 11 | 14.7835 | 32
1202 | 12 | 14.7835 | 32
2404 | 13 | 14.7835 | 32
4808 | 14 | 14.5663 | 28
9616 | 15 | 8.07652 | 3
9617 | 15 | 2.78896 | 25
19234 | 16 | 2.02502 | 14
38468 | 17 | 4.57643 | 7
38469 | 17 | 5.58294e-322 | 7
19235 | 16 | 1.7127 | 11
38470 | 17 | 2.33656 | 6
38471 | 17 | 0.340395 | 5
4809 | 14 | 4.63978e-310 | 4
301 | 10 | 15.5403 | 12
602 | 11 | 4.63978e-310 | 1
603 | 11 | 15.5403 | 11
1206 | 12 | 15.5403 | 11
2412 | 13 | 15.5403 | 11
4825 | 14 | 15.5403 | 11
9650 | 15 | 15.5403 | 11
19300 | 16 | 15.5403 | 11
38600 | 17 | 0.118687 | 6
38601 | 17 | 2.13457 | 5
5 | 4 | 21.3166 | 328
10 | 5 | 19.9063 | 206
20 | 6 | 9.22801 | 46
40 | 7 | 7.9839 | 26
81 | 8 | 7.9839 | 26
162 | 9 | 1.63042e-322 | 3
163 | 9 | 7.88429 | 23
326 | 10 | 4.79394 | 11
652 | 11 | 2.37152e-322 | 6
653 | 11 | 4.63978e-310 | 5
327 | 10 | 7.88429 | 12
654 | 11 | 2.37152e-322 | 1
655 | 11 | 7.88429 | 11
1311 | 12 | 7.88429 | 11
2622 | 13 | 7.88429 | 11
5244 | 14 | 0.433644 | 8
5245 | 14 | 11.0763 | 3
41 | 7 | 8.12628 | 20
82 | 8 | 4.63978e-310 | 1
83 | 8 | 8.08669 | 19
167 | 9 | 8.08669 | 19
334 | 10 | 4.63978e-310 | 6
335 | 10 | 8.08669 | 13
670 | 11 | 56.6961 | 10
671 | 11 | 4.00275 | 3
21 | 6 | 8.54686 | 160
42 | 7 | 7.40213 | 88
84 | 8 | 5.13307 | 38
168 | 9 | 5.13307 | 38
336 | 10 | 2.60202 | 16
672 | 11 | 23.0052 | 1
673 | 11 | 2.60202 | 15
1346 | 12 | 2.60202 | 15
2692 | 13 | 0.430331 | 5
2693 | 13 | 0.75231 | 10
337 | 10 | 2.67506 | 22
674 | 11 | 2.4191 | 12
1348 | 12 | 2.4191 | 11
2696 | 13 | 2.04327 | 3
2697 | 13 | 4.63978e-310 | 8
1349 | 12 | 4.63978e-310 | 1
675 | 11 | 4.63978e-310 | 10
85 | 8 | 5.73191 | 50
170 | 9 | 4.63978e-310 | 8
171 | 9 | 4.33975 | 42
342 | 10 | 3.83341 | 20
684 | 11 | 1.58101e-322 | 8
685 | 11 | 3.29617 | 12
1370 | 12 | 3.29617 | 12
2740 | 13 | 4.63978e-310 | 1
2741 | 13 | 2.99326 | 11
5482 | 14 | 8.69556e-322 | 9
5483 | 14 | 0.413639 | 2
343 | 10 | 3.91231 | 22
686 | 11 | 4.63978e-310 | 7
687 | 11 | 3.54992 | 15
1375 | 12 | 3.54992 | 15
2750 | 13 | 0.0603632 | 7
2751 | 13 | 10.2111 | 8
43 | 7 | 5.85428 | 72
86 | 8 | 2.96473 | 35
172 | 9 | 2.51868 | 11
344 | 10 | 2.51868 | 11
688 | 11 | 7.10255 | 4
689 | 11 | 7.47608 | 7
173 | 9 | 2.40458 | 24
346 | 10 | 2.07179 | 13
692 | 11 | 4.63978e-310 | 4
693 | 11 | 1.3704 | 9
347 | 10 | 2.26636 | 11
694 | 11 | 0.0856727 | 4
695 | 11 | 2.45085 | 7
87 | 8 | 3.6393 | 37
174 | 9 | 4.63978e-310 | 4
175 | 9 | 3.57066 | 33
350 | 10 | 0.0330875 | 8
351 | 10 | 3.4059 | 25
702 | 11 | 0.226756 | 10
703 | 11 | 1.4765 | 15
1406 | 12 | 9.13946 | 8
1407 | 12 | 8.94074 | 7
11 | 5 | 19.3699 | 122
22 | 6 | 7.9376 | 26
44 | 7 | 7.58593 | 20
89 | 8 | 7.58593 | 20
178 | 9 | 5.93288 | 17
356 | 10 | 4.63978e-310 | 10
357 | 10 | 28.6546 | 7
179 | 9 | 1.63042e-322 | 3
45 | 7 | 4.63978e-310 | 6
23 | 6 | 7.36866 | 96
46 | 7 | 3.17803 | 25
92 | 8 | 2.32249 | 13
184 | 9 | 2.32249 | 13
368 | 10 | 1.58101e-322 | 8
369 | 10 | 4.63978e-310 | 5
93 | 8 | 2.18092 | 12
186 | 9 | 1.58101e-322 | 1
187 | 9 | 2.06994 | 11
374 | 10 | 1.65268 | 3
375 | 10 | 4.63978e-310 | 8
47 | 7 | 5.25599 | 71
94 | 8 | 5.08197 | 59
188 | 9 | 5.08197 | 59
376 | 10 | 2.45058 | 30
752 | 11 | 2.45058 | 17
1504 | 12 | 2.45058 | 17
3008 | 13 | 0.594791 | 9
3009 | 13 | 0.34971 | 8
753 | 11 | 1.64439 | 13
1507 | 12 | 1.64439 | 13
3014 | 13 | 7.11455e-322 | 8
3015 | 13 | 57.5464 | 5
377 | 10 | 2.61191 | 29
754 | 11 | 0.592522 | 4
755 | 11 | 2.22489 | 25
1510 | 12 | 2.42092e-322 | 10
1511 | 12 | 1.62625 | 15
3022 | 13 | 1.54495 | 2
3023 | 13 | 1.59047 | 13
6046 | 14 | 4.34618 | 6
6047 | 14 | 0.026415 | 7
95 | 8 | 3.65355 | 12
190 | 9 | 3.65355 | 12
380 | 10 | 4.63978e-310 | 7
381 | 10 | 0.743385 | 5
3 | 3 | 16.3333 | 50
6 | 4 | 10.5755 | 16
12 | 5 | 4.63978e-310 | 9
13 | 5 | 4.63978e-310 | 7
7 | 4 | 9.5182 | 34
14 | 5 | 6.19096 | 19
28 | 6 | 4.63978e-310 | 2
29 | 6 | 5.88651 | 17
58 | 7 | 5.44354 | 13
116 | 8 | 1.58101e-322 | 6
117 | 8 | 1.58101e-322 | 7
59 | 7 | 1.63042e-322 | 4
15 | 5 | 5.56133 | 15
31 | 6 | 5.56133 | 15
62 | 7 | 0 | 8
63 | 7 | 4.63978e-310 | 7
1 | 1 | 25.8729 | 1075
2 | 2 | 24.8309 | 534
4 | 3 | 13.7897 | 177
8 | 4 | 10.8062 | 97
16 | 5 | 10.305 | 60
32 | 6 | 7.1695 | 41
64 | 7 | 3.38105 | 21
128 | 8 | 0.815435 | 5
129 | 8 | 3.38105 | 16
258 | 9 | 3.38105 | 16
516 | 10 | 2.3681 | 12
1032 | 11 | 2.3681 | 12
2064 | 12 | 0 | 2
2065 | 12 | 1.72633 | 10
517 | 10 | 4.63978e-310 | 4
65 | 7 | 4.19946 | 20
130 | 8 | 4.63978e-310 | 6
131 | 8 | 3.43463 | 14
262 | 9 | 13.2205 | 9
263 | 9 | 7.11519 | 5
33 | 6 | 7.62713 | 19
66 | 7 | 3.3257 | 3
67 | 7 | 7.62241 | 16
134 | 8 | 7.62241 | 16
268 | 9 | 43.8455 | 10
269 | 9 | 5.90942 | 6
17 | 5 | 9.75947 | 37
34 | 6 | 7.44018 | 27
68 | 7 | 5.37747 | 18
137 | 8 | 5.37747 | 18
274 | 9 | 5.30325 | 17
548 | 10 | 4.23062 | 12
1096 | 11 | 4.23062 | 12
2192 | 12 | 0.700743 | 5
2193 | 12 | 2.19005 | 7
549 | 10 | 4.63978e-310 | 5
275 | 9 | 4.63978e-310 | 1
69 | 7 | 4.63978e-310 | 9
35 | 6 | 4.63978e-310 | 10
9 | 4 | 6.86104 | 80
18 | 5 | 6.823 | 73
36 | 6 | 4.29502 | 40
72 | 7 | 2.76731 | 15
144 | 8 | 8.67893 | 6
145 | 8 | 1.63042e-322 | 9
73 | 7 | 4.29502 | 25
146 | 8 | 2.87637 | 12
292 | 9 | 4.63978e-310 | 10
293 | 9 | 4.63978e-310 | 2
147 | 8 | 2.3308 | 13
294 | 9 | 3.29984 | 8
295 | 9 | 1.71082 | 5
37 | 6 | 3.82914 | 33
75 | 7 | 3.82914 | 33
150 | 8 | 4.63978e-310 | 10
151 | 8 | 2.72096 | 23
302 | 9 | 2.00017 | 15
604 | 10 | 0.384095 | 10
605 | 10 | 0.797326 | 5
303 | 9 | 4.63978e-310 | 8
19 | 5 | 4.63978e-310 | 7
5 | 3 | 18.6796 | 357
10 | 4 | 16.2124 | 234
20 | 5 | 15.7956 | 151
40 | 6 | 5.30736 | 35
80 | 7 | 5.30736 | 35
160 | 8 | 4.51047 | 12
320 | 9 | 1.25239 | 9
321 | 9 | 0.866613 | 3
161 | 8 | 4.68581 | 23
322 | 9 | 3.90532 | 16
644 | 10 | 3.90532 | 16
1289 | 11 | 3.90532 | 16
2578 | 12 | 0.12756 | 5
2579 | 12 | 1.61326 | 11
5158 | 13 | 1.61326 | 11
10316 | 14 | 1.82316 | 10
10317 | 14 | 0.234654 | 1
323 | 9 | 4.63978e-310 | 7
41 | 6 | 10.871 | 116
82 | 7 | 4.63978e-310 | 7
83 | 7 | 10.871 | 109
166 | 8 | 10.871 | 109
332 | 9 | 5.01805 | 71
664 | 10 | 3.19577 | 12
1328 | 11 | 1.58101e-322 | 7
1329 | 11 | 1.58101e-322 | 5
665 | 10 | 4.21811 | 59
1330 | 11 | 3.80496 | 25
2660 | 12 | 3.47966 | 19
5320 | 13 | 3.18387 | 16
10640 | 14 | 4.63978e-310 | 6
10641 | 14 | 0.922855 | 10
5321 | 13 | 7.43088 | 3
2661 | 12 | 4.63978e-310 | 6
1331 | 11 | 4.07823 | 34
2662 | 12 | 2.61657 | 17
5324 | 13 | 1.98391 | 7
5325 | 13 | 1.02316 | 10
2663 | 12 | 1.51249 | 17
5326 | 13 | 0.870629 | 12
10652 | 14 | 0.858855 | 11
21304 | 15 | 4.63978e-310 | 4
21305 | 15 | 0.210434 | 7
10653 | 14 | 4.63978e-310 | 1
5327 | 13 | 4.63978e-310 | 5
333 | 9 | 7.19661 | 38
666 | 10 | 6.93994 | 19
1332 | 11 | 6.93994 | 19
2664 | 12 | 2.42696 | 5
2665 | 12 | 3.73681 | 14
5330 | 13 | 48.1627 | 6
5331 | 13 | 0 | 8
667 | 10 | 3.13277 | 19
1334 | 11 | 3.06345 | 11
2668 | 12 | 1.10579 | 4
2669 | 12 | 4.40305 | 7
1335 | 11 | 4.63978e-310 | 8
21 | 5 | 15.9806 | 83
42 | 6 | 9.77275 | 69
84 | 7 | 9.77275 | 47
169 | 8 | 9.77275 | 47
338 | 9 | 14.4259 | 10
339 | 9 | 4.76299 | 37
678 | 10 | 2.31225 | 16
1356 | 11 | 4.63978e-310 | 1
1357 | 11 | 2.31225 | 15
2715 | 12 | 2.31225 | 15
5430 | 13 | 0.57155 | 6
5431 | 13 | 0 | 9
679 | 10 | 3.10624 | 21
1358 | 11 | 2.22204 | 11
2716 | 12 | 3.88095 | 9
2717 | 12 | 8.11233 | 2
1359 | 11 | 4.63978e-310 | 10
85 | 7 | 4.09443 | 22
170 | 8 | 4.63978e-310 | 1
171 | 8 | 4.09443 | 21
342 | 9 | 2.46063 | 11
684 | 10 | 2.46063 | 11
1368 | 11 | 3.91206 | 8
1369 | 11 | 2.89613 | 3
343 | 9 | 4.63978e-310 | 10
43 | 6 | 7.74247 | 14
86 | 7 | 5.70387 | 12
173 | 8 | 5.70387 | 12
346 | 9 | 0 | 2
347 | 9 | 2.01371 | 10
87 | 7 | 4.63978e-310 | 2
11 | 4 | 12.3086 | 123
22 | 5 | 12.1167 | 87
44 | 6 | 3.84074 | 35
88 | 7 | 3.84074 | 35
176 | 8 | 1.58101e-322 | 6
177 | 8 | 3.48376 | 29
354 | 9 | 1.84033 | 13
708 | 10 | 0.459828 | 4
709 | 10 | 0.260123 | 9
355 | 9 | 1.8655 | 16
711 | 10 | 1.8655 | 16
1422 | 11 | 2.1732 | 9
1423 | 11 | 1.82088 | 7
45 | 6 | 8.23719 | 52
90 | 7 | 8.23719 | 52
180 | 8 | 4.63978e-310 | 2
181 | 8 | 8.23719 | 50
362 | 9 | 5.68976 | 38
724 | 10 | 1.63042e-322 | 2
725 | 10 | 5.22378 | 36
1450 | 11 | 5.22378 | 23
2900 | 12 | 0.00243119 | 8
2901 | 12 | 3.28099 | 15
5802 | 13 | 2.58806 | 12
11604 | 14 | 0.217617 | 5
11605 | 14 | 5.61007 | 7
5803 | 13 | 4.63978e-310 | 3
1451 | 11 | 3.68609 | 13
2902 | 12 | 4.63978e-310 | 5
2903 | 12 | 0 | 8
363 | 9 | 2.74132 | 12
726 | 10 | 0.58167 | 2
727 | 10 | 5.58294e-322 | 10
23 | 5 | 11.6256 | 36
46 | 6 | 6.64196 | 20
92 | 7 | 4.63978e-310 | 4
93 | 7 | 5.10316 | 16
187 | 8 | 5.10316 | 16
374 | 9 | 4.12202 | 12
749 | 10 | 4.12202 | 12
1499 | 11 | 4.12202 | 12
2998 | 12 | 2.24298 | 6
2999 | 12 | 0.127692 | 6
375 | 9 | 4.63978e-310 | 4
47 | 6 | 4.7988 | 16
94 | 7 | 3.33767 | 11
188 | 8 | 4.63978e-310 | 8
189 | 8 | 8.34058 | 3
95 | 7 | 4.63978e-310 | 5
3 | 2 | 24.7905 | 541
6 | 3 | 13.0281 | 160
12 | 4 | 8.653 | 63
24 | 5 | 8.653 | 63
48 | 6 | 3.65471 | 15
96 | 7 | 1 | 10
97 | 7 | 3.71483 | 5
49 | 6 | 7.67622 | 48
98 | 7 | 4.63978e-310 | 9
99 | 7 | 7.4284 | 39
198 | 8 | 1.63042e-322 | 3
199 | 8 | 7.42593 | 36
399 | 9 | 7.42593 | 36
798 | 10 | 7.42593 | 22
1596 | 11 | 4.63978e-310 | 10
1597 | 11 | 1.93341 | 12
3194 | 12 | 1.75603 | 2
3195 | 12 | 0.298121 | 10
799 | 10 | 2.80129 | 14
1598 | 11 | 2.44584 | 5
1599 | 11 | 1.94664 | 9
13 | 4 | 7.48623 | 97
26 | 5 | 7.1442 | 24
52 | 6 | 4.63978e-310 | 9
53 | 6 | 5.36103 | 15
106 | 7 | 5.36103 | 15
212 | 8 | 49.9337 | 1
213 | 8 | 5.36103 | 14
426 | 9 | 4.63978e-310 | 10
427 | 9 | 0.0285635 | 4
27 | 5 | 7.29821 | 73
54 | 6 | 3.26219 | 16
108 | 7 | 4.63978e-310 | 3
109 | 7 | 2.96647 | 13
218 | 8 | 0 | 2
219 | 8 | 2.35055 | 11
438 | 9 | 4.05264 | 5
439 | 9 | 3.55524 | 6
55 | 6 | 5.34854 | 57
110 | 7 | 1.88742 | 11
220 | 8 | 0.458407 | 6
221 | 8 | 0.358257 | 5
111 | 7 | 4.59155 | 46
222 | 8 | 4.51165 | 35
444 | 9 | 1.79163 | 15
888 | 10 | 0.497561 | 8
889 | 10 | 0.12888 | 7
445 | 9 | 2.58103 | 20
890 | 10 | 2.58103 | 20
1780 | 11 | 0.802933 | 7
1781 | 11 | 2.13043 | 13
3562 | 12 | 1.43641 | 7
3563 | 12 | 0.363171 | 6
223 | 8 | 4.03385 | 11
446 | 9 | 4.63978e-310 | 6
447 | 9 | 3.46154 | 5
7 | 3 | 18.9886 | 381
14 | 4 | 8.1304 | 47
28 | 5 | 7.38942 | 40
56 | 6 | 3.62087 | 36
112 | 7 | 4.63978e-310 | 6
113 | 7 | 3.40591 | 30
226 | 8 | 4.63978e-310 | 9
227 | 8 | 1.77908 | 21
454 | 9 | 1.76512 | 17
908 | 10 | 2.96695 | 7
909 | 10 | 3.6243 | 10
455 | 9 | 4.63978e-310 | 4
57 | 6 | 4.63978e-310 | 4
29 | 5 | 4.63978e-310 | 7
15 | 4 | 18.1058 | 334
30 | 5 | 4.63978e-310 | 1
31 | 5 | 18.1058 | 333
62 | 6 | 12.8971 | 260
124 | 7 | 9.43524 | 145
248 | 8 | 9.20751 | 102
496 | 9 | 3.99656 | 29
992 | 10 | 3.99656 | 29
1984 | 11 | 3.99656 | 22
3968 | 12 | 2.66035 | 9
3969 | 12 | 2.10007 | 13
7938 | 13 | 2.10007 | 13
15876 | 14 | 9.48606e-322 | 3
15877 | 14 | 4.63978e-310 | 10
1985 | 11 | 4.63978e-310 | 7
497 | 9 | 6.08599 | 73
994 | 10 | 2.20508 | 15
1988 | 11 | 30.6845 | 10
1989 | 11 | 29.0794 | 5
995 | 10 | 5.47751 | 58
1990 | 11 | 5.10397 | 12
3980 | 12 | 3.68664 | 6
3981 | 12 | 6.02444 | 6
1991 | 11 | 5.34159 | 46
3982 | 12 | 2.76599 | 21
7964 | 13 | 0.410015 | 9
7965 | 13 | 1.33766 | 12
15930 | 14 | 0 | 8
15931 | 14 | 150.298 | 4
3983 | 12 | 2.81315 | 25
7966 | 13 | 0.586517 | 6
7967 | 13 | 2.18804 | 19
15934 | 14 | 2.00343 | 12
31868 | 15 | 7.90505e-322 | 5
31869 | 15 | 0.652313 | 7
15935 | 14 | 4.63978e-310 | 7
249 | 8 | 8.97189 | 43
498 | 9 | 4.81425 | 11
996 | 10 | 4.63978e-310 | 1
997 | 10 | 4.63978e-310 | 10
499 | 9 | 4.83875 | 32
998 | 10 | 0.273634 | 6
999 | 10 | 3.64009 | 26
1998 | 11 | 3.64009 | 20
3996 | 12 | 0.533268 | 9
3997 | 12 | 2.08627 | 11
7994 | 13 | 6.59921 | 7
7995 | 13 | 4.63978e-310 | 4
1999 | 11 | 4.63978e-310 | 6
125 | 7 | 10.5981 | 115
250 | 8 | 9.94699 | 72
500 | 9 | 4.76589 | 33
1001 | 10 | 4.76589 | 33
2002 | 11 | 4.55499 | 12
4004 | 12 | 6.90513e-310 | 7
4005 | 12 | 2.91461 | 5
2003 | 11 | 3.92252 | 21
4006 | 12 | 0.535017 | 7
4007 | 12 | 2.96688 | 14
8015 | 13 | 2.96688 | 14
16030 | 14 | 0.671155 | 4
16031 | 14 | 0.390861 | 10
501 | 9 | 5.26432 | 39
1002 | 10 | 5.26432 | 39
2004 | 11 | 4.79821 | 18
4008 | 12 | 1.31963 | 8
4009 | 12 | 0.677189 | 10
2005 | 11 | 5.26432 | 21
4010 | 12 | 2.52007 | 12
8020 | 13 | 2.52007 | 12
16040 | 14 | 2.52007 | 12
32080 | 15 | 3.33284 | 9
32081 | 15 | 8.69556e-322 | 3
4011 | 12 | 4.63978e-310 | 9
251 | 8 | 9.94737 | 43
502 | 9 | 5.58964 | 26
1004 | 10 | 5.58964 | 26
2009 | 11 | 5.58964 | 26
4018 | 12 | 4.13343 | 20
8037 | 13 | 4.13343 | 20
16074 | 14 | 3.67268 | 15
32148 | 15 | 2.40619 | 9
32149 | 15 | 1.62229 | 6
16075 | 14 | 5.48195 | 5
4019 | 12 | 1.6026 | 6
503 | 9 | 4.37206 | 17
1006 | 10 | 4.63978e-310 | 2
1007 | 10 | 3.27066 | 15
2014 | 11 | 1.69303 | 3
2015 | 11 | 3.02179 | 12
4030 | 12 | 0.29678 | 4
4031 | 12 | 3.51916 | 8
63 | 6 | 9.10277 | 73
126 | 7 | 5.12218 | 33
252 | 8 | 4.26307 | 15
504 | 9 | 1.58101e-322 | 2
505 | 9 | 3.56143 | 13
1010 | 10 | 1.63042e-322 | 6
1011 | 10 | 1.63042e-322 | 7
253 | 8 | 4.40011 | 18
506 | 9 | 3.07472 | 14
1012 | 10 | 4.63978e-310 | 4
1013 | 10 | 2.37152e-322 | 10
507 | 9 | 1.63042e-322 | 4
127 | 7 | 4.91531 | 40
254 | 8 | 4.91531 | 26
508 | 9 | 10.8404 | 5
509 | 9 | 4.09684 | 21
1018 | 10 | 13.7363 | 8
1019 | 10 | 2.26872 | 13
2038 | 11 | 4.63978e-310 | 3
2039 | 11 | 4.63978e-310 | 10
255 | 8 | 4.31391 | 14
510 | 9 | 4.63978e-310 | 8
511 | 9 | 0.690091 | 6
