ID | Depth | diameter | Number of points
0 | 0 | 29.316 | 1600
0 | 1 | 28.1196 | 1154
0 | 2 | 26.6677 | 104
0 | 3 | 26.6677 | 92
0 | 4 | 21.4861 | 27
0 | 5 | 21.4861 | 27
0 | 6 | 83.8782 | 10
1 | 6 | 14.2593 | 17
2 | 7 | 0.739524 | 5
3 | 7 | 4.04338 | 12
6 | 8 | 4.04338 | 12
12 | 9 | 4.04338 | 12
24 | 10 | 9.17093 | 8
25 | 10 | 1.63042e-322 | 4
1 | 4 | 22.8545 | 65
2 | 5 | 22.8545 | 65
4 | 6 | 10.6781 | 22
8 | 7 | 4.63978e-310 | 8
9 | 7 | 9.15845 | 14
18 | 8 | 0.576371 | 2
19 | 8 | 9.15845 | 12
39 | 9 | 9.15845 | 12
78 | 10 | 40.5981 | 6
79 | 10 | 2.84501 | 6
5 | 6 | 10.9831 | 43
10 | 7 | 3.87635 | 15
20 | 8 | 75.6327 | 9
21 | 8 | 74.0668 | 6
11 | 7 | 10.9831 | 28
22 | 8 | 10.9831 | 28
44 | 9 | 5.66785 | 19
88 | 10 | 4.23905 | 4
89 | 10 | 4.7975 | 15
178 | 11 | 1.21816 | 1
179 | 11 | 4.7975 | 14
358 | 12 | 5.79813 | 8
359 | 12 | 0 | 6
45 | 9 | 4.63978e-310 | 9
1 | 3 | 13.7995 | 12
2 | 4 | 4.63978e-310 | 5
3 | 4 | 4.63978e-310 | 7
1 | 2 | 27.8998 | 1050
2 | 3 | 25.3516 | 347
4 | 4 | 20.7648 | 133
8 | 5 | 17.2533 | 67
16 | 6 | 11.4811 | 38
32 | 7 | 9.57141 | 27
65 | 8 | 9.57141 | 27
130 | 9 | 4.40677 | 18
260 | 10 | 2.78356 | 10
261 | 10 | 2.21213 | 8
131 | 9 | 4.63978e-310 | 9
33 | 7 | 2.91177 | 11
66 | 8 | 7.90505e-322 | 5
67 | 8 | 6.77956 | 6
17 | 6 | 13.5945 | 29
34 | 7 | 7.50296 | 20
68 | 8 | 6.91149 | 18
136 | 9 | 26.662 | 9
137 | 9 | 19.5975 | 9
69 | 8 | 4.63978e-310 | 2
35 | 7 | 4.63978e-310 | 9
9 | 5 | 20.7648 | 66
19 | 6 | 20.7648 | 66
38 | 7 | 18.7796 | 45
76 | 8 | 18.7796 | 45
152 | 9 | 8.15316 | 25
304 | 10 | 4.9778 | 17
608 | 11 | 4.6457 | 13
1216 | 12 | 6.88784 | 7
1217 | 12 | 41.3675 | 6
609 | 11 | 37.939 | 4
305 | 10 | 4.63978e-310 | 8
153 | 9 | 15.9222 | 20
306 | 10 | 8.7578 | 19
612 | 11 | 19.9022 | 1
613 | 11 | 8.7578 | 18
1226 | 12 | 8.7578 | 11
2452 | 13 | 5.55808 | 1
2453 | 13 | 1.87571 | 10
1227 | 12 | 4.63978e-310 | 7
307 | 10 | 4.63978e-310 | 1
39 | 7 | 6.90436 | 21
78 | 8 | 4.63978e-310 | 10
79 | 8 | 6.54108 | 11
159 | 9 | 6.54108 | 11
319 | 10 | 6.54108 | 11
639 | 11 | 6.54108 | 11
1279 | 12 | 6.54108 | 11
2559 | 13 | 6.54108 | 11
5119 | 14 | 6.54108 | 11
10239 | 15 | 6.54108 | 11
20478 | 16 | 0.264425 | 2
20479 | 16 | 2.96456 | 9
5 | 4 | 14.6969 | 214
10 | 5 | 13.3241 | 101
20 | 6 | 9.20302 | 67
40 | 7 | 6.90513e-310 | 3
41 | 7 | 9.20302 | 64
82 | 8 | 7.96641 | 14
165 | 9 | 7.96641 | 14
330 | 10 | 65.5424 | 8
331 | 10 | 9.58985 | 6
83 | 8 | 9.20302 | 50
167 | 9 | 9.20302 | 50
334 | 10 | 9.20302 | 29
668 | 11 | 9.96611 | 3
669 | 11 | 9.15316 | 26
1338 | 12 | 2.4512 | 14
2676 | 13 | 49.9478 | 9
2677 | 13 | 53.5494 | 5
1339 | 12 | 3.64318 | 12
2678 | 13 | 0 | 4
2679 | 13 | 1.36031 | 8
335 | 10 | 4.28229 | 21
670 | 11 | 3.27759 | 17
1340 | 12 | 2.42092e-322 | 9
1341 | 12 | 0.238369 | 8
671 | 11 | 4.63978e-310 | 4
21 | 6 | 4.92883 | 34
42 | 7 | 4.92883 | 34
84 | 8 | 4.02446 | 19
168 | 9 | 1.63042e-322 | 9
169 | 9 | 0.0872744 | 10
85 | 8 | 4.07516 | 15
170 | 9 | 0 | 8
171 | 9 | 18.2127 | 7
11 | 5 | 13.4042 | 113
22 | 6 | 6.1274 | 54
44 | 7 | 4.76916 | 30
88 | 8 | 1.63042e-322 | 10
89 | 8 | 3.90251 | 20
178 | 9 | 3.31768 | 17
356 | 10 | 6.37345e-322 | 5
357 | 10 | 1.93341 | 12
714 | 11 | 3.5397 | 6
715 | 11 | 1.71603 | 6
179 | 9 | 4.63978e-310 | 3
45 | 7 | 3.94842 | 24
90 | 8 | 2.49735 | 17
180 | 9 | 0.897675 | 5
181 | 9 | 2.20245 | 12
362 | 10 | 6.90513e-310 | 8
363 | 10 | 0 | 4
91 | 8 | 4.63978e-310 | 7
23 | 6 | 7.12455 | 59
46 | 7 | 7.12455 | 59
92 | 8 | 5.54331 | 25
184 | 9 | 0.944158 | 10
185 | 9 | 2.55051 | 15
371 | 10 | 2.55051 | 15
742 | 11 | 2.55051 | 15
1484 | 12 | 2.17789 | 12
2969 | 13 | 2.17789 | 12
5938 | 14 | 1.13124 | 4
5939 | 14 | 1.69833 | 8
1485 | 12 | 4.63978e-310 | 3
93 | 8 | 7.08307 | 34
186 | 9 | 3.71318 | 12
372 | 10 | 4.63978e-310 | 9
373 | 10 | 8.45769 | 3
187 | 9 | 3.70765 | 22
375 | 10 | 3.70765 | 22
750 | 11 | 3.55636 | 17
1500 | 12 | 8.50233 | 5
1501 | 12 | 1.65466 | 12
3003 | 13 | 1.65466 | 12
6006 | 14 | 2.3724 | 3
6007 | 14 | 4.63978e-310 | 9
751 | 11 | 4.63978e-310 | 5
3 | 3 | 25.7194 | 703
6 | 4 | 21.7387 | 412
13 | 5 | 21.7387 | 412
26 | 6 | 19.4585 | 363
52 | 7 | 15.5976 | 198
104 | 8 | 14.4661 | 115
208 | 9 | 8.98169 | 28
416 | 10 | 63.8275 | 1
417 | 10 | 5.03883 | 27
834 | 11 | 18.8133 | 4
835 | 11 | 5.03883 | 23
1670 | 12 | 4.35409 | 18
3340 | 13 | 14.3766 | 6
3341 | 13 | 4.1696 | 12
6682 | 14 | 3.77196 | 11
13364 | 15 | 18.5726 | 9
13365 | 15 | 0.125791 | 2
6683 | 14 | 4.63978e-310 | 1
1671 | 12 | 4.63978e-310 | 5
209 | 9 | 11.6559 | 87
418 | 10 | 10.4986 | 61
836 | 11 | 9.87964 | 29
1672 | 12 | 6.60365 | 1
1673 | 12 | 9.87964 | 28
3346 | 13 | 7.58324 | 12
6693 | 14 | 7.58324 | 12
13386 | 15 | 0 | 10
13387 | 15 | 3.27499 | 2
3347 | 13 | 2.60113 | 16
6694 | 14 | 4.82089 | 8
6695 | 14 | 2.63508 | 8
837 | 11 | 5.49977 | 32
1674 | 12 | 3.90592 | 16
3348 | 13 | 7.11455e-322 | 8
3349 | 13 | 13.2724 | 8
1675 | 12 | 3.96731 | 16
3350 | 13 | 4.35505 | 8
3351 | 13 | 0.787283 | 8
419 | 10 | 4.67137 | 26
838 | 11 | 1.68165 | 17
1676 | 12 | 1.68165 | 17
3352 | 13 | 1.20341 | 8
3353 | 13 | 4.00193e-322 | 9
839 | 11 | 4.63978e-310 | 9
105 | 8 | 14.8013 | 83
210 | 9 | 12.929 | 52
420 | 10 | 12.4429 | 48
841 | 11 | 12.4429 | 48
1682 | 12 | 12.4429 | 48
3364 | 13 | 1.89324 | 4
3365 | 13 | 5.99821 | 44
6730 | 14 | 3.78437 | 12
13460 | 15 | 0.702988 | 4
13461 | 15 | 4.63978e-310 | 8
6731 | 14 | 5.99821 | 32
13462 | 15 | 1.2361 | 8
13463 | 15 | 3.70401 | 24
26926 | 16 | 10.3484 | 9
26927 | 16 | 1.99562 | 15
53854 | 17 | 1.94486 | 12
107708 | 18 | 1.80372 | 11
215416 | 19 | 7.57886 | 6
215417 | 19 | 8.1731 | 5
107709 | 18 | 4.63978e-310 | 1
53855 | 17 | 9.42192 | 3
421 | 10 | 4.63978e-310 | 4
211 | 9 | 9.95477 | 31
422 | 10 | 4.63978e-310 | 1
423 | 10 | 2.77923 | 30
846 | 11 | 1.82685 | 18
1692 | 12 | 1.79184 | 5
1693 | 12 | 1.54175 | 13
3386 | 13 | 0.396733 | 5
3387 | 13 | 2.06207 | 8
847 | 11 | 2.02882 | 12
1694 | 12 | 0.471038 | 4
1695 | 12 | 1.70629 | 8
53 | 7 | 9.65418 | 165
106 | 8 | 4.89787 | 72
213 | 9 | 4.89787 | 72
426 | 10 | 3.09931 | 45
852 | 11 | 2.52698 | 21
1704 | 12 | 4.63978e-310 | 7
1705 | 12 | 1.89763 | 14
3410 | 13 | 0.273622 | 6
3411 | 13 | 0.380915 | 8
853 | 11 | 2.6877 | 24
1707 | 12 | 2.6877 | 24
3414 | 13 | 1.81864 | 18
6828 | 14 | 1.43871 | 13
13656 | 15 | 1.43871 | 13
27312 | 16 | 0.693227 | 5
27313 | 16 | 2.58564 | 8
6829 | 14 | 4.63978e-310 | 5
3415 | 13 | 4.63978e-310 | 6
427 | 10 | 3.05157 | 27
854 | 11 | 1.54885 | 11
1708 | 12 | 0.151523 | 3
1709 | 12 | 4.63978e-310 | 8
855 | 11 | 2.04605 | 16
1710 | 12 | 2.04605 | 16
3420 | 13 | 1.86412 | 12
6840 | 14 | 0.29189 | 4
6841 | 14 | 3.21143e-322 | 8
3421 | 13 | 4.63978e-310 | 4
107 | 8 | 6.14081 | 93
214 | 9 | 6.14081 | 93
428 | 10 | 5.8689 | 64
856 | 11 | 2.13837 | 12
1712 | 12 | 1.58101e-322 | 4
1713 | 12 | 1.63042e-322 | 8
857 | 11 | 4.93781 | 52
1715 | 12 | 4.93781 | 52
3430 | 13 | 3.5417 | 14
6860 | 14 | 8.42775 | 8
6861 | 14 | 6.80052 | 6
3431 | 13 | 4.93781 | 38
6862 | 14 | 0.129044 | 6
6863 | 14 | 4.70861 | 32
13726 | 15 | 4.70861 | 32
27452 | 16 | 6.90513e-310 | 2
27453 | 16 | 4.70861 | 30
54906 | 17 | 2.90535 | 8
54907 | 17 | 4.18466 | 22
109814 | 18 | 2.31632 | 15
219628 | 19 | 0.299169 | 7
219629 | 19 | 3.03914 | 8
109815 | 18 | 9.48606e-322 | 7
429 | 10 | 3.85186 | 29
858 | 11 | 2.19574 | 16
1716 | 12 | 2.19574 | 16
3432 | 13 | 2.09561 | 12
6864 | 14 | 0.81935 | 7
6865 | 14 | 3.26527 | 5
3433 | 13 | 4.63978e-310 | 4
859 | 11 | 1.59917 | 13
1718 | 12 | 1.59917 | 13
3436 | 13 | 7.11455e-322 | 2
3437 | 13 | 1.59917 | 11
6874 | 14 | 1.44192 | 5
6875 | 14 | 1.0588 | 6
27 | 6 | 13.8943 | 49
54 | 7 | 8.34352 | 14
108 | 8 | 4.63978e-310 | 3
109 | 8 | 7.61457 | 11
218 | 9 | 7.61457 | 11
436 | 10 | 4.63978e-310 | 8
437 | 10 | 4.63978e-310 | 3
55 | 7 | 9.24289 | 35
110 | 8 | 7.88201 | 25
220 | 9 | 1.55425 | 2
221 | 9 | 7.88201 | 23
442 | 10 | 4.79244e-322 | 7
443 | 10 | 6.22752 | 16
886 | 11 | 5.43794 | 6
887 | 11 | 0.920371 | 10
111 | 8 | 4.63978e-310 | 10
7 | 4 | 13.3848 | 291
14 | 5 | 11.9203 | 135
28 | 6 | 2.7623 | 26
57 | 7 | 2.7623 | 26
114 | 8 | 1.35578 | 12
228 | 9 | 2.18425 | 8
229 | 9 | 0.318097 | 4
115 | 8 | 1.81475 | 14
230 | 9 | 1.72199 | 7
231 | 9 | 4.63978e-310 | 7
29 | 6 | 10.4584 | 109
58 | 7 | 8.75547 | 62
116 | 8 | 8.75547 | 61
232 | 9 | 3.24016 | 52
464 | 10 | 1.46277 | 11
928 | 11 | 3.61064 | 3
929 | 11 | 4.63978e-310 | 8
465 | 10 | 2.78842 | 41
930 | 11 | 2.02095 | 21
1860 | 12 | 1.91719 | 8
1861 | 12 | 1.12764 | 13
3722 | 13 | 1.73056 | 3
3723 | 13 | 4.63978e-310 | 10
931 | 11 | 2.38323 | 20
1862 | 12 | 6.90513e-310 | 6
1863 | 12 | 1.55817 | 14
3726 | 13 | 3.25924 | 10
3727 | 13 | 1.58101e-322 | 4
233 | 9 | 4.63978e-310 | 9
117 | 8 | 4.63978e-310 | 1
59 | 7 | 9.26989 | 47
118 | 8 | 9.23385 | 45
236 | 9 | 2.37386 | 19
472 | 10 | 1.84534 | 11
944 | 11 | 6.37345e-322 | 4
945 | 11 | 0.304457 | 7
473 | 10 | 4.63978e-310 | 8
237 | 9 | 4.4645 | 26
474 | 10 | 3.26788 | 17
948 | 11 | 3.26788 | 14
1896 | 12 | 59.7727 | 6
1897 | 12 | 8.43012 | 8
949 | 11 | 8.33391 | 3
475 | 10 | 4.63978e-310 | 9
119 | 8 | 4.63978e-310 | 2
15 | 5 | 11.8123 | 156
30 | 6 | 7.05086 | 110
60 | 7 | 5.07439 | 17
120 | 8 | 6.90513e-310 | 7
121 | 8 | 6.90513e-310 | 10
61 | 7 | 6.76754 | 93
122 | 8 | 4.8858 | 48
244 | 9 | 2.31149 | 13
488 | 10 | 1.58101e-322 | 8
489 | 10 | 0.562185 | 5
245 | 9 | 2.99709 | 35
490 | 10 | 2.637 | 20
980 | 11 | 6.90513e-310 | 7
981 | 11 | 1.13204 | 13
1962 | 12 | 0 | 2
1963 | 12 | 0.923779 | 11
3926 | 13 | 0.167865 | 9
3927 | 13 | 5.58294e-322 | 2
491 | 10 | 2.43418 | 15
982 | 11 | 4.63978e-310 | 7
983 | 11 | 8.74496e-322 | 8
123 | 8 | 4.99313 | 45
246 | 9 | 3.3297 | 19
492 | 10 | 3.21143e-322 | 9
493 | 10 | 3.21143e-322 | 10
247 | 9 | 3.07104 | 26
494 | 10 | 3.07104 | 22
988 | 11 | 1.81942 | 15
1976 | 12 | 1.63042e-322 | 6
1977 | 12 | 19.7264 | 9
989 | 11 | 2.26165 | 7
495 | 10 | 7.16395e-322 | 4
31 | 6 | 6.34854 | 46
62 | 7 | 4.68929 | 26
124 | 8 | 3.7691 | 21
248 | 9 | 1.58101e-322 | 9
249 | 9 | 2.69866 | 12
498 | 10 | 0.0574835 | 5
499 | 10 | 0 | 7
125 | 8 | 4.63978e-310 | 5
63 | 7 | 3.07802 | 20
126 | 8 | 3.15391 | 8
127 | 8 | 2.49682 | 12
254 | 9 | 4.70216 | 8
255 | 9 | 5.47465 | 4
1 | 1 | 19.5688 | 446
2 | 2 | 18.0065 | 177
4 | 3 | 12.2428 | 125
8 | 4 | 5.38281 | 58
16 | 5 | 4.71815 | 16
32 | 6 | 4.63978e-310 | 10
33 | 6 | 6.90513e-310 | 6
17 | 5 | 5.33924 | 42
34 | 6 | 3.50747 | 26
68 | 7 | 4.63978e-310 | 8
69 | 7 | 2.90892 | 18
138 | 8 | 271.023 | 7
139 | 8 | 2.3384 | 11
278 | 9 | 0 | 4
279 | 9 | 12.8636 | 7
35 | 6 | 1.77448 | 16
70 | 7 | 1.77448 | 16
140 | 8 | 8.70736 | 7
141 | 8 | 12.8631 | 9
9 | 4 | 7.19624 | 67
18 | 5 | 7.1389 | 45
36 | 6 | 3.42927 | 21
72 | 7 | 4.63978e-310 | 7
73 | 7 | 2.40437 | 14
146 | 8 | 0 | 5
147 | 8 | 24.3615 | 9
37 | 6 | 3.74111 | 24
75 | 7 | 3.74111 | 24
150 | 8 | 3.5173 | 17
300 | 9 | 1.63042e-322 | 8
301 | 9 | 1.63042e-322 | 9
151 | 8 | 1.63042e-322 | 7
19 | 5 | 6.81474 | 22
38 | 6 | 3.0777 | 12
77 | 7 | 3.0777 | 12
154 | 8 | 3.0777 | 11
308 | 9 | 1.63042e-322 | 4
309 | 9 | 1.63042e-322 | 7
155 | 8 | 1.63042e-322 | 1
39 | 6 | 1.58101e-322 | 10
5 | 3 | 7.11406 | 52
10 | 4 | 7.11406 | 52
20 | 5 | 6.82062 | 26
40 | 6 | 3.28099 | 17
80 | 7 | 1.63042e-322 | 8
81 | 7 | 1.58101e-322 | 9
41 | 6 | 1.58101e-322 | 9
21 | 5 | 7.11406 | 26
42 | 6 | 2.93289 | 13
84 | 7 | 1.58101e-322 | 1
85 | 7 | 2.69412 | 12
170 | 8 | 1.63042e-322 | 8
171 | 8 | 1.58101e-322 | 4
43 | 6 | 3.98487 | 13
86 | 7 | 1.63042e-322 | 9
87 | 7 | 1.58101e-322 | 4
3 | 2 | 18.7851 | 269
6 | 3 | 10.9045 | 163
12 | 4 | 10.9045 | 163
24 | 5 | 10.9045 | 132
48 | 6 | 5.22983 | 50
96 | 7 | 0.246274 | 6
97 | 7 | 5.22983 | 44
194 | 8 | 3.84093 | 11
388 | 9 | 3.05321 | 2
389 | 9 | 6.06093 | 9
195 | 8 | 3.32567 | 33
390 | 9 | 1.7944 | 12
780 | 10 | 0.508162 | 7
781 | 10 | 4.63978e-310 | 5
391 | 9 | 2.43594 | 21
782 | 10 | 4.63978e-310 | 8
783 | 10 | 1.74212 | 13
1566 | 11 | 4.63978e-310 | 4
1567 | 11 | 4.63978e-310 | 9
49 | 6 | 8.07705 | 82
98 | 7 | 8.07705 | 82
196 | 8 | 8.07705 | 82
392 | 9 | 4.78126 | 37
784 | 10 | 4.22486 | 13
1568 | 11 | 4.63978e-310 | 4
1569 | 11 | 4.63978e-310 | 9
785 | 10 | 4.46278 | 24
1570 | 11 | 3.263 | 11
3140 | 12 | 11.7574 | 3
3141 | 12 | 4.24086 | 8
1571 | 11 | 1.61844 | 13
3142 | 12 | 0.364074 | 8
3143 | 12 | 0.417544 | 5
393 | 9 | 5.63781 | 45
787 | 10 | 5.63781 | 45
1574 | 11 | 4.63978e-310 | 10
1575 | 11 | 4.29461 | 35
3150 | 12 | 2.58293 | 17
6301 | 13 | 2.58293 | 17
12602 | 14 | 2.13304 | 14
25204 | 15 | 4.30049 | 9
25205 | 15 | 0.40887 | 5
12603 | 14 | 0 | 3
3151 | 12 | 2.70421 | 18
6302 | 13 | 2.70421 | 18
12604 | 14 | 0 | 9
12605 | 14 | 0.716621 | 9
25 | 5 | 9.64347 | 31
50 | 6 | 4.62719 | 15
100 | 7 | 2.42092e-322 | 3
101 | 7 | 3.13924 | 12
203 | 8 | 3.13924 | 12
406 | 9 | 3.21143e-322 | 4
407 | 9 | 3.21143e-322 | 8
51 | 6 | 4.13343 | 16
102 | 7 | 4.13343 | 16
204 | 8 | 4.10872 | 13
408 | 9 | 3.21143e-322 | 8
409 | 9 | 3.21143e-322 | 5
205 | 8 | 3.21143e-322 | 3
7 | 3 | 10.7235 | 106
14 | 4 | 5.45716 | 11
28 | 5 | 4.63978e-310 | 9
29 | 5 | 4.63978e-310 | 2
15 | 4 | 9.48053 | 95
30 | 5 | 8.11907 | 15
60 | 6 | 0.305093 | 6
61 | 6 | 0.0520055 | 9
31 | 5 | 8.38406 | 80
62 | 6 | 3.86569 | 26
124 | 7 | 3.86569 | 26
248 | 8 | 2.19701 | 13
496 | 9 | 0.305093 | 2
497 | 9 | 1.55691 | 11
994 | 10 | 3.21143e-322 | 8
995 | 10 | 3.21143e-322 | 3
249 | 8 | 2.31278 | 13
498 | 9 | 2.80264 | 6
499 | 9 | 1.03092 | 7
63 | 6 | 5.9538 | 54
126 | 7 | 4.69286 | 32
252 | 8 | 12.4648 | 4
253 | 8 | 3.50702 | 28
506 | 9 | 3.28324 | 21
1012 | 10 | 3.28324 | 21
2024 | 11 | 0.5775 | 6
2025 | 11 | 2.35071 | 15
4050 | 12 | 0.403373 | 8
4051 | 12 | 0.900836 | 7
507 | 9 | 0.739373 | 7
127 | 7 | 4.34854 | 22
254 | 8 | 0.21428 | 6
255 | 8 | 3.08983 | 16
510 | 9 | 3.06887 | 5
511 | 9 | 3.03518 | 11
1023 | 10 | 3.03518 | 11
2046 | 11 | 4.12562 | 5
2047 | 11 | 3.41042 | 6
