ID | Depth | diameter | Number of points
0 | 0 | 29.316 | 1600
0 | 1 | 29.316 | 1146
0 | 2 | 28.4082 | 431
0 | 3 | 14.4939 | 172
0 | 4 | 10.7725 | 59
0 | 5 | 8.66668 | 22
0 | 6 | 5.63891 | 16
1 | 7 | 5.63891 | 16
2 | 8 | 1.05077 | 9
3 | 8 | 8.64811 | 7
1 | 6 | 4.63978e-310 | 6
1 | 5 | 10.6989 | 37
2 | 6 | 5.03001 | 22
4 | 7 | 3.28035 | 12
8 | 8 | 0.4537 | 9
9 | 8 | 0.0432498 | 3
5 | 7 | 4.63978e-310 | 10
3 | 6 | 6.69855 | 15
6 | 7 | 2.61724 | 9
7 | 7 | 4.63978e-310 | 6
1 | 4 | 10.3033 | 113
2 | 5 | 8.37095 | 35
4 | 6 | 6.90513e-310 | 7
5 | 6 | 2.59674 | 28
10 | 7 | 4.63978e-310 | 4
11 | 7 | 2.55912 | 24
22 | 8 | 2.38423 | 16
44 | 9 | 0.915385 | 6
45 | 9 | 1.77185 | 10
23 | 8 | 4.63978e-310 | 8
3 | 5 | 10.0493 | 78
6 | 6 | 9.20917 | 71
12 | 7 | 8.12443 | 36
24 | 8 | 7.57214 | 23
48 | 9 | 7.57214 | 23
96 | 10 | 0 | 3
97 | 10 | 7.57214 | 20
194 | 11 | 7.57214 | 20
388 | 12 | 4.08944 | 6
389 | 12 | 1.34335 | 14
778 | 13 | 1.16635 | 11
1556 | 14 | 0 | 7
1557 | 14 | 0.432521 | 4
779 | 13 | 0.843464 | 3
25 | 8 | 8.12443 | 13
50 | 9 | 4.63978e-310 | 5
51 | 9 | 4.63978e-310 | 8
13 | 7 | 7.38736 | 35
26 | 8 | 7.38736 | 35
52 | 9 | 0.823616 | 2
53 | 9 | 2.75951 | 33
106 | 10 | 1.18901 | 11
212 | 11 | 1.08883 | 4
213 | 11 | 0.722659 | 7
107 | 10 | 2.579 | 22
214 | 11 | 1.97006 | 19
428 | 12 | 1.72111 | 12
856 | 13 | 1.63937 | 7
857 | 13 | 0.472658 | 5
429 | 12 | 4.63978e-310 | 7
215 | 11 | 0.345487 | 3
7 | 6 | 4.63978e-310 | 7
1 | 3 | 21.3814 | 259
2 | 4 | 10.6793 | 41
4 | 5 | 10.6793 | 41
8 | 6 | 8.96773 | 16
16 | 7 | 0.0357508 | 4
17 | 7 | 8.96773 | 12
34 | 8 | 0 | 6
35 | 8 | 41.7419 | 6
9 | 6 | 9.3571 | 25
18 | 7 | 1.84483 | 6
19 | 7 | 9.3571 | 19
38 | 8 | 9.3571 | 19
77 | 9 | 9.3571 | 19
154 | 10 | 9.3571 | 19
308 | 11 | 84.6591 | 2
309 | 11 | 3.89858 | 17
618 | 12 | 0.792004 | 5
619 | 12 | 3.03813 | 12
1238 | 13 | 3.03813 | 11
2477 | 14 | 3.03813 | 11
4954 | 15 | 0.15167 | 5
4955 | 15 | 0.723728 | 6
1239 | 13 | 4.63978e-310 | 1
3 | 4 | 18.7641 | 218
6 | 5 | 16.5356 | 95
12 | 6 | 6.57054 | 60
24 | 7 | 6.46398 | 57
48 | 8 | 5.01353 | 16
96 | 9 | 4.64516 | 14
192 | 10 | 4.49126 | 12
384 | 11 | 4.49126 | 12
768 | 12 | 1.54459 | 8
769 | 12 | 0 | 4
193 | 10 | 0.846441 | 2
97 | 9 | 4.63978e-310 | 2
49 | 8 | 6.1328 | 41
98 | 9 | 3.15567 | 24
196 | 10 | 1.96955 | 3
197 | 10 | 3.15567 | 21
394 | 11 | 2.85532 | 13
788 | 12 | 2.42092e-322 | 7
789 | 12 | 0.124938 | 6
395 | 11 | 4.63978e-310 | 8
99 | 9 | 3.03901 | 17
198 | 10 | 0 | 8
199 | 10 | 1.36202 | 9
25 | 7 | 4.63978e-310 | 3
13 | 6 | 10.4863 | 35
26 | 7 | 10.4863 | 28
52 | 8 | 10.4863 | 21
105 | 9 | 10.4863 | 21
210 | 10 | 10.3953 | 11
420 | 11 | 10.3953 | 11
840 | 12 | 68.5188 | 6
841 | 12 | 99.6446 | 5
211 | 10 | 4.63978e-310 | 10
53 | 8 | 40.5713 | 7
27 | 7 | 4.63978e-310 | 7
7 | 5 | 18.7641 | 123
14 | 6 | 8.45029 | 80
28 | 7 | 4.63978e-310 | 2
29 | 7 | 8.45029 | 78
58 | 8 | 6.06986 | 30
116 | 9 | 2.48439 | 23
232 | 10 | 1.94733 | 18
464 | 11 | 1.63042e-322 | 9
465 | 11 | 4.63978e-310 | 9
233 | 10 | 4.63978e-310 | 5
117 | 9 | 4.63978e-310 | 7
59 | 8 | 8.06101 | 48
118 | 9 | 4.34552 | 23
236 | 10 | 10.2175 | 4
237 | 10 | 3.79384 | 19
474 | 11 | 3.71177 | 13
948 | 12 | 4.63978e-310 | 3
949 | 12 | 4.63978e-310 | 10
475 | 11 | 0.134469 | 6
119 | 9 | 4.25362 | 25
238 | 10 | 0.618225 | 6
239 | 10 | 4.24617 | 19
479 | 11 | 4.24617 | 19
958 | 12 | 7.33726 | 9
959 | 12 | 4.22019 | 10
15 | 6 | 12.179 | 43
30 | 7 | 11.5896 | 31
61 | 8 | 11.5896 | 31
122 | 9 | 4.56448 | 22
244 | 10 | 2.81796 | 17
488 | 11 | 2.4586 | 15
976 | 12 | 1.24442 | 9
977 | 12 | 0.433689 | 6
489 | 11 | 6.90513e-310 | 2
245 | 10 | 4.63978e-310 | 5
123 | 9 | 4.63978e-310 | 9
31 | 7 | 5.27393 | 12
62 | 8 | 4.51632 | 7
63 | 8 | 5.58294e-322 | 5
1 | 2 | 24.5735 | 715
2 | 3 | 19.1081 | 383
4 | 4 | 18.5671 | 334
8 | 5 | 10.14 | 19
16 | 6 | 4.8201 | 8
17 | 6 | 3.30059 | 11
34 | 7 | 73.7044 | 4
35 | 7 | 57.9911 | 7
9 | 5 | 18.5671 | 315
18 | 6 | 18.2942 | 236
36 | 7 | 15.4892 | 180
72 | 8 | 12.5329 | 65
144 | 9 | 2.84402 | 21
288 | 10 | 2.61223 | 11
576 | 11 | 4.49133 | 5
577 | 11 | 4.5997 | 6
289 | 10 | 4.63978e-310 | 10
145 | 9 | 9.72758 | 44
290 | 10 | 2.91324 | 12
580 | 11 | 2.74884 | 11
1160 | 12 | 1.13164 | 7
1161 | 12 | 51.4666 | 4
581 | 11 | 4.63978e-310 | 1
291 | 10 | 7.53215 | 32
582 | 11 | 7.03075 | 4
583 | 11 | 7.399 | 28
1166 | 12 | 6.90881 | 26
2332 | 13 | 32.8222 | 4
2333 | 13 | 6.33506 | 22
4666 | 14 | 6.33506 | 14
9332 | 15 | 6.33506 | 14
18664 | 16 | 17.0653 | 8
18665 | 16 | 0.658115 | 6
4667 | 14 | 4.63978e-310 | 8
1167 | 12 | 4.63978e-310 | 2
73 | 8 | 12.8272 | 115
146 | 9 | 8.75068 | 93
292 | 10 | 5.37934 | 40
584 | 11 | 4.36913 | 32
1169 | 12 | 4.36913 | 32
2338 | 13 | 40.1351 | 9
2339 | 13 | 3.86831 | 23
4678 | 14 | 4.63978e-310 | 5
4679 | 14 | 2.52122 | 18
9358 | 15 | 2.52122 | 18
18716 | 16 | 0.817316 | 5
18717 | 16 | 1.79 | 13
37434 | 17 | 2.35916 | 7
37435 | 17 | 2.17742 | 6
585 | 11 | 4.63978e-310 | 8
293 | 10 | 6.21096 | 53
586 | 11 | 5.26777 | 26
1172 | 12 | 4.23288 | 17
2344 | 13 | 3.33626 | 9
2345 | 13 | 0.918818 | 8
1173 | 12 | 4.63978e-310 | 9
587 | 11 | 4.09759 | 27
1174 | 12 | 4.63978e-310 | 2
1175 | 12 | 4.09759 | 25
2350 | 13 | 3.15362 | 17
4700 | 14 | 3.15362 | 13
9400 | 15 | 3.15362 | 13
18800 | 16 | 0.783458 | 7
18801 | 16 | 0.299974 | 6
4701 | 14 | 4.63978e-310 | 4
2351 | 13 | 4.63978e-310 | 8
147 | 9 | 12.8272 | 22
294 | 10 | 10.5752 | 12
589 | 11 | 10.5752 | 12
1179 | 12 | 10.5752 | 12
2358 | 13 | 2.47665 | 2
2359 | 13 | 106.627 | 10
295 | 10 | 4.63978e-310 | 10
37 | 7 | 12.3085 | 56
74 | 8 | 4.46152 | 26
148 | 9 | 4.63978e-310 | 7
149 | 9 | 2.6627 | 19
298 | 10 | 1.58101e-322 | 5
299 | 10 | 2.25401 | 14
598 | 11 | 2.37152e-322 | 9
599 | 11 | 2.37152e-322 | 5
75 | 8 | 6.24256 | 30
150 | 9 | 1.63042e-322 | 10
151 | 9 | 3.83084 | 20
302 | 10 | 3.83084 | 20
604 | 11 | 2.37152e-322 | 2
605 | 11 | 3.56354 | 18
1210 | 12 | 1.99359 | 14
2420 | 13 | 2.37152e-322 | 9
2421 | 13 | 1.63042e-322 | 5
1211 | 12 | 4.63978e-310 | 4
19 | 6 | 14.6036 | 79
38 | 7 | 14.6036 | 79
76 | 8 | 14.0355 | 47
153 | 9 | 14.0355 | 47
306 | 10 | 13.5172 | 45
612 | 11 | 13.507 | 35
1225 | 12 | 13.507 | 35
2450 | 13 | 13.507 | 35
4900 | 14 | 2.87403 | 12
9800 | 15 | 1.63042e-322 | 2
9801 | 15 | 1.63042e-322 | 10
4901 | 14 | 13.507 | 23
9802 | 15 | 13.507 | 23
19604 | 16 | 13.507 | 23
39208 | 17 | 13.507 | 23
78416 | 18 | 1.72077 | 2
78417 | 18 | 13.2876 | 21
156834 | 19 | 18.2739 | 6
156835 | 19 | 2.83909 | 15
313670 | 20 | 1.13527 | 10
313671 | 20 | 1.2498 | 5
613 | 11 | 4.63978e-310 | 10
307 | 10 | 4.63978e-310 | 2
77 | 8 | 4.315 | 32
155 | 9 | 4.315 | 32
310 | 10 | 3.64137 | 27
620 | 11 | 4.63978e-310 | 6
621 | 11 | 3.64137 | 21
1242 | 12 | 3.64137 | 20
2484 | 13 | 3.30896 | 18
4968 | 14 | 2.62613 | 4
4969 | 14 | 1.83933 | 14
9938 | 15 | 1.83933 | 14
19876 | 16 | 5.43706 | 7
19877 | 16 | 1.20389 | 7
2485 | 13 | 4.63978e-310 | 2
1243 | 12 | 4.63978e-310 | 1
311 | 10 | 4.63978e-310 | 5
5 | 4 | 11.9951 | 49
10 | 5 | 7.33909 | 25
21 | 6 | 7.33909 | 25
43 | 7 | 7.33909 | 25
86 | 8 | 6.79033 | 16
172 | 9 | 6.79033 | 16
345 | 10 | 6.79033 | 16
690 | 11 | 6.79033 | 14
1380 | 12 | 6.79033 | 14
2761 | 13 | 6.79033 | 14
5522 | 14 | 0.74801 | 7
5523 | 14 | 0 | 7
691 | 11 | 4.63978e-310 | 2
87 | 8 | 4.63978e-310 | 9
11 | 5 | 5.08603 | 24
22 | 6 | 3.88803 | 20
44 | 7 | 3.88803 | 20
88 | 8 | 3.28758 | 17
176 | 9 | 45.0073 | 5
177 | 9 | 1.61209 | 12
354 | 10 | 2.43123 | 10
355 | 10 | 0.986573 | 2
89 | 8 | 4.63978e-310 | 3
23 | 6 | 4.63978e-310 | 4
3 | 3 | 23.1962 | 332
6 | 4 | 10.4784 | 126
12 | 5 | 10.4784 | 76
24 | 6 | 7.57526 | 54
48 | 7 | 7.00162 | 15
96 | 8 | 1.63042e-322 | 8
97 | 8 | 1.63042e-322 | 7
49 | 7 | 3.13078 | 39
98 | 8 | 2.08628 | 13
196 | 9 | 1.58101e-322 | 8
197 | 9 | 1.63042e-322 | 5
99 | 8 | 2.49842 | 26
198 | 9 | 4.63978e-310 | 6
199 | 9 | 1.96967 | 20
398 | 10 | 1.96095 | 10
399 | 10 | 6.90513e-310 | 10
25 | 6 | 5.01189 | 22
50 | 7 | 4.96007 | 16
100 | 8 | 3.05647 | 7
101 | 8 | 2.33869 | 9
51 | 7 | 4.63978e-310 | 6
13 | 5 | 5.71715 | 50
26 | 6 | 1.63042e-322 | 4
27 | 6 | 5.71715 | 46
54 | 7 | 4.5402 | 28
108 | 8 | 3.90631 | 18
216 | 9 | 4.63978e-310 | 1
217 | 9 | 3.87219 | 17
434 | 10 | 3.87219 | 16
868 | 11 | 3.21143e-322 | 3
869 | 11 | 3.87219 | 13
1738 | 12 | 0.142059 | 2
1739 | 12 | 3.5286 | 11
3478 | 13 | 3.5286 | 11
6957 | 14 | 3.5286 | 11
13915 | 15 | 3.5286 | 11
27830 | 16 | 0 | 3
27831 | 16 | 4.63978e-310 | 8
435 | 10 | 4.63978e-310 | 1
109 | 8 | 4.63978e-310 | 10
55 | 7 | 3.968 | 18
110 | 8 | 4.63978e-310 | 6
111 | 8 | 3.69081 | 12
222 | 9 | 3.69081 | 12
444 | 10 | 7.80328 | 1
445 | 10 | 3.36765 | 11
890 | 11 | 10.0219 | 5
891 | 11 | 0.2349 | 6
7 | 4 | 18.1918 | 206
14 | 5 | 18.1918 | 158
29 | 6 | 18.1918 | 158
58 | 7 | 15.4302 | 57
116 | 8 | 15.4302 | 56
233 | 9 | 15.4302 | 56
466 | 10 | 15.4302 | 56
932 | 11 | 14.8939 | 28
1865 | 12 | 14.8939 | 28
3731 | 13 | 14.8939 | 28
7463 | 14 | 14.8939 | 28
14927 | 15 | 14.8939 | 28
29854 | 16 | 14.8939 | 28
59708 | 17 | 0.279293 | 7
59709 | 17 | 1.63529 | 21
119418 | 18 | 1.63529 | 20
238836 | 19 | 1.53062 | 5
238837 | 19 | 1.63529 | 15
477674 | 20 | 0.815909 | 10
477675 | 20 | 4.63978e-310 | 5
119419 | 18 | 4.63978e-310 | 1
933 | 11 | 2.7271 | 28
1867 | 12 | 2.7271 | 28
3734 | 13 | 2.43886 | 21
7468 | 14 | 1.28325 | 12
14936 | 15 | 1.63042e-322 | 2
14937 | 15 | 1.44556 | 10
7469 | 14 | 4.63978e-310 | 9
3735 | 13 | 4.63978e-310 | 7
117 | 8 | 4.63978e-310 | 1
59 | 7 | 18.1918 | 101
118 | 8 | 18.1918 | 66
236 | 9 | 9.03873 | 51
472 | 10 | 5.54823 | 25
944 | 11 | 4.54549 | 16
1888 | 12 | 4.54549 | 16
3776 | 13 | 2.37152e-322 | 10
3777 | 13 | 2.37152e-322 | 6
945 | 11 | 2.37152e-322 | 9
473 | 10 | 5.98544 | 26
946 | 11 | 5.44551 | 18
1893 | 12 | 5.44551 | 18
3786 | 13 | 1.58101e-322 | 7
3787 | 13 | 2.66628 | 11
7574 | 14 | 14.0055 | 3
7575 | 14 | 4.63978e-310 | 8
947 | 11 | 4.63978e-310 | 8
237 | 9 | 11.6057 | 15
474 | 10 | 4.63978e-310 | 7
475 | 10 | 4.63978e-310 | 8
119 | 8 | 10.364 | 35
239 | 9 | 10.364 | 35
478 | 10 | 1.0484 | 8
479 | 10 | 9.72392 | 27
958 | 11 | 9.72392 | 27
1917 | 12 | 9.72392 | 27
3834 | 13 | 1.48813 | 12
7668 | 14 | 0.849174 | 10
7669 | 14 | 0 | 2
3835 | 13 | 8.83515 | 15
7670 | 14 | 12.8175 | 8
7671 | 14 | 26.6398 | 7
15 | 5 | 10.2245 | 48
30 | 6 | 5.91691 | 22
60 | 7 | 4.88016 | 17
120 | 8 | 1.88347 | 10
121 | 8 | 4.63978e-310 | 7
61 | 7 | 4.63978e-310 | 5
31 | 6 | 7.17331 | 26
62 | 7 | 6.80937 | 20
124 | 8 | 3.67986 | 13
248 | 9 | 2.47643 | 11
496 | 10 | 0.632379 | 6
497 | 10 | 0.799353 | 5
249 | 9 | 4.63978e-310 | 2
125 | 8 | 4.63978e-310 | 7
63 | 7 | 4.63978e-310 | 6
1 | 1 | 22.6623 | 454
2 | 2 | 22.6623 | 373
4 | 3 | 13.7669 | 223
8 | 4 | 12.3091 | 135
16 | 5 | 11.8947 | 89
32 | 6 | 3.48964 | 22
64 | 7 | 3.10683 | 16
128 | 8 | 1.58101e-322 | 5
129 | 8 | 1.48117 | 11
259 | 9 | 1.48117 | 11
518 | 10 | 1.63042e-322 | 5
519 | 10 | 0.312502 | 6
65 | 7 | 4.63978e-310 | 6
33 | 6 | 10.9922 | 67
66 | 7 | 10.9922 | 65
132 | 8 | 5.60488 | 23
264 | 9 | 4.27639 | 14
528 | 10 | 0 | 9
529 | 10 | 0.0540686 | 5
265 | 9 | 0.0540535 | 9
133 | 8 | 9.31584 | 42
267 | 9 | 9.31584 | 42
534 | 10 | 0.2235 | 10
535 | 10 | 3.60364 | 32
1070 | 11 | 3.01235 | 21
2140 | 12 | 2.62365 | 11
4280 | 13 | 0.132487 | 4
4281 | 13 | 1.8177 | 7
2141 | 12 | 0.739684 | 10
1071 | 11 | 2.40895 | 11
2142 | 12 | 0 | 8
2143 | 12 | 7.66866 | 3
67 | 7 | 4.63978e-310 | 2
17 | 5 | 7.04536 | 46
34 | 6 | 4.36775 | 21
68 | 7 | 4.63978e-310 | 10
69 | 7 | 3.08779 | 11
138 | 8 | 0.345491 | 4
139 | 8 | 1.22784 | 7
35 | 6 | 4.88054 | 25
70 | 7 | 0.257419 | 8
71 | 7 | 4.39666 | 17
142 | 8 | 4.39666 | 17
284 | 9 | 3.40743 | 11
568 | 10 | 0.311694 | 9
569 | 10 | 0.530165 | 2
285 | 9 | 4.63978e-310 | 6
9 | 4 | 8.25077 | 88
18 | 5 | 8.25077 | 56
36 | 6 | 4.71815 | 30
72 | 7 | 3.92482 | 15
144 | 8 | 0 | 7
145 | 8 | 11.029 | 8
73 | 7 | 3.27863 | 15
146 | 8 | 0.25967 | 3
147 | 8 | 2.02692 | 12
294 | 9 | 6.67466 | 4
295 | 9 | 5.68294 | 8
37 | 6 | 4.03853 | 26
74 | 7 | 5.60533 | 3
75 | 7 | 3.64491 | 23
150 | 8 | 3.64491 | 17
300 | 9 | 2.45096 | 11
600 | 10 | 4.63978e-310 | 5
601 | 10 | 4.63978e-310 | 6
301 | 9 | 0.00396771 | 6
151 | 8 | 2.42092e-322 | 6
19 | 5 | 5.24028 | 32
38 | 6 | 3.46735 | 19
76 | 7 | 13.7961 | 4
77 | 7 | 3.13974 | 15
154 | 8 | 0.686066 | 7
155 | 8 | 1.63042e-322 | 8
39 | 6 | 3.59178 | 13
78 | 7 | 1.63042e-322 | 9
79 | 7 | 6.90513e-310 | 4
5 | 3 | 16.6681 | 150
10 | 4 | 11.4461 | 21
20 | 5 | 8.59694 | 11
40 | 6 | 0.578268 | 10
41 | 6 | 7.69201 | 1
21 | 5 | 4.63978e-310 | 10
11 | 4 | 15.3395 | 129
22 | 5 | 13.76 | 91
44 | 6 | 7.50249 | 50
88 | 7 | 0.136574 | 3
89 | 7 | 6.20855 | 47
178 | 8 | 5.04181 | 22
356 | 9 | 24.068 | 9
357 | 9 | 2.2609 | 13
714 | 10 | 4.63978e-310 | 6
715 | 10 | 4.23262 | 7
179 | 8 | 3.86004 | 25
358 | 9 | 2.25288 | 12
716 | 10 | 24.7589 | 7
717 | 10 | 3.9043 | 5
359 | 9 | 2.4512 | 13
718 | 10 | 2.4512 | 13
1436 | 11 | 2.29815 | 8
1437 | 11 | 3.33051 | 5
45 | 6 | 10.0447 | 41
90 | 7 | 10.0447 | 29
180 | 8 | 7.21261 | 18
360 | 9 | 4.94097 | 11
720 | 10 | 0.000501549 | 9
721 | 10 | 1.16548 | 2
361 | 9 | 4.63978e-310 | 7
181 | 8 | 4.36756 | 11
362 | 9 | 0.700508 | 5
363 | 9 | 2.77789 | 6
91 | 7 | 2.75885 | 12
182 | 8 | 26.9796 | 4
183 | 8 | 29.3026 | 8
23 | 5 | 6.97063 | 38
46 | 6 | 3.2195 | 18
92 | 7 | 3.2195 | 17
184 | 8 | 1.63042e-322 | 4
185 | 8 | 2.78322 | 13
370 | 9 | 7.01406 | 5
371 | 9 | 3.76274 | 8
93 | 7 | 4.63978e-310 | 1
47 | 6 | 3.26311 | 20
95 | 7 | 3.26311 | 20
190 | 8 | 4.34471 | 4
191 | 8 | 3.26311 | 16
382 | 9 | 1.01525 | 8
383 | 9 | 1.10141 | 8
3 | 2 | 10.5445 | 81
6 | 3 | 4.74857 | 41
12 | 4 | 4.04567 | 24
24 | 5 | 2.80094 | 14
48 | 6 | 1.58101e-322 | 2
49 | 6 | 2.33991 | 12
98 | 7 | 0.370642 | 6
99 | 7 | 0.114865 | 6
25 | 5 | 4.63978e-310 | 10
13 | 4 | 2.18322 | 17
26 | 5 | 2.18322 | 12
52 | 6 | 0 | 7
53 | 6 | 1.22791 | 5
27 | 5 | 2.09476 | 5
7 | 3 | 6.07681 | 40
14 | 4 | 4.63978e-310 | 7
15 | 4 | 5.81026 | 33
30 | 5 | 5.81026 | 22
60 | 6 | 1.19026 | 7
61 | 6 | 3.8006 | 15
123 | 7 | 3.8006 | 15
247 | 8 | 3.8006 | 15
494 | 9 | 1.8174 | 7
495 | 9 | 1.51641 | 8
31 | 5 | 4.14618 | 11
62 | 6 | 4.63978e-310 | 8
63 | 6 | 3.63646 | 3
