ID | Depth | diameter | Number of points
0 | 0 | 29.316 | 1600
0 | 1 | 26.649 | 483
0 | 2 | 21.2431 | 348
0 | 3 | 18.5748 | 303
0 | 4 | 18.5748 | 303
0 | 5 | 17.2319 | 277
0 | 6 | 12.7541 | 39
0 | 7 | 11.4962 | 32
0 | 8 | 10.0175 | 23
0 | 9 | 9.20496 | 14
0 | 10 | 1.63042e-322 | 6
1 | 10 | 1.58101e-322 | 8
1 | 9 | 4.63978e-310 | 9
1 | 8 | 4.63978e-310 | 9
1 | 7 | 4.63978e-310 | 7
1 | 6 | 14.5978 | 238
2 | 7 | 10.8558 | 62
4 | 8 | 10.8558 | 57
8 | 9 | 10.6149 | 26
16 | 10 | 0.226322 | 3
17 | 10 | 10.2257 | 23
34 | 11 | 8.59788 | 15
68 | 12 | 3.21143e-322 | 2
69 | 12 | 1.51506 | 13
138 | 13 | 6.90513e-310 | 5
139 | 13 | 0.341667 | 8
35 | 11 | 4.63978e-310 | 8
9 | 9 | 5.88452 | 31
18 | 10 | 2.97496 | 14
36 | 11 | 5.81731 | 3
37 | 11 | 2.75297 | 11
74 | 12 | 9.6629 | 10
75 | 12 | 0 | 1
19 | 10 | 3.2562 | 17
38 | 11 | 2.45552 | 11
76 | 12 | 0.148702 | 6
77 | 12 | 1.67442 | 5
39 | 11 | 4.63978e-310 | 6
5 | 8 | 4.63978e-310 | 5
3 | 7 | 13.8704 | 176
6 | 8 | 9.95265 | 103
12 | 9 | 9.95265 | 103
24 | 10 | 7.61828 | 17
48 | 11 | 7.61828 | 17
96 | 12 | 4.63978e-310 | 1
97 | 12 | 3.27126 | 16
194 | 13 | 2.39522 | 12
388 | 14 | 0.978518 | 5
389 | 14 | 7.16395e-322 | 7
195 | 13 | 4.63978e-310 | 4
25 | 10 | 9.08376 | 86
50 | 11 | 7.80123 | 55
100 | 12 | 7.80123 | 49
200 | 13 | 7.46227 | 31
400 | 14 | 0.382083 | 9
401 | 14 | 2.21934 | 22
802 | 15 | 2.18551 | 13
1604 | 16 | 0 | 7
1605 | 16 | 0.201914 | 6
803 | 15 | 4.63978e-310 | 9
201 | 13 | 7.30269 | 18
402 | 14 | 53.3293 | 8
403 | 14 | 1.71681 | 10
101 | 12 | 4.63978e-310 | 6
51 | 11 | 2.99627 | 31
102 | 12 | 2.08628 | 20
204 | 13 | 0.510762 | 10
205 | 13 | 0 | 10
103 | 12 | 2.87446 | 11
206 | 13 | 1.41994 | 5
207 | 13 | 4.63978e-310 | 6
7 | 8 | 5.68557 | 73
14 | 9 | 4.63978e-310 | 10
15 | 9 | 5.51397 | 63
30 | 10 | 5.12102 | 40
60 | 11 | 4.14346 | 19
120 | 12 | 2.56474 | 4
121 | 12 | 2.19156 | 15
242 | 13 | 13.0007 | 6
243 | 13 | 14.1115 | 9
61 | 11 | 3.27181 | 21
122 | 12 | 3.27181 | 16
244 | 13 | 2.83872 | 11
488 | 14 | 2.09164 | 4
489 | 14 | 0.761887 | 7
245 | 13 | 1.03525 | 5
123 | 12 | 4.63978e-310 | 5
31 | 10 | 3.36941 | 23
62 | 11 | 2.0116 | 14
124 | 12 | 0.0607575 | 5
125 | 12 | 2.72342 | 9
63 | 11 | 4.63978e-310 | 9
1 | 5 | 10.2523 | 26
2 | 6 | 10.2523 | 13
4 | 7 | 4.63978e-310 | 10
5 | 7 | 0.244959 | 3
3 | 6 | 5.84489 | 13
6 | 7 | 0.414941 | 9
7 | 7 | 33.3266 | 4
1 | 3 | 12.7462 | 45
2 | 4 | 12.7462 | 45
5 | 5 | 12.7462 | 45
10 | 6 | 5.67877 | 38
20 | 7 | 1.63042e-322 | 9
21 | 7 | 2.89373 | 29
42 | 8 | 1.58101e-322 | 2
43 | 8 | 2.89373 | 27
86 | 9 | 1.74498 | 18
172 | 10 | 1.3443 | 12
344 | 11 | 1.50859 | 6
345 | 11 | 0.136651 | 6
173 | 10 | 4.63978e-310 | 6
87 | 9 | 2.54191 | 9
11 | 6 | 4.63978e-310 | 7
1 | 2 | 23.213 | 135
2 | 3 | 11.8706 | 61
4 | 4 | 11.0437 | 47
8 | 5 | 8.27687 | 38
16 | 6 | 7.05772 | 26
32 | 7 | 0.206576 | 3
33 | 7 | 3.88925 | 23
66 | 8 | 4.63978e-310 | 10
67 | 8 | 2.93565 | 13
134 | 9 | 8.5115 | 2
135 | 9 | 2.83032 | 11
270 | 10 | 3.69998 | 9
271 | 10 | 1.41283 | 2
17 | 6 | 2.86584 | 12
34 | 7 | 2.86584 | 12
68 | 8 | 3.66318 | 6
69 | 8 | 0 | 6
9 | 5 | 4.63978e-310 | 9
5 | 4 | 4.48574 | 14
10 | 5 | 2.24206 | 11
20 | 6 | 6.90513e-310 | 8
21 | 6 | 2.78077 | 3
11 | 5 | 4.63978e-310 | 3
3 | 3 | 17.2991 | 74
6 | 4 | 17.2991 | 71
12 | 5 | 11.9552 | 13
24 | 6 | 3.92228 | 11
48 | 7 | 12.0694 | 7
49 | 7 | 1.08724 | 4
25 | 6 | 1.72204 | 2
13 | 5 | 17.2991 | 58
26 | 6 | 12.3647 | 37
52 | 7 | 8.7578 | 14
104 | 8 | 12.8382 | 6
105 | 8 | 2.46298 | 8
53 | 7 | 8.79623 | 23
106 | 8 | 142.063 | 5
107 | 8 | 6.65381 | 18
214 | 9 | 4.05144 | 10
215 | 9 | 6.4988 | 8
27 | 6 | 6.61482 | 21
54 | 7 | 10.9774 | 4
55 | 7 | 5.16213 | 17
110 | 8 | 4.63978e-310 | 1
111 | 8 | 4.65241 | 16
222 | 9 | 6.10347 | 10
223 | 9 | 6.18103 | 6
7 | 4 | 4.63978e-310 | 3
1 | 1 | 26.5002 | 1117
2 | 2 | 22.2293 | 357
4 | 3 | 18.2209 | 270
8 | 4 | 16.2834 | 165
16 | 5 | 11.0375 | 80
32 | 6 | 8.23185 | 50
64 | 7 | 6.60678 | 29
128 | 8 | 5.93 | 28
256 | 9 | 40.2176 | 9
257 | 9 | 4.28428 | 19
514 | 10 | 18.3551 | 4
515 | 10 | 3.65226 | 15
1030 | 11 | 3.15459 | 14
2060 | 12 | 1.73963 | 11
4120 | 13 | 12.2812 | 4
4121 | 13 | 21.4935 | 7
2061 | 12 | 1.38162 | 3
1031 | 11 | 4.63978e-310 | 1
129 | 8 | 4.63978e-310 | 1
65 | 7 | 4.89347 | 21
130 | 8 | 4.63978e-310 | 3
131 | 8 | 4.89347 | 18
262 | 9 | 0.137686 | 8
263 | 9 | 3.63219 | 10
33 | 6 | 4.12861 | 30
66 | 7 | 4.63978e-310 | 8
67 | 7 | 2.92929 | 22
134 | 8 | 0.137686 | 7
135 | 8 | 2.92929 | 15
270 | 9 | 4.04652 | 10
271 | 9 | 4.61675 | 5
17 | 5 | 14.6349 | 85
34 | 6 | 5.93663 | 26
68 | 7 | 4.73467 | 18
136 | 8 | 28.9953 | 10
137 | 8 | 35.1649 | 8
69 | 7 | 4.63978e-310 | 8
35 | 6 | 11.8541 | 59
71 | 7 | 11.8541 | 59
142 | 8 | 11.8541 | 59
284 | 9 | 8.75116 | 22
568 | 10 | 1.30342 | 3
569 | 10 | 3.69241 | 19
1138 | 11 | 3.42412 | 17
2276 | 12 | 2.00636 | 13
4552 | 13 | 23.633 | 6
4553 | 13 | 1.43423 | 7
2277 | 12 | 4.63978e-310 | 4
1139 | 11 | 3.55018 | 2
285 | 9 | 4.25368 | 37
570 | 10 | 3.26333 | 15
1140 | 11 | 3.26333 | 15
2280 | 12 | 1.8523 | 7
2281 | 12 | 8.74496e-322 | 8
571 | 10 | 4.11853 | 22
1142 | 11 | 4.11853 | 22
2284 | 12 | 1.81341 | 11
4568 | 13 | 0 | 5
4569 | 13 | 1.49587 | 6
2285 | 12 | 1.45281 | 11
4570 | 13 | 10.0104 | 7
4571 | 13 | 130.313 | 4
9 | 4 | 11.516 | 105
18 | 5 | 10.3916 | 66
36 | 6 | 3.02162 | 12
72 | 7 | 116.308 | 4
73 | 7 | 4.63978e-310 | 8
37 | 6 | 7.81402 | 54
74 | 7 | 7.81402 | 26
149 | 8 | 7.81402 | 26
298 | 9 | 2.29287 | 13
596 | 10 | 1.63042e-322 | 6
597 | 10 | 0.0165857 | 7
299 | 9 | 4.64114 | 13
599 | 10 | 4.64114 | 13
1198 | 11 | 4.64114 | 13
2396 | 12 | 206.91 | 7
2397 | 12 | 19.3439 | 6
75 | 7 | 4.77303 | 28
150 | 8 | 4.63978e-310 | 4
151 | 8 | 4.77303 | 24
302 | 9 | 3.31586 | 5
303 | 9 | 3.25241 | 19
606 | 10 | 3.25241 | 19
1213 | 11 | 3.25241 | 19
2426 | 12 | 0.521201 | 8
2427 | 12 | 1.89995 | 11
4854 | 13 | 1.72244 | 7
4855 | 13 | 2.78249 | 4
19 | 5 | 5.44835 | 39
38 | 6 | 4.22387 | 23
76 | 7 | 3.08421 | 16
152 | 8 | 4.63978e-310 | 10
153 | 8 | 4.63978e-310 | 6
77 | 7 | 4.63978e-310 | 7
39 | 6 | 2.70525 | 16
78 | 7 | 2.70525 | 13
156 | 8 | 0.306101 | 8
157 | 8 | 4.04865 | 5
79 | 7 | 0.800271 | 3
5 | 3 | 9.80933 | 87
10 | 4 | 8.47132 | 28
20 | 5 | 5.16649 | 19
40 | 6 | 48.8733 | 5
41 | 6 | 3.10879 | 14
82 | 7 | 3.10879 | 14
164 | 8 | 128.045 | 8
165 | 8 | 46.3651 | 6
21 | 5 | 4.63978e-310 | 9
11 | 4 | 6.80867 | 59
22 | 5 | 5.6841 | 39
44 | 6 | 4.33975 | 26
88 | 7 | 3.50567 | 20
177 | 8 | 3.50567 | 20
354 | 9 | 1.58101e-322 | 10
355 | 9 | 1.58101e-322 | 10
89 | 7 | 1.63042e-322 | 6
45 | 6 | 1.72697 | 13
90 | 7 | 2.20942 | 3
91 | 7 | 2.51071 | 10
23 | 5 | 6.80867 | 20
46 | 6 | 4.63978e-310 | 5
47 | 6 | 2.83862 | 15
94 | 7 | 1.67186 | 11
188 | 8 | 1.58522 | 7
189 | 8 | 2.10708 | 4
95 | 7 | 4.63978e-310 | 4
3 | 2 | 26.5002 | 760
6 | 3 | 17.4351 | 246
12 | 4 | 11.0664 | 35
24 | 5 | 11.0664 | 33
48 | 6 | 0.00917425 | 7
49 | 6 | 6.71662 | 26
99 | 7 | 6.71662 | 26
198 | 8 | 5.89308 | 20
396 | 9 | 1.27907 | 11
792 | 10 | 28.2679 | 1
793 | 10 | 28.7915 | 10
397 | 9 | 32.7428 | 9
199 | 8 | 4.63978e-310 | 6
25 | 5 | 4.63978e-310 | 2
13 | 4 | 12.8462 | 211
26 | 5 | 8.04105 | 171
52 | 6 | 5.9066 | 100
104 | 7 | 4.36259 | 55
208 | 8 | 2.7141 | 24
416 | 9 | 2.15559 | 11
832 | 10 | 2.93816 | 4
833 | 10 | 2.12325 | 7
417 | 9 | 2.61912 | 13
834 | 10 | 2.04036 | 4
835 | 10 | 2.03342 | 9
209 | 8 | 3.08988 | 31
418 | 9 | 1.82381 | 11
836 | 10 | 4.06776 | 4
837 | 10 | 4.00193e-322 | 7
419 | 9 | 2.76206 | 20
838 | 10 | 1.36037 | 10
839 | 10 | 1.13434 | 10
105 | 7 | 4.1394 | 45
211 | 8 | 4.1394 | 45
422 | 9 | 2.399 | 18
844 | 10 | 43.6763 | 8
845 | 10 | 1.06504 | 10
423 | 9 | 2.52109 | 27
846 | 10 | 1.36363 | 15
1692 | 11 | 0.183512 | 3
1693 | 11 | 1.25608 | 12
3386 | 12 | 3.1997 | 6
3387 | 12 | 0.605515 | 6
847 | 10 | 1.73215 | 12
1694 | 11 | 0 | 4
1695 | 11 | 6.95001 | 8
53 | 6 | 5.95017 | 71
106 | 7 | 3.9713 | 24
212 | 8 | 3.43897 | 14
424 | 9 | 2.97289 | 6
425 | 9 | 2.28117 | 8
213 | 8 | 4.63978e-310 | 10
107 | 7 | 3.18678 | 47
214 | 8 | 1.63042e-322 | 9
215 | 8 | 3.11632 | 38
430 | 9 | 1.99909 | 13
860 | 10 | 0.3567 | 5
861 | 10 | 4.63978e-310 | 8
431 | 9 | 2.3392 | 25
862 | 10 | 1.13468 | 10
863 | 10 | 1.64659 | 15
1726 | 11 | 0.881254 | 4
1727 | 11 | 1.56472 | 11
3454 | 12 | 26.5883 | 3
3455 | 12 | 4.63978e-310 | 8
27 | 5 | 12.8462 | 40
54 | 6 | 11.844 | 28
108 | 7 | 5.16514 | 15
216 | 8 | 2.51486 | 13
432 | 9 | 6.90513e-310 | 3
433 | 9 | 4.63978e-310 | 10
217 | 8 | 4.63978e-310 | 2
109 | 7 | 6.85294 | 13
218 | 8 | 92.9654 | 8
219 | 8 | 87.7655 | 5
55 | 6 | 5.15683 | 12
110 | 7 | 1.55182 | 4
111 | 7 | 59.1632 | 8
7 | 3 | 20.6505 | 514
14 | 4 | 20.1165 | 460
28 | 5 | 11.4509 | 175
56 | 6 | 11.1984 | 117
112 | 7 | 6.40148 | 35
224 | 8 | 3.48243 | 19
448 | 9 | 2.13427 | 17
896 | 10 | 1.84136 | 11
1792 | 11 | 0 | 8
1793 | 11 | 0.364612 | 3
897 | 10 | 4.63978e-310 | 6
449 | 9 | 4.63978e-310 | 2
225 | 8 | 4.48089 | 16
450 | 9 | 0.798977 | 7
451 | 9 | 2.85422 | 9
113 | 7 | 9.95752 | 82
226 | 8 | 9.25952 | 57
452 | 9 | 3.307 | 15
904 | 10 | 4.63978e-310 | 10
905 | 10 | 4.63978e-310 | 5
453 | 9 | 8.38687 | 42
906 | 10 | 7.19722 | 19
1812 | 11 | 50.4639 | 3
1813 | 11 | 7.19722 | 16
3626 | 12 | 2.02591 | 14
7252 | 13 | 0.619792 | 9
7253 | 13 | 0.135139 | 5
3627 | 12 | 4.63978e-310 | 2
907 | 10 | 4.02992 | 23
1814 | 11 | 0.226219 | 6
1815 | 11 | 2.96648 | 17
3630 | 12 | 7.11455e-322 | 7
3631 | 12 | 0.462263 | 10
227 | 8 | 7.80203 | 25
454 | 9 | 5.19197 | 15
908 | 10 | 2.93013 | 8
909 | 10 | 47.5361 | 7
455 | 9 | 4.63978e-310 | 10
57 | 6 | 5.17098 | 58
114 | 7 | 4.66939 | 45
228 | 8 | 2.34494 | 13
456 | 9 | 3.21143e-322 | 10
457 | 9 | 4.63978e-310 | 3
229 | 8 | 3.15124 | 32
458 | 9 | 26.7391 | 10
459 | 9 | 2.89145 | 22
918 | 10 | 4.78807 | 3
919 | 10 | 2.73795 | 19
1838 | 11 | 7.01961 | 9
1839 | 11 | 1.46725 | 10
115 | 7 | 3.55836 | 13
230 | 8 | 4.63978e-310 | 9
231 | 8 | 4.63978e-310 | 4
29 | 5 | 17.2314 | 285
58 | 6 | 17.2314 | 261
116 | 7 | 16.755 | 201
232 | 8 | 11.7024 | 99
464 | 9 | 9.26708 | 43
928 | 10 | 8.02038 | 34
1856 | 11 | 6.93198 | 23
3712 | 12 | 8.43138 | 4
3713 | 12 | 5.68706 | 19
7426 | 13 | 0.993503 | 8
7427 | 13 | 3.15827 | 11
14854 | 14 | 0.45652 | 5
14855 | 14 | 18.5286 | 6
1857 | 11 | 5.75788 | 11
3714 | 12 | 4.63978e-310 | 2
3715 | 12 | 7.90505e-322 | 9
929 | 10 | 4.63978e-310 | 9
465 | 9 | 6.15183 | 56
930 | 10 | 5.55848 | 41
1860 | 11 | 1.83412 | 12
3720 | 12 | 0 | 9
3721 | 12 | 2.30133 | 3
1861 | 11 | 4.44206 | 29
3722 | 12 | 3.98023 | 15
7444 | 13 | 0.347344 | 2
7445 | 13 | 3.73685 | 13
14890 | 14 | 8.39083 | 5
14891 | 14 | 0.110087 | 8
3723 | 12 | 3.9719 | 14
7446 | 13 | 3.94569 | 12
14892 | 14 | 0.38761 | 5
14893 | 14 | 4.15382 | 7
7447 | 13 | 4.63978e-310 | 2
931 | 10 | 5.50775 | 15
1862 | 11 | 4.63978e-310 | 6
1863 | 11 | 7.49408 | 9
233 | 8 | 12.0706 | 102
466 | 9 | 10.0277 | 37
932 | 10 | 7.08897 | 21
1864 | 11 | 6.83147 | 13
3728 | 12 | 2.6528 | 4
3729 | 12 | 6.90513e-310 | 9
1865 | 11 | 4.63978e-310 | 8
933 | 10 | 8.02086 | 16
1866 | 11 | 8.59518 | 7
1867 | 11 | 0 | 9
467 | 9 | 8.14505 | 65
934 | 10 | 6.38711 | 31
1868 | 11 | 12.9841 | 9
1869 | 11 | 5.36772 | 22
3738 | 12 | 5.36772 | 22
7476 | 13 | 3.69269 | 15
14952 | 14 | 0.932984 | 7
14953 | 14 | 12.2559 | 8
7477 | 13 | 4.63978e-310 | 7
935 | 10 | 5.68338 | 34
1870 | 11 | 3.85488 | 15
3740 | 12 | 2.85236 | 5
3741 | 12 | 11.7161 | 10
1871 | 11 | 3.27367 | 19
3742 | 12 | 4.4095 | 5
3743 | 12 | 2.95478 | 14
7486 | 13 | 3.44306 | 4
7487 | 13 | 4.84489 | 10
117 | 7 | 8.502 | 60
234 | 8 | 8.07412 | 45
468 | 9 | 7.78229 | 39
937 | 10 | 7.78229 | 39
1874 | 11 | 7.78229 | 23
3748 | 12 | 7.78229 | 23
7496 | 13 | 11.5183 | 1
7497 | 13 | 3.34493 | 22
14994 | 14 | 4.59422 | 5
14995 | 14 | 2.58517 | 17
29990 | 15 | 2.3093 | 1
29991 | 15 | 2.3384 | 16
59982 | 16 | 2.3384 | 15
119964 | 17 | 1.97013 | 2
119965 | 17 | 1.90726 | 13
239930 | 18 | 1.683 | 8
239931 | 18 | 9.81311 | 5
59983 | 16 | 4.63978e-310 | 1
1875 | 11 | 2.0176 | 16
3750 | 12 | 4.63978e-310 | 6
3751 | 12 | 4.63978e-310 | 10
469 | 9 | 4.63978e-310 | 6
235 | 8 | 3.26108 | 15
470 | 9 | 4.63978e-310 | 2
471 | 9 | 3.25358 | 13
942 | 10 | 0.480649 | 5
943 | 10 | 0 | 8
59 | 6 | 6.76977 | 24
118 | 7 | 4.63978e-310 | 7
119 | 7 | 4.67208 | 17
238 | 8 | 0.476851 | 7
239 | 8 | 0 | 10
15 | 4 | 8.9451 | 54
30 | 5 | 2.82277 | 23
60 | 6 | 1.44744 | 14
120 | 7 | 4.63978e-310 | 3
121 | 7 | 1.44744 | 11
242 | 8 | 60.8668 | 4
243 | 8 | 53.1909 | 7
61 | 6 | 4.63978e-310 | 9
31 | 5 | 6.50408 | 31
62 | 6 | 6.43659 | 29
125 | 7 | 6.43659 | 29
250 | 8 | 3.35879 | 14
500 | 9 | 1.63042e-322 | 2
501 | 9 | 1.99544 | 12
1002 | 10 | 1.58101e-322 | 3
1003 | 10 | 4.63978e-310 | 9
251 | 8 | 3.66931 | 15
502 | 9 | 3.21143e-322 | 1
503 | 9 | 3.66931 | 14
1006 | 10 | 1.63042e-322 | 5
1007 | 10 | 0.306691 | 9
63 | 6 | 4.63978e-310 | 2
