ID | Depth | diameter | Number of points
0 | 0 | 29.316 | 1600
0 | 1 | 21.557 | 495
0 | 2 | 15.5414 | 281
0 | 3 | 13.3989 | 171
0 | 4 | 8.57318 | 113
0 | 5 | 6.05028 | 56
0 | 6 | 3.28589 | 23
0 | 7 | 2.02689 | 13
0 | 8 | 6.90513e-310 | 7
1 | 8 | 4.63978e-310 | 6
1 | 7 | 4.63978e-310 | 10
1 | 6 | 5.2066 | 33
3 | 7 | 5.2066 | 33
6 | 8 | 3.90488 | 19
12 | 9 | 1.63042e-322 | 3
13 | 9 | 3.61471 | 16
26 | 10 | 1.63042e-322 | 1
27 | 10 | 3.61471 | 15
54 | 11 | 1.63042e-322 | 9
55 | 11 | 1.58101e-322 | 6
7 | 8 | 3.18952 | 14
14 | 9 | 0.870684 | 5
15 | 9 | 0.591237 | 9
1 | 5 | 5.57117 | 57
2 | 6 | 3.97151 | 31
4 | 7 | 3.97151 | 31
8 | 8 | 2.96647 | 14
16 | 9 | 2.35055 | 11
32 | 10 | 0.240392 | 6
33 | 10 | 0.511317 | 5
17 | 9 | 0.0404062 | 3
9 | 8 | 2.84666 | 17
18 | 9 | 9.6959 | 2
19 | 9 | 2.31804 | 15
38 | 10 | 2.31804 | 15
76 | 11 | 0.71856 | 8
77 | 11 | 1.61573 | 7
3 | 6 | 3.98522 | 26
7 | 7 | 3.98522 | 26
14 | 8 | 3.47431 | 19
28 | 9 | 1.63042e-322 | 6
29 | 9 | 3.47431 | 13
59 | 10 | 3.47431 | 13
118 | 11 | 11.4359 | 8
119 | 11 | 0 | 5
15 | 8 | 4.63978e-310 | 7
1 | 4 | 8.07786 | 58
2 | 5 | 7.4304 | 50
4 | 6 | 4.49211 | 21
8 | 7 | 4.63978e-310 | 4
9 | 7 | 4.49211 | 17
18 | 8 | 1.54589 | 2
19 | 8 | 2.25709 | 15
38 | 9 | 0.0213328 | 7
39 | 9 | 0.0259055 | 8
5 | 6 | 5.06908 | 29
10 | 7 | 2.77664 | 16
20 | 8 | 1.90192 | 11
40 | 9 | 2.42092e-322 | 2
41 | 9 | 0.200211 | 9
21 | 8 | 4.63978e-310 | 5
11 | 7 | 2.2609 | 13
22 | 8 | 1.63042e-322 | 4
23 | 8 | 0.0169327 | 9
3 | 5 | 4.63978e-310 | 8
1 | 3 | 11.5326 | 110
3 | 4 | 11.5326 | 110
6 | 5 | 8.86409 | 72
13 | 6 | 8.86409 | 72
27 | 7 | 8.86409 | 72
54 | 8 | 5.61348 | 32
109 | 9 | 5.61348 | 32
218 | 10 | 1.92298 | 12
436 | 11 | 0.500341 | 3
437 | 11 | 0.43352 | 9
219 | 10 | 4.4641 | 20
438 | 11 | 1.63042e-322 | 9
439 | 11 | 2.69482 | 11
878 | 12 | 24.5858 | 8
879 | 12 | 20.0528 | 3
55 | 8 | 5.26164 | 40
110 | 9 | 4.63978e-310 | 8
111 | 9 | 4.02086 | 32
222 | 10 | 4.02086 | 32
444 | 11 | 3.98809 | 22
888 | 12 | 2.10773 | 13
1776 | 13 | 2.10773 | 13
3552 | 14 | 1.17323 | 8
3553 | 14 | 3.21143e-322 | 5
889 | 12 | 4.63978e-310 | 9
445 | 11 | 0.765241 | 10
7 | 5 | 4.48514 | 38
14 | 6 | 2.45755 | 14
29 | 7 | 2.45755 | 14
58 | 8 | 0 | 8
59 | 8 | 5.02071 | 6
15 | 6 | 2.95877 | 24
30 | 7 | 2.75547 | 22
60 | 8 | 1.35731 | 10
61 | 8 | 1.44091 | 12
122 | 9 | 2.32372 | 5
123 | 9 | 0.382426 | 7
31 | 7 | 4.63978e-310 | 2
1 | 2 | 13.2218 | 214
2 | 3 | 11.2959 | 115
4 | 4 | 6.03221 | 64
8 | 5 | 5.27269 | 33
16 | 6 | 3.25071 | 21
33 | 7 | 3.25071 | 21
66 | 8 | 0.660022 | 9
67 | 8 | 2.34494 | 12
134 | 9 | 1.3281 | 7
135 | 9 | 95.0818 | 5
17 | 6 | 2.3345 | 12
34 | 7 | 4.63978e-310 | 2
35 | 7 | 4.63978e-310 | 10
9 | 5 | 3.99511 | 31
18 | 6 | 2.95471 | 20
36 | 7 | 2.59692 | 14
72 | 8 | 2.59692 | 11
144 | 9 | 0 | 6
145 | 9 | 6.59794 | 5
73 | 8 | 6.74401 | 3
37 | 7 | 4.63978e-310 | 6
19 | 6 | 1.74139 | 11
38 | 7 | 1.74139 | 11
76 | 8 | 0.241512 | 5
77 | 8 | 0.745583 | 6
5 | 4 | 6.46179 | 51
10 | 5 | 3.96584 | 36
20 | 6 | 2.6379 | 16
40 | 7 | 0.0501622 | 10
41 | 7 | 0.666888 | 6
21 | 6 | 3.70123 | 20
42 | 7 | 1.63042e-322 | 6
43 | 7 | 1.95107 | 14
86 | 8 | 0 | 4
87 | 8 | 0.840117 | 10
11 | 5 | 3.12214 | 15
22 | 6 | 2.94075 | 11
44 | 7 | 3.53367 | 9
45 | 7 | 0.811909 | 2
23 | 6 | 4.63978e-310 | 4
3 | 3 | 8.59346 | 99
6 | 4 | 4.63978e-310 | 2
7 | 4 | 8.59346 | 97
14 | 5 | 4.38788 | 45
28 | 6 | 3.15919 | 27
56 | 7 | 3.14637 | 23
112 | 8 | 2.55403 | 17
224 | 9 | 1.71303 | 11
448 | 10 | 0.231706 | 1
449 | 10 | 0.356602 | 10
225 | 9 | 4.63978e-310 | 6
113 | 8 | 1.7724 | 6
57 | 7 | 1.04108 | 4
29 | 6 | 2.92913 | 18
58 | 7 | 0.545494 | 8
59 | 7 | 0 | 10
15 | 5 | 6.50607 | 52
30 | 6 | 5.71022 | 44
60 | 7 | 5.05651 | 26
120 | 8 | 4.24782 | 21
240 | 9 | 3.01911 | 11
480 | 10 | 2.09508 | 2
481 | 10 | 0.100545 | 9
241 | 9 | 1.34946 | 10
121 | 8 | 4.63978e-310 | 5
61 | 7 | 4.66275 | 18
122 | 8 | 4.00193e-322 | 10
123 | 8 | 4.00193e-322 | 8
31 | 6 | 4.63978e-310 | 8
1 | 1 | 29.1992 | 1105
2 | 2 | 25.4968 | 649
4 | 3 | 25.4852 | 306
8 | 4 | 17.5373 | 138
16 | 5 | 14.3003 | 81
32 | 6 | 9.06594 | 24
64 | 7 | 8.24195 | 17
128 | 8 | 4.08319 | 15
256 | 9 | 3.58233 | 11
512 | 10 | 75.7479 | 9
513 | 10 | 1.63042e-322 | 2
257 | 9 | 3.21183 | 4
129 | 8 | 4.63978e-310 | 2
65 | 7 | 2.81598 | 7
33 | 6 | 14.0781 | 57
67 | 7 | 14.0781 | 57
134 | 8 | 7.83953 | 29
268 | 9 | 3.98762 | 3
269 | 9 | 7.83953 | 26
538 | 10 | 4.25427 | 18
1076 | 11 | 4.25427 | 17
2152 | 12 | 22.3109 | 8
2153 | 12 | 8.08613 | 9
1077 | 11 | 1.61355 | 1
539 | 10 | 4.71268 | 8
135 | 8 | 8.80822 | 28
270 | 9 | 5.40418 | 14
540 | 10 | 2.42092e-322 | 8
541 | 10 | 0.251655 | 6
271 | 9 | 7.81072 | 14
542 | 10 | 29.5422 | 8
543 | 10 | 2.77789 | 6
17 | 5 | 5.97928 | 57
34 | 6 | 5.27134 | 47
68 | 7 | 15.9878 | 5
69 | 7 | 4.79102 | 42
138 | 8 | 3.11832 | 15
276 | 9 | 4.63978e-310 | 9
277 | 9 | 2.37152e-322 | 6
139 | 8 | 3.41111 | 27
278 | 9 | 3.41111 | 25
556 | 10 | 3.05871 | 15
1112 | 11 | 3.05871 | 14
2224 | 12 | 2.5956 | 11
4449 | 13 | 2.5956 | 11
8898 | 14 | 2.5956 | 11
17796 | 15 | 8.53485 | 5
17797 | 15 | 2.63643 | 6
2225 | 12 | 4.63978e-310 | 3
1113 | 11 | 4.63978e-310 | 1
557 | 10 | 4.63978e-310 | 10
279 | 9 | 4.63978e-310 | 2
35 | 6 | 4.63978e-310 | 10
9 | 4 | 20.2728 | 168
18 | 5 | 15.402 | 61
36 | 6 | 12.3272 | 26
72 | 7 | 9.09631 | 23
144 | 8 | 6.42874 | 13
288 | 9 | 1.58101e-322 | 9
289 | 9 | 4.63978e-310 | 4
145 | 8 | 0 | 10
73 | 7 | 62.2342 | 3
37 | 6 | 14.9281 | 35
74 | 7 | 11.5917 | 30
148 | 8 | 8.17933 | 21
296 | 9 | 9.28316 | 9
297 | 9 | 8.17933 | 12
594 | 10 | 53.4152 | 6
595 | 10 | 28.8625 | 6
149 | 8 | 4.63978e-310 | 9
75 | 7 | 4.63978e-310 | 5
19 | 5 | 11.768 | 107
38 | 6 | 9.17195 | 74
76 | 7 | 1.99001 | 21
152 | 8 | 1.60567 | 11
304 | 9 | 2.42092e-322 | 3
305 | 9 | 4.63978e-310 | 8
153 | 8 | 1.58101e-322 | 10
77 | 7 | 8.6082 | 53
154 | 8 | 4.52156 | 26
308 | 9 | 0.365777 | 9
309 | 9 | 3.36789 | 17
619 | 10 | 3.36789 | 17
1238 | 11 | 2.71949 | 13
2476 | 12 | 0 | 7
2477 | 12 | 3.35899 | 6
1239 | 11 | 4.63978e-310 | 4
155 | 8 | 7.56271 | 27
310 | 9 | 7.56271 | 18
620 | 10 | 2.34917 | 10
621 | 10 | 57.1945 | 8
311 | 9 | 4.63978e-310 | 9
39 | 6 | 11.6569 | 33
78 | 7 | 1.78536 | 16
156 | 8 | 1.78536 | 12
312 | 9 | 0.796173 | 9
313 | 9 | 2.20494 | 3
157 | 8 | 4.63978e-310 | 4
79 | 7 | 10.1582 | 17
158 | 8 | 34.792 | 1
159 | 8 | 10.0158 | 16
318 | 9 | 10.0158 | 16
636 | 10 | 7.16395e-322 | 3
637 | 10 | 8.09744 | 13
1274 | 11 | 7.77243 | 11
2548 | 12 | 7.77243 | 11
5096 | 13 | 1.58401 | 3
5097 | 13 | 4.63978e-310 | 8
1275 | 11 | 4.63978e-310 | 2
5 | 3 | 20.3108 | 343
10 | 4 | 12.5741 | 200
20 | 5 | 8.28053 | 47
40 | 6 | 7.95535 | 31
81 | 7 | 7.95535 | 31
162 | 8 | 4.63978e-310 | 10
163 | 8 | 4.31125 | 21
326 | 9 | 6.90513e-310 | 8
327 | 9 | 2.75262 | 13
654 | 10 | 2.48768 | 12
1308 | 11 | 2.43403 | 11
2616 | 12 | 3.71447 | 2
2617 | 12 | 2.42092e-322 | 9
1309 | 11 | 4.63978e-310 | 1
655 | 10 | 4.63978e-310 | 1
41 | 6 | 4.66485 | 16
82 | 7 | 4.63978e-310 | 3
83 | 7 | 2.529 | 13
166 | 8 | 0.132914 | 4
167 | 8 | 1.63042e-322 | 9
21 | 5 | 8.53748 | 153
42 | 6 | 8.53748 | 142
84 | 7 | 5.18593 | 72
168 | 8 | 5.18593 | 62
336 | 9 | 3.00231 | 18
672 | 10 | 1.58101e-322 | 4
673 | 10 | 2.21184 | 14
1346 | 11 | 2.21184 | 13
2692 | 12 | 4.37631 | 5
2693 | 12 | 8.40738 | 8
1347 | 11 | 4.63978e-310 | 1
337 | 9 | 3.70214 | 44
674 | 10 | 2.92176 | 34
1348 | 11 | 2.04627 | 24
2696 | 12 | 2.00645 | 19
5392 | 13 | 4.63978e-310 | 9
5393 | 13 | 3.17348 | 10
2697 | 12 | 0.200245 | 5
1349 | 11 | 4.63978e-310 | 10
675 | 10 | 4.63978e-310 | 10
169 | 8 | 4.63978e-310 | 10
85 | 7 | 4.56835 | 70
171 | 8 | 4.56835 | 70
342 | 9 | 4.16169 | 55
684 | 10 | 1.95354 | 19
1369 | 11 | 1.95354 | 19
2738 | 12 | 1.42731 | 12
5476 | 13 | 2.6199 | 7
5477 | 13 | 0.0463467 | 5
2739 | 12 | 7.90505e-322 | 7
685 | 10 | 3.05817 | 36
1371 | 11 | 3.05817 | 36
2742 | 12 | 2.55526 | 15
5484 | 13 | 0.503984 | 5
5485 | 13 | 1.06099 | 10
2743 | 12 | 2.58669 | 21
5486 | 13 | 1.14281 | 12
10972 | 14 | 0.309204 | 8
10973 | 14 | 10.5515 | 4
5487 | 13 | 4.63978e-310 | 9
343 | 9 | 3.69989 | 15
686 | 10 | 4.63978e-310 | 10
687 | 10 | 4.63978e-310 | 5
43 | 6 | 4.11025 | 11
86 | 7 | 4.63978e-310 | 8
87 | 7 | 1.06719 | 3
11 | 4 | 11.1852 | 143
22 | 5 | 11.1852 | 111
45 | 6 | 11.1852 | 111
90 | 7 | 6.16575 | 75
180 | 8 | 5.41748 | 44
360 | 9 | 1.58101e-322 | 9
361 | 9 | 4.2995 | 35
722 | 10 | 4.2995 | 29
1444 | 11 | 4.2995 | 29
2888 | 12 | 4.63978e-310 | 2
2889 | 12 | 3.99229 | 27
5778 | 13 | 5.35282 | 10
5779 | 13 | 3.99229 | 17
11558 | 14 | 3.59568 | 11
23116 | 15 | 0 | 3
23117 | 15 | 4.63978e-310 | 8
11559 | 14 | 4.63978e-310 | 6
723 | 10 | 4.63978e-310 | 6
181 | 8 | 4.7822 | 31
362 | 9 | 1.94733 | 12
724 | 10 | 13.6917 | 8
725 | 10 | 13.8595 | 4
363 | 9 | 2.44064 | 19
726 | 10 | 1.30288 | 9
727 | 10 | 1.50764 | 10
91 | 7 | 8.78747 | 36
182 | 8 | 3.67218 | 15
364 | 9 | 21.4029 | 4
365 | 9 | 3.67218 | 11
731 | 10 | 3.67218 | 11
1462 | 11 | 1.50196e-321 | 10
1463 | 11 | 44.7179 | 1
183 | 8 | 6.64818 | 21
366 | 9 | 4.63978e-310 | 8
367 | 9 | 6.41407 | 13
735 | 10 | 6.41407 | 13
1471 | 11 | 6.41407 | 13
2942 | 12 | 1.63042e-322 | 7
2943 | 12 | 2.76565 | 6
23 | 5 | 9.95183 | 32
46 | 6 | 9.46928 | 26
92 | 7 | 1.69726 | 21
184 | 8 | 1.66015 | 12
368 | 9 | 0.789547 | 4
369 | 9 | 1.34422 | 8
185 | 8 | 4.63978e-310 | 9
93 | 7 | 4.63978e-310 | 5
47 | 6 | 4.63978e-310 | 6
3 | 2 | 22.488 | 456
6 | 3 | 21.0647 | 333
12 | 4 | 9.58706 | 137
24 | 5 | 7.76354 | 76
48 | 6 | 4.78975 | 31
96 | 7 | 1.58101e-322 | 9
97 | 7 | 4.05579 | 22
194 | 8 | 1.63042e-322 | 7
195 | 8 | 4.05579 | 15
390 | 9 | 4.63978e-310 | 4
391 | 9 | 2.49446 | 11
782 | 10 | 0.980553 | 10
783 | 10 | 3.26736 | 1
49 | 6 | 5.49114 | 45
98 | 7 | 4.89417 | 40
196 | 8 | 4.89417 | 30
392 | 9 | 4.23387 | 25
784 | 10 | 3.08057 | 18
1568 | 11 | 2.98185 | 14
3136 | 12 | 4.05663 | 3
3137 | 12 | 1.63616 | 11
6274 | 13 | 1.58595e-321 | 5
6275 | 13 | 4.40826 | 6
1569 | 11 | 4.63978e-310 | 4
785 | 10 | 4.63978e-310 | 7
393 | 9 | 4.63978e-310 | 5
197 | 8 | 4.63978e-310 | 10
99 | 7 | 4.63978e-310 | 5
25 | 5 | 8.23094 | 61
50 | 6 | 8.20961 | 60
100 | 7 | 4.2709 | 31
200 | 8 | 3.72463 | 27
400 | 9 | 1.63042e-322 | 10
401 | 9 | 3.22018 | 17
802 | 10 | 2.42092e-322 | 10
803 | 10 | 3.21143e-322 | 7
201 | 8 | 1.58101e-322 | 4
101 | 7 | 7.48067 | 29
202 | 8 | 0.249202 | 4
203 | 8 | 3.34076 | 25
406 | 9 | 3.18086 | 15
812 | 10 | 0.690091 | 9
813 | 10 | 0.764365 | 6
407 | 9 | 4.63978e-310 | 10
51 | 6 | 4.63978e-310 | 1
13 | 4 | 15.5703 | 196
26 | 5 | 13.9822 | 144
52 | 6 | 13.6165 | 128
104 | 7 | 6.14865 | 106
208 | 8 | 2.08628 | 12
416 | 9 | 1.58101e-322 | 6
417 | 9 | 1.58101e-322 | 6
209 | 8 | 6.14865 | 94
418 | 9 | 5.29246 | 52
836 | 10 | 3.30645 | 37
1672 | 11 | 0.14346 | 10
1673 | 11 | 3.25349 | 27
3346 | 12 | 14.7926 | 10
3347 | 12 | 2.20945 | 17
6694 | 13 | 4.63978e-310 | 6
6695 | 13 | 1.45263 | 11
13390 | 14 | 1.45263 | 11
26780 | 15 | 5.1596 | 8
26781 | 15 | 7.11455e-322 | 3
837 | 10 | 3.01353 | 15
1674 | 11 | 4.63978e-310 | 9
1675 | 11 | 4.63978e-310 | 6
419 | 9 | 4.05529 | 42
838 | 10 | 1.73352 | 18
1677 | 11 | 1.73352 | 18
3354 | 12 | 1.7042 | 11
6708 | 13 | 0.0547319 | 3
6709 | 13 | 4.63978e-310 | 8
3355 | 12 | 4.63978e-310 | 7
839 | 10 | 2.24308 | 24
1678 | 11 | 2.24308 | 20
3356 | 12 | 2.51557 | 6
3357 | 12 | 1.8458 | 14
6714 | 13 | 1.1405 | 11
13428 | 14 | 0.73055 | 5
13429 | 14 | 0.0952109 | 6
6715 | 13 | 0.231736 | 3
1679 | 11 | 4.63978e-310 | 4
105 | 7 | 8.63267 | 22
210 | 8 | 4.63978e-310 | 6
211 | 8 | 8.63267 | 16
423 | 9 | 8.63267 | 16
846 | 10 | 0 | 3
847 | 10 | 8.20101 | 13
1694 | 11 | 8.20101 | 11
3389 | 12 | 8.20101 | 11
6778 | 13 | 42.7648 | 9
6779 | 13 | 46.0771 | 2
1695 | 11 | 4.63978e-310 | 2
53 | 6 | 4.53391 | 16
106 | 7 | 2.97854 | 15
212 | 8 | 4.63978e-310 | 6
213 | 8 | 4.63978e-310 | 9
107 | 7 | 4.63978e-310 | 1
27 | 5 | 10.6425 | 52
54 | 6 | 10.389 | 19
108 | 7 | 3.43153 | 10
109 | 7 | 4.63978e-310 | 9
55 | 6 | 9.9332 | 33
110 | 7 | 1.63042e-322 | 1
111 | 7 | 9.45079 | 32
222 | 8 | 1.38761 | 2
223 | 8 | 6.97139 | 30
446 | 9 | 59.6468 | 10
447 | 9 | 5.87391 | 20
894 | 10 | 7.28275 | 7
895 | 10 | 4.49623 | 13
1790 | 11 | 2.51988 | 7
1791 | 11 | 0 | 6
7 | 3 | 18.8661 | 123
14 | 4 | 10.5035 | 88
28 | 5 | 4.63978e-310 | 7
29 | 5 | 10.4605 | 81
58 | 6 | 10.4605 | 80
116 | 7 | 4.39975 | 26
232 | 8 | 1.63042e-322 | 7
233 | 8 | 4.28678 | 19
466 | 9 | 3.7671 | 12
932 | 10 | 1.63042e-322 | 10
933 | 10 | 1.63042e-322 | 2
467 | 9 | 1.58101e-322 | 7
117 | 7 | 7.46647 | 54
234 | 8 | 7.46647 | 52
468 | 9 | 4.63978e-310 | 7
469 | 9 | 7.1135 | 45
938 | 10 | 2.86646 | 14
1876 | 11 | 0.970161 | 6
1877 | 11 | 0.0485457 | 8
939 | 10 | 4.92389 | 31
1878 | 11 | 4.4119 | 3
1879 | 11 | 4.92389 | 28
3758 | 12 | 4.92389 | 28
7516 | 13 | 2.85073 | 19
15033 | 14 | 2.85073 | 19
30066 | 15 | 4.63978e-310 | 9
30067 | 15 | 3.15729 | 10
7517 | 13 | 4.63978e-310 | 9
235 | 8 | 4.63978e-310 | 2
59 | 6 | 4.63978e-310 | 1
15 | 4 | 9.77519 | 35
30 | 5 | 4.63978e-310 | 9
31 | 5 | 6.79625 | 26
62 | 6 | 4.63978e-310 | 6
63 | 6 | 5.15779 | 20
126 | 7 | 3.73681 | 12
252 | 8 | 57.6728 | 2
253 | 8 | 4.77016 | 10
127 | 7 | 1.5178 | 8
