ID | Depth | diameter | Number of points
0 | 0 | 29.316 | 1600
0 | 1 | 28.9488 | 1069
0 | 2 | 17.0533 | 354
0 | 3 | 15.9175 | 53
0 | 4 | 10.5505 | 31
0 | 5 | 5.51256 | 15
1 | 6 | 5.51256 | 15
2 | 7 | 1.72131 | 10
3 | 7 | 0.0030667 | 5
1 | 5 | 5.2701 | 16
2 | 6 | 5.0286 | 11
4 | 7 | 0 | 8
5 | 7 | 1.56662 | 3
3 | 6 | 4.63978e-310 | 5
1 | 4 | 6.39513 | 22
2 | 5 | 5.62585 | 17
4 | 6 | 1.298 | 2
5 | 6 | 5.62585 | 15
10 | 7 | 1.45149 | 8
11 | 7 | 0.602336 | 7
3 | 5 | 4.63978e-310 | 5
1 | 3 | 15.9126 | 301
2 | 4 | 10.3558 | 131
4 | 5 | 9.26069 | 110
8 | 6 | 6.79896 | 53
16 | 7 | 4.44669 | 33
32 | 8 | 3.97025 | 28
64 | 9 | 3.87268 | 22
128 | 10 | 4.99555 | 7
129 | 10 | 2.946 | 15
258 | 11 | 2.42092e-322 | 10
259 | 11 | 2.42092e-322 | 5
65 | 9 | 4.63978e-310 | 6
33 | 8 | 4.63978e-310 | 5
17 | 7 | 3.91356 | 20
35 | 8 | 3.91356 | 20
70 | 9 | 1.58986 | 4
71 | 9 | 3.22707 | 16
142 | 10 | 0 | 7
143 | 10 | 0.970721 | 9
9 | 6 | 5.855 | 57
18 | 7 | 3.68181 | 28
36 | 8 | 4.63978e-310 | 2
37 | 8 | 3.21382 | 26
74 | 9 | 2.94109 | 16
148 | 10 | 1.95238 | 12
296 | 11 | 0.967782 | 4
297 | 11 | 3.03442 | 8
149 | 10 | 4.63978e-310 | 4
75 | 9 | 2.23138 | 10
19 | 7 | 3.85809 | 29
38 | 8 | 3.85809 | 29
76 | 9 | 2.90255 | 22
152 | 10 | 0.476851 | 8
153 | 10 | 2.0922 | 14
306 | 11 | 3.59431 | 8
307 | 11 | 7.73495 | 6
77 | 9 | 4.63978e-310 | 7
5 | 5 | 5.83544 | 21
10 | 6 | 4.63978e-310 | 7
11 | 6 | 2.71762 | 14
22 | 7 | 0.196673 | 7
23 | 7 | 12.2559 | 7
3 | 4 | 9.75458 | 170
6 | 5 | 4.10822 | 29
12 | 6 | 4.10822 | 16
24 | 7 | 7.88549 | 8
25 | 7 | 27.109 | 8
13 | 6 | 3.4857 | 13
26 | 7 | 4.63978e-310 | 3
27 | 7 | 0.436148 | 10
7 | 5 | 9.65779 | 141
14 | 6 | 7.17296 | 44
28 | 7 | 5.17871 | 20
56 | 8 | 5.17871 | 20
112 | 9 | 42.4449 | 10
113 | 9 | 0.132952 | 10
29 | 7 | 3.85697 | 24
58 | 8 | 3.85697 | 24
116 | 9 | 0.303654 | 10
117 | 9 | 3.26846 | 14
234 | 10 | 5.05318 | 5
235 | 10 | 1.34165 | 9
15 | 6 | 7.64959 | 97
30 | 7 | 3.17806 | 38
60 | 8 | 16.9029 | 8
61 | 8 | 3.17806 | 30
122 | 9 | 4.79244e-322 | 6
123 | 9 | 3.0405 | 24
246 | 10 | 0.254556 | 10
247 | 10 | 1.87693 | 14
494 | 11 | 0 | 8
495 | 11 | 3.68427 | 6
31 | 7 | 5.22981 | 59
62 | 8 | 4.83861 | 43
124 | 9 | 3.8735 | 18
248 | 10 | 2.11137 | 11
496 | 11 | 2.7988 | 10
497 | 11 | 4.88487 | 1
249 | 10 | 4.63978e-310 | 7
125 | 9 | 3.25071 | 25
250 | 10 | 2.52874 | 18
500 | 11 | 2.52874 | 18
1000 | 12 | 0.0221274 | 9
1001 | 12 | 2.35898 | 9
251 | 10 | 4.63978e-310 | 7
63 | 8 | 2.97848 | 16
126 | 9 | 4.63978e-310 | 9
127 | 9 | 4.33912 | 7
1 | 2 | 26.3065 | 715
2 | 3 | 21.3403 | 67
4 | 4 | 21.3403 | 27
8 | 5 | 15.4242 | 24
16 | 6 | 6.90513e-310 | 8
17 | 6 | 15.4242 | 16
34 | 7 | 15.4242 | 16
68 | 8 | 15.4242 | 16
136 | 9 | 15.4242 | 16
272 | 10 | 119.532 | 3
273 | 10 | 14.9071 | 13
546 | 11 | 1.69179 | 1
547 | 11 | 3.19559 | 12
1095 | 12 | 3.19559 | 12
2190 | 13 | 8.64123 | 6
2191 | 13 | 1.10052 | 6
9 | 5 | 4.63978e-310 | 3
5 | 4 | 12.5631 | 40
10 | 5 | 6.20366 | 24
20 | 6 | 6.20366 | 24
40 | 7 | 3.49426 | 11
80 | 8 | 23.5079 | 10
81 | 8 | 6.90513e-310 | 1
41 | 7 | 3.06082 | 13
82 | 8 | 5.41642 | 8
83 | 8 | 14.4478 | 5
11 | 5 | 7.56147 | 16
22 | 6 | 7.56147 | 16
45 | 7 | 7.56147 | 16
90 | 8 | 0 | 10
91 | 8 | 0.446324 | 6
3 | 3 | 26.0222 | 648
6 | 4 | 22.1196 | 164
12 | 5 | 12.8315 | 73
24 | 6 | 11.0246 | 20
48 | 7 | 7.08897 | 13
96 | 8 | 6.78171 | 11
192 | 9 | 2.01884 | 7
193 | 9 | 0.147465 | 4
97 | 8 | 1.68851 | 2
49 | 7 | 4.63978e-310 | 7
25 | 6 | 11.9727 | 53
50 | 7 | 6.62721 | 14
100 | 8 | 6.96511 | 9
101 | 8 | 1.63042e-322 | 5
51 | 7 | 11.4479 | 39
102 | 8 | 6.78693 | 12
204 | 9 | 44.738 | 5
205 | 9 | 15.2726 | 7
103 | 8 | 11.4479 | 27
206 | 9 | 61.741 | 10
207 | 9 | 9.35315 | 17
414 | 10 | 2.81231 | 8
415 | 10 | 7.11455e-322 | 9
13 | 5 | 15.8 | 91
26 | 6 | 15.0286 | 41
52 | 7 | 15.0286 | 24
104 | 8 | 6.25013 | 17
208 | 9 | 6.25013 | 14
416 | 10 | 213.265 | 7
417 | 10 | 190.495 | 7
209 | 9 | 4.08881 | 3
105 | 8 | 4.63978e-310 | 7
53 | 7 | 6.38658 | 17
106 | 8 | 40.7884 | 5
107 | 8 | 2.91764 | 12
214 | 9 | 3.72457 | 8
215 | 9 | 6.42595 | 4
27 | 6 | 15.0826 | 50
54 | 7 | 15.0826 | 32
108 | 8 | 12.5395 | 30
216 | 9 | 12.5395 | 30
432 | 10 | 1.62855 | 7
433 | 10 | 7.81478 | 23
866 | 11 | 4.63978e-310 | 10
867 | 11 | 5.00182 | 13
1734 | 12 | 0.581678 | 10
1735 | 12 | 18.1186 | 3
109 | 8 | 4.63978e-310 | 2
55 | 7 | 3.12468 | 18
110 | 8 | 4.63978e-310 | 10
111 | 8 | 4.63978e-310 | 8
7 | 4 | 22.2068 | 484
14 | 5 | 12.5029 | 212
28 | 6 | 8.19717 | 75
56 | 7 | 5.36605 | 28
112 | 8 | 4.82014 | 19
224 | 9 | 7.75085 | 6
225 | 9 | 4.171 | 13
450 | 10 | 0.245272 | 5
451 | 10 | 17.3973 | 8
113 | 8 | 4.63978e-310 | 9
57 | 7 | 3.27894 | 47
114 | 8 | 2.26604 | 27
228 | 9 | 1.78055 | 12
456 | 10 | 1.04845 | 3
457 | 10 | 4.63978e-310 | 9
229 | 9 | 1.9548 | 15
458 | 10 | 1.70914 | 11
916 | 11 | 1.8397 | 8
917 | 11 | 0 | 3
459 | 10 | 4.63978e-310 | 4
115 | 8 | 2.25111 | 20
230 | 9 | 4.63978e-310 | 10
231 | 9 | 0.779579 | 10
29 | 6 | 10.6124 | 137
58 | 7 | 7.87394 | 64
116 | 8 | 2.71749 | 11
232 | 9 | 0.189522 | 6
233 | 9 | 13.2387 | 5
117 | 8 | 7.53358 | 53
234 | 9 | 6.58728 | 36
468 | 10 | 3.2407 | 12
936 | 11 | 3.2407 | 12
1872 | 12 | 0.60483 | 5
1873 | 12 | 5.72618 | 7
469 | 10 | 4.86029 | 24
939 | 11 | 4.86029 | 24
1878 | 12 | 4.14459 | 18
3756 | 13 | 4.12408 | 16
7512 | 14 | 13.0014 | 10
7513 | 14 | 8.85976 | 6
3757 | 13 | 4.63978e-310 | 2
1879 | 12 | 4.63978e-310 | 6
235 | 9 | 5.10335 | 17
470 | 10 | 4.63978e-310 | 8
471 | 10 | 0.78545 | 9
59 | 7 | 8.02172 | 73
118 | 8 | 4.962 | 30
236 | 9 | 2.90068 | 13
472 | 10 | 8.48329 | 2
473 | 10 | 2.90068 | 11
946 | 11 | 2.85453 | 6
947 | 11 | 6.92509 | 5
237 | 9 | 2.0279 | 17
474 | 10 | 1.75559 | 13
948 | 11 | 1.75559 | 12
1896 | 12 | 1.62105 | 4
1897 | 12 | 0.254166 | 8
949 | 11 | 4.63978e-310 | 1
475 | 10 | 8.60105 | 4
119 | 8 | 7.42049 | 43
238 | 9 | 1.63042e-322 | 9
239 | 9 | 4.71838 | 34
478 | 10 | 3.21662 | 11
956 | 11 | 5.52686 | 5
957 | 11 | 3.14184 | 6
479 | 10 | 4.5121 | 23
958 | 11 | 2.42009 | 14
1916 | 12 | 0.704025 | 8
1917 | 12 | 0.371071 | 6
959 | 11 | 4.63978e-310 | 9
15 | 5 | 15.0724 | 272
30 | 6 | 15.0724 | 258
60 | 7 | 10.0433 | 81
120 | 8 | 7.21309 | 79
240 | 9 | 6.56774 | 65
480 | 10 | 3.38383 | 10
481 | 10 | 6.18882 | 55
962 | 11 | 5.88619 | 53
1924 | 12 | 3.76918 | 26
3848 | 13 | 2.6486 | 14
7696 | 14 | 1.81859 | 2
7697 | 14 | 2.6486 | 12
15394 | 15 | 0.669085 | 9
15395 | 15 | 0.279822 | 3
3849 | 13 | 2.12875 | 12
7698 | 14 | 4.63978e-310 | 2
7699 | 14 | 5.2352 | 10
1925 | 12 | 3.43445 | 27
3850 | 13 | 2.50069 | 15
7700 | 14 | 2.50069 | 15
15400 | 15 | 5.19456 | 7
15401 | 15 | 1.0166 | 8
3851 | 13 | 2.12792 | 12
7702 | 14 | 3.96972 | 9
7703 | 14 | 2.98672 | 3
963 | 11 | 4.63978e-310 | 2
241 | 9 | 3.53285 | 14
482 | 10 | 4.63978e-310 | 8
483 | 10 | 4.63978e-310 | 6
121 | 8 | 4.63978e-310 | 2
61 | 7 | 13.3971 | 177
122 | 8 | 3.20939 | 20
244 | 9 | 0.382058 | 8
245 | 9 | 2.06349 | 12
490 | 10 | 2.06349 | 12
980 | 11 | 9.48606e-322 | 8
981 | 11 | 0.533796 | 4
123 | 8 | 12.2331 | 157
246 | 9 | 11.7775 | 78
492 | 10 | 6.90513e-310 | 1
493 | 10 | 11.7775 | 77
986 | 11 | 0.540212 | 4
987 | 11 | 11.5648 | 73
1975 | 12 | 11.5648 | 73
3951 | 13 | 11.5648 | 73
7902 | 14 | 4.30087 | 16
15804 | 15 | 0.117656 | 4
15805 | 15 | 3.48712 | 12
31610 | 16 | 3.87604 | 7
31611 | 16 | 0.698155 | 5
7903 | 14 | 10.7808 | 57
15806 | 15 | 3.16737 | 44
31612 | 16 | 2.48439 | 30
63224 | 17 | 0 | 5
63225 | 17 | 2.47444 | 25
126450 | 18 | 1.50063 | 15
252900 | 19 | 0.309878 | 3
252901 | 19 | 1.3708 | 12
505802 | 20 | 0.0132269 | 3
505803 | 20 | 4.63978e-310 | 9
126451 | 18 | 4.63978e-310 | 10
31613 | 16 | 2.32343 | 14
63226 | 17 | 2.32343 | 12
126452 | 18 | 0 | 4
126453 | 18 | 2.86519 | 8
63227 | 17 | 4.63978e-310 | 2
15807 | 15 | 10.1566 | 13
31614 | 16 | 10.1566 | 13
63228 | 17 | 4.63978e-310 | 3
63229 | 17 | 4.63978e-310 | 10
247 | 9 | 11.4076 | 79
494 | 10 | 10.1387 | 60
988 | 11 | 1.89239 | 11
1976 | 12 | 16.0381 | 4
1977 | 12 | 1.58101e-322 | 7
989 | 11 | 9.4905 | 49
1978 | 12 | 9.46433 | 48
3956 | 13 | 9.44354 | 41
7912 | 14 | 3.83607 | 39
15824 | 15 | 2.7024 | 11
31648 | 16 | 4.72268 | 5
31649 | 16 | 0.785334 | 6
15825 | 15 | 3.43569 | 28
31650 | 16 | 1.25529 | 11
63300 | 17 | 4.17987 | 5
63301 | 17 | 0 | 6
31651 | 16 | 2.34942 | 17
63302 | 17 | 0.361271 | 10
63303 | 17 | 1.88227 | 7
7913 | 14 | 4.63978e-310 | 2
3957 | 13 | 4.63978e-310 | 7
1979 | 12 | 4.63978e-310 | 1
495 | 10 | 2.54975 | 19
990 | 11 | 4.63978e-310 | 4
991 | 11 | 2.20581 | 15
1982 | 12 | 4.63978e-310 | 6
1983 | 12 | 0.403146 | 9
31 | 6 | 7.95054 | 14
62 | 7 | 4.63978e-310 | 2
63 | 7 | 3.65355 | 12
126 | 8 | 4.63978e-310 | 7
127 | 8 | 1.53447 | 5
1 | 1 | 23.7162 | 531
2 | 2 | 13.8174 | 215
4 | 3 | 10.9642 | 73
8 | 4 | 8.13796 | 55
16 | 5 | 5.47547 | 33
32 | 6 | 4.01277 | 11
64 | 7 | 0 | 4
65 | 7 | 4.63978e-310 | 7
33 | 6 | 4.84635 | 22
66 | 7 | 1.31789 | 12
132 | 8 | 6.47505 | 4
133 | 8 | 1.58101e-322 | 8
67 | 7 | 4.63978e-310 | 10
17 | 5 | 3.60255 | 22
34 | 6 | 1.63042e-322 | 8
35 | 6 | 2.97955 | 14
70 | 7 | 1.63042e-322 | 6
71 | 7 | 1.63042e-322 | 8
9 | 4 | 4.12057 | 18
18 | 5 | 1.63042e-322 | 4
19 | 5 | 4.12057 | 14
38 | 6 | 1.63042e-322 | 6
39 | 6 | 1.58101e-322 | 8
5 | 3 | 11.2584 | 142
10 | 4 | 10.8192 | 126
20 | 5 | 6.44004 | 44
40 | 6 | 4.47735 | 19
80 | 7 | 1.63042e-322 | 3
81 | 7 | 3.79863 | 16
162 | 8 | 3.79863 | 14
324 | 9 | 1.58101e-322 | 8
325 | 9 | 1.63042e-322 | 6
163 | 8 | 1.58101e-322 | 2
41 | 6 | 2.72661 | 25
82 | 7 | 1.63042e-322 | 6
83 | 7 | 2.57107 | 19
166 | 8 | 2.43517 | 15
332 | 9 | 1.58101e-322 | 5
333 | 9 | 1.63042e-322 | 10
167 | 8 | 1.63042e-322 | 4
21 | 5 | 7.94124 | 82
42 | 6 | 7.08746 | 73
84 | 7 | 7.08746 | 73
168 | 8 | 6.06436 | 42
336 | 9 | 4.21045 | 13
672 | 10 | 4.63978e-310 | 5
673 | 10 | 4.63978e-310 | 8
337 | 9 | 3.56828 | 29
674 | 10 | 0.081788 | 8
675 | 10 | 2.3805 | 21
1350 | 11 | 1.75854 | 12
2700 | 12 | 0 | 7
2701 | 12 | 4.63978e-310 | 5
1351 | 11 | 4.63978e-310 | 9
169 | 8 | 5.45668 | 31
338 | 9 | 3.41522 | 11
677 | 10 | 3.41522 | 11
1354 | 11 | 0.0884494 | 8
1355 | 11 | 0.516239 | 3
339 | 9 | 2.76433 | 20
678 | 10 | 1.93942 | 11
1356 | 11 | 0.671827 | 7
1357 | 11 | 1.27936 | 4
679 | 10 | 4.63978e-310 | 9
43 | 6 | 4.63978e-310 | 9
11 | 4 | 4.98198 | 16
22 | 5 | 4.98198 | 12
44 | 6 | 4.20112 | 11
89 | 7 | 4.20112 | 11
178 | 8 | 7.76577 | 1
179 | 8 | 7.99333 | 10
45 | 6 | 4.63978e-310 | 1
23 | 5 | 4.63978e-310 | 4
3 | 2 | 17.8745 | 316
6 | 3 | 14.4539 | 79
12 | 4 | 12.6805 | 33
24 | 5 | 1.74938 | 12
48 | 6 | 15.5914 | 4
49 | 6 | 7.21919 | 8
25 | 5 | 11.3671 | 21
50 | 6 | 11.3671 | 19
101 | 7 | 11.3671 | 19
202 | 8 | 2.86506 | 11
404 | 9 | 6.3077 | 2
405 | 9 | 0.225754 | 9
203 | 8 | 0.125176 | 8
51 | 6 | 0 | 2
13 | 4 | 11.0991 | 46
26 | 5 | 4.21041 | 18
52 | 6 | 4.63978e-310 | 10
53 | 6 | 0.280937 | 8
27 | 5 | 6.79625 | 28
54 | 6 | 6.79625 | 15
108 | 7 | 0.213514 | 7
109 | 7 | 0.163112 | 8
55 | 6 | 4.69898 | 13
110 | 7 | 1.74122 | 2
111 | 7 | 3.08791 | 11
222 | 8 | 14.4674 | 9
223 | 8 | 3.73762 | 2
7 | 3 | 16.3007 | 237
15 | 4 | 16.3007 | 237
30 | 5 | 9.48886 | 31
60 | 6 | 6.54771 | 15
120 | 7 | 0.00974768 | 9
121 | 7 | 0.0434163 | 6
61 | 6 | 6.80228 | 16
122 | 7 | 6.80228 | 16
244 | 8 | 6.80228 | 16
488 | 9 | 7.69433 | 1
489 | 9 | 6.80228 | 15
978 | 10 | 1.28755 | 4
979 | 10 | 2.76709 | 11
1958 | 11 | 40.1169 | 10
1959 | 11 | 41.5983 | 1
31 | 5 | 14.6349 | 206
62 | 6 | 14.2907 | 53
125 | 7 | 14.2907 | 53
250 | 8 | 6.73103 | 19
500 | 9 | 6.39874 | 17
1000 | 10 | 1.53687 | 16
2000 | 11 | 1.6292 | 6
2001 | 11 | 0.137686 | 10
1001 | 10 | 0 | 1
501 | 9 | 3.03028 | 2
251 | 8 | 13.3222 | 34
503 | 9 | 13.3222 | 34
1006 | 10 | 11.987 | 21
2012 | 11 | 0.954798 | 5
2013 | 11 | 11.6 | 16
4027 | 12 | 11.6 | 16
8055 | 13 | 11.6 | 16
16110 | 14 | 2.51057 | 12
32220 | 15 | 5.18829 | 9
32221 | 15 | 5.14119 | 3
16111 | 14 | 4.63978e-310 | 4
1007 | 10 | 9.3746 | 13
2014 | 11 | 4.63978e-310 | 9
2015 | 11 | 4.63978e-310 | 4
63 | 6 | 12.549 | 153
127 | 7 | 12.549 | 153
255 | 8 | 12.549 | 153
510 | 9 | 10.9045 | 13
1020 | 10 | 10.9045 | 11
2040 | 11 | 109.481 | 6
2041 | 11 | 108.903 | 5
1021 | 10 | 110.479 | 2
511 | 9 | 12.549 | 140
1022 | 10 | 5.10793 | 86
2044 | 11 | 4.27291 | 21
4088 | 12 | 29.6774 | 5
4089 | 12 | 2.55747 | 16
8178 | 13 | 2.55747 | 16
16356 | 14 | 5.61159 | 5
16357 | 14 | 2.45612 | 11
32714 | 15 | 3.4114 | 7
32715 | 15 | 3.36697 | 4
2045 | 11 | 4.42622 | 65
4090 | 12 | 2.72928 | 36
8181 | 13 | 2.72928 | 36
16362 | 14 | 1.63529 | 16
32724 | 15 | 1.63042e-322 | 9
32725 | 15 | 1.80442 | 7
16363 | 14 | 1.66185 | 20
32726 | 15 | 41.0287 | 9
32727 | 15 | 1.49004 | 11
65454 | 16 | 0 | 5
65455 | 16 | 0.988842 | 6
4091 | 12 | 3.30038 | 29
8182 | 13 | 3.30038 | 29
16364 | 14 | 2.67945 | 16
32728 | 15 | 1.36553 | 12
65456 | 16 | 1.36553 | 12
130912 | 17 | 0.724198 | 6
130913 | 17 | 4.77064 | 6
32729 | 15 | 4.63978e-310 | 4
16365 | 14 | 2.42094 | 13
32730 | 15 | 1.26854 | 2
32731 | 15 | 2.10182 | 11
65462 | 16 | 2.10182 | 11
130924 | 17 | 0.128683 | 4
130925 | 17 | 1.22691 | 7
1023 | 10 | 12.549 | 54
2046 | 11 | 3.99649 | 30
4092 | 12 | 2.1949 | 11
8184 | 13 | 2.1949 | 11
16368 | 14 | 4.63978e-310 | 5
16369 | 14 | 0.251166 | 6
4093 | 12 | 3.97674 | 19
8187 | 13 | 3.97674 | 19
16374 | 14 | 6.79608 | 10
16375 | 14 | 4.88288 | 9
2047 | 11 | 9.19149 | 24
4094 | 12 | 8.69464 | 15
8188 | 13 | 2.37152e-322 | 5
8189 | 13 | 2.37152e-322 | 10
4095 | 12 | 4.63978e-310 | 9
