ID | Depth | diameter | Number of points
0 | 0 | 29.316 | 1600
0 | 1 | 28.1196 | 910
0 | 2 | 20.0541 | 104
0 | 3 | 17.1417 | 56
0 | 4 | 13.7399 | 33
0 | 5 | 8.45455 | 18
0 | 6 | 1.58101e-322 | 8
1 | 6 | 1.63042e-322 | 10
1 | 5 | 9.89631 | 15
2 | 6 | 1.58101e-322 | 9
3 | 6 | 1.58101e-322 | 6
1 | 4 | 5.84057 | 23
2 | 5 | 5.29742 | 20
4 | 6 | 1.58101e-322 | 9
5 | 6 | 3.40438 | 11
10 | 7 | 1.86227 | 5
11 | 7 | 7.5139 | 6
3 | 5 | 1.5178 | 3
1 | 3 | 10.3565 | 48
2 | 4 | 7.44358 | 18
4 | 5 | 6.05631 | 14
8 | 6 | 0.105099 | 7
9 | 6 | 0 | 7
5 | 5 | 0.00974768 | 4
3 | 4 | 5.69191 | 30
6 | 5 | 1.7044 | 4
7 | 5 | 4.63611 | 26
14 | 6 | 2.71284 | 15
28 | 7 | 2.0038 | 4
29 | 7 | 1.88227 | 11
58 | 8 | 4.63978e-310 | 8
59 | 8 | 5.47242 | 3
15 | 6 | 3.69105 | 11
30 | 7 | 3.69105 | 11
60 | 8 | 1.63042e-322 | 10
61 | 8 | 1.05441 | 1
1 | 2 | 28.1196 | 806
2 | 3 | 21.2711 | 106
4 | 4 | 14.7779 | 42
8 | 5 | 10.0785 | 24
16 | 6 | 0 | 4
17 | 6 | 10.0785 | 20
34 | 7 | 10.0785 | 20
68 | 8 | 4.03558 | 12
136 | 9 | 0 | 6
137 | 9 | 4.63978e-310 | 6
69 | 8 | 9.69847 | 8
9 | 5 | 9.1051 | 18
18 | 6 | 9.05813 | 14
36 | 7 | 8.71166 | 2
37 | 7 | 5.38092 | 12
74 | 8 | 1.28251 | 8
75 | 8 | 8.71166 | 4
19 | 6 | 4.63978e-310 | 4
5 | 4 | 18.3667 | 64
11 | 5 | 18.3667 | 64
22 | 6 | 18.3667 | 64
45 | 7 | 18.3667 | 64
90 | 8 | 4.25243 | 17
180 | 9 | 4.63978e-310 | 5
181 | 9 | 3.20667 | 12
362 | 10 | 0.440352 | 2
363 | 10 | 8.77902 | 10
91 | 8 | 17.4879 | 47
182 | 9 | 17.4879 | 47
364 | 10 | 15.26 | 40
728 | 11 | 4.54048 | 30
1456 | 12 | 3.60194 | 17
2912 | 13 | 5.25647 | 1
2913 | 13 | 3.15358 | 16
5826 | 14 | 4.63978e-310 | 4
5827 | 14 | 2.27529 | 12
11654 | 15 | 714.61 | 10
11655 | 15 | 0.281495 | 2
1457 | 12 | 2.39684 | 13
2914 | 13 | 3.63304 | 8
2915 | 13 | 2.49367 | 5
729 | 11 | 4.63978e-310 | 10
365 | 10 | 4.63978e-310 | 7
3 | 3 | 21.3166 | 700
6 | 4 | 21.2695 | 436
13 | 5 | 21.2695 | 436
26 | 6 | 19.1032 | 144
52 | 7 | 18.5948 | 93
104 | 8 | 10.5865 | 67
209 | 9 | 10.5865 | 67
418 | 10 | 7.75706 | 37
836 | 11 | 5.22949 | 9
837 | 11 | 5.30694 | 28
1674 | 12 | 4.2648 | 12
3348 | 13 | 4.63978e-310 | 3
3349 | 13 | 4.63978e-310 | 9
1675 | 12 | 4.52156 | 16
3350 | 13 | 2.27942 | 3
3351 | 13 | 2.75687 | 13
6702 | 14 | 14.3279 | 5
6703 | 14 | 0.85971 | 8
419 | 10 | 3.76686 | 30
838 | 11 | 3.30326 | 29
1676 | 12 | 2.55919 | 14
3352 | 13 | 1.07386 | 3
3353 | 13 | 1.74126 | 11
6706 | 14 | 0.758083 | 2
6707 | 14 | 0.698155 | 9
1677 | 12 | 2.24837 | 15
3354 | 13 | 1.10866 | 4
3355 | 13 | 1.50869 | 11
6711 | 14 | 1.50869 | 11
13422 | 15 | 0 | 9
13423 | 15 | 4.3221 | 2
839 | 11 | 4.63978e-310 | 1
105 | 8 | 14.3941 | 26
210 | 9 | 4.63978e-310 | 10
211 | 9 | 14.3941 | 16
422 | 10 | 86.995 | 9
423 | 10 | 19.1035 | 7
53 | 7 | 19.0459 | 51
107 | 8 | 19.0459 | 51
214 | 9 | 18.8561 | 19
428 | 10 | 4.88423 | 7
429 | 10 | 18.8505 | 12
858 | 11 | 3.90436 | 8
859 | 11 | 151.272 | 4
215 | 9 | 18.9981 | 32
431 | 10 | 18.9981 | 32
863 | 11 | 18.9981 | 32
1726 | 12 | 18.9981 | 32
3452 | 13 | 352.712 | 9
3453 | 13 | 18.9318 | 23
6907 | 14 | 18.9318 | 23
13814 | 15 | 18.9318 | 23
27629 | 16 | 18.9318 | 23
55259 | 17 | 18.9318 | 23
110519 | 18 | 18.9318 | 23
221038 | 19 | 18.9318 | 23
442077 | 20 | 18.9318 | 23
884155 | 21 | 18.9318 | 23
1768311 | 22 | 18.9318 | 23
3536623 | 23 | 18.9318 | 23
7073246 | 24 | 352.312 | 4
7073247 | 24 | 18.9244 | 19
14146494 | 25 | 18.9163 | 14
28292989 | 26 | 18.9163 | 14
56585978 | 27 | 18.9163 | 14
113171956 | 28 | 8.85582 | 1
113171957 | 28 | 18.9163 | 13
226343914 | 29 | 30.3873 | 10
226343915 | 29 | 3.46323 | 3
14146495 | 25 | 4.63978e-310 | 5
27 | 6 | 19.8979 | 292
54 | 7 | 19.8979 | 292
108 | 8 | 10.5776 | 226
216 | 9 | 10.2608 | 180
432 | 10 | 6.00684 | 68
864 | 11 | 4.93964 | 49
1728 | 12 | 2.52248 | 15
3456 | 13 | 0.89533 | 9
3457 | 13 | 5.22152 | 6
1729 | 12 | 3.66955 | 34
3458 | 13 | 3.66955 | 30
6916 | 14 | 3.50424 | 28
13832 | 15 | 0.224902 | 8
13833 | 15 | 2.96425 | 20
27666 | 16 | 2.96425 | 17
55333 | 17 | 2.96425 | 17
110666 | 18 | 1.88192 | 5
110667 | 18 | 2.56666 | 12
221334 | 19 | 2.56666 | 12
442668 | 20 | 0.756837 | 9
442669 | 20 | 2.26559 | 3
27667 | 16 | 4.63978e-310 | 3
6917 | 14 | 4.63978e-310 | 2
3459 | 13 | 4.63978e-310 | 4
865 | 11 | 3.15972 | 19
1730 | 12 | 4.63978e-310 | 8
1731 | 12 | 2.83401 | 11
3462 | 13 | 4.63978e-310 | 7
3463 | 13 | 1.10781 | 4
433 | 10 | 6.81352 | 112
866 | 11 | 6.81352 | 81
1732 | 12 | 5.07094 | 38
3464 | 13 | 3.63414 | 23
6929 | 14 | 3.63414 | 23
13858 | 15 | 3.63414 | 13
27716 | 16 | 12.3323 | 7
27717 | 16 | 10.2936 | 6
13859 | 15 | 10.0927 | 10
3465 | 13 | 2.33246 | 15
6930 | 14 | 10.0927 | 9
6931 | 14 | 4.9836 | 6
1733 | 12 | 3.62945 | 43
3466 | 13 | 2.89515 | 26
6933 | 14 | 2.89515 | 26
13866 | 15 | 2.06664 | 11
27732 | 16 | 1.11619 | 3
27733 | 16 | 0 | 8
13867 | 15 | 2.28153 | 15
27734 | 16 | 1.55053 | 4
27735 | 16 | 1.5115 | 11
55470 | 17 | 3.73982 | 7
55471 | 17 | 2.97421 | 4
3467 | 13 | 2.12043 | 17
6934 | 14 | 2.12043 | 17
13868 | 15 | 1.15126 | 12
27736 | 16 | 0.688383 | 4
27737 | 16 | 1.30259 | 8
13869 | 15 | 4.63978e-310 | 5
867 | 11 | 3.17828 | 31
1734 | 12 | 2.6892 | 23
3468 | 13 | 0.0528403 | 6
3469 | 13 | 2.42832 | 17
6938 | 14 | 2.33894 | 13
13876 | 15 | 3.48068 | 4
13877 | 15 | 1.20556 | 9
6939 | 14 | 4.63978e-310 | 4
1735 | 12 | 4.63978e-310 | 8
217 | 9 | 5.91967 | 46
434 | 10 | 5.20989 | 34
868 | 11 | 5.20989 | 33
1736 | 12 | 3.60694 | 28
3472 | 13 | 6.90513e-310 | 10
3473 | 13 | 2.05681 | 18
6946 | 14 | 1.51924 | 14
13892 | 15 | 5.14105 | 10
13893 | 15 | 5.637 | 4
6947 | 14 | 4.63978e-310 | 4
1737 | 12 | 4.63978e-310 | 5
869 | 11 | 4.63978e-310 | 1
435 | 10 | 1.15371 | 12
870 | 11 | 6.15895 | 2
871 | 11 | 1.63042e-322 | 10
109 | 8 | 19.6666 | 66
218 | 9 | 19.2797 | 50
436 | 10 | 17.6539 | 21
872 | 11 | 0.272527 | 10
873 | 11 | 3.2054 | 11
1746 | 12 | 284.246 | 5
1747 | 12 | 0.267103 | 6
437 | 10 | 8.31939 | 29
874 | 11 | 8.31939 | 29
1748 | 12 | 8.31939 | 29
3497 | 13 | 8.31939 | 29
6994 | 14 | 2.09554 | 8
6995 | 14 | 4.51008 | 21
13990 | 15 | 3.85674 | 11
27980 | 16 | 1.12903 | 8
27981 | 16 | 2.64559 | 3
13991 | 15 | 4.63978e-310 | 10
219 | 9 | 16.6599 | 16
438 | 10 | 16.6599 | 16
877 | 11 | 16.6599 | 16
1754 | 12 | 16.6599 | 15
3508 | 13 | 16.6599 | 15
7017 | 14 | 16.6599 | 15
14034 | 15 | 16.6599 | 15
28068 | 16 | 3.46273 | 7
28069 | 16 | 50.9049 | 8
1755 | 12 | 4.63978e-310 | 1
7 | 4 | 20.1702 | 264
14 | 5 | 6.652 | 80
28 | 6 | 4.64946 | 66
56 | 7 | 4.08393 | 45
112 | 8 | 3.89703 | 40
224 | 9 | 3.294 | 33
448 | 10 | 2.88852 | 19
896 | 11 | 2.88852 | 19
1792 | 12 | 2.36483 | 14
3584 | 13 | 1.63042e-322 | 7
3585 | 13 | 1.63042e-322 | 7
1793 | 12 | 1.63042e-322 | 5
449 | 10 | 2.74469 | 14
898 | 11 | 2.6057 | 11
1796 | 12 | 2.37152e-322 | 9
1797 | 12 | 2.37152e-322 | 2
899 | 11 | 2.37152e-322 | 3
225 | 9 | 4.63978e-310 | 7
113 | 8 | 4.63978e-310 | 5
57 | 7 | 2.51045 | 21
114 | 8 | 4.63978e-310 | 5
115 | 8 | 1.3819 | 16
230 | 9 | 2.37152e-322 | 9
231 | 9 | 2.37152e-322 | 7
29 | 6 | 3.44553 | 14
58 | 7 | 4.63978e-310 | 4
59 | 7 | 2.37152e-322 | 10
15 | 5 | 18.0945 | 184
30 | 6 | 18.0945 | 183
60 | 7 | 18.0945 | 183
120 | 8 | 8.2263 | 94
240 | 9 | 4.92403 | 20
480 | 10 | 4.92403 | 20
960 | 11 | 6.90513e-310 | 10
961 | 11 | 6.90513e-310 | 10
241 | 9 | 6.22827 | 74
482 | 10 | 5.99932 | 20
964 | 11 | 4.63978e-310 | 6
965 | 11 | 5.46435 | 14
1930 | 12 | 6.90513e-310 | 1
1931 | 12 | 5.06919 | 13
3863 | 13 | 5.06919 | 13
7726 | 14 | 6.21628 | 1
7727 | 14 | 4.66252 | 12
15454 | 15 | 12.7285 | 5
15455 | 15 | 3.43242 | 7
483 | 10 | 5.15777 | 54
966 | 11 | 3.55614 | 38
1932 | 12 | 3.55614 | 37
3864 | 13 | 3.55614 | 30
7728 | 14 | 2.68674 | 20
15456 | 15 | 5.37999 | 10
15457 | 15 | 2.08839 | 10
7729 | 14 | 1.49637 | 10
3865 | 13 | 4.63978e-310 | 7
1933 | 12 | 4.63978e-310 | 1
967 | 11 | 2.38661 | 16
1934 | 12 | 1.90223 | 12
3868 | 13 | 0.681852 | 9
3869 | 13 | 1.63042e-322 | 3
1935 | 12 | 4.63978e-310 | 4
121 | 8 | 13.4391 | 89
242 | 9 | 9.57009 | 35
484 | 10 | 8.201 | 27
968 | 11 | 8.201 | 27
1936 | 12 | 7.51059 | 21
3872 | 13 | 6.64571 | 15
7744 | 14 | 3.69144 | 2
7745 | 14 | 2.2609 | 13
15490 | 15 | 47.6291 | 6
15491 | 15 | 4.84489 | 7
3873 | 13 | 4.63978e-310 | 6
1937 | 12 | 4.63978e-310 | 6
485 | 10 | 4.63978e-310 | 8
243 | 9 | 10.1695 | 54
486 | 10 | 4.63978e-310 | 6
487 | 10 | 10.1695 | 48
974 | 11 | 3.30304 | 18
1948 | 12 | 2.11682 | 10
1949 | 12 | 1.25299 | 8
975 | 11 | 4.52902 | 30
1950 | 12 | 3.04313 | 20
3900 | 13 | 0 | 4
3901 | 13 | 2.61469 | 16
7802 | 14 | 16.007 | 9
7803 | 14 | 6.60817 | 7
1951 | 12 | 4.63978e-310 | 10
31 | 6 | 4.63978e-310 | 1
1 | 1 | 23.9823 | 690
2 | 2 | 19.3976 | 419
4 | 3 | 17.1231 | 257
8 | 4 | 15.7693 | 170
16 | 5 | 10.7489 | 109
32 | 6 | 8.03531 | 10
33 | 6 | 9.93565 | 99
67 | 7 | 9.93565 | 99
134 | 8 | 8.97963 | 77
268 | 9 | 8.63951 | 12
537 | 10 | 8.63951 | 12
1074 | 11 | 8.63951 | 12
2148 | 12 | 8.63951 | 12
4297 | 13 | 8.63951 | 12
8594 | 14 | 8.63951 | 12
17189 | 15 | 8.63951 | 12
34378 | 16 | 8.63951 | 12
68756 | 17 | 1.63042e-322 | 4
68757 | 17 | 1.63042e-322 | 8
269 | 9 | 8.74025 | 65
538 | 10 | 8.74025 | 20
1076 | 11 | 19.1146 | 5
1077 | 11 | 2.04195 | 15
2154 | 12 | 1.58101e-322 | 8
2155 | 12 | 1.63042e-322 | 7
539 | 10 | 8.18912 | 45
1078 | 11 | 1.63042e-322 | 3
1079 | 11 | 7.84541 | 42
2158 | 12 | 7.84541 | 33
4316 | 13 | 7.84541 | 14
8632 | 14 | 1.95855 | 11
17264 | 15 | 0.341044 | 3
17265 | 15 | 4.63978e-310 | 8
8633 | 14 | 0 | 3
4317 | 13 | 4.80246 | 19
8634 | 14 | 3.7496 | 17
17268 | 15 | 3.06345 | 14
34536 | 16 | 0.234955 | 4
34537 | 16 | 0 | 10
17269 | 15 | 0.428952 | 3
8635 | 14 | 4.63978e-310 | 2
2159 | 12 | 4.63978e-310 | 9
135 | 8 | 3.17473 | 22
270 | 9 | 4.63978e-310 | 9
271 | 9 | 1.93651 | 13
542 | 10 | 8.91289 | 9
543 | 10 | 7.29902 | 4
17 | 5 | 7.08215 | 61
34 | 6 | 5.79967 | 23
68 | 7 | 4.99698 | 21
136 | 8 | 4.63978e-310 | 10
137 | 8 | 2.70347 | 11
274 | 9 | 2.70347 | 11
548 | 10 | 0.5742 | 7
549 | 10 | 0.284592 | 4
69 | 7 | 4.63978e-310 | 2
35 | 6 | 5.48145 | 38
70 | 7 | 4.63978e-310 | 2
71 | 7 | 4.40439 | 36
142 | 8 | 2.36191 | 15
284 | 9 | 1.40813 | 12
568 | 10 | 6.63124 | 10
569 | 10 | 2.78408 | 2
285 | 9 | 5.63654 | 3
143 | 8 | 3.3387 | 21
286 | 9 | 5.55867 | 6
287 | 9 | 3.3387 | 15
574 | 10 | 3.3387 | 15
1148 | 11 | 2.50922 | 11
2296 | 12 | 2.93013 | 9
2297 | 12 | 1.29573 | 2
1149 | 11 | 4.63978e-310 | 4
9 | 4 | 12.1167 | 87
18 | 5 | 9.0078 | 54
36 | 6 | 9.0078 | 51
72 | 7 | 1.45886 | 1
73 | 7 | 9.0078 | 50
146 | 8 | 5.7878 | 29
292 | 9 | 0 | 5
293 | 9 | 3.95927 | 24
586 | 10 | 3.18946 | 12
1172 | 11 | 0.730478 | 10
1173 | 11 | 2.74693 | 2
587 | 10 | 2.28962 | 12
1174 | 11 | 3.21143e-322 | 8
1175 | 11 | 3.16202e-322 | 4
147 | 8 | 3.82164 | 21
294 | 9 | 10.983 | 9
295 | 9 | 3.78221 | 12
590 | 10 | 3.78221 | 12
1180 | 11 | 0.30866 | 5
1181 | 11 | 0.447801 | 7
37 | 6 | 4.63978e-310 | 3
19 | 5 | 3.53888 | 33
38 | 6 | 4.63978e-310 | 4
39 | 6 | 3.14872 | 29
79 | 7 | 3.14872 | 29
158 | 8 | 2.13332 | 21
316 | 9 | 0.770197 | 3
317 | 9 | 2.13332 | 18
634 | 10 | 0.775239 | 4
635 | 10 | 2.05711 | 14
1270 | 11 | 1.8003 | 5
1271 | 11 | 2.19705 | 9
159 | 8 | 4.63978e-310 | 8
5 | 3 | 13.9991 | 162
10 | 4 | 13.5812 | 138
20 | 5 | 9.05748 | 82
40 | 6 | 1.58101e-322 | 7
41 | 6 | 8.61054 | 75
82 | 7 | 4.75563 | 14
164 | 8 | 4.63978e-310 | 10
165 | 8 | 1.39485 | 4
83 | 7 | 6.80739 | 61
166 | 8 | 4.41473 | 36
332 | 9 | 4.3249 | 16
664 | 10 | 2.17242 | 11
1328 | 11 | 5.98334 | 5
1329 | 11 | 2.73757 | 6
665 | 10 | 4.63978e-310 | 5
333 | 9 | 3.15967 | 20
666 | 10 | 1.88954 | 5
667 | 10 | 2.07077 | 15
1334 | 11 | 0 | 3
1335 | 11 | 2.07077 | 12
2670 | 12 | 146.024 | 5
2671 | 12 | 1.63042e-322 | 7
167 | 8 | 4.42035 | 25
334 | 9 | 4.63978e-310 | 6
335 | 9 | 4.04692 | 19
670 | 10 | 3.60153 | 17
1340 | 11 | 1.60091 | 6
1341 | 11 | 1.85412 | 11
2682 | 12 | 7.26016 | 9
2683 | 12 | 0.824148 | 2
671 | 10 | 4.63978e-310 | 2
21 | 5 | 5.82498 | 56
42 | 6 | 5.35086 | 53
84 | 7 | 5.35086 | 51
168 | 8 | 3.25771 | 16
336 | 9 | 0.299974 | 6
337 | 9 | 0.0885148 | 10
169 | 8 | 3.23023 | 35
338 | 9 | 3.2159 | 28
676 | 10 | 3.2159 | 26
1352 | 11 | 2.1113 | 18
2704 | 12 | 1.79506 | 14
5409 | 13 | 1.79506 | 14
10818 | 14 | 1.54455 | 11
21636 | 15 | 21.6122 | 8
21637 | 15 | 2.90516 | 3
10819 | 14 | 4.63978e-310 | 3
2705 | 12 | 4.63978e-310 | 4
1353 | 11 | 4.63978e-310 | 8
677 | 10 | 4.63978e-310 | 2
339 | 9 | 4.63978e-310 | 7
85 | 7 | 4.63978e-310 | 2
43 | 6 | 4.63978e-310 | 3
11 | 4 | 7.63435 | 24
22 | 5 | 4.63978e-310 | 10
23 | 5 | 4.2299 | 14
46 | 6 | 4.2299 | 13
93 | 7 | 4.2299 | 13
186 | 8 | 33.9904 | 5
187 | 8 | 22.0841 | 8
47 | 6 | 4.63978e-310 | 1
3 | 2 | 15.0839 | 271
6 | 3 | 12.5112 | 174
12 | 4 | 10.8289 | 126
24 | 5 | 9.60266 | 64
48 | 6 | 8.86429 | 50
96 | 7 | 8.6742 | 26
192 | 8 | 0.27994 | 10
193 | 8 | 8.53827 | 16
386 | 9 | 6.85713 | 4
387 | 9 | 2.66534 | 12
774 | 10 | 39.5553 | 3
775 | 10 | 4.63978e-310 | 9
97 | 7 | 3.98517 | 24
194 | 8 | 3.21172 | 17
388 | 9 | 3.55533 | 4
389 | 9 | 2.1428 | 13
778 | 10 | 4.63978e-310 | 4
779 | 10 | 47.0922 | 9
195 | 8 | 4.63978e-310 | 7
49 | 6 | 5.15903 | 14
98 | 7 | 50.9961 | 3
99 | 7 | 5.02329 | 11
198 | 8 | 4.59159 | 5
199 | 8 | 4.79244e-322 | 6
25 | 5 | 7.70684 | 62
50 | 6 | 3.66081 | 15
100 | 7 | 0.835749 | 6
101 | 7 | 0 | 9
51 | 6 | 6.06122 | 47
102 | 7 | 5.4735 | 19
205 | 8 | 5.4735 | 19
410 | 9 | 4.63978e-310 | 9
411 | 9 | 4.63978e-310 | 10
103 | 7 | 4.67715 | 28
206 | 8 | 6.90513e-310 | 7
207 | 8 | 4.67715 | 21
414 | 9 | 4.63978e-310 | 6
415 | 9 | 4.04634 | 15
830 | 10 | 1.05553 | 3
831 | 10 | 3.10894 | 12
1662 | 11 | 2.09509 | 2
1663 | 11 | 6.24919 | 10
13 | 4 | 6.30371 | 48
26 | 5 | 2.61276 | 12
52 | 6 | 2.34615 | 11
104 | 7 | 0.202303 | 4
105 | 7 | 0 | 7
53 | 6 | 4.63978e-310 | 1
27 | 5 | 5.08005 | 36
54 | 6 | 0.0180712 | 8
55 | 6 | 3.45649 | 28
110 | 7 | 3.45649 | 22
220 | 8 | 1.67991 | 13
440 | 9 | 5.9543 | 3
441 | 9 | 4.63978e-310 | 10
221 | 8 | 4.63978e-310 | 9
111 | 7 | 4.63978e-310 | 6
7 | 3 | 8.33792 | 97
14 | 4 | 8.33792 | 91
28 | 5 | 3.47928 | 24
56 | 6 | 2.49489 | 17
112 | 7 | 2.00245 | 11
224 | 8 | 0.255901 | 6
225 | 8 | 1.2852 | 5
113 | 7 | 4.63978e-310 | 6
57 | 6 | 4.63978e-310 | 7
29 | 5 | 6.20913 | 67
58 | 6 | 6.03409 | 41
116 | 7 | 2.54105 | 14
232 | 8 | 1.81011 | 11
464 | 9 | 34.3604 | 8
465 | 9 | 1.63042e-322 | 3
233 | 8 | 4.63978e-310 | 3
117 | 7 | 4.25786 | 27
234 | 8 | 2.48362 | 15
468 | 9 | 13.0995 | 6
469 | 9 | 9.14982 | 9
235 | 8 | 1.74714 | 12
470 | 9 | 0.363299 | 5
471 | 9 | 1.63042e-322 | 7
59 | 6 | 4.56598 | 26
118 | 7 | 4.46688 | 21
236 | 8 | 16.6597 | 10
237 | 8 | 2.44155 | 11
474 | 9 | 9.29583 | 4
475 | 9 | 0.388037 | 7
119 | 7 | 4.63978e-310 | 5
15 | 4 | 4.63978e-310 | 6
