ID | Depth | diameter | Number of points
0 | 0 | 29.316 | 1600
0 | 1 | 26.5002 | 1040
0 | 2 | 22.3343 | 697
0 | 3 | 18.5152 | 229
0 | 4 | 9.57141 | 42
0 | 5 | 7.2636 | 28
0 | 6 | 4.63978e-310 | 7
1 | 6 | 7.08472 | 21
2 | 7 | 2.02363 | 1
3 | 7 | 7.08472 | 20
6 | 8 | 25.4678 | 8
7 | 8 | 2.11196 | 12
15 | 9 | 2.11196 | 12
30 | 10 | 9.10388 | 4
31 | 10 | 6.90513e-310 | 8
1 | 5 | 3.26098 | 14
2 | 6 | 4.63978e-310 | 6
3 | 6 | 4.63978e-310 | 8
1 | 4 | 18.5152 | 187
2 | 5 | 18.5152 | 187
4 | 6 | 12.4941 | 140
8 | 7 | 6.23146 | 72
16 | 8 | 6.23146 | 26
32 | 9 | 2.37152e-322 | 10
33 | 9 | 1.78904 | 16
66 | 10 | 1.24367 | 10
67 | 10 | 1.96753 | 6
17 | 8 | 4.95847 | 46
34 | 9 | 2.57714 | 24
68 | 10 | 6.90513e-310 | 10
69 | 10 | 2.56765 | 14
138 | 11 | 1.74122 | 3
139 | 11 | 1.54174 | 11
278 | 12 | 1.10117 | 4
279 | 12 | 6.18965 | 7
35 | 9 | 2.45321 | 22
71 | 10 | 2.45321 | 22
142 | 11 | 2.51056 | 1
143 | 11 | 2.45321 | 21
286 | 12 | 1.30667 | 13
572 | 13 | 8.69556e-322 | 6
573 | 13 | 2.41938 | 7
287 | 12 | 4.63978e-310 | 8
9 | 7 | 12.4941 | 68
18 | 8 | 4.63978e-310 | 4
19 | 8 | 7.82859 | 64
38 | 9 | 5.08379 | 48
76 | 10 | 4.27491 | 40
152 | 11 | 4.27491 | 40
304 | 12 | 3.15754 | 22
608 | 13 | 3.21143e-322 | 7
609 | 13 | 2.50478 | 15
1218 | 14 | 2.21151 | 8
1219 | 14 | 4.62161 | 7
305 | 12 | 2.2353 | 18
610 | 13 | 4.63978e-310 | 7
611 | 13 | 1.41705 | 11
1222 | 14 | 3.72585 | 5
1223 | 14 | 0.0633417 | 6
77 | 10 | 4.63978e-310 | 8
39 | 9 | 2.90597 | 16
78 | 10 | 2.90597 | 15
156 | 11 | 2.90597 | 15
312 | 12 | 1.18901 | 11
624 | 13 | 1.21501 | 8
625 | 13 | 3.25924 | 3
313 | 12 | 4.63978e-310 | 4
79 | 10 | 4.63978e-310 | 1
5 | 6 | 17.3661 | 47
11 | 7 | 17.3661 | 47
22 | 8 | 17.3661 | 47
44 | 9 | 17.3661 | 47
89 | 10 | 17.3661 | 47
178 | 11 | 17.3661 | 47
356 | 12 | 17.3661 | 47
712 | 13 | 17.0372 | 43
1424 | 14 | 14.0901 | 15
2849 | 15 | 14.0901 | 15
5698 | 16 | 0.26932 | 8
5699 | 16 | 4.63978e-310 | 7
1425 | 14 | 4.499 | 28
2850 | 15 | 4.32877 | 20
5700 | 16 | 1.96412 | 11
11400 | 17 | 2.89016 | 9
11401 | 17 | 0.606818 | 2
5701 | 16 | 4.63978e-310 | 9
2851 | 15 | 2.23781 | 8
713 | 13 | 4.63978e-310 | 4
1 | 3 | 19.3612 | 468
2 | 4 | 12.0491 | 110
4 | 5 | 8.03466 | 59
8 | 6 | 4.63978e-310 | 1
9 | 6 | 8.03466 | 58
18 | 7 | 8.03466 | 58
36 | 8 | 3.86639 | 13
72 | 9 | 1.63042e-322 | 1
73 | 9 | 2.64771 | 12
146 | 10 | 1.63042e-322 | 7
147 | 10 | 1.63042e-322 | 5
37 | 8 | 4.54227 | 45
74 | 9 | 4.26203 | 39
148 | 10 | 1.90887 | 6
149 | 10 | 4.26203 | 33
298 | 11 | 2.64752 | 10
299 | 11 | 3.0279 | 23
599 | 12 | 3.0279 | 23
1198 | 13 | 2.60153 | 15
2396 | 14 | 4.31102 | 5
2397 | 14 | 2.42092e-322 | 10
1199 | 13 | 1.15263 | 8
75 | 9 | 4.63978e-310 | 6
5 | 5 | 5.12842 | 51
10 | 6 | 2.81258 | 23
20 | 7 | 2.81258 | 13
40 | 8 | 0.585317 | 10
41 | 8 | 1.63042e-322 | 3
21 | 7 | 4.63978e-310 | 10
11 | 6 | 3.50098 | 28
22 | 7 | 0.986217 | 9
23 | 7 | 3.50098 | 19
46 | 8 | 2.24256 | 12
92 | 9 | 4.467 | 2
93 | 9 | 1.90775 | 10
47 | 8 | 4.63978e-310 | 7
3 | 4 | 18.5345 | 358
6 | 5 | 11.8133 | 127
12 | 6 | 11.8133 | 75
24 | 7 | 6.62598 | 33
48 | 8 | 0.371434 | 5
49 | 8 | 5.07981 | 28
98 | 9 | 5.23243 | 10
99 | 9 | 4.85505 | 18
198 | 10 | 4.71298 | 8
199 | 10 | 0.138654 | 10
25 | 7 | 8.52747 | 42
50 | 8 | 5.33247 | 25
100 | 9 | 4.82696 | 14
200 | 10 | 3.39065 | 11
400 | 11 | 13.2234 | 4
401 | 11 | 3.08203 | 7
201 | 10 | 10.2662 | 3
101 | 9 | 2.23908 | 11
202 | 10 | 1.91504 | 4
203 | 10 | 2.42092e-322 | 7
51 | 8 | 5.43487 | 17
102 | 9 | 4.98843 | 12
204 | 10 | 6.90513e-310 | 8
205 | 10 | 0.603411 | 4
103 | 9 | 4.63978e-310 | 5
13 | 6 | 8.09241 | 52
26 | 7 | 5.41192 | 29
52 | 8 | 5.41192 | 24
104 | 9 | 2.37152e-322 | 9
105 | 9 | 2.8685 | 15
210 | 10 | 25.0152 | 9
211 | 10 | 27.5593 | 6
53 | 8 | 4.63978e-310 | 5
27 | 7 | 4.92285 | 23
54 | 8 | 22.5533 | 7
55 | 8 | 3.21382 | 16
110 | 9 | 3.01179 | 14
220 | 10 | 0 | 3
221 | 10 | 2.48284 | 11
442 | 11 | 12.4409 | 5
443 | 11 | 9.48606e-322 | 6
111 | 9 | 4.63978e-310 | 2
7 | 5 | 12.4953 | 231
14 | 6 | 9.50995 | 84
28 | 7 | 7.43091 | 33
56 | 8 | 6.15143 | 25
112 | 9 | 0.0428068 | 6
113 | 9 | 5.11005 | 19
226 | 10 | 4.4573 | 15
452 | 11 | 0.186184 | 8
453 | 11 | 3.12791 | 7
227 | 10 | 7.63155 | 4
57 | 8 | 4.63978e-310 | 8
29 | 7 | 8.85945 | 51
58 | 8 | 6.04084 | 18
116 | 9 | 1.58101e-322 | 1
117 | 9 | 5.56133 | 17
235 | 10 | 5.56133 | 17
470 | 11 | 1.58101e-322 | 7
471 | 11 | 5.69612 | 10
59 | 8 | 3.27247 | 33
118 | 9 | 1.68067 | 13
236 | 10 | 6.05451 | 8
237 | 10 | 8.16218 | 5
119 | 9 | 3.12071 | 20
238 | 10 | 2.63365 | 18
476 | 11 | 1.84459 | 11
952 | 12 | 0 | 8
953 | 12 | 1.56479 | 3
477 | 11 | 4.63978e-310 | 7
239 | 10 | 4.63978e-310 | 2
15 | 6 | 10.2989 | 147
30 | 7 | 8.39927 | 22
60 | 8 | 4.63978e-310 | 8
61 | 8 | 7.12969 | 14
122 | 9 | 0.7558 | 10
123 | 9 | 0.718846 | 4
31 | 7 | 9.72156 | 125
62 | 8 | 5.09743 | 31
124 | 9 | 3.99691 | 22
248 | 10 | 2.43011 | 13
496 | 11 | 5.51119 | 9
497 | 11 | 3.8453 | 4
249 | 10 | 4.63978e-310 | 9
125 | 9 | 4.63978e-310 | 9
63 | 8 | 8.04624 | 94
126 | 9 | 2.72626 | 14
252 | 10 | 7.73557 | 6
253 | 10 | 45.8516 | 8
127 | 9 | 7.04983 | 80
254 | 10 | 6.26848 | 44
508 | 11 | 3.39423 | 24
1016 | 12 | 3.39423 | 24
2032 | 13 | 3.39423 | 19
4064 | 14 | 0.0979926 | 10
4065 | 14 | 0.74021 | 9
2033 | 13 | 4.63978e-310 | 5
509 | 11 | 3.1209 | 20
1018 | 12 | 0 | 3
1019 | 12 | 3.1209 | 17
2038 | 13 | 3.1209 | 17
4076 | 14 | 9.03721 | 9
4077 | 14 | 0.0903588 | 8
255 | 10 | 7.04983 | 36
510 | 11 | 2.89652 | 21
1020 | 12 | 2.3124 | 18
2040 | 13 | 2.3124 | 16
4080 | 14 | 41.5836 | 10
4081 | 14 | 0.0272237 | 6
2041 | 13 | 4.63978e-310 | 2
1021 | 12 | 0 | 3
511 | 11 | 4.42131 | 15
1022 | 12 | 6.90513e-310 | 6
1023 | 12 | 2.62484 | 9
1 | 2 | 22.2091 | 343
2 | 3 | 11.5006 | 85
4 | 4 | 10.1421 | 65
8 | 5 | 10.1421 | 26
16 | 6 | 7.65151 | 12
32 | 7 | 27.1788 | 4
33 | 7 | 1.46687 | 8
17 | 6 | 8.05357 | 14
34 | 7 | 1.58101e-322 | 3
35 | 7 | 1.59782 | 11
70 | 8 | 1.63042e-322 | 1
71 | 8 | 1.63042e-322 | 10
9 | 5 | 6.63469 | 39
18 | 6 | 4.99419 | 26
36 | 7 | 30.5041 | 6
37 | 7 | 4.50178 | 20
74 | 8 | 2.50017 | 9
75 | 8 | 2.6314 | 11
150 | 9 | 1.63042e-322 | 9
151 | 9 | 1.63042e-322 | 2
19 | 6 | 5.08708 | 13
38 | 7 | 6.90513e-310 | 9
39 | 7 | 2.68761 | 4
5 | 4 | 9.83018 | 20
10 | 5 | 8.21721 | 12
20 | 6 | 6.90513e-310 | 8
21 | 6 | 6.90513e-310 | 4
11 | 5 | 4.63978e-310 | 8
3 | 3 | 14.2684 | 258
6 | 4 | 10.6769 | 79
12 | 5 | 6.87277 | 21
24 | 6 | 3.82385 | 19
48 | 7 | 6.90513e-310 | 10
49 | 7 | 4.63978e-310 | 9
25 | 6 | 4.63978e-310 | 2
13 | 5 | 8.27893 | 58
26 | 6 | 6.02578 | 43
52 | 7 | 3.81414 | 17
104 | 8 | 8.45408 | 6
105 | 8 | 2.77129 | 11
210 | 9 | 0.0148612 | 3
211 | 9 | 4.63978e-310 | 8
53 | 7 | 4.2142 | 26
106 | 8 | 4.2142 | 25
212 | 9 | 2.35751 | 15
424 | 10 | 0.521201 | 6
425 | 10 | 0 | 9
213 | 9 | 4.63978e-310 | 10
107 | 8 | 4.63978e-310 | 1
27 | 6 | 4.05082 | 15
54 | 7 | 1.66383 | 10
55 | 7 | 9.67714 | 5
7 | 4 | 14.2684 | 179
14 | 5 | 12.9281 | 72
28 | 6 | 5.42567 | 33
56 | 7 | 4.00117 | 13
112 | 8 | 4.00117 | 13
224 | 9 | 0 | 9
225 | 9 | 0.946133 | 4
57 | 7 | 5.23083 | 20
114 | 8 | 2.21619 | 11
228 | 9 | 3.92208 | 6
229 | 9 | 7.96481 | 5
115 | 8 | 5.32304 | 9
29 | 6 | 5.82498 | 39
58 | 7 | 4.63978e-310 | 2
59 | 7 | 5.27364 | 37
118 | 8 | 3.83698 | 30
236 | 9 | 2.84277 | 27
472 | 10 | 39.5728 | 5
473 | 10 | 2.84277 | 22
946 | 11 | 0.0378854 | 9
947 | 11 | 2.03586 | 13
1894 | 12 | 13.9495 | 8
1895 | 12 | 1.61224 | 5
237 | 9 | 4.63978e-310 | 3
119 | 8 | 4.63978e-310 | 7
15 | 5 | 11.1486 | 107
30 | 6 | 6.25919 | 39
60 | 7 | 5.49886 | 26
120 | 8 | 5.46346 | 22
240 | 9 | 4.84572 | 17
480 | 10 | 1.63042e-322 | 4
481 | 10 | 4.15227 | 13
963 | 11 | 4.15227 | 13
1926 | 12 | 18.8439 | 4
1927 | 12 | 1.31688 | 9
241 | 9 | 4.63978e-310 | 5
121 | 8 | 4.63978e-310 | 4
61 | 7 | 2.95298 | 13
122 | 8 | 0.418474 | 10
123 | 8 | 0 | 3
31 | 6 | 7.97456 | 68
62 | 7 | 4.63978e-310 | 3
63 | 7 | 7.97456 | 65
126 | 8 | 6.95908 | 45
252 | 9 | 3.73568 | 15
504 | 10 | 1.58101e-322 | 7
505 | 10 | 1.58101e-322 | 8
253 | 9 | 4.43043 | 30
506 | 10 | 10.6049 | 2
507 | 10 | 4.43043 | 28
1014 | 11 | 3.95003 | 18
2028 | 12 | 15.6027 | 8
2029 | 12 | 2.0902 | 10
1015 | 11 | 1.67534 | 10
127 | 8 | 3.32222 | 20
254 | 9 | 2.8392 | 14
508 | 10 | 3.19454 | 5
509 | 10 | 11.5363 | 9
255 | 9 | 4.63978e-310 | 6
1 | 1 | 26.7058 | 560
2 | 2 | 26.7058 | 515
4 | 3 | 23.5499 | 438
8 | 4 | 23.3861 | 144
16 | 5 | 17.2343 | 45
32 | 6 | 6.08229 | 36
64 | 7 | 10.3651 | 1
65 | 7 | 5.9556 | 35
130 | 8 | 5.95341 | 34
260 | 9 | 4.926 | 18
521 | 10 | 4.926 | 18
1042 | 11 | 4.926 | 18
2084 | 12 | 4.63978e-310 | 7
2085 | 12 | 1.74033 | 11
4170 | 13 | 3.97659 | 4
4171 | 13 | 2.26966 | 7
261 | 9 | 1.90428 | 16
522 | 10 | 0.34259 | 8
523 | 10 | 0.063829 | 8
131 | 8 | 4.63978e-310 | 1
33 | 6 | 4.63978e-310 | 9
17 | 5 | 13.0136 | 99
34 | 6 | 7.86705 | 30
68 | 7 | 2.24382 | 18
136 | 8 | 2.24382 | 18
272 | 9 | 1.75611 | 11
544 | 10 | 1.59669 | 4
545 | 10 | 0.925302 | 7
273 | 9 | 1.20157 | 7
69 | 7 | 7.29672 | 12
139 | 8 | 7.29672 | 12
278 | 9 | 7.29672 | 12
556 | 10 | 0.507777 | 10
557 | 10 | 252.251 | 2
35 | 6 | 5.55968 | 69
70 | 7 | 5.55968 | 67
140 | 8 | 5.55968 | 67
280 | 9 | 3.28161 | 27
560 | 10 | 1.22803 | 6
561 | 10 | 3.28161 | 21
1122 | 11 | 0.0634991 | 5
1123 | 11 | 1.5494 | 16
2246 | 12 | 0 | 8
2247 | 12 | 0.2861 | 8
281 | 9 | 2.3998 | 40
562 | 10 | 2.22926 | 30
1124 | 11 | 2.22926 | 27
2248 | 12 | 1.6309 | 20
4496 | 13 | 0.280233 | 4
4497 | 13 | 1.58111 | 16
8994 | 14 | 1.58111 | 14
17988 | 15 | 0.462845 | 10
17989 | 15 | 1.96648 | 4
8995 | 14 | 4.63978e-310 | 2
2249 | 12 | 4.63978e-310 | 7
1125 | 11 | 0.782814 | 3
563 | 10 | 4.63978e-310 | 10
71 | 7 | 4.63978e-310 | 2
9 | 4 | 21.6502 | 294
18 | 5 | 18.2726 | 153
36 | 6 | 4.63978e-310 | 6
37 | 6 | 15.9928 | 147
74 | 7 | 14.8495 | 96
148 | 8 | 12.4285 | 51
296 | 9 | 7.83778 | 39
592 | 10 | 3.38083 | 11
1184 | 11 | 1.58101e-322 | 10
1185 | 11 | 3.21143e-322 | 1
593 | 10 | 7.43613 | 28
1186 | 11 | 5.74856 | 19
2372 | 12 | 5.08943 | 12
4744 | 13 | 4.99179 | 11
9488 | 14 | 4.63686 | 10
9489 | 14 | 14.7451 | 1
4745 | 13 | 4.63978e-310 | 1
2373 | 12 | 4.21619 | 7
1187 | 11 | 4.63978e-310 | 9
297 | 9 | 5.38186 | 12
594 | 10 | 4.28451 | 11
1188 | 11 | 1.28251 | 5
1189 | 11 | 7.08506 | 6
595 | 10 | 4.63978e-310 | 1
149 | 8 | 5.91834 | 45
298 | 9 | 3.84149 | 30
596 | 10 | 3.84149 | 17
1192 | 11 | 2.00151 | 11
2385 | 12 | 2.00151 | 11
4770 | 13 | 0.11309 | 6
4771 | 13 | 2.69653 | 5
1193 | 11 | 4.63978e-310 | 6
597 | 10 | 2.30907 | 13
1194 | 11 | 5.18744 | 7
1195 | 11 | 0 | 6
299 | 9 | 3.67451 | 15
598 | 10 | 169.086 | 1
599 | 10 | 2.7267 | 14
1198 | 11 | 9.31851 | 6
1199 | 11 | 1.0326e-321 | 8
75 | 7 | 14.0782 | 51
150 | 8 | 11.235 | 37
300 | 9 | 1.63042e-322 | 2
301 | 9 | 10.56 | 35
602 | 10 | 10.56 | 33
1204 | 11 | 6.92385 | 11
2408 | 12 | 0 | 2
2409 | 12 | 1.58435 | 9
1205 | 11 | 5.06653 | 22
2410 | 12 | 0.359683 | 10
2411 | 12 | 4.68358 | 12
4822 | 13 | 21.9347 | 1
4823 | 13 | 4.68345 | 11
9646 | 14 | 15.9231 | 5
9647 | 14 | 1.41659 | 6
603 | 10 | 4.63978e-310 | 2
151 | 8 | 2.70766 | 14
302 | 9 | 4.63978e-310 | 2
303 | 9 | 2.51034 | 12
606 | 10 | 30.7086 | 1
607 | 10 | 2.51034 | 11
1214 | 11 | 0.69584 | 10
1215 | 11 | 44.6851 | 1
19 | 5 | 14.9223 | 141
38 | 6 | 8.91525 | 20
76 | 7 | 7.8415 | 14
152 | 8 | 0.131399 | 7
153 | 8 | 4.63978e-310 | 7
77 | 7 | 4.63978e-310 | 6
39 | 6 | 8.10624 | 121
78 | 7 | 4.33332 | 12
156 | 8 | 1.58101e-322 | 3
157 | 8 | 1.63042e-322 | 9
79 | 7 | 8.10624 | 109
158 | 8 | 3.79778 | 18
316 | 9 | 2.86292 | 16
632 | 10 | 2.41351 | 12
1265 | 11 | 2.41351 | 12
2530 | 12 | 2.21909 | 11
5060 | 13 | 7.11455e-322 | 6
5061 | 13 | 0.403346 | 5
2531 | 12 | 0.286082 | 1
633 | 10 | 7.11455e-322 | 4
317 | 9 | 0.155353 | 2
159 | 8 | 7.22571 | 91
318 | 9 | 4.22903 | 46
636 | 10 | 2.96735 | 26
1272 | 11 | 1.75164 | 11
2544 | 12 | 4.14457 | 5
2545 | 12 | 4.54127 | 6
1273 | 11 | 2.6056 | 15
2546 | 12 | 2.6056 | 14
5092 | 13 | 0.860559 | 9
5093 | 13 | 0.0921541 | 5
2547 | 12 | 1.93852 | 1
637 | 10 | 2.251 | 20
1274 | 11 | 0.408823 | 2
1275 | 11 | 2.03397 | 18
2550 | 12 | 1.25529 | 13
5100 | 13 | 0.655444 | 3
5101 | 13 | 4.63978e-310 | 10
2551 | 12 | 4.63978e-310 | 5
319 | 9 | 5.34245 | 45
638 | 10 | 4.45423 | 37
1276 | 11 | 4.45423 | 37
2552 | 12 | 0.141238 | 10
2553 | 12 | 3.77552 | 27
5107 | 13 | 3.77552 | 27
10214 | 14 | 10.4406 | 1
10215 | 14 | 3.40642 | 26
20430 | 15 | 1.74969 | 14
40860 | 16 | 2.36844 | 6
40861 | 16 | 4.19459 | 8
20431 | 15 | 2.24207 | 12
40862 | 16 | 0.464995 | 7
40863 | 16 | 1.77446 | 5
639 | 10 | 4.63978e-310 | 8
5 | 3 | 19.3933 | 77
10 | 4 | 18.8772 | 55
20 | 5 | 16.0512 | 25
40 | 6 | 4.63978e-310 | 9
41 | 6 | 13.4786 | 16
82 | 7 | 13.4786 | 16
165 | 8 | 13.4786 | 16
330 | 9 | 13.4786 | 16
660 | 10 | 13.4786 | 16
1320 | 11 | 4.63978e-310 | 4
1321 | 11 | 12.3918 | 12
2642 | 12 | 12.3918 | 12
5284 | 13 | 0.264966 | 9
5285 | 13 | 0.427549 | 3
21 | 5 | 5.34718 | 30
42 | 6 | 1.98438 | 14
84 | 7 | 4.63978e-310 | 2
85 | 7 | 1.692 | 12
170 | 8 | 0.427549 | 1
171 | 8 | 1.64445 | 11
343 | 9 | 1.64445 | 11
686 | 10 | 24.1416 | 7
687 | 10 | 0.0456035 | 4
43 | 6 | 4.45623 | 16
86 | 7 | 4.45623 | 13
172 | 8 | 0.599886 | 5
173 | 8 | 2.42092e-322 | 8
87 | 7 | 1.43233 | 3
11 | 4 | 18.4707 | 22
22 | 5 | 7.5795 | 19
44 | 6 | 6.17339 | 11
88 | 7 | 4.51271 | 4
89 | 7 | 2.89049 | 7
45 | 6 | 4.63978e-310 | 8
23 | 5 | 8.99726 | 3
3 | 2 | 10.389 | 45
6 | 3 | 7.34044 | 14
12 | 4 | 12.07 | 5
13 | 4 | 16.5221 | 9
7 | 3 | 8.05925 | 31
14 | 4 | 5.50505 | 20
28 | 5 | 5.50505 | 20
56 | 6 | 2.13536 | 10
57 | 6 | 7.06021 | 10
15 | 4 | 6.9343 | 11
30 | 5 | 5.30591 | 10
31 | 5 | 6.92769 | 1
