ID | Depth | diameter | Number of points
0 | 0 | 29.316 | 1600
0 | 1 | 27.9629 | 334
0 | 2 | 12.6442 | 71
0 | 3 | 6.74762 | 43
0 | 4 | 3.14282 | 17
0 | 5 | 3.14282 | 15
0 | 6 | 4.63978e-310 | 1
1 | 6 | 2.87816 | 14
2 | 7 | 53.4789 | 9
3 | 7 | 1.31826 | 5
1 | 5 | 46.4675 | 2
1 | 4 | 4.14618 | 26
2 | 5 | 4.14618 | 22
4 | 6 | 46.4675 | 2
5 | 6 | 3.13444 | 20
10 | 7 | 3.09028 | 16
20 | 8 | 1.6327 | 3
21 | 8 | 2.5108 | 13
42 | 9 | 7.4134 | 8
43 | 9 | 6.50683 | 5
11 | 7 | 4.63978e-310 | 4
3 | 5 | 4.63978e-310 | 4
1 | 3 | 6.79673 | 28
2 | 4 | 4.63978e-310 | 7
3 | 4 | 6.53592 | 21
6 | 5 | 6.53592 | 12
12 | 6 | 2.12688 | 5
13 | 6 | 1.79237 | 7
7 | 5 | 4.63978e-310 | 9
1 | 2 | 27.9629 | 263
2 | 3 | 8.01092 | 87
4 | 4 | 3.64491 | 21
8 | 5 | 2.45096 | 16
16 | 6 | 4.63978e-310 | 4
17 | 6 | 2.32588 | 12
34 | 7 | 0.413131 | 5
35 | 7 | 0.731906 | 7
9 | 5 | 4.63978e-310 | 5
5 | 4 | 8.01092 | 66
10 | 5 | 2.90614 | 18
20 | 6 | 2.90614 | 17
40 | 7 | 0.302162 | 4
41 | 7 | 2.16982 | 13
82 | 8 | 5.6742 | 2
83 | 8 | 1.75133 | 11
166 | 9 | 4.63978e-310 | 6
167 | 9 | 4.63978e-310 | 5
21 | 6 | 4.63978e-310 | 1
11 | 5 | 6.088 | 48
22 | 6 | 5.3134 | 45
44 | 7 | 4.31668 | 18
88 | 8 | 0.196673 | 10
89 | 8 | 0.0679571 | 8
45 | 7 | 4.88311 | 27
90 | 8 | 2.30563 | 15
180 | 9 | 1.81464 | 13
360 | 10 | 4.63978e-310 | 2
361 | 10 | 1.81464 | 11
722 | 11 | 11.5209 | 8
723 | 11 | 14.8414 | 3
181 | 9 | 4.63978e-310 | 2
91 | 8 | 2.4713 | 12
182 | 9 | 0.512799 | 1
183 | 9 | 1.78222 | 11
366 | 10 | 0.296887 | 10
367 | 10 | 0.348176 | 1
23 | 6 | 4.63978e-310 | 3
3 | 3 | 24.6566 | 176
6 | 4 | 24.6566 | 164
13 | 5 | 24.6566 | 164
26 | 6 | 13.5668 | 109
52 | 7 | 9.75074 | 59
104 | 8 | 9.75074 | 59
208 | 9 | 6.63433 | 41
416 | 10 | 4.2046 | 15
832 | 11 | 2.64055 | 13
1664 | 12 | 7.43465 | 8
1665 | 12 | 4.63978e-310 | 5
833 | 11 | 4.63978e-310 | 2
417 | 10 | 5.65178 | 26
834 | 11 | 3.88952 | 19
1668 | 12 | 13.6521 | 8
1669 | 12 | 2.57328 | 11
3338 | 13 | 16.8494 | 3
3339 | 13 | 4.63978e-310 | 8
835 | 11 | 4.63978e-310 | 7
209 | 9 | 5.45469 | 18
418 | 10 | 3.21975 | 15
836 | 11 | 4.63978e-310 | 9
837 | 11 | 0 | 6
419 | 10 | 18.0721 | 3
53 | 7 | 11.1353 | 50
106 | 8 | 5.04752 | 13
212 | 9 | 0.0123698 | 3
213 | 9 | 4.63978e-310 | 10
107 | 8 | 9.75312 | 37
214 | 9 | 9.70192 | 28
429 | 10 | 9.70192 | 28
858 | 11 | 4.79244e-322 | 3
859 | 11 | 9.65234 | 25
1718 | 12 | 9.65234 | 18
3437 | 13 | 9.65234 | 18
6874 | 14 | 2.946 | 12
13748 | 15 | 2.74625 | 9
13749 | 15 | 81.8936 | 3
6875 | 14 | 4.63978e-310 | 6
1719 | 12 | 4.63978e-310 | 7
215 | 9 | 4.63978e-310 | 9
27 | 6 | 15.4835 | 55
54 | 7 | 8.58146 | 21
108 | 8 | 4.63978e-310 | 6
109 | 8 | 7.08841 | 15
218 | 9 | 4.63978e-310 | 8
219 | 9 | 4.63978e-310 | 7
55 | 7 | 13.6805 | 34
110 | 8 | 8.57434 | 14
220 | 9 | 4.63978e-310 | 4
221 | 9 | 0 | 10
111 | 8 | 9.1051 | 20
222 | 9 | 4.63978e-310 | 2
223 | 9 | 8.51884 | 18
446 | 10 | 0.736566 | 7
447 | 10 | 8.51808 | 11
894 | 11 | 4.04857 | 3
895 | 11 | 4.63978e-310 | 8
7 | 4 | 17.0697 | 12
14 | 5 | 4.63978e-310 | 3
15 | 5 | 4.63978e-310 | 9
1 | 1 | 28.9488 | 1266
2 | 2 | 28.7302 | 472
4 | 3 | 16.7023 | 348
8 | 4 | 12.4325 | 217
16 | 5 | 8.01069 | 86
32 | 6 | 6.46292 | 78
64 | 7 | 3.30459 | 19
128 | 8 | 23.0598 | 8
129 | 8 | 2.90897 | 11
258 | 9 | 42.2423 | 8
259 | 9 | 0.0884657 | 3
65 | 7 | 5.66246 | 59
130 | 8 | 4.75646 | 39
260 | 9 | 4.3139 | 26
520 | 10 | 2.45833 | 15
1040 | 11 | 2.10158 | 11
2081 | 12 | 2.10158 | 11
4162 | 13 | 4.63978e-310 | 8
4163 | 13 | 6.90513e-310 | 3
1041 | 11 | 4.63978e-310 | 4
521 | 10 | 2.30681 | 11
1042 | 11 | 0.36965 | 9
1043 | 11 | 1.25649 | 2
261 | 9 | 2.26836 | 13
522 | 10 | 7.78797 | 2
523 | 10 | 2.04412 | 11
1046 | 11 | 0.946785 | 8
1047 | 11 | 2.06211 | 3
131 | 8 | 4.13227 | 20
262 | 9 | 4.13227 | 20
524 | 10 | 1.82637 | 7
525 | 10 | 1.95006 | 13
1050 | 11 | 1.1087 | 9
1051 | 11 | 4.63978e-310 | 4
33 | 6 | 4.63978e-310 | 8
17 | 5 | 9.81849 | 131
34 | 6 | 6.96828 | 76
68 | 7 | 4.84093 | 25
136 | 8 | 4.63978e-310 | 8
137 | 8 | 3.45821 | 17
274 | 9 | 3.45821 | 17
548 | 10 | 3.96033 | 10
549 | 10 | 0.438125 | 7
69 | 7 | 5.50825 | 51
138 | 8 | 4.16493 | 26
276 | 9 | 4.16493 | 26
552 | 10 | 3.51638 | 20
1104 | 11 | 3.34419 | 16
2208 | 12 | 2.7431 | 15
4416 | 13 | 1.51245 | 4
4417 | 13 | 2.50994 | 11
8834 | 14 | 4.63978e-310 | 5
8835 | 14 | 0.235785 | 6
2209 | 12 | 4.63978e-310 | 1
1105 | 11 | 4.63978e-310 | 4
553 | 10 | 1.71386 | 6
139 | 8 | 3.45556 | 25
278 | 9 | 3.28692 | 24
556 | 10 | 1.79915 | 13
1112 | 11 | 1.63042e-322 | 7
1113 | 11 | 0 | 6
557 | 10 | 1.79152 | 11
1114 | 11 | 4.01358 | 6
1115 | 11 | 3.98788 | 5
279 | 9 | 4.63978e-310 | 1
35 | 6 | 8.68248 | 55
70 | 7 | 7.99928 | 34
140 | 8 | 7.21366 | 23
280 | 9 | 4.63978e-310 | 1
281 | 9 | 4.82402 | 22
562 | 10 | 2.96613 | 11
1124 | 11 | 0.182253 | 5
1125 | 11 | 0.596932 | 6
563 | 10 | 3.70643 | 11
1126 | 11 | 2.0927 | 10
1127 | 11 | 0.935892 | 1
141 | 8 | 3.36852 | 11
283 | 9 | 3.36852 | 11
566 | 10 | 0.226219 | 8
567 | 10 | 4.63978e-310 | 3
71 | 7 | 7.6387 | 21
142 | 8 | 6.46209 | 13
284 | 9 | 1.5268 | 1
285 | 9 | 2.26813 | 12
570 | 10 | 2.26813 | 12
1140 | 11 | 0 | 5
1141 | 11 | 0.124038 | 7
143 | 8 | 4.63978e-310 | 8
9 | 4 | 11.0079 | 131
18 | 5 | 6.57334 | 15
37 | 6 | 6.57334 | 15
75 | 7 | 6.57334 | 15
150 | 8 | 1.6945 | 10
151 | 8 | 1.65714 | 5
19 | 5 | 9.75887 | 116
38 | 6 | 4.72385 | 41
76 | 7 | 4.66866 | 25
152 | 8 | 1.58101e-322 | 8
153 | 8 | 4.33975 | 17
307 | 9 | 4.33975 | 17
614 | 10 | 4.63978e-310 | 5
615 | 10 | 3.1242 | 12
1230 | 11 | 0.284682 | 4
1231 | 11 | 0.959448 | 8
77 | 7 | 2.94569 | 16
154 | 8 | 2.20386 | 11
309 | 9 | 2.20386 | 11
618 | 10 | 0.0373809 | 1
619 | 10 | 0.145374 | 10
155 | 8 | 4.63978e-310 | 5
39 | 6 | 8.9789 | 75
78 | 7 | 8.00031 | 55
156 | 8 | 6.80415 | 24
312 | 9 | 6.80415 | 24
624 | 10 | 2.3795 | 15
1248 | 11 | 40.4118 | 5
1249 | 11 | 40.72 | 10
625 | 10 | 0.145374 | 9
157 | 8 | 7.0933 | 31
314 | 9 | 2.56619 | 17
628 | 10 | 1.62074 | 7
629 | 10 | 9.54042 | 10
315 | 9 | 7.0933 | 14
630 | 10 | 2.74401 | 12
1260 | 11 | 6.37345e-322 | 8
1261 | 11 | 1.06158 | 4
631 | 10 | 4.63978e-310 | 2
79 | 7 | 3.49429 | 20
158 | 8 | 3.49429 | 13
316 | 9 | 3.96452 | 5
317 | 9 | 3.04483 | 8
159 | 8 | 4.63978e-310 | 7
5 | 3 | 21.609 | 124
10 | 4 | 21.609 | 109
20 | 5 | 21.609 | 109
41 | 6 | 21.609 | 109
82 | 7 | 21.2959 | 30
164 | 8 | 21.2959 | 30
328 | 9 | 4.63978e-310 | 10
329 | 9 | 8.96456 | 20
658 | 10 | 6.92046 | 13
1316 | 11 | 6.92046 | 13
2633 | 12 | 6.92046 | 13
5266 | 13 | 3.64925 | 1
5267 | 13 | 6.92046 | 12
10534 | 14 | 5.60029 | 7
10535 | 14 | 6.57544 | 5
659 | 10 | 4.63978e-310 | 7
83 | 7 | 12.9519 | 79
166 | 8 | 12.9519 | 78
332 | 9 | 4.99552 | 49
664 | 10 | 4.27242 | 41
1328 | 11 | 3.3352 | 23
2656 | 12 | 3.18411 | 15
5312 | 13 | 3.18411 | 15
10624 | 14 | 1.31607 | 9
10625 | 14 | 1.49637 | 6
2657 | 12 | 4.63978e-310 | 8
1329 | 11 | 2.75024 | 18
2658 | 12 | 2.39942 | 14
5316 | 13 | 2.3046 | 2
5317 | 13 | 1.19768 | 12
10634 | 14 | 0.0629611 | 6
10635 | 14 | 0.359695 | 6
2659 | 12 | 4.63978e-310 | 4
665 | 10 | 4.63978e-310 | 8
333 | 9 | 10.6563 | 29
666 | 10 | 5.47957 | 4
667 | 10 | 9.41892 | 25
1334 | 11 | 9.41892 | 25
2669 | 12 | 9.41892 | 25
5338 | 13 | 88.716 | 2
5339 | 13 | 8.84286 | 23
10678 | 14 | 2.94646 | 10
10679 | 14 | 8.83916 | 13
21358 | 15 | 28.922 | 5
21359 | 15 | 0.0175158 | 8
167 | 8 | 4.63978e-310 | 1
11 | 4 | 5.71715 | 15
22 | 5 | 4.63978e-310 | 4
23 | 5 | 4.5402 | 11
46 | 6 | 4.63978e-310 | 4
47 | 6 | 4.63978e-310 | 7
3 | 2 | 28.0785 | 794
6 | 3 | 12.745 | 155
12 | 4 | 11.0157 | 99
24 | 5 | 9.43295 | 81
48 | 6 | 7.75093 | 55
96 | 7 | 5.99722 | 44
192 | 8 | 4.2173 | 17
384 | 9 | 3.61919 | 15
768 | 10 | 55.6279 | 7
769 | 10 | 2.07175 | 8
385 | 9 | 4.63978e-310 | 2
193 | 8 | 4.0789 | 27
386 | 9 | 4.0789 | 27
772 | 10 | 2.99824 | 18
1544 | 11 | 2.73593 | 11
3088 | 12 | 1.52772 | 2
3089 | 12 | 0 | 9
1545 | 11 | 4.63978e-310 | 7
773 | 10 | 4.63978e-310 | 9
97 | 7 | 2.00675 | 11
194 | 8 | 3.21143e-322 | 4
195 | 8 | 0.306987 | 7
49 | 6 | 3.39843 | 26
98 | 7 | 4.63978e-310 | 10
99 | 7 | 2.55688 | 16
198 | 8 | 1.79932 | 9
199 | 8 | 1.04884 | 7
25 | 5 | 5.15163 | 18
50 | 6 | 0.664074 | 4
51 | 6 | 4.27279 | 14
102 | 7 | 4.27279 | 14
204 | 8 | 3.23672 | 2
205 | 8 | 3.63183 | 12
410 | 9 | 4.13246 | 4
411 | 9 | 4.63978e-310 | 8
13 | 4 | 8.04144 | 56
26 | 5 | 5.17052 | 28
52 | 6 | 4.63978e-310 | 6
53 | 6 | 3.24609 | 22
106 | 7 | 1.58101e-322 | 9
107 | 7 | 2.57299 | 13
214 | 8 | 4.63978e-310 | 9
215 | 8 | 0.0485457 | 4
27 | 5 | 4.7594 | 28
54 | 6 | 2.0508 | 8
55 | 6 | 4.47847 | 20
110 | 7 | 2.25125 | 2
111 | 7 | 4.47847 | 18
222 | 8 | 3.609 | 16
444 | 9 | 4.63978e-310 | 7
445 | 9 | 4.63978e-310 | 9
223 | 8 | 4.63978e-310 | 2
7 | 3 | 25.0867 | 639
14 | 4 | 21.4499 | 490
28 | 5 | 15.1081 | 105
56 | 6 | 11.681 | 64
112 | 7 | 11.681 | 64
224 | 8 | 1.63042e-322 | 6
225 | 8 | 11.681 | 58
450 | 9 | 6.62559 | 25
900 | 10 | 6.30711 | 23
1801 | 11 | 6.30711 | 23
3602 | 12 | 1.8307 | 11
7204 | 13 | 10.8868 | 4
7205 | 13 | 11.6885 | 7
3603 | 12 | 2.00681 | 12
7206 | 13 | 38.5878 | 5
7207 | 13 | 0.555306 | 7
901 | 10 | 4.63978e-310 | 2
451 | 9 | 6.1724 | 33
902 | 10 | 6.1724 | 28
1805 | 11 | 6.1724 | 28
3610 | 12 | 0.190335 | 5
3611 | 12 | 5.62296 | 23
7223 | 13 | 5.62296 | 23
14447 | 14 | 5.62296 | 23
28894 | 15 | 1.38774 | 11
57788 | 16 | 19.6714 | 4
57789 | 16 | 0 | 7
28895 | 15 | 1.71233 | 12
57790 | 16 | 23.2653 | 10
57791 | 16 | 4.79244e-322 | 2
903 | 10 | 4.63978e-310 | 5
57 | 6 | 7.67033 | 41
114 | 7 | 5.08236 | 22
228 | 8 | 4.63978e-310 | 1
229 | 8 | 5.08236 | 21
458 | 9 | 6.90513e-310 | 2
459 | 9 | 4.53442 | 19
918 | 10 | 4.63978e-310 | 10
919 | 10 | 20.0435 | 9
115 | 7 | 2.58858 | 19
230 | 8 | 2.58858 | 13
460 | 9 | 0 | 3
461 | 9 | 4.63978e-310 | 10
231 | 8 | 4.63978e-310 | 6
29 | 5 | 21.4243 | 385
58 | 6 | 4.61525 | 71
116 | 7 | 4.61525 | 35
232 | 8 | 0.862005 | 7
233 | 8 | 4.37207 | 28
466 | 9 | 1.63042e-322 | 2
467 | 9 | 4.1967 | 26
934 | 10 | 1.83138 | 13
1868 | 11 | 0.437267 | 7
1869 | 11 | 0.441613 | 6
935 | 10 | 3.79415 | 13
1870 | 11 | 13.439 | 9
1871 | 11 | 6.90513e-310 | 4
117 | 7 | 3.23807 | 36
234 | 8 | 2.31295 | 26
468 | 9 | 1.7604 | 11
936 | 10 | 1.49843 | 9
937 | 10 | 0.283005 | 2
469 | 9 | 2.19858 | 15
938 | 10 | 1.39647 | 2
939 | 10 | 2.19858 | 13
1878 | 11 | 2.10495 | 9
1879 | 11 | 12.9064 | 4
235 | 8 | 4.63978e-310 | 10
59 | 6 | 19.445 | 314
118 | 7 | 19.445 | 298
236 | 8 | 19.4395 | 92
472 | 9 | 5.30226 | 34
944 | 10 | 5.30226 | 33
1888 | 11 | 4.51242 | 18
3776 | 12 | 3.82415 | 15
7552 | 13 | 0.256189 | 3
7553 | 13 | 2.53276 | 12
15106 | 14 | 9.57953 | 9
15107 | 14 | 3.17215 | 3
3777 | 12 | 4.63978e-310 | 3
1889 | 11 | 3.20188 | 15
3778 | 12 | 0.0629929 | 9
3779 | 12 | 26.6571 | 6
945 | 10 | 4.63978e-310 | 1
473 | 9 | 16.1119 | 58
946 | 10 | 9.77121 | 13
1893 | 11 | 9.77121 | 13
3786 | 12 | 0.807315 | 2
3787 | 12 | 9.16996 | 11
7574 | 13 | 7.18389 | 8
7575 | 13 | 0.150357 | 3
947 | 10 | 12.0411 | 45
1894 | 11 | 12.0411 | 44
3788 | 12 | 2.79404 | 22
7576 | 13 | 2.79404 | 22
15152 | 14 | 7.79894 | 10
15153 | 14 | 2.79404 | 12
30306 | 15 | 5.87737 | 6
30307 | 15 | 7.28196 | 6
3789 | 12 | 9.00395 | 22
7578 | 13 | 9.00395 | 22
15156 | 14 | 3.8505 | 10
15157 | 14 | 9.00395 | 12
30314 | 15 | 42.7699 | 9
30315 | 15 | 0.0129943 | 3
1895 | 11 | 4.63978e-310 | 1
237 | 8 | 18.2161 | 206
474 | 9 | 4.19912 | 44
948 | 10 | 3.46684 | 38
1896 | 11 | 2.44851 | 2
1897 | 11 | 3.46684 | 36
3794 | 12 | 3.40629 | 26
7588 | 13 | 3.07952 | 21
15176 | 14 | 1.16003 | 14
30352 | 15 | 0.094223 | 5
30353 | 15 | 2.55699 | 9
15177 | 14 | 4.63978e-310 | 7
7589 | 13 | 3.60386 | 5
3795 | 12 | 4.63978e-310 | 10
949 | 10 | 4.63978e-310 | 6
475 | 9 | 16.1883 | 162
950 | 10 | 15.5234 | 108
1900 | 11 | 15.5234 | 106
3800 | 12 | 8.97532 | 96
7600 | 13 | 4.02437 | 33
15200 | 14 | 1.32847 | 9
15201 | 14 | 4.02437 | 24
30402 | 15 | 4.63978e-310 | 4
30403 | 15 | 3.37367 | 20
60806 | 16 | 7.04094 | 8
60807 | 16 | 1.69781 | 12
121614 | 17 | 0 | 10
121615 | 17 | 6.90513e-310 | 2
7601 | 13 | 7.3392 | 63
15202 | 14 | 7.3392 | 63
30404 | 15 | 3.16153 | 24
60808 | 16 | 2.84698 | 14
121616 | 17 | 2.84698 | 13
243232 | 18 | 0 | 6
243233 | 18 | 0.214878 | 7
121617 | 17 | 4.63978e-310 | 1
60809 | 16 | 4.63978e-310 | 10
30405 | 15 | 4.47473 | 39
60810 | 16 | 4.47473 | 29
121620 | 17 | 7.72904 | 7
121621 | 17 | 2.47893 | 22
243242 | 18 | 1.62557 | 11
486484 | 19 | 1.27315 | 5
486485 | 19 | 9.48606e-322 | 6
243243 | 18 | 1.25504 | 11
486486 | 19 | 0.355164 | 9
486487 | 19 | 1.73116 | 2
60811 | 16 | 4.63978e-310 | 10
3801 | 12 | 4.63978e-310 | 10
1901 | 11 | 4.63978e-310 | 2
951 | 10 | 11.7632 | 54
1903 | 11 | 11.7632 | 54
3806 | 12 | 3.58622 | 45
7612 | 13 | 3.58622 | 40
15224 | 14 | 5.46737 | 7
15225 | 14 | 3.58622 | 33
30450 | 15 | 1.69571 | 14
60900 | 16 | 3.01368 | 5
60901 | 16 | 1.17798 | 9
30451 | 15 | 1.90668 | 19
60902 | 16 | 0.615306 | 7
60903 | 16 | 1.47303 | 12
121807 | 17 | 1.47303 | 12
243614 | 18 | 0.0856727 | 6
243615 | 18 | 2.78836 | 6
7613 | 13 | 4.63978e-310 | 5
3807 | 12 | 4.63978e-310 | 9
119 | 7 | 11.0459 | 16
239 | 8 | 11.0459 | 16
478 | 9 | 2.03907 | 12
957 | 10 | 2.03907 | 12
1915 | 11 | 2.03907 | 12
3830 | 12 | 1.14731 | 6
3831 | 12 | 0.177169 | 6
479 | 9 | 4.63978e-310 | 4
15 | 4 | 18.2922 | 149
30 | 5 | 10.7891 | 23
60 | 6 | 4.63978e-310 | 1
61 | 6 | 4.83156 | 22
122 | 7 | 4.83156 | 21
244 | 8 | 4.63978e-310 | 1
245 | 8 | 4.47332 | 20
490 | 9 | 4.63978e-310 | 7
491 | 9 | 3.23548 | 13
982 | 10 | 3.23548 | 13
1965 | 11 | 3.23548 | 13
3930 | 12 | 1.58101e-322 | 5
3931 | 12 | 1.63042e-322 | 8
123 | 7 | 4.63978e-310 | 1
31 | 5 | 18.0755 | 126
62 | 6 | 7.68874 | 31
124 | 7 | 7.68874 | 29
248 | 8 | 2.86404 | 14
496 | 9 | 2.37712 | 11
992 | 10 | 1.63042e-322 | 5
993 | 10 | 1.63042e-322 | 6
497 | 9 | 1.63042e-322 | 3
249 | 8 | 3.05274 | 15
498 | 9 | 1.58101e-322 | 5
499 | 9 | 1.58101e-322 | 10
125 | 7 | 4.63978e-310 | 2
63 | 6 | 16.7164 | 95
126 | 7 | 4.63978e-310 | 5
127 | 7 | 15.6681 | 90
254 | 8 | 15.5927 | 57
509 | 9 | 15.5927 | 57
1018 | 10 | 0.20322 | 9
1019 | 10 | 10.389 | 48
2038 | 11 | 10.2505 | 37
4076 | 12 | 4.16376 | 26
8152 | 13 | 3.18289 | 14
16304 | 14 | 3.18289 | 12
32608 | 15 | 1.63042e-322 | 3
32609 | 15 | 4.63978e-310 | 9
16305 | 14 | 4.63978e-310 | 2
8153 | 13 | 3.94387 | 12
16306 | 14 | 4.79244e-322 | 8
16307 | 14 | 4.79244e-322 | 4
4077 | 12 | 7.00797 | 11
8155 | 13 | 7.00797 | 11
16310 | 14 | 10.2941 | 9
16311 | 14 | 10.4683 | 2
2039 | 11 | 7.3508 | 11
4078 | 12 | 12.441 | 8
4079 | 12 | 0.970016 | 3
255 | 8 | 10.4511 | 33
510 | 9 | 5.44763 | 22
1020 | 10 | 5.44763 | 22
2041 | 11 | 5.44763 | 22
4082 | 12 | 21.3207 | 7
4083 | 12 | 4.38728 | 15
8166 | 13 | 4.38728 | 15
16333 | 14 | 4.38728 | 15
32666 | 15 | 0 | 8
32667 | 15 | 1.02276 | 7
511 | 9 | 5.43147 | 11
1022 | 10 | 4.63978e-310 | 4
1023 | 10 | 4.63978e-310 | 7
