ID | Depth | diameter | Number of points
0 | 0 | 29.316 | 1600
0 | 1 | 29.316 | 1571
0 | 2 | 25.2523 | 876
0 | 3 | 11.979 | 145
0 | 4 | 9.26127 | 87
0 | 5 | 7.97176 | 69
0 | 6 | 6.32251 | 25
0 | 7 | 1.63042e-322 | 4
1 | 7 | 4.88306 | 21
2 | 8 | 1.63042e-322 | 10
3 | 8 | 4.70395 | 11
6 | 9 | 4.70395 | 11
12 | 10 | 0 | 6
13 | 10 | 1.58101e-322 | 5
1 | 6 | 6.50395 | 44
2 | 7 | 3.39864 | 12
4 | 8 | 1.58101e-322 | 7
5 | 8 | 1.63042e-322 | 5
3 | 7 | 4.92343 | 32
6 | 8 | 2.75863 | 15
12 | 9 | 2.75863 | 14
24 | 10 | 8.51268 | 9
25 | 10 | 9.4605 | 5
13 | 9 | 4.63978e-310 | 1
7 | 8 | 4.68979 | 17
14 | 9 | 3.58413 | 4
15 | 9 | 4.68979 | 13
30 | 10 | 0.18407 | 8
31 | 10 | 5.83268 | 5
1 | 5 | 6.19352 | 18
3 | 6 | 6.19352 | 18
6 | 7 | 2.48067 | 12
12 | 8 | 22.1601 | 8
13 | 8 | 0 | 4
7 | 7 | 4.63978e-310 | 6
1 | 4 | 8.26667 | 58
2 | 5 | 4.12826 | 26
4 | 6 | 2.50004 | 13
8 | 7 | 1.63042e-322 | 7
9 | 7 | 1.63042e-322 | 6
5 | 6 | 3.32282 | 13
10 | 7 | 1.58101e-322 | 9
11 | 7 | 0 | 4
3 | 5 | 5.66606 | 32
6 | 6 | 4.63074 | 24
12 | 7 | 4.63074 | 23
24 | 8 | 3.21143e-322 | 7
25 | 8 | 3.7175 | 16
51 | 9 | 3.7175 | 16
102 | 10 | 3.27424 | 12
204 | 11 | 4.63978e-310 | 9
205 | 11 | 0.793195 | 3
103 | 10 | 4.63978e-310 | 4
13 | 7 | 4.63978e-310 | 1
7 | 6 | 4.63978e-310 | 8
1 | 3 | 22.6623 | 731
2 | 4 | 11.1973 | 25
4 | 5 | 10.2272 | 19
8 | 6 | 8.09809 | 12
16 | 7 | 0.220426 | 2
17 | 7 | 3.2417 | 10
9 | 6 | 4.63978e-310 | 7
5 | 5 | 4.63978e-310 | 6
3 | 4 | 22.6623 | 706
6 | 5 | 16.2127 | 342
12 | 6 | 10.918 | 179
24 | 7 | 7.64584 | 87
48 | 8 | 4.9217 | 50
96 | 9 | 4.07103 | 35
192 | 10 | 2.65768 | 14
384 | 11 | 5.10308 | 2
385 | 11 | 2.33934 | 12
770 | 12 | 1.40668 | 4
771 | 12 | 1.42291e-321 | 8
193 | 10 | 2.88313 | 21
386 | 11 | 2.88313 | 21
772 | 12 | 1.68642 | 12
1544 | 13 | 0.00917425 | 5
1545 | 13 | 0.123592 | 7
773 | 12 | 4.63978e-310 | 9
97 | 9 | 2.80134 | 15
194 | 10 | 2.02027 | 12
389 | 11 | 2.02027 | 12
778 | 12 | 1.74923 | 9
779 | 12 | 8.69556e-322 | 3
195 | 10 | 4.63978e-310 | 3
49 | 8 | 4.04042 | 37
98 | 9 | 3.64743 | 29
196 | 10 | 2.74716 | 21
392 | 11 | 1.64849 | 12
784 | 12 | 2.65887 | 6
785 | 12 | 2.75658 | 6
393 | 11 | 4.63978e-310 | 9
197 | 10 | 4.63978e-310 | 8
99 | 9 | 4.63978e-310 | 8
25 | 7 | 7.52398 | 92
50 | 8 | 4.09173 | 18
100 | 9 | 18.6232 | 5
101 | 9 | 3.9586 | 13
202 | 10 | 10.8103 | 3
203 | 10 | 0.822832 | 10
51 | 8 | 7.52398 | 74
102 | 9 | 2.19781 | 15
204 | 10 | 39.2497 | 3
205 | 10 | 1.78642 | 12
410 | 11 | 5.08035 | 1
411 | 11 | 1.23292 | 11
822 | 12 | 4.63978e-310 | 2
823 | 12 | 4.63978e-310 | 9
103 | 9 | 6.85686 | 59
206 | 10 | 6.26 | 52
413 | 11 | 6.26 | 52
826 | 12 | 3.82494 | 16
1652 | 13 | 0.0739578 | 10
1653 | 13 | 5.54735 | 6
827 | 12 | 5.15759 | 36
1654 | 13 | 3.9715 | 24
3309 | 14 | 3.9715 | 24
6618 | 15 | 2.16135 | 7
6619 | 15 | 3.96785 | 17
13238 | 16 | 0.016866 | 3
13239 | 16 | 2.28182 | 14
26478 | 17 | 2.28182 | 13
52956 | 18 | 0.223613 | 8
52957 | 18 | 6.29225 | 5
26479 | 17 | 4.63978e-310 | 1
1655 | 13 | 3.58666 | 12
3311 | 14 | 3.58666 | 12
6622 | 15 | 1.65929 | 6
6623 | 15 | 2.56341 | 6
207 | 10 | 4.63978e-310 | 7
13 | 6 | 10.4788 | 163
26 | 7 | 9.18798 | 104
53 | 8 | 9.18798 | 104
106 | 9 | 4.85074 | 32
212 | 10 | 2.69075 | 18
424 | 11 | 4.24341 | 3
425 | 11 | 1.97651 | 15
850 | 12 | 0.254418 | 10
851 | 12 | 0.946348 | 5
213 | 10 | 2.5837 | 14
426 | 11 | 2.5837 | 14
852 | 12 | 0.59527 | 5
853 | 12 | 4.02099 | 9
107 | 9 | 7.23353 | 72
214 | 10 | 7.19584 | 49
428 | 11 | 4.09845 | 31
856 | 12 | 3.26219 | 19
1712 | 13 | 8.79997 | 4
1713 | 13 | 2.41901 | 15
3426 | 14 | 2.41901 | 15
6852 | 15 | 2.46594 | 10
6853 | 15 | 2.52198 | 5
857 | 12 | 2.2028 | 12
1714 | 13 | 3.59045 | 3
1715 | 13 | 4.63978e-310 | 9
429 | 11 | 3.30533 | 18
859 | 12 | 3.30533 | 18
1718 | 13 | 3.24936 | 15
3436 | 14 | 0.503894 | 4
3437 | 14 | 3.24936 | 11
6874 | 15 | 1.59349 | 2
6875 | 15 | 0.467656 | 9
1719 | 13 | 4.63978e-310 | 3
215 | 10 | 5.49853 | 23
430 | 11 | 3.41502 | 18
860 | 12 | 2.11271 | 9
861 | 12 | 2.21637 | 9
431 | 11 | 4.63978e-310 | 5
27 | 7 | 7.34081 | 59
54 | 8 | 4.63978e-310 | 9
55 | 8 | 6.87083 | 50
110 | 9 | 3.11031 | 23
220 | 10 | 4.63978e-310 | 3
221 | 10 | 2.76621 | 20
442 | 11 | 2.74418 | 18
884 | 12 | 1.79232 | 11
1768 | 13 | 0.0219923 | 3
1769 | 13 | 4.63978e-310 | 8
885 | 12 | 4.63978e-310 | 7
443 | 11 | 4.63978e-310 | 2
111 | 9 | 4.17712 | 27
222 | 10 | 3.0513 | 11
444 | 11 | 6.90513e-310 | 2
445 | 11 | 3.12959 | 9
223 | 10 | 3.59498 | 16
446 | 11 | 3.21143e-322 | 7
447 | 11 | 0 | 9
7 | 5 | 22.6623 | 364
14 | 6 | 11.4124 | 212
28 | 7 | 8.90496 | 91
56 | 8 | 7.09301 | 60
112 | 9 | 6.82263 | 48
224 | 10 | 6.70445 | 33
448 | 11 | 2.27118 | 15
896 | 12 | 41.6228 | 8
897 | 12 | 0.416321 | 7
449 | 11 | 1.92952 | 18
898 | 12 | 1.47663 | 8
899 | 12 | 1.70542 | 10
225 | 10 | 6.43777 | 15
450 | 11 | 0.773134 | 6
451 | 11 | 1.42793 | 9
113 | 9 | 1.76313 | 12
226 | 10 | 2.21454 | 6
227 | 10 | 0.788183 | 6
57 | 8 | 3.33346 | 31
114 | 9 | 2.82982 | 27
228 | 10 | 0 | 9
229 | 10 | 2.63706 | 18
458 | 11 | 2.4581 | 10
459 | 11 | 0.960785 | 8
115 | 9 | 4.63978e-310 | 4
29 | 7 | 9.33613 | 121
58 | 8 | 8.65933 | 103
116 | 9 | 5.33147 | 25
232 | 10 | 4.43003 | 18
465 | 11 | 4.43003 | 18
930 | 12 | 1.07119 | 1
931 | 12 | 4.43003 | 17
1862 | 13 | 0.926145 | 3
1863 | 13 | 2.66741 | 14
3726 | 14 | 0.81111 | 3
3727 | 14 | 2.0747 | 11
7454 | 15 | 2.0747 | 11
14908 | 16 | 0.326998 | 5
14909 | 16 | 52.6815 | 6
233 | 10 | 4.63978e-310 | 7
117 | 9 | 6.11548 | 78
234 | 10 | 4.94498 | 50
468 | 11 | 3.38222 | 20
936 | 12 | 3.33137 | 11
1872 | 13 | 0.196123 | 3
1873 | 13 | 4.63978e-310 | 8
937 | 12 | 4.63978e-310 | 9
469 | 11 | 3.51129 | 30
938 | 12 | 3.51129 | 26
1876 | 13 | 3.14127 | 19
3752 | 14 | 3.14127 | 15
7505 | 15 | 3.14127 | 15
15010 | 16 | 0.681309 | 7
15011 | 16 | 0.779558 | 8
3753 | 14 | 4.63978e-310 | 4
1877 | 13 | 4.63978e-310 | 7
939 | 12 | 4.63978e-310 | 4
235 | 10 | 4.18426 | 28
470 | 11 | 1.71716 | 12
940 | 12 | 1.63042e-322 | 2
941 | 12 | 0.0225037 | 10
471 | 11 | 3.13984 | 16
943 | 12 | 3.13984 | 16
1887 | 13 | 3.13984 | 16
3774 | 14 | 0.59458 | 10
3775 | 14 | 7.11455e-322 | 6
59 | 8 | 3.37842 | 18
119 | 9 | 3.37842 | 18
238 | 10 | 4.63978e-310 | 10
239 | 10 | 4.63978e-310 | 8
15 | 6 | 15.691 | 152
30 | 7 | 14.7925 | 37
60 | 8 | 12.291 | 31
120 | 9 | 6.90513e-310 | 1
121 | 9 | 12.0882 | 30
242 | 10 | 4.63978e-310 | 1
243 | 10 | 12.0882 | 29
486 | 11 | 12.0882 | 29
972 | 12 | 3.58781 | 17
1944 | 13 | 0 | 6
1945 | 13 | 3.17257 | 11
3890 | 14 | 3.17257 | 11
7780 | 15 | 50.9049 | 5
7781 | 15 | 69.549 | 6
973 | 12 | 8.50517 | 12
1946 | 13 | 10.328 | 1
1947 | 13 | 8.49412 | 11
3894 | 14 | 1.80174 | 9
3895 | 14 | 6.15461 | 2
61 | 8 | 4.63978e-310 | 6
31 | 7 | 15.1753 | 115
62 | 8 | 6.72897 | 36
124 | 9 | 3.1436 | 13
248 | 10 | 2.75014 | 11
496 | 11 | 7.02354 | 10
497 | 11 | 10.244 | 1
249 | 10 | 4.63978e-310 | 2
125 | 9 | 6.36012 | 23
250 | 10 | 2.48762 | 13
500 | 11 | 14.1858 | 2
501 | 11 | 2.10986 | 11
1002 | 12 | 21.272 | 5
1003 | 12 | 4.61466 | 6
251 | 10 | 4.63978e-310 | 10
63 | 8 | 15.1753 | 79
126 | 9 | 6.7365 | 34
252 | 10 | 4.63978e-310 | 9
253 | 10 | 5.70255 | 25
507 | 11 | 5.70255 | 25
1014 | 12 | 4.15951 | 18
2028 | 13 | 14.1737 | 3
2029 | 13 | 3.70851 | 15
4058 | 14 | 2.56834 | 11
8116 | 15 | 7.9277 | 5
8117 | 15 | 18.2085 | 6
4059 | 14 | 4.63978e-310 | 4
1015 | 12 | 4.63978e-310 | 7
127 | 9 | 10.065 | 45
254 | 10 | 9.09103 | 21
508 | 11 | 8.14321 | 14
1016 | 12 | 4.63978e-310 | 3
1017 | 12 | 2.81296 | 11
2034 | 13 | 6.10347 | 1
2035 | 13 | 47.3548 | 10
509 | 11 | 4.63978e-310 | 7
255 | 10 | 7.80636 | 24
510 | 11 | 7.5382 | 19
1020 | 12 | 8.18396 | 2
1021 | 12 | 3.72283 | 17
2042 | 13 | 9.86882 | 9
2043 | 13 | 1.11521 | 8
511 | 11 | 4.63978e-310 | 5
1 | 2 | 27.756 | 695
2 | 3 | 15.9444 | 258
4 | 4 | 13.5309 | 84
8 | 5 | 7.83789 | 57
17 | 6 | 7.83789 | 57
34 | 7 | 7.34603 | 53
68 | 8 | 7.34603 | 44
137 | 9 | 7.34603 | 44
274 | 10 | 2.97968 | 14
548 | 11 | 5.65778 | 6
549 | 11 | 4.63978e-310 | 8
275 | 10 | 6.58893 | 30
551 | 11 | 6.58893 | 30
1102 | 12 | 6.58893 | 30
2204 | 13 | 6.58893 | 20
4408 | 14 | 6.51403 | 18
8817 | 15 | 6.51403 | 18
17634 | 16 | 6.50453 | 14
35269 | 17 | 6.50453 | 14
70538 | 18 | 2.0441 | 9
70539 | 18 | 1.58101e-322 | 5
17635 | 16 | 4.63978e-310 | 4
4409 | 14 | 1.58101e-322 | 2
2205 | 13 | 1.58101e-322 | 10
69 | 8 | 4.63978e-310 | 9
35 | 7 | 4.63978e-310 | 4
9 | 5 | 9.68544 | 27
18 | 6 | 6.10054 | 21
36 | 7 | 4.63978e-310 | 6
37 | 7 | 5.54017 | 15
74 | 8 | 3.21143e-322 | 3
75 | 8 | 5.00192 | 12
150 | 9 | 1.63042e-322 | 8
151 | 9 | 1.63042e-322 | 4
19 | 6 | 4.63978e-310 | 6
5 | 4 | 15.1666 | 174
10 | 5 | 7.53038 | 19
20 | 6 | 7.53038 | 19
40 | 7 | 4.63978e-310 | 2
41 | 7 | 6.81231 | 17
82 | 8 | 6.81231 | 13
164 | 9 | 1.63042e-322 | 4
165 | 9 | 1.58101e-322 | 9
83 | 8 | 1.58101e-322 | 4
11 | 5 | 14.6786 | 155
22 | 6 | 13.6247 | 115
44 | 7 | 13.6247 | 107
88 | 8 | 3.21143e-322 | 1
89 | 8 | 13.4988 | 106
178 | 9 | 11.626 | 54
356 | 10 | 8.66079 | 7
357 | 10 | 11.626 | 47
714 | 11 | 4.50582 | 28
1428 | 12 | 4.50582 | 28
2856 | 13 | 6.90513e-310 | 2
2857 | 13 | 4.50582 | 26
5714 | 14 | 2.52325 | 17
11428 | 15 | 2.52325 | 17
22856 | 16 | 2.52325 | 14
45712 | 17 | 2.15869 | 4
45713 | 17 | 10.2408 | 10
22857 | 16 | 5.38056 | 3
5715 | 14 | 4.63978e-310 | 9
715 | 11 | 6.53315 | 19
1431 | 12 | 6.53315 | 19
2862 | 13 | 3.57458 | 1
2863 | 13 | 6.53315 | 18
5726 | 14 | 9.15199 | 6
5727 | 14 | 4.67792 | 12
11454 | 15 | 5.63568 | 9
11455 | 15 | 1.897 | 3
179 | 9 | 12.2985 | 52
358 | 10 | 12.2985 | 48
717 | 11 | 12.2985 | 48
1434 | 12 | 12.2985 | 48
2868 | 13 | 1.63042e-322 | 2
2869 | 13 | 12.2985 | 46
5739 | 14 | 12.2985 | 46
11478 | 15 | 12.2985 | 46
22957 | 16 | 12.2985 | 46
45914 | 17 | 4.63978e-310 | 5
45915 | 17 | 12.1171 | 41
91830 | 18 | 12.1171 | 41
183660 | 19 | 12.1171 | 41
367320 | 20 | 2.16142 | 24
734640 | 21 | 1.34566 | 5
734641 | 21 | 1.87182 | 19
1469282 | 22 | 1.45746 | 17
2938564 | 23 | 6.90513e-310 | 7
2938565 | 23 | 6.90513e-310 | 10
1469283 | 22 | 4.63978e-310 | 2
367321 | 20 | 10.8248 | 17
734642 | 21 | 10.8248 | 17
1469284 | 22 | 0.104858 | 10
1469285 | 22 | 0.0429262 | 7
359 | 10 | 4.63978e-310 | 4
45 | 7 | 4.63978e-310 | 8
23 | 6 | 13.0631 | 40
46 | 7 | 13.0631 | 40
92 | 8 | 5.50895 | 39
185 | 9 | 5.50895 | 39
370 | 10 | 2.867 | 11
740 | 11 | 1.63042e-322 | 7
741 | 11 | 2.37152e-322 | 4
371 | 10 | 4.80743 | 28
742 | 11 | 2.37152e-322 | 2
743 | 11 | 2.88852 | 26
1487 | 12 | 2.88852 | 26
2974 | 13 | 1.58244 | 16
5948 | 14 | 1.26202 | 13
11896 | 15 | 1.60804 | 2
11897 | 15 | 1.22204 | 11
23794 | 16 | 7.54433 | 6
23795 | 16 | 1.58101e-322 | 5
5949 | 14 | 4.63978e-310 | 3
2975 | 13 | 4.63978e-310 | 10
93 | 8 | 4.63978e-310 | 1
3 | 3 | 23.2181 | 437
6 | 4 | 21.9087 | 326
12 | 5 | 18.1359 | 128
24 | 6 | 8.44861 | 121
48 | 7 | 5.62056 | 46
96 | 8 | 2.43043 | 13
193 | 9 | 2.43043 | 13
386 | 10 | 6.90513e-310 | 5
387 | 10 | -0.982897 | 8
97 | 8 | 3.90631 | 33
194 | 9 | 4.63978e-310 | 4
195 | 9 | 3.6558 | 29
390 | 10 | 3.4612 | 12
780 | 11 | 8.83967 | 4
781 | 11 | 5.68621 | 8
391 | 10 | 2.85528 | 17
782 | 11 | 0.313496 | 8
783 | 11 | 0.486478 | 9
49 | 7 | 6.86635 | 75
98 | 8 | 4.42876 | 44
196 | 9 | 4.42876 | 44
392 | 10 | 4.79244e-322 | 3
393 | 10 | 4.42876 | 41
786 | 11 | 2.41242 | 13
1573 | 12 | 2.41242 | 13
3146 | 13 | 5.52616 | 1
3147 | 13 | 2.41242 | 12
6294 | 14 | 0.609516 | 6
6295 | 14 | 5.67744 | 6
787 | 11 | 2.10725 | 28
1575 | 12 | 2.10725 | 28
3150 | 13 | 2.01401 | 18
6300 | 14 | 1.1053 | 7
6301 | 14 | 1.54406 | 11
12603 | 15 | 1.54406 | 11
25206 | 16 | 1.04361 | 7
25207 | 16 | 6.90513e-310 | 4
3151 | 13 | 4.63978e-310 | 10
99 | 8 | 4.56354 | 31
198 | 9 | 3.7765 | 17
396 | 10 | 3.0581 | 11
792 | 11 | 3.0581 | 11
1584 | 12 | 3.0581 | 11
3168 | 13 | 0.161704 | 3
3169 | 13 | 4.63978e-310 | 8
397 | 10 | 4.63978e-310 | 6
199 | 9 | 1.91449 | 14
398 | 10 | 4.63978e-310 | 10
399 | 10 | 2.8599 | 4
25 | 6 | 4.63978e-310 | 7
13 | 5 | 18.9199 | 198
26 | 6 | 4.63978e-310 | 1
27 | 6 | 18.9199 | 197
54 | 7 | 17.946 | 147
108 | 8 | 14.3028 | 78
216 | 9 | 5.34919 | 33
432 | 10 | 2.58636 | 20
864 | 11 | 2.58636 | 20
1728 | 12 | 2.58636 | 15
3456 | 13 | 4.63978e-310 | 9
3457 | 13 | 1.69314 | 6
1729 | 12 | 4.63978e-310 | 5
433 | 10 | 3.23421 | 13
866 | 11 | 4.73536 | 3
867 | 11 | 4.63978e-310 | 10
217 | 9 | 13.2337 | 45
434 | 10 | 12.5264 | 39
869 | 11 | 12.5264 | 39
1738 | 12 | 6.37345e-322 | 2
1739 | 12 | 12.4525 | 37
3479 | 13 | 12.4525 | 37
6958 | 14 | 12.4525 | 37
13917 | 15 | 12.4525 | 37
27834 | 16 | 3.44513 | 5
27835 | 16 | 12.4525 | 32
55671 | 17 | 12.4525 | 32
111342 | 18 | 2.722 | 16
222684 | 19 | 0.0110625 | 9
222685 | 19 | 3.97865 | 7
111343 | 18 | 11.72 | 16
222686 | 19 | 0.6293 | 2
222687 | 19 | 11.72 | 14
445374 | 20 | 11.72 | 13
890749 | 21 | 11.72 | 13
1781498 | 22 | 2.28626 | 9
1781499 | 22 | 0 | 4
445375 | 20 | 4.63978e-310 | 1
435 | 10 | 4.63978e-310 | 6
109 | 8 | 17.7198 | 69
218 | 9 | 8.81585 | 37
436 | 10 | 4.63978e-310 | 3
437 | 10 | 7.98904 | 34
875 | 11 | 7.98904 | 34
1750 | 12 | 0.115471 | 7
1751 | 12 | 7.37131 | 27
3502 | 13 | 7.12319 | 25
7004 | 14 | 3.08517 | 24
14008 | 15 | 4.63978e-310 | 9
14009 | 15 | 3.08517 | 15
28018 | 16 | 2.38455 | 8
28019 | 16 | 3.01775 | 7
7005 | 14 | 4.63978e-310 | 1
3503 | 13 | 4.63978e-310 | 2
219 | 9 | 11.235 | 32
439 | 10 | 11.235 | 32
879 | 11 | 11.235 | 32
1758 | 12 | 4.63978e-310 | 2
1759 | 12 | 11.0798 | 30
3518 | 13 | 8.52498 | 15
7036 | 14 | 4.46807 | 14
14072 | 15 | 3.29067 | 1
14073 | 15 | 4.44909 | 13
28146 | 16 | 9.26879 | 1
28147 | 16 | 4.32126 | 12
56294 | 17 | 4.32126 | 12
112588 | 18 | 64.0848 | 6
112589 | 18 | 0.69584 | 6
7037 | 14 | 4.63978e-310 | 1
3519 | 13 | 10.8222 | 15
7038 | 14 | 4.05642 | 13
14076 | 15 | 64.4674 | 7
14077 | 15 | 2.83463 | 6
7039 | 14 | 4.63978e-310 | 2
55 | 7 | 13.7078 | 50
110 | 8 | 12.6719 | 45
221 | 9 | 12.6719 | 45
442 | 10 | 7.41471 | 33
884 | 11 | 140.747 | 4
885 | 11 | 6.92988 | 29
1770 | 12 | 1.92137 | 14
3540 | 13 | 6.11757 | 8
3541 | 13 | 3.81634 | 6
1771 | 12 | 4.63871 | 15
3542 | 13 | 1.58101e-322 | 7
3543 | 13 | 1.58101e-322 | 8
443 | 10 | 12.6719 | 12
886 | 11 | 12.6719 | 12
1772 | 12 | 1.88642 | 8
1773 | 12 | 6.89281 | 4
111 | 8 | 4.63978e-310 | 5
7 | 4 | 18.4511 | 111
14 | 5 | 4.58774 | 11
29 | 6 | 4.58774 | 11
58 | 7 | 136.312 | 8
59 | 7 | 19.5654 | 3
15 | 5 | 15.9833 | 100
30 | 6 | 6.91594 | 57
61 | 7 | 6.91594 | 57
122 | 8 | 4.87738 | 44
244 | 9 | 4.87738 | 35
488 | 10 | 6.90513e-310 | 2
489 | 10 | 4.40311 | 33
978 | 11 | 2.40253 | 23
1956 | 12 | 1.63042e-322 | 6
1957 | 12 | 2.05123 | 17
3914 | 13 | 1.81158 | 12
7828 | 14 | 1.58101e-322 | 7
7829 | 14 | 4.63978e-310 | 5
3915 | 13 | 0.0527077 | 5
979 | 11 | 7.13244 | 10
245 | 9 | 4.63978e-310 | 9
123 | 8 | 2.8566 | 13
246 | 9 | 0.466653 | 6
247 | 9 | 6.1909 | 7
31 | 6 | 14.5832 | 43
63 | 7 | 14.5832 | 43
126 | 8 | 5.7495 | 13
252 | 9 | 9.01795 | 4
253 | 9 | 6.90513e-310 | 9
127 | 8 | 9.17717 | 30
254 | 9 | 2.38477 | 12
508 | 10 | 0 | 6
509 | 10 | 1.63042e-322 | 6
255 | 9 | 9.17717 | 18
510 | 10 | 9.17717 | 18
1020 | 11 | 5.79191 | 16
2040 | 12 | 1.58101e-322 | 5
2041 | 12 | 4.49486 | 11
4082 | 13 | 1.58101e-322 | 7
4083 | 13 | 1.63042e-322 | 4
1021 | 11 | 1.63042e-322 | 2
1 | 1 | 13.0125 | 29
2 | 2 | 7.24422 | 15
4 | 3 | 4.63978e-310 | 6
5 | 3 | 4.63978e-310 | 9
3 | 2 | 11.6077 | 14
6 | 3 | 109.556 | 6
7 | 3 | 4.63978e-310 | 8
