ID | Depth | diameter | Number of points
0 | 0 | 29.316 | 1600
0 | 1 | 23.9132 | 640
0 | 2 | 15.9741 | 331
0 | 3 | 13.2646 | 231
0 | 4 | 8.03046 | 94
0 | 5 | 6.22787 | 45
0 | 6 | 3.0561 | 20
0 | 7 | 6.36808 | 7
1 | 7 | 2.05278 | 13
3 | 8 | 2.05278 | 13
6 | 9 | 0.285996 | 5
7 | 9 | 0.867007 | 8
1 | 6 | 4.24447 | 25
2 | 7 | 4.24447 | 25
5 | 8 | 4.24447 | 25
10 | 9 | 7.94769 | 8
11 | 9 | 3.71258 | 17
22 | 10 | 3.05292 | 11
44 | 11 | 4.00193e-322 | 5
45 | 11 | 9.92265 | 6
23 | 10 | 4.63978e-310 | 6
1 | 5 | 6.83495 | 49
2 | 6 | 5.27021 | 43
4 | 7 | 0.371434 | 4
5 | 7 | 4.10816 | 39
10 | 8 | 3.04525 | 26
20 | 9 | 1.71746 | 13
40 | 10 | 0.0201712 | 7
41 | 10 | 4.00193e-322 | 6
21 | 9 | 2.01482 | 13
42 | 10 | 1.39868 | 5
43 | 10 | 0 | 8
11 | 8 | 2.61343 | 13
22 | 9 | 0 | 5
23 | 9 | 0.822959 | 8
3 | 6 | 4.63978e-310 | 6
1 | 4 | 10.7894 | 137
3 | 5 | 10.7894 | 137
6 | 6 | 7.74467 | 66
12 | 7 | 7.27266 | 50
24 | 8 | 0.246274 | 10
25 | 8 | 7.20915 | 40
50 | 9 | 6.77813 | 22
100 | 10 | 2.83411 | 12
201 | 11 | 2.83411 | 12
402 | 12 | 39.0117 | 9
403 | 12 | 9.15305 | 3
101 | 10 | 4.63978e-310 | 10
51 | 9 | 6.51663 | 18
102 | 10 | 4.63978e-310 | 7
103 | 10 | 6.51663 | 11
206 | 11 | 5.58294e-322 | 6
207 | 11 | 0.800271 | 5
13 | 7 | 7.43018 | 16
27 | 8 | 7.43018 | 16
54 | 9 | 7.19302 | 14
108 | 10 | 0.0729841 | 1
109 | 10 | 7.19302 | 13
219 | 11 | 7.19302 | 13
438 | 12 | 1.74868 | 3
439 | 12 | 4.63978e-310 | 10
55 | 9 | 4.63978e-310 | 2
7 | 6 | 8.95143 | 71
14 | 7 | 8.95143 | 66
28 | 8 | 5.41557 | 36
56 | 9 | 4.21657 | 19
112 | 10 | 4.63978e-310 | 6
113 | 10 | 1.89367 | 13
226 | 11 | 4.63978e-310 | 5
227 | 11 | 39.3183 | 8
57 | 9 | 3.31681 | 17
114 | 10 | 4.63978e-310 | 10
115 | 10 | 41.5649 | 7
29 | 8 | 7.66586 | 30
58 | 9 | 7.3205 | 17
116 | 10 | 7.3205 | 17
232 | 11 | 8.26471 | 8
233 | 11 | 0 | 9
59 | 9 | 6.4134 | 13
118 | 10 | 10.2732 | 7
119 | 10 | 7.16395e-322 | 6
15 | 7 | 4.63978e-310 | 5
1 | 3 | 10.5694 | 100
2 | 4 | 4.63978e-310 | 1
3 | 4 | 10.4508 | 99
6 | 5 | 9.81574 | 87
13 | 6 | 9.81574 | 87
26 | 7 | 5.13083 | 59
52 | 8 | 3.13445 | 24
104 | 9 | 1.58101e-322 | 9
105 | 9 | 2.56822 | 15
210 | 10 | 2.06151 | 12
420 | 11 | 4.63978e-310 | 9
421 | 11 | 1.83044 | 3
211 | 10 | 0.064314 | 3
53 | 8 | 3.71096 | 35
106 | 9 | 4.63978e-310 | 7
107 | 9 | 2.87776 | 28
214 | 10 | 4.39208 | 3
215 | 10 | 2.64548 | 25
430 | 11 | 11.2811 | 10
431 | 11 | 2.35506 | 15
862 | 12 | 0.0565481 | 10
863 | 12 | 5.67755 | 5
27 | 7 | 6.9425 | 28
54 | 8 | 4.63978e-310 | 5
55 | 8 | 6.59324 | 23
111 | 9 | 6.59324 | 23
222 | 10 | 3.06355 | 20
444 | 11 | 2.81177 | 15
889 | 12 | 2.81177 | 15
1778 | 13 | 2.52737 | 11
3556 | 14 | 0.56742 | 1
3557 | 14 | 1.69932 | 10
1779 | 13 | 39.7325 | 4
445 | 11 | 2.19454 | 5
223 | 10 | 0.436625 | 3
7 | 5 | 7.61035 | 12
14 | 6 | 4.63978e-310 | 5
15 | 6 | 4.63978e-310 | 7
1 | 2 | 18.2106 | 309
2 | 3 | 18.165 | 261
4 | 4 | 14.2369 | 169
8 | 5 | 9.7791 | 118
16 | 6 | 7.78035 | 60
33 | 7 | 7.78035 | 60
66 | 8 | 4.51327 | 25
132 | 9 | 3.27769 | 7
133 | 9 | 2.76538 | 18
266 | 10 | 2.76538 | 18
532 | 11 | 0.0624817 | 7
533 | 11 | 1.99014 | 11
1066 | 12 | 1.73595 | 2
1067 | 12 | 1.32355 | 9
67 | 8 | 5.19437 | 35
134 | 9 | 4.18776 | 12
268 | 10 | 0.898255 | 5
269 | 10 | 0.294044 | 7
135 | 9 | 5.07981 | 23
271 | 10 | 5.07981 | 23
542 | 11 | 1.98653 | 11
1084 | 12 | 5.40889 | 4
1085 | 12 | 1.85492 | 7
543 | 11 | 3.06603 | 12
1086 | 12 | 4.2685 | 9
1087 | 12 | 5.7417 | 3
17 | 6 | 7.64057 | 58
34 | 7 | 7.64057 | 58
68 | 8 | 3.31146 | 16
136 | 9 | 1.58101e-322 | 8
137 | 9 | 1.63042e-322 | 8
69 | 8 | 6.44511 | 42
138 | 9 | 5.80017 | 32
276 | 10 | 4.63978e-310 | 4
277 | 10 | 5.80017 | 28
554 | 11 | 3.63078 | 18
1108 | 12 | 3.39182 | 11
2216 | 13 | 2.30944 | 3
2217 | 13 | 4.63978e-310 | 8
1109 | 12 | 4.63978e-310 | 7
555 | 11 | 1.01299 | 10
139 | 9 | 1.1392 | 10
9 | 5 | 8.10787 | 51
18 | 6 | 7.53316 | 39
36 | 7 | 3.52178 | 20
72 | 8 | 1.58101e-322 | 7
73 | 8 | 2.15377 | 13
146 | 9 | 0.26427 | 7
147 | 9 | 7.02954 | 6
37 | 7 | 5.01084 | 19
74 | 8 | 22.6419 | 4
75 | 8 | 3.30668 | 15
150 | 9 | 9.74586 | 2
151 | 9 | 2.93966 | 13
302 | 10 | 0 | 6
303 | 10 | 11.0842 | 7
19 | 6 | 5.73428 | 12
38 | 7 | 4.63978e-310 | 3
39 | 7 | 4.63978e-310 | 9
5 | 4 | 17.3789 | 92
11 | 5 | 17.3789 | 92
22 | 6 | 6.94405 | 20
44 | 7 | 6.27874 | 17
88 | 8 | 5.48372 | 4
89 | 8 | 5.8655 | 13
178 | 9 | 0.635486 | 8
179 | 9 | 0 | 5
45 | 7 | 1.17544 | 3
23 | 6 | 15.9857 | 72
46 | 7 | 15.9857 | 72
92 | 8 | 5.79886 | 14
184 | 9 | 4.58157 | 11
368 | 10 | 0 | 1
369 | 10 | 0 | 10
185 | 9 | 1.17544 | 3
93 | 8 | 14.3634 | 58
186 | 9 | 14.2326 | 21
372 | 10 | 2.13945 | 1
373 | 10 | 14.2326 | 20
746 | 11 | 7.89442 | 10
747 | 11 | 4.63978e-310 | 10
187 | 9 | 14.1979 | 37
374 | 10 | 13.8937 | 35
748 | 11 | 6.55067 | 19
1496 | 12 | 0 | 6
1497 | 12 | 5.40418 | 13
2994 | 13 | 0 | 5
2995 | 13 | 16.1548 | 8
749 | 11 | 6.51822 | 16
1498 | 12 | 19.3769 | 9
1499 | 12 | 8.8745 | 7
375 | 10 | 4.63978e-310 | 2
3 | 3 | 14.5248 | 48
6 | 4 | 6.74716 | 23
12 | 5 | 4.63978e-310 | 9
13 | 5 | 3.95112 | 14
27 | 6 | 3.95112 | 14
55 | 7 | 3.95112 | 14
110 | 8 | 9.39405 | 10
111 | 8 | 28.7471 | 4
7 | 4 | 9.33478 | 25
14 | 5 | 4.63978e-310 | 9
15 | 5 | 7.54165 | 16
30 | 6 | 7.54165 | 16
60 | 7 | 13.5662 | 8
61 | 7 | 1.23401 | 8
1 | 1 | 28.9901 | 960
2 | 2 | 17.5891 | 442
4 | 3 | 16.8416 | 382
8 | 4 | 11.3456 | 230
16 | 5 | 10.9309 | 151
32 | 6 | 6.33768 | 55
64 | 7 | 6.12315 | 38
128 | 8 | 4.12552 | 36
256 | 9 | 3.16797 | 11
512 | 10 | 3.51132 | 6
513 | 10 | 1.16332 | 5
257 | 9 | 3.94525 | 25
514 | 10 | 2.56908 | 15
1028 | 11 | 2.56908 | 15
2056 | 12 | 4.5984 | 8
2057 | 12 | 8.98689 | 7
515 | 10 | 4.63978e-310 | 10
129 | 8 | 4.63978e-310 | 2
65 | 7 | 4.69756 | 17
130 | 8 | 4.69756 | 17
260 | 9 | 2.49695 | 12
520 | 10 | 0 | 10
521 | 10 | 0.153219 | 2
261 | 9 | 4.63978e-310 | 5
33 | 6 | 8.54604 | 96
66 | 7 | 7.13241 | 38
133 | 8 | 7.13241 | 38
266 | 9 | 6.90513e-310 | 8
267 | 9 | 7.11081 | 30
535 | 10 | 7.11081 | 30
1070 | 11 | 3.18 | 23
2140 | 12 | 0 | 9
2141 | 12 | 2.67106 | 14
4282 | 13 | 6.90513e-310 | 7
4283 | 13 | 2.37152e-322 | 7
1071 | 11 | 4.63978e-310 | 7
67 | 7 | 7.49513 | 58
134 | 8 | 7.49513 | 58
268 | 9 | 7.49513 | 52
536 | 10 | 7.16929 | 42
1072 | 11 | 7.16929 | 42
2144 | 12 | 7.16929 | 42
4288 | 13 | 7.16929 | 30
8576 | 14 | 2.45839 | 15
17152 | 15 | 1.79 | 13
34304 | 16 | 1.88809 | 5
34305 | 16 | 4.63978e-310 | 8
17153 | 15 | 4.63978e-310 | 2
8577 | 14 | 2.24258 | 15
17154 | 15 | 51.9407 | 9
17155 | 15 | 41.4193 | 6
4289 | 13 | 6.77709 | 12
8578 | 14 | 6.77709 | 12
17156 | 15 | 44.0917 | 8
17157 | 15 | 1.00545 | 4
537 | 10 | 4.63978e-310 | 10
269 | 9 | 4.63978e-310 | 6
17 | 5 | 6.40917 | 79
34 | 6 | 3.78687 | 23
68 | 7 | 2.06977 | 14
136 | 8 | 10.0882 | 7
137 | 8 | 1.58101e-322 | 7
69 | 7 | 4.63978e-310 | 9
35 | 6 | 6.17424 | 56
70 | 7 | 5.18611 | 40
141 | 8 | 5.18611 | 40
282 | 9 | 1.63042e-322 | 4
283 | 9 | 5.18611 | 36
566 | 10 | 4.66181 | 25
1133 | 11 | 4.66181 | 25
2266 | 12 | 1.74548 | 13
4532 | 13 | 5.71257 | 9
4533 | 13 | 16.084 | 4
2267 | 12 | 3.22626 | 12
4534 | 13 | 11.6612 | 1
4535 | 13 | 3.22626 | 11
9071 | 14 | 3.22626 | 11
18142 | 15 | 1.20389 | 5
18143 | 15 | 14.6592 | 6
567 | 10 | 1.63914 | 11
1134 | 11 | 0.681302 | 3
1135 | 11 | 4.63978e-310 | 8
71 | 7 | 3.58952 | 16
142 | 8 | 3.28414 | 13
284 | 9 | 3.21143e-322 | 4
285 | 9 | 0.523444 | 9
143 | 8 | 7.11455e-322 | 3
9 | 4 | 12.7666 | 152
18 | 5 | 9.26833 | 69
36 | 6 | 8.37214 | 62
72 | 7 | 7.89728 | 34
144 | 8 | 2.25498 | 12
288 | 9 | 42.8533 | 7
289 | 9 | 6.90513e-310 | 5
145 | 8 | 6.41956 | 22
290 | 9 | 1.58101e-322 | 7
291 | 9 | 5.07557 | 15
582 | 10 | 6.13243 | 3
583 | 10 | 4.61954 | 12
1166 | 11 | 1.4177 | 9
1167 | 11 | 1.83479 | 3
73 | 7 | 5.45582 | 28
146 | 8 | 5.45582 | 28
292 | 9 | 4.63978e-310 | 7
293 | 9 | 3.3087 | 21
586 | 10 | 2.13308 | 11
1172 | 11 | 0 | 10
1173 | 11 | 0.942192 | 1
587 | 10 | 4.63978e-310 | 10
37 | 6 | 4.63978e-310 | 7
19 | 5 | 11.5254 | 83
38 | 6 | 11.354 | 59
76 | 7 | 10.3586 | 25
152 | 8 | 3.84883 | 13
304 | 9 | 1.63042e-322 | 4
305 | 9 | 1.58101e-322 | 9
153 | 8 | 1.5202 | 12
306 | 9 | 4.63978e-310 | 5
307 | 9 | 11.1769 | 7
77 | 7 | 8.88822 | 34
154 | 8 | 0.577992 | 5
155 | 8 | 8.88822 | 29
310 | 9 | 3.37703 | 12
620 | 10 | 0 | 9
621 | 10 | 20.2996 | 3
311 | 9 | 6.69855 | 17
622 | 10 | 4.34401 | 7
623 | 10 | 9.59264 | 10
39 | 6 | 2.59165 | 24
78 | 7 | 4.63978e-310 | 6
79 | 7 | 2.12799 | 18
158 | 8 | 2.12799 | 17
316 | 9 | 1.64635 | 14
632 | 10 | 4.64358 | 8
633 | 10 | 2.132 | 6
317 | 9 | 0.0785449 | 3
159 | 8 | 4.63978e-310 | 1
5 | 3 | 10.6903 | 60
10 | 4 | 4.63978e-310 | 9
11 | 4 | 9.73789 | 51
22 | 5 | 0.228603 | 3
23 | 5 | 7.52001 | 48
46 | 6 | 7.44118 | 43
92 | 7 | 2.43682 | 24
184 | 8 | 1.86544 | 20
368 | 9 | 1.86544 | 17
736 | 10 | 0.98503 | 11
1472 | 11 | 0.206576 | 6
1473 | 11 | 0.186864 | 5
737 | 10 | 0 | 6
369 | 9 | 0.405037 | 3
185 | 8 | 4.63978e-310 | 4
93 | 7 | 5.23933 | 19
186 | 8 | 0.34314 | 2
187 | 8 | 5.23933 | 17
375 | 9 | 5.23933 | 17
750 | 10 | 3.48606 | 7
751 | 10 | 7.77474 | 10
47 | 6 | 4.63978e-310 | 5
3 | 2 | 23.9792 | 518
6 | 3 | 22.0146 | 360
12 | 4 | 17.0449 | 51
24 | 5 | 6.11151 | 46
48 | 6 | 5.12835 | 37
96 | 7 | 4.24496 | 17
193 | 8 | 4.24496 | 17
386 | 9 | 3.43201 | 13
772 | 10 | 1.41301 | 6
773 | 10 | 7.11455e-322 | 7
387 | 9 | 4.63978e-310 | 4
97 | 7 | 3.07952 | 20
194 | 8 | 1.2875 | 18
388 | 9 | 1.08267 | 7
389 | 9 | 0.894389 | 11
778 | 10 | 0.0357508 | 5
779 | 10 | 0.115043 | 6
195 | 8 | 4.63978e-310 | 2
49 | 6 | 4.63978e-310 | 9
25 | 5 | 4.63978e-310 | 5
13 | 4 | 18.9481 | 309
26 | 5 | 11.5926 | 36
52 | 6 | 8.70425 | 14
104 | 7 | 1.50326 | 11
208 | 8 | 1.50326 | 11
416 | 9 | 1.34566 | 6
417 | 9 | 0.185602 | 5
105 | 7 | 16.0987 | 3
53 | 6 | 11.205 | 22
106 | 7 | 4.25357 | 20
212 | 8 | 4.25357 | 20
424 | 9 | 14.3464 | 9
425 | 9 | 1.35282 | 11
850 | 10 | 11.0311 | 5
851 | 10 | 8.69556e-322 | 6
107 | 7 | 4.63978e-310 | 2
27 | 5 | 18.7274 | 273
54 | 6 | 17.5028 | 239
108 | 7 | 14.7616 | 97
216 | 8 | 1.63042e-322 | 3
217 | 8 | 14.7131 | 94
434 | 9 | 6.51409 | 27
868 | 10 | 1.63042e-322 | 5
869 | 10 | 5.04583 | 22
1738 | 11 | 3.21143e-322 | 5
1739 | 11 | 4.37569 | 17
3478 | 12 | 11.7988 | 3
3479 | 12 | 1.9627 | 14
6958 | 13 | 1.58101e-322 | 8
6959 | 13 | 5.85143 | 6
435 | 9 | 14.644 | 67
870 | 10 | 14.644 | 60
1740 | 11 | 4.73943 | 32
3480 | 12 | 3.25391 | 24
6960 | 13 | 2.17385 | 10
6961 | 13 | 1.88687 | 14
13922 | 14 | 1.15793 | 9
13923 | 14 | 1.60804 | 5
3481 | 12 | 4.63978e-310 | 8
1741 | 11 | 13.4741 | 28
3482 | 12 | 10.3842 | 18
6965 | 13 | 10.3842 | 18
13931 | 14 | 10.3842 | 18
27862 | 15 | 10.3842 | 18
55724 | 16 | 10.3842 | 18
111449 | 17 | 10.3842 | 18
222898 | 18 | 10.3842 | 18
445796 | 19 | 10.3842 | 18
891592 | 20 | 1.62751 | 17
1783184 | 21 | 1.5986 | 14
3566368 | 22 | 0.257953 | 6
3566369 | 22 | 0.526636 | 8
1783185 | 21 | 0.353466 | 3
891593 | 20 | 4.63978e-310 | 1
3483 | 12 | 4.63978e-310 | 10
871 | 10 | 4.63978e-310 | 7
109 | 7 | 15.6331 | 142
218 | 8 | 9.29789 | 67
436 | 9 | 8.20622 | 48
872 | 10 | 3.83704 | 36
1744 | 11 | 0.103032 | 10
1745 | 11 | 3.27485 | 26
3490 | 12 | 2.06909 | 15
6980 | 13 | 2.06909 | 15
13960 | 14 | 3.92059 | 9
13961 | 14 | 1.16636 | 6
3491 | 12 | 1.78777 | 11
6982 | 13 | 3.82818 | 5
6983 | 13 | 0.897591 | 6
873 | 10 | 7.83996 | 12
1746 | 11 | 4.63978e-310 | 5
1747 | 11 | 2.17917 | 7
437 | 9 | 8.03981 | 19
874 | 10 | 4.20856 | 17
1748 | 11 | 2.79404 | 12
3496 | 12 | 1.17887 | 8
3497 | 12 | 1.07814 | 4
1749 | 11 | 4.63978e-310 | 5
875 | 10 | 4.63978e-310 | 2
219 | 8 | 11.1787 | 75
438 | 9 | 4.63978e-310 | 2
439 | 9 | 11.1787 | 73
879 | 10 | 11.1787 | 73
1758 | 11 | 9.21018 | 22
3516 | 12 | 6.64877 | 15
7032 | 13 | 1.56983 | 13
14064 | 14 | 62.0378 | 4
14065 | 14 | 3.54891 | 9
7033 | 13 | 17.679 | 2
3517 | 12 | 4.63978e-310 | 7
1759 | 11 | 9.52454 | 51
3518 | 12 | 9.52454 | 49
7036 | 13 | 1.11165e-321 | 7
7037 | 13 | 9.52454 | 42
14074 | 14 | 7.08157 | 33
28148 | 15 | 7.02146 | 31
56296 | 16 | 3.78918 | 2
56297 | 16 | 7.02146 | 29
112594 | 17 | 6.64662 | 23
225188 | 18 | 6.41407 | 13
450376 | 19 | 1.80969 | 11
900752 | 20 | 4.00193e-322 | 5
900753 | 20 | 2.56163 | 6
450377 | 19 | 4.63978e-310 | 2
225189 | 18 | 4.63978e-310 | 10
112595 | 17 | 4.63978e-310 | 6
28149 | 15 | 4.63978e-310 | 2
14075 | 14 | 4.63978e-310 | 9
3519 | 12 | 4.63978e-310 | 2
55 | 6 | 17.8256 | 34
110 | 7 | 14.4985 | 16
220 | 8 | 1.55066 | 11
440 | 9 | 4.63978e-310 | 4
441 | 9 | 4.63978e-310 | 7
221 | 8 | 4.63978e-310 | 5
111 | 7 | 16.773 | 18
222 | 8 | 7.01667 | 14
445 | 9 | 7.01667 | 14
891 | 10 | 7.01667 | 14
1782 | 11 | 190.233 | 4
1783 | 11 | 0.0594936 | 10
223 | 8 | 4.63978e-310 | 4
7 | 3 | 20.9359 | 158
14 | 4 | 8.90717 | 21
28 | 5 | 8.90717 | 15
56 | 6 | 1.13891 | 4
57 | 6 | 7.07101 | 11
114 | 7 | 0 | 6
115 | 7 | 0.485816 | 5
29 | 5 | 4.63978e-310 | 6
15 | 4 | 20.2091 | 137
30 | 5 | 4.42588 | 34
60 | 6 | 3.06394 | 24
120 | 7 | 1.31805 | 13
240 | 8 | 0 | 9
241 | 8 | 10.1332 | 4
121 | 7 | 1.96141 | 11
242 | 8 | 12.0504 | 2
243 | 8 | 3.29259 | 9
61 | 6 | 4.63978e-310 | 10
31 | 5 | 17.7607 | 103
62 | 6 | 12.4808 | 78
124 | 7 | 0.146338 | 2
125 | 7 | 10.9969 | 76
250 | 8 | 8.17278 | 40
501 | 9 | 8.17278 | 40
1002 | 10 | 3.73874 | 38
2004 | 11 | 2.27849 | 25
4008 | 12 | 11.1221 | 6
4009 | 12 | 2.27849 | 19
8018 | 13 | 0.0853687 | 4
8019 | 13 | 2.03904 | 15
16038 | 14 | 0 | 7
16039 | 14 | 0.299547 | 8
2005 | 11 | 1.64655 | 13
4010 | 12 | 4.63978e-310 | 4
4011 | 12 | 4.63978e-310 | 9
1003 | 10 | 4.63978e-310 | 2
251 | 8 | 7.78041 | 36
502 | 9 | 7.67199 | 25
1005 | 10 | 7.67199 | 25
2010 | 11 | 3.10087 | 15
4020 | 12 | 7.78285 | 3
4021 | 12 | 3.10087 | 12
8042 | 13 | 14.4504 | 6
8043 | 13 | 15.7437 | 6
2011 | 11 | 4.63978e-310 | 10
503 | 9 | 5.4835 | 11
1006 | 10 | 4.63978e-310 | 2
1007 | 10 | 1.01111 | 9
63 | 6 | 17.3197 | 25
126 | 7 | 17.3197 | 25
252 | 8 | 9.53269 | 18
504 | 9 | 9.53269 | 18
1008 | 10 | 9.53269 | 18
2016 | 11 | 25.844 | 6
2017 | 11 | 5.5773 | 12
4035 | 12 | 5.5773 | 12
8070 | 13 | 46.0868 | 3
8071 | 13 | 4.63978e-310 | 9
253 | 8 | 4.63978e-310 | 7
