ID | Depth | diameter | Number of points
0 | 0 | 29.316 | 1600
1 | 1 | 29.316 | 1600
2 | 2 | 29.316 | 1600
4 | 3 | 29.316 | 1600
8 | 4 | 29.316 | 1600
17 | 5 | 29.316 | 1600
34 | 6 | 29.316 | 1600
68 | 7 | 29.316 | 1600
136 | 8 | 29.316 | 1600
272 | 9 | 29.316 | 788
544 | 10 | 14.8421 | 68
1089 | 11 | 14.8421 | 68
2178 | 12 | 14.8421 | 68
4356 | 13 | 14.8421 | 68
8712 | 14 | 14.8421 | 68
17424 | 15 | 7.77225 | 16
34849 | 16 | 7.77225 | 16
69698 | 17 | 1.58101e-322 | 8
69699 | 17 | 1.63042e-322 | 8
17425 | 15 | 11.0726 | 52
34850 | 16 | 11.0726 | 52
69700 | 17 | 9.81873 | 31
139400 | 18 | 9.81873 | 31
278800 | 19 | 9.81873 | 31
557600 | 20 | 9.81873 | 31
1115200 | 21 | 9.81873 | 31
2230400 | 22 | 9.81873 | 31
4460801 | 23 | 9.81873 | 31
8921603 | 24 | 9.81873 | 31
17843206 | 25 | 9.81873 | 31
35686412 | 26 | 9.81873 | 31
71372824 | 27 | 9.81873 | 31
142745648 | 28 | 9.81873 | 31
285491296 | 29 | 9.81873 | 31
570982593 | 30 | 9.81873 | 31
1141965186 | 31 | 1.63042e-322 | 1
1141965187 | 31 | 8.75062 | 30
2283930374 | 32 | 1.63042e-322 | 7
2283930375 | 32 | 8.07328 | 23
4567860750 | 33 | 8.07328 | 23
9135721501 | 34 | 8.07328 | 23
18271443003 | 35 | 8.07328 | 23
36542886006 | 36 | 8.07328 | 23
73085772013 | 37 | 8.07328 | 23
146171544026 | 38 | 8.07328 | 23
292343088053 | 39 | 8.07328 | 23
584686176106 | 40 | 8.07328 | 23
1169372352212 | 41 | 8.07328 | 23
2338744704425 | 42 | 8.07328 | 23
4677489408850 | 43 | 8.07328 | 23
9354978817701 | 44 | 8.07328 | 23
18709957635403 | 45 | 8.07328 | 23
37419915270807 | 46 | 8.07328 | 23
74839830541614 | 47 | 8.07328 | 23
149679661083228 | 48 | 8.07328 | 23
299359322166456 | 49 | 8.07328 | 23
598718644332912 | 50 | 8.07328 | 23
1197437288665824 | 51 | 8.07328 | 23
2394874577331648 | 52 | 7.51882 | 20
4789749154663296 | 53 | 7.51882 | 20
9579498309326592 | 54 | 7.51882 | 20
19158996618653184 | 55 | 7.51882 | 20
38317993237306368 | 56 | 3.21143e-322 | 4
38317993237306369 | 56 | 7.51882 | 16
76635986474612738 | 57 | 3.21143e-322 | 4
76635986474612739 | 57 | 5.71046 | 12
153271972949225479 | 58 | 5.71046 | 12
306543945898450959 | 59 | 5.71046 | 12
613087891796901919 | 60 | 5.71046 | 12
1226175783593803838 | 61 | 1.58101e-322 | 9
1226175783593803839 | 61 | 1.63042e-322 | 3
2394874577331649 | 52 | 4.68058e-310 | 3
69701 | 17 | 9.42693 | 21
139402 | 18 | 7.30857 | 13
278804 | 19 | 4.68058e-310 | 1
278805 | 19 | 5.33112 | 12
557611 | 20 | 5.33112 | 12
1115223 | 21 | 5.33112 | 12
2230446 | 22 | 5.33112 | 12
4460893 | 23 | 5.33112 | 12
8921787 | 24 | 5.33112 | 12
17843574 | 25 | 5.33112 | 12
35687149 | 26 | 5.33112 | 12
71374298 | 27 | 5.33112 | 12
142748596 | 28 | 5.33112 | 12
285497193 | 29 | 5.33112 | 12
570994386 | 30 | 0 | 2
570994387 | 30 | 0.102476 | 10
139403 | 18 | 4.68058e-310 | 8
545 | 10 | 22.9776 | 720
1090 | 11 | 22.9776 | 720
2181 | 12 | 22.9776 | 720
4362 | 13 | 13.2868 | 120
8724 | 14 | 13.2868 | 120
17448 | 15 | 13.2868 | 120
34897 | 16 | 13.2868 | 120
69794 | 17 | 13.2868 | 120
139588 | 18 | 12.5454 | 96
279176 | 19 | 12.5454 | 96
558352 | 20 | 12.5454 | 96
1116705 | 21 | 12.5454 | 96
2233411 | 22 | 12.5454 | 96
4466823 | 23 | 12.5454 | 96
8933646 | 24 | 12.5454 | 96
17867292 | 25 | 12.5454 | 96
35734585 | 26 | 12.5454 | 96
71469170 | 27 | 12.5454 | 96
142938341 | 28 | 12.5454 | 96
285876682 | 29 | 12.5454 | 96
571753365 | 30 | 12.5454 | 96
1143506730 | 31 | 12.5454 | 96
2287013460 | 32 | 12.5454 | 96
4574026921 | 33 | 12.5454 | 96
9148053842 | 34 | 12.5454 | 96
18296107685 | 35 | 12.5454 | 96
36592215370 | 36 | 12.5454 | 96
73184430740 | 37 | 12.5454 | 96
146368861481 | 38 | 12.5454 | 96
292737722963 | 39 | 12.5454 | 96
585475445926 | 40 | 12.5454 | 96
1170950891852 | 41 | 3.58811 | 5
1170950891853 | 41 | 11.7359 | 91
2341901783707 | 42 | 11.7359 | 91
4683803567415 | 43 | 11.7359 | 91
9367607134830 | 44 | 11.7359 | 91
18735214269660 | 45 | 11.7359 | 91
37470428539321 | 46 | 11.7359 | 91
74940857078643 | 47 | 11.7359 | 91
149881714157286 | 48 | 11.7359 | 91
299763428314572 | 49 | 11.7359 | 91
599526856629144 | 50 | 11.7359 | 91
1199053713258289 | 51 | 11.7359 | 91
2398107426516579 | 52 | 11.7359 | 91
4796214853033159 | 53 | 11.7359 | 91
9592429706066319 | 54 | 11.7359 | 91
19184859412132638 | 55 | 11.7359 | 91
38369718824265276 | 56 | 11.7359 | 91
76739437648530552 | 57 | 11.7359 | 91
153478875297061104 | 58 | 11.7359 | 91
306957750594122209 | 59 | 11.7359 | 91
613915501188244418 | 60 | 11.7359 | 91
1227831002376488836 | 61 | 11.7359 | 91
2455662004752977672 | 62 | 11.7359 | 91
4911324009505955345 | 63 | 11.7359 | 91
-8624096054697640925 | 64 | 11.7359 | 91
1198551964314269767 | 65 | 11.7359 | 91
2397103928628539534 | 66 | 11.7359 | 91
4794207857257079068 | 67 | 11.7359 | 91
-8858328359195393479 | 68 | 11.7359 | 91
730087355318764658 | 69 | 11.7359 | 91
1460174710637529317 | 70 | 11.7359 | 91
2920349421275058635 | 71 | 11.7359 | 91
5840698842550117271 | 72 | 11.7359 | 91
-6765346388609317073 | 73 | 11.7359 | 91
4916051296490917471 | 74 | 11.7359 | 91
-8614641480727716674 | 75 | 11.7359 | 91
1217461112254118269 | 76 | 11.7359 | 91
2434922224508236538 | 77 | 11.7359 | 91
4869844449016473077 | 78 | 11.7359 | 91
-8707055175676605462 | 79 | 11.7359 | 91
1032633722356340692 | 80 | 10.5527 | 42
2065267444712681384 | 81 | 10.5527 | 42
4130534889425362768 | 82 | 1.63042e-322 | 1
4130534889425362769 | 82 | 10.0812 | 41
8261069778850725538 | 83 | 10.0812 | 41
-1924604516008100540 | 84 | 10.0812 | 41
-3849209032016201080 | 85 | 10.0812 | 41
-7698418064032402160 | 86 | 10.0812 | 41
3049907945644747296 | 87 | 10.0812 | 41
6099815891289494592 | 88 | 5.36038 | 16
-6247112291130562431 | 89 | 5.36038 | 16
5952519491448426754 | 90 | 5.36038 | 16
-6541705090812698107 | 91 | 5.36038 | 16
5363333892084155403 | 92 | 5.36038 | 16
-7720076289541240810 | 93 | 2.41216 | 11
3006591494627069996 | 94 | 1.04617 | 5
3006591494627069997 | 94 | 17.7896 | 6
-7720076289541240809 | 93 | 4.68058e-310 | 5
6099815891289494593 | 88 | 5.14476 | 25
-6247112291130562429 | 89 | 5.14476 | 25
5952519491448426758 | 90 | 5.14476 | 25
-6541705090812698099 | 91 | 5.14476 | 25
5363333892084155419 | 92 | 5.14476 | 25
-7720076289541240778 | 93 | 5.14476 | 25
3006591494627070060 | 94 | 5.14476 | 25
6013182989254140121 | 95 | 5.14476 | 25
-6420378095201271374 | 96 | 5.14476 | 25
5605987883307008868 | 97 | 5.14476 | 25
-7234768307095533880 | 98 | 4.93649 | 13
3977207459518483857 | 99 | 4.93649 | 13
7954414919036967714 | 100 | 4.93649 | 13
-2537914235635616188 | 101 | 4.93649 | 13
-5075828471271232376 | 102 | 4.93649 | 13
8295087131167086864 | 103 | 4.93649 | 13
-1856569811375377888 | 104 | 4.93649 | 13
-3713139622750755775 | 105 | 4.93649 | 13
-7426279245501511550 | 106 | 3.54514 | 11
3594185582706528517 | 107 | 3.54514 | 11
7188371165413057035 | 108 | 3.54514 | 11
-4070001742883437546 | 109 | 4.68058e-310 | 4
-4070001742883437545 | 109 | 0.835574 | 7
-7426279245501511549 | 106 | 4.68058e-310 | 2
-7234768307095533879 | 98 | 4.31555 | 12
3977207459518483858 | 99 | 4.31555 | 12
7954414919036967716 | 100 | 4.31555 | 12
-2537914235635616183 | 101 | 4.31555 | 12
-5075828471271232365 | 102 | 4.31555 | 12
8295087131167086887 | 103 | 4.31555 | 12
-1856569811375377842 | 104 | 4.31555 | 12
-3713139622750755683 | 105 | 4.31555 | 12
-7426279245501511366 | 106 | 4.68058e-310 | 6
-7426279245501511365 | 106 | 4.68058e-310 | 6
1032633722356340693 | 80 | 10.4769 | 49
2065267444712681387 | 81 | 10.4769 | 49
4130534889425362774 | 82 | 10.4769 | 49
8261069778850725548 | 83 | 10.4769 | 49
-1924604516008100519 | 84 | 10.4769 | 49
-3849209032016201038 | 85 | 10.4769 | 49
-7698418064032402076 | 86 | 10.4769 | 49
3049907945644747465 | 87 | 10.4769 | 49
6099815891289494930 | 88 | 10.4769 | 49
-6247112291130561755 | 89 | 10.4769 | 49
5952519491448428107 | 90 | 10.4769 | 49
-6541705090812695402 | 91 | 8.19603 | 33
5363333892084160812 | 92 | 8.19603 | 32
-7720076289541229992 | 93 | 6.11064 | 25
3006591494627091632 | 94 | 57.2143 | 1
3006591494627091633 | 94 | 6.11064 | 24
6013182989254183267 | 95 | 6.11064 | 24
-6420378095201185082 | 96 | 4.00193e-322 | 10
-6420378095201185081 | 96 | 4.56474 | 14
5605987883307181455 | 97 | 4.56474 | 14
-7234768307095188705 | 98 | 4.56474 | 14
3977207459519174206 | 99 | 4.56474 | 14
7954414919038348412 | 100 | 4.56474 | 14
-2537914235632854791 | 101 | 4.56474 | 14
-5075828471265709581 | 102 | 4.56474 | 14
8295087131178132455 | 103 | 4.56474 | 14
-1856569811353286705 | 104 | 4.56474 | 14
-3713139622706573410 | 105 | 4.56474 | 14
-7426279245413146820 | 106 | 4.68058e-310 | 1
-7426279245413146819 | 106 | 4.56474 | 13
3594185582883257978 | 107 | 3.80669 | 2
3594185582883257979 | 107 | 2.81296 | 11
7188371165766515959 | 108 | 2.81296 | 11
-4070001742176519697 | 109 | 2.81296 | 11
-8140003484353039394 | 110 | 2.81296 | 11
2166737105003472829 | 111 | 2.81296 | 11
4333474210006945658 | 112 | 2.81296 | 11
8666948420013891316 | 113 | 6.9319e-310 | 4
8666948420013891317 | 113 | 4.79244e-322 | 7
-7720076289541229991 | 93 | 4.68058e-310 | 7
5363333892084160813 | 92 | 4.68058e-310 | 1
-6541705090812695401 | 91 | 4.94648 | 16
5363333892084160815 | 92 | 4.94648 | 16
-7720076289541229985 | 93 | 4.94648 | 16
3006591494627091647 | 94 | 4.94648 | 16
6013182989254183295 | 95 | 4.94648 | 16
-6420378095201185025 | 96 | 4.94648 | 16
5605987883307181567 | 97 | 4.94648 | 16
-7234768307095188481 | 98 | 4.94648 | 16
3977207459519174655 | 99 | 4.94648 | 16
7954414919038349310 | 100 | 4.94648 | 16
-2537914235632852996 | 101 | 4.94648 | 16
-5075828471265705991 | 102 | 4.94648 | 16
8295087131178139634 | 103 | 4.94648 | 16
-1856569811353272348 | 104 | 4.94648 | 16
-3713139622706544696 | 105 | 4.8711 | 12
-7426279245413089391 | 106 | 4.8711 | 12
3594185582883372835 | 107 | 4.8711 | 12
7188371165766745671 | 108 | 4.8711 | 12
-4070001742176060273 | 109 | 4.8711 | 12
-8140003484352120546 | 110 | 6.9319e-310 | 1
-8140003484352120545 | 110 | 4.27201 | 11
2166737105005310526 | 111 | 4.27201 | 11
4333474210010621053 | 112 | 4.27201 | 11
8666948420021242106 | 113 | 15.247 | 1
8666948420021242107 | 113 | 7.16395e-322 | 10
-3713139622706544695 | 105 | 4.68058e-310 | 4
139589 | 18 | 9.68095 | 24
279178 | 19 | 4.68058e-310 | 1
279179 | 19 | 9.68095 | 23
558358 | 20 | 9.68095 | 23
1116716 | 21 | 9.68095 | 23
2233433 | 22 | 9.68095 | 23
4466867 | 23 | 9.68095 | 23
8933735 | 24 | 9.68095 | 23
17867470 | 25 | 9.68095 | 23
35734940 | 26 | 9.68095 | 23
71469880 | 27 | 9.68095 | 23
142939761 | 28 | 9.68095 | 23
285879523 | 29 | 9.68095 | 23
571759047 | 30 | 9.68095 | 23
1143518095 | 31 | 9.68095 | 23
2287036191 | 32 | 9.68095 | 23
4574072383 | 33 | 9.68095 | 23
9148144767 | 34 | 9.68095 | 23
18296289534 | 35 | 9.68095 | 23
36592579068 | 36 | 9.68095 | 23
73185158136 | 37 | 9.68095 | 23
146370316272 | 38 | 9.68095 | 23
292740632544 | 39 | 9.68095 | 23
585481265088 | 40 | 9.68095 | 23
1170962530177 | 41 | 9.68095 | 23
2341925060354 | 42 | 9.68095 | 23
4683850120708 | 43 | 9.68095 | 23
9367700241416 | 44 | 9.68095 | 23
18735400482832 | 45 | 9.68095 | 23
37470800965665 | 46 | 9.68095 | 23
74941601931331 | 47 | 9.68095 | 23
149883203862663 | 48 | 9.68095 | 23
299766407725327 | 49 | 9.68095 | 23
599532815450654 | 50 | 9.68095 | 23
1199065630901308 | 51 | 9.68095 | 23
2398131261802616 | 52 | 9.68095 | 23
4796262523605233 | 53 | 9.68095 | 23
9592525047210467 | 54 | 9.68095 | 23
19185050094420935 | 55 | 9.68095 | 23
38370100188841870 | 56 | 9.68095 | 23
76740200377683741 | 57 | 9.68095 | 23
153480400755367482 | 58 | 9.68095 | 23
306960801510734965 | 59 | 9.68095 | 23
613921603021469931 | 60 | 9.68095 | 23
1227843206042939862 | 61 | 9.68095 | 23
2455686412085879725 | 62 | 9.68095 | 23
4911372824171759451 | 63 | 9.68095 | 23
-8623998425366032713 | 64 | 9.68095 | 23
1198747222977486191 | 65 | 9.68095 | 23
2397494445954972383 | 66 | 9.68095 | 23
4794988891909944766 | 67 | 9.68095 | 23
-8856766289889662084 | 68 | 9.68095 | 23
733211493930227449 | 69 | 9.68095 | 23
1466422987860454899 | 70 | 9.68095 | 23
2932845975720909798 | 71 | 7.90488 | 21
5865691951441819597 | 72 | 7.90488 | 21
-6715360170825912421 | 73 | 7.90488 | 21
5016023732057726775 | 74 | 7.90488 | 21
-8414696609594098065 | 75 | 7.90488 | 21
1617350854521355486 | 76 | 7.90488 | 21
3234701709042710972 | 77 | 39.896 | 1
3234701709042710973 | 77 | 7.70301 | 20
6469403418085421946 | 78 | 7.70301 | 20
-5507937237538707724 | 79 | 7.70301 | 20
7430869598632136168 | 80 | 7.70301 | 20
-3585004876445279279 | 81 | 7.70301 | 20
-7170009752890558558 | 82 | 7.70301 | 20
4106724567928434500 | 83 | 6.36518 | 16
8213449135856869001 | 84 | 6.36518 | 16
-2019845801995813614 | 85 | 6.36518 | 16
-4039691603991627228 | 86 | 6.36518 | 16
-8079383207983254455 | 87 | 6.36518 | 16
2287977657743042706 | 88 | 6.36518 | 16
4575955315486085412 | 89 | 6.36518 | 16
9151910630972170825 | 90 | 6.36518 | 16
-142922811765209965 | 91 | 6.36518 | 16
-285845623530419930 | 92 | 4.84247 | 13
-571691247060839860 | 93 | 4.84247 | 13
-1143382494121679720 | 94 | 4.84247 | 13
-2286764988243359440 | 95 | 4.84247 | 12
-4573529976486718880 | 96 | 4.84247 | 12
-9147059952973437760 | 97 | 4.84247 | 12
152624167762676097 | 98 | 4.84247 | 12
305248335525352194 | 99 | 4.84247 | 12
610496671050704388 | 100 | 4.84247 | 12
1220993342101408776 | 101 | 4.84247 | 12
2441986684202817553 | 102 | 4.84247 | 12
4883973368405635106 | 103 | 3.21143e-322 | 5
4883973368405635107 | 103 | 20.0168 | 7
-2286764988243359439 | 95 | 4.68058e-310 | 1
-285845623530419929 | 92 | 4.68058e-310 | 3
4106724567928434501 | 83 | 4.68058e-310 | 4
2932845975720909799 | 71 | 4.68058e-310 | 2
4363 | 13 | 17.6364 | 600
8726 | 14 | 17.6364 | 600
17452 | 15 | 17.6364 | 600
34904 | 16 | 17.6364 | 600
69808 | 17 | 16.4765 | 230
139617 | 18 | 16.4765 | 230
279235 | 19 | 16.4765 | 230
558471 | 20 | 16.4765 | 230
1116942 | 21 | 16.4765 | 230
2233884 | 22 | 14.5703 | 144
4467769 | 23 | 14.5703 | 144
8935538 | 24 | 12.485 | 110
17871076 | 25 | 12.485 | 110
35742153 | 26 | 12.485 | 110
71484306 | 27 | 6.33514 | 49
142968612 | 28 | 1.63042e-322 | 2
142968613 | 28 | 5.87884 | 47
285937227 | 29 | 5.87884 | 47
571874455 | 30 | 5.87884 | 47
1143748910 | 31 | 5.87884 | 47
2287497821 | 32 | 5.87884 | 47
4574995642 | 33 | 5.87884 | 47
9149991284 | 34 | 4.79244e-322 | 6
9149991285 | 34 | 5.15323 | 41
18299982570 | 35 | 5.15323 | 41
36599965140 | 36 | 3.49323 | 14
73199930281 | 37 | 3.49323 | 14
146399860562 | 38 | 3.49323 | 14
292799721124 | 39 | 3.49323 | 14
585599442248 | 40 | 3.49323 | 14
1171198884496 | 41 | 3.49323 | 14
2342397768993 | 42 | 3.49323 | 14
4684795537986 | 43 | 7.36816 | 1
4684795537987 | 43 | 3.08445 | 13
9369591075975 | 44 | 3.08445 | 13
18739182151951 | 45 | 3.08445 | 13
37478364303903 | 46 | 3.08445 | 13
74956728607806 | 47 | 3.08445 | 13
149913457215612 | 48 | 6.37345e-322 | 6
149913457215613 | 48 | 7.95446e-322 | 7
36599965141 | 36 | 3.45413 | 27
73199930282 | 37 | 4.68058e-310 | 7
73199930283 | 37 | 2.93935 | 20
146399860567 | 38 | 2.93935 | 20
292799721134 | 39 | 2.93935 | 20
585599442268 | 40 | 4.68058e-310 | 5
585599442269 | 40 | 2.61548 | 15
1171198884538 | 41 | 2.61548 | 15
2342397769077 | 42 | 2.61548 | 15
4684795538155 | 43 | 2.61548 | 15
9369591076310 | 44 | 2.61548 | 15
18739182152621 | 45 | 2.61548 | 15
37478364305242 | 46 | 2.61548 | 15
74956728610484 | 47 | 2.61548 | 15
149913457220968 | 48 | 1.59994 | 2
149913457220969 | 48 | 2.61548 | 13
299826914441938 | 49 | 2.61548 | 13
599653828883876 | 50 | 2.61548 | 13
1199307657767752 | 51 | 2.61548 | 13
2398615315535504 | 52 | 2.61548 | 13
4797230631071009 | 53 | 2.61548 | 13
9594461262142018 | 54 | 2.61548 | 13
19188922524284037 | 55 | 2.61548 | 13
38377845048568074 | 56 | 1.09717 | 2
38377845048568075 | 56 | 1.90506 | 11
76755690097136151 | 57 | 1.90506 | 11
153511380194272302 | 58 | 1.90506 | 11
307022760388544604 | 59 | 6.9319e-310 | 1
307022760388544605 | 59 | 9.53547e-322 | 10
71484307 | 27 | 9.56821 | 61
142968615 | 28 | 9.56821 | 61
285937231 | 29 | 9.56821 | 61
571874462 | 30 | 9.56821 | 61
1143748925 | 31 | 9.56821 | 61
2287497851 | 32 | 9.56821 | 61
4574995702 | 33 | 9.56821 | 61
9149991405 | 34 | 9.56821 | 61
18299982810 | 35 | 9.56821 | 61
36599965620 | 36 | 3.20815 | 17
73199931241 | 37 | 3.20815 | 17
146399862482 | 38 | 3.20815 | 17
292799724964 | 39 | 3.20815 | 17
585599449929 | 40 | 3.20815 | 17
1171198899858 | 41 | 3.20815 | 17
2342397799716 | 42 | 3.20815 | 17
4684795599432 | 43 | 3.20815 | 17
9369591198865 | 44 | 3.20815 | 17
18739182397730 | 45 | 6.9319e-310 | 8
18739182397731 | 45 | 6.42538 | 9
36599965621 | 36 | 9.07319 | 44
73199931242 | 37 | 6.03744 | 36
146399862484 | 38 | 6.03744 | 36
292799724969 | 39 | 6.03744 | 36
585599449939 | 40 | 6.03744 | 36
1171198899878 | 41 | 6.37345e-322 | 1
1171198899879 | 41 | 6.03744 | 35
2342397799758 | 42 | 6.03744 | 35
4684795599516 | 43 | 6.03744 | 35
9369591199032 | 44 | 6.03744 | 35
18739182398064 | 45 | 6.03744 | 35
37478364796128 | 46 | 6.03744 | 35
74956729592257 | 47 | 6.03744 | 35
149913459184514 | 48 | 6.03744 | 35
299826918369029 | 49 | 6.03744 | 35
599653836738058 | 50 | 1.02697 | 9
599653836738059 | 50 | 5.75461 | 26
1199307673476119 | 51 | 5.75461 | 26
2398615346952238 | 52 | 5.75461 | 26
4797230693904476 | 53 | 5.75461 | 26
9594461387808952 | 54 | 6.59635 | 1
9594461387808953 | 54 | 5.40708 | 25
19188922775617906 | 55 | 5.40708 | 25
38377845551235812 | 56 | 5.40708 | 25
76755691102471625 | 57 | 5.40708 | 25
153511382204943251 | 58 | 5.40708 | 25
307022764409886503 | 59 | 5.40708 | 25
614045528819773006 | 60 | 5.40708 | 25
1228091057639546013 | 61 | 5.40708 | 25
2456182115279092027 | 62 | 5.40708 | 25
4912364230558184054 | 63 | 5.40708 | 25
-8622015612593183507 | 64 | 5.40708 | 25
1202712848523184602 | 65 | 5.40708 | 25
2405425697046369204 | 66 | 5.40708 | 25
4810851394092738408 | 67 | 5.40708 | 25
-8825041285524074800 | 68 | 5.40708 | 24
796661502661402016 | 69 | 9.26633 | 1
796661502661402017 | 69 | 4.6012 | 23
1593323005322804034 | 70 | 4.6012 | 23
3186646010645608068 | 71 | 4.6012 | 23
6373292021291216136 | 72 | 4.6012 | 23
-5700160031127119344 | 73 | 4.6012 | 23
7046424011455312928 | 74 | 4.51615 | 14
-4353896050798925760 | 75 | 4.51615 | 14
-8707792101597851520 | 76 | 4.51615 | 14
1031159870513848577 | 77 | 4.51615 | 14
2062319741027697155 | 78 | 4.51615 | 14
4124639482055394311 | 79 | 4.51615 | 14
8249278964110788622 | 80 | 4.51615 | 14
-1948186145487974372 | 81 | 6.9319e-310 | 7
-1948186145487974371 | 81 | 0.626537 | 7
7046424011455312929 | 74 | 4.68058e-310 | 9
-8825041285524074799 | 68 | 4.68058e-310 | 1
73199931243 | 37 | 4.68058e-310 | 8
8935539 | 24 | 2.55989 | 34
17871079 | 25 | 2.55989 | 34
35742158 | 26 | 2.55989 | 34
71484317 | 27 | 2.55989 | 34
142968634 | 28 | 2.55989 | 34
285937268 | 29 | 2.04627 | 24
571874537 | 30 | 2.04627 | 24
1143749074 | 31 | 2.04627 | 24
2287498148 | 32 | 2.04627 | 24
4574996296 | 33 | 1.47598 | 12
9149992592 | 34 | 1.47598 | 12
18299985184 | 35 | 1.47598 | 12
36599970368 | 36 | 1.47598 | 12
73199940737 | 37 | 1.47598 | 12
146399881475 | 38 | 1.47598 | 12
292799762950 | 39 | 1.47598 | 12
585599525900 | 40 | 1.47598 | 12
1171199051800 | 41 | 1.05281 | 9
1171199051801 | 41 | 0.673344 | 3
4574996297 | 33 | 1.48743 | 12
9149992595 | 34 | 1.48743 | 12
18299985191 | 35 | 1.48743 | 12
36599970383 | 36 | 1.48743 | 12
73199940767 | 37 | 1.48743 | 12
146399881534 | 38 | 1.48743 | 12
292799763069 | 39 | 1.48743 | 12
585599526138 | 40 | 1.48743 | 12
1171199052276 | 41 | 1.48743 | 12
2342398104552 | 42 | 1.48743 | 12
4684796209105 | 43 | 1.48743 | 12
9369592418210 | 44 | 1.48743 | 12
18739184836420 | 45 | 1.48743 | 12
37478369672840 | 46 | 1.48743 | 12
74956739345681 | 47 | 1.48743 | 12
149913478691363 | 48 | 1.48743 | 12
299826957382726 | 49 | 6.9319e-310 | 7
299826957382727 | 49 | 1.63042e-322 | 5
285937269 | 29 | 4.68058e-310 | 10
2233885 | 22 | 8.96139 | 86
4467770 | 23 | 4.68058e-310 | 2
4467771 | 23 | 8.96139 | 84
8935543 | 24 | 8.96139 | 84
17871087 | 25 | 8.96139 | 84
35742174 | 26 | 8.96139 | 84
71484348 | 27 | 8.96139 | 84
142968696 | 28 | 8.96139 | 84
285937393 | 29 | 8.96139 | 84
571874786 | 30 | 7.73258 | 73
1143749572 | 31 | 7.73258 | 73
2287499144 | 32 | 7.73258 | 73
4574998288 | 33 | 7.73258 | 73
9149996576 | 34 | 7.73258 | 73
18299993152 | 35 | 7.73258 | 73
36599986304 | 36 | 7.73258 | 73
73199972609 | 37 | 7.73258 | 73
146399945218 | 38 | 7.73258 | 73
292799890437 | 39 | 7.73258 | 73
585599780874 | 40 | 7.73258 | 73
1171199561749 | 41 | 7.73258 | 73
2342399123499 | 42 | 7.73258 | 73
4684798246998 | 43 | 7.73258 | 73
9369596493996 | 44 | 7.73258 | 73
18739192987992 | 45 | 7.73258 | 73
37478385975985 | 46 | 7.73258 | 73
74956771951970 | 47 | 7.73258 | 73
149913543903940 | 48 | 2.77444 | 26
299827087807881 | 49 | 2.77444 | 26
599654175615762 | 50 | 2.77444 | 26
1199308351231524 | 51 | 2.77444 | 26
2398616702463048 | 52 | 2.77444 | 26
4797233404926097 | 53 | 2.77444 | 26
9594466809852195 | 54 | 2.77444 | 26
19188933619704390 | 55 | 2.77444 | 26
38377867239408780 | 56 | 0 | 3
38377867239408781 | 56 | 2.77444 | 23
76755734478817562 | 57 | 2.77444 | 23
153511468957635124 | 58 | 2.77444 | 23
307022937915270249 | 59 | 2.77444 | 23
614045875830540498 | 60 | 2.77444 | 23
1228091751661080997 | 61 | 2.77444 | 23
2456183503322161995 | 62 | 2.77444 | 23
4912367006644323990 | 63 | 2.77444 | 23
-8622010060420903635 | 64 | 2.77444 | 23
1202723952867744347 | 65 | 2.77444 | 23
2405447905735488694 | 66 | 1.67285 | 14
4810895811470977389 | 67 | 1.67285 | 14
-8824952450767596838 | 68 | 6.4849 | 3
-8824952450767596837 | 68 | 1.44777 | 11
796839172174357942 | 69 | 0.849734 | 4
796839172174357943 | 69 | 3.35765 | 7
2405447905735488695 | 66 | 4.68058e-310 | 9
149913543903941 | 48 | 4.89067 | 47
299827087807883 | 49 | 4.89067 | 47
599654175615767 | 50 | 4.89067 | 47
1199308351231534 | 51 | 3.65329 | 40
2398616702463069 | 52 | 3.65329 | 40
4797233404926138 | 53 | 3.65329 | 40
9594466809852276 | 54 | 2.62365 | 11
19188933619704553 | 55 | 2.62365 | 11
38377867239409107 | 56 | 2.62365 | 11
76755734478818215 | 57 | 2.62365 | 11
153511468957636430 | 58 | 2.62365 | 11
307022937915272860 | 59 | 2.62365 | 11
614045875830545721 | 60 | 2.62365 | 11
1228091751661091443 | 61 | 2.62365 | 11
2456183503322182886 | 62 | 3.21143e-322 | 1
2456183503322182887 | 62 | 1.58101e-322 | 10
9594466809852277 | 54 | 2.73434 | 29
19188933619704554 | 55 | 2.73434 | 29
38377867239409109 | 56 | 2.73434 | 29
76755734478818219 | 57 | 2.73434 | 29
153511468957636439 | 58 | 2.73434 | 29
307022937915272879 | 59 | 2.73434 | 29
614045875830545758 | 60 | 2.73434 | 29
1228091751661091517 | 61 | 2.73434 | 29
2456183503322183034 | 62 | 2.73434 | 29
4912367006644366068 | 63 | 4.68058e-310 | 5
4912367006644366069 | 63 | 2.25114 | 24
-8622010060420819477 | 64 | 2.25114 | 24
1202723952867912662 | 65 | 2.25114 | 24
2405447905735825324 | 66 | 2.25114 | 24
4810895811471650649 | 67 | 2.25114 | 24
-8824952450766250317 | 68 | 2.25114 | 24
796839172177050982 | 69 | 2.25114 | 24
1593678344354101964 | 70 | 2.25114 | 24
3187356688708203928 | 71 | 2.25114 | 24
6374713377416407856 | 72 | 2.25114 | 24
-5697317318876735903 | 73 | 2.25114 | 24
7052109435956079811 | 74 | 2.25114 | 24
-4342525201797391993 | 75 | 2.25114 | 24
-8685050403594783985 | 76 | 2.25114 | 24
1076643266519983646 | 77 | 2.25114 | 24
2153286533039967292 | 78 | 22.4812 | 1
2153286533039967293 | 78 | 2.25114 | 23
4306573066079934587 | 79 | 2.25114 | 23
8613146132159869175 | 80 | 2.25114 | 23
-1220451809389813266 | 81 | 2.25114 | 23
-2440903618779626532 | 82 | 2.25114 | 23
-4881807237559253064 | 83 | 0 | 10
-4881807237559253063 | 83 | 1.99894 | 13
8683129598591045491 | 84 | 1.99894 | 13
-1080484876527460633 | 85 | 1.99894 | 13
-2160969753054921265 | 86 | 1.99894 | 13
-4321939506109842529 | 87 | 1.99894 | 13
-8643879012219685057 | 88 | 1.99894 | 13
1158986049270181503 | 89 | 1.99894 | 13
2317972098540363007 | 90 | 1.99894 | 13
4635944197080726015 | 91 | 1.99894 | 13
-9174855679548099586 | 92 | 6.33864 | 3
-9174855679548099585 | 92 | 0.880606 | 10
1199308351231535 | 51 | 4.68058e-310 | 7
571874787 | 30 | 2.18773 | 11
1143749575 | 31 | 2.18773 | 11
2287499150 | 32 | 2.18773 | 11
4574998300 | 33 | 2.18773 | 11
9149996601 | 34 | 2.18773 | 11
18299993202 | 35 | 4.68058e-310 | 6
18299993203 | 35 | 4.68058e-310 | 5
69809 | 17 | 17.0452 | 370
139618 | 18 | 7.91275 | 74
279237 | 19 | 7.91275 | 74
558475 | 20 | 7.91275 | 74
1116951 | 21 | 7.91275 | 74
2233903 | 22 | 7.91275 | 74
4467807 | 23 | 7.91275 | 74
8935615 | 24 | 7.91275 | 74
17871231 | 25 | 7.91275 | 74
35742462 | 26 | 6.98674 | 73
71484925 | 27 | 6.98674 | 73
142969851 | 28 | 6.98674 | 73
285939702 | 29 | 6.98674 | 73
571879404 | 30 | 6.98674 | 73
1143758809 | 31 | 6.98674 | 73
2287517618 | 32 | 6.98674 | 73
4575035236 | 33 | 6.98674 | 73
9150070472 | 34 | 6.98674 | 73
18300140944 | 35 | 6.98674 | 73
36600281888 | 36 | 6.98674 | 73
73200563776 | 37 | 6.98674 | 73
146401127553 | 38 | 6.98674 | 73
292802255107 | 39 | 6.98674 | 73
585604510215 | 40 | 6.98674 | 73
1171209020430 | 41 | 6.98674 | 71
2342418040860 | 42 | 6.98674 | 71
4684836081720 | 43 | 5.56904 | 35
9369672163440 | 44 | 5.56904 | 35
18739344326880 | 45 | 5.56904 | 35
37478688653760 | 46 | 1.58101e-322 | 3
37478688653761 | 46 | 5.56904 | 32
74957377307522 | 47 | 5.56904 | 32
149914754615045 | 48 | 5.56904 | 32
299829509230090 | 49 | 5.56904 | 32
599659018460181 | 50 | 5.56904 | 32
1199318036920363 | 51 | 5.56904 | 32
2398636073840727 | 52 | 5.56904 | 32
4797272147681455 | 53 | 5.56904 | 32
9594544295362910 | 54 | 5.56904 | 32
19189088590725820 | 55 | 5.2163 | 24
38378177181451640 | 56 | 4.33825 | 18
76756354362903281 | 57 | 4.33825 | 18
153512708725806562 | 58 | 4.33825 | 18
307025417451613124 | 59 | 4.33825 | 18
614050834903226249 | 60 | 4.33825 | 18
1228101669806452498 | 61 | 4.33825 | 18
2456203339612904996 | 62 | 4.33825 | 18
4912406679225809993 | 63 | 4.33825 | 18
-8621930715257931629 | 64 | 4.33825 | 18
1202882643193688358 | 65 | 4.33825 | 18
2405765286387376716 | 66 | 4.33825 | 18
4811530572774753433 | 67 | 4.33825 | 18
-8823682928160044750 | 68 | 4.33825 | 18
799378217389462117 | 69 | 4.33825 | 18
1598756434778924234 | 70 | 4.33825 | 18
3197512869557848468 | 71 | 4.33825 | 18
6395025739115696936 | 72 | 4.33825 | 18
-5656692595478157743 | 73 | 4.33825 | 18
7133358882753236131 | 74 | 4.33825 | 18
-4180026308203079354 | 75 | 4.33825 | 18
-8360052616406158708 | 76 | 4.33825 | 18
1726638840897234200 | 77 | 4.33825 | 18
3453277681794468400 | 78 | 1.62456 | 4
3453277681794468401 | 78 | 4.1105 | 14
6906555363588936803 | 79 | 4.1105 | 14
-4633633346531678010 | 80 | 1.54175 | 5
-4633633346531678009 | 80 | 0 | 9
38378177181451641 | 56 | 4.68058e-310 | 6
19189088590725821 | 55 | 4.68058e-310 | 8
4684836081721 | 43 | 5.44904 | 36
9369672163442 | 44 | 5.44904 | 36
18739344326884 | 45 | 2.80129 | 11
37478688653768 | 46 | 2.80129 | 11
74957377307536 | 47 | 2.80129 | 11
149914754615073 | 48 | 2.80129 | 11
299829509230147 | 49 | 2.80129 | 11
599659018460294 | 50 | 1.63042e-322 | 3
599659018460295 | 50 | 4.68058e-310 | 8
18739344326885 | 45 | 5.19877 | 25
37478688653770 | 46 | 4.68058e-310 | 7
37478688653771 | 46 | 4.76589 | 18
74957377307543 | 47 | 4.76589 | 18
149914754615087 | 48 | 4.76589 | 18
299829509230174 | 49 | 4.76589 | 18
599659018460348 | 50 | 4.76589 | 18
1199318036920697 | 51 | 4.76589 | 18
2398636073841394 | 52 | 4.76589 | 18
4797272147682788 | 53 | 4.76589 | 18
9594544295365576 | 54 | 4.76589 | 18
19189088590731152 | 55 | 4.76589 | 18
38378177181462305 | 56 | 4.76589 | 18
76756354362924611 | 57 | 4.76589 | 18
153512708725849222 | 58 | 4.76589 | 18
307025417451698444 | 59 | 4.76589 | 18
614050834903396889 | 60 | 4.76589 | 18
1228101669806793778 | 61 | 4.76589 | 18
2456203339613587556 | 62 | 4.76589 | 18
4912406679227175113 | 63 | 4.76589 | 18
-8621930715255201389 | 64 | 4.76589 | 18
1202882643199148838 | 65 | 4.76589 | 18
2405765286398297676 | 66 | 4.76589 | 18
4811530572796595352 | 67 | 4.76589 | 18
-8823682928116360912 | 68 | 4.76589 | 18
799378217476829793 | 69 | 4.76589 | 18
1598756434953659586 | 70 | 4.76589 | 16
3197512869907319172 | 71 | 1 | 5
3197512869907319173 | 71 | 2.58514 | 11
6395025739814638346 | 72 | 2.58514 | 11
-5656692594080274923 | 73 | 2.58514 | 11
7133358885549001770 | 74 | 2.58514 | 11
-4180026302611548075 | 75 | 2.58514 | 11
-8360052605223096150 | 76 | 2.58514 | 11
1726638863263359317 | 77 | 2.58514 | 11
3453277726526718635 | 78 | 2.58514 | 11
6906555453053437270 | 79 | 2.58514 | 11
-4633633167602677076 | 80 | 2.58514 | 11
9179477738504197464 | 81 | 2.58514 | 11
-87788596701156688 | 82 | 2.58514 | 11
-175577193402313376 | 83 | 0.421245 | 10
-175577193402313375 | 83 | 0.849096 | 1
1598756434953659587 | 70 | 4.68058e-310 | 2
1171209020431 | 41 | 4.68058e-310 | 2
35742463 | 26 | 4.68058e-310 | 1
139619 | 18 | 13.6555 | 296
279238 | 19 | 13.6555 | 296
558476 | 20 | 12.9978 | 287
1116952 | 21 | 5.65682 | 16
2233904 | 22 | 5.65682 | 16
4467808 | 23 | 5.65682 | 16
8935617 | 24 | 5.65682 | 16
17871235 | 25 | 5.65682 | 16
35742471 | 26 | 5.65682 | 16
71484943 | 27 | 5.65682 | 16
142969887 | 28 | 5.65682 | 16
285939774 | 29 | 4.8684 | 1
285939775 | 29 | 3.84248 | 15
571879551 | 30 | 3.84248 | 15
1143759103 | 31 | 3.84248 | 15
2287518207 | 32 | 3.84248 | 15
4575036415 | 33 | 3.84248 | 15
9150072831 | 34 | 3.84248 | 15
18300145662 | 35 | 3.12496 | 13
36600291324 | 36 | 3.12496 | 13
73200582648 | 37 | 3.12496 | 13
146401165296 | 38 | 4.79244e-322 | 7
146401165297 | 38 | 4.79244e-322 | 6
18300145663 | 35 | 4.68058e-310 | 2
1116953 | 21 | 12.4505 | 271
2233907 | 22 | 12.4505 | 271
4467814 | 23 | 11.7362 | 112
8935628 | 24 | 9.44142 | 82
17871256 | 25 | 9.44142 | 82
35742512 | 26 | 9.44142 | 82
71485024 | 27 | 9.44142 | 82
142970048 | 28 | 9.44142 | 82
285940096 | 29 | 9.22424 | 37
571880192 | 30 | 7.95446e-322 | 3
571880193 | 30 | 9.22424 | 34
1143760386 | 31 | 4.86596 | 13
2287520773 | 32 | 4.86596 | 13
4575041547 | 33 | 4.86596 | 13
9150083094 | 34 | 4.86596 | 13
18300166189 | 35 | 4.86596 | 13
36600332378 | 36 | 4.86596 | 13
73200664756 | 37 | 4.86596 | 13
146401329512 | 38 | 4.86596 | 13
292802659025 | 39 | 4.86596 | 13
585605318050 | 40 | 4.86596 | 13
1171210636100 | 41 | 4.86596 | 13
2342421272200 | 42 | 4.86596 | 13
4684842544401 | 43 | 4.86596 | 13
9369685088803 | 44 | 4.86596 | 13
18739370177607 | 45 | 4.86596 | 13
37478740355214 | 46 | 4.86596 | 13
74957480710428 | 47 | 4.86596 | 13
149914961420856 | 48 | 4.68058e-310 | 5
149914961420857 | 48 | 4.68058e-310 | 8
1143760387 | 31 | 7.86699 | 21
2287520775 | 32 | 7.86699 | 21
4575041550 | 33 | 4.68058e-310 | 5
4575041551 | 33 | 6.17558 | 16
9150083103 | 34 | 6.17558 | 16
18300166206 | 35 | 6.17558 | 16
36600332412 | 36 | 2.99339 | 14
73200664824 | 37 | 2.99339 | 14
146401329649 | 38 | 2.99339 | 14
292802659298 | 39 | 1.91614 | 8
292802659299 | 39 | 0.31565 | 6
36600332413 | 36 | 4.68058e-310 | 2
285940097 | 29 | 9.18044 | 45
571880194 | 30 | 6.9319e-310 | 4
571880195 | 30 | 8.73583 | 41
1143760390 | 31 | 8.73583 | 41
2287520781 | 32 | 8.73583 | 41
4575041562 | 33 | 8.73583 | 41
9150083125 | 34 | 8.73583 | 41
18300166250 | 35 | 8.73583 | 41
36600332500 | 36 | 8.73583 | 41
73200665001 | 37 | 8.73583 | 41
146401330002 | 38 | 8.73583 | 41
292802660004 | 39 | 2.37152e-322 | 8
292802660005 | 39 | 7.98771 | 33
585605320011 | 40 | 7.98771 | 33
1171210640022 | 41 | 7.98771 | 33
2342421280045 | 42 | 7.98771 | 33
4684842560091 | 43 | 7.98771 | 33
9369685120182 | 44 | 7.98771 | 25
18739370240365 | 45 | 7.98771 | 25
37478740480731 | 46 | 7.98771 | 25
74957480961462 | 47 | 7.98771 | 25
149914961922925 | 48 | 7.98771 | 25
299829923845851 | 49 | 7.98771 | 25
599659847691703 | 50 | 7.98771 | 25
1199319695383406 | 51 | 7.98771 | 25
2398639390766812 | 52 | 4.19789 | 14
4797278781533624 | 53 | 2.81495 | 2
4797278781533625 | 53 | 4.19789 | 12
9594557563067250 | 54 | 46.4271 | 6
9594557563067251 | 54 | 47.2778 | 6
2398639390766813 | 52 | 4.60366 | 11
4797278781533626 | 53 | 4.60366 | 11
9594557563067253 | 54 | 4.60366 | 11
19189115126134507 | 55 | 4.60366 | 11
38378230252269014 | 56 | 4.60366 | 11
76756460504538029 | 57 | 4.60366 | 11
153512921009076058 | 58 | 4.60366 | 11
307025842018152116 | 59 | 4.60366 | 11
614051684036304233 | 60 | 4.60366 | 11
1228103368072608466 | 61 | 4.60366 | 11
2456206736145216932 | 62 | 4.60366 | 11
4912413472290433865 | 63 | 4.60366 | 11
-8621917129128683885 | 64 | 4.60366 | 11
1202909815452183846 | 65 | 4.60366 | 11
2405819630904367692 | 66 | 4.68058e-310 | 6
2405819630904367693 | 66 | 4.68058e-310 | 5
9369685120183 | 44 | 4.68058e-310 | 8
8935629 | 24 | 7.45067 | 30
17871258 | 25 | 7.45067 | 30
35742517 | 26 | 7.45067 | 30
71485034 | 27 | 7.45067 | 30
142970069 | 28 | 7.45067 | 30
285940139 | 29 | 7.45067 | 30
571880279 | 30 | 7.45067 | 30
1143760558 | 31 | 7.45067 | 30
2287521116 | 32 | 4.68058e-310 | 9
2287521117 | 32 | 7.18463 | 21
4575042235 | 33 | 7.18463 | 21
9150084470 | 34 | 7.18463 | 21
18300168940 | 35 | 7.18463 | 21
36600337881 | 36 | 7.18463 | 21
73200675763 | 37 | 7.18463 | 21
146401351526 | 38 | 7.18463 | 21
292802703052 | 39 | 7.18463 | 21
585605406104 | 40 | 2.62296 | 11
1171210812209 | 41 | 2.62296 | 11
2342421624418 | 42 | 2.62296 | 11
4684843248836 | 43 | 2.62296 | 11
9369686497672 | 44 | 40.331 | 1
9369686497673 | 44 | 39.5441 | 10
585605406105 | 40 | 4.68058e-310 | 10
4467815 | 23 | 11.6022 | 159
8935630 | 24 | 2.35506 | 19
17871260 | 25 | 2.35506 | 19
35742520 | 26 | 2.35506 | 19
71485041 | 27 | 2.35506 | 19
142970082 | 28 | 2.35506 | 19
285940164 | 29 | 2.00347 | 16
571880329 | 30 | 2.00347 | 16
1143760659 | 31 | 2.00347 | 16
2287521318 | 32 | 2.00347 | 16
4575042636 | 33 | 2.00347 | 16
9150085272 | 34 | 2.00347 | 16
18300170544 | 35 | 2.00347 | 16
36600341088 | 36 | 2.00347 | 16
73200682176 | 37 | 10.9006 | 9
73200682177 | 37 | 11.6541 | 7
285940165 | 29 | 4.68058e-310 | 3
8935631 | 24 | 10.7627 | 140
17871262 | 25 | 4.68058e-310 | 6
17871263 | 25 | 10.7114 | 134
35742527 | 26 | 10.7114 | 134
71485054 | 27 | 10.7114 | 134
142970109 | 28 | 10.7114 | 134
285940218 | 29 | 10.7114 | 134
571880436 | 30 | 10.7114 | 134
1143760873 | 31 | 10.7114 | 134
2287521746 | 32 | 10.7114 | 134
4575043493 | 33 | 10.7114 | 134
9150086987 | 34 | 10.7114 | 134
18300173975 | 35 | 10.7114 | 134
36600347951 | 36 | 10.7114 | 134
73200695902 | 37 | 10.7114 | 134
146401391804 | 38 | 10.7114 | 134
292802783609 | 39 | 10.7114 | 134
585605567218 | 40 | 10.7114 | 134
1171211134436 | 41 | 10.7114 | 134
2342422268872 | 42 | 3.13445 | 23
4684844537744 | 43 | 0.889689 | 5
4684844537745 | 43 | 2.95903 | 18
9369689075490 | 44 | 2.95903 | 18
18739378150980 | 45 | 2.95903 | 18
37478756301961 | 46 | 2.95903 | 18
74957512603923 | 47 | 2.95903 | 18
149915025207846 | 48 | 2.95903 | 18
299830050415692 | 49 | 2.95903 | 18
599660100831385 | 50 | 2.95903 | 18
1199320201662770 | 51 | 2.95903 | 18
2398640403325541 | 52 | 2.95903 | 18
4797280806651083 | 53 | 2.95903 | 18
9594561613302166 | 54 | 2.95903 | 18
19189123226604332 | 55 | 2.95903 | 18
38378246453208664 | 56 | 3.09513 | 9
38378246453208665 | 56 | 0.52671 | 9
2342422268873 | 42 | 9.34478 | 111
4684844537746 | 43 | 9.34478 | 111
9369689075492 | 44 | 9.34478 | 111
18739378150984 | 45 | 9.34478 | 111
37478756301968 | 46 | 9.34478 | 111
74957512603937 | 47 | 9.34478 | 111
149915025207874 | 48 | 9.34478 | 111
299830050415749 | 49 | 9.34478 | 111
599660100831498 | 50 | 9.34478 | 111
1199320201662997 | 51 | 9.34478 | 111
2398640403325994 | 52 | 9.34478 | 111
4797280806651988 | 53 | 9.34478 | 111
9594561613303977 | 54 | 9.34478 | 111
19189123226607955 | 55 | 9.34478 | 111
38378246453215910 | 56 | 9.34478 | 111
76756492906431820 | 57 | 9.34478 | 111
153512985812863641 | 58 | 9.34478 | 111
307025971625727283 | 59 | 9.34478 | 111
614051943251454567 | 60 | 9.34478 | 111
1228103886502909134 | 61 | 9.34478 | 111
2456207773005818269 | 62 | 9.34478 | 111
4912415546011636538 | 63 | 8.04356 | 70
-8621912981686278540 | 64 | 2.67455 | 13
1202918110336994536 | 65 | 2.67455 | 13
2405836220673989073 | 66 | 2.67455 | 13
4811672441347978146 | 67 | 2.67455 | 13
-8823399191013595324 | 68 | 5.85507 | 7
-8823399191013595323 | 68 | 35.579 | 6
-8621912981686278539 | 64 | 7.35827 | 57
1202918110336994538 | 65 | 7.35827 | 57
2405836220673989076 | 66 | 7.35827 | 57
4811672441347978153 | 67 | 7.35827 | 57
-8823399191013595310 | 68 | 7.01955 | 32
799945691682360997 | 69 | 7.01955 | 32
1599891383364721995 | 70 | 7.01955 | 32
3199782766729443991 | 71 | 7.01955 | 32
6399565533458887983 | 72 | 7.01955 | 32
-5647613006791775650 | 73 | 7.01955 | 32
7151518060126000317 | 74 | 7.01955 | 32
-4143707953457550982 | 75 | 7.01955 | 32
-8287415906915101963 | 76 | 7.01955 | 32
1871912259879347691 | 77 | 7.01955 | 32
3743824519758695383 | 78 | 7.01955 | 32
7487649039517390766 | 79 | 7.01955 | 32
-3471445994674770084 | 80 | 7.01955 | 32
-6942891989349540167 | 81 | 7.01955 | 32
4560960095010471283 | 82 | 7.01955 | 32
9121920190020942566 | 83 | 7.01955 | 32
-202903693667666484 | 84 | 7.01955 | 32
-405807387335332967 | 85 | 7.01955 | 32
-811614774670665933 | 86 | 7.01955 | 32
-1623229549341331865 | 87 | 7.01955 | 32
-3246459098682663729 | 88 | 7.01955 | 32
-6492918197365327457 | 89 | 7.01955 | 32
5460907678978896702 | 90 | 7.01955 | 32
-7524928715751758212 | 91 | 1.55068 | 11
3396886642206035193 | 92 | 1.55068 | 11
6793773284412070386 | 93 | 1.55068 | 11
-4859197504885410843 | 94 | 1.55068 | 11
8728349063938729930 | 95 | 1.60855 | 8
8728349063938729931 | 95 | 0.248928 | 3
-7524928715751758211 | 91 | 3.53049 | 21
3396886642206035195 | 92 | 3.53049 | 21
6793773284412070390 | 93 | 3.53049 | 21
-4859197504885410836 | 94 | 3.53049 | 21
8728349063938729944 | 95 | 3.53049 | 21
-990045945832091728 | 96 | 3.53049 | 21
-1980091891664183456 | 97 | 3.53049 | 21
-3960183783328366912 | 98 | 3.53049 | 21
-7920367566656733824 | 99 | 3.53049 | 21
2606008940396083968 | 100 | 3.53049 | 21
5212017880792167937 | 101 | 3.53049 | 21
-8022708312125215742 | 102 | 3.53049 | 21
2401327449459120132 | 103 | 3.53049 | 21
4802654898918240265 | 104 | 3.53049 | 21
-8841434275873071085 | 105 | 3.53049 | 21
763875521963409447 | 106 | 3.53049 | 21
1527751043926818895 | 107 | 3.53049 | 21
3055502087853637791 | 108 | 3.53049 | 21
6111004175707275583 | 109 | 3.53049 | 21
-6224735722295000449 | 110 | 3.53049 | 21
5997272629119550719 | 111 | 3.53049 | 21
-6452198815470450178 | 112 | 3.53049 | 21
5542346442768651261 | 113 | 3.53049 | 21
-7362051188172249093 | 114 | 3.53049 | 21
3722641697365053430 | 115 | 3.53049 | 21
7445283394730106861 | 116 | 3.53049 | 21
-3556177284249337894 | 117 | 3.53049 | 21
-7112354568498675787 | 118 | 3.53049 | 21
4222034936712200043 | 119 | 3.53049 | 21
8444069873424400086 | 120 | 2.85261 | 20
-1558604326860751443 | 121 | 2.85261 | 20
-3117208653721502886 | 122 | 2.85261 | 20
-6234417307443005772 | 123 | 2.85261 | 20
5977909458823540073 | 124 | 2.85261 | 20
-6490925156062471470 | 125 | 2.85261 | 20
5464893761584608676 | 126 | 2.85261 | 20
-7516956550540334263 | 127 | 2.85261 | 20
3412830972628883091 | 128 | 2.85261 | 20
6825661945257766182 | 129 | 2.85261 | 20
-4795420183194019252 | 130 | 2.85261 | 20
8855903707321513112 | 131 | 2.85261 | 20
-734936659066525391 | 132 | 2.85261 | 20
-1469873318133050782 | 133 | 2.85261 | 20
-2939746636266101564 | 134 | 2.85261 | 14
-5879493272532203128 | 135 | 1.33008 | 3
-5879493272532203127 | 135 | 2.5847 | 11
6687757528645145362 | 136 | 2.5847 | 11
-5071229016419260892 | 137 | 2.5847 | 11
8304286040871029832 | 138 | 2.5847 | 11
-1838171991967491951 | 139 | 2.5847 | 11
-3676343983934983901 | 140 | 2.5847 | 11
-7352687967869967802 | 141 | 2.5847 | 11
3741368137969616013 | 142 | 2.5847 | 11
7482736275939232027 | 143 | 2.5847 | 11
-3481271521831087561 | 144 | 2.5847 | 11
-6962543043662175122 | 145 | 2.5847 | 11
4521657986385201372 | 146 | 2.5847 | 11
9043315972770402744 | 147 | 4.68058e-310 | 1
9043315972770402745 | 147 | 4.68058e-310 | 10
-2939746636266101563 | 134 | 4.68058e-310 | 6
8444069873424400087 | 120 | 4.68058e-310 | 1
-8823399191013595309 | 68 | 7.34251 | 25
799945691682360998 | 69 | 7.34251 | 25
1599891383364721997 | 70 | 7.34251 | 25
3199782766729443994 | 71 | 7.34251 | 25
6399565533458887989 | 72 | 7.34251 | 25
-5647613006791775638 | 73 | 7.34251 | 25
7151518060126000340 | 74 | 7.34251 | 25
-4143707953457550935 | 75 | 7.34251 | 25
-8287415906915101870 | 76 | 7.34251 | 25
1871912259879347877 | 77 | 7.34251 | 25
3743824519758695755 | 78 | 7.34251 | 25
7487649039517391510 | 79 | 7.34251 | 25
-3471445994674768596 | 80 | 7.34251 | 25
-6942891989349537192 | 81 | 7.34251 | 25
4560960095010477232 | 82 | 7.34251 | 25
9121920190020954464 | 83 | 7.34251 | 25
-202903693667642688 | 84 | 7.34251 | 25
-405807387335285376 | 85 | 4.68058e-310 | 8
-405807387335285375 | 85 | 3.91175 | 17
-811614774670570749 | 86 | 3.91175 | 17
-1623229549341141497 | 87 | 3.91175 | 17
-3246459098682282993 | 88 | 3.91175 | 17
-6492918197364565985 | 89 | 3.91175 | 17
5460907678980419646 | 90 | 3.91175 | 17
-7524928715748712324 | 91 | 3.91175 | 17
3396886642212126969 | 92 | 3.91175 | 17
6793773284424253938 | 93 | 3.36849 | 15
-4859197504861043740 | 94 | 3.36849 | 15
8728349063987464137 | 95 | 3.36849 | 15
-990045945734623342 | 96 | 3.21253 | 14
-1980091891469246684 | 97 | 3.21253 | 14
-3960183782938493367 | 98 | 3.21253 | 14
-7920367565876986733 | 99 | 3.21253 | 14
2606008941955578151 | 100 | 3.21253 | 14
5212017883911156302 | 101 | 3.21253 | 11
-8022708305887239012 | 102 | 3.21253 | 11
2401327461935073592 | 103 | 4.68058e-310 | 3
2401327461935073593 | 103 | 4.68058e-310 | 8
5212017883911156303 | 101 | 4.68058e-310 | 3
-990045945734623341 | 96 | 4.68058e-310 | 1
6793773284424253939 | 93 | 4.68058e-310 | 2
4912415546011636539 | 63 | 7.21958 | 41
-8621912981686278537 | 64 | 7.21958 | 41
1202918110336994542 | 65 | 7.21958 | 41
2405836220673989084 | 66 | 7.21958 | 41
4811672441347978168 | 67 | 2.82121 | 27
-8823399191013595279 | 68 | 2.82121 | 27
799945691682361058 | 69 | 2.82121 | 27
1599891383364722117 | 70 | 2.82121 | 27
3199782766729444234 | 71 | 2.82121 | 27
6399565533458888468 | 72 | 2.34564 | 17
-5647613006791774679 | 73 | 2.34564 | 17
7151518060126002258 | 74 | 2.34564 | 17
-4143707953457547099 | 75 | 2.34564 | 17
-8287415906915094198 | 76 | 2.34564 | 17
1871912259879363220 | 77 | 2.34564 | 17
3743824519758726440 | 78 | 1.25312 | 6
3743824519758726441 | 78 | 1.9108 | 11
7487649039517452882 | 79 | 1.9108 | 11
-3471445994674645851 | 80 | 1.9108 | 11
-6942891989349291701 | 81 | 1.9108 | 11
4560960095010968215 | 82 | 1.9108 | 11
9121920190021936430 | 83 | 12.822 | 3
9121920190021936431 | 83 | 4.68058e-310 | 8
6399565533458888469 | 72 | 4.68058e-310 | 10
4811672441347978169 | 67 | 2.17377 | 14
-8823399191013595278 | 68 | 2.17377 | 14
799945691682361061 | 69 | 2.17377 | 14
1599891383364722122 | 70 | 2.17377 | 14
3199782766729444244 | 71 | 4.68058e-310 | 4
3199782766729444245 | 71 | 4.68058e-310 | 10
558477 | 20 | 4.68058e-310 | 9
273 | 9 | 27.4346 | 812
546 | 10 | 27.4346 | 812
1093 | 11 | 27.4346 | 812
2186 | 12 | 27.4346 | 285
4373 | 13 | 27.4346 | 285
8746 | 14 | 27.4346 | 285
17493 | 15 | 27.4346 | 285
34986 | 16 | 27.4346 | 285
69972 | 17 | 27.4346 | 285
139944 | 18 | 27.4346 | 285
279888 | 19 | 12.0205 | 76
559776 | 20 | 12.0205 | 76
1119553 | 21 | 12.0205 | 76
2239107 | 22 | 12.0205 | 76
4478215 | 23 | 12.0205 | 76
8956431 | 24 | 12.0205 | 76
17912862 | 25 | 12.0205 | 76
35825725 | 26 | 12.0205 | 76
71651450 | 27 | 12.0205 | 76
143302901 | 28 | 12.0205 | 76
286605802 | 29 | 12.0205 | 76
573211604 | 30 | 12.0205 | 76
1146423208 | 31 | 12.0205 | 76
2292846416 | 32 | 10.6448 | 57
4585692832 | 33 | 10.6448 | 57
9171385664 | 34 | 10.6448 | 57
18342771328 | 35 | 10.6448 | 57
36685542657 | 36 | 10.6448 | 57
73371085314 | 37 | 10.6448 | 57
146742170629 | 38 | 10.6448 | 57
293484341259 | 39 | 10.6448 | 57
586968682519 | 40 | 10.6448 | 57
1173937365039 | 41 | 10.6448 | 57
2347874730079 | 42 | 10.6448 | 57
4695749460158 | 43 | 10.6448 | 57
9391498920316 | 44 | 9.04817 | 29
18782997840633 | 45 | 9.04817 | 29
37565995681267 | 46 | 9.04817 | 29
75131991362535 | 47 | 9.04817 | 29
150263982725070 | 48 | 9.04817 | 29
300527965450141 | 49 | 9.04817 | 29
601055930900282 | 50 | 9.04817 | 29
1202111861800564 | 51 | 9.04817 | 29
2404223723601129 | 52 | 9.04817 | 29
4808447447202258 | 53 | 9.04817 | 29
9616894894404516 | 54 | 9.04817 | 29
19233789788809033 | 55 | 9.04817 | 29
38467579577618066 | 56 | 9.04817 | 29
76935159155236132 | 57 | 9.04817 | 29
153870318310472264 | 58 | 9.04817 | 29
307740636620944528 | 59 | 9.04817 | 29
615481273241889057 | 60 | 9.04817 | 29
1230962546483778114 | 61 | 6.9319e-310 | 1
1230962546483778115 | 61 | 3.74653 | 28
2461925092967556231 | 62 | 3.74653 | 28
4923850185935112462 | 63 | 3.74653 | 28
-8599043701839326691 | 64 | 3.74653 | 28
1248656670030898234 | 65 | 3.74653 | 28
2497313340061796468 | 66 | 3.74653 | 28
4994626680123592937 | 67 | 3.74653 | 28
-8457490713462365742 | 68 | 3.74653 | 28
1531762646784820133 | 69 | 3.74653 | 28
3063525293569640267 | 70 | 3.74653 | 28
6127050587139280534 | 71 | 3.74653 | 28
-6192642899430990548 | 72 | 6.9319e-310 | 3
-6192642899430990547 | 72 | 3.41445 | 25
6061458274847570522 | 73 | 6.9319e-310 | 9
6061458274847570523 | 73 | 2.62676 | 16
-6323827524014410570 | 74 | 2.39043 | 15
5799089025680730476 | 75 | 2.39043 | 15
-6848566022348090664 | 76 | 2.39043 | 11
4749612029013370288 | 77 | 2.39043 | 11
-8947520015682811039 | 78 | 2.39043 | 11
551704042343929538 | 79 | 6.9319e-310 | 7
551704042343929539 | 79 | 4.79244e-322 | 4
-6848566022348090663 | 76 | 4.68058e-310 | 4
-6323827524014410569 | 74 | 4.68058e-310 | 1
9391498920317 | 44 | 4.66072 | 28
18782997840634 | 45 | 4.66072 | 28
37565995681268 | 46 | 4.66072 | 28
75131991362537 | 47 | 4.66072 | 28
150263982725074 | 48 | 4.66072 | 28
300527965450148 | 49 | 4.68058e-310 | 10
300527965450149 | 49 | 4.40675 | 18
601055930900298 | 50 | 4.40675 | 18
1202111861800596 | 51 | 4.40675 | 18
2404223723601193 | 52 | 4.40675 | 18
4808447447202387 | 53 | 4.40675 | 18
9616894894404774 | 54 | 4.40675 | 18
19233789788809548 | 55 | 4.40675 | 18
38467579577619096 | 56 | 4.68058e-310 | 10
38467579577619097 | 56 | 4.68058e-310 | 8
2292846417 | 32 | 3.24942 | 19
4585692835 | 33 | 3.24942 | 19
9171385670 | 34 | 3.24942 | 19
18342771341 | 35 | 3.24942 | 19
36685542683 | 36 | 3.24942 | 19
73371085366 | 37 | 3.24942 | 19
146742170733 | 38 | 3.24942 | 19
293484341466 | 39 | 4.68058e-310 | 7
293484341467 | 39 | 2.32093 | 12
586968682934 | 40 | 4.68058e-310 | 1
586968682935 | 40 | 2.32093 | 11
1173937365871 | 41 | 2.32093 | 11
2347874731742 | 42 | 2.32093 | 11
4695749463485 | 43 | 2.32093 | 11
9391498926970 | 44 | 4.68058e-310 | 8
9391498926971 | 44 | 4.68058e-310 | 3
279889 | 19 | 13.4712 | 209
559779 | 20 | 13.4712 | 209
1119558 | 21 | 13.4712 | 209
2239117 | 22 | 13.4712 | 209
4478234 | 23 | 13.4712 | 209
8956468 | 24 | 11.5019 | 94
17912936 | 25 | 9.08544 | 64
35825873 | 26 | 9.08544 | 64
71651747 | 27 | 9.08544 | 64
143303495 | 28 | 9.08544 | 64
286606991 | 29 | 9.08544 | 64
573213982 | 30 | 9.08544 | 64
1146427964 | 31 | 9.08544 | 64
2292855928 | 32 | 9.08544 | 64
4585711856 | 33 | 9.08544 | 64
9171423712 | 34 | 9.08544 | 64
18342847425 | 35 | 9.08544 | 64
36685694850 | 36 | 9.08544 | 64
73371389701 | 37 | 9.08544 | 64
146742779402 | 38 | 4.95384 | 34
293485558804 | 39 | 4.95384 | 34
586971117609 | 40 | 4.95384 | 34
1173942235218 | 41 | 4.95384 | 34
2347884470437 | 42 | 4.95384 | 34
4695768940874 | 43 | 4.95384 | 34
9391537881748 | 44 | 4.95384 | 34
18783075763496 | 45 | 4.95384 | 34
37566151526993 | 46 | 4.95384 | 34
75132303053987 | 47 | 4.95384 | 34
150264606107975 | 48 | 4.95384 | 34
300529212215951 | 49 | 4.95384 | 34
601058424431902 | 50 | 3.37842 | 33
1202116848863805 | 51 | 3.37842 | 33
2404233697727611 | 52 | 3.37842 | 33
4808467395455223 | 53 | 3.37842 | 33
9616934790910446 | 54 | 3.37842 | 33
19233869581820892 | 55 | 3.37842 | 33
38467739163641784 | 56 | 3.02383 | 31
76935478327283569 | 57 | 3.02383 | 31
153870956654567138 | 58 | 3.02383 | 31
307741913309134276 | 59 | 3.02383 | 31
615483826618268553 | 60 | 3.02383 | 31
1230967653236537106 | 61 | 3.02383 | 31
2461935306473074212 | 62 | 2.92903 | 8
2461935306473074213 | 62 | 2.50294 | 23
4923870612946148427 | 63 | 2.50294 | 23
-8599002847817254762 | 64 | 2.50294 | 23
1248738378075042093 | 65 | 2.50294 | 23
2497476756150084187 | 66 | 2.50294 | 23
4994953512300168375 | 67 | 2.50294 | 23
-8456837049109214865 | 68 | 2.50294 | 23
1533069975491121886 | 69 | 2.50294 | 23
3066139950982243773 | 70 | 2.50294 | 23
6132279901964487547 | 71 | 2.50294 | 23
-6182184269780576522 | 72 | 2.50294 | 23
6082375534148398573 | 73 | 2.50294 | 23
-6281993005412754469 | 74 | 2.50294 | 23
5882758062884042678 | 75 | 1.95705 | 16
-6681227947941466259 | 76 | 1.95705 | 16
5084288177826619099 | 77 | 1.95705 | 16
-8278167718056313418 | 78 | 1.95705 | 16
1890408637596924781 | 79 | 1.95705 | 16
3780817275193849562 | 80 | 1.74537 | 14
7561634550387699125 | 81 | 1.74537 | 14
-3323474972934153366 | 82 | 1.74537 | 14
-6646949945868306732 | 83 | 1.74537 | 14
5152844181972938153 | 84 | 1.74537 | 14
-8141055709763675310 | 85 | 1.74537 | 14
2164632654182200996 | 86 | 1.74537 | 14
4329265308364401992 | 87 | 1.74537 | 14
8658530616728803984 | 88 | 1.74537 | 14
-1129682840251943648 | 89 | 1.37428 | 11
-2259365680503887296 | 90 | 1.37428 | 11
-4518731361007774591 | 91 | 1.37428 | 11
-9037462722015549181 | 92 | 1.37428 | 11
371818629678453255 | 93 | 1.37428 | 11
743637259356906511 | 94 | 1.37428 | 11
1487274518713813023 | 95 | 1.37428 | 11
2974549037427626047 | 96 | 1.37428 | 11
5949098074855252095 | 97 | 1.37428 | 11
-6548547923999047425 | 98 | 1.37428 | 11
5349648225711456766 | 99 | 1.37428 | 11
-7747447622286638083 | 100 | 1.37428 | 11
2951848829136275450 | 101 | 2.19681 | 10
2951848829136275451 | 101 | 0.0626506 | 1
-1129682840251943647 | 89 | 4.68058e-310 | 3
3780817275193849563 | 80 | 4.68058e-310 | 2
5882758062884042679 | 75 | 4.68058e-310 | 7
38467739163641785 | 56 | 4.68058e-310 | 2
601058424431903 | 50 | 4.68058e-310 | 1
146742779403 | 38 | 3.53393 | 30
293485558807 | 39 | 3.53393 | 30
586971117614 | 40 | 3.53393 | 30
1173942235229 | 41 | 3.53393 | 30
2347884470459 | 42 | 3.53393 | 30
4695768940919 | 43 | 3.53393 | 30
9391537881839 | 44 | 3.53393 | 30
18783075763678 | 45 | 4.68058e-310 | 6
18783075763679 | 45 | 3.53393 | 24
37566151527358 | 46 | 3.53393 | 24
75132303054717 | 47 | 3.53393 | 24
150264606109435 | 48 | 3.53393 | 24
300529212218871 | 49 | 3.53393 | 24
601058424437743 | 50 | 3.53393 | 24
1202116848875486 | 51 | 3.53393 | 24
2404233697750973 | 52 | 3.53393 | 24
4808467395501946 | 53 | 2.29597 | 22
9616934791003892 | 54 | 2.29597 | 22
19233869582007785 | 55 | 2.29597 | 22
38467739164015570 | 56 | 4.68058e-310 | 1
38467739164015571 | 56 | 2.29597 | 21
76935478328031143 | 57 | 2.29597 | 21
153870956656062287 | 58 | 2.29597 | 21
307741913312124574 | 59 | 4.68058e-310 | 5
307741913312124575 | 59 | 1.667 | 16
615483826624249150 | 60 | 1.667 | 16
1230967653248498301 | 61 | 1.667 | 16
2461935306496996602 | 62 | 1.56696 | 15
4923870612993993204 | 63 | 1.56696 | 15
-8599002847721565208 | 64 | 1.56696 | 15
1248738378266421201 | 65 | 1.56696 | 15
2497476756532842403 | 66 | 1.56696 | 15
4994953513065684807 | 67 | 1.56696 | 15
-8456837047578182001 | 68 | 1.56696 | 15
1533069978553187614 | 69 | 1.56696 | 15
3066139957106375228 | 70 | 1.55038 | 14
6132279914212750456 | 71 | 1.55038 | 14
-6182184245284050704 | 72 | 1.55038 | 14
6082375583141450208 | 73 | 1.55038 | 14
-6281992907426651199 | 74 | 1.55038 | 14
5882758258856249218 | 75 | 1.55038 | 14
-6681227555997053179 | 76 | 1.55038 | 14
5084288961715445258 | 77 | 1.55038 | 14
-8278166150278661099 | 78 | 1.55038 | 14
1890411773152229419 | 79 | 1.55038 | 14
3780823546304458839 | 80 | 1.55038 | 14
7561647092608917679 | 81 | 1.55038 | 14
-3323449888491716257 | 82 | 1.55038 | 14
-6646899776983432514 | 83 | 0.141609 | 8
-6646899776983432513 | 83 | 4.68058e-310 | 6
3066139957106375229 | 70 | 4.68058e-310 | 1
2461935306496996603 | 62 | 4.68058e-310 | 1
4808467395501947 | 53 | 4.68058e-310 | 2
17912937 | 25 | 9.1572 | 30
35825874 | 26 | 9.1572 | 30
71651748 | 27 | 9.1572 | 30
143303496 | 28 | 9.1572 | 30
286606993 | 29 | 9.1572 | 30
573213987 | 30 | 9.1572 | 30
1146427975 | 31 | 9.1572 | 30
2292855950 | 32 | 9.1572 | 30
4585711900 | 33 | 9.1572 | 30
9171423800 | 34 | 9.1572 | 30
18342847601 | 35 | 9.1572 | 30
36685695203 | 36 | 9.1572 | 30
73371390407 | 37 | 9.1572 | 30
146742780815 | 38 | 9.1572 | 30
293485561631 | 39 | 9.1572 | 30
586971123262 | 40 | 9.1572 | 30
1173942246524 | 41 | 2.70939 | 13
2347884493049 | 42 | 2.70939 | 13
4695768986099 | 43 | 2.70939 | 13
9391537972199 | 44 | 2.70939 | 13
18783075944398 | 45 | 2.70939 | 13
37566151888797 | 46 | 2.70939 | 13
75132303777594 | 47 | 4.68058e-310 | 3
75132303777595 | 47 | 4.68058e-310 | 10
1173942246525 | 41 | 6.59904 | 17
2347884493050 | 42 | 6.59904 | 17
4695768986101 | 43 | 6.59904 | 17
9391537972202 | 44 | 4.68058e-310 | 2
9391537972203 | 44 | 4.34854 | 15
18783075944406 | 45 | 4.34854 | 15
37566151888812 | 46 | 4.34854 | 15
75132303777624 | 47 | 3.21143e-322 | 1
75132303777625 | 47 | 3.79086 | 14
150264607555251 | 48 | 3.79086 | 14
300529215110502 | 49 | 3.79086 | 14
601058430221004 | 50 | 3.79086 | 14
1202116860442008 | 51 | 3.79086 | 14
2404233720884016 | 52 | 3.79086 | 14
4808467441768032 | 53 | 3.79086 | 14
9616934883536065 | 54 | 3.79086 | 14
19233869767072131 | 55 | 3.79086 | 14
38467739534144263 | 56 | 3.79086 | 14
76935479068288526 | 57 | 3.79086 | 14
153870958136577052 | 58 | 3.79086 | 14
307741916273154104 | 59 | 2.0651 | 13
615483832546308209 | 60 | 2.0651 | 13
1230967665092616419 | 61 | 2.0651 | 13
2461935330185232838 | 62 | 2.0651 | 13
4923870660370465676 | 63 | 6.37345e-322 | 6
4923870660370465677 | 63 | 23.3798 | 7
307741916273154105 | 59 | 4.68058e-310 | 1
8956469 | 24 | 12.5696 | 115
17912939 | 25 | 12.5696 | 115
35825878 | 26 | 9.26878 | 54
71651756 | 27 | 9.26878 | 54
143303512 | 28 | 4.41712 | 19
286607024 | 29 | 4.41712 | 19
573214049 | 30 | 4.41712 | 19
1146428099 | 31 | 4.41712 | 19
2292856198 | 32 | 4.41712 | 19
4585712396 | 33 | 4.41712 | 19
9171424792 | 34 | 4.41712 | 19
18342849585 | 35 | 4.41712 | 19
36685699170 | 36 | 4.41712 | 19
73371398340 | 37 | 4.41712 | 19
146742796680 | 38 | 4.41712 | 19
293485593361 | 39 | 4.41712 | 19
586971186722 | 40 | 4.41712 | 19
1173942373444 | 41 | 4.41712 | 19
2347884746889 | 42 | 4.41712 | 19
4695769493778 | 43 | 4.41712 | 19
9391538987556 | 44 | 4.41712 | 19
18783077975113 | 45 | 4.41712 | 19
37566155950227 | 46 | 4.41712 | 19
75132311900454 | 47 | 4.41712 | 19
150264623800909 | 48 | 4.41712 | 19
300529247601819 | 49 | 4.41712 | 19
601058495203638 | 50 | 3.19577 | 15
1202116990407276 | 51 | 3.19577 | 15
2404233980814553 | 52 | 3.19577 | 15
4808467961629106 | 53 | 3.19577 | 15
9616935923258212 | 54 | 3.19577 | 15
19233871846516424 | 55 | 3.19577 | 15
38467743693032849 | 56 | 3.19577 | 15
76935487386065699 | 57 | 3.19577 | 15
153870974772131398 | 58 | 3.19577 | 15
307741949544262796 | 59 | 3.19577 | 15
615483899088525592 | 60 | 3.19577 | 15
1230967798177051184 | 61 | 3.19577 | 15
2461935596354102368 | 62 | 3.19577 | 15
4923871192708204736 | 63 | 3.19577 | 15
-8599001688293142143 | 64 | 3.19577 | 15
1248740697123267330 | 65 | 3.19577 | 15
2497481394246534660 | 66 | 3.19577 | 15
4994962788493069321 | 67 | 3.19577 | 15
-8456818496723412974 | 68 | 3.21143e-322 | 5
-8456818496723412973 | 68 | 11.7098 | 10
601058495203639 | 50 | 4.68058e-310 | 4
143303513 | 28 | 8.42129 | 35
286607026 | 29 | 4.68058e-310 | 2
286607027 | 29 | 8.20259 | 33
573214054 | 30 | 8.20259 | 33
1146428109 | 31 | 8.20259 | 33
2292856219 | 32 | 8.20259 | 33
4585712439 | 33 | 8.20259 | 33
9171424879 | 34 | 8.20259 | 33
18342849758 | 35 | 8.20259 | 33
36685699517 | 36 | 8.20259 | 33
73371399035 | 37 | 8.20259 | 33
146742798070 | 38 | 8.20259 | 33
293485596141 | 39 | 8.20259 | 33
586971192283 | 40 | 8.20259 | 33
1173942384567 | 41 | 8.20259 | 33
2347884769135 | 42 | 8.20259 | 33
4695769538270 | 43 | 3.27835 | 22
9391539076540 | 44 | 3.27835 | 22
18783078153080 | 45 | 3.27835 | 22
37566156306161 | 46 | 3.27835 | 22
75132312612322 | 47 | 3.27835 | 22
150264625224644 | 48 | 3.27835 | 22
300529250449288 | 49 | 3.27835 | 22
601058500898576 | 50 | 1.58101e-322 | 3
601058500898577 | 50 | 2.2257 | 19
1202117001797154 | 51 | 2.2257 | 19
2404234003594308 | 52 | 2.2257 | 19
4808468007188617 | 53 | 2.2257 | 19
9616936014377235 | 54 | 2.2257 | 19
19233872028754471 | 55 | 2.2257 | 19
38467744057508942 | 56 | 2.2257 | 19
76935488115017884 | 57 | 2.2257 | 19
153870976230035768 | 58 | 2.2257 | 19
307741952460071536 | 59 | 0.723313 | 6
307741952460071537 | 59 | 1.65892 | 13
615483904920143075 | 60 | 1.65892 | 13
1230967809840286151 | 61 | 1.65892 | 13
2461935619680572302 | 62 | 1.65892 | 13
4923871239361144604 | 63 | 0.710247 | 7
4923871239361144605 | 63 | 0.113231 | 6
4695769538271 | 43 | 2.56031 | 11
9391539076543 | 44 | 2.56031 | 11
18783078153086 | 45 | 2.56031 | 11
37566156306173 | 46 | 2.56031 | 11
75132312612346 | 47 | 4.68058e-310 | 6
75132312612347 | 47 | 4.68058e-310 | 5
35825879 | 26 | 9.17371 | 61
71651759 | 27 | 9.17371 | 61
143303519 | 28 | 9.17371 | 61
286607038 | 29 | 9.17371 | 61
573214076 | 30 | 9.17371 | 61
1146428153 | 31 | 9.17371 | 61
2292856307 | 32 | 9.17371 | 61
4585712615 | 33 | 9.17371 | 61
9171425231 | 34 | 9.17371 | 61
18342850462 | 35 | 9.17371 | 61
36685700925 | 36 | 9.17371 | 61
73371401850 | 37 | 9.17371 | 61
146742803700 | 38 | 9.17371 | 61
293485607401 | 39 | 9.17371 | 61
586971214803 | 40 | 9.17371 | 61
1173942429606 | 41 | 8.21488 | 11
2347884859213 | 42 | 8.21488 | 11
4695769718426 | 43 | 4.68058e-310 | 8
4695769718427 | 43 | 4.68058e-310 | 3
1173942429607 | 41 | 9.05201 | 50
2347884859214 | 42 | 9.05201 | 50
4695769718429 | 43 | 9.05201 | 50
9391539436858 | 44 | 8.61395 | 16
18783078873716 | 45 | 8.61395 | 16
37566157747432 | 46 | 8.61395 | 16
75132315494864 | 47 | 8.61395 | 16
150264630989728 | 48 | 8.61395 | 16
300529261979457 | 49 | 8.61395 | 16
601058523958914 | 50 | 8.61395 | 16
1202117047917829 | 51 | 8.61395 | 16
2404234095835659 | 52 | 8.61395 | 16
4808468191671318 | 53 | 8.61395 | 16
9616936383342636 | 54 | 8.61395 | 16
19233872766685272 | 55 | 8.61395 | 16
38467745533370544 | 56 | 8.61395 | 16
76935491066741088 | 57 | 8.61395 | 16
153870982133482176 | 58 | 8.61395 | 16
307741964266964352 | 59 | 8.61395 | 16
615483928533928704 | 60 | 8.61395 | 16
1230967857067857409 | 61 | 8.61395 | 16
2461935714135714818 | 62 | 8.61395 | 16
4923871428271429636 | 63 | 8.61395 | 16
-8599001217166692343 | 64 | 8.61395 | 16
1248741639376166931 | 65 | 8.61395 | 16
2497483278752333862 | 66 | 8.61395 | 16
4994966557504667724 | 67 | 8.61395 | 16
-8456810958700216167 | 68 | 8.61395 | 16
1533122156309119283 | 69 | 8.61395 | 16
3066244312618238567 | 70 | 8.61395 | 16
6132488625236477134 | 71 | 8.61395 | 16
-6181766823236597348 | 72 | 8.61395 | 16
6083210427236356921 | 73 | 8.61395 | 16
-6280323219236837774 | 74 | 8.61395 | 16
5886097635235876069 | 75 | 8.61395 | 16
-6674548803237799478 | 76 | 1.7991 | 13
5097646467233952660 | 77 | 1.7991 | 13
-8251451139241646295 | 78 | 1.7991 | 13
1943841795226259027 | 79 | 1.7991 | 13
3887683590452518054 | 80 | 1.7991 | 13
7775367180905036108 | 81 | 1.7991 | 13
-2896009711899479400 | 82 | 1.7991 | 13
-5792019423798958799 | 83 | 1.7991 | 13
6862705226111634018 | 84 | 3.21143e-322 | 2
6862705226111634019 | 84 | 1.12862 | 11
-4721333621486283577 | 85 | 1.12862 | 11
9004076830736984463 | 86 | 1.12862 | 11
-438590412235582689 | 87 | 1.12862 | 11
-877180824471165377 | 88 | 1.12862 | 11
-1754361648942330753 | 89 | 1.12862 | 11
-3508723297884661506 | 90 | 1.12862 | 11
-7017446595769323011 | 91 | 1.12862 | 11
4411850882170905595 | 92 | 1.12862 | 11
8823701764341811190 | 93 | 1.12862 | 11
-799340545025929235 | 94 | 1.12862 | 11
-1598681090051858470 | 95 | 4.93091 | 4
-1598681090051858469 | 95 | 0.0344885 | 7
-6674548803237799477 | 76 | 4.68058e-310 | 3
9391539436859 | 44 | 8.74816 | 34
18783078873718 | 45 | 8.74816 | 34
37566157747436 | 46 | 8.74816 | 34
75132315494873 | 47 | 8.74816 | 34
150264630989747 | 48 | 8.74816 | 34
300529261979495 | 49 | 8.74816 | 34
601058523958990 | 50 | 8.74816 | 34
1202117047917980 | 51 | 8.74816 | 34
2404234095835960 | 52 | 3.09465 | 24
4808468191671920 | 53 | 3.09465 | 24
9616936383343840 | 54 | 3.09465 | 24
19233872766687680 | 55 | 3.09465 | 24
38467745533375361 | 56 | 3.09465 | 24
76935491066750723 | 57 | 3.09465 | 24
153870982133501446 | 58 | 3.09465 | 24
307741964267002892 | 59 | 2.16916 | 22
615483928534005785 | 60 | 2.16916 | 22
1230967857068011570 | 61 | 2.16916 | 22
2461935714136023141 | 62 | 2.16916 | 22
4923871428272046282 | 63 | 2.16916 | 22
-8599001217165459051 | 64 | 2.16916 | 22
1248741639378633514 | 65 | 2.16916 | 22
2497483278757267029 | 66 | 2.16916 | 22
4994966557514534058 | 67 | 1.0653 | 1
4994966557514534059 | 67 | 2.16916 | 21
-8456810958680483498 | 68 | 2.16916 | 21
1533122156348584621 | 69 | 2.16916 | 21
3066244312697169243 | 70 | 2.16916 | 21
6132488625394338486 | 71 | 2.16916 | 21
-6181766822920874644 | 72 | 2.16916 | 21
6083210427867802329 | 73 | 2.16916 | 21
-6280323217973946957 | 74 | 2.16916 | 21
5886097637761657703 | 75 | 2.16916 | 21
-6674548798186236210 | 76 | 2.16916 | 21
5097646477337079197 | 77 | 2.16916 | 21
-8251451119035393222 | 78 | 1 | 2
-8251451119035393221 | 78 | 2.16916 | 19
1943841835638765175 | 79 | 2.16916 | 19
3887683671277530351 | 80 | 2.16916 | 19
7775367342555060703 | 81 | 2.16916 | 19
-2896009388599430210 | 82 | 2.16916 | 19
-5792018777198860420 | 83 | 2.16916 | 19
6862706519311830776 | 84 | 2.16916 | 19
-4721331035085890064 | 85 | 2.16916 | 19
9004082003537771488 | 86 | 1.37617 | 14
-438580066634008639 | 87 | 1.37617 | 14
-877160133268017277 | 88 | 1.37617 | 14
-1754320266536034553 | 89 | 1.37617 | 14
-3508640533072069106 | 90 | 1.37617 | 14
-7017281066144138211 | 91 | 1.37617 | 14
4412181941421275194 | 92 | 1.37617 | 14
8824363882842550389 | 93 | 1.37617 | 14
-798016308024450837 | 94 | 1.37617 | 14
-1596032616048901674 | 95 | 1.37617 | 14
-3192065232097803348 | 96 | 1.37617 | 14
-6384130464195606695 | 97 | 1.37617 | 14
5678483145318338227 | 98 | 1.37617 | 14
-7089777783072875162 | 99 | 1.37617 | 14
4267188507563801292 | 100 | 1.63042e-322 | 5
4267188507563801293 | 100 | 4.68058e-310 | 9
9004082003537771489 | 86 | 4.68058e-310 | 5
307741964267002893 | 59 | 4.68058e-310 | 2
2404234095835961 | 52 | 4.68058e-310 | 10
2187 | 12 | 25.029 | 527
4374 | 13 | 25.029 | 527
8748 | 14 | 25.029 | 527
17497 | 15 | 25.029 | 527
34994 | 16 | 25.029 | 527
69988 | 17 | 25.029 | 527
139977 | 18 | 25.029 | 527
279954 | 19 | 25.029 | 527
559908 | 20 | 25.029 | 527
1119816 | 21 | 25.029 | 527
2239632 | 22 | 25.029 | 527
4479265 | 23 | 25.029 | 527
8958530 | 24 | 25.029 | 527
17917060 | 25 | 25.029 | 527
35834120 | 26 | 25.029 | 527
71668240 | 27 | 25.029 | 527
143336481 | 28 | 25.029 | 527
286672963 | 29 | 25.029 | 527
573345927 | 30 | 25.029 | 527
1146691855 | 31 | 25.029 | 527
2293383710 | 32 | 25.029 | 527
4586767420 | 33 | 25.029 | 527
9173534840 | 34 | 22.4648 | 458
18347069680 | 35 | 22.4648 | 458
36694139361 | 36 | 22.4648 | 458
73388278722 | 37 | 22.4648 | 458
146776557444 | 38 | 22.4648 | 458
293553114889 | 39 | 22.4648 | 458
587106229778 | 40 | 22.4648 | 458
1174212459557 | 41 | 22.4648 | 458
2348424919114 | 42 | 22.4648 | 458
4696849838229 | 43 | 22.4648 | 458
9393699676458 | 44 | 22.4648 | 458
18787399352916 | 45 | 22.4648 | 458
37574798705832 | 46 | 2.69266e-321 | 4
37574798705833 | 46 | 19.076 | 454
75149597411666 | 47 | 19.076 | 454
150299194823332 | 48 | 15.8532 | 315
300598389646664 | 49 | 12.806 | 311
601196779293328 | 50 | 7.20241 | 33
1202393558586656 | 51 | 9.0826 | 6
1202393558586657 | 51 | 6.09725 | 27
2404787117173315 | 52 | 6.09725 | 27
4809574234346631 | 53 | 6.09725 | 27
9619148468693262 | 54 | 6.09725 | 23
19238296937386525 | 55 | 6.09725 | 23
38476593874773050 | 56 | 6.09725 | 23
76953187749546101 | 57 | 6.09725 | 23
153906375499092202 | 58 | 6.09725 | 23
307812750998184405 | 59 | 6.09725 | 23
615625501996368810 | 60 | 6.09725 | 23
1231251003992737621 | 61 | 6.09725 | 23
2462502007985475243 | 62 | 6.09725 | 23
4925004015970950487 | 63 | 6.09725 | 23
-8596736041767650642 | 64 | 6.09725 | 23
1253271990174250332 | 65 | 6.09725 | 23
2506543980348500665 | 66 | 6.09725 | 23
5013087960697001331 | 67 | 6.09725 | 23
-8420568152315548954 | 68 | 6.09725 | 23
1605607769078453708 | 69 | 6.09725 | 23
3211215538156907417 | 70 | 6.09725 | 23
6422431076313814835 | 71 | 6.09725 | 23
-5601881921081921946 | 72 | 6.09725 | 23
7242980231545707724 | 73 | 6.09725 | 23
-3960783610618136168 | 74 | 6.09725 | 23
-7921567221236272336 | 75 | 6.09725 | 23
2603609631237006944 | 76 | 4.37569 | 14
5207219262474013888 | 77 | 4.37569 | 14
-8032305548761523840 | 78 | 4.37569 | 14
2382132976186503937 | 79 | 4.37569 | 14
4764265952373007874 | 80 | 4.37569 | 14
-8918212168963535867 | 81 | 4.37569 | 14
610319735782479882 | 82 | 15.2726 | 8
610319735782479883 | 82 | 51.3927 | 6
2603609631237006945 | 76 | 4.68058e-310 | 9
9619148468693263 | 54 | 4.68058e-310 | 4
601196779293329 | 50 | 11.6136 | 278
1202393558586658 | 51 | 11.6136 | 278
2404787117173317 | 52 | 11.6136 | 278
4809574234346635 | 53 | 11.6136 | 278
9619148468693271 | 54 | 11.6136 | 278
19238296937386543 | 55 | 11.6136 | 278
38476593874773087 | 56 | 11.6136 | 278
76953187749546175 | 57 | 11.6136 | 278
153906375499092351 | 58 | 11.6136 | 278
307812750998184702 | 59 | 11.6136 | 278
615625501996369405 | 60 | 11.6136 | 278
1231251003992738810 | 61 | 7.577 | 54
2462502007985477620 | 62 | 2.1863 | 14
4925004015970955241 | 63 | 2.1863 | 14
-8596736041767641134 | 64 | 4.68058e-310 | 1
-8596736041767641133 | 64 | 1.83685 | 13
1253271990174269350 | 65 | 28.9939 | 6
1253271990174269351 | 65 | 1.58595e-321 | 7
2462502007985477621 | 62 | 6.52922 | 40
4925004015970955243 | 63 | 6.52922 | 40
-8596736041767641130 | 64 | 6.52922 | 40
1253271990174269356 | 65 | 4.79244e-322 | 2
1253271990174269357 | 65 | 6.38692 | 38
2506543980348538715 | 66 | 6.38692 | 38
5013087960697077431 | 67 | 6.38692 | 38
-8420568152315396753 | 68 | 6.38692 | 38
1605607769078758110 | 69 | 6.38692 | 38
3211215538157516220 | 70 | 6.38692 | 38
6422431076315032441 | 71 | 6.38692 | 38
-5601881921079486734 | 72 | 0.144798 | 5
-5601881921079486733 | 72 | 6.38692 | 33
7242980231550578150 | 73 | 6.38692 | 33
-3960783610608395316 | 74 | 6.38692 | 33
-7921567221216790632 | 75 | 6.38692 | 33
2603609631275970353 | 76 | 6.38692 | 33
5207219262551940706 | 77 | 6.38692 | 33
-8032305548605670203 | 78 | 6.38692 | 33
2382132976498211211 | 79 | 6.38692 | 33
4764265952996422422 | 80 | 6.38692 | 33
-8918212167716706771 | 81 | 6.38692 | 33
610319738276138075 | 82 | 6.38692 | 33
1220639476552276151 | 83 | 6.38692 | 33
2441278953104552303 | 84 | 6.38692 | 33
4882557906209104607 | 85 | 6.38692 | 33
-8681628261291342401 | 86 | 6.38692 | 33
1083487551126866815 | 87 | 6.38692 | 33
2166975102253733630 | 88 | 6.38692 | 33
4333950204507467260 | 89 | 5.44224 | 31
8667900409014934520 | 90 | 5.44224 | 31
-1110943255679682576 | 91 | 5.44224 | 31
-2221886511359365152 | 92 | 5.44224 | 31
-4443773022718730303 | 93 | 5.44224 | 31
-8887546045437460606 | 94 | 5.44224 | 31
671651982834630404 | 95 | 5.44224 | 31
1343303965669260808 | 96 | 5.44224 | 31
2686607931338521616 | 97 | 5.44224 | 31
5373215862677043233 | 98 | 5.44224 | 31
-7700312348355465150 | 99 | 5.44224 | 31
3046119376998621316 | 100 | 5.44224 | 31
6092238753997242632 | 101 | 5.44224 | 31
-6262266565715066352 | 102 | 5.44224 | 31
5922210942279418913 | 103 | 5.44224 | 31
-6602322189150713790 | 104 | 5.44224 | 31
5242099695408124036 | 105 | 5.44224 | 31
-7962544682893303544 | 106 | 5.44224 | 31
2521654707922944529 | 107 | 5.44224 | 31
5043309415845889058 | 108 | 7.43156 | 8
5043309415845889059 | 108 | 5.39527 | 23
-8360125242017773498 | 109 | 5.39527 | 23
1726493589674004620 | 110 | 0.276887 | 3
1726493589674004621 | 110 | 4.27076 | 20
3452987179348009243 | 111 | 4.27076 | 20
6905974358696018486 | 112 | 4.27076 | 20
-4634795356317514644 | 113 | 4.27076 | 20
9177153361074522329 | 114 | 4.27076 | 20
-92437351560506957 | 115 | 4.27076 | 20
-184874703121013913 | 116 | 4.27076 | 20
-369749406242027826 | 117 | 4.27076 | 20
-739498812484055652 | 118 | 4.27076 | 20
-1478997624968111304 | 119 | 4.27076 | 20
-2957995249936222607 | 120 | 4.27076 | 20
-5915990499872445214 | 121 | 4.27076 | 20
6614763073964661189 | 122 | 4.27076 | 20
-5217217925780229237 | 123 | 4.27076 | 20
8012308222149093142 | 124 | 4.27076 | 20
-2422127629411365332 | 125 | 4.27076 | 20
-4844255258822730664 | 126 | 4.27076 | 20
8758233556064090288 | 127 | 0.00351975 | 8
8758233556064090289 | 127 | 4.27076 | 12
-930276961581371038 | 128 | 2.06321 | 8
-930276961581371037 | 128 | 11.9769 | 4
4333950204507467261 | 89 | 4.68058e-310 | 2
1231251003992738811 | 61 | 10.2942 | 224
2462502007985477622 | 62 | 10.2942 | 224
4925004015970955245 | 63 | 10.2942 | 224
-8596736041767641125 | 64 | 10.2942 | 224
1253271990174269366 | 65 | 10.2942 | 224
2506543980348538733 | 66 | 10.2942 | 224
5013087960697077467 | 67 | 10.2942 | 224
-8420568152315396681 | 68 | 10.2942 | 224
1605607769078758255 | 69 | 10.2942 | 224
3211215538157516511 | 70 | 10.2942 | 224
6422431076315033023 | 71 | 10.2942 | 224
-5601881921079485570 | 72 | 10.2942 | 224
7242980231550580476 | 73 | 10.2942 | 224
-3960783610608390664 | 74 | 10.2942 | 224
-7921567221216781327 | 75 | 10.2942 | 224
2603609631275988962 | 76 | 10.2942 | 224
5207219262551977924 | 77 | 6.25074 | 65
-8032305548605595768 | 78 | 6.25074 | 25
2382132976498360080 | 79 | 6.25074 | 25
4764265952996720160 | 80 | 6.25074 | 25
-8918212167716111295 | 81 | 6.25074 | 25
610319738277329026 | 82 | 6.25074 | 25
1220639476554658053 | 83 | 6.25074 | 25
2441278953109316107 | 84 | 6.25074 | 25
4882557906218632215 | 85 | 6.25074 | 25
-8681628261272287186 | 86 | 6.25074 | 21
1083487551164977245 | 87 | 6.25074 | 21
2166975102329954491 | 88 | 6.25074 | 21
4333950204659908983 | 89 | 6.25074 | 21
8667900409319817967 | 90 | 6.25074 | 21
-1110943255069915682 | 91 | 6.25074 | 21
-2221886510139831364 | 92 | 6.25074 | 21
-4443773020279662728 | 93 | 6.25074 | 21
-8887546040559325456 | 94 | 6.25074 | 21
671651992590900705 | 95 | 6.25074 | 21
1343303985181801410 | 96 | 6.25074 | 21
2686607970363602820 | 97 | 5.58294e-322 | 1
2686607970363602821 | 97 | 2.47408 | 20
5373215940727205642 | 98 | 2.32567 | 14
-7700312192255140332 | 99 | 2.32567 | 14
3046119689199270952 | 100 | 1.68774 | 1
3046119689199270953 | 100 | 2.11723 | 13
6092239378398541906 | 101 | 2.11723 | 13
-6262265316912467803 | 102 | 2.11723 | 13
5922213439884616010 | 103 | 2.11723 | 13
-6602317193940319595 | 104 | 2.11723 | 13
5242109685828912426 | 105 | 2.11723 | 13
-7962524702051726764 | 106 | 2.11723 | 13
2521694669606098088 | 107 | 2.11723 | 13
5043389339212196177 | 108 | 2.11723 | 13
-8359965395285159262 | 109 | 8.70096 | 4
-8359965395285159261 | 109 | 2.22189 | 9
5373215940727205643 | 98 | 4.68058e-310 | 6
-8681628261272287185 | 86 | 4.68058e-310 | 4
-8032305548605595767 | 78 | 3.50678 | 40
2382132976498360082 | 79 | 3.50678 | 40
4764265952996720164 | 80 | 3.50678 | 40
-8918212167716111288 | 81 | 3.50678 | 40
610319738277329040 | 82 | 2.37521 | 26
1220639476554658081 | 83 | 2.37521 | 26
2441278953109316162 | 84 | 2.37521 | 26
4882557906218632324 | 85 | 2.37521 | 26
-8681628261272286968 | 86 | 2.37521 | 26
1083487551164977681 | 87 | 2.37521 | 26
2166975102329955362 | 88 | 2.37521 | 26
4333950204659910725 | 89 | 2.37521 | 26
8667900409319821451 | 90 | 2.37521 | 26
-1110943255069908714 | 91 | 0.85505 | 1
-1110943255069908713 | 91 | 2.37521 | 25
-2221886510139817425 | 92 | 2.37521 | 25
-4443773020279634849 | 93 | 2.37521 | 25
-8887546040559269697 | 94 | 2.37521 | 25
671651992591012223 | 95 | 2.37521 | 25
1343303985182024446 | 96 | 2.37521 | 25
2686607970364048892 | 97 | 1.76964 | 19
5373215940728097784 | 98 | 1.76964 | 19
-7700312192253356047 | 99 | 1.76964 | 19
3046119689202839522 | 100 | 1.76964 | 19
6092239378405679045 | 101 | 1.76964 | 19
-6262265316898193526 | 102 | 1.76964 | 19
5922213439913164564 | 103 | 1.76964 | 19
-6602317193883222488 | 104 | 1.76964 | 13
5242109685943106640 | 105 | 7.63267 | 10
5242109685943106641 | 105 | 7.66101 | 3
-6602317193883222487 | 104 | 4.68058e-310 | 6
2686607970364048893 | 97 | 4.68058e-310 | 6
610319738277329041 | 82 | 1.55182 | 14
1220639476554658082 | 83 | 1.55182 | 14
2441278953109316164 | 84 | 4.68058e-310 | 10
2441278953109316165 | 84 | 4.68058e-310 | 4
5207219262551977925 | 77 | 8.72256 | 159
-8032305548605595766 | 78 | 8.72256 | 159
2382132976498360084 | 79 | 4.68058e-310 | 10
2382132976498360085 | 79 | 8.72256 | 149
4764265952996720171 | 80 | 8.72256 | 149
-8918212167716111274 | 81 | 8.72256 | 149
610319738277329068 | 82 | 8.72256 | 149
1220639476554658136 | 83 | 8.72256 | 149
2441278953109316272 | 84 | 8.72256 | 149
4882557906218632544 | 85 | 8.72256 | 149
-8681628261272286528 | 86 | 8.72256 | 148
1083487551164978560 | 87 | 8.72256 | 148
2166975102329957120 | 88 | 8.72256 | 148
4333950204659914240 | 89 | 5.45154 | 33
8667900409319828480 | 90 | 5.45154 | 33
-1110943255069894656 | 91 | 5.45154 | 33
-2221886510139789312 | 92 | 5.45154 | 33
-4443773020279578624 | 93 | 5.45154 | 33
-8887546040559157248 | 94 | 5.45154 | 33
671651992591237121 | 95 | 5.45154 | 33
1343303985182474242 | 96 | 5.45154 | 33
2686607970364948484 | 97 | 3.12989 | 21
5373215940729896968 | 98 | 3.12989 | 21
-7700312192249757680 | 99 | 3.12989 | 21
3046119689210036256 | 100 | 3.12989 | 21
6092239378420072512 | 101 | 3.12989 | 21
-6262265316869406592 | 102 | 3.12989 | 21
5922213439970738432 | 103 | 0.0391216 | 9
5922213439970738433 | 103 | 2.33566 | 12
-6602317193768074750 | 104 | 1.98412 | 11
5242109686173402117 | 105 | 1.98412 | 11
-7962524701362747382 | 106 | 1.98412 | 11
2521694670984056852 | 107 | 57.1116 | 10
2521694670984056853 | 107 | 77.4732 | 1
-6602317193768074749 | 104 | 4.68058e-310 | 1
2686607970364948485 | 97 | 2.09222 | 12
5373215940729896970 | 98 | 2.09222 | 12
-7700312192249757676 | 99 | 2.09222 | 12
3046119689210036265 | 100 | 2.09222 | 12
6092239378420072531 | 101 | 2.09222 | 12
-6262265316869406554 | 102 | 2.09222 | 12
5922213439970738509 | 103 | 2.09222 | 12
-6602317193768074597 | 104 | 2.09222 | 12
5242109686173402422 | 105 | 2.09222 | 12
-7962524701362746772 | 106 | 2.09222 | 12
2521694670984058072 | 107 | 2.09222 | 12
5043389341968116145 | 108 | 2.09222 | 12
-8359965389773319326 | 109 | 2.09222 | 11
1726813294162912965 | 110 | 2.09222 | 11
3453626588325825930 | 111 | 2.09222 | 11
6907253176651651860 | 112 | 30.0813 | 10
6907253176651651861 | 112 | 44.493 | 1
-8359965389773319325 | 109 | 4.68058e-310 | 1
4333950204659914241 | 89 | 6.91264 | 115
8667900409319828483 | 90 | 6.91264 | 115
-1110943255069894650 | 91 | 6.91264 | 115
-2221886510139789300 | 92 | 5.99105 | 113
-4443773020279578599 | 93 | 5.99105 | 113
-8887546040559157198 | 94 | 5.0112 | 77
671651992591237221 | 95 | 5.0112 | 77
1343303985182474443 | 96 | 5.0112 | 77
2686607970364948887 | 97 | 5.0112 | 77
5373215940729897775 | 98 | 5.0112 | 77
-7700312192249756066 | 99 | 5.0112 | 77
3046119689210039484 | 100 | 5.0112 | 77
6092239378420078968 | 101 | 4.07141 | 43
-6262265316869393680 | 102 | 4.07141 | 43
5922213439970764256 | 103 | 16.8452 | 10
5922213439970764257 | 103 | 3.0554 | 33
-6602317193768023102 | 104 | 1.7837 | 18
5242109686173505413 | 105 | 1.7837 | 18
-7962524701362540789 | 106 | 1.7837 | 18
2521694670984470039 | 107 | 1.7837 | 18
5043389341968940079 | 108 | 1.7837 | 18
-8359965389771671458 | 109 | 1.41162 | 11
1726813294166208700 | 110 | 1.41162 | 11
3453626588332417401 | 111 | 1.41162 | 11
6907253176664834802 | 112 | 1.41162 | 11
-4632237720379882012 | 113 | 0.037513 | 6
-4632237720379882011 | 113 | 3.00886e-321 | 5
-8359965389771671457 | 109 | 4.68058e-310 | 7
-6602317193768023101 | 104 | 3.00369 | 15
5242109686173505415 | 105 | 3.00369 | 15
-7962524701362540786 | 106 | 2.19013 | 12
2521694670984470044 | 107 | 2.19013 | 12
5043389341968940088 | 108 | 2.19013 | 12
-8359965389771671440 | 109 | 2.19013 | 12
1726813294166208736 | 110 | 2.19013 | 12
3453626588332417473 | 111 | 2.19013 | 12
6907253176664834946 | 112 | 2.19013 | 12
-4632237720379881723 | 113 | 2.19013 | 12
9182268632949788170 | 114 | 2.19013 | 12
-82206807809975275 | 115 | 2.19013 | 12
-164413615619950550 | 116 | 2.19013 | 12
-328827231239901100 | 117 | 2.19013 | 12
-657654462479802200 | 118 | 1.3488e-321 | 2
-657654462479802199 | 118 | 44.6997 | 10
-7962524701362540785 | 106 | 4.68058e-310 | 3
6092239378420078969 | 101 | 4.05829 | 34
-6262265316869393678 | 102 | 4.05829 | 34
5922213439970764260 | 103 | 4.05829 | 34
-6602317193768023095 | 104 | 4.05829 | 34
5242109686173505426 | 105 | 4.05829 | 34
-7962524701362540764 | 106 | 2.42732 | 17
2521694670984470088 | 107 | 2.42732 | 17
5043389341968940177 | 108 | 2.42732 | 17
-8359965389771671262 | 109 | 2.42732 | 17
1726813294166209092 | 110 | 2.42732 | 17
3453626588332418184 | 111 | 2.42732 | 17
6907253176664836369 | 112 | 2.42732 | 17
-4632237720379878877 | 113 | 2.42732 | 17
9182268632949793863 | 114 | 2.42732 | 17
-82206807809963889 | 115 | 2.42732 | 17
-164413615619927778 | 116 | 0.280971 | 2
-164413615619927777 | 116 | 2.42732 | 15
-328827231239855554 | 117 | 2.42732 | 15
-657654462479711108 | 118 | 2.42732 | 15
-1315308924959422216 | 119 | 10.9512 | 6
-1315308924959422215 | 119 | 0.194445 | 9
-7962524701362540763 | 106 | 2.03187 | 17
2521694670984470091 | 107 | 2.03187 | 17
5043389341968940182 | 108 | 4.68058e-310 | 7
5043389341968940183 | 108 | 4.68058e-310 | 10
-8887546040559157197 | 94 | 3.44493 | 36
671651992591237223 | 95 | 3.44493 | 36
1343303985182474447 | 96 | 3.44493 | 36
2686607970364948895 | 97 | 3.44493 | 36
5373215940729897791 | 98 | 3.44493 | 36
-7700312192249756033 | 99 | 3.44493 | 36
3046119689210039551 | 100 | 3.44493 | 36
6092239378420079103 | 101 | 3.44493 | 36
-6262265316869393410 | 102 | 3.15693 | 27
5922213439970764797 | 103 | 3.15693 | 27
-6602317193768022021 | 104 | 3.15693 | 27
5242109686173507574 | 105 | 3.15693 | 27
-7962524701362536468 | 106 | 3.15693 | 27
2521694670984478681 | 107 | 3.15693 | 27
5043389341968957363 | 108 | 3.15693 | 27
-8359965389771636890 | 109 | 3.15693 | 27
1726813294166277836 | 110 | 2.2925 | 20
3453626588332555672 | 111 | 2.2925 | 20
6907253176665111344 | 112 | 2.2925 | 20
-4632237720379328928 | 113 | 1.95453 | 16
9182268632950893760 | 114 | 1.95453 | 16
-82206807807764096 | 115 | 0.0204805 | 9
-82206807807764095 | 115 | 1.09829 | 7
-4632237720379328927 | 113 | 4.68058e-310 | 4
1726813294166277837 | 110 | 4.68058e-310 | 7
-6262265316869393409 | 102 | 4.68058e-310 | 9
-2221886510139789299 | 92 | 4.68058e-310 | 2
-8681628261272286527 | 86 | 4.68058e-310 | 1
300598389646665 | 49 | 4.68058e-310 | 4
150299194823333 | 48 | 18.6454 | 139
300598389646666 | 49 | 18.6454 | 139
601196779293333 | 50 | 18.6454 | 139
1202393558586666 | 51 | 18.6454 | 139
2404787117173333 | 52 | 18.6454 | 139
4809574234346666 | 53 | 18.3567 | 116
9619148468693333 | 54 | 18.3567 | 116
19238296937386667 | 55 | 18.3567 | 116
38476593874773335 | 56 | 18.3567 | 116
76953187749546670 | 57 | 18.3567 | 116
153906375499093340 | 58 | 16.6907 | 86
307812750998186681 | 59 | 16.6907 | 86
615625501996373363 | 60 | 16.6907 | 86
1231251003992746726 | 61 | 16.6907 | 86
2462502007985493453 | 62 | 16.6907 | 86
4925004015970986907 | 63 | 16.6907 | 86
-8596736041767577802 | 64 | 16.6907 | 86
1253271990174396012 | 65 | 16.2409 | 72
2506543980348792024 | 66 | 16.2409 | 72
5013087960697584048 | 67 | 16.2409 | 72
-8420568152314383520 | 68 | 16.2409 | 72
1605607769080784576 | 69 | 16.2409 | 72
3211215538161569152 | 70 | 16.2409 | 72
6422431076323138304 | 71 | 16.2409 | 72
-5601881921063275008 | 72 | 16.2409 | 72
7242980231583001600 | 73 | 14.8651 | 57
-3960783610543548415 | 74 | 14.8651 | 57
-7921567221087096830 | 75 | 14.8651 | 57
2603609631535357956 | 76 | 11.5009 | 35
5207219263070715912 | 77 | 11.5009 | 35
-8032305547568119792 | 78 | 11.5009 | 35
2382132978573312033 | 79 | 11.5009 | 35
4764265957146624066 | 80 | 11.5009 | 35
-8918212159416303484 | 81 | 11.5009 | 35
610319754876944648 | 82 | 11.5009 | 35
1220639509753889297 | 83 | 11.5009 | 35
2441279019507778595 | 84 | 11.5009 | 35
4882558039015557191 | 85 | 11.5009 | 35
-8681627995678437233 | 86 | 11.5009 | 35
1083488082352677151 | 87 | 11.5009 | 35
2166976164705354302 | 88 | 11.5009 | 35
4333952329410708604 | 89 | 11.5009 | 30
8667904658821417209 | 90 | 11.5009 | 30
-1110934756066717197 | 91 | 11.5009 | 30
-2221869512133434393 | 92 | 11.5009 | 30
-4443739024266868786 | 93 | 11.5009 | 30
-8887478048533737572 | 94 | 42.2604 | 2
-8887478048533737571 | 94 | 9.52207 | 28
671787976642076475 | 95 | 9.52207 | 28
1343575953284152951 | 96 | 9.52207 | 28
2687151906568305903 | 97 | 9.52207 | 28
5374303813136611806 | 98 | 9.52207 | 28
-7698136447436328003 | 99 | 9.52207 | 28
3050471178836895610 | 100 | 9.52207 | 28
6100942357673791220 | 101 | 9.52207 | 28
-6244859358361969176 | 102 | 9.52207 | 28
5957025356985613264 | 103 | 9.52207 | 28
-6532693359738325087 | 104 | 9.52207 | 28
5381357354232901443 | 105 | 9.52207 | 28
-7684029365243748730 | 106 | 8.53509 | 3
-7684029365243748729 | 106 | 8.81654 | 25
3078685343222054158 | 107 | 8.81654 | 25
6157370686444108316 | 108 | 8.81654 | 25
-6132002700821334984 | 109 | 8.81654 | 25
6182738672066881648 | 110 | 8.81654 | 25
-6081266729575788320 | 111 | 8.81654 | 25
6284210614557974976 | 112 | 8.81654 | 25
-5878322844593601664 | 113 | 7.61024 | 13
6690098384522348288 | 114 | 7.61024 | 13
-5066547304664855040 | 115 | 7.61024 | 13
8313649464379841536 | 116 | 7.61024 | 13
-1819445144949868544 | 117 | 7.61024 | 13
-3638890289899737087 | 118 | 7.61024 | 13
-7277780579799474174 | 119 | 7.61024 | 11
3891182914110603268 | 120 | 2.23453 | 3
3891182914110603269 | 120 | 4.68058e-310 | 8
-7277780579799474173 | 119 | 4.68058e-310 | 2
-5878322844593601663 | 113 | 7.03156 | 12
6690098384522348291 | 114 | 7.03156 | 12
-5066547304664855034 | 115 | 4.68058e-310 | 7
-5066547304664855033 | 115 | 4.68058e-310 | 5
4333952329410708605 | 89 | 4.68058e-310 | 5
2603609631535357957 | 76 | 7.91568 | 22
5207219263070715914 | 77 | 7.91568 | 22
-8032305547568119787 | 78 | 7.91568 | 22
2382132978573312042 | 79 | 7.91568 | 22
4764265957146624084 | 80 | 7.91568 | 22
-8918212159416303448 | 81 | 7.91568 | 22
610319754876944720 | 82 | 7.91568 | 22
1220639509753889440 | 83 | 7.91568 | 22
2441279019507778880 | 84 | 7.91568 | 22
4882558039015557760 | 85 | 7.91568 | 22
-8681627995678436096 | 86 | 3.73681 | 14
1083488082352679425 | 87 | 3.73681 | 14
2166976164705358850 | 88 | 4.68058e-310 | 6
2166976164705358851 | 88 | 4.68058e-310 | 8
-8681627995678436095 | 86 | 4.68058e-310 | 8
7242980231583001601 | 73 | 5.30882 | 15
-3960783610543548414 | 74 | 5.30882 | 15
-7921567221087096827 | 75 | 5.30882 | 15
2603609631535357962 | 76 | 5.30882 | 15
5207219263070715924 | 77 | 4.68058e-310 | 9
5207219263070715925 | 77 | 4.68058e-310 | 6
1253271990174396013 | 65 | 14.9617 | 14
2506543980348792027 | 66 | 14.9617 | 14
5013087960697584054 | 67 | 14.9617 | 14
-8420568152314383508 | 68 | 14.9617 | 14
1605607769080784601 | 69 | 14.9617 | 14
3211215538161569202 | 70 | 4.68058e-310 | 1
3211215538161569203 | 70 | 8.93828 | 13
6422431076323138407 | 71 | 8.93828 | 13
-5601881921063274801 | 72 | 8.93828 | 13
7242980231583002015 | 73 | 8.93828 | 13
-3960783610543547586 | 74 | 8.93828 | 13
-7921567221087095172 | 75 | 8.93828 | 13
2603609631535361273 | 76 | 8.93828 | 13
5207219263070722547 | 77 | 8.93828 | 13
-8032305547568106521 | 78 | 8.93828 | 13
2382132978573338574 | 79 | 8.93828 | 13
4764265957146677148 | 80 | 8.93828 | 13
-8918212159416197319 | 81 | 8.93828 | 13
610319754877156978 | 82 | 8.93828 | 13
1220639509754313957 | 83 | 8.93828 | 13
2441279019508627914 | 84 | 8.93828 | 13
4882558039017255828 | 85 | 0.159068 | 3
4882558039017255829 | 85 | 4.68058e-310 | 10
153906375499093341 | 58 | 7.40391 | 30
307812750998186682 | 59 | 4.68058e-310 | 4
307812750998186683 | 59 | 6.27141 | 26
615625501996373366 | 60 | 6.27141 | 26
1231251003992746732 | 61 | 6.27141 | 26
2462502007985493465 | 62 | 6.27141 | 26
4925004015970986931 | 63 | 6.27141 | 26
-8596736041767577753 | 64 | 6.27141 | 26
1253271990174396110 | 65 | 6.27141 | 26
2506543980348792220 | 66 | 6.27141 | 26
5013087960697584440 | 67 | 6.27141 | 26
-8420568152314382736 | 68 | 2.52011 | 12
1605607769080786144 | 69 | 2.52011 | 12
3211215538161572289 | 70 | 2.52011 | 12
6422431076323144579 | 71 | 2.52011 | 12
-5601881921063262457 | 72 | 2.52011 | 12
7242980231583026703 | 73 | 2.52011 | 12
-3960783610543498210 | 74 | 4.68058e-310 | 6
-3960783610543498209 | 74 | 3.44054 | 6
-8420568152314382735 | 68 | 4.4494 | 14
1605607769080786147 | 69 | 4.4494 | 14
3211215538161572295 | 70 | 4.4494 | 14
6422431076323144590 | 71 | 4.4494 | 14
-5601881921063262436 | 72 | 4.4494 | 14
7242980231583026745 | 73 | 4.4494 | 14
-3960783610543498126 | 74 | 4.4494 | 14
-7921567221086996252 | 75 | 4.4494 | 14
2603609631535559112 | 76 | 4.4494 | 14
5207219263071118224 | 77 | 4.4494 | 14
-8032305547567315168 | 78 | 7.02291 | 3
-8032305547567315167 | 78 | 4.09846 | 11
2382132978574921282 | 79 | 4.09846 | 11
4764265957149842564 | 80 | 25.093 | 6
4764265957149842565 | 80 | 0 | 5
4809574234346667 | 53 | 16.3404 | 23
9619148468693334 | 54 | 16.3404 | 23
19238296937386668 | 55 | 16.3404 | 23
38476593874773336 | 56 | 16.3404 | 23
76953187749546673 | 57 | 16.3404 | 23
153906375499093347 | 58 | 16.3404 | 23
307812750998186694 | 59 | 16.3404 | 23
615625501996373388 | 60 | 16.3404 | 23
1231251003992746776 | 61 | 4.68058e-310 | 5
1231251003992746777 | 61 | 9.89662 | 18
2462502007985493555 | 62 | 9.89662 | 18
4925004015970987111 | 63 | 9.89662 | 18
-8596736041767577394 | 64 | 4.68058e-310 | 3
-8596736041767577393 | 64 | 6.78139 | 15
1253271990174396830 | 65 | 6.78139 | 15
2506543980348793660 | 66 | 6.78139 | 15
5013087960697587320 | 67 | 6.78139 | 15
-8420568152314376976 | 68 | 6.78139 | 15
1605607769080797664 | 69 | 6.78139 | 15
3211215538161595329 | 70 | 6.78139 | 15
6422431076323190659 | 71 | 6.78139 | 15
-5601881921063170298 | 72 | 6.01039 | 5
-5601881921063170297 | 72 | 86.1391 | 10
9173534841 | 34 | 10.4088 | 69
18347069683 | 35 | 10.4088 | 69
36694139366 | 36 | 10.4088 | 69
73388278733 | 37 | 10.4088 | 69
146776557466 | 38 | 10.4088 | 69
293553114932 | 39 | 10.4088 | 69
587106229865 | 40 | 10.4088 | 69
1174212459730 | 41 | 10.4088 | 69
2348424919461 | 42 | 10.4088 | 69
4696849838922 | 43 | 10.4088 | 69
9393699677845 | 44 | 10.4088 | 69
18787399355691 | 45 | 10.4088 | 69
37574798711383 | 46 | 10.4088 | 69
75149597422767 | 47 | 10.4088 | 69
150299194845534 | 48 | 10.4088 | 69
300598389691069 | 49 | 10.4088 | 69
601196779382138 | 50 | 8.50473 | 56
1202393558764277 | 51 | 8.50473 | 56
2404787117528555 | 52 | 8.50473 | 56
4809574235057111 | 53 | 8.50473 | 56
9619148470114223 | 54 | 8.50473 | 56
19238296940228447 | 55 | 8.50473 | 56
38476593880456894 | 56 | 5.40521 | 34
76953187760913788 | 57 | 5.40521 | 34
153906375521827577 | 58 | 5.40521 | 34
307812751043655155 | 59 | 5.40521 | 34
615625502087310310 | 60 | 5.40521 | 34
1231251004174620621 | 61 | 5.40521 | 34
2462502008349241243 | 62 | 5.40521 | 34
4925004016698482486 | 63 | 5.40521 | 34
-8596736040312586643 | 64 | 5.40521 | 34
1253271993084378330 | 65 | 5.40521 | 34
2506543986168756661 | 66 | 5.40521 | 34
5013087972337513322 | 67 | 5.40521 | 34
-8420568129034524972 | 68 | 5.40521 | 34
1605607815640501672 | 69 | 5.40521 | 34
3211215631281003344 | 70 | 5.40521 | 34
6422431262562006689 | 71 | 5.40521 | 34
-5601881548585538238 | 72 | 5.40521 | 34
7242980976538475141 | 73 | 5.40521 | 34
-3960782120632601334 | 74 | 5.40521 | 34
-7921564241265202668 | 75 | 5.40521 | 34
2603615591179146281 | 76 | 5.40521 | 34
5207231182358292562 | 77 | 5.40521 | 34
-8032281708992966491 | 78 | 5.40521 | 34
2382180655723618635 | 79 | 5.40521 | 34
4764361311447237270 | 80 | 5.40521 | 34
-8918021450815077076 | 81 | 5.40521 | 34
610701172079397465 | 82 | 5.40521 | 34
1221402344158794930 | 83 | 5.40521 | 34
2442804688317589860 | 84 | 5.40521 | 34
4885609376635179720 | 85 | 4.61928 | 23
-8675525320439192175 | 86 | 4.61928 | 23
1095693432831167266 | 87 | 0.656278 | 3
1095693432831167267 | 87 | 4.61928 | 20
2191386865662334535 | 88 | 4.61928 | 20
4382773731324669071 | 89 | 4.61928 | 20
8765547462649338142 | 90 | 4.61928 | 20
-915649148410875331 | 91 | 4.61928 | 20
-1831298296821750661 | 92 | 4.61928 | 20
-3662596593643501321 | 93 | 4.61928 | 20
-7325193187287002642 | 94 | 4.61928 | 20
3796357699135546332 | 95 | 4.61928 | 20
7592715398271092664 | 96 | 4.61928 | 20
-3261313277167366288 | 97 | 4.61928 | 20
-6522626554334732576 | 98 | 3.69017 | 16
5401490965040086464 | 99 | 3.69017 | 16
-7643762143629378688 | 100 | 3.69017 | 16
3159219786450794240 | 101 | 7.41813 | 1
3159219786450794241 | 101 | 2.86646 | 15
6318439572901588482 | 102 | 2.86646 | 15
-5809864927906374652 | 103 | 16.0866 | 7
-5809864927906374651 | 103 | 22.1272 | 8
-6522626554334732575 | 98 | 4.68058e-310 | 4
4885609376635179721 | 85 | 3.13043 | 11
-8675525320439192174 | 86 | 4.68058e-310 | 4
-8675525320439192173 | 86 | 4.68058e-310 | 7
38476593880456895 | 56 | 4.09508 | 22
76953187760913790 | 57 | 3.47292 | 17
153906375521827581 | 58 | 3.47292 | 17
307812751043655162 | 59 | 3.47292 | 17
615625502087310324 | 60 | 4.68058e-310 | 4
615625502087310325 | 60 | 2.89718 | 13
1231251004174620650 | 61 | 2.17443 | 12
2462502008349241300 | 62 | 2.17443 | 12
4925004016698482600 | 63 | 4.68058e-310 | 2
4925004016698482601 | 63 | 4.68058e-310 | 10
1231251004174620651 | 61 | 4.68058e-310 | 1
76953187760913791 | 57 | 4.68058e-310 | 5
601196779382139 | 50 | 4.17789 | 13
1202393558764279 | 51 | 4.17789 | 13
2404787117528559 | 52 | 4.17789 | 13
4809574235057119 | 53 | 4.17789 | 13
9619148470114239 | 54 | 4.17789 | 13
19238296940228478 | 55 | 3.80486 | 12
38476593880456956 | 56 | 2.61865 | 11
76953187760913912 | 57 | 2.61865 | 11
153906375521827824 | 58 | 2.61865 | 11
307812751043655648 | 59 | 2.61865 | 11
615625502087311296 | 60 | 4.68058e-310 | 7
615625502087311297 | 60 | 4.68058e-310 | 4
38476593880456957 | 56 | 4.68058e-310 | 1
19238296940228479 | 55 | 4.68058e-310 | 1
