ID | Depth | diameter | Number of points
0 | 0 | 29.316 | 1600
0 | 1 | 29.316 | 1600
1 | 2 | 29.316 | 1600
2 | 3 | 29.316 | 1600
4 | 4 | 29.316 | 1600
8 | 5 | 29.316 | 1255
16 | 6 | 29.316 | 1255
32 | 7 | 29.316 | 1255
64 | 8 | 29.316 | 1255
128 | 9 | 29.316 | 1255
256 | 10 | 29.316 | 1255
512 | 11 | 29.316 | 1255
1024 | 12 | 29.316 | 1255
2048 | 13 | 25.1884 | 208
4096 | 14 | 25.1884 | 208
8193 | 15 | 25.1884 | 208
16387 | 16 | 25.1884 | 208
32775 | 17 | 25.1884 | 208
65550 | 18 | 15.958 | 53
131100 | 19 | 15.958 | 53
262201 | 20 | 15.958 | 53
524402 | 21 | 15.958 | 53
1048804 | 22 | 10.8546 | 1
1048805 | 22 | 13.0555 | 52
2097611 | 23 | 13.0555 | 52
4195223 | 24 | 13.0555 | 52
8390446 | 25 | 7.05907 | 22
16780893 | 26 | 7.05907 | 22
33561787 | 27 | 7.05907 | 22
67123574 | 28 | 7.05907 | 22
134247149 | 29 | 7.05907 | 22
268494298 | 30 | 7.05907 | 22
536988597 | 31 | 7.05907 | 22
1073977195 | 32 | 7.05907 | 22
2147954391 | 33 | 7.05907 | 22
4295908783 | 34 | 7.05907 | 22
8591817566 | 35 | 7.05907 | 22
17183635132 | 36 | 7.05907 | 22
34367270264 | 37 | 7.05907 | 22
68734540528 | 38 | 7.05907 | 22
137469081056 | 39 | 0.228103 | 5
137469081057 | 39 | 5.82398 | 17
274938162114 | 40 | 5.82398 | 17
549876324229 | 41 | 5.82398 | 17
1099752648458 | 42 | 5.82398 | 17
2199505296917 | 43 | 5.82398 | 17
4399010593834 | 44 | 5.82398 | 17
8798021187668 | 45 | 5.82398 | 17
17596042375337 | 46 | 5.82398 | 17
35192084750675 | 47 | 5.82398 | 17
70384169501351 | 48 | 5.82398 | 17
140768339002702 | 49 | 5.82398 | 17
281536678005404 | 50 | 5.82398 | 17
563073356010809 | 51 | 5.82398 | 17
1126146712021618 | 52 | 5.82398 | 17
2252293424043237 | 53 | 5.82398 | 17
4504586848086474 | 54 | 5.82398 | 17
9009173696172948 | 55 | 5.82398 | 17
18018347392345896 | 56 | 5.82115 | 16
36036694784691792 | 57 | 5.82115 | 16
72073389569383585 | 58 | 5.82115 | 16
144146779138767170 | 59 | 5.82115 | 14
288293558277534341 | 60 | 5.82115 | 14
576587116555068683 | 61 | 5.82115 | 14
1153174233110137367 | 62 | 5.82115 | 14
2306348466220274735 | 63 | 5.82115 | 14
4612696932440549471 | 64 | 5.82115 | 14
-9221350208828452673 | 65 | 5.82115 | 14
4043656052646271 | 66 | 5.82115 | 14
8087312105292543 | 67 | 5.82115 | 14
16174624210585086 | 68 | 5.82115 | 14
32349248421170172 | 69 | 5.82115 | 14
64698496842340345 | 70 | 5.82115 | 14
129396993684680691 | 71 | 5.82115 | 14
258793987369361383 | 72 | 5.82115 | 14
517587974738722767 | 73 | 5.82115 | 14
1035175949477445534 | 74 | 4.15107 | 12
2070351898954891069 | 75 | 4.15107 | 12
4140703797909782139 | 76 | 4.15107 | 12
8281407595819564278 | 77 | 4.15107 | 12
-1883928882070423059 | 78 | 4.15107 | 12
-3767857764140846117 | 79 | 4.15107 | 12
-7535715528281692234 | 80 | 4.15107 | 12
3375313017146167148 | 81 | 4.15107 | 12
6750626034292334296 | 82 | 4.15107 | 12
-4945492005124883024 | 83 | 18.3904 | 6
-4945492005124883023 | 83 | 139.957 | 6
1035175949477445535 | 74 | 4.68058e-310 | 2
144146779138767171 | 59 | 4.68058e-310 | 2
18018347392345897 | 56 | 4.68058e-310 | 1
8390447 | 25 | 8.33612 | 30
16780895 | 26 | 8.33612 | 30
33561790 | 27 | 8.33612 | 30
67123580 | 28 | 4.68058e-310 | 4
67123581 | 28 | 7.86117 | 26
134247162 | 29 | 7.86117 | 26
268494324 | 30 | 7.86117 | 26
536988648 | 31 | 6.16301 | 14
1073977296 | 32 | 4.68058e-310 | 2
1073977297 | 32 | 5.71974 | 12
2147954594 | 33 | 5.71974 | 12
4295909188 | 34 | 4.68058e-310 | 8
4295909189 | 34 | 4.68058e-310 | 4
536988649 | 31 | 5.51117 | 12
1073977298 | 32 | 4.68058e-310 | 6
1073977299 | 32 | 4.68058e-310 | 6
65551 | 18 | 18.1073 | 155
131103 | 19 | 18.1073 | 155
262206 | 20 | 18.1073 | 155
524412 | 21 | 16.3632 | 150
1048825 | 22 | 16.3632 | 150
2097650 | 23 | 16.3632 | 150
4195300 | 24 | 10.4863 | 47
8390600 | 25 | 34.5945 | 2
8390601 | 25 | 7.62677 | 45
16781203 | 26 | 7.62677 | 45
33562406 | 27 | 7.62677 | 45
67124812 | 28 | 7.62677 | 45
134249624 | 29 | 7.62677 | 45
268499248 | 30 | 6.82637 | 16
536998496 | 31 | 6.82637 | 16
1073996992 | 32 | 6.82637 | 16
2147993984 | 33 | 2.37152e-322 | 4
2147993985 | 33 | 6.82637 | 12
4295987970 | 34 | 6.82637 | 12
8591975940 | 35 | 4.5078 | 6
8591975941 | 35 | 21.8263 | 6
268499249 | 30 | 6.63038 | 29
536998499 | 31 | 6.63038 | 29
1073996998 | 32 | 6.63038 | 29
2147993997 | 33 | 6.63038 | 29
4295987994 | 34 | 6.63038 | 29
8591975988 | 35 | 6.63038 | 29
17183951976 | 36 | 6.63038 | 29
34367903953 | 37 | 6.63038 | 29
68735807906 | 38 | 6.63038 | 29
137471615812 | 39 | 11.9981 | 5
137471615813 | 39 | 6.63038 | 24
274943231626 | 40 | 6.63038 | 24
549886463253 | 41 | 6.63038 | 24
1099772926507 | 42 | 6.63038 | 24
2199545853015 | 43 | 6.63038 | 24
4399091706030 | 44 | 3.05068 | 13
8798183412060 | 45 | 27.587 | 3
8798183412061 | 45 | 4.68058e-310 | 10
4399091706031 | 44 | 1.74194 | 11
8798183412062 | 45 | 1.74194 | 11
17596366824125 | 46 | 1.74194 | 11
35192733648250 | 47 | 1.74194 | 11
70385467296500 | 48 | 1.74194 | 11
140770934593000 | 49 | 1.74194 | 11
281541869186001 | 50 | 1.74194 | 11
563083738372002 | 51 | 1.74194 | 11
1126167476744004 | 52 | 26.4921 | 10
1126167476744005 | 52 | 0.127833 | 1
4195301 | 24 | 13.3551 | 103
8390602 | 25 | 13.3551 | 103
16781204 | 26 | 13.3551 | 103
33562409 | 27 | 13.3551 | 103
67124818 | 28 | 147.368 | 7
67124819 | 28 | 10.3556 | 96
134249638 | 29 | 10.3556 | 89
268499276 | 30 | 8.64593 | 77
536998553 | 31 | 8.64593 | 77
1073997107 | 32 | 8.64593 | 77
2147994214 | 33 | 8.64593 | 77
4295988429 | 34 | 8.64593 | 77
8591976859 | 35 | 8.64593 | 77
17183953718 | 36 | 8.64593 | 77
34367907437 | 37 | 8.64593 | 77
68735814875 | 38 | 8.64593 | 77
137471629750 | 39 | 8.64593 | 77
274943259500 | 40 | 8.64593 | 77
549886519000 | 41 | 8.64593 | 77
1099773038000 | 42 | 8.64593 | 77
2199546076000 | 43 | 8.64593 | 77
4399092152000 | 44 | 8.64593 | 77
8798184304000 | 45 | 8.64593 | 77
17596368608001 | 46 | 8.64593 | 77
35192737216002 | 47 | 0 | 3
35192737216003 | 47 | 7.63431 | 74
70385474432006 | 48 | 7.63431 | 74
140770948864012 | 49 | 7.63431 | 74
281541897728025 | 50 | 7.63431 | 74
563083795456050 | 51 | 7.63431 | 74
1126167590912101 | 52 | 7.63431 | 74
2252335181824203 | 53 | 7.63431 | 74
4504670363648406 | 54 | 6.99964 | 63
9009340727296812 | 55 | 6.99964 | 63
18018681454593624 | 56 | 6.99964 | 63
36037362909187249 | 57 | 6.99964 | 63
72074725818374498 | 58 | 6.99964 | 63
144149451636748996 | 59 | 0 | 1
144149451636748997 | 59 | 6.7055 | 62
288298903273497994 | 60 | 6.7055 | 62
576597806546995988 | 61 | 26.1856 | 2
576597806546995989 | 61 | 6.62723 | 60
1153195613093991978 | 62 | 6.62723 | 60
2306391226187983956 | 63 | 6.62723 | 60
4612782452375967913 | 64 | 6.62723 | 60
-9221179168957615790 | 65 | 6.62723 | 60
4385735794320037 | 66 | 6.62723 | 60
8771471588640074 | 67 | 6.62723 | 60
17542943177280148 | 68 | 6.62723 | 60
35085886354560297 | 69 | 6.62723 | 60
70171772709120594 | 70 | 6.62723 | 60
140343545418241188 | 71 | 3.84149 | 37
280687090836482376 | 72 | 3.84149 | 37
561374181672964753 | 73 | 3.84149 | 37
1122748363345929507 | 74 | 3.84149 | 37
2245496726691859014 | 75 | 3.84149 | 37
4490993453383718029 | 76 | 3.84149 | 37
8981986906767436058 | 77 | 3.84149 | 37
-482770260174679499 | 78 | 3.84149 | 37
-965540520349358998 | 79 | 3.84149 | 37
-1931081040698717995 | 80 | 3.84149 | 37
-3862162081397435990 | 81 | 3.84149 | 37
-7724324162794871980 | 82 | 13.5652 | 9
-7724324162794871979 | 82 | 3.14259 | 28
2998095748119807658 | 83 | 3.14259 | 28
5996191496239615316 | 84 | 3.14259 | 28
-6454361081230320984 | 85 | 3.14259 | 28
5538021911248909648 | 86 | 2.69976 | 17
-7370700251211732320 | 87 | 2.69976 | 17
3705343571286086977 | 88 | 2.69976 | 17
7410687142572173954 | 89 | 2.19129 | 1
7410687142572173955 | 89 | 2.69976 | 16
-3625369788565203705 | 90 | 2.69976 | 16
-7250739577130407410 | 91 | 2.69976 | 16
3945264919448736796 | 92 | 2.69976 | 16
7890529838897473592 | 93 | 2.69976 | 16
-2665684395914604432 | 94 | 2.69976 | 16
-5331368791829208863 | 95 | 2.69976 | 16
7784006490051133890 | 96 | 2.69976 | 16
-2878731093607283836 | 97 | 2.69976 | 16
-5757462187214567671 | 98 | 2.69976 | 16
6931819699280416274 | 99 | 2.69976 | 16
-4583104675148719067 | 100 | 2.69976 | 16
-9166209350297438134 | 101 | 2.69976 | 16
114325373114675349 | 102 | 2.69976 | 16
228650746229350699 | 103 | 2.69976 | 16
457301492458701399 | 104 | 2.69976 | 16
914602984917402798 | 105 | 0.777135 | 6
914602984917402799 | 105 | 0.430331 | 10
5538021911248909649 | 86 | 2.70332 | 11
-7370700251211732317 | 87 | 2.70332 | 11
3705343571286086983 | 88 | 2.70332 | 11
7410687142572173967 | 89 | 2.70332 | 11
-3625369788565203682 | 90 | 4.68058e-310 | 3
-3625369788565203681 | 90 | 4.68058e-310 | 8
140343545418241189 | 71 | 4.64202 | 23
280687090836482379 | 72 | 4.64202 | 23
561374181672964758 | 73 | 3.74301 | 17
1122748363345929517 | 74 | 3.74301 | 17
2245496726691859034 | 75 | 3.30746 | 12
4490993453383718069 | 76 | 3.30746 | 12
8981986906767436138 | 77 | 3.30746 | 12
-482770260174679339 | 78 | 3.30746 | 12
-965540520349358678 | 79 | 3.30746 | 12
-1931081040698717356 | 80 | 3.30746 | 12
-3862162081397434712 | 81 | 3.30746 | 12
-7724324162794869423 | 82 | 3.30746 | 12
2998095748119812770 | 83 | 3.30746 | 12
5996191496239625540 | 84 | 4.68058e-310 | 8
5996191496239625541 | 84 | 4.68058e-310 | 4
2245496726691859035 | 75 | 4.68058e-310 | 5
561374181672964759 | 73 | 4.68058e-310 | 6
4504670363648407 | 54 | 5.78562 | 11
9009340727296815 | 55 | 5.78562 | 11
18018681454593630 | 56 | 5.78562 | 11
36037362909187261 | 57 | 5.78562 | 11
72074725818374523 | 58 | 5.78562 | 11
144149451636749046 | 59 | 5.78562 | 11
288298903273498093 | 60 | 5.78562 | 11
576597806546996187 | 61 | 5.78562 | 11
1153195613093992375 | 62 | 5.78562 | 11
2306391226187984751 | 63 | 5.78562 | 11
4612782452375969503 | 64 | 5.78562 | 11
-9221179168957612610 | 65 | 4.68058e-310 | 5
-9221179168957612609 | 65 | 4.68058e-310 | 6
268499277 | 30 | 10.1756 | 12
536998554 | 31 | 4.68058e-310 | 2
536998555 | 31 | 4.68058e-310 | 10
134249639 | 29 | 4.68058e-310 | 7
524413 | 21 | 4.68058e-310 | 5
2049 | 13 | 26.3994 | 1047
4099 | 14 | 26.3994 | 1047
8198 | 15 | 26.3994 | 1047
16396 | 16 | 26.3994 | 693
32793 | 17 | 26.3994 | 693
65587 | 18 | 26.3994 | 693
131174 | 19 | 26.3994 | 693
262349 | 20 | 26.3994 | 693
524698 | 21 | 26.3994 | 693
1049397 | 22 | 26.3994 | 693
2098794 | 23 | 26.3994 | 693
4197588 | 24 | 26.3994 | 693
8395176 | 25 | 26.3994 | 693
16790353 | 26 | 26.3994 | 693
33580706 | 27 | 19.6589 | 459
67161412 | 28 | 19.6589 | 440
134322824 | 29 | 19.6589 | 440
268645648 | 30 | 19.6589 | 440
537291296 | 31 | 8.34252 | 19
1074582592 | 32 | 29.4281 | 2
1074582593 | 32 | 8.34252 | 17
2149165186 | 33 | 5.53893 | 15
4298330373 | 34 | 5.53893 | 15
8596660746 | 35 | 5.53893 | 15
17193321492 | 36 | 5.53893 | 15
34386642984 | 37 | 5.53893 | 15
68773285968 | 38 | 5.53893 | 15
137546571937 | 39 | 5.53893 | 15
275093143875 | 40 | 5.53893 | 15
550186287751 | 41 | 5.53893 | 15
1100372575503 | 42 | 5.53893 | 15
2200745151006 | 43 | 128.276 | 5
2200745151007 | 43 | 4.36008 | 10
2149165187 | 33 | 4.68058e-310 | 2
537291297 | 31 | 19.6369 | 421
1074582594 | 32 | 19.6369 | 421
2149165189 | 33 | 19.6369 | 421
4298330379 | 34 | 19.6369 | 421
8596660759 | 35 | 19.6369 | 421
17193321518 | 36 | 17.0932 | 267
34386643036 | 37 | 8.89087 | 17
68773286073 | 38 | 8.89087 | 17
137546572146 | 39 | 8.89087 | 17
275093144293 | 40 | 8.89087 | 17
550186288587 | 41 | 8.89087 | 17
1100372577174 | 42 | 8.89087 | 17
2200745154348 | 43 | 8.89087 | 17
4401490308697 | 44 | 8.89087 | 17
8802980617395 | 45 | 8.89087 | 17
17605961234791 | 46 | 8.89087 | 17
35211922469582 | 47 | 7.90505e-322 | 10
35211922469583 | 47 | 1.91504 | 7
34386643037 | 37 | 17.0158 | 250
68773286075 | 38 | 17.0158 | 250
137546572151 | 39 | 17.0158 | 250
275093144302 | 40 | 17.0158 | 250
550186288604 | 41 | 17.0158 | 250
1100372577208 | 42 | 17.0158 | 250
2200745154417 | 43 | 17.0158 | 250
4401490308835 | 44 | 17.0158 | 250
8802980617670 | 45 | 15.6039 | 212
17605961235341 | 46 | 15.6039 | 212
35211922470683 | 47 | 15.6039 | 212
70423844941366 | 48 | 15.6039 | 212
140847689882733 | 49 | 15.6039 | 212
281695379765467 | 50 | 15.6039 | 212
563390759530934 | 51 | 15.6039 | 212
1126781519061868 | 52 | 15.6039 | 212
2253563038123736 | 53 | 15.6039 | 212
4507126076247472 | 54 | 15.6039 | 212
9014252152494945 | 55 | 15.6039 | 212
18028504304989891 | 56 | 15.6039 | 212
36057008609979782 | 57 | 10.1296 | 99
72114017219959564 | 58 | 9.63378 | 19
144228034439919129 | 59 | 9.63378 | 19
288456068879838259 | 60 | 9.63378 | 19
576912137759676518 | 61 | 8.53663 | 17
1153824275519353037 | 62 | 8.53663 | 17
2307648551038706075 | 63 | 8.53663 | 17
4615297102077412151 | 64 | 8.53663 | 17
-9216149869554727313 | 65 | 8.53663 | 17
14444334600096991 | 66 | 8.53663 | 17
28888669200193982 | 67 | 8.53663 | 17
57777338400387964 | 68 | 8.53663 | 17
115554676800775928 | 69 | 6.13233 | 13
231109353601551856 | 70 | 6.13233 | 13
462218707203103712 | 71 | 6.13233 | 13
924437414406207425 | 72 | 6.13233 | 13
1848874828812414850 | 73 | 6.13233 | 13
3697749657624829701 | 74 | 6.13233 | 13
7395499315249659403 | 75 | 6.13233 | 13
-3655745443210232809 | 76 | 6.13233 | 13
-7311490886420465617 | 77 | 6.13233 | 13
3823762300868620382 | 78 | 6.13233 | 13
7647524601737240764 | 79 | 6.13233 | 13
-3151694870235070088 | 80 | 15.4965 | 9
-3151694870235070087 | 80 | 8.3932 | 4
115554676800775929 | 69 | 4.68058e-310 | 4
576912137759676519 | 61 | 4.68058e-310 | 2
72114017219959565 | 58 | 9.89499 | 80
144228034439919131 | 59 | 9.89499 | 80
288456068879838262 | 60 | 7.97779 | 67
576912137759676525 | 61 | 7.97779 | 67
1153824275519353051 | 62 | 7.97779 | 67
2307648551038706102 | 63 | 7.24331 | 32
4615297102077412205 | 64 | 7.24331 | 32
-9216149869554727205 | 65 | 7.24331 | 32
14444334600097206 | 66 | 7.24331 | 32
28888669200194412 | 67 | 7.24331 | 32
57777338400388825 | 68 | 7.24331 | 32
115554676800777651 | 69 | 7.24331 | 32
231109353601555303 | 70 | 7.24331 | 32
462218707203110606 | 71 | 7.24331 | 32
924437414406221212 | 72 | 7.24331 | 32
1848874828812442424 | 73 | 7.24331 | 32
3697749657624884849 | 74 | 7.24331 | 32
7395499315249769699 | 75 | 7.24331 | 32
-3655745443210012217 | 76 | 7.24331 | 32
-7311490886420024433 | 77 | 7.24331 | 32
3823762300869502750 | 78 | 7.24331 | 32
7647524601739005501 | 79 | 7.24331 | 32
-3151694870231540613 | 80 | 7.24331 | 32
-6303389740463081226 | 81 | 7.24331 | 32
5839964592783389164 | 82 | 7.24331 | 32
-6766814888142773287 | 83 | 7.24331 | 32
4913114297424005043 | 84 | 7.24331 | 32
-8620515478861541529 | 85 | 7.24331 | 32
1205713115986468558 | 86 | 7.24331 | 32
2411426231972937116 | 87 | 7.24331 | 32
4822852463945874232 | 88 | 7.24331 | 32
-8801039145817803151 | 89 | 7.24331 | 32
844665782073945315 | 90 | 7.24331 | 32
1689331564147890631 | 91 | 7.24331 | 32
3378663128295781262 | 92 | 2.8468 | 19
6757326256591562525 | 93 | 2.8468 | 19
-4932091560526426566 | 94 | 2.8468 | 19
8582560952656698484 | 95 | 2.8468 | 19
-1281622168396154647 | 96 | 2.8468 | 19
-2563244336792309294 | 97 | 2.8468 | 19
-5126488673584618588 | 98 | 3.04219 | 7
-5126488673584618587 | 98 | 1.54822 | 12
8193766726540314442 | 99 | 1.38411 | 11
-2059210620628922731 | 100 | 1.38411 | 11
-4118421241257845462 | 101 | 1.38411 | 11
-8236842482515690923 | 102 | 1.38411 | 11
1973059108678169770 | 103 | 1.38411 | 11
3946118217356339541 | 104 | 1.38411 | 11
7892236434712679082 | 105 | 0 | 9
7892236434712679083 | 105 | 21.2475 | 2
8193766726540314443 | 99 | 4.68058e-310 | 1
3378663128295781263 | 92 | 4.2454 | 13
6757326256591562527 | 93 | 4.2454 | 13
-4932091560526426562 | 94 | 4.2454 | 13
8582560952656698492 | 95 | 4.2454 | 13
-1281622168396154632 | 96 | 4.2454 | 13
-2563244336792309263 | 97 | 4.2454 | 13
-5126488673584618526 | 98 | 4.2454 | 13
8193766726540314564 | 99 | 4.68058e-310 | 8
8193766726540314565 | 99 | 4.68058e-310 | 5
2307648551038706103 | 63 | 7.16585 | 35
4615297102077412206 | 64 | 7.16585 | 35
-9216149869554727203 | 65 | 7.16585 | 35
14444334600097210 | 66 | 7.16585 | 35
28888669200194420 | 67 | 7.16585 | 35
57777338400388841 | 68 | 7.16585 | 35
115554676800777682 | 69 | 7.16585 | 35
231109353601555364 | 70 | 7.16585 | 35
462218707203110729 | 71 | 7.16585 | 35
924437414406221458 | 72 | 7.16585 | 35
1848874828812442917 | 73 | 7.16585 | 35
3697749657624885834 | 74 | 7.16585 | 35
7395499315249771668 | 75 | 7.16585 | 35
-3655745443210008280 | 76 | 7.16585 | 35
-7311490886420016560 | 77 | 5.09271 | 21
3823762300869518497 | 78 | 5.09271 | 21
7647524601739036994 | 79 | 5.09271 | 21
-3151694870231477627 | 80 | 5.09271 | 21
-6303389740462955254 | 81 | 5.09271 | 21
5839964592783641108 | 82 | 5.09271 | 21
-6766814888142269400 | 83 | 5.09271 | 21
4913114297425012816 | 84 | 5.09271 | 21
-8620515478859525984 | 85 | 5.09271 | 21
1205713115990499649 | 86 | 5.09271 | 21
2411426231980999298 | 87 | 5.09271 | 13
4822852463961998596 | 88 | 5.09271 | 13
-8801039145785554424 | 89 | 5.09271 | 13
844665782138442769 | 90 | 5.09271 | 13
1689331564276885538 | 91 | 5.09271 | 13
3378663128553771076 | 92 | 5.09271 | 13
6757326257107542153 | 93 | 5.09271 | 13
-4932091559494467309 | 94 | 5.09271 | 13
8582560954720616998 | 95 | 5.09271 | 13
-1281622164268317619 | 96 | 5.09271 | 13
-2563244328536635238 | 97 | 5.09271 | 13
-5126488657073270476 | 98 | 3.77422 | 12
8193766759563010665 | 99 | 3.77422 | 12
-2059210554583530286 | 100 | 3.77422 | 12
-4118421109167060572 | 101 | 4.68058e-310 | 1
-4118421109167060571 | 101 | 2.99674 | 11
-8236842218334121142 | 102 | 2.99674 | 11
1973059637041309332 | 103 | 2.99674 | 11
3946119274082618664 | 104 | 2.30944 | 2
3946119274082618665 | 104 | 9.985 | 9
-5126488657073270475 | 98 | 4.68058e-310 | 1
2411426231980999299 | 87 | 4.68058e-310 | 8
-7311490886420016559 | 77 | 2.72513 | 14
3823762300869518498 | 78 | 4.68058e-310 | 8
3823762300869518499 | 78 | 4.68058e-310 | 6
288456068879838263 | 60 | 7.28992 | 13
576912137759676527 | 61 | 7.28992 | 13
1153824275519353055 | 62 | 7.28992 | 13
2307648551038706111 | 63 | 7.28992 | 13
4615297102077412222 | 64 | 7.28992 | 13
-9216149869554727171 | 65 | 7.28992 | 13
14444334600097275 | 66 | 7.28992 | 13
28888669200194551 | 67 | 7.28992 | 13
57777338400389103 | 68 | 7.28992 | 13
115554676800778206 | 69 | 7.28992 | 13
231109353601556413 | 70 | 7.28992 | 13
462218707203112826 | 71 | 7.28992 | 13
924437414406225653 | 72 | 7.28992 | 13
1848874828812451306 | 73 | 7.28992 | 13
3697749657624902612 | 74 | 7.28992 | 13
7395499315249805224 | 75 | 7.28992 | 13
-3655745443209941168 | 76 | 7.28992 | 13
-7311490886419882335 | 77 | 7.28992 | 13
3823762300869786946 | 78 | 7.28992 | 13
7647524601739573893 | 79 | 7.28992 | 13
-3151694870230403830 | 80 | 4.68058e-310 | 2
-3151694870230403829 | 80 | 5.42934 | 11
-6303389740460807658 | 81 | 5.42934 | 11
5839964592787936301 | 82 | 5.42934 | 11
-6766814888133679013 | 83 | 5.42934 | 11
4913114297442193591 | 84 | 5.42934 | 11
-8620515478825164434 | 85 | 5.42934 | 11
1205713116059222749 | 86 | 5.42934 | 11
2411426232118445498 | 87 | 5.42934 | 11
4822852464236890996 | 88 | 0.259841 | 5
4822852464236890997 | 88 | 3.57518 | 6
36057008609979783 | 57 | 9.46976 | 113
72114017219959566 | 58 | 9.46976 | 113
144228034439919132 | 59 | 9.46976 | 113
288456068879838264 | 60 | 9.46976 | 113
576912137759676529 | 61 | 9.46976 | 113
1153824275519353059 | 62 | 9.46976 | 113
2307648551038706119 | 63 | 9.46976 | 113
4615297102077412238 | 64 | 9.46976 | 113
-9216149869554727139 | 65 | 9.46976 | 113
14444334600097339 | 66 | 9.46976 | 113
28888669200194678 | 67 | 9.46976 | 113
57777338400389356 | 68 | 3.48316e-321 | 1
57777338400389357 | 68 | 8.90706 | 112
115554676800778715 | 69 | 8.90706 | 112
231109353601557430 | 70 | 8.90706 | 112
462218707203114861 | 71 | 8.90706 | 112
924437414406229723 | 72 | 8.90706 | 112
1848874828812459446 | 73 | 8.90706 | 112
3697749657624918893 | 74 | 8.90706 | 112
7395499315249837787 | 75 | 8.90706 | 112
-3655745443209876042 | 76 | 7.68586 | 23
-7311490886419752084 | 77 | 42.0451 | 10
-7311490886419752083 | 77 | 3.60614 | 13
3823762300870047450 | 78 | 3.60614 | 13
7647524601740094900 | 79 | 1.63042e-322 | 5
7647524601740094901 | 79 | 4.68058e-310 | 8
-3655745443209876041 | 76 | 7.74128 | 89
-7311490886419752082 | 77 | 7.74128 | 89
3823762300870047452 | 78 | 6.85246 | 44
7647524601740094904 | 79 | 6.85246 | 44
-3151694870229361807 | 80 | 6.85246 | 44
-6303389740458723614 | 81 | 6.85246 | 44
5839964592792104388 | 82 | 6.85246 | 44
-6766814888125342839 | 83 | 6.85246 | 44
4913114297458865939 | 84 | 6.85246 | 44
-8620515478791819737 | 85 | 6.85246 | 44
1205713116125912142 | 86 | 6.85246 | 44
2411426232251824285 | 87 | 6.85246 | 44
4822852464503648571 | 88 | 6.85246 | 44
-8801039144702254473 | 89 | 6.85246 | 44
844665784305042670 | 90 | 6.5878 | 38
1689331568610085341 | 91 | 6.5878 | 38
3378663137220170682 | 92 | 5.75822 | 29
6757326274440341364 | 93 | 5.75822 | 29
-4932091524828868888 | 94 | 5.75822 | 29
8582561024051813840 | 95 | 26.1595 | 7
8582561024051813841 | 95 | 4.9809 | 22
-1281622025605923933 | 96 | 4.9809 | 22
-2563244051211847866 | 97 | 4.9809 | 22
-5126488102423695731 | 98 | 4.9809 | 22
8193767868862160154 | 99 | 4.9809 | 22
-2059208335985231308 | 100 | 4.9809 | 22
-4118416671970462615 | 101 | 4.9809 | 22
-8236833343940925230 | 102 | 4.9809 | 22
1973077385827701157 | 103 | 4.9809 | 22
3946154771655402314 | 104 | 1.90539 | 11
7892309543310804629 | 105 | 1.90539 | 11
-2662124987087942357 | 106 | 1.90539 | 11
-5324249974175884714 | 107 | 1.90539 | 11
7798244125357782189 | 108 | 1.90539 | 11
-2850255822993987238 | 109 | 1.90539 | 11
-5700511645987974476 | 110 | 1.90539 | 11
7045720781733602664 | 111 | 4.234 | 1
7045720781733602665 | 111 | 14.2124 | 10
3946154771655402315 | 104 | 3.46695 | 11
7892309543310804631 | 105 | 3.46695 | 11
-2662124987087942354 | 106 | 3.46695 | 11
-5324249974175884708 | 107 | 4.68058e-310 | 7
-5324249974175884707 | 107 | 4.68058e-310 | 4
3378663137220170683 | 92 | 4.68058e-310 | 9
844665784305042671 | 90 | 4.68058e-310 | 6
3823762300870047453 | 78 | 7.6777 | 45
7647524601740094906 | 79 | 7.6777 | 45
-3151694870229361804 | 80 | 7.6777 | 45
-6303389740458723607 | 81 | 7.6777 | 45
5839964592792104402 | 82 | 7.6777 | 45
-6766814888125342812 | 83 | 7.6777 | 45
4913114297458865993 | 84 | 7.6777 | 45
-8620515478791819629 | 85 | 7.6777 | 45
1205713116125912359 | 86 | 7.6777 | 45
2411426232251824719 | 87 | 7.6777 | 45
4822852464503649439 | 88 | 7.6777 | 45
-8801039144702252738 | 89 | 7.6777 | 45
844665784305046140 | 90 | 7.6777 | 45
1689331568610092281 | 91 | 7.6777 | 45
3378663137220184562 | 92 | 2.79131 | 12
6757326274440369124 | 93 | 2.79131 | 12
-4932091524828813368 | 94 | 2.79131 | 12
8582561024051924880 | 95 | 4.68058e-310 | 1
8582561024051924881 | 95 | 1.81865 | 11
-1281622025605701854 | 96 | 1.81865 | 11
-2563244051211403708 | 97 | 1.81865 | 11
-5126488102422807416 | 98 | 25.1935 | 8
-5126488102422807415 | 98 | 19.7476 | 3
3378663137220184563 | 92 | 5.09581 | 33
6757326274440369126 | 93 | 4.68058e-310 | 2
6757326274440369127 | 93 | 5.09581 | 31
-4932091524828813362 | 94 | 5.09581 | 31
8582561024051924892 | 95 | 5.09581 | 31
-1281622025605701831 | 96 | 5.09581 | 31
-2563244051211403662 | 97 | 5.09581 | 31
-5126488102422807323 | 98 | 5.09581 | 31
8193767868863936971 | 99 | 5.09581 | 31
-2059208335981677674 | 100 | 5.09581 | 31
-4118416671963355348 | 101 | 2.39897 | 15
-8236833343926710696 | 102 | 2.39897 | 15
1973077385856130224 | 103 | 1.81475 | 11
3946154771712260449 | 104 | 1.81475 | 11
7892309543424520898 | 105 | 1.81475 | 11
-2662124986860509820 | 106 | 1.81475 | 11
-5324249973721019640 | 107 | 1.81475 | 11
7798244126267512336 | 108 | 1.81475 | 11
-2850255821174526943 | 109 | 1.81475 | 11
-5700511642349053885 | 110 | 1.81475 | 11
7045720789011443846 | 111 | 1.81475 | 11
-4355302495686663924 | 112 | 1.81475 | 11
-8710604991373327847 | 113 | 1.81475 | 11
1025534090962895922 | 114 | 1.81475 | 11
2051068181925791845 | 115 | 1.81475 | 11
4102136363851583690 | 116 | 1.48688 | 9
4102136363851583691 | 116 | 2.7628 | 2
1973077385856130225 | 103 | 4.68058e-310 | 4
-4118416671963355347 | 101 | 1.93062 | 16
-8236833343926710693 | 102 | 1.93062 | 16
1973077385856130231 | 103 | 1.93062 | 16
3946154771712260462 | 104 | 1.78849 | 11
7892309543424520924 | 105 | 4.68058e-310 | 6
7892309543424520925 | 105 | 4.68058e-310 | 5
3946154771712260463 | 104 | 4.68058e-310 | 5
8802980617671 | 45 | 6.54004 | 38
17605961235342 | 46 | 6.54004 | 38
35211922470685 | 47 | 6.54004 | 38
70423844941371 | 48 | 6.54004 | 38
140847689882743 | 49 | 6.54004 | 38
281695379765486 | 50 | 6.54004 | 38
563390759530972 | 51 | 6.54004 | 38
1126781519061944 | 52 | 6.54004 | 38
2253563038123888 | 53 | 1.91308 | 16
4507126076247776 | 54 | 1.91308 | 16
9014252152495553 | 55 | 1.91308 | 16
18028504304991106 | 56 | 8.60198 | 5
18028504304991107 | 56 | 1.25325 | 11
36057008609982215 | 57 | 1.25325 | 11
72114017219964431 | 58 | 1.25325 | 11
144228034439928862 | 59 | 1.25325 | 11
288456068879857725 | 60 | 1.25325 | 11
576912137759715450 | 61 | 1.25325 | 11
1153824275519430900 | 62 | 1.25325 | 11
2307648551038861801 | 63 | 1.25325 | 11
4615297102077723602 | 64 | 1.25325 | 11
-9216149869554104411 | 65 | 1.25325 | 11
14444334601342795 | 66 | 1.25325 | 11
28888669202685590 | 67 | 24.9885 | 3
28888669202685591 | 67 | 4.68058e-310 | 8
2253563038123889 | 53 | 4.73612 | 22
4507126076247778 | 54 | 4.73612 | 22
9014252152495557 | 55 | 4.73612 | 22
18028504304991115 | 56 | 4.73612 | 22
36057008609982230 | 57 | 4.73612 | 22
72114017219964461 | 58 | 4.73612 | 22
144228034439928923 | 59 | 4.73612 | 22
288456068879857846 | 60 | 4.73612 | 22
576912137759715692 | 61 | 4.73612 | 22
1153824275519431384 | 62 | 4.73612 | 22
2307648551038862768 | 63 | 4.73612 | 22
4615297102077725536 | 64 | 4.73612 | 22
-9216149869554100544 | 65 | 4.73612 | 22
14444334601350529 | 66 | 4.73612 | 22
28888669202701058 | 67 | 4.73612 | 22
57777338405402116 | 68 | 1.63042e-322 | 9
57777338405402117 | 68 | 3.98613 | 13
115554676810804235 | 69 | 3.98613 | 13
231109353621608471 | 70 | 3.98613 | 13
462218707243216942 | 71 | 8.20875 | 1
462218707243216943 | 71 | 3.88683 | 12
924437414486433887 | 72 | 3.88683 | 12
1848874828972867774 | 73 | 3.88683 | 12
3697749657945735548 | 74 | 3.88683 | 12
7395499315891471096 | 75 | 3.88683 | 12
-3655745441926609423 | 76 | 3.88683 | 12
-7311490883853218846 | 77 | 3.88683 | 12
3823762306003113924 | 78 | 3.88683 | 11
7647524612006227849 | 79 | 3.88683 | 11
-3151694849697095917 | 80 | 3.88683 | 11
-6303389699394191833 | 81 | 3.88683 | 11
5839964674921167950 | 82 | 3.88683 | 11
-6766814723867215716 | 83 | 3.21143e-322 | 2
-6766814723867215715 | 83 | 1.63042e-322 | 9
3823762306003113925 | 78 | 4.68058e-310 | 1
17193321519 | 36 | 8.3875 | 154
34386643038 | 37 | 8.3875 | 154
68773286076 | 38 | 6.09663 | 100
137546572152 | 39 | 6.09663 | 100
275093144304 | 40 | 6.09663 | 100
550186288608 | 41 | 4.60864 | 62
1100372577216 | 42 | 4.60864 | 62
2200745154432 | 43 | 4.60864 | 62
4401490308864 | 44 | 4.11324 | 16
8802980617728 | 45 | 3.45058 | 14
17605961235456 | 46 | 3.45058 | 14
35211922470912 | 47 | 4.68058e-310 | 1
35211922470913 | 47 | 3.45058 | 13
70423844941827 | 48 | 3.45058 | 13
140847689883654 | 49 | 6.9319e-310 | 9
140847689883655 | 49 | 1.58101e-322 | 4
8802980617729 | 45 | 4.68058e-310 | 2
4401490308865 | 44 | 4.25597 | 46
8802980617730 | 45 | 4.25597 | 46
17605961235460 | 46 | 4.25597 | 46
35211922470921 | 47 | 4.25597 | 46
70423844941842 | 48 | 4.25597 | 46
140847689883684 | 49 | 4.25597 | 46
281695379767369 | 50 | 4.25597 | 46
563390759534738 | 51 | 1.84347 | 16
1126781519069476 | 52 | 10.2346 | 9
1126781519069477 | 52 | 0.90289 | 7
563390759534739 | 51 | 2.4998 | 30
1126781519069479 | 52 | 2.4998 | 30
2253563038138959 | 53 | 2.4998 | 30
4507126076277918 | 54 | 2.4998 | 30
9014252152555836 | 55 | 2.4998 | 30
18028504305111672 | 56 | 2.4998 | 30
36057008610223345 | 57 | 2.4998 | 30
72114017220446691 | 58 | 2.4998 | 30
144228034440893382 | 59 | 2.4998 | 30
288456068881786765 | 60 | 2.4998 | 30
576912137763573530 | 61 | 3.62088 | 8
576912137763573531 | 61 | 1.54174 | 22
1153824275527147063 | 62 | 1.54174 | 22
2307648551054294126 | 63 | 1.54174 | 22
4615297102108588253 | 64 | 1.54174 | 22
-9216149869492375109 | 65 | 1.54174 | 22
14444334724801399 | 66 | 1.54174 | 22
28888669449602799 | 67 | 1.54174 | 22
57777338899205599 | 68 | 1.54174 | 22
115554677798411198 | 69 | 1.54174 | 22
231109355596822396 | 70 | 1.54174 | 22
462218711193644792 | 71 | 1.54174 | 22
924437422387289584 | 72 | 1.54174 | 22
1848874844774579168 | 73 | 1.54174 | 22
3697749689549158337 | 74 | 1.54174 | 22
7395499379098316674 | 75 | 1.54174 | 22
-3655745315512918268 | 76 | 1.54174 | 22
-7311490631025836536 | 77 | 0.0156296 | 2
-7311490631025836535 | 77 | 1.43904 | 20
3823762811657878546 | 78 | 1.43904 | 20
7647525623315757092 | 79 | 1.43904 | 20
-3151692827078037432 | 80 | 1.43904 | 20
-6303385654156074863 | 81 | 1.43904 | 20
5839972765397401890 | 82 | 1.28531 | 3
5839972765397401891 | 82 | 1.28365 | 17
-6766798542914747834 | 83 | 1.28365 | 17
4913146987880055949 | 84 | 1.28365 | 17
-8620450097949439717 | 85 | 1.28365 | 17
1205843877810672182 | 86 | 1.28365 | 17
2411687755621344364 | 87 | 1.28365 | 17
4823375511242688728 | 88 | 1.28365 | 17
-8799993051224174160 | 89 | 1.28365 | 17
846757971261203296 | 90 | 1.28365 | 17
1693515942522406592 | 91 | 1.28365 | 17
3387031885044813185 | 92 | 1.28365 | 17
6774063770089626371 | 93 | 1.28365 | 17
-4898616533530298874 | 94 | 0.0930977 | 2
-4898616533530298873 | 94 | 1.21158 | 15
8649511006648953870 | 95 | 0.210434 | 10
8649511006648953871 | 95 | 4.75965 | 5
550186288609 | 41 | 4.52256 | 38
1100372577219 | 42 | 4.52256 | 38
2200745154438 | 43 | 3.88813 | 33
4401490308876 | 44 | 3.65688 | 30
8802980617753 | 45 | 3.65688 | 30
17605961235507 | 46 | 3.65688 | 30
35211922471015 | 47 | 3.65688 | 30
70423844942031 | 48 | 3.65688 | 30
140847689884063 | 49 | 3.65688 | 30
281695379768127 | 50 | 3.65688 | 30
563390759536255 | 51 | 3.65688 | 30
1126781519072510 | 52 | 3.65688 | 30
2253563038145021 | 53 | 3.65688 | 30
4507126076290042 | 54 | 3.65688 | 30
9014252152580084 | 55 | 3.65688 | 30
18028504305160169 | 56 | 3.65688 | 30
36057008610320338 | 57 | 2.36226 | 17
72114017220640676 | 58 | 2.36226 | 17
144228034441281352 | 59 | 8.34939 | 10
144228034441281353 | 59 | 9.67118 | 7
36057008610320339 | 57 | 2.3288 | 13
72114017220640679 | 58 | 2.3288 | 13
144228034441281359 | 59 | 2.3288 | 13
288456068882562718 | 60 | 2.3288 | 13
576912137765125437 | 61 | 2.3288 | 13
1153824275530250875 | 62 | 2.3288 | 13
2307648551060501750 | 63 | 2.3288 | 13
4615297102121003500 | 64 | 2.3288 | 13
-9216149869467544616 | 65 | 2.3288 | 13
14444334774462385 | 66 | 2.3288 | 13
28888669548924771 | 67 | 2.3288 | 13
57777339097849543 | 68 | 2.3288 | 13
115554678195699086 | 69 | 2.3288 | 13
231109356391398172 | 70 | 2.3288 | 13
462218712782796345 | 71 | 2.3288 | 13
924437425565592691 | 72 | 2.3288 | 13
1848874851131185383 | 73 | 2.3288 | 13
3697749702262370767 | 74 | 2.3288 | 13
7395499404524741534 | 75 | 4.68058e-310 | 1
7395499404524741535 | 75 | 2.10709 | 12
-3655745264660068546 | 76 | 2.10709 | 12
-7311490529320137092 | 77 | 4.68058e-310 | 6
-7311490529320137091 | 77 | 7.95446e-322 | 6
4401490308877 | 44 | 4.68058e-310 | 3
2200745154439 | 43 | 4.68058e-310 | 5
68773286077 | 38 | 4.44227 | 54
137546572154 | 39 | 4.44227 | 54
275093144308 | 40 | 4.44227 | 54
550186288616 | 41 | 4.44227 | 54
1100372577232 | 42 | 2.75983 | 31
2200745154465 | 43 | 2.75983 | 31
4401490308930 | 44 | 2.75983 | 31
8802980617861 | 45 | 2.75983 | 31
17605961235723 | 46 | 2.75983 | 31
35211922471447 | 47 | 2.75983 | 31
70423844942895 | 48 | 2.75983 | 31
140847689885790 | 49 | 2.75983 | 31
281695379771580 | 50 | 4.84266 | 3
281695379771581 | 50 | 2.75196 | 28
563390759543163 | 51 | 2.75196 | 28
1126781519086326 | 52 | 1.63288 | 18
2253563038172652 | 53 | 3.24685 | 2
2253563038172653 | 53 | 1.63288 | 16
4507126076345307 | 54 | 1.63288 | 16
9014252152690615 | 55 | 1.63288 | 16
18028504305381231 | 56 | 1.63288 | 16
36057008610762463 | 57 | 1.63288 | 16
72114017221524926 | 58 | 1.13204 | 13
144228034443049852 | 59 | 4.68058e-310 | 4
144228034443049853 | 59 | 9.7152 | 9
72114017221524927 | 58 | 4.46997 | 3
1126781519086327 | 52 | 4.68058e-310 | 10
1100372577233 | 42 | 1.97795 | 23
2200745154467 | 43 | 1.97795 | 23
4401490308935 | 44 | 1.97795 | 23
8802980617871 | 45 | 1.97795 | 23
17605961235742 | 46 | 1.56057 | 12
35211922471484 | 47 | 1.56057 | 12
70423844942969 | 48 | 1.56057 | 12
140847689885938 | 49 | 1.56057 | 12
281695379771877 | 50 | 1.56057 | 12
563390759543755 | 51 | 1.56057 | 12
1126781519087511 | 52 | 1.56057 | 12
2253563038175022 | 53 | 1.56057 | 12
4507126076350044 | 54 | 1.56057 | 12
9014252152700089 | 55 | 1.56057 | 12
18028504305400179 | 56 | 1.56057 | 12
36057008610800358 | 57 | 1.56057 | 12
72114017221600716 | 58 | 1.56057 | 12
144228034443201432 | 59 | 0.120383 | 2
144228034443201433 | 59 | 2.09553 | 10
17605961235743 | 46 | 1.21771 | 11
35211922471487 | 47 | 1.21771 | 11
70423844942975 | 48 | 1.21771 | 11
140847689885950 | 49 | 4.68058e-310 | 2
140847689885951 | 49 | 4.68058e-310 | 9
67161413 | 28 | 6.28836 | 19
134322826 | 29 | 6.28836 | 19
268645652 | 30 | 6.28836 | 19
537291304 | 31 | 6.28836 | 19
1074582609 | 32 | 6.28836 | 19
2149165218 | 33 | 6.28836 | 19
4298330436 | 34 | 6.28836 | 19
8596660872 | 35 | 4.68058e-310 | 10
8596660873 | 35 | 4.68058e-310 | 9
33580707 | 27 | 13.1886 | 234
67161415 | 28 | 13.1886 | 234
134322831 | 29 | 13.1886 | 234
268645663 | 30 | 13.1886 | 234
537291326 | 31 | 13.1886 | 234
1074582652 | 32 | 13.1886 | 234
2149165305 | 33 | 13.1886 | 234
4298330610 | 34 | 13.1886 | 234
8596661221 | 35 | 13.1886 | 234
17193322443 | 36 | 13.1886 | 234
34386644887 | 37 | 13.1886 | 234
68773289775 | 38 | 13.1886 | 234
137546579551 | 39 | 13.1886 | 234
275093159103 | 40 | 13.1886 | 234
550186318206 | 41 | 11.5017 | 72
1100372636412 | 42 | 11.5017 | 72
2200745272825 | 43 | 11.5017 | 72
4401490545650 | 44 | 11.5017 | 72
8802981091301 | 45 | 11.5017 | 72
17605962182603 | 46 | 11.5017 | 72
35211924365206 | 47 | 11.5017 | 72
70423848730412 | 48 | 11.5017 | 56
140847697460825 | 49 | 11.5017 | 56
281695394921650 | 50 | 11.5017 | 56
563390789843301 | 51 | 11.5017 | 56
1126781579686603 | 52 | 11.5017 | 56
2253563159373207 | 53 | 11.5017 | 56
4507126318746414 | 54 | 11.5017 | 56
9014252637492829 | 55 | 11.5017 | 56
18028505274985659 | 56 | 11.5017 | 56
36057010549971318 | 57 | 11.5017 | 56
72114021099942636 | 58 | 11.5017 | 56
144228042199885272 | 59 | 11.5017 | 33
288456084399770544 | 60 | 11.5017 | 33
576912168799541088 | 61 | 11.5017 | 33
1153824337599082177 | 62 | 11.5017 | 33
2307648675198164354 | 63 | 4.30038 | 24
4615297350396328709 | 64 | 4.30038 | 24
-9216149372916894197 | 65 | 4.30038 | 24
14445327875763222 | 66 | 4.30038 | 24
28890655751526444 | 67 | 3.69157 | 2
28890655751526445 | 67 | 3.95117 | 22
57781311503052891 | 68 | 3.95117 | 22
115562623006105782 | 69 | 3.95117 | 22
231125246012211564 | 70 | 2.79737 | 16
462250492024423128 | 71 | 2.79737 | 16
924500984048846257 | 72 | 2.79737 | 16
1849001968097692514 | 73 | 1.13398 | 8
1849001968097692515 | 73 | 0.73889 | 8
231125246012211565 | 70 | 4.68058e-310 | 6
2307648675198164355 | 63 | 4.68058e-310 | 9
144228042199885273 | 59 | 10.9225 | 23
288456084399770546 | 60 | 10.9225 | 23
576912168799541092 | 61 | 10.9225 | 23
1153824337599082184 | 62 | 10.9225 | 23
2307648675198164368 | 63 | 10.9225 | 23
4615297350396328736 | 64 | 8.89849 | 18
-9216149372916894143 | 65 | 8.89849 | 18
14445327875763331 | 66 | 8.89849 | 18
28890655751526662 | 67 | 0.0228183 | 3
28890655751526663 | 67 | 8.52484 | 15
57781311503053327 | 68 | 8.52484 | 15
115562623006106655 | 69 | 8.52484 | 15
231125246012213310 | 70 | 8.52484 | 15
462250492024426620 | 71 | 8.52484 | 15
924500984048853240 | 72 | 3.9436 | 14
1849001968097706481 | 73 | 3.9436 | 14
3698003936195412962 | 74 | 3.9436 | 14
7396007872390825924 | 75 | 3.9436 | 14
-3654728328927899768 | 76 | 0.609776 | 9
-3654728328927899767 | 76 | 68.657 | 5
924500984048853241 | 72 | 4.68058e-310 | 1
4615297350396328737 | 64 | 4.68058e-310 | 5
70423848730413 | 48 | 5.82478 | 16
140847697460826 | 49 | 4.68058e-310 | 9
140847697460827 | 49 | 4.68058e-310 | 7
550186318207 | 41 | 12.372 | 162
1100372636415 | 42 | 12.372 | 162
2200745272830 | 43 | 12.372 | 162
4401490545661 | 44 | 12.372 | 162
8802981091322 | 45 | 12.372 | 162
17605962182644 | 46 | 12.372 | 162
35211924365288 | 47 | 12.372 | 162
70423848730577 | 48 | 12.372 | 162
140847697461155 | 49 | 12.372 | 162
281695394922311 | 50 | 12.372 | 162
563390789844622 | 51 | 12.372 | 151
1126781579689244 | 52 | 11.8122 | 148
2253563159378488 | 53 | 11.2947 | 93
4507126318756977 | 54 | 11.2947 | 93
9014252637513954 | 55 | 4.54148 | 42
18028505275027908 | 56 | 7.95446e-322 | 2
18028505275027909 | 56 | 4.54148 | 40
36057010550055818 | 57 | 4.54148 | 40
72114021100111636 | 58 | 3.47628 | 13
144228042200223273 | 59 | 3.47628 | 13
288456084400446547 | 60 | 3.47628 | 13
576912168800893094 | 61 | 3.47628 | 13
1153824337601786188 | 62 | 3.57958 | 8
1153824337601786189 | 62 | 52.0321 | 5
72114021100111637 | 58 | 3.82807 | 27
144228042200223274 | 59 | 4.68058e-310 | 2
144228042200223275 | 59 | 3.74097 | 25
288456084400446550 | 60 | 3.74097 | 25
576912168800893101 | 61 | 3.74097 | 25
1153824337601786203 | 62 | 3.74097 | 25
2307648675203572406 | 63 | 3.74097 | 25
4615297350407144813 | 64 | 3.74097 | 25
-9216149372895261989 | 65 | 3.74097 | 25
14445327919027639 | 66 | 3.74097 | 25
28890655838055278 | 67 | 3.74097 | 25
57781311676110556 | 68 | 2.10749 | 21
115562623352221112 | 69 | 2.10749 | 21
231125246704442224 | 70 | 2.10749 | 19
462250493408884448 | 71 | 2.10749 | 19
924500986817768897 | 72 | 2.10749 | 19
1849001973635537795 | 73 | 2.10749 | 19
3698003947271075591 | 74 | 2.10749 | 19
7396007894542151183 | 75 | 2.10749 | 19
-3654728284625249250 | 76 | 0.361676 | 3
-3654728284625249249 | 76 | 1.81864 | 16
-7309456569250498498 | 77 | 1.81864 | 16
3827830935208554620 | 78 | 1.81864 | 16
7655661870417109241 | 79 | 1.81864 | 16
-3135420332875333133 | 80 | 1.81864 | 16
-6270840665750666265 | 81 | 1.81864 | 16
5905062742208219086 | 82 | 1.81864 | 16
-6636618589293113444 | 83 | 1.81864 | 16
5173506895123324728 | 84 | 1.81864 | 16
-8099730283462902159 | 85 | 1.81864 | 16
2247283506783747298 | 86 | 1.81864 | 16
4494567013567494597 | 87 | 1.81864 | 16
8989134027134989194 | 88 | 1.81864 | 16
-468476019439573227 | 89 | 1.81864 | 16
-936952038879146453 | 90 | 1.81864 | 16
-1873904077758292906 | 91 | 1.81864 | 16
-3747808155516585812 | 92 | 1.39547 | 13
-7495616311033171624 | 93 | 1.39547 | 13
3455511451643208369 | 94 | 1.39547 | 13
6911022903286416738 | 95 | 1.39547 | 13
-4624698267136718140 | 96 | 1.39547 | 13
9197347539436115337 | 97 | 1.39547 | 13
-52048994837320942 | 98 | 1.39547 | 13
-104097989674641884 | 99 | 1.39547 | 13
-208195979349283768 | 100 | 1.39547 | 13
-416391958698567536 | 101 | 2.4896 | 4
-416391958698567535 | 101 | 54.1776 | 9
-3747808155516585811 | 92 | 4.68058e-310 | 3
231125246704442225 | 70 | 4.68058e-310 | 2
57781311676110557 | 68 | 4.68058e-310 | 4
9014252637513955 | 55 | 8.58362 | 51
18028505275027911 | 56 | 8.58362 | 51
36057010550055823 | 57 | 8.58362 | 51
72114021100111646 | 58 | 8.58362 | 51
144228042200223292 | 59 | 8.58362 | 51
288456084400446585 | 60 | 8.58362 | 51
576912168800893171 | 61 | 8.58362 | 51
1153824337601786343 | 62 | 8.58362 | 51
2307648675203572687 | 63 | 8.58362 | 51
4615297350407145375 | 64 | 8.58362 | 51
-9216149372895260866 | 65 | 7.78545 | 21
14445327919029884 | 66 | 7.78545 | 18
28890655838059769 | 67 | 7.78545 | 18
57781311676119539 | 68 | 7.78545 | 18
115562623352239078 | 69 | 40.6855 | 7
115562623352239079 | 69 | 4.50178 | 11
231125246704478159 | 70 | 4.50178 | 11
462250493408956318 | 71 | 4.50178 | 11
924500986817912636 | 72 | 9.24094 | 1
924500986817912637 | 72 | 7.65664 | 10
14445327919029885 | 66 | 4.68058e-310 | 3
-9216149372895260865 | 65 | 8.40512 | 30
14445327919029886 | 66 | 8.40512 | 30
28890655838059773 | 67 | 8.40512 | 30
57781311676119546 | 68 | 8.40512 | 30
115562623352239092 | 69 | 3.09741 | 20
231125246704478184 | 70 | 3.09741 | 20
462250493408956368 | 71 | 3.09741 | 20
924500986817912736 | 72 | 3.09741 | 20
1849001973635825472 | 73 | 3.09741 | 20
3698003947271650944 | 74 | 3.09741 | 20
7396007894543301889 | 75 | 3.09741 | 20
-3654728284622947838 | 76 | 3.09741 | 14
-7309456569245895676 | 77 | 0.176977 | 7
-7309456569245895675 | 77 | 8.69556e-322 | 7
-3654728284622947837 | 76 | 4.68058e-310 | 6
115562623352239093 | 69 | 4.68058e-310 | 10
2253563159378489 | 53 | 10.9878 | 55
4507126318756979 | 54 | 10.9878 | 55
9014252637513958 | 55 | 10.9878 | 55
18028505275027916 | 56 | 10.9878 | 55
36057010550055833 | 57 | 10.9878 | 55
72114021100111666 | 58 | 10.9878 | 55
144228042200223333 | 59 | 10.9878 | 55
288456084400446666 | 60 | 10.9878 | 52
576912168800893333 | 61 | 10.9878 | 52
1153824337601786666 | 62 | 10.9878 | 52
2307648675203573333 | 63 | 10.9878 | 52
4615297350407146666 | 64 | 4.12649 | 32
-9216149372895258283 | 65 | 4.12649 | 32
14445327919035050 | 66 | 4.12649 | 32
28890655838070100 | 67 | 3.61328 | 29
57781311676140201 | 68 | 3.61328 | 29
115562623352280403 | 69 | 3.61328 | 29
231125246704560806 | 70 | 3.61328 | 29
462250493409121613 | 71 | 3.61328 | 29
924500986818243226 | 72 | 3.61328 | 29
1849001973636486452 | 73 | 3.61328 | 29
3698003947272972905 | 74 | 3.61328 | 29
7396007894545945810 | 75 | 3.61328 | 29
-3654728284617659995 | 76 | 3.61328 | 29
-7309456569235319989 | 77 | 3.61328 | 29
3827830935238911639 | 78 | 3.61328 | 29
7655661870477823279 | 79 | 3.61328 | 29
-3135420332753905058 | 80 | 3.61328 | 29
-6270840665507810115 | 81 | 3.61328 | 29
5905062742693931386 | 82 | 7.74838 | 1
5905062742693931387 | 82 | 3.23431 | 28
-6636618588321688841 | 83 | 3.23431 | 28
5173506897066173934 | 84 | 3.23431 | 28
-8099730279577203748 | 85 | 3.77391 | 10
-8099730279577203747 | 85 | 1.76563 | 18
2247283514555144123 | 86 | 1.76563 | 18
4494567029110288247 | 87 | 1.76563 | 18
8989134058220576494 | 88 | 1.62006 | 15
-468475957268398628 | 89 | 1.62006 | 15
-936951914536797256 | 90 | 1.62006 | 15
-1873903829073594511 | 91 | 1.62006 | 15
-3747807658147189021 | 92 | 1.62006 | 15
-7495615316294378041 | 93 | 1.62006 | 15
3455513441120795535 | 94 | 1.62006 | 15
6911026882241591070 | 95 | 1.62006 | 15
-4624690309226369475 | 96 | 1.62006 | 15
9197363455256812666 | 97 | 1.62006 | 15
-52017163195926283 | 98 | 1.62006 | 15
-104034326391852566 | 99 | 1.62006 | 15
-208068652783705131 | 100 | 1.62006 | 15
-416137305567410262 | 101 | 1.62006 | 15
-832274611134820524 | 102 | 1.62006 | 15
-1664549222269641048 | 103 | 1.62006 | 15
-3329098444539282096 | 104 | 85.5984 | 10
-3329098444539282095 | 104 | 12.0144 | 5
8989134058220576495 | 88 | 4.68058e-310 | 3
28890655838070101 | 67 | 4.68058e-310 | 3
4615297350407146667 | 64 | 7.25422 | 20
-9216149372895258281 | 65 | 7.25422 | 20
14445327919035055 | 66 | 7.25422 | 20
28890655838070110 | 67 | 7.25422 | 20
57781311676140221 | 68 | 7.25422 | 20
115562623352280442 | 69 | 7.25422 | 20
231125246704560884 | 70 | 7.25422 | 20
462250493409121768 | 71 | 7.25422 | 20
924500986818243536 | 72 | 7.25422 | 20
1849001973636487073 | 73 | 7.25422 | 20
3698003947272974146 | 74 | 7.25422 | 20
7396007894545948292 | 75 | 7.25422 | 16
-3654728284617655032 | 76 | 7.25422 | 16
-7309456569235310063 | 77 | 7.25422 | 16
3827830935238931490 | 78 | 7.25422 | 16
7655661870477862981 | 79 | 7.25422 | 16
-3135420332753825653 | 80 | 7.25422 | 16
-6270840665507651306 | 81 | 7.25422 | 16
5905062742694249004 | 82 | 4.68058e-310 | 5
5905062742694249005 | 82 | 2.1949 | 11
-6636618588321053605 | 83 | 2.1949 | 11
5173506897067444406 | 84 | 2.1949 | 11
-8099730279574662804 | 85 | 2.1949 | 11
2247283514560226008 | 86 | 2.1949 | 11
4494567029120452017 | 87 | 2.1949 | 11
8989134058240904034 | 88 | 2.1949 | 11
-468475957227743548 | 89 | 2.1949 | 11
-936951914455487096 | 90 | 2.1949 | 11
-1873903828910974192 | 91 | 2.1949 | 11
-3747807657821948384 | 92 | 2.1949 | 11
-7495615315643896768 | 93 | 2.1949 | 11
3455513442421758080 | 94 | 4.68058e-310 | 7
3455513442421758081 | 94 | 4.68058e-310 | 4
7396007894545948293 | 75 | 4.68058e-310 | 4
288456084400446667 | 60 | 4.68058e-310 | 3
1126781579689245 | 52 | 4.68058e-310 | 3
563390789844623 | 51 | 5.77461 | 11
1126781579689247 | 52 | 5.77461 | 11
2253563159378494 | 53 | 5.77461 | 11
4507126318756988 | 54 | 5.77461 | 11
9014252637513977 | 55 | 5.77461 | 11
18028505275027954 | 56 | 5.77461 | 11
36057010550055909 | 57 | 5.77461 | 11
72114021100111818 | 58 | 5.77461 | 11
144228042200223636 | 59 | 4.68058e-310 | 4
144228042200223637 | 59 | 4.68058e-310 | 7
16397 | 16 | 19.4521 | 354
32795 | 17 | 19.4521 | 354
65591 | 18 | 19.4521 | 354
131183 | 19 | 19.4521 | 354
262366 | 20 | 19.4521 | 354
524732 | 21 | 19.4521 | 354
1049464 | 22 | 19.4521 | 142
2098928 | 23 | 19.4521 | 142
4197856 | 24 | 19.4521 | 142
8395712 | 25 | 19.4521 | 142
16791425 | 26 | 19.4521 | 142
33582851 | 27 | 19.4521 | 142
67165702 | 28 | 19.4521 | 142
134331405 | 29 | 19.4521 | 142
268662810 | 30 | 19.4521 | 142
537325620 | 31 | 19.4521 | 142
1074651241 | 32 | 19.4521 | 142
2149302482 | 33 | 8.59281 | 87
4298604964 | 34 | 8.59281 | 87
8597209928 | 35 | 1.63042e-322 | 1
8597209929 | 35 | 7.91272 | 86
17194419859 | 36 | 7.91272 | 86
34388839719 | 37 | 7.91272 | 86
68777679439 | 38 | 7.91272 | 86
137555358878 | 39 | 7.91272 | 86
275110717756 | 40 | 7.91272 | 86
550221435512 | 41 | 7.91272 | 86
1100442871024 | 42 | 7.91272 | 86
2200885742048 | 43 | 7.91272 | 86
4401771484096 | 44 | 3.49467 | 23
8803542968193 | 45 | 3.49467 | 23
17607085936386 | 46 | 3.49467 | 23
35214171872772 | 47 | 3.49467 | 23
70428343745545 | 48 | 3.49467 | 23
140856687491091 | 49 | 3.49467 | 23
281713374982183 | 50 | 3.49467 | 23
563426749964367 | 51 | 3.49467 | 23
1126853499928734 | 52 | 3.49467 | 23
2253706999857468 | 53 | 3.49467 | 23
4507413999714936 | 54 | 3.49467 | 23
9014827999429872 | 55 | 3.49467 | 23
18029655998859745 | 56 | 3.49467 | 23
36059311997719491 | 57 | 3.49467 | 23
72118623995438982 | 58 | 3.49467 | 23
144237247990877965 | 59 | 3.49467 | 23
288474495981755931 | 60 | 3.49467 | 23
576948991963511862 | 61 | 3.49467 | 23
1153897983927023724 | 62 | 3.49467 | 23
2307795967854047448 | 63 | 3.49467 | 23
4615591935708094897 | 64 | 3.49467 | 23
-9215560202293361821 | 65 | 3.49467 | 23
15623669122827975 | 66 | 3.49467 | 23
31247338245655950 | 67 | 3.49467 | 23
62494676491311900 | 68 | 3.49467 | 23
124989352982623801 | 69 | 3.49467 | 23
249978705965247602 | 70 | 3.49467 | 23
499957411930495204 | 71 | 1.53528 | 7
499957411930495205 | 71 | 3.49467 | 16
999914823860990410 | 72 | 3.49467 | 16
1999829647721980821 | 73 | 3.49467 | 16
3999659295443961643 | 74 | 3.49467 | 16
7999318590887923287 | 75 | 3.49467 | 16
-2448106891933705041 | 76 | 3.49467 | 16
-4896213783867410081 | 77 | 3.49467 | 16
8654316505974731455 | 78 | 3.49467 | 16
-1138111061760088706 | 79 | 3.49467 | 16
-2276222123520177411 | 80 | 3.49467 | 16
-4552444247040354822 | 81 | 6.13763 | 8
-4552444247040354821 | 81 | 11.7474 | 8
4401771484097 | 44 | 6.35708 | 63
8803542968194 | 45 | 6.35708 | 63
17607085936388 | 46 | 6.35708 | 63
35214171872777 | 47 | 6.35708 | 63
70428343745554 | 48 | 6.35708 | 63
140856687491108 | 49 | 6.35708 | 63
281713374982216 | 50 | 6.35708 | 63
563426749964432 | 51 | 6.35708 | 63
1126853499928865 | 52 | 6.35708 | 63
2253706999857730 | 53 | 6.35708 | 63
4507413999715461 | 54 | 6.35708 | 63
9014827999430923 | 55 | 6.35708 | 63
18029655998861846 | 56 | 5.22082 | 45
36059311997723692 | 57 | 5.22082 | 45
72118623995447384 | 58 | 5.22082 | 45
144237247990894768 | 59 | 5.22082 | 45
288474495981789537 | 60 | 5.22082 | 45
576948991963579075 | 61 | 5.22082 | 45
1153897983927158150 | 62 | 4.31885 | 26
2307795967854316301 | 63 | 4.31885 | 26
4615591935708632602 | 64 | 4.31885 | 26
-9215560202292286412 | 65 | 4.31885 | 26
15623669124978793 | 66 | 4.31885 | 26
31247338249957587 | 67 | 4.31885 | 26
62494676499915175 | 68 | 4.31885 | 26
124989352999830351 | 69 | 4.31885 | 26
249978705999660702 | 70 | 4.31885 | 26
499957411999321404 | 71 | 3.67833 | 21
999914823998642808 | 72 | 2.69938 | 17
1999829647997285616 | 73 | 0 | 4
1999829647997285617 | 73 | 2.48584 | 13
3999659295994571234 | 74 | 2.48584 | 13
7999318591989142469 | 75 | 2.48584 | 13
-2448106889731266677 | 76 | 2.48584 | 13
-4896213779462533354 | 77 | 2.48584 | 13
8654316514784484909 | 78 | 2.48584 | 13
-1138111044140581797 | 79 | 2.48584 | 13
-2276222088281163593 | 80 | 2.48584 | 13
-4552444176562327186 | 81 | 2.48584 | 13
-9104888353124654371 | 82 | 2.48584 | 13
236967367460242874 | 83 | 2.48584 | 13
473934734920485748 | 84 | 2.48584 | 13
947869469840971497 | 85 | 2.48584 | 13
1895738939681942994 | 86 | 2.48584 | 13
3791477879363885989 | 87 | 2.48584 | 13
7582955758727771979 | 88 | 2.48584 | 13
-3280832556254007657 | 89 | 2.48584 | 13
-6561665112508015313 | 90 | 2.48584 | 13
5323413848693520991 | 91 | 2.48584 | 13
-7799916376322509634 | 92 | 2.48584 | 13
2846911321064532348 | 93 | 2.48584 | 13
5693822642129064696 | 94 | 12.7788 | 7
5693822642129064697 | 94 | 5.03677 | 6
999914823998642809 | 72 | 4.68058e-310 | 4
499957411999321405 | 71 | 4.68058e-310 | 5
1153897983927158151 | 62 | 3.73199 | 19
2307795967854316302 | 63 | 3.73199 | 19
4615591935708632604 | 64 | 3.73199 | 19
-9215560202292286408 | 65 | 3.73199 | 18
15623669124978800 | 66 | 3.73199 | 18
31247338249957600 | 67 | 3.73199 | 18
62494676499915200 | 68 | 3.73199 | 18
124989352999830400 | 69 | 2.42352 | 14
249978705999660800 | 70 | 4.68058e-310 | 10
249978705999660801 | 70 | 4.68058e-310 | 4
124989352999830401 | 69 | 4.68058e-310 | 4
-9215560202292286407 | 65 | 4.68058e-310 | 1
18029655998861847 | 56 | 3.80313 | 18
36059311997723694 | 57 | 4.68058e-310 | 7
36059311997723695 | 57 | 2.38778 | 11
72118623995447390 | 58 | 2.38778 | 11
144237247990894781 | 59 | 2.38778 | 11
288474495981789562 | 60 | 4.68058e-310 | 6
288474495981789563 | 60 | 4.68058e-310 | 5
2149302483 | 33 | 8.39678 | 55
4298604967 | 34 | 8.39678 | 55
8597209934 | 35 | 8.39678 | 55
17194419868 | 36 | 8.39678 | 55
34388839736 | 37 | 7.85046 | 42
68777679473 | 38 | 7.85046 | 42
137555358946 | 39 | 7.85046 | 42
275110717892 | 40 | 7.85046 | 42
550221435784 | 41 | 7.85046 | 42
1100442871568 | 42 | 7.85046 | 41
2200885743137 | 43 | 7.85046 | 41
4401771486274 | 44 | 5.87758 | 28
8803542972548 | 45 | 5.87758 | 28
17607085945097 | 46 | 5.87758 | 28
35214171890194 | 47 | 5.87758 | 28
70428343780388 | 48 | 5.87758 | 28
140856687560776 | 49 | 5.87758 | 28
281713375121552 | 50 | 5.87758 | 28
563426750243104 | 51 | 5.87758 | 28
1126853500486209 | 52 | 5.87758 | 28
2253707000972418 | 53 | 1.63042e-322 | 1
2253707000972419 | 53 | 4.99857 | 27
4507414001944839 | 54 | 4.99857 | 27
9014828003889678 | 55 | 4.99857 | 27
18029656007779357 | 56 | 4.99857 | 27
36059312015558715 | 57 | 4.99857 | 27
72118624031117430 | 58 | 4.99857 | 27
144237248062234860 | 59 | 4.99857 | 27
288474496124469720 | 60 | 4.99857 | 27
576948992248939441 | 61 | 4.99857 | 27
1153897984497878882 | 62 | 4.99857 | 27
2307795968995757764 | 63 | 4.99857 | 27
4615591937991515528 | 64 | 4.99857 | 27
-9215560197726520559 | 65 | 4.99857 | 27
15623678256510498 | 66 | 4.99857 | 27
31247356513020996 | 67 | 1.63042e-322 | 6
31247356513020997 | 67 | 4.99857 | 21
62494713026041994 | 68 | 4.99857 | 21
124989426052083989 | 69 | 4.99857 | 21
249978852104167979 | 70 | 4.99857 | 21
499957704208335959 | 71 | 4.99857 | 21
999915408416671918 | 72 | 4.99857 | 21
1999830816833343836 | 73 | 4.99857 | 21
3999661633666687673 | 74 | 4.99857 | 21
7999323267333375347 | 75 | 4.99857 | 21
-2448097539042800922 | 76 | 4.99857 | 21
-4896195078085601844 | 77 | 4.99857 | 21
8654353917538347929 | 78 | 4.99857 | 21
-1138036238632855758 | 79 | 4.99857 | 21
-2276072477265711516 | 80 | 1.63042e-322 | 3
-2276072477265711515 | 80 | 3.78842 | 18
-4552144954531423029 | 81 | 3.78842 | 18
-9104289909062846057 | 82 | 3.78842 | 18
238164255583859502 | 83 | 2.5403 | 16
476328511167719004 | 84 | 4.96763 | 4
476328511167719005 | 84 | 2.39458 | 12
952657022335438011 | 85 | 2.39458 | 12
1905314044670876022 | 86 | 1.3262 | 2
1905314044670876023 | 86 | 23.5836 | 10
238164255583859503 | 83 | 4.68058e-310 | 2
4401771486275 | 44 | 2.69513 | 13
8803542972550 | 45 | 2.69513 | 13
17607085945100 | 46 | 2.69513 | 13
35214171890201 | 47 | 2.69513 | 13
70428343780402 | 48 | 2.69513 | 12
140856687560805 | 49 | 2.69513 | 12
281713375121611 | 50 | 2.69513 | 12
563426750243222 | 51 | 4.68058e-310 | 3
563426750243223 | 51 | 4.68058e-310 | 9
70428343780403 | 48 | 4.68058e-310 | 1
1100442871569 | 42 | 4.68058e-310 | 1
34388839737 | 37 | 6.0613 | 13
68777679475 | 38 | 6.0613 | 13
137555358950 | 39 | 6.0613 | 13
275110717900 | 40 | 6.0613 | 13
550221435801 | 41 | 6.0613 | 13
1100442871603 | 42 | 6.0613 | 13
2200885743207 | 43 | 6.0613 | 13
4401771486415 | 44 | 6.0613 | 13
8803542972831 | 45 | 6.0613 | 13
17607085945662 | 46 | 6.0613 | 13
35214171891325 | 47 | 6.0613 | 13
70428343782651 | 48 | 6.0613 | 13
140856687565302 | 49 | 6.0613 | 13
281713375130604 | 50 | 2.29821 | 6
281713375130605 | 50 | 0.847306 | 7
1049465 | 22 | 13.0214 | 212
2098930 | 23 | 13.0214 | 212
4197860 | 24 | 13.0214 | 212
8395720 | 25 | 13.0214 | 212
16791440 | 26 | 11.8131 | 63
33582881 | 27 | 11.8131 | 63
67165762 | 28 | 11.8131 | 63
134331524 | 29 | 11.8131 | 63
268663048 | 30 | 11.8131 | 63
537326097 | 31 | 11.8131 | 63
1074652195 | 32 | 11.8131 | 63
2149304391 | 33 | 11.8131 | 63
4298608783 | 34 | 11.8131 | 63
8597217566 | 35 | 11.8131 | 63
17194435133 | 36 | 11.8131 | 63
34388870266 | 37 | 11.8131 | 63
68777740533 | 38 | 11.8131 | 63
137555481066 | 39 | 3.27816 | 11
275110962133 | 40 | 3.27816 | 11
550221924267 | 41 | 3.27816 | 11
1100443848535 | 42 | 3.27816 | 11
2200887697070 | 43 | 3.27816 | 11
4401775394140 | 44 | 3.27816 | 11
8803550788280 | 45 | 1.63042e-322 | 2
8803550788281 | 45 | 1.58101e-322 | 9
137555481067 | 39 | 8.85869 | 52
275110962135 | 40 | 8.85869 | 52
550221924270 | 41 | 8.85869 | 52
1100443848540 | 42 | 8.85869 | 52
2200887697080 | 43 | 8.85869 | 52
4401775394161 | 44 | 8.85869 | 52
8803550788323 | 45 | 8.85869 | 52
17607101576646 | 46 | 8.85869 | 52
35214203153292 | 47 | 8.71988 | 46
70428406306585 | 48 | 8.71988 | 46
140856812613171 | 49 | 8.71988 | 46
281713625226343 | 50 | 8.71988 | 46
563427250452686 | 51 | 6.58934 | 35
1126854500905373 | 52 | 6.58934 | 35
2253709001810747 | 53 | 6.58934 | 35
4507418003621495 | 54 | 6.58934 | 35
9014836007242991 | 55 | 6.58934 | 35
18029672014485982 | 56 | 6.58934 | 35
36059344028971965 | 57 | 6.58934 | 35
72118688057943931 | 58 | 6.58934 | 35
144237376115887862 | 59 | 6.58934 | 35
288474752231775724 | 60 | 6.58934 | 35
576949504463551448 | 61 | 6.58934 | 35
1153899008927102896 | 62 | 6.58934 | 35
2307798017854205793 | 63 | 6.58934 | 35
4615596035708411587 | 64 | 6.58934 | 35
-9215552002292728441 | 65 | 6.58934 | 35
15640069124094734 | 66 | 3.5733 | 19
31280138248189469 | 67 | 3.5733 | 19
62560276496378938 | 68 | 3.5733 | 19
125120552992757877 | 69 | 3.5733 | 19
250241105985515754 | 70 | 3.5733 | 19
500482211971031508 | 71 | 3.5733 | 19
1000964423942063017 | 72 | 3.5733 | 19
2001928847884126034 | 73 | 3.5733 | 19
4003857695768252068 | 74 | 3.5733 | 19
8007715391536504137 | 75 | 3.5733 | 19
-2431313290636543342 | 76 | 3.5733 | 19
-4862626581273086683 | 77 | 3.5733 | 19
8721490911163378250 | 78 | 3.5733 | 19
-1003762251382795116 | 79 | 3.5733 | 19
-2007524502765590231 | 80 | 3.5733 | 19
-4015049005531180461 | 81 | 3.5733 | 19
-8030098011062360921 | 82 | 3.5733 | 19
2386548051584829774 | 83 | 3.5733 | 19
4773096103169659548 | 84 | 11.7051 | 6
4773096103169659549 | 84 | 1.90692 | 13
-8900551867370232518 | 85 | 1.90692 | 13
645640338969086580 | 86 | 1.90692 | 13
1291280677938173161 | 87 | 1.90692 | 13
2582561355876346322 | 88 | 1.90692 | 13
5165122711752692645 | 89 | 1.90692 | 13
-8116498650204166325 | 90 | 1.90692 | 13
2213746773301218966 | 91 | 1.90692 | 13
4427493546602437933 | 92 | 1.90692 | 13
8854987093204875866 | 93 | 1.90692 | 13
-736769887299799884 | 94 | 1.90692 | 13
-1473539774599599767 | 95 | 1.90692 | 13
-2947079549199199534 | 96 | 1.90692 | 13
-5894159098398399068 | 97 | 4.68058e-310 | 10
-5894159098398399067 | 97 | 29.6737 | 3
15640069124094735 | 66 | 2.99824 | 16
31280138248189471 | 67 | 2.99824 | 16
62560276496378942 | 68 | 2.99824 | 16
125120552992757884 | 69 | 2.99824 | 16
250241105985515769 | 70 | 2.99824 | 16
500482211971031538 | 71 | 2.99824 | 16
1000964423942063076 | 72 | 2.99824 | 16
2001928847884126152 | 73 | 2.99824 | 16
4003857695768252305 | 74 | 2.99824 | 16
8007715391536504611 | 75 | 2.99824 | 16
-2431313290636542394 | 76 | 2.99824 | 16
-4862626581273084787 | 77 | 2.99824 | 16
8721490911163382042 | 78 | 2.99824 | 16
-1003762251382787531 | 79 | 2.99824 | 16
-2007524502765575062 | 80 | 2.99824 | 16
-4015049005531150124 | 81 | 2.99824 | 16
-8030098011062300248 | 82 | 2.99824 | 16
2386548051584951120 | 83 | 2.99824 | 16
4773096103169902240 | 84 | 0.405603 | 2
4773096103169902241 | 84 | 2.69344 | 14
-8900551867369747133 | 85 | 2.69344 | 14
645640338970057350 | 86 | 2.69344 | 13
1291280677940114700 | 87 | 2.24548 | 11
2582561355880229401 | 88 | 2.24548 | 11
5165122711760458802 | 89 | 2.24548 | 11
-8116498650188634012 | 90 | 2.24548 | 11
2213746773332283593 | 91 | 2.24548 | 11
4427493546664567186 | 92 | 2.24548 | 11
8854987093329134372 | 93 | 2.24548 | 11
-736769887051282871 | 94 | 2.24548 | 11
-1473539774102565741 | 95 | 2.24548 | 11
-2947079548205131482 | 96 | 2.24548 | 11
-5894159096410262964 | 97 | 2.24548 | 11
6658425880889025688 | 98 | 4.68058e-310 | 4
6658425880889025689 | 98 | 4.68058e-310 | 7
1291280677940114701 | 87 | 4.68058e-310 | 2
645640338970057351 | 86 | 4.68058e-310 | 1
563427250452687 | 51 | 2.28637 | 11
1126854500905374 | 52 | 4.68058e-310 | 9
1126854500905375 | 52 | 4.68058e-310 | 2
35214203153293 | 47 | 4.68058e-310 | 6
16791441 | 26 | 12.3601 | 149
33582882 | 27 | 6.05287 | 61
67165764 | 28 | 6.05287 | 61
134331529 | 29 | 6.05287 | 61
268663059 | 30 | 6.05287 | 61
537326119 | 31 | 6.05287 | 61
1074652239 | 32 | 6.05287 | 61
2149304478 | 33 | 5.24218 | 27
4298608956 | 34 | 5.24218 | 27
8597217912 | 35 | 5.24218 | 27
17194435825 | 36 | 5.24218 | 27
34388871651 | 37 | 5.24218 | 27
68777743302 | 38 | 2.04014 | 14
137555486605 | 39 | 2.04014 | 14
275110973211 | 40 | 2.04014 | 14
550221946423 | 41 | 2.04014 | 14
1100443892846 | 42 | 2.04014 | 14
2200887785692 | 43 | 2.04014 | 14
4401775571384 | 44 | 1.66717 | 13
8803551142769 | 45 | 1.66717 | 13
17607102285538 | 46 | 1.66717 | 13
35214204571076 | 47 | 1.63042e-322 | 7
35214204571077 | 47 | 1.63042e-322 | 6
4401775571385 | 44 | 1.63042e-322 | 1
68777743303 | 38 | 3.17951 | 13
137555486607 | 39 | 3.17951 | 13
275110973215 | 40 | 3.17951 | 13
550221946430 | 41 | 1.63042e-322 | 1
550221946431 | 41 | 1.70559 | 12
1100443892862 | 42 | 1.70559 | 12
2200887785724 | 43 | 1.63042e-322 | 3
2200887785725 | 43 | 6.93416 | 9
2149304479 | 33 | 5.43147 | 34
4298608959 | 34 | 5.43147 | 34
8597217918 | 35 | 3.85759 | 22
17194435837 | 36 | 3.85759 | 22
34388871674 | 37 | 3.85759 | 22
68777743349 | 38 | 3.85759 | 22
137555486698 | 39 | 3.85759 | 22
275110973397 | 40 | 3.85759 | 22
550221946795 | 41 | 3.85759 | 22
1100443893591 | 42 | 3.85759 | 22
2200887787182 | 43 | 3.85759 | 22
4401775574364 | 44 | 3.85759 | 22
8803551148728 | 45 | 3.59099 | 21
17607102297456 | 46 | 3.59099 | 21
35214204594912 | 47 | 2.01219 | 15
70428409189824 | 48 | 2.01219 | 15
140856818379648 | 49 | 2.01219 | 15
281713636759297 | 50 | 2.01219 | 15
563427273518595 | 51 | 2.01219 | 15
1126854547037190 | 52 | 2.01219 | 15
2253709094074381 | 53 | 2.01219 | 15
4507418188148762 | 54 | 2.01219 | 15
9014836376297524 | 55 | 4.68058e-310 | 3
9014836376297525 | 55 | 1.88888 | 12
18029672752595050 | 56 | 1.88888 | 12
36059345505190101 | 57 | 1.88888 | 12
72118691010380203 | 58 | 1.88888 | 12
144237382020760407 | 59 | 1.88888 | 12
288474764041520814 | 60 | 2.37152e-322 | 1
288474764041520815 | 60 | 1.53677 | 11
576949528083041630 | 61 | 1.53677 | 11
1153899056166083260 | 62 | 1.53677 | 11
2307798112332166521 | 63 | 1.53677 | 11
4615596224664333043 | 64 | 1.53677 | 11
-9215551624380885529 | 65 | 1.53677 | 11
15640824947780558 | 66 | 1.53677 | 11
31281649895561117 | 67 | 1.53677 | 11
62563299791122235 | 68 | 1.53677 | 11
125126599582244470 | 69 | 1.53677 | 11
250253199164488941 | 70 | 1.53677 | 11
500506398328977882 | 71 | 0.449511 | 5
500506398328977883 | 71 | 0.203581 | 6
35214204594913 | 47 | 4.68058e-310 | 6
8803551148729 | 45 | 4.68058e-310 | 1
8597217919 | 35 | 1.78309 | 12
17194435838 | 36 | 4.68058e-310 | 2
17194435839 | 36 | 4.68058e-310 | 10
33582883 | 27 | 8.70969 | 88
67165767 | 28 | 8.70969 | 88
134331535 | 29 | 8.70969 | 88
268663071 | 30 | 8.70969 | 88
537326142 | 31 | 8.70969 | 88
1074652284 | 32 | 8.70969 | 88
2149304568 | 33 | 8.70969 | 88
4298609136 | 34 | 8.70969 | 88
8597218272 | 35 | 8.70969 | 88
17194436544 | 36 | 8.70969 | 88
34388873088 | 37 | 8.70969 | 88
68777746176 | 38 | 8.70969 | 88
137555492352 | 39 | 8.70969 | 88
275110984704 | 40 | 8.70969 | 88
550221969409 | 41 | 8.70969 | 88
1100443938818 | 42 | 5.53379 | 40
2200887877636 | 43 | 5.53379 | 40
4401775755272 | 44 | 3.67795 | 18
8803551510544 | 45 | 3.67795 | 18
17607103021089 | 46 | 3.67795 | 18
35214206042178 | 47 | 3.67795 | 18
70428412084357 | 48 | 3.67795 | 18
140856824168714 | 49 | 3.67795 | 18
281713648337429 | 50 | 3.67795 | 18
563427296674858 | 51 | 4.68058e-310 | 7
563427296674859 | 51 | 1.99105 | 11
1126854593349719 | 52 | 1.99105 | 11
2253709186699439 | 53 | 1.99105 | 11
4507418373398878 | 54 | 0.765166 | 5
4507418373398879 | 54 | 0.136267 | 6
4401775755273 | 44 | 3.82133 | 22
8803551510547 | 45 | 3.82133 | 22
17607103021095 | 46 | 3.82133 | 22
35214206042190 | 47 | 3.82133 | 22
70428412084380 | 48 | 3.82133 | 22
140856824168761 | 49 | 3.82133 | 22
281713648337523 | 50 | 3.82133 | 22
563427296675046 | 51 | 3.82133 | 22
1126854593350093 | 52 | 3.82133 | 22
2253709186700186 | 53 | 3.82133 | 22
4507418373400372 | 54 | 4.68058e-310 | 10
4507418373400373 | 54 | 2.70508 | 12
9014836746800746 | 55 | 2.70508 | 12
18029673493601492 | 56 | 2.70508 | 12
36059346987202985 | 57 | 2.70508 | 12
72118693974405971 | 58 | 2.70508 | 12
144237387948811943 | 59 | 2.70508 | 12
288474775897623886 | 60 | 2.70508 | 12
576949551795247773 | 61 | 2.70508 | 12
1153899103590495547 | 62 | 2.70508 | 12
2307798207180991094 | 63 | 1.58101e-322 | 5
2307798207180991095 | 63 | 1.58101e-322 | 7
1100443938819 | 42 | 5.53731 | 48
2200887877639 | 43 | 5.53731 | 48
4401775755278 | 44 | 5.53731 | 48
8803551510557 | 45 | 5.53731 | 48
17607103021115 | 46 | 5.53731 | 48
35214206042230 | 47 | 5.53731 | 48
70428412084460 | 48 | 5.19812 | 22
140856824168920 | 49 | 5.19812 | 22
281713648337840 | 50 | 5.19812 | 22
563427296675680 | 51 | 5.19812 | 22
1126854593351361 | 52 | 5.19812 | 22
2253709186702723 | 53 | 5.19812 | 22
4507418373405447 | 54 | 5.19812 | 22
9014836746810894 | 55 | 5.19812 | 22
18029673493621788 | 56 | 4.68058e-310 | 7
18029673493621789 | 56 | 2.07528 | 15
36059346987243579 | 57 | 2.07528 | 15
72118693974487159 | 58 | 2.07528 | 15
144237387948974318 | 59 | 2.07528 | 15
288474775897948636 | 60 | 1.89367 | 13
576949551795897273 | 61 | 1.89367 | 13
1153899103591794546 | 62 | 1.89367 | 13
2307798207183589092 | 63 | 1.89367 | 13
4615596414367178184 | 64 | 1.89367 | 13
-9215551244975195248 | 65 | 1.89367 | 13
15641583759161121 | 66 | 1.89367 | 13
31283167518322242 | 67 | 1.89367 | 13
62566335036644485 | 68 | 1.89367 | 13
125132670073288970 | 69 | 2.35239 | 1
125132670073288971 | 69 | 1.89367 | 12
250265340146577942 | 70 | 1.89367 | 12
500530680293155884 | 71 | 12.7786 | 1
500530680293155885 | 71 | 1.44246 | 11
1001061360586311770 | 72 | 1.44246 | 11
2002122721172623541 | 73 | 1.44246 | 11
4004245442345247082 | 74 | 0.240476 | 4
4004245442345247083 | 74 | 0.436004 | 7
288474775897948637 | 60 | 4.68058e-310 | 2
70428412084461 | 48 | 5.15962 | 26
140856824168923 | 49 | 5.15962 | 26
281713648337847 | 50 | 5.15962 | 26
563427296675694 | 51 | 5.15962 | 26
1126854593351388 | 52 | 5.15962 | 26
2253709186702776 | 53 | 5.15962 | 26
4507418373405552 | 54 | 5.15962 | 26
9014836746811104 | 55 | 5.15962 | 26
18029673493622208 | 56 | 5.15962 | 26
36059346987244416 | 57 | 5.15962 | 26
72118693974488832 | 58 | 5.15962 | 26
144237387948977665 | 59 | 5.15962 | 26
288474775897955330 | 60 | 4.94552 | 13
576949551795910661 | 61 | 4.94552 | 13
1153899103591821322 | 62 | 4.68058e-310 | 7
1153899103591821323 | 62 | 8.58143 | 6
288474775897955331 | 60 | 4.58625 | 13
576949551795910662 | 61 | 4.58625 | 13
1153899103591821324 | 62 | 4.58625 | 13
2307798207183642649 | 63 | 4.58625 | 13
4615596414367285298 | 64 | 4.58625 | 13
-9215551244974981020 | 65 | 4.58625 | 13
15641583759589576 | 66 | 4.58625 | 13
31283167519179153 | 67 | 4.58625 | 13
62566335038358306 | 68 | 1.01381 | 9
62566335038358307 | 68 | 0.276971 | 4
9 | 5 | 26.9516 | 345
18 | 6 | 26.9516 | 345
37 | 7 | 26.9516 | 345
74 | 8 | 26.9516 | 345
148 | 9 | 14.3748 | 42
296 | 10 | 14.3748 | 42
593 | 11 | 14.3748 | 42
1187 | 12 | 14.3748 | 42
2374 | 13 | 14.3748 | 42
4748 | 14 | 14.3748 | 21
9497 | 15 | 14.3748 | 21
18995 | 16 | 14.3748 | 21
37991 | 17 | 14.3748 | 21
75983 | 18 | 14.3748 | 21
151966 | 19 | 14.3748 | 21
303932 | 20 | 14.3748 | 21
607864 | 21 | 14.3748 | 21
1215728 | 22 | 7.83417 | 8
1215729 | 22 | 7.1862 | 13
2431458 | 23 | 7.1862 | 13
4862916 | 24 | 6.60909 | 12
9725832 | 25 | 6.60909 | 12
19451665 | 26 | 6.60909 | 12
38903330 | 27 | 6.60909 | 12
77806661 | 28 | 6.60909 | 12
155613323 | 29 | 6.60909 | 12
311226646 | 30 | 4.68058e-310 | 3
311226647 | 30 | 4.68058e-310 | 9
4862917 | 24 | 4.68058e-310 | 1
4749 | 14 | 11.689 | 21
9499 | 15 | 11.689 | 21
18998 | 16 | 11.689 | 21
37997 | 17 | 11.689 | 21
75994 | 18 | 11.689 | 21
151988 | 19 | 4.68058e-310 | 4
151989 | 19 | 7.0268 | 17
303978 | 20 | 7.0268 | 17
607956 | 21 | 7.0268 | 17
1215912 | 22 | 0.145374 | 10
1215913 | 22 | 1.62941 | 7
149 | 9 | 26.9516 | 303
298 | 10 | 26.9516 | 303
597 | 11 | 26.9516 | 303
1195 | 12 | 26.9516 | 303
2390 | 13 | 26.9516 | 303
4781 | 14 | 26.9516 | 303
9563 | 15 | 26.9516 | 303
19127 | 16 | 26.9516 | 303
38254 | 17 | 26.9516 | 303
76509 | 18 | 26.9516 | 303
153018 | 19 | 23.6528 | 121
306036 | 20 | 23.6528 | 121
612073 | 21 | 23.6528 | 121
1224146 | 22 | 20.9359 | 44
2448292 | 23 | 20.9359 | 44
4896584 | 24 | 13.2819 | 20
9793169 | 25 | 13.2819 | 20
19586339 | 26 | 13.2819 | 20
39172679 | 27 | 13.2819 | 20
78345358 | 28 | 13.2819 | 20
156690716 | 29 | 13.2819 | 20
313381433 | 30 | 13.2819 | 20
626762866 | 31 | 13.2819 | 20
1253525733 | 32 | 13.2819 | 20
2507051466 | 33 | 2.37152e-322 | 2
2507051467 | 33 | 10.8126 | 18
5014102934 | 34 | 10.8126 | 18
10028205868 | 35 | 10.8126 | 18
20056411737 | 36 | 10.8126 | 18
40112823475 | 37 | 10.8126 | 18
80225646950 | 38 | 10.8126 | 15
160451293901 | 39 | 10.8126 | 15
320902587802 | 40 | 10.8126 | 15
641805175605 | 41 | 10.8126 | 15
1283610351211 | 42 | 10.8126 | 15
2567220702423 | 43 | 10.8126 | 15
5134441404846 | 44 | 10.8126 | 15
10268882809692 | 45 | 0.278601 | 8
10268882809693 | 45 | 0 | 7
80225646951 | 38 | 4.68058e-310 | 3
4896585 | 24 | 7.80426 | 24
9793171 | 25 | 7.80426 | 24
19586342 | 26 | 7.80426 | 24
39172685 | 27 | 7.80426 | 24
78345370 | 28 | 7.43866 | 11
156690741 | 29 | 7.43866 | 11
313381482 | 30 | 7.43866 | 11
626762964 | 31 | 7.43866 | 11
1253525928 | 32 | 7.43866 | 11
2507051856 | 33 | 22.2072 | 7
2507051857 | 33 | 2.45055 | 4
78345371 | 28 | 2.126 | 13
156690743 | 29 | 2.126 | 13
313381487 | 30 | 2.126 | 13
626762974 | 31 | 2.126 | 13
1253525949 | 32 | 2.126 | 13
2507051899 | 33 | 2.126 | 13
5014103798 | 34 | 2.126 | 13
10028207597 | 35 | 2.126 | 13
20056415195 | 36 | 2.126 | 13
40112830390 | 37 | 2.126 | 13
80225660780 | 38 | 2.126 | 11
160451321560 | 39 | 2.126 | 11
320902643120 | 40 | 0 | 10
320902643121 | 40 | 8.89561 | 1
80225660781 | 38 | 4.68058e-310 | 2
1224147 | 22 | 19.3464 | 77
2448294 | 23 | 19.3464 | 77
4896589 | 24 | 19.3464 | 77
9793179 | 25 | 19.3464 | 77
19586358 | 26 | 19.3464 | 77
39172717 | 27 | 19.3464 | 77
78345435 | 28 | 19.3464 | 77
156690871 | 29 | 19.3464 | 77
313381743 | 30 | 19.3464 | 77
626763487 | 31 | 19.3464 | 77
1253526974 | 32 | 19.3464 | 77
2507053948 | 33 | 1.83269 | 3
2507053949 | 33 | 10.2672 | 74
5014107898 | 34 | 10.2672 | 74
10028215796 | 35 | 10.2672 | 74
20056431592 | 36 | 10.2672 | 74
40112863184 | 37 | 7.23125 | 24
80225726368 | 38 | 7.23125 | 24
160451452737 | 39 | 7.23125 | 24
320902905475 | 40 | 7.23125 | 24
641805810951 | 41 | 7.23125 | 24
1283611621903 | 42 | 7.23125 | 24
2567223243806 | 43 | 7.23125 | 24
5134446487613 | 44 | 7.23125 | 24
10268892975226 | 45 | 3.2562 | 21
20537785950452 | 46 | 3.2562 | 21
41075571900904 | 47 | 3.2562 | 21
82151143801808 | 48 | 3.2562 | 21
164302287603616 | 49 | 3.2562 | 21
328604575207232 | 50 | 3.2562 | 21
657209150414465 | 51 | 3.2562 | 21
1314418300828930 | 52 | 3.2562 | 21
2628836601657861 | 53 | 3.2562 | 21
5257673203315723 | 54 | 3.2562 | 21
10515346406631446 | 55 | 3.2562 | 21
21030692813262893 | 56 | 3.2562 | 21
42061385626525787 | 57 | 3.2562 | 21
84122771253051575 | 58 | 3.2562 | 21
168245542506103150 | 59 | 3.01192 | 19
336491085012206301 | 60 | 3.01192 | 19
672982170024412603 | 61 | 3.01192 | 19
1345964340048825206 | 62 | 3.01192 | 19
2691928680097650413 | 63 | 3.01192 | 19
5383857360195300826 | 64 | 2.6289 | 18
-7679029353318949964 | 65 | 2.6289 | 18
3088685367071651688 | 66 | 2.6289 | 18
6177370734143303376 | 67 | 1.84475 | 8
6177370734143303377 | 67 | 0.447291 | 10
5383857360195300827 | 64 | 4.68058e-310 | 1
168245542506103151 | 59 | 4.68058e-310 | 2
10268892975227 | 45 | 4.68058e-310 | 3
40112863185 | 37 | 9.11058 | 50
80225726371 | 38 | 9.11058 | 50
160451452742 | 39 | 4.84323 | 43
320902905484 | 40 | 4.84323 | 43
641805810968 | 41 | 1.84475 | 7
641805810969 | 41 | 4.84323 | 36
1283611621938 | 42 | 4.84323 | 36
2567223243876 | 43 | 1.84475 | 4
2567223243877 | 43 | 4.84323 | 32
5134446487755 | 44 | 4.84323 | 32
10268892975510 | 45 | 4.84323 | 32
20537785951020 | 46 | 4.84323 | 32
41075571902040 | 47 | 4.84323 | 32
82151143804080 | 48 | 4.84323 | 32
164302287608160 | 49 | 4.84323 | 32
328604575216320 | 50 | 4.84323 | 32
657209150432640 | 51 | 12.4999 | 9
657209150432641 | 51 | 3.83274 | 23
1314418300865283 | 52 | 3.83274 | 23
2628836601730566 | 53 | 2.67924 | 18
5257673203461132 | 54 | 2.67924 | 18
10515346406922264 | 55 | 4.68058e-310 | 6
10515346406922265 | 55 | 1.73807 | 12
21030692813844530 | 56 | 4.5658 | 7
21030692813844531 | 56 | 0.774092 | 5
2628836601730567 | 53 | 4.68058e-310 | 5
160451452743 | 39 | 4.68058e-310 | 7
153019 | 19 | 21.7715 | 182
306039 | 20 | 21.7715 | 182
612078 | 21 | 21.7715 | 182
1224156 | 22 | 21.7715 | 129
2448312 | 23 | 21.7715 | 129
4896625 | 24 | 21.7715 | 129
9793250 | 25 | 21.7715 | 129
19586501 | 26 | 21.7715 | 129
39173003 | 27 | 21.7715 | 129
78346007 | 28 | 21.7715 | 129
156692014 | 29 | 21.7715 | 129
313384029 | 30 | 21.7715 | 129
626768058 | 31 | 21.7715 | 129
1253536117 | 32 | 21.7715 | 129
2507072234 | 33 | 21.7715 | 129
5014144468 | 34 | 21.7715 | 129
10028288936 | 35 | 21.7715 | 128
20056577872 | 36 | 21.7715 | 128
40113155745 | 37 | 21.7715 | 128
80226311490 | 38 | 21.7715 | 128
160452622980 | 39 | 21.7715 | 128
320905245961 | 40 | 21.7715 | 128
641810491922 | 41 | 21.7715 | 128
1283620983844 | 42 | 9.44365 | 43
2567241967688 | 43 | 9.44365 | 43
5134483935376 | 44 | 9.00654 | 29
10268967870752 | 45 | 9.00654 | 29
20537935741504 | 46 | 9.00654 | 29
41075871483009 | 47 | 9.00654 | 29
82151742966018 | 48 | 9.00654 | 29
164303485932036 | 49 | 3.02088 | 4
164303485932037 | 49 | 9.00654 | 25
328606971864074 | 50 | 9.00654 | 25
657213943728148 | 51 | 9.00654 | 25
1314427887456297 | 52 | 9.00654 | 25
2628855774912595 | 53 | 9.00654 | 25
5257711549825190 | 54 | 4.07141 | 17
10515423099650381 | 55 | 4.07141 | 17
21030846199300762 | 56 | 4.07141 | 17
42061692398601524 | 57 | 4.07141 | 17
84123384797203049 | 58 | 4.07141 | 17
168246769594406099 | 59 | 4.07141 | 17
336493539188812198 | 60 | 4.07141 | 17
672987078377624396 | 61 | 4.07141 | 17
1345974156755248792 | 62 | 4.07141 | 17
2691948313510497585 | 63 | 4.07141 | 17
5383896627020995170 | 64 | 0.53056 | 1
5383896627020995171 | 64 | 3.40298 | 16
-7678950819667561274 | 65 | 3.40298 | 16
3088842434374429068 | 66 | 1.79993 | 12
6177684868748858137 | 67 | 1.79993 | 12
-6091374336211835342 | 68 | 1.79993 | 12
6263995401285880933 | 69 | 1.79993 | 12
-5918753271137789750 | 70 | 1.79993 | 12
6609237531433972116 | 71 | 1.79993 | 12
-5228269010841607384 | 72 | 1.79993 | 12
7990206052026336849 | 73 | 1.79993 | 12
-2466331969656877918 | 74 | 50.322 | 8
-2466331969656877917 | 74 | 0.254418 | 4
3088842434374429069 | 66 | 4.68058e-310 | 4
5257711549825191 | 54 | 4.68058e-310 | 8
5134483935377 | 44 | 9.32302 | 14
10268967870754 | 45 | 4.68058e-310 | 5
10268967870755 | 45 | 4.68058e-310 | 9
1283620983845 | 42 | 11.75 | 85
2567241967691 | 43 | 11.75 | 85
5134483935383 | 44 | 11.75 | 85
10268967870766 | 45 | 7.52975 | 52
20537935741532 | 46 | 7.52975 | 52
41075871483064 | 47 | 7.52975 | 52
82151742966129 | 48 | 7.52975 | 52
164303485932258 | 49 | 7.52975 | 52
328606971864516 | 50 | 7.52975 | 52
657213943729033 | 51 | 7.52975 | 52
1314427887458066 | 52 | 6.9319e-310 | 3
1314427887458067 | 52 | 7.41011 | 49
2628855774916135 | 53 | 7.41011 | 49
5257711549832270 | 54 | 7.41011 | 49
10515423099664541 | 55 | 7.41011 | 49
21030846199329083 | 56 | 7.41011 | 49
42061692398658167 | 57 | 7.41011 | 49
84123384797316335 | 58 | 7.41011 | 49
168246769594632671 | 59 | 7.41011 | 49
336493539189265342 | 60 | 7.41011 | 49
672987078378530685 | 61 | 7.41011 | 49
1345974156757061371 | 62 | 7.41011 | 49
2691948313514122742 | 63 | 2.06678 | 19
5383896627028245484 | 64 | 2.06678 | 19
-7678950819653060648 | 65 | 1.88574 | 16
3088842434403430321 | 66 | 1.88574 | 16
6177684868806860643 | 67 | 1.88574 | 16
-6091374336095830330 | 68 | 2.37152e-322 | 4
-6091374336095830329 | 68 | 1.88574 | 12
6263995401517890958 | 69 | 1.88574 | 12
-5918753270673769699 | 70 | 1.88574 | 12
6609237532362012218 | 71 | 1.88574 | 12
-5228269008985527180 | 72 | 1.80886 | 4
-5228269008985527179 | 72 | 0.573209 | 8
-7678950819653060647 | 65 | 4.68058e-310 | 3
2691948313514122743 | 63 | 7.30402 | 30
5383896627028245486 | 64 | 2.78832 | 22
-7678950819653060643 | 65 | 2.78832 | 22
3088842434403430330 | 66 | 2.78832 | 22
6177684868806860661 | 67 | 2.78832 | 22
-6091374336095830293 | 68 | 2.78832 | 22
6263995401517891030 | 69 | 2.78832 | 22
-5918753270673769555 | 70 | 2.78832 | 22
6609237532362012506 | 71 | 2.78832 | 22
-5228269008985526604 | 72 | 2.78832 | 22
7990206055738498408 | 73 | 1.38824 | 5
7990206055738498409 | 73 | 2.45612 | 17
-2466331962232554797 | 74 | 2.45612 | 17
-4932663924465109594 | 75 | 2.45612 | 17
8581416224779332429 | 76 | 2.45612 | 17
-1283911624150886758 | 77 | 2.45612 | 17
-2567823248301773515 | 78 | 2.45612 | 17
-5135646496603547030 | 79 | 0.708874 | 2
-5135646496603547029 | 79 | 2.45612 | 15
8175451080502457559 | 80 | 2.45612 | 15
-2095841912704636497 | 81 | 2.45612 | 15
-4191683825409272993 | 82 | 2.45612 | 15
-8383367650818545986 | 83 | 2.63303 | 7
-8383367650818545985 | 83 | 2.33764 | 8
5383896627028245487 | 64 | 4.68058e-310 | 8
10268967870767 | 45 | 8.50297 | 33
20537935741534 | 46 | 4.78153 | 19
41075871483068 | 47 | 4.78153 | 19
82151742966136 | 48 | 4.68058e-310 | 5
82151742966137 | 48 | 3.43819 | 14
164303485932275 | 49 | 3.43819 | 14
328606971864550 | 50 | 3.43819 | 14
657213943729100 | 51 | 3.43819 | 14
1314427887458200 | 52 | 3.23577 | 13
2628855774916400 | 53 | 3.23577 | 13
5257711549832800 | 54 | 3.23577 | 13
10515423099665600 | 55 | 4.68058e-310 | 1
10515423099665601 | 55 | 2.48709 | 12
21030846199331203 | 56 | 2.48709 | 12
42061692398662406 | 57 | 4.68058e-310 | 8
42061692398662407 | 57 | 4.68058e-310 | 4
1314427887458201 | 52 | 4.68058e-310 | 1
20537935741535 | 46 | 3.5777 | 14
41075871483071 | 47 | 3.5777 | 14
82151742966143 | 48 | 3.5777 | 14
164303485932286 | 49 | 3.5777 | 14
328606971864572 | 50 | 4.68058e-310 | 9
328606971864573 | 50 | 4.68058e-310 | 5
10028288937 | 35 | 4.68058e-310 | 1
1224157 | 22 | 10.2118 | 53
2448314 | 23 | 10.2118 | 53
4896629 | 24 | 10.2118 | 53
9793259 | 25 | 10.2118 | 53
19586519 | 26 | 10.2118 | 53
39173038 | 27 | 4.59203 | 29
78346076 | 28 | 4.59203 | 29
156692153 | 29 | 4.59203 | 29
313384306 | 30 | 4.59203 | 29
626768613 | 31 | 4.59203 | 29
1253537227 | 32 | 4.59203 | 29
2507074454 | 33 | 4.68058e-310 | 5
2507074455 | 33 | 3.58594 | 24
5014148910 | 34 | 3.34182 | 21
10028297821 | 35 | 3.34182 | 21
20056595642 | 36 | 3.34182 | 21
40113191285 | 37 | 3.34182 | 21
80226382570 | 38 | 3.34182 | 21
160452765140 | 39 | 2.58612 | 15
320905530281 | 40 | 2.58612 | 15
641811060562 | 41 | 2.58612 | 15
1283622121124 | 42 | 4.68058e-310 | 7
1283622121125 | 42 | 1.58101e-322 | 8
160452765141 | 39 | 1.58101e-322 | 6
5014148911 | 34 | 40.1805 | 3
39173039 | 27 | 5.64172 | 24
78346079 | 28 | 5.64172 | 24
156692159 | 29 | 5.64172 | 24
313384319 | 30 | 5.64172 | 24
626768638 | 31 | 5.64172 | 24
1253537276 | 32 | 5.64172 | 24
2507074552 | 33 | 2.24742 | 11
5014149105 | 34 | 2.24742 | 11
10028298211 | 35 | 2.24742 | 11
20056596422 | 36 | 0.94661 | 6
20056596423 | 36 | 1.73595 | 5
2507074553 | 33 | 3.52768 | 13
5014149107 | 34 | 3.52768 | 13
10028298214 | 35 | 3.52768 | 13
20056596429 | 36 | 3.52768 | 13
40113192859 | 37 | 3.52768 | 13
80226385719 | 38 | 3.52768 | 13
160452771438 | 39 | 3.52768 | 13
320905542876 | 40 | 3.52768 | 13
641811085752 | 41 | 3.52768 | 13
1283622171504 | 42 | 3.52768 | 13
2567244343008 | 43 | 3.52768 | 13
5134488686017 | 44 | 3.52768 | 13
10268977372034 | 45 | 3.52768 | 13
20537954744069 | 46 | 3.52768 | 13
41075909488138 | 47 | 3.52768 | 13
82151818976277 | 48 | 3.52768 | 13
164303637952554 | 49 | 3.52768 | 13
328607275905108 | 50 | 3.52768 | 13
657214551810216 | 51 | 3.52768 | 13
1314429103620433 | 52 | 3.52768 | 13
2628858207240867 | 53 | 3.52768 | 13
5257716414481734 | 54 | 3.52768 | 13
10515432828963468 | 55 | 3.52768 | 13
21030865657926937 | 56 | 3.52768 | 13
42061731315853875 | 57 | 3.52768 | 13
84123462631707751 | 58 | 3.52768 | 13
168246925263415503 | 59 | 3.52768 | 13
336493850526831007 | 60 | 3.52768 | 13
672987701053662014 | 61 | 3.52768 | 13
1345975402107324028 | 62 | 3.52768 | 13
2691950804214648056 | 63 | 1.58101e-322 | 1
2691950804214648057 | 63 | 2.94425 | 12
5383901608429296115 | 64 | 2.94425 | 12
-7678940856850959385 | 65 | 2.94425 | 12
3088862360007632847 | 66 | 2.94425 | 12
6177724720015265694 | 67 | 0 | 1
6177724720015265695 | 67 | 2.94425 | 11
-6091294633679020225 | 68 | 2.94425 | 11
6264154806351511166 | 69 | 12.6306 | 2
6264154806351511167 | 69 | 0.560491 | 9
