ID | Depth | diameter | Number of points
0 | 0 | 29.316 | 1600
0 | 1 | 4.68058e-310 | 6
1 | 1 | 28.2066 | 1594
2 | 2 | 28.2066 | 1594
4 | 3 | 23.0493 | 474
8 | 4 | 15.7478 | 109
17 | 5 | 15.7478 | 109
35 | 6 | 15.7478 | 109
70 | 7 | 15.7478 | 109
140 | 8 | 15.7478 | 109
281 | 9 | 15.7478 | 109
563 | 10 | 15.7478 | 109
1127 | 11 | 15.7478 | 109
2254 | 12 | 15.2834 | 106
4509 | 13 | 15.2834 | 106
9018 | 14 | 14.922 | 71
18037 | 15 | 14.922 | 71
36074 | 16 | 14.922 | 71
72149 | 17 | 14.922 | 71
144298 | 18 | 10.2437 | 47
288596 | 19 | 10.2437 | 47
577192 | 20 | 10.2437 | 47
1154384 | 21 | 10.2437 | 47
2308769 | 22 | 10.2437 | 47
4617539 | 23 | 10.2437 | 47
9235078 | 24 | 10.2437 | 47
18470156 | 25 | 10.2437 | 47
36940312 | 26 | 1.58101e-322 | 1
36940313 | 26 | 10.2437 | 46
73880626 | 27 | 10.2437 | 46
147761252 | 28 | 10.2437 | 46
295522505 | 29 | 10.2437 | 46
591045010 | 30 | 10.2437 | 46
1182090020 | 31 | 10.2437 | 46
2364180040 | 32 | 10.2437 | 46
4728360081 | 33 | 10.2437 | 46
9456720162 | 34 | 4.68058e-310 | 4
9456720163 | 34 | 8.52109 | 42
18913440327 | 35 | 8.52109 | 42
37826880654 | 36 | 8.52109 | 42
75653761308 | 37 | 6.66578 | 21
151307522616 | 38 | 6.66578 | 21
302615045233 | 39 | 6.66578 | 21
605230090466 | 40 | 6.66578 | 21
1210460180933 | 41 | 6.66578 | 21
2420920361866 | 42 | 4.82873 | 12
4841840723732 | 43 | 1.58101e-322 | 7
4841840723733 | 43 | 1.58101e-322 | 5
2420920361867 | 42 | 4.68058e-310 | 9
75653761309 | 37 | 5.78588 | 21
151307522619 | 38 | 5.78588 | 21
302615045239 | 39 | 5.78588 | 21
605230090478 | 40 | 5.78588 | 21
1210460180957 | 41 | 5.78588 | 21
2420920361915 | 42 | 5.78588 | 21
4841840723831 | 43 | 5.78588 | 21
9683681447663 | 44 | 5.78588 | 21
19367362895327 | 45 | 5.78588 | 21
38734725790654 | 46 | 5.78588 | 21
77469451581309 | 47 | 5.78588 | 21
154938903162619 | 48 | 5.78588 | 21
309877806325238 | 49 | 5.72779 | 15
619755612650477 | 50 | 5.72779 | 15
1239511225300954 | 51 | 5.72779 | 15
2479022450601909 | 52 | 5.72779 | 15
4958044901203818 | 53 | 5.72779 | 15
9916089802407637 | 54 | 5.72779 | 15
19832179604815274 | 55 | 5.72779 | 15
39664359209630548 | 56 | 3.23148 | 12
79328718419261096 | 57 | 3.23148 | 12
158657436838522193 | 58 | 3.23148 | 12
317314873677044387 | 59 | 3.23148 | 12
634629747354088775 | 60 | 3.23148 | 12
1269259494708177550 | 61 | 3.23148 | 12
2538518989416355100 | 62 | 2.86143 | 7
2538518989416355101 | 62 | 0.44641 | 5
39664359209630549 | 56 | 4.68058e-310 | 3
309877806325239 | 49 | 4.68058e-310 | 6
144299 | 18 | 12.1207 | 24
288598 | 19 | 12.1207 | 24
577197 | 20 | 12.1207 | 24
1154395 | 21 | 12.1207 | 24
2308790 | 22 | 12.1207 | 24
4617580 | 23 | 12.1207 | 24
9235160 | 24 | 12.1207 | 24
18470320 | 25 | 12.1207 | 24
36940640 | 26 | 12.1207 | 24
73881280 | 27 | 11.7148 | 19
147762561 | 28 | 11.7148 | 19
295525123 | 29 | 11.7148 | 19
591050246 | 30 | 11.7148 | 19
1182100493 | 31 | 11.7148 | 19
2364200987 | 32 | 11.7148 | 19
4728401974 | 33 | 3.55202 | 7
4728401975 | 33 | 11.7148 | 12
9456803950 | 34 | 11.7148 | 12
18913607900 | 35 | 11.7148 | 12
37827215801 | 36 | 11.7148 | 12
75654431602 | 37 | 11.7148 | 12
151308863204 | 38 | 11.7148 | 12
302617726409 | 39 | 11.7148 | 12
605235452818 | 40 | 89.3095 | 6
605235452819 | 40 | 73.9074 | 6
73881281 | 27 | 4.68058e-310 | 5
9019 | 14 | 14.051 | 35
18039 | 15 | 14.051 | 35
36079 | 16 | 14.051 | 35
72159 | 17 | 14.051 | 35
144319 | 18 | 14.051 | 35
288639 | 19 | 14.051 | 35
577279 | 20 | 14.051 | 35
1154559 | 21 | 14.051 | 35
2309119 | 22 | 14.051 | 35
4618238 | 23 | 14.051 | 35
9236476 | 24 | 14.051 | 35
18472952 | 25 | 9.60765 | 12
36945905 | 26 | 9.60765 | 12
73891810 | 27 | 9.60765 | 12
147783621 | 28 | 9.60765 | 12
295567243 | 29 | 9.60765 | 12
591134486 | 30 | 9.60765 | 12
1182268973 | 31 | 9.60765 | 12
2364537946 | 32 | 9.60765 | 12
4729075892 | 33 | 9.60765 | 12
9458151784 | 34 | 4.68058e-310 | 6
9458151785 | 34 | 1.41012 | 6
18472953 | 25 | 7.42027 | 23
36945907 | 26 | 7.42027 | 23
73891815 | 27 | 7.42027 | 23
147783630 | 28 | 7.42027 | 23
295567260 | 29 | 7.42027 | 23
591134520 | 30 | 5.54054 | 20
1182269040 | 31 | 5.54054 | 20
2364538080 | 32 | 5.54054 | 20
4729076161 | 33 | 5.54054 | 20
9458152322 | 34 | 5.54054 | 20
18916304644 | 35 | 5.54054 | 20
37832609288 | 36 | 5.54054 | 20
75665218576 | 37 | 5.54054 | 20
151330437153 | 38 | 5.54054 | 20
302660874307 | 39 | 5.54054 | 20
605321748615 | 40 | 5.54054 | 20
1210643497231 | 41 | 5.54054 | 20
2421286994463 | 42 | 5.54054 | 20
4842573988927 | 43 | 5.54054 | 20
9685147977854 | 44 | 4.68058e-310 | 8
9685147977855 | 44 | 5.353 | 12
19370295955710 | 45 | 5.353 | 12
38740591911421 | 46 | 5.353 | 12
77481183822842 | 47 | 5.353 | 12
154962367645684 | 48 | 5.353 | 12
309924735291368 | 49 | 5.353 | 12
619849470582737 | 50 | 5.353 | 12
1239698941165475 | 51 | 5.353 | 12
2479397882330950 | 52 | 5.353 | 12
4958795764661901 | 53 | 5.353 | 12
9917591529323802 | 54 | 5.353 | 12
19835183058647604 | 55 | 17.6557 | 3
19835183058647605 | 55 | 2.33142 | 9
591134521 | 30 | 4.68058e-310 | 3
2255 | 12 | 4.68058e-310 | 3
9 | 4 | 15.6075 | 365
18 | 5 | 15.6075 | 365
36 | 6 | 15.6075 | 365
72 | 7 | 13.398 | 146
144 | 8 | 13.398 | 146
288 | 9 | 9.37106 | 101
577 | 10 | 9.37106 | 101
1154 | 11 | 9.37106 | 101
2309 | 12 | 9.37106 | 101
4618 | 13 | 9.37106 | 101
9236 | 14 | 8.8925 | 93
18473 | 15 | 8.8925 | 93
36946 | 16 | 8.8925 | 93
73892 | 17 | 6.40325 | 55
147785 | 18 | 6.40325 | 55
295570 | 19 | 6.40325 | 55
591140 | 20 | 6.11754 | 52
1182280 | 21 | 4.89112 | 31
2364560 | 22 | 4.89112 | 31
4729120 | 23 | 4.89112 | 31
9458241 | 24 | 4.89112 | 31
18916482 | 25 | 4.89112 | 31
37832964 | 26 | 4.89112 | 31
75665928 | 27 | 4.89112 | 31
151331856 | 28 | 4.89112 | 31
302663712 | 29 | 4.89112 | 31
605327425 | 30 | 4.89112 | 31
1210654850 | 31 | 4.89112 | 31
2421309701 | 32 | 4.89112 | 31
4842619402 | 33 | 4.89112 | 31
9685238805 | 34 | 4.89112 | 31
19370477610 | 35 | 4.89112 | 31
38740955220 | 36 | 4.89112 | 31
77481910441 | 37 | 4.89112 | 31
154963820883 | 38 | 4.89112 | 31
309927641766 | 39 | 4.89112 | 31
619855283532 | 40 | 4.89112 | 31
1239710567064 | 41 | 4.68058e-310 | 3
1239710567065 | 41 | 4.09296 | 28
2479421134131 | 42 | 4.09296 | 28
4958842268262 | 43 | 4.09296 | 28
9917684536525 | 44 | 4.09296 | 28
19835369073051 | 45 | 4.09296 | 28
39670738146103 | 46 | 4.09296 | 28
79341476292206 | 47 | 4.09296 | 28
158682952584412 | 48 | 4.09296 | 28
317365905168825 | 49 | 4.09296 | 28
634731810337651 | 50 | 4.09296 | 28
1269463620675303 | 51 | 4.09296 | 28
2538927241350606 | 52 | 4.09296 | 28
5077854482701213 | 53 | 4.09296 | 28
10155708965402427 | 54 | 4.09296 | 28
20311417930804854 | 55 | 4.09296 | 28
40622835861609708 | 56 | 4.09296 | 28
81245671723219416 | 57 | 4.09296 | 28
162491343446438832 | 58 | 4.09296 | 28
324982686892877664 | 59 | 4.09296 | 28
649965373785755328 | 60 | 4.09296 | 28
1299930747571510657 | 61 | 4.09296 | 28
2599861495143021314 | 62 | 3.29216 | 12
5199722990286042629 | 63 | 3.29216 | 12
-8047298093137466358 | 64 | 3.29216 | 12
2352147887434618900 | 65 | 3.29216 | 12
4704295774869237800 | 66 | 3.29216 | 12
-9038152523971076016 | 67 | 37.4025 | 5
-9038152523971076015 | 67 | 26.8952 | 7
2599861495143021315 | 62 | 3.42287 | 16
5199722990286042631 | 63 | 3.42287 | 16
-8047298093137466353 | 64 | 3.42287 | 16
2352147887434618911 | 65 | 3.42287 | 16
4704295774869237822 | 66 | 3.42287 | 16
-9038152523971075972 | 67 | 1.5616 | 3
-9038152523971075971 | 67 | 2.37351 | 13
370439025767399674 | 68 | 2.04767 | 6
370439025767399675 | 68 | 0.165125 | 7
1182281 | 21 | 3.77422 | 21
2364562 | 22 | 3.77422 | 21
4729124 | 23 | 2.49984 | 11
9458248 | 24 | 4.68058e-310 | 6
9458249 | 24 | 4.68058e-310 | 5
4729125 | 23 | 4.68058e-310 | 10
591141 | 20 | 4.68058e-310 | 3
73893 | 17 | 6.0715 | 38
147786 | 18 | 6.0715 | 38
295573 | 19 | 6.0715 | 38
591147 | 20 | 6.0715 | 38
1182295 | 21 | 6.0715 | 38
2364590 | 22 | 5.45176 | 31
4729181 | 23 | 5.45176 | 31
9458363 | 24 | 5.45176 | 31
18916726 | 25 | 5.45176 | 31
37833453 | 26 | 5.45176 | 31
75666906 | 27 | 5.45176 | 31
151333812 | 28 | 5.45176 | 31
302667625 | 29 | 5.45176 | 31
605335250 | 30 | 5.45176 | 31
1210670500 | 31 | 3.21075 | 12
2421341001 | 32 | 3.21075 | 12
4842682002 | 33 | 3.21075 | 12
9685364004 | 34 | 3.21075 | 12
19370728009 | 35 | 3.21075 | 12
38741456018 | 36 | 3.21075 | 12
77482912036 | 37 | 3.21075 | 12
154965824073 | 38 | 3.21075 | 12
309931648147 | 39 | 3.21075 | 12
619863296294 | 40 | 3.21075 | 12
1239726592589 | 41 | 3.21075 | 12
2479453185179 | 42 | 3.21075 | 12
4958906370358 | 43 | 26.6815 | 9
4958906370359 | 43 | 5.58294e-322 | 3
1210670501 | 31 | 2.82787 | 19
2421341002 | 32 | 2.40008 | 15
4842682004 | 33 | 2.40008 | 15
9685364009 | 34 | 2.40008 | 15
19370728019 | 35 | 2.40008 | 15
38741456039 | 36 | 2.40008 | 15
77482912079 | 37 | 2.40008 | 15
154965824159 | 38 | 2.40008 | 15
309931648319 | 39 | 2.40008 | 15
619863296639 | 40 | 2.40008 | 15
1239726593278 | 41 | 2.40008 | 15
2479453186556 | 42 | 2.40008 | 15
4958906373113 | 43 | 2.40008 | 15
9917812746226 | 44 | 2.40008 | 15
19835625492453 | 45 | 2.40008 | 15
39671250984907 | 46 | 2.40008 | 15
79342501969814 | 47 | 6.9319e-310 | 5
79342501969815 | 47 | 1.02886 | 10
2421341003 | 32 | 4.68058e-310 | 4
2364591 | 22 | 4.68058e-310 | 7
9237 | 14 | 4.68058e-310 | 8
289 | 9 | 10.0143 | 45
578 | 10 | 4.68058e-310 | 8
579 | 10 | 10.0143 | 37
1159 | 11 | 10.0143 | 37
2318 | 12 | 10.0143 | 37
4636 | 13 | 10.0143 | 37
9272 | 14 | 10.0143 | 37
18544 | 15 | 10.0143 | 37
37088 | 16 | 10.0143 | 37
74176 | 17 | 5.95769 | 22
148352 | 18 | 5.95769 | 22
296704 | 19 | 5.95769 | 22
593408 | 20 | 5.95769 | 22
1186816 | 21 | 5.95769 | 22
2373633 | 22 | 5.95769 | 22
4747266 | 23 | 5.95769 | 22
9494533 | 24 | 5.95769 | 22
18989066 | 25 | 5.95769 | 22
37978132 | 26 | 1.63042e-322 | 5
37978133 | 26 | 4.02725 | 17
75956267 | 27 | 4.02725 | 17
151912534 | 28 | 4.02725 | 17
303825068 | 29 | 4.02725 | 16
607650137 | 30 | 4.02725 | 16
1215300275 | 31 | 4.02725 | 16
2430600550 | 32 | 4.02725 | 16
4861201100 | 33 | 4.02725 | 16
9722402200 | 34 | 4.02725 | 16
19444804400 | 35 | 3.40344 | 15
38889608800 | 36 | 3.40344 | 15
77779217600 | 37 | 3.40344 | 15
155558435200 | 38 | 3.40344 | 15
311116870401 | 39 | 3.40344 | 15
622233740803 | 40 | 3.40344 | 15
1244467481607 | 41 | 3.40344 | 15
2488934963215 | 42 | 3.40344 | 15
4977869926430 | 43 | 3.40344 | 15
9955739852860 | 44 | 3.40344 | 15
19911479705721 | 45 | 3.40344 | 15
39822959411442 | 46 | 3.40344 | 15
79645918822884 | 47 | 3.40344 | 14
159291837645768 | 48 | 3.40344 | 14
318583675291536 | 49 | 3.40344 | 14
637167350583072 | 50 | 3.40344 | 12
1274334701166145 | 51 | 3.40344 | 12
2548669402332291 | 52 | 3.40344 | 12
5097338804664582 | 53 | 3.40344 | 12
10194677609329165 | 54 | 3.40344 | 12
20389355218658331 | 55 | 3.40344 | 12
40778710437316663 | 56 | 3.40344 | 12
81557420874633326 | 57 | 3.40344 | 12
163114841749266652 | 58 | 2.94469 | 11
326229683498533305 | 59 | 2.94469 | 11
652459366997066611 | 60 | 2.94469 | 11
1304918733994133222 | 61 | 2.94469 | 11
2609837467988266445 | 62 | 2.94469 | 11
5219674935976532891 | 63 | 2.94469 | 11
-8007394201756485834 | 64 | 2.94469 | 11
2431955670196579949 | 65 | 2.94469 | 11
4863911340393159898 | 66 | 2.94469 | 11
-8718921392923231820 | 67 | 2.94469 | 11
1008901287863087976 | 68 | 2.94469 | 11
2017802575726175952 | 69 | 4.68058e-310 | 4
2017802575726175953 | 69 | 131.166 | 7
163114841749266653 | 58 | 4.68058e-310 | 1
637167350583073 | 50 | 4.68058e-310 | 2
79645918822885 | 47 | 4.68058e-310 | 1
19444804401 | 35 | 4.68058e-310 | 1
303825069 | 29 | 4.68058e-310 | 1
74177 | 17 | 3.60064 | 15
148354 | 18 | 3.60064 | 15
296708 | 19 | 3.60064 | 15
593416 | 20 | 3.60064 | 13
1186833 | 21 | 3.60064 | 13
2373666 | 22 | 3.60064 | 13
4747333 | 23 | 3.60064 | 13
9494667 | 24 | 3.60064 | 13
18989334 | 25 | 3.60064 | 13
37978668 | 26 | 3.60064 | 13
75957337 | 27 | 3.60064 | 13
151914675 | 28 | 3.60064 | 13
303829350 | 29 | 4.68058e-310 | 4
303829351 | 29 | 4.68058e-310 | 9
593417 | 20 | 4.68058e-310 | 2
73 | 7 | 11.6875 | 219
146 | 8 | 4.68058e-310 | 2
147 | 8 | 11.6875 | 217
295 | 9 | 11.6875 | 217
591 | 10 | 11.6875 | 217
1182 | 11 | 10.8845 | 181
2364 | 12 | 9.19198 | 156
4728 | 13 | 5.58705 | 11
9457 | 14 | 5.58705 | 11
18915 | 15 | 5.58705 | 11
37830 | 16 | 5.58705 | 11
75660 | 17 | 2.23372 | 5
75661 | 17 | 2.36662 | 6
4729 | 13 | 8.88645 | 145
9459 | 14 | 8.88645 | 145
18918 | 15 | 8.88645 | 145
37836 | 16 | 8.88645 | 145
75672 | 17 | 8.88645 | 145
151344 | 18 | 8.88645 | 145
302688 | 19 | 6.90608 | 34
605377 | 20 | 6.90608 | 34
1210754 | 21 | 6.90608 | 34
2421508 | 22 | 6.90608 | 34
4843017 | 23 | 6.90608 | 34
9686035 | 24 | 6.90608 | 34
19372070 | 25 | 6.90608 | 34
38744141 | 26 | 6.90608 | 34
77488283 | 27 | 6.90608 | 34
154976566 | 28 | 6.90608 | 34
309953132 | 29 | 6.72241 | 32
619906264 | 30 | 6.72241 | 32
1239812528 | 31 | 6.72241 | 32
2479625056 | 32 | 6.38026 | 30
4959250112 | 33 | 6.38026 | 30
9918500225 | 34 | 6.38026 | 30
19837000451 | 35 | 6.38026 | 30
39674000903 | 36 | 6.38026 | 30
79348001807 | 37 | 6.38026 | 30
158696003614 | 38 | 4.21638 | 21
317392007228 | 39 | 4.21638 | 21
634784014456 | 40 | 4.21638 | 21
1269568028912 | 41 | 4.21638 | 21
2539136057825 | 42 | 4.21638 | 21
5078272115651 | 43 | 4.21638 | 21
10156544231303 | 44 | 4.21638 | 21
20313088462607 | 45 | 4.21638 | 21
40626176925215 | 46 | 4.21638 | 21
81252353850430 | 47 | 4.21638 | 21
162504707700860 | 48 | 4.21638 | 21
325009415401720 | 49 | 4.21638 | 21
650018830803440 | 50 | 3.20603 | 1
650018830803441 | 50 | 4.03675 | 20
1300037661606883 | 51 | 4.03675 | 20
2600075323213767 | 52 | 4.03675 | 20
5200150646427535 | 53 | 4.03675 | 20
10400301292855071 | 54 | 4.03675 | 20
20800602585710142 | 55 | 4.03675 | 20
41601205171420284 | 56 | 4.03675 | 20
83202410342840568 | 57 | 4.03675 | 20
166404820685681137 | 58 | 4.03675 | 20
332809641371362274 | 59 | 4.03675 | 20
665619282742724549 | 60 | 4.03675 | 20
1331238565485449098 | 61 | 4.03675 | 20
2662477130970898196 | 62 | 2.2848 | 12
5324954261941796393 | 63 | 2.2848 | 12
-7796835549825958830 | 64 | 2.2848 | 12
2853072974057633956 | 65 | 2.2848 | 12
5706145948115267913 | 66 | 2.2848 | 12
-7034452177479015789 | 67 | 2.2848 | 12
4377839718751520039 | 68 | 2.2848 | 12
8755679437503040078 | 69 | 2.2848 | 12
-935385198703471459 | 70 | 2.2848 | 12
-1870770397406942918 | 71 | 2.2848 | 12
-3741540794813885836 | 72 | 1.06546 | 1
-3741540794813885835 | 72 | 1.89041 | 11
-7483081589627771669 | 73 | 1.89041 | 11
3480580894454008279 | 74 | 1.89041 | 11
6961161788908016558 | 75 | 1.89041 | 11
-4524420495893518499 | 76 | 1.89041 | 11
-9048840991787036998 | 77 | 2.08853 | 1
-9048840991787036997 | 77 | 4.68058e-310 | 10
2662477130970898197 | 62 | 4.68058e-310 | 8
158696003615 | 38 | 4.68058e-310 | 9
2479625057 | 32 | 4.68058e-310 | 2
309953133 | 29 | 4.68058e-310 | 2
302689 | 19 | 8.08041 | 111
605378 | 20 | 6.62491 | 71
1210757 | 21 | 6.62491 | 71
2421515 | 22 | 6.62491 | 71
4843030 | 23 | 6.62491 | 71
9686061 | 24 | 6.62491 | 71
19372122 | 25 | 6.62491 | 71
38744245 | 26 | 6.62491 | 71
77488490 | 27 | 6.62491 | 71
154976980 | 28 | 4.68058e-310 | 4
154976981 | 28 | 6.62491 | 67
309953963 | 29 | 6.62491 | 67
619907927 | 30 | 6.62491 | 67
1239815854 | 31 | 3.82685 | 13
2479631708 | 32 | 3.82685 | 13
4959263416 | 33 | 3.82685 | 13
9918526833 | 34 | 3.82685 | 13
19837053667 | 35 | 3.82685 | 13
39674107334 | 36 | 3.82685 | 13
79348214669 | 37 | 3.82685 | 13
158696429339 | 38 | 3.82685 | 13
317392858678 | 39 | 3.82685 | 13
634785717357 | 40 | 3.82685 | 13
1269571434715 | 41 | 3.82685 | 13
2539142869431 | 42 | 3.82685 | 13
5078285738863 | 43 | 3.82685 | 13
10156571477727 | 44 | 3.82685 | 13
20313142955454 | 45 | 3.82685 | 13
40626285910909 | 46 | 3.82685 | 13
81252571821818 | 47 | 4.68058e-310 | 4
81252571821819 | 47 | 4.68058e-310 | 9
1239815855 | 31 | 6.46177 | 54
2479631710 | 32 | 4.84447 | 41
4959263420 | 33 | 4.84447 | 41
9918526840 | 34 | 4.84447 | 41
19837053681 | 35 | 4.84447 | 41
39674107362 | 36 | 4.84447 | 41
79348214724 | 37 | 4.84447 | 41
158696429449 | 38 | 4.84447 | 41
317392858898 | 39 | 4.84447 | 41
634785717796 | 40 | 0.013766 | 7
634785717797 | 40 | 3.52737 | 34
1269571435595 | 41 | 3.52737 | 34
2539142871190 | 42 | 3.24282 | 33
5078285742380 | 43 | 3.24282 | 33
10156571484760 | 44 | 4.68058e-310 | 6
10156571484761 | 44 | 3.06866 | 27
20313142969522 | 45 | 3.06866 | 27
40626285939045 | 46 | 3.06866 | 27
81252571878091 | 47 | 3.06866 | 27
162505143756182 | 48 | 3.02738 | 26
325010287512364 | 49 | 3.02738 | 26
650020575024728 | 50 | 3.02738 | 26
1300041150049457 | 51 | 3.02738 | 26
2600082300098914 | 52 | 3.02738 | 26
5200164600197828 | 53 | 3.02738 | 26
10400329200395657 | 54 | 3.02738 | 26
20800658400791314 | 55 | 3.02738 | 26
41601316801582628 | 56 | 3.02738 | 26
83202633603165256 | 57 | 2.5384 | 22
166405267206330513 | 58 | 2.5384 | 22
332810534412661027 | 59 | 2.5384 | 22
665621068825322054 | 60 | 4.68058e-310 | 6
665621068825322055 | 60 | 1.89451 | 16
1331242137650644110 | 61 | 1.89451 | 16
2662484275301288220 | 62 | 1.64857 | 11
5324968550602576440 | 63 | 1.64857 | 11
-7796806972504398735 | 64 | 1.64857 | 11
2853130128700754147 | 65 | 1.64857 | 11
5706260257401508295 | 66 | 1.64857 | 11
-7034223558906535025 | 67 | 1.64857 | 11
4378296955896481567 | 68 | 1.64857 | 11
8756593911792963135 | 69 | 1.64857 | 11
-933556250123625345 | 70 | 1.64857 | 11
-1867112500247250690 | 71 | 1.47346 | 9
-1867112500247250689 | 71 | 2.42092e-322 | 2
2662484275301288221 | 62 | 4.68058e-310 | 5
83202633603165257 | 57 | 4.68058e-310 | 4
162505143756183 | 48 | 4.68058e-310 | 1
2539142871191 | 42 | 4.68058e-310 | 1
2479631711 | 32 | 3.64766 | 13
4959263422 | 33 | 4.68058e-310 | 8
4959263423 | 33 | 4.68058e-310 | 5
605379 | 20 | 5.15635 | 40
1210758 | 21 | 5.15635 | 40
2421516 | 22 | 1.7556 | 13
4843032 | 23 | 1.7556 | 13
9686064 | 24 | 1.7556 | 13
19372128 | 25 | 1.7556 | 13
38744257 | 26 | 1.7556 | 13
77488515 | 27 | 1.7556 | 13
154977030 | 28 | 4.68058e-310 | 5
154977031 | 28 | 4.68058e-310 | 8
2421517 | 22 | 3.7747 | 27
4843034 | 23 | 3.7747 | 27
9686068 | 24 | 3.32901 | 23
19372137 | 25 | 3.32901 | 23
38744274 | 26 | 3.32901 | 22
77488548 | 27 | 3.32901 | 22
154977097 | 28 | 3.32901 | 22
309954194 | 29 | 4.68058e-310 | 7
309954195 | 29 | 3.32901 | 15
619908391 | 30 | 3.32901 | 15
1239816782 | 31 | 33.7455 | 8
1239816783 | 31 | 0 | 7
38744275 | 26 | 4.68058e-310 | 1
9686069 | 24 | 4.68058e-310 | 4
2365 | 12 | 7.15733 | 25
4730 | 13 | 7.15733 | 25
9460 | 14 | 7.15733 | 25
18921 | 15 | 7.15733 | 25
37843 | 16 | 7.15733 | 25
75686 | 17 | 7.15733 | 25
151372 | 18 | 7.15733 | 25
302745 | 19 | 7.15733 | 25
605490 | 20 | 7.15733 | 25
1210980 | 21 | 7.15733 | 25
2421960 | 22 | 7.15733 | 25
4843920 | 23 | 7.15733 | 25
9687840 | 24 | 7.15733 | 25
19375681 | 25 | 7.15733 | 25
38751362 | 26 | 1.63042e-322 | 8
38751363 | 26 | 4.54228 | 17
77502726 | 27 | 4.54228 | 17
155005452 | 28 | 4.54228 | 17
310010904 | 29 | 0.667922 | 6
310010905 | 29 | 2.52405 | 11
620021811 | 30 | 2.52405 | 11
1240043623 | 31 | 2.52405 | 11
2480087246 | 32 | 2.52405 | 11
4960174492 | 33 | 2.52405 | 11
9920348984 | 34 | 2.52405 | 11
19840697968 | 35 | 5.64512 | 5
19840697969 | 35 | 3.21143e-322 | 6
1183 | 11 | 8.17705 | 36
2367 | 12 | 8.17705 | 36
4735 | 13 | 8.17705 | 36
9471 | 14 | 8.17705 | 36
18942 | 15 | 8.17705 | 36
37885 | 16 | 8.17705 | 36
75770 | 17 | 4.68058e-310 | 8
75771 | 17 | 8.17705 | 28
151543 | 18 | 8.17705 | 28
303086 | 19 | 8.17705 | 28
606173 | 20 | 8.17705 | 28
1212346 | 21 | 8.17705 | 28
2424692 | 22 | 8.17705 | 28
4849385 | 23 | 8.17705 | 28
9698770 | 24 | 8.17705 | 28
19397540 | 25 | 8.17705 | 28
38795080 | 26 | 8.17705 | 28
77590160 | 27 | 1.63042e-322 | 9
77590161 | 27 | 5.27262 | 19
155180322 | 28 | 31.8945 | 3
155180323 | 28 | 4.70047 | 16
310360647 | 29 | 4.70047 | 16
620721294 | 30 | 0.303192 | 5
620721295 | 30 | 3.59864 | 11
1241442591 | 31 | 3.59864 | 11
2482885183 | 32 | 3.59864 | 11
4965770366 | 33 | 3.59864 | 11
9931540733 | 34 | 3.59864 | 11
19863081466 | 35 | 3.59864 | 11
39726162933 | 36 | 3.59864 | 11
79452325867 | 37 | 3.59864 | 11
158904651735 | 38 | 3.59864 | 11
317809303470 | 39 | 3.59864 | 11
635618606941 | 40 | 3.59864 | 11
1271237213882 | 41 | 3.59864 | 11
2542474427764 | 42 | 5.63981 | 4
2542474427765 | 42 | 2.42092e-322 | 7
5 | 3 | 27.0594 | 1120
11 | 4 | 27.0594 | 1120
23 | 5 | 27.0594 | 1120
46 | 6 | 23.1845 | 66
93 | 7 | 23.1845 | 66
187 | 8 | 23.1845 | 66
374 | 9 | 23.1845 | 66
748 | 10 | 17.4778 | 30
1496 | 11 | 17.4778 | 30
2992 | 12 | 17.4778 | 30
5984 | 13 | 4.68058e-310 | 9
5985 | 13 | 7.18483 | 21
11970 | 14 | 7.18483 | 21
23941 | 15 | 7.18483 | 21
47883 | 16 | 7.18483 | 21
95766 | 17 | 7.18483 | 21
191532 | 18 | 7.18483 | 21
383064 | 19 | 7.18483 | 21
766129 | 20 | 7.18483 | 21
1532258 | 21 | 7.18483 | 21
3064516 | 22 | 7.18483 | 21
6129032 | 23 | 0.104861 | 8
6129033 | 23 | 2.67981 | 13
12258066 | 24 | 2.67981 | 13
24516132 | 25 | 2.67981 | 13
49032264 | 26 | 1.54722 | 9
49032265 | 26 | 4.30416 | 4
749 | 10 | 8.08915 | 36
1498 | 11 | 8.08915 | 36
2997 | 12 | 8.08915 | 36
5994 | 13 | 8.08915 | 36
11988 | 14 | 8.08915 | 36
23977 | 15 | 8.08915 | 36
47954 | 16 | 8.08915 | 36
95908 | 17 | 8.08915 | 36
191816 | 18 | 8.08915 | 32
383633 | 19 | 8.08915 | 32
767266 | 20 | 8.08915 | 32
1534532 | 21 | 8.08915 | 32
3069065 | 22 | 8.08915 | 32
6138131 | 23 | 8.08915 | 32
12276262 | 24 | 8.08915 | 32
24552524 | 25 | 8.08915 | 32
49105049 | 26 | 8.08915 | 32
98210098 | 27 | 8.08915 | 32
196420197 | 28 | 8.08915 | 32
392840395 | 29 | 8.08915 | 32
785680790 | 30 | 8.08915 | 32
1571361581 | 31 | 8.08915 | 32
3142723162 | 32 | 8.08915 | 32
6285446324 | 33 | 8.08915 | 32
12570892648 | 34 | 8.08915 | 32
25141785296 | 35 | 8.08915 | 32
50283570592 | 36 | 8.08915 | 32
100567141184 | 37 | 8.08915 | 32
201134282369 | 38 | 8.08915 | 32
402268564738 | 39 | 8.08915 | 32
804537129476 | 40 | 8.08915 | 32
1609074258952 | 41 | 8.08915 | 32
3218148517905 | 42 | 8.08915 | 32
6436297035810 | 43 | 8.08915 | 32
12872594071620 | 44 | 8.08915 | 32
25745188143241 | 45 | 8.08915 | 32
51490376286483 | 46 | 8.08915 | 32
102980752572966 | 47 | 8.08915 | 32
205961505145933 | 48 | 8.08915 | 32
411923010291866 | 49 | 8.08915 | 32
823846020583732 | 50 | 8.08915 | 32
1647692041167464 | 51 | 8.08915 | 32
3295384082334928 | 52 | 8.08915 | 20
6590768164669856 | 53 | 6.6251 | 1
6590768164669857 | 53 | 7.37799 | 19
13181536329339714 | 54 | 7.37799 | 19
26363072658679429 | 55 | 7.37799 | 19
52726145317358859 | 56 | 7.37799 | 19
105452290634717719 | 57 | 7.37799 | 19
210904581269435439 | 58 | 7.37799 | 19
421809162538870878 | 59 | 4.68058e-310 | 9
421809162538870879 | 59 | 54.0595 | 10
3295384082334929 | 52 | 6.89584 | 12
6590768164669859 | 53 | 6.89584 | 12
13181536329339719 | 54 | 6.89584 | 12
26363072658679438 | 55 | 6.89584 | 12
52726145317358876 | 56 | 6.89584 | 12
105452290634717752 | 57 | 6.89584 | 12
210904581269435504 | 58 | 6.89584 | 12
421809162538871008 | 59 | 6.89584 | 12
843618325077742017 | 60 | 6.89584 | 12
1687236650155484034 | 61 | 6.89584 | 12
3374473300310968069 | 62 | 6.89584 | 12
6748946600621936138 | 63 | 6.89584 | 12
-4948850872465679339 | 64 | 6.89584 | 12
8549042328778192938 | 65 | 6.89584 | 12
-1348659416153165739 | 66 | 6.89584 | 12
-2697318832306331477 | 67 | 6.89584 | 12
-5394637664612662954 | 68 | 6.89584 | 12
7657468744484225709 | 69 | 6.89584 | 12
-3131806584741100197 | 70 | 6.89584 | 12
-6263613169482200394 | 71 | 34.8843 | 4
-6263613169482200393 | 71 | 0.325648 | 8
191817 | 18 | 4.68058e-310 | 4
47 | 6 | 26.6953 | 1054
94 | 7 | 16.0508 | 166
188 | 8 | 16.0508 | 166
377 | 9 | 16.0508 | 166
755 | 10 | 16.0508 | 166
1510 | 11 | 14.0336 | 82
3020 | 12 | 14.0336 | 82
6041 | 13 | 14.0336 | 82
12082 | 14 | 14.0336 | 82
24164 | 15 | 14.0336 | 82
48329 | 16 | 14.0336 | 82
96659 | 17 | 14.0336 | 82
193319 | 18 | 14.0336 | 82
386638 | 19 | 14.0336 | 82
773277 | 20 | 14.0336 | 82
1546555 | 21 | 14.0336 | 82
3093110 | 22 | 14.0336 | 82
6186221 | 23 | 14.0336 | 82
12372443 | 24 | 14.0336 | 82
24744887 | 25 | 14.0336 | 82
49489774 | 26 | 14.0336 | 82
98979548 | 27 | 14.0336 | 82
197959096 | 28 | 12.5708 | 32
395918192 | 29 | 12.5708 | 32
791836385 | 30 | 12.5708 | 32
1583672771 | 31 | 12.5708 | 32
3167345542 | 32 | 12.5708 | 32
6334691084 | 33 | 6.09411 | 28
12669382169 | 34 | 6.09411 | 28
25338764339 | 35 | 6.09411 | 28
50677528679 | 36 | 6.09411 | 28
101355057358 | 37 | 4.68058e-310 | 5
101355057359 | 37 | 4.62673 | 23
202710114718 | 38 | 4.62673 | 23
405420229437 | 39 | 4.62673 | 23
810840458874 | 40 | 4.62673 | 23
1621680917748 | 41 | 4.62673 | 23
3243361835496 | 42 | 4.62673 | 23
6486723670993 | 43 | 4.62673 | 23
12973447341987 | 44 | 4.62673 | 23
25946894683974 | 45 | 4.68058e-310 | 3
25946894683975 | 45 | 4.62673 | 20
51893789367951 | 46 | 4.62673 | 20
103787578735902 | 47 | 4.62673 | 20
207575157471804 | 48 | 0 | 7
207575157471805 | 48 | 3.37529 | 13
415150314943610 | 49 | 3.37529 | 13
830300629887221 | 50 | 3.37529 | 13
1660601259774442 | 51 | 3.37529 | 13
3321202519548884 | 52 | 3.37529 | 13
6642405039097768 | 53 | 3.37529 | 13
13284810078195536 | 54 | 3.37529 | 13
26569620156391072 | 55 | 3.37529 | 13
53139240312782145 | 56 | 3.37529 | 13
106278480625564290 | 57 | 4.00193e-322 | 1
106278480625564291 | 57 | 3.37529 | 12
212556961251128582 | 58 | 3.37529 | 12
425113922502257164 | 59 | 3.37529 | 12
850227845004514329 | 60 | 3.37529 | 12
1700455690009028658 | 61 | 3.37529 | 12
3400911380018057317 | 62 | 3.37529 | 12
6801822760036114634 | 63 | 3.37529 | 12
-4843098553637322347 | 64 | 3.37529 | 12
8760546966434906923 | 65 | 3.37529 | 12
-925650140839737769 | 66 | 3.37529 | 12
-1851300281679475537 | 67 | 3.37529 | 12
-3702600563358951074 | 68 | 3.37529 | 12
-7405201126717902148 | 69 | 3.37529 | 12
3636341820273747320 | 70 | 4.73734 | 7
3636341820273747321 | 70 | 4.79244e-322 | 5
6334691085 | 33 | 4.68058e-310 | 4
197959097 | 28 | 8.34686 | 50
395918194 | 29 | 4.68058e-310 | 3
395918195 | 29 | 8.32807 | 47
791836390 | 30 | 8.32807 | 47
1583672781 | 31 | 8.32807 | 47
3167345562 | 32 | 8.32807 | 47
6334691125 | 33 | 8.32807 | 47
12669382251 | 34 | 8.32807 | 47
25338764503 | 35 | 8.32807 | 47
50677529006 | 36 | 4.22743 | 41
101355058012 | 37 | 4.22743 | 41
202710116024 | 38 | 4.22743 | 41
405420232048 | 39 | 4.22743 | 41
810840464096 | 40 | 4.22743 | 35
1621680928192 | 41 | 4.0178 | 34
3243361856384 | 42 | 4.0178 | 34
6486723712768 | 43 | 4.68058e-310 | 6
6486723712769 | 43 | 3.17132 | 28
12973447425538 | 44 | 2.67491 | 12
25946894851077 | 45 | 2.67491 | 12
51893789702154 | 46 | 2.67491 | 12
103787579404309 | 47 | 2.67491 | 12
207575158808618 | 48 | 2.67491 | 12
415150317617236 | 49 | 2.67491 | 12
830300635234472 | 50 | 2.67491 | 12
1660601270468944 | 51 | 2.67491 | 12
3321202540937888 | 52 | 2.67491 | 12
6642405081875777 | 53 | 2.67491 | 12
13284810163751555 | 54 | 2.67491 | 12
26569620327503110 | 55 | 2.67491 | 12
53139240655006220 | 56 | 2.67491 | 12
106278481310012440 | 57 | 2.67491 | 12
212556962620024880 | 58 | 2.67491 | 12
425113925240049761 | 59 | 2.67491 | 12
850227850480099523 | 60 | 2.67491 | 12
1700455700960199046 | 61 | 0.204284 | 4
1700455700960199047 | 61 | 3.29137 | 8
12973447425539 | 44 | 2.68489 | 16
25946894851079 | 45 | 2.68489 | 16
51893789702159 | 46 | 2.68489 | 16
103787579404318 | 47 | 4.68058e-310 | 6
103787579404319 | 47 | 4.68058e-310 | 10
1621680928193 | 41 | 4.68058e-310 | 1
810840464097 | 40 | 4.68058e-310 | 6
50677529007 | 36 | 4.68058e-310 | 6
1511 | 11 | 14.0993 | 84
3022 | 12 | 14.0993 | 84
6045 | 13 | 14.0993 | 84
12091 | 14 | 14.0993 | 84
24182 | 15 | 12.408 | 82
48365 | 16 | 12.408 | 82
96731 | 17 | 12.408 | 82
193463 | 18 | 12.408 | 82
386926 | 19 | 12.408 | 82
773852 | 20 | 12.408 | 82
1547704 | 21 | 12.408 | 82
3095409 | 22 | 12.408 | 82
6190818 | 23 | 12.408 | 82
12381636 | 24 | 9.82505 | 73
24763273 | 25 | 9.82505 | 73
49526546 | 26 | 9.82505 | 73
99053092 | 27 | 4.38835 | 13
198106185 | 28 | 4.38835 | 13
396212370 | 29 | 4.38835 | 13
792424741 | 30 | 4.38835 | 13
1584849483 | 31 | 4.38835 | 13
3169698967 | 32 | 4.38835 | 13
6339397935 | 33 | 4.38835 | 13
12678795871 | 34 | 4.38835 | 13
25357591742 | 35 | 4.38835 | 13
50715183484 | 36 | 4.38835 | 13
101430366969 | 37 | 4.38835 | 13
202860733939 | 38 | 4.38835 | 13
405721467879 | 39 | 4.38835 | 13
811442935758 | 40 | 4.38835 | 13
1622885871516 | 41 | 2.64439 | 9
1622885871517 | 41 | 2.95128 | 4
99053093 | 27 | 6.16567 | 60
198106186 | 28 | 6.16567 | 60
396212372 | 29 | 5.90967 | 16
792424744 | 30 | 5.90967 | 16
1584849488 | 31 | 5.90967 | 16
3169698977 | 32 | 5.90967 | 16
6339397954 | 33 | 5.90967 | 16
12678795908 | 34 | 5.90967 | 16
25357591817 | 35 | 5.90967 | 16
50715183634 | 36 | 5.90967 | 16
101430367268 | 37 | 5.90967 | 16
202860734536 | 38 | 5.90967 | 16
405721469072 | 39 | 5.90967 | 16
811442938144 | 40 | 5.90967 | 16
1622885876288 | 41 | 26.6303 | 9
1622885876289 | 41 | 0.0409403 | 7
396212373 | 29 | 5.11885 | 44
792424747 | 30 | 5.11885 | 44
1584849494 | 31 | 3.64907 | 28
3169698988 | 32 | 3.64907 | 28
6339397976 | 33 | 4.68058e-310 | 10
6339397977 | 33 | 3.09926 | 18
12678795955 | 34 | 3.09926 | 18
25357591911 | 35 | 3.09926 | 18
50715183822 | 36 | 3.09926 | 18
101430367645 | 37 | 3.09926 | 18
202860735291 | 38 | 3.09926 | 18
405721470583 | 39 | 3.09926 | 18
811442941167 | 40 | 3.09926 | 18
1622885882334 | 41 | 3.09926 | 18
3245771764668 | 42 | 3.09926 | 14
6491543529336 | 43 | 3.09926 | 14
12983087058672 | 44 | 3.09926 | 14
25966174117345 | 45 | 3.09926 | 14
51932348234691 | 46 | 3.09926 | 14
103864696469382 | 47 | 2.11118 | 11
207729392938764 | 48 | 2.11118 | 11
415458785877529 | 49 | 2.11118 | 11
830917571755059 | 50 | 2.11118 | 11
1661835143510118 | 51 | 2.11118 | 11
3323670287020237 | 52 | 2.11118 | 11
6647340574040475 | 53 | 2.11118 | 11
13294681148080951 | 54 | 2.11118 | 11
26589362296161902 | 55 | 2.11118 | 11
53178724592323804 | 56 | 2.11118 | 11
106357449184647609 | 57 | 2.11118 | 11
212714898369295218 | 58 | 2.11118 | 11
425429796738590436 | 59 | 0.173492 | 9
425429796738590437 | 59 | 0.118687 | 2
103864696469383 | 47 | 4.68058e-310 | 3
3245771764669 | 42 | 4.68058e-310 | 4
1584849495 | 31 | 2.25536 | 16
3169698990 | 32 | 1.57728 | 13
6339397981 | 33 | 1.57728 | 13
12678795963 | 34 | 1.57728 | 13
25357591926 | 35 | 4.68058e-310 | 7
25357591927 | 35 | 4.68058e-310 | 6
3169698991 | 32 | 4.68058e-310 | 3
12381637 | 24 | 4.68058e-310 | 9
24183 | 15 | 4.68058e-310 | 2
95 | 7 | 22.2532 | 888
190 | 8 | 21.124 | 165
380 | 9 | 8.91165 | 54
760 | 10 | 4.84756 | 29
1521 | 11 | 4.84756 | 29
3042 | 12 | 4.84756 | 29
6084 | 13 | 4.84756 | 29
12168 | 14 | 4.68058e-310 | 2
12169 | 14 | 4.84756 | 27
24339 | 15 | 4.84756 | 27
48678 | 16 | 4.84756 | 27
97356 | 17 | 4.84756 | 27
194712 | 18 | 4.84756 | 27
389424 | 19 | 4.84756 | 27
778849 | 20 | 4.84756 | 27
1557699 | 21 | 4.84756 | 27
3115399 | 22 | 4.84756 | 27
6230798 | 23 | 4.84756 | 27
12461597 | 24 | 4.84756 | 27
24923194 | 25 | 2.43097 | 17
49846388 | 26 | 2.43097 | 17
99692777 | 27 | 2.43097 | 17
199385554 | 28 | 2.43097 | 17
398771108 | 29 | 2.43097 | 17
797542216 | 30 | 2.43097 | 17
1595084432 | 31 | 2.25267 | 14
3190168864 | 32 | 2.25267 | 14
6380337728 | 33 | 1.94241 | 13
12760675457 | 34 | 1.94241 | 13
25521350914 | 35 | 1.94241 | 11
51042701828 | 36 | 4.68058e-310 | 10
51042701829 | 36 | 4.68058e-310 | 1
25521350915 | 35 | 4.68058e-310 | 2
6380337729 | 33 | 4.68058e-310 | 1
1595084433 | 31 | 4.68058e-310 | 3
24923195 | 25 | 4.68058e-310 | 10
761 | 10 | 4.86754 | 25
1523 | 11 | 4.86754 | 25
3047 | 12 | 4.86754 | 25
6095 | 13 | 4.86754 | 25
12190 | 14 | 4.86754 | 25
24380 | 15 | 3.96934 | 22
48761 | 16 | 3.96934 | 22
97522 | 17 | 3.96934 | 22
195044 | 18 | 4.68058e-310 | 1
195045 | 18 | 3.92898 | 21
390090 | 19 | 3.92898 | 21
780180 | 20 | 3.92898 | 21
1560360 | 21 | 3.92898 | 21
3120720 | 22 | 3.92898 | 21
6241440 | 23 | 3.92898 | 21
12482880 | 24 | 1.89562 | 12
24965761 | 25 | 1.89562 | 12
49931522 | 26 | 1.89562 | 12
99863044 | 27 | 1.89562 | 12
199726089 | 28 | 1.89562 | 12
399452178 | 29 | 1.89562 | 12
798904357 | 30 | 1.89562 | 12
1597808714 | 31 | 1.89562 | 12
3195617428 | 32 | 1.89562 | 12
6391234856 | 33 | 1.89562 | 12
12782469712 | 34 | 1.89562 | 12
25564939424 | 35 | 1.89562 | 12
51129878848 | 36 | 2.174 | 1
51129878849 | 36 | 1.71834 | 11
102259757698 | 37 | 1.71834 | 11
204519515396 | 38 | 1.48763 | 4
204519515397 | 38 | 7.13967 | 7
12482881 | 24 | 4.68058e-310 | 9
24381 | 15 | 4.68058e-310 | 3
381 | 9 | 17.7112 | 111
762 | 10 | 12.3435 | 78
1525 | 11 | 12.3435 | 78
3051 | 12 | 12.3435 | 78
6102 | 13 | 12.3435 | 78
12205 | 14 | 12.3435 | 78
24411 | 15 | 12.3435 | 78
48822 | 16 | 7.6355 | 31
97644 | 17 | 7.6355 | 31
195288 | 18 | 4.32888 | 25
390577 | 19 | 4.32888 | 25
781155 | 20 | 4.32888 | 25
1562310 | 21 | 4.32888 | 25
3124620 | 22 | 4.32888 | 25
6249241 | 23 | 4.32888 | 25
12498482 | 24 | 4.32888 | 25
24996964 | 25 | 4.2911 | 21
49993928 | 26 | 4.2911 | 21
99987856 | 27 | 4.2911 | 21
199975713 | 28 | 4.2911 | 21
399951426 | 29 | 4.68058e-310 | 2
399951427 | 29 | 3.24449 | 19
799902854 | 30 | 3.24449 | 19
1599805709 | 31 | 3.24449 | 19
3199611418 | 32 | 3.24449 | 19
6399222836 | 33 | 3.24449 | 19
12798445673 | 34 | 3.24449 | 19
25596891346 | 35 | 3.24449 | 19
51193782693 | 36 | 3.24449 | 19
102387565386 | 37 | 3.24449 | 19
204775130772 | 38 | 3.24449 | 19
409550261545 | 39 | 3.24449 | 19
819100523090 | 40 | 5.23042 | 8
819100523091 | 40 | 1.81939 | 11
1638201046182 | 41 | 3.8683 | 5
1638201046183 | 41 | 5.23042 | 6
24996965 | 25 | 4.68058e-310 | 4
195289 | 18 | 4.68058e-310 | 6
48823 | 16 | 10.3482 | 47
97647 | 17 | 10.3482 | 47
195294 | 18 | 5.20763 | 38
390589 | 19 | 5.20763 | 38
781178 | 20 | 4.68058e-310 | 1
781179 | 20 | 5.20763 | 37
1562358 | 21 | 5.20763 | 37
3124716 | 22 | 5.20763 | 37
6249433 | 23 | 5.20763 | 37
12498866 | 24 | 2.93144 | 23
24997732 | 25 | 2.93144 | 23
49995464 | 26 | 4.68058e-310 | 9
49995465 | 26 | 2.39769 | 14
99990931 | 27 | 2.39769 | 14
199981862 | 28 | 2.39769 | 14
399963724 | 29 | 2.39769 | 14
799927448 | 30 | 2.39769 | 14
1599854897 | 31 | 2.39769 | 14
3199709795 | 32 | 2.39769 | 14
6399419590 | 33 | 0.577897 | 1
6399419591 | 33 | 2.2153 | 13
12798839182 | 34 | 2.2153 | 13
25597678364 | 35 | 2.2153 | 13
51195356729 | 36 | 2.2153 | 13
102390713458 | 37 | 2.2153 | 13
204781426916 | 38 | 5.09727 | 4
204781426917 | 38 | 2.88337 | 9
12498867 | 24 | 2.5114 | 14
24997734 | 25 | 2.5114 | 14
49995468 | 26 | 2.5114 | 14
99990937 | 27 | 2.5114 | 14
199981875 | 28 | 2.5114 | 14
399963750 | 29 | 2.5114 | 14
799927500 | 30 | 2.5114 | 14
1599855001 | 31 | 2.5114 | 14
3199710003 | 32 | 2.5114 | 14
6399420006 | 33 | 4.63874 | 5
6399420007 | 33 | 1.39393 | 9
195295 | 18 | 4.68058e-310 | 9
763 | 10 | 9.76565 | 33
1526 | 11 | 4.68058e-310 | 5
1527 | 11 | 9.76565 | 28
3054 | 12 | 9.76565 | 28
6108 | 13 | 9.76565 | 28
12216 | 14 | 9.76565 | 28
24432 | 15 | 9.76565 | 28
48864 | 16 | 4.68058e-310 | 10
48865 | 16 | 6.53188 | 18
97731 | 17 | 6.53188 | 18
195463 | 18 | 6.53188 | 18
390927 | 19 | 6.53188 | 18
781854 | 20 | 6.53188 | 18
1563708 | 21 | 4.00193e-322 | 3
1563709 | 21 | 5.26006 | 15
3127418 | 22 | 5.26006 | 15
6254837 | 23 | 5.26006 | 15
12509675 | 24 | 5.26006 | 15
25019351 | 25 | 5.26006 | 15
50038702 | 26 | 5.26006 | 15
100077404 | 27 | 4.51233 | 8
100077405 | 27 | 6.48741 | 7
191 | 8 | 21.8826 | 723
382 | 9 | 21.8826 | 723
764 | 10 | 18.026 | 545
1528 | 11 | 18.026 | 545
3056 | 12 | 18.026 | 545
6113 | 13 | 18.026 | 545
12226 | 14 | 18.026 | 540
24452 | 15 | 14.2573 | 449
48905 | 16 | 14.2573 | 449
97810 | 17 | 14.2573 | 449
195620 | 18 | 8.09812 | 112
391241 | 19 | 8.09812 | 112
782483 | 20 | 8.09812 | 112
1564966 | 21 | 8.09812 | 112
3129932 | 22 | 8.09812 | 112
6259864 | 23 | 6.17003 | 79
12519728 | 24 | 6.17003 | 79
25039457 | 25 | 6.17003 | 79
50078914 | 26 | 3.17156 | 17
100157828 | 27 | 2.60307 | 13
200315656 | 28 | 2.60307 | 13
400631312 | 29 | 2.60307 | 13
801262624 | 30 | 2.60307 | 13
1602525248 | 31 | 2.60307 | 13
3205050497 | 32 | 2.60307 | 13
6410100995 | 33 | 2.60307 | 13
12820201990 | 34 | 2.60307 | 13
25640403980 | 35 | 2.60307 | 13
51280807960 | 36 | 4.68058e-310 | 1
51280807961 | 36 | 2.44223 | 12
102561615923 | 37 | 2.44223 | 12
205123231847 | 38 | 2.44223 | 12
410246463694 | 39 | 2.44223 | 12
820492927388 | 40 | 2.44223 | 12
1640985854776 | 41 | 2.44223 | 12
3281971709552 | 42 | 2.44223 | 12
6563943419104 | 43 | 2.44223 | 12
13127886838208 | 44 | 2.44223 | 12
26255773676417 | 45 | 2.44223 | 12
52511547352835 | 46 | 2.44223 | 12
105023094705670 | 47 | 2.44223 | 12
210046189411340 | 48 | 2.44223 | 12
420092378822680 | 49 | 2.44223 | 12
840184757645361 | 50 | 2.44223 | 12
1680369515290723 | 51 | 2.44223 | 12
3360739030581447 | 52 | 2.44223 | 12
6721478061162894 | 53 | 2.44223 | 12
13442956122325788 | 54 | 23.4043 | 9
13442956122325789 | 54 | 0.667961 | 3
100157829 | 27 | 4.68058e-310 | 4
50078915 | 26 | 6.01131 | 62
100157831 | 27 | 6.01131 | 62
200315662 | 28 | 6.01131 | 62
400631325 | 29 | 6.01131 | 62
801262650 | 30 | 6.01131 | 62
1602525300 | 31 | 6.01131 | 62
3205050600 | 32 | 6.01131 | 62
6410101200 | 33 | 6.01131 | 62
12820202400 | 34 | 6.01131 | 62
25640404800 | 35 | 6.01131 | 62
51280809600 | 36 | 6.01131 | 62
102561619201 | 37 | 6.01131 | 62
205123238402 | 38 | 6.01131 | 58
410246476805 | 39 | 6.01131 | 58
820492953610 | 40 | 6.01131 | 58
1640985907220 | 41 | 6.01131 | 58
3281971814441 | 42 | 6.01131 | 58
6563943628882 | 43 | 6.01131 | 58
13127887257764 | 44 | 6.01131 | 58
26255774515528 | 45 | 6.01131 | 58
52511549031057 | 46 | 6.01131 | 58
105023098062114 | 47 | 6.01131 | 58
210046196124229 | 48 | 6.01131 | 58
420092392248459 | 49 | 6.01131 | 58
840184784496918 | 50 | 6.01131 | 58
1680369568993837 | 51 | 6.01131 | 58
3360739137987675 | 52 | 6.01131 | 58
6721478275975350 | 53 | 6.01131 | 58
13442956551950701 | 54 | 6.01131 | 58
26885913103901402 | 55 | 4.61142 | 27
53771826207802805 | 56 | 4.61142 | 27
107543652415605610 | 57 | 4.61142 | 27
215087304831211220 | 58 | 4.61142 | 27
430174609662422441 | 59 | 4.61142 | 27
860349219324844882 | 60 | 4.61142 | 27
1720698438649689764 | 61 | 22.8199 | 7
1720698438649689765 | 61 | 4.60998 | 20
3441396877299379530 | 62 | 4.60998 | 20
6882793754598759060 | 63 | 2.38279 | 2
6882793754598759061 | 63 | 4.60998 | 18
-4681156564512033493 | 64 | 4.60998 | 18
9084430944685484631 | 65 | 4.60998 | 18
-277882184338582353 | 66 | 4.60998 | 18
-555764368677164705 | 67 | 4.60998 | 18
-1111528737354329410 | 68 | 4.60998 | 18
-2223057474708658820 | 69 | 4.60998 | 18
-4446114949417317639 | 70 | 4.60998 | 18
-8892229898834635277 | 71 | 4.60998 | 18
662284276040281062 | 72 | 4.60998 | 18
1324568552080562124 | 73 | 4.60998 | 18
2649137104161124248 | 74 | 4.60998 | 18
5298274208322248496 | 75 | 4.60998 | 18
-7850195657065054624 | 76 | 4.60998 | 18
2746352759579442369 | 77 | 4.60998 | 18
5492705519158884738 | 78 | 1.61948 | 5
5492705519158884739 | 78 | 4.58939 | 13
-7461333035391782138 | 79 | 4.58939 | 13
3524078002925987340 | 80 | 5.68854 | 4
3524078002925987341 | 80 | 7.34759 | 9
26885913103901403 | 55 | 4.7471 | 31
53771826207802807 | 56 | 4.7471 | 31
107543652415605614 | 57 | 4.7471 | 31
215087304831211228 | 58 | 4.7471 | 31
430174609662422456 | 59 | 4.7471 | 31
860349219324844913 | 60 | 4.7471 | 31
1720698438649689827 | 61 | 4.7471 | 31
3441396877299379655 | 62 | 4.7471 | 31
6882793754598759310 | 63 | 4.7471 | 31
-4681156564512032996 | 64 | 4.7471 | 31
9084430944685485624 | 65 | 2.80072 | 14
-277882184338580368 | 66 | 4.68058e-310 | 9
-277882184338580367 | 66 | 4.68058e-310 | 5
9084430944685485625 | 65 | 2.25439 | 17
-277882184338580365 | 66 | 2.25439 | 17
-555764368677160729 | 67 | 2.25439 | 17
-1111528737354321458 | 68 | 2.25439 | 17
-2223057474708642915 | 69 | 2.25439 | 17
-4446114949417285829 | 70 | 2.25439 | 17
-8892229898834571657 | 71 | 2.25439 | 17
662284276040408302 | 72 | 1.63042e-322 | 2
662284276040408303 | 72 | 1.76505 | 15
1324568552080816607 | 73 | 1.76505 | 15
2649137104161633214 | 74 | 6.25333 | 1
2649137104161633215 | 74 | 1.60174 | 14
5298274208323266430 | 75 | 1.60174 | 14
-7850195657063018755 | 76 | 1.60174 | 14
2746352759583514107 | 77 | 1.60174 | 14
5492705519167028214 | 78 | 0.71883 | 3
5492705519167028215 | 78 | 1.38235 | 11
-7461333035375495185 | 79 | 1.38235 | 11
3524078002958561246 | 80 | 1.38235 | 11
7048156005917122493 | 81 | 1.38235 | 11
-4350432061875306629 | 82 | 1.38235 | 11
-8700864123750613258 | 83 | 1.74423 | 3
-8700864123750613257 | 83 | 4.68058e-310 | 8
205123238403 | 38 | 4.68058e-310 | 4
6259865 | 23 | 4.53651 | 33
12519730 | 24 | 4.53651 | 33
25039460 | 25 | 4.53651 | 33
50078920 | 26 | 4.53651 | 33
100157840 | 27 | 4.37185 | 31
200315681 | 28 | 4.37185 | 31
400631362 | 29 | 4.01465 | 28
801262724 | 30 | 4.01465 | 28
1602525449 | 31 | 4.01465 | 28
3205050898 | 32 | 4.01465 | 28
6410101796 | 33 | 1.4886 | 2
6410101797 | 33 | 3.19193 | 26
12820203595 | 34 | 3.19193 | 26
25640407191 | 35 | 3.19193 | 26
51280814382 | 36 | 3.19193 | 26
102561628765 | 37 | 3.19193 | 26
205123257530 | 38 | 3.19193 | 25
410246515060 | 39 | 3.19193 | 25
820493030120 | 40 | 3.19193 | 25
1640986060241 | 41 | 3.19193 | 25
3281972120483 | 42 | 3.19193 | 25
6563944240967 | 43 | 3.19193 | 25
13127888481935 | 44 | 3.19193 | 25
26255776963870 | 45 | 2.11068 | 15
52511553927740 | 46 | 2.11068 | 15
105023107855480 | 47 | 2.11068 | 15
210046215710960 | 48 | 2.11068 | 15
420092431421921 | 49 | 2.11068 | 15
840184862843842 | 50 | 2.11068 | 15
1680369725687684 | 51 | 2.11068 | 15
3360739451375369 | 52 | 2.11068 | 15
6721478902750739 | 53 | 2.11068 | 15
13442957805501479 | 54 | 2.11068 | 15
26885915611002959 | 55 | 2.11068 | 15
53771831222005919 | 56 | 2.11068 | 15
107543662444011838 | 57 | 2.11068 | 15
215087324888023676 | 58 | 2.11068 | 15
430174649776047352 | 59 | 2.04295 | 14
860349299552094704 | 60 | 0.615517 | 4
860349299552094705 | 60 | 0.0572926 | 10
430174649776047353 | 59 | 4.68058e-310 | 1
26255776963871 | 45 | 4.68058e-310 | 10
205123257531 | 38 | 4.68058e-310 | 1
400631363 | 29 | 4.68058e-310 | 3
100157841 | 27 | 4.68058e-310 | 2
195621 | 18 | 11.5748 | 337
391243 | 19 | 11.5748 | 337
782486 | 20 | 11.5748 | 337
1564973 | 21 | 11.5748 | 337
3129946 | 22 | 11.5748 | 337
6259893 | 23 | 11.5748 | 337
12519786 | 24 | 11.5748 | 337
25039572 | 25 | 11.3474 | 322
50079144 | 26 | 8.86112 | 136
100158289 | 27 | 8.86112 | 136
200316578 | 28 | 4.72423 | 42
400633157 | 29 | 4.72423 | 42
801266315 | 30 | 4.72423 | 42
1602532630 | 31 | 4.72423 | 42
3205065261 | 32 | 4.72423 | 42
6410130522 | 33 | 4.72423 | 42
12820261045 | 34 | 4.72423 | 42
25640522091 | 35 | 4.72423 | 42
51281044183 | 36 | 4.72423 | 42
102562088367 | 37 | 4.72423 | 42
205124176734 | 38 | 2.99428 | 13
410248353469 | 39 | 2.99428 | 13
820496706938 | 40 | 2.99428 | 13
1640993413876 | 41 | 2.99428 | 13
3281986827752 | 42 | 2.99428 | 13
6563973655505 | 43 | 2.99428 | 13
13127947311010 | 44 | 2.99428 | 13
26255894622020 | 45 | 2.99428 | 13
52511789244040 | 46 | 2.99428 | 13
105023578488080 | 47 | 2.99428 | 13
210047156976161 | 48 | 2.99428 | 13
420094313952323 | 49 | 2.99428 | 13
840188627904646 | 50 | 2.99428 | 13
1680377255809293 | 51 | 2.99428 | 13
3360754511618586 | 52 | 1.13548 | 9
3360754511618587 | 52 | 0.232684 | 4
205124176735 | 38 | 3.92539 | 29
410248353470 | 39 | 3.92539 | 29
820496706940 | 40 | 2.63077 | 13
1640993413881 | 41 | 2.63077 | 13
3281986827763 | 42 | 2.63077 | 13
6563973655526 | 43 | 2.63077 | 13
13127947311052 | 44 | 4.68058e-310 | 4
13127947311053 | 44 | 4.68058e-310 | 9
820496706941 | 40 | 2.99037 | 16
1640993413882 | 41 | 1.33191 | 13
3281986827765 | 42 | 1.33191 | 13
6563973655530 | 43 | 1.33191 | 13
13127947311061 | 44 | 1.33191 | 13
26255894622123 | 45 | 1.33191 | 13
52511789244247 | 46 | 1.33191 | 13
105023578488494 | 47 | 0.308074 | 3
105023578488495 | 47 | 4.68058e-310 | 10
1640993413883 | 41 | 4.68058e-310 | 3
200316579 | 28 | 6.26121 | 94
400633158 | 29 | 6.26121 | 94
801266316 | 30 | 5.11534 | 77
1602532632 | 31 | 3.16012 | 23
3205065265 | 32 | 3.16012 | 23
6410130530 | 33 | 3.16012 | 23
12820261061 | 34 | 3.16012 | 23
25640522122 | 35 | 3.16012 | 23
51281044245 | 36 | 3.16012 | 23
102562088491 | 37 | 3.16012 | 23
205124176982 | 38 | 3.16012 | 23
410248353965 | 39 | 3.16012 | 23
820496707931 | 40 | 3.16012 | 23
1640993415863 | 41 | 3.16012 | 23
3281986831727 | 42 | 3.16012 | 23
6563973663455 | 43 | 3.16012 | 23
13127947326911 | 44 | 3.16012 | 23
26255894653822 | 45 | 3.16012 | 23
52511789307644 | 46 | 3.16012 | 23
105023578615288 | 47 | 3.16012 | 23
210047157230577 | 48 | 3.16012 | 23
420094314461155 | 49 | 3.16012 | 23
840188628922310 | 50 | 3.16012 | 23
1680377257844621 | 51 | 3.16012 | 23
3360754515689242 | 52 | 3.16012 | 23
6721509031378484 | 53 | 1.63042e-322 | 10
6721509031378485 | 53 | 2.34737 | 13
13443018062756971 | 54 | 2.34737 | 13
26886036125513942 | 55 | 12.8578 | 1
26886036125513943 | 55 | 2.34737 | 12
53772072251027886 | 56 | 2.34737 | 12
107544144502055772 | 57 | 2.34737 | 12
215088289004111544 | 58 | 2.34737 | 12
430176578008223089 | 59 | 2.34737 | 12
860353156016446178 | 60 | 2.34737 | 11
1720706312032892357 | 61 | 2.34737 | 11
3441412624065784714 | 62 | 1.20185 | 9
3441412624065784715 | 62 | 1.05798 | 2
860353156016446179 | 60 | 4.68058e-310 | 1
1602532633 | 31 | 4.11352 | 54
3205065266 | 32 | 3.78786 | 49
6410130533 | 33 | 3.78786 | 49
12820261066 | 34 | 3.78786 | 49
25640522132 | 35 | 3.54516 | 37
51281044265 | 36 | 3.54516 | 37
102562088531 | 37 | 3.54516 | 37
205124177063 | 38 | 3.54516 | 37
410248354126 | 39 | 0.941914 | 7
410248354127 | 39 | 2.79557 | 30
820496708255 | 40 | 2.79557 | 30
1640993416510 | 41 | 2.79557 | 30
3281986833020 | 42 | 2.79557 | 30
6563973666040 | 43 | 1.32252 | 12
13127947332080 | 44 | 1.32252 | 12
26255894664160 | 45 | 1.32252 | 12
52511789328320 | 46 | 4.45878 | 4
52511789328321 | 46 | 4.68058e-310 | 8
6563973666041 | 43 | 1.42329 | 18
13127947332082 | 44 | 1.42329 | 18
26255894664165 | 45 | 1.42329 | 18
52511789328330 | 46 | 1.13898 | 17
105023578656660 | 47 | 1.12749 | 16
210047157313321 | 48 | 1.12749 | 16
420094314626643 | 49 | 1.12749 | 16
840188629253287 | 50 | 1.12749 | 16
1680377258506574 | 51 | 1.12749 | 16
3360754517013148 | 52 | 1.12749 | 16
6721509034026296 | 53 | 1.12749 | 16
13443018068052592 | 54 | 1.10227 | 14
26886036136105184 | 55 | 0.531259 | 3
26886036136105185 | 55 | 0.913079 | 11
53772072272210370 | 56 | 0.913079 | 11
107544144544420741 | 57 | 0.913079 | 11
215088289088841482 | 58 | 0.913079 | 11
430176578177682964 | 59 | 0.342201 | 9
430176578177682965 | 59 | 7.90505e-322 | 2
13443018068052593 | 54 | 4.68058e-310 | 2
105023578656661 | 47 | 4.68058e-310 | 1
52511789328331 | 46 | 4.68058e-310 | 1
25640522133 | 35 | 2.57897 | 12
51281044266 | 36 | 2.57897 | 12
102562088532 | 37 | 2.57897 | 12
205124177065 | 38 | 2.57897 | 12
410248354131 | 39 | 2.57897 | 12
820496708263 | 40 | 2.57897 | 12
1640993416526 | 41 | 4.68058e-310 | 4
1640993416527 | 41 | 4.68058e-310 | 8
3205065267 | 32 | 4.68058e-310 | 5
801266317 | 30 | 3.64283 | 17
1602532634 | 31 | 3.64283 | 17
3205065268 | 32 | 2.20369 | 16
6410130536 | 33 | 2.20369 | 16
12820261073 | 34 | 2.20369 | 16
25640522146 | 35 | 0.353466 | 8
25640522147 | 35 | 0 | 8
3205065269 | 32 | 4.68058e-310 | 1
50079145 | 26 | 9.21121 | 186
100158291 | 27 | 9.21121 | 186
200316583 | 28 | 9.21121 | 186
400633167 | 29 | 9.21121 | 186
801266334 | 30 | 9.21121 | 186
1602532668 | 31 | 9.21121 | 186
3205065337 | 32 | 9.21121 | 186
6410130675 | 33 | 9.21121 | 186
12820261350 | 34 | 9.21121 | 185
25640522700 | 35 | 8.84793 | 181
51281045401 | 36 | 8.84793 | 181
102562090802 | 37 | 8.84793 | 181
205124181605 | 38 | 8.84793 | 181
410248363211 | 39 | 8.84793 | 181
820496726422 | 40 | 7.67583 | 150
1640993452844 | 41 | 7.67583 | 150
3281986905688 | 42 | 3.36986 | 35
6563973811376 | 43 | 3.36986 | 35
13127947622752 | 44 | 3.36986 | 35
26255895245505 | 45 | 3.36986 | 35
52511790491011 | 46 | 3.36986 | 35
105023580982022 | 47 | 3.36986 | 35
210047161964045 | 48 | 3.36986 | 35
420094323928090 | 49 | 3.36986 | 35
840188647856180 | 50 | 3.36986 | 35
1680377295712361 | 51 | 3.36986 | 35
3360754591424723 | 52 | 3.36986 | 35
6721509182849446 | 53 | 2.54292 | 31
13443018365698892 | 54 | 2.54292 | 31
26886036731397784 | 55 | 2.54292 | 31
53772073462795568 | 56 | 2.54292 | 31
107544146925591137 | 57 | 2.54292 | 31
215088293851182274 | 58 | 2.54292 | 31
430176587702364549 | 59 | 2.54292 | 31
860353175404729098 | 60 | 1.69608 | 1
860353175404729099 | 60 | 2.54292 | 30
1720706350809458199 | 61 | 2.54292 | 30
3441412701618916399 | 62 | 2.54292 | 30
6882825403237832798 | 63 | 2.54292 | 30
-4681093267233886020 | 64 | 4.68058e-310 | 4
-4681093267233886019 | 64 | 2.54292 | 26
9084557539241779578 | 65 | 2.54292 | 26
-277628995225992459 | 66 | 2.54292 | 26
-555257990451984918 | 67 | 2.54292 | 26
-1110515980903969836 | 68 | 0.676064 | 3
-1110515980903969835 | 68 | 2.04675 | 23
-2221031961807939670 | 69 | 2.04675 | 23
-4442063923615879340 | 70 | 2.04675 | 23
-8884127847231758680 | 71 | 2.04675 | 23
678488379246034257 | 72 | 2.04675 | 23
1356976758492068515 | 73 | 2.04675 | 23
2713953516984137030 | 74 | 1.23718 | 14
5427907033968274060 | 75 | 1.5417 | 2
5427907033968274061 | 75 | 1.01188 | 12
-7590930005773003494 | 76 | 6.9319e-310 | 9
-7590930005773003493 | 76 | 0.504487 | 3
2713953516984137031 | 74 | 4.68058e-310 | 9
6721509182849447 | 53 | 4.68058e-310 | 4
3281986905689 | 42 | 6.19602 | 115
6563973811378 | 43 | 6.19602 | 115
13127947622757 | 44 | 6.19602 | 115
26255895245514 | 45 | 6.19602 | 115
52511790491029 | 46 | 6.19602 | 115
105023580982059 | 47 | 6.19602 | 115
210047161964118 | 48 | 6.19602 | 115
420094323928236 | 49 | 2.72593 | 23
840188647856472 | 50 | 2.72593 | 23
1680377295712945 | 51 | 2.72593 | 23
3360754591425891 | 52 | 2.72593 | 23
6721509182851782 | 53 | 1.96346 | 19
13443018365703564 | 54 | 1.96346 | 19
26886036731407128 | 55 | 1.96346 | 19
53772073462814256 | 56 | 1.96346 | 19
107544146925628513 | 57 | 1.96346 | 19
215088293851257027 | 58 | 1.96346 | 19
430176587702514054 | 59 | 1.96346 | 19
860353175405028108 | 60 | 1.96346 | 19
1720706350810056216 | 61 | 1.96346 | 19
3441412701620112432 | 62 | 1.44423 | 11
6882825403240224865 | 63 | 1.44423 | 11
-4681093267229101886 | 64 | 0.428975 | 3
-4681093267229101885 | 64 | 4.68058e-310 | 8
3441412701620112433 | 62 | 4.68058e-310 | 8
6721509182851783 | 53 | 4.68058e-310 | 4
420094323928237 | 49 | 5.16374 | 92
840188647856474 | 50 | 5.16374 | 92
1680377295712948 | 51 | 5.16374 | 92
3360754591425897 | 52 | 5.16374 | 92
6721509182851794 | 53 | 5.16374 | 92
13443018365703589 | 54 | 5.16374 | 92
26886036731407178 | 55 | 5.16374 | 92
53772073462814356 | 56 | 4.42869 | 34
107544146925628712 | 57 | 0.0921541 | 3
107544146925628713 | 57 | 3.99854 | 31
215088293851257427 | 58 | 3.99854 | 31
430176587702514855 | 59 | 3.99854 | 31
860353175405029710 | 60 | 3.99854 | 31
1720706350810059420 | 61 | 3.99854 | 31
3441412701620118840 | 62 | 3.9829 | 26
6882825403240237680 | 63 | 3.9829 | 26
-4681093267229076256 | 64 | 1.41544 | 2
-4681093267229076255 | 64 | 2.39785 | 24
9084557539251399106 | 65 | 2.39785 | 24
-277628995206753403 | 66 | 2.39785 | 24
-555257990413506806 | 67 | 2.39785 | 24
-1110515980827013611 | 68 | 2.39785 | 24
-2221031961654027222 | 69 | 2.39785 | 24
-4442063923308054444 | 70 | 49.3236 | 8
-4442063923308054443 | 70 | 1.61593 | 16
-8884127846616108886 | 71 | 1.61593 | 16
678488380477333844 | 72 | 1.61593 | 16
1356976760954667688 | 73 | 0.0747035 | 9
1356976760954667689 | 73 | 0.780265 | 7
3441412701620118841 | 62 | 4.68058e-310 | 5
53772073462814357 | 56 | 4.62444 | 58
107544146925628715 | 57 | 4.62444 | 58
215088293851257430 | 58 | 3.35444 | 34
430176587702514861 | 59 | 3.35444 | 34
860353175405029722 | 60 | 3.35444 | 34
1720706350810059445 | 61 | 3.35444 | 34
3441412701620118891 | 62 | 3.35444 | 34
6882825403240237783 | 63 | 3.35444 | 34
-4681093267229076050 | 64 | 3.35444 | 34
9084557539251399517 | 65 | 3.35444 | 34
-277628995206752581 | 66 | 3.35444 | 34
-555257990413505162 | 67 | 3.35444 | 34
-1110515980827010323 | 68 | 3.35444 | 34
-2221031961654020645 | 69 | 3.35444 | 34
-4442063923308041289 | 70 | 3.35444 | 34
-8884127846616082578 | 71 | 3.19174 | 29
678488380477386461 | 72 | 3.19174 | 29
1356976760954772922 | 73 | 2.44462 | 18
2713953521909545845 | 74 | 2.44462 | 18
5427907043819091690 | 75 | 2.44462 | 18
-7590929986071368235 | 76 | 2.44462 | 18
3264884101566815146 | 77 | 2.44462 | 18
6529768203133630293 | 78 | 2.44462 | 18
-5387207667442291029 | 79 | 2.44462 | 18
7672328738824969559 | 80 | 2.44462 | 18
-3102086596059612497 | 81 | 2.44462 | 18
-6204173192119224993 | 82 | 2.44462 | 18
6038397689471101631 | 83 | 2.44462 | 18
-6369948694767348353 | 84 | 2.44462 | 18
5706846684174854910 | 85 | 2.44462 | 18
-7033050705359841796 | 86 | 2.44462 | 18
4380642662989868024 | 87 | 2.44462 | 18
8761285325979736048 | 88 | 2.44462 | 18
-924173421750079520 | 89 | 4.00193e-322 | 6
-924173421750079519 | 89 | 2.17188 | 12
-1848346843500159037 | 90 | 2.17188 | 12
-3696693687000318074 | 91 | 1.91905 | 11
-7393387374000636148 | 92 | 2.73034 | 7
-7393387374000636147 | 92 | 3.19309 | 4
-3696693687000318073 | 91 | 4.68058e-310 | 1
1356976760954772923 | 73 | 1.4819 | 11
2713953521909545846 | 74 | 1.4819 | 11
5427907043819091692 | 75 | 1.4819 | 11
-7590929986071368232 | 76 | 4.68058e-310 | 4
-7590929986071368231 | 76 | 4.68058e-310 | 7
-8884127846616082577 | 71 | 4.68058e-310 | 5
215088293851257431 | 58 | 2.18544 | 24
430176587702514862 | 59 | 2.18544 | 24
860353175405029725 | 60 | 2.18544 | 24
1720706350810059451 | 61 | 2.18544 | 24
3441412701620118902 | 62 | 2.18544 | 24
6882825403240237805 | 63 | 2.18544 | 24
-4681093267229076006 | 64 | 2.18544 | 24
9084557539251399605 | 65 | 2.18544 | 24
-277628995206752406 | 66 | 2.18544 | 24
-555257990413504811 | 67 | 2.18544 | 24
-1110515980827009622 | 68 | 1.27537 | 14
-2221031961654019244 | 69 | 4.68058e-310 | 1
-2221031961654019243 | 69 | 1.17531 | 13
-4442063923308038486 | 70 | 2.45426 | 1
-4442063923308038485 | 70 | 1.17531 | 12
-8884127846616076969 | 71 | 1.17531 | 12
678488380477397678 | 72 | 1.17531 | 12
1356976760954795356 | 73 | 4.68058e-310 | 4
1356976760954795357 | 73 | 3.53723 | 8
-1110515980827009621 | 68 | 4.68058e-310 | 10
820496726423 | 40 | 3.24357 | 31
1640993452846 | 41 | 2.88497 | 30
3281986905692 | 42 | 2.88497 | 30
6563973811384 | 43 | 4.68058e-310 | 5
6563973811385 | 43 | 2.88497 | 25
13127947622770 | 44 | 2.88497 | 25
26255895245541 | 45 | 2.88497 | 25
52511790491083 | 46 | 2.88497 | 25
105023580982166 | 47 | 2.88497 | 25
210047161964333 | 48 | 2.88497 | 25
420094323928667 | 49 | 2.88497 | 25
840188647857335 | 50 | 2.88497 | 25
1680377295714670 | 51 | 2.88497 | 18
3360754591429341 | 52 | 2.88497 | 18
6721509182858682 | 53 | 2.88497 | 18
13443018365717365 | 54 | 2.88497 | 18
26886036731434730 | 55 | 2.88497 | 18
53772073462869461 | 56 | 2.88497 | 18
107544146925738922 | 57 | 2.88497 | 18
215088293851477845 | 58 | 2.88497 | 18
430176587702955690 | 59 | 2.88497 | 18
860353175405911380 | 60 | 2.88497 | 18
1720706350811822760 | 61 | 2.88497 | 18
3441412701623645520 | 62 | 4.68058e-310 | 1
3441412701623645521 | 62 | 2.25727 | 17
6882825403247291043 | 63 | 2.25727 | 17
-4681093267214969529 | 64 | 2.25727 | 17
9084557539279612558 | 65 | 2.25727 | 17
-277628995150326500 | 66 | 0.00381785 | 10
-277628995150326499 | 66 | 0 | 7
1680377295714671 | 51 | 4.68058e-310 | 7
1640993452847 | 41 | 4.68058e-310 | 1
25640522701 | 35 | 4.68058e-310 | 4
12820261351 | 34 | 4.68058e-310 | 1
25039573 | 25 | 6.42839 | 15
50079146 | 26 | 4.68058e-310 | 9
50079147 | 26 | 4.68058e-310 | 6
24453 | 15 | 12.8827 | 91
48907 | 16 | 12.8827 | 91
97814 | 17 | 12.8827 | 91
195629 | 18 | 12.8827 | 91
391258 | 19 | 9.59233 | 37
782516 | 20 | 7.04751 | 19
1565033 | 21 | 7.04751 | 19
3130066 | 22 | 7.04751 | 19
6260133 | 23 | 7.04751 | 19
12520267 | 24 | 7.04751 | 19
25040535 | 25 | 7.04751 | 19
50081071 | 26 | 7.04751 | 19
100162142 | 27 | 7.04751 | 19
200324284 | 28 | 7.04751 | 19
400648569 | 29 | 7.04751 | 19
801297139 | 30 | 7.04751 | 19
1602594278 | 31 | 7.04751 | 19
3205188557 | 32 | 7.04751 | 19
6410377115 | 33 | 7.04751 | 19
12820754230 | 34 | 7.04751 | 19
25641508460 | 35 | 6.34998 | 14
51283016921 | 36 | 6.34998 | 14
102566033842 | 37 | 6.34998 | 14
205132067685 | 38 | 6.34998 | 14
410264135370 | 39 | 6.34998 | 14
820528270740 | 40 | 1 | 5
820528270741 | 40 | 2.37152e-322 | 9
25641508461 | 35 | 2.37152e-322 | 5
782517 | 20 | 7.31669 | 18
1565034 | 21 | 7.31669 | 18
3130068 | 22 | 7.31669 | 18
6260136 | 23 | 7.31669 | 18
12520273 | 24 | 7.31669 | 18
25040547 | 25 | 7.31669 | 18
50081095 | 26 | 7.31669 | 18
100162191 | 27 | 7.31669 | 18
200324383 | 28 | 7.31669 | 18
400648766 | 29 | 6.95832 | 15
801297532 | 30 | 6.95832 | 15
1602595064 | 31 | 6.95832 | 15
3205190128 | 32 | 6.95832 | 15
6410380256 | 33 | 6.95832 | 15
12820760513 | 34 | 6.95832 | 15
25641521027 | 35 | 6.95832 | 15
51283042055 | 36 | 6.95832 | 15
102566084111 | 37 | 6.95832 | 15
205132168222 | 38 | 6.95832 | 15
410264336444 | 39 | 6.95832 | 15
820528672888 | 40 | 6.95832 | 15
1641057345776 | 41 | 6.95832 | 15
3282114691553 | 42 | 6.95832 | 15
6564229383106 | 43 | 6.95832 | 15
13128458766212 | 44 | 6.95832 | 15
26256917532424 | 45 | 6.95832 | 15
52513835064848 | 46 | 26.3644 | 10
52513835064849 | 46 | 4.68058e-310 | 5
400648767 | 29 | 4.68058e-310 | 3
391259 | 19 | 7.90981 | 54
782519 | 20 | 7.90981 | 54
1565038 | 21 | 7.90981 | 54
3130076 | 22 | 7.90981 | 54
6260152 | 23 | 7.90981 | 54
12520305 | 24 | 7.90981 | 54
25040611 | 25 | 7.90981 | 54
50081222 | 26 | 7.90981 | 54
100162444 | 27 | 7.90981 | 54
200324888 | 28 | 7.90981 | 54
400649777 | 29 | 7.90981 | 54
801299554 | 30 | 7.90981 | 54
1602599108 | 31 | 7.90981 | 54
3205198217 | 32 | 7.90981 | 54
6410396434 | 33 | 4.68058e-310 | 6
6410396435 | 33 | 7.78948 | 48
12820792870 | 34 | 7.78948 | 48
25641585740 | 35 | 7.78948 | 48
51283171481 | 36 | 7.78948 | 48
102566342962 | 37 | 4.68058e-310 | 4
102566342963 | 37 | 7.72564 | 44
205132685926 | 38 | 7.72564 | 44
410265371853 | 39 | 7.72564 | 44
820530743706 | 40 | 21.0673 | 1
820530743707 | 40 | 7.72564 | 43
1641061487415 | 41 | 7.72564 | 43
3282122974830 | 42 | 7.72564 | 43
6564245949661 | 43 | 7.72564 | 43
13128491899322 | 44 | 7.72564 | 43
26256983798644 | 45 | 7.72564 | 42
52513967597289 | 46 | 7.72564 | 42
105027935194578 | 47 | 7.72564 | 42
210055870389156 | 48 | 7.72564 | 42
420111740778313 | 49 | 7.72564 | 42
840223481556626 | 50 | 3.12866 | 14
1680446963113252 | 51 | 3.12866 | 14
3360893926226504 | 52 | 3.12866 | 14
6721787852453009 | 53 | 3.12866 | 14
13443575704906018 | 54 | 3.12866 | 14
26887151409812036 | 55 | 3.12866 | 14
53774302819624072 | 56 | 2.85333 | 11
107548605639248145 | 57 | 2.85333 | 11
215097211278496290 | 58 | 2.85333 | 11
430194422556992581 | 59 | 2.85333 | 11
860388845113985163 | 60 | 2.85333 | 11
1720777690227970326 | 61 | 36.5664 | 10
1720777690227970327 | 61 | 70.5516 | 1
53774302819624073 | 56 | 4.68058e-310 | 3
840223481556627 | 50 | 4.04935 | 28
1680446963113255 | 51 | 4.04935 | 28
3360893926226510 | 52 | 3.90862 | 23
6721787852453021 | 53 | 3.90862 | 23
13443575704906042 | 54 | 3.90862 | 23
26887151409812084 | 55 | 6.9319e-310 | 10
26887151409812085 | 55 | 3.80698 | 13
53774302819624171 | 56 | 3.80698 | 13
107548605639248343 | 57 | 3.80698 | 13
215097211278496686 | 58 | 5.83145 | 1
215097211278496687 | 58 | 3.80698 | 12
430194422556993375 | 59 | 3.80698 | 12
860388845113986750 | 60 | 3.80698 | 12
1720777690227973500 | 61 | 3.80698 | 12
3441555380455947001 | 62 | 3.80698 | 12
6883110760911894002 | 63 | 3.80698 | 12
-4680522551885763612 | 64 | 3.80698 | 12
9085698969938024392 | 65 | 1.95702 | 11
-275346133833502831 | 66 | 1.95702 | 11
-550692267667005662 | 67 | 9.13845 | 8
-550692267667005661 | 67 | 3.57732 | 3
9085698969938024393 | 65 | 4.68058e-310 | 1
3360893926226511 | 52 | 4.68058e-310 | 5
26256983798645 | 45 | 4.68058e-310 | 1
12227 | 14 | 4.68058e-310 | 5
765 | 10 | 13.1819 | 178
1531 | 11 | 13.1819 | 178
3063 | 12 | 13.1819 | 178
6126 | 13 | 13.1819 | 178
12252 | 14 | 13.1819 | 178
24505 | 15 | 13.1819 | 178
49011 | 16 | 13.1819 | 178
98022 | 17 | 11.7635 | 82
196045 | 18 | 11.7635 | 82
392090 | 19 | 11.7635 | 82
784180 | 20 | 11.7635 | 82
1568360 | 21 | 11.7635 | 82
3136720 | 22 | 11.7635 | 82
6273441 | 23 | 11.7635 | 82
12546883 | 24 | 11.7635 | 82
25093766 | 25 | 11.7635 | 82
50187532 | 26 | 11.7635 | 82
100375064 | 27 | 3.55788 | 13
200750128 | 28 | 3.55788 | 13
401500257 | 29 | 3.55788 | 13
803000514 | 30 | 3.55788 | 13
1606001028 | 31 | 3.55788 | 13
3212002056 | 32 | 2.13113 | 12
6424004112 | 33 | 2.13113 | 12
12848008225 | 34 | 2.13113 | 12
25696016451 | 35 | 2.13113 | 12
51392032903 | 36 | 2.13113 | 12
102784065807 | 37 | 2.13113 | 12
205568131614 | 38 | 2.13113 | 12
411136263228 | 39 | 2.13113 | 12
822272526457 | 40 | 2.13113 | 12
1644545052914 | 41 | 4.68058e-310 | 6
1644545052915 | 41 | 4.68058e-310 | 6
3212002057 | 32 | 4.68058e-310 | 1
100375065 | 27 | 10.4541 | 69
200750131 | 28 | 10.4541 | 69
401500263 | 29 | 10.4541 | 69
803000526 | 30 | 4.39473 | 25
1606001052 | 31 | 4.39473 | 25
3212002104 | 32 | 2.5053 | 15
6424004208 | 33 | 2.35281 | 14
12848008416 | 34 | 0.786594 | 2
12848008417 | 34 | 1.95539 | 12
25696016834 | 35 | 1.95539 | 12
51392033669 | 36 | 1.95539 | 12
102784067339 | 37 | 1.95539 | 12
205568134678 | 38 | 0.753488 | 3
205568134679 | 38 | 4.68058e-310 | 9
6424004209 | 33 | 4.68058e-310 | 1
3212002105 | 32 | 4.68058e-310 | 10
803000527 | 30 | 7.43346 | 44
1606001055 | 31 | 7.43346 | 44
3212002111 | 32 | 7.43346 | 44
6424004222 | 33 | 7.43346 | 44
12848008445 | 34 | 7.43346 | 44
25696016891 | 35 | 7.43346 | 44
51392033783 | 36 | 7.43346 | 44
102784067566 | 37 | 7.43346 | 44
205568135133 | 38 | 7.43346 | 44
411136270266 | 39 | 7.43346 | 44
822272540532 | 40 | 7.43346 | 43
1644545081064 | 41 | 7.43346 | 43
3289090162128 | 42 | 7.43346 | 43
6578180324257 | 43 | 7.43346 | 43
13156360648515 | 44 | 7.43346 | 43
26312721297030 | 45 | 7.43346 | 43
52625442594061 | 46 | 7.43346 | 43
105250885188123 | 47 | 7.43346 | 43
210501770376246 | 48 | 7.43346 | 43
421003540752492 | 49 | 4.68058e-310 | 4
421003540752493 | 49 | 6.68501 | 39
842007081504986 | 50 | 6.68501 | 39
1684014163009972 | 51 | 6.68501 | 39
3368028326019944 | 52 | 6.68501 | 39
6736056652039889 | 53 | 6.68501 | 39
13472113304079778 | 54 | 6.68501 | 39
26944226608159556 | 55 | 4.68058e-310 | 6
26944226608159557 | 55 | 5.42377 | 33
53888453216319114 | 56 | 5.42377 | 33
107776906432638229 | 57 | 5.42377 | 33
215553812865276459 | 58 | 5.42377 | 33
431107625730552919 | 59 | 5.42377 | 33
862215251461105838 | 60 | 4.89082 | 22
1724430502922211676 | 61 | 4.89082 | 22
3448861005844423353 | 62 | 4.89082 | 22
6897722011688846706 | 63 | 4.89082 | 22
-4651300050331858203 | 64 | 4.89082 | 22
9144143973045835210 | 65 | 0.584468 | 4
9144143973045835211 | 65 | 4.85005 | 18
-158456127617881193 | 66 | 4.85005 | 18
-316912255235762386 | 67 | 4.68058e-310 | 6
-316912255235762385 | 67 | 4.28463 | 12
-633824510471524769 | 68 | 4.28463 | 12
-1267649020943049537 | 69 | 4.28463 | 12
-2535298041886099073 | 70 | 4.28463 | 12
-5070596083772198146 | 71 | 3.45463 | 11
8305551906165155325 | 72 | 3.45463 | 11
-1835640261379240965 | 73 | 3.45463 | 11
-3671280522758481930 | 74 | 3.45463 | 11
-7342561045516963860 | 75 | 3.45463 | 11
3761621982675623896 | 76 | 3.45463 | 11
7523243965351247792 | 77 | 3.45463 | 11
-3400256143007056032 | 78 | 3.45463 | 11
-6800512286014112064 | 79 | 3.45463 | 11
4845719501681327489 | 80 | 3.45463 | 11
-8755305070346896638 | 81 | 3.45463 | 11
936133933015758341 | 82 | 3.45463 | 11
1872267866031516683 | 83 | 3.45463 | 11
3744535732063033366 | 84 | 3.45463 | 11
7489071464126066733 | 85 | 3.45463 | 11
-3468601145457418150 | 86 | 3.45463 | 11
-6937202290914836300 | 87 | 3.45463 | 11
4572339491879879016 | 88 | 3.45463 | 11
9144678983759758032 | 89 | 3.45463 | 11
-157386106190035552 | 90 | 3.45463 | 11
-314772212380071103 | 91 | 3.45463 | 11
-629544424760142205 | 92 | 3.45463 | 11
-1259088849520284409 | 93 | 3.45463 | 11
-2518177699040568817 | 94 | 3.45463 | 11
-5036355398081137634 | 95 | 14.2758 | 8
-5036355398081137633 | 95 | 5.95187 | 3
-5070596083772198145 | 71 | 4.68058e-310 | 1
862215251461105839 | 60 | 3.49292 | 11
1724430502922211678 | 61 | 3.49292 | 11
3448861005844423357 | 62 | 3.49292 | 11
6897722011688846715 | 63 | 3.49292 | 11
-4651300050331858186 | 64 | 3.49292 | 11
9144143973045835244 | 65 | 4.68058e-310 | 6
9144143973045835245 | 65 | 4.68058e-310 | 5
822272540533 | 40 | 4.68058e-310 | 1
98023 | 17 | 11.892 | 96
196046 | 18 | 1.86768 | 13
392092 | 19 | 1.86768 | 13
784184 | 20 | 1.86768 | 13
1568369 | 21 | 1.86768 | 13
3136739 | 22 | 1.86768 | 13
6273478 | 23 | 4.68058e-310 | 7
6273479 | 23 | 4.68058e-310 | 6
196047 | 18 | 10.8232 | 83
392095 | 19 | 10.8232 | 83
784191 | 20 | 10.8232 | 83
1568382 | 21 | 3.00381 | 18
3136764 | 22 | 3.00381 | 18
6273528 | 23 | 2.42969 | 14
12547057 | 24 | 2.42969 | 14
25094115 | 25 | 2.42969 | 14
50188230 | 26 | 2.42969 | 14
100376460 | 27 | 2.42969 | 14
200752920 | 28 | 2.42969 | 14
401505840 | 29 | 4.68058e-310 | 9
401505841 | 29 | 4.68058e-310 | 5
6273529 | 23 | 4.68058e-310 | 4
1568383 | 21 | 8.78716 | 65
3136766 | 22 | 8.78716 | 65
6273533 | 23 | 8.78716 | 65
12547067 | 24 | 8.78716 | 65
25094134 | 25 | 3.81114 | 24
50188269 | 26 | 3.81114 | 24
100376538 | 27 | 3.81114 | 24
200753076 | 28 | 3.81114 | 24
401506153 | 29 | 3.81114 | 24
803012307 | 30 | 3.81114 | 24
1606024614 | 31 | 0.245217 | 2
1606024615 | 31 | 3.4364 | 22
3212049231 | 32 | 3.4364 | 22
6424098462 | 33 | 4.68058e-310 | 7
6424098463 | 33 | 2.22238 | 15
12848196927 | 34 | 2.22238 | 15
25696393854 | 35 | 2.22238 | 15
51392787708 | 36 | 2.22238 | 15
102785575416 | 37 | 2.22238 | 15
205571150832 | 38 | 2.22238 | 15
411142301665 | 39 | 2.22238 | 15
822284603331 | 40 | 2.22238 | 15
1644569206663 | 41 | 2.22238 | 15
3289138413326 | 42 | 0.327598 | 9
3289138413327 | 42 | 1.35326 | 6
25094135 | 25 | 5.48132 | 41
50188271 | 26 | 5.48132 | 41
100376542 | 27 | 5.48132 | 41
200753084 | 28 | 4.68058e-310 | 3
200753085 | 28 | 5.14168 | 38
401506170 | 29 | 5.14168 | 38
803012340 | 30 | 5.14168 | 38
1606024680 | 31 | 5.14168 | 38
3212049360 | 32 | 5.02539 | 34
6424098720 | 33 | 5.02539 | 34
12848197440 | 34 | 4.68058e-310 | 7
12848197441 | 34 | 3.72228 | 27
25696394883 | 35 | 3.72228 | 27
51392789766 | 36 | 1.63042e-322 | 2
51392789767 | 36 | 3.40259 | 25
102785579534 | 37 | 3.40259 | 25
205571159069 | 38 | 3.40259 | 25
411142318138 | 39 | 3.40259 | 25
822284636276 | 40 | 3.40259 | 25
1644569272553 | 41 | 3.40259 | 25
3289138545106 | 42 | 3.01216 | 20
6578277090213 | 43 | 3.01216 | 20
13156554180427 | 44 | 3.01216 | 20
26313108360854 | 45 | 3.01216 | 20
52626216721708 | 46 | 3.01216 | 20
105252433443416 | 47 | 3.01216 | 20
210504866886833 | 48 | 3.01216 | 20
421009733773666 | 49 | 3.01216 | 20
842019467547332 | 50 | 3.01216 | 20
1684038935094664 | 51 | 3.01216 | 20
3368077870189329 | 52 | 3.01216 | 20
6736155740378658 | 53 | 3.01216 | 20
13472311480757317 | 54 | 3.01216 | 20
26944622961514634 | 55 | 3.01216 | 20
53889245923029269 | 56 | 3.01216 | 20
107778491846058539 | 57 | 3.01216 | 20
215556983692117078 | 58 | 2.36127 | 17
431113967384234156 | 59 | 2.36127 | 17
862227934768468312 | 60 | 2.36127 | 17
1724455869536936625 | 61 | 2.36127 | 17
3448911739073873250 | 62 | 2.36127 | 17
6897823478147746500 | 63 | 1.63042e-322 | 9
6897823478147746501 | 63 | 1.26732 | 8
215556983692117079 | 58 | 4.68058e-310 | 3
3289138545107 | 42 | 4.68058e-310 | 5
3212049361 | 32 | 4.68058e-310 | 4
