ID | Depth | diameter | Number of points
0 | 0 | 29.316 | 1600
0 | 1 | 4.6613e-310 | 6
1 | 1 | 28.2066 | 1594
2 | 2 | 28.2066 | 1594
4 | 3 | 21.9567 | 403
8 | 4 | 13.0206 | 70
16 | 5 | 13.0206 | 70
32 | 6 | 13.0206 | 70
64 | 7 | 4.6613e-310 | 9
65 | 7 | 11.9052 | 61
131 | 8 | 11.9052 | 61
262 | 9 | 11.9052 | 61
524 | 10 | 11.9052 | 61
1049 | 11 | 11.9052 | 61
2098 | 12 | 11.9052 | 61
4196 | 13 | 11.9052 | 61
8393 | 14 | 11.9052 | 61
16786 | 15 | 10.3273 | 54
33572 | 16 | 10.3273 | 54
67145 | 17 | 10.3273 | 54
134291 | 18 | 10.3273 | 54
268583 | 19 | 10.3273 | 54
537166 | 20 | 10.3273 | 54
1074333 | 21 | 10.3273 | 54
2148666 | 22 | 10.3273 | 54
4297332 | 23 | 9.44186 | 42
8594664 | 24 | 9.44186 | 42
17189328 | 25 | 9.44186 | 42
34378656 | 26 | 9.44186 | 42
68757312 | 27 | 9.44186 | 42
137514625 | 28 | 9.44186 | 42
275029250 | 29 | 9.44186 | 42
550058501 | 30 | 9.44186 | 42
1100117002 | 31 | 9.44186 | 42
2200234005 | 32 | 9.44186 | 42
4400468011 | 33 | 9.44186 | 42
8800936023 | 34 | 9.44186 | 42
17601872046 | 35 | 9.44186 | 37
35203744092 | 36 | 9.44186 | 37
70407488184 | 37 | 9.44186 | 37
140814976369 | 38 | 9.44186 | 37
281629952738 | 39 | 9.44186 | 37
563259905476 | 40 | 9.44186 | 37
1126519810952 | 41 | 9.44186 | 37
2253039621905 | 42 | 9.44186 | 37
4506079243811 | 43 | 9.44186 | 37
9012158487623 | 44 | 9.44186 | 37
18024316975247 | 45 | 9.44186 | 37
36048633950494 | 46 | 9.44186 | 37
72097267900989 | 47 | 9.44186 | 37
144194535801978 | 48 | 9.44186 | 37
288389071603957 | 49 | 9.44186 | 37
576778143207915 | 50 | 9.44186 | 37
1153556286415831 | 51 | 9.44186 | 37
2307112572831662 | 52 | 4.6613e-310 | 10
2307112572831663 | 52 | 7.0613 | 27
4614225145663327 | 53 | 7.0613 | 27
9228450291326655 | 54 | 7.0613 | 27
18456900582653311 | 55 | 7.0613 | 27
36913801165306622 | 56 | 7.0613 | 27
73827602330613244 | 57 | 7.0613 | 27
147655204661226488 | 58 | 7.0613 | 27
295310409322452976 | 59 | 7.0613 | 27
590620818644905952 | 60 | 7.0613 | 27
1181241637289811905 | 61 | 7.0613 | 27
2362483274579623810 | 62 | 7.0613 | 27
4724966549159247621 | 63 | 7.0613 | 27
-8996810975391056373 | 64 | 7.0613 | 27
453122122927438870 | 65 | 7.0613 | 27
906244245854877740 | 66 | 7.0613 | 27
1812488491709755481 | 67 | 7.0613 | 27
3624976983419510962 | 68 | 7.0613 | 27
7249953966839021924 | 69 | 7.0613 | 27
-3946836140031507768 | 70 | 7.0613 | 27
-7893672280063015535 | 71 | 7.0613 | 27
2659399513583520547 | 72 | 7.0613 | 27
5318799027167041095 | 73 | 7.0613 | 27
-7809146019375469426 | 74 | 7.0613 | 27
2828452034958612764 | 75 | 7.0613 | 27
5656904069917225528 | 76 | 11.1598 | 6
5656904069917225529 | 76 | 5.45469 | 21
-7132935933875100558 | 77 | 4.00636 | 18
4180872205959350500 | 78 | 4.00636 | 18
8361744411918701001 | 79 | 4.00636 | 18
-1723255249872149614 | 80 | 4.00636 | 18
-3446510499744299228 | 81 | 4.00636 | 18
-6893020999488598456 | 82 | 4.00636 | 18
4660702074732354705 | 83 | 4.00636 | 18
-9125339924244842205 | 84 | 4.00636 | 18
196064225219867206 | 85 | 4.00636 | 18
392128450439734412 | 86 | 1.63042e-322 | 1
392128450439734413 | 86 | 3.38007 | 17
784256900879468827 | 87 | 3.38007 | 17
1568513801758937654 | 88 | 3.38007 | 17
3137027603517875309 | 89 | 3.38007 | 17
6274055207035750619 | 90 | 3.38007 | 17
-5898633659638050378 | 91 | 18.7855 | 8
-5898633659638050377 | 91 | 5.15712 | 9
-7132935933875100557 | 77 | 4.6613e-310 | 3
17601872047 | 35 | 4.6613e-310 | 5
4297333 | 23 | 6.43176 | 12
8594667 | 24 | 6.43176 | 12
17189334 | 25 | 6.43176 | 12
34378668 | 26 | 4.6613e-310 | 8
34378669 | 26 | 4.6613e-310 | 4
16787 | 15 | 4.6613e-310 | 7
9 | 4 | 15.2184 | 333
18 | 5 | 15.2184 | 333
37 | 6 | 15.2184 | 333
75 | 7 | 15.2184 | 333
150 | 8 | 15.2184 | 333
301 | 9 | 15.2184 | 333
602 | 10 | 15.2184 | 333
1204 | 11 | 15.2184 | 333
2408 | 12 | 10.723 | 142
4817 | 13 | 10.723 | 142
9634 | 14 | 10.723 | 142
19269 | 15 | 10.723 | 142
38538 | 16 | 10.723 | 142
77077 | 17 | 10.723 | 142
154154 | 18 | 10.723 | 142
308309 | 19 | 10.723 | 142
616618 | 20 | 8.61502 | 64
1233236 | 21 | 8.61502 | 64
2466473 | 22 | 8.61502 | 64
4932947 | 23 | 8.61502 | 64
9865894 | 24 | 8.61502 | 64
19731788 | 25 | 4.2046 | 27
39463576 | 26 | 4.2046 | 27
78927153 | 27 | 4.2046 | 27
157854306 | 28 | 3.09139 | 17
315708612 | 29 | 2.64055 | 11
631417224 | 30 | 2.64055 | 11
1262834448 | 31 | 2.20011 | 7
1262834449 | 31 | 3.55202 | 4
315708613 | 29 | 4.6613e-310 | 6
157854307 | 28 | 9.23376 | 10
19731789 | 25 | 4.57338 | 37
39463579 | 26 | 4.57338 | 37
78927158 | 27 | 4.57338 | 37
157854317 | 28 | 4.57338 | 37
315708634 | 29 | 4.57338 | 28
631417268 | 30 | 4.57338 | 28
1262834536 | 31 | 4.57338 | 28
2525669072 | 32 | 4.57338 | 28
5051338144 | 33 | 4.07072 | 23
10102676288 | 34 | 4.07072 | 23
20205352576 | 35 | 3.89274 | 18
40410705153 | 36 | 3.89274 | 18
80821410307 | 37 | 3.89274 | 18
161642820614 | 38 | 3.89274 | 18
323285641229 | 39 | 3.89274 | 18
646571282458 | 40 | 0.846273 | 8
646571282459 | 40 | 1.94384 | 10
20205352577 | 35 | 4.6613e-310 | 5
5051338145 | 33 | 4.6613e-310 | 5
315708635 | 29 | 4.6613e-310 | 9
616619 | 20 | 8.65568 | 78
1233239 | 21 | 8.65568 | 78
2466478 | 22 | 4.6613e-310 | 9
2466479 | 22 | 7.84033 | 69
4932959 | 23 | 7.84033 | 69
9865918 | 24 | 7.84033 | 69
19731836 | 25 | 7.84033 | 69
39463672 | 26 | 7.84033 | 69
78927344 | 27 | 7.84033 | 69
157854688 | 28 | 7.84033 | 69
315709376 | 29 | 7.84033 | 69
631418753 | 30 | 7.84033 | 69
1262837506 | 31 | 7.84033 | 69
2525675013 | 32 | 7.84033 | 69
5051350026 | 33 | 7.84033 | 69
10102700052 | 34 | 3.5617 | 8
10102700053 | 34 | 6.86359 | 61
20205400106 | 35 | 6.86359 | 61
40410800212 | 36 | 6.5778 | 51
80821600424 | 37 | 5.56681 | 7
80821600425 | 37 | 5.66892 | 44
161643200850 | 38 | 5.66892 | 44
323286401700 | 39 | 5.66892 | 44
646572803400 | 40 | 5.66892 | 44
1293145606801 | 41 | 5.66892 | 44
2586291213603 | 42 | 5.66892 | 44
5172582427206 | 43 | 5.66892 | 44
10345164854412 | 44 | 5.66892 | 44
20690329708825 | 45 | 5.66892 | 44
41380659417651 | 46 | 5.66892 | 44
82761318835303 | 47 | 5.66892 | 44
165522637670607 | 48 | 5.66892 | 44
331045275341214 | 49 | 5.66892 | 44
662090550682429 | 50 | 5.66892 | 44
1324181101364858 | 51 | 5.66892 | 44
2648362202729717 | 52 | 5.66892 | 44
5296724405459434 | 53 | 5.66892 | 44
10593448810918869 | 54 | 5.66892 | 44
21186897621837738 | 55 | 5.66892 | 44
42373795243675476 | 56 | 3.72358 | 17
84747590487350953 | 57 | 3.72358 | 17
169495180974701906 | 58 | 3.72358 | 17
338990361949403812 | 59 | 63.671 | 5
338990361949403813 | 59 | 3.72358 | 12
677980723898807626 | 60 | 3.72358 | 12
1355961447797615253 | 61 | 3.72358 | 12
2711922895595230507 | 62 | 3.72358 | 12
5423845791190461015 | 63 | 3.72358 | 12
-7599052491328629585 | 64 | 3.72358 | 12
3248639091052292446 | 65 | 3.72358 | 12
6497278182104584892 | 66 | 3.72358 | 12
-5452187709500381832 | 67 | 3.72358 | 12
7542368654708787953 | 68 | 3.72358 | 12
-3362006764291975709 | 69 | 3.72358 | 12
-6724013528583951418 | 70 | 3.2195 | 11
4998717016541648781 | 71 | 3.2195 | 11
-8449310040626254054 | 72 | 3.2195 | 11
1548123992457043508 | 73 | 3.2195 | 11
3096247984914087016 | 74 | 3.2195 | 11
6192495969828174032 | 75 | 4.6613e-310 | 7
6192495969828174033 | 75 | 4.6613e-310 | 4
-6724013528583951417 | 70 | 4.6613e-310 | 1
42373795243675477 | 56 | 3.65814 | 27
84747590487350955 | 57 | 3.65814 | 27
169495180974701910 | 58 | 3.65814 | 27
338990361949403820 | 59 | 3.65814 | 27
677980723898807640 | 60 | 3.65814 | 27
1355961447797615280 | 61 | 3.65814 | 27
2711922895595230560 | 62 | 3.65814 | 27
5423845791190461120 | 63 | 4.6613e-310 | 1
5423845791190461121 | 63 | 3.61648 | 26
-7599052491328629374 | 64 | 3.61648 | 26
3248639091052292868 | 65 | 3.61648 | 26
6497278182104585736 | 66 | 3.61648 | 26
-5452187709500380144 | 67 | 3.61648 | 26
7542368654708791329 | 68 | 3.61648 | 26
-3362006764291968958 | 69 | 3.61648 | 26
-6724013528583937916 | 70 | 3.61648 | 26
4998717016541675784 | 71 | 3.45763 | 21
-8449310040626200048 | 72 | 4.6613e-310 | 7
-8449310040626200047 | 72 | 2.38065 | 14
1548123992457151523 | 73 | 2.38065 | 14
3096247984914303046 | 74 | 2.38065 | 14
6192495969828606092 | 75 | 4.6613e-310 | 8
6192495969828606093 | 75 | 4.6613e-310 | 6
4998717016541675785 | 71 | 4.6613e-310 | 5
40410800213 | 36 | 4.6613e-310 | 10
2409 | 12 | 13.5976 | 191
4818 | 13 | 4.6613e-310 | 3
4819 | 13 | 13.5976 | 188
9638 | 14 | 11.0359 | 88
19277 | 15 | 11.0359 | 88
38555 | 16 | 11.0359 | 88
77110 | 17 | 11.0359 | 88
154220 | 18 | 11.0359 | 88
308440 | 19 | 11.0359 | 88
616880 | 20 | 11.0359 | 88
1233761 | 21 | 11.0359 | 88
2467522 | 22 | 11.0359 | 88
4935045 | 23 | 11.0359 | 88
9870090 | 24 | 11.0359 | 88
19740180 | 25 | 11.0359 | 88
39480361 | 26 | 11.0359 | 88
78960722 | 27 | 5.26164 | 42
157921444 | 28 | 1.58101e-322 | 3
157921445 | 28 | 4.81956 | 39
315842891 | 29 | 4.81956 | 39
631685782 | 30 | 2.95419 | 15
1263371564 | 31 | 2.95419 | 15
2526743129 | 32 | 2.95419 | 15
5053486259 | 33 | 2.95419 | 15
10106972519 | 34 | 2.95419 | 15
20213945038 | 35 | 2.95419 | 15
40427890077 | 36 | 2.95419 | 15
80855780155 | 37 | 2.95419 | 15
161711560310 | 38 | 2.95419 | 15
323423120620 | 39 | 2.95419 | 15
646846241240 | 40 | 2.95419 | 14
1293692482480 | 41 | 2.95419 | 14
2587384964960 | 42 | 2.95419 | 14
5174769929921 | 43 | 2.95419 | 14
10349539859842 | 44 | 2.95419 | 14
20699079719685 | 45 | 2.95419 | 14
41398159439371 | 46 | 2.95419 | 14
82796318878743 | 47 | 2.95419 | 14
165592637757486 | 48 | 2.95419 | 14
331185275514972 | 49 | 2.95419 | 14
662370551029944 | 50 | 2.95419 | 14
1324741102059889 | 51 | 2.95419 | 14
2649482204119779 | 52 | 2.95419 | 14
5298964408239558 | 53 | 5.58294e-322 | 8
5298964408239559 | 53 | 4.6613e-310 | 6
646846241241 | 40 | 4.6613e-310 | 1
631685783 | 30 | 4.1262 | 24
1263371566 | 31 | 4.1262 | 24
2526743132 | 32 | 4.1262 | 24
5053486265 | 33 | 4.1262 | 24
10106972530 | 34 | 4.1262 | 24
20213945060 | 35 | 4.6613e-310 | 8
20213945061 | 35 | 2.20039 | 16
40427890122 | 36 | 2.20039 | 16
80855780244 | 37 | 2.20039 | 16
161711560488 | 38 | 2.20039 | 16
323423120976 | 39 | 2.20039 | 16
646846241952 | 40 | 2.20039 | 16
1293692483905 | 41 | 2.20039 | 16
2587384967811 | 42 | 2.20039 | 16
5174769935622 | 43 | 2.20039 | 16
10349539871245 | 44 | 2.20039 | 16
20699079742491 | 45 | 2.20039 | 16
41398159484983 | 46 | 2.20039 | 16
82796318969966 | 47 | 2.20039 | 16
165592637939932 | 48 | 2.20039 | 16
331185275879864 | 49 | 2.20039 | 16
662370551759728 | 50 | 1.71779 | 10
662370551759729 | 50 | 0.353826 | 6
78960723 | 27 | 11.0359 | 46
157921446 | 28 | 11.0359 | 46
315842892 | 29 | 11.0359 | 46
631685784 | 30 | 11.0359 | 46
1263371569 | 31 | 11.0359 | 46
2526743139 | 32 | 11.0359 | 46
5053486279 | 33 | 11.0359 | 46
10106972558 | 34 | 11.0359 | 46
20213945116 | 35 | 11.0359 | 46
40427890233 | 36 | 11.0359 | 46
80855780467 | 37 | 11.0359 | 46
161711560935 | 38 | 11.0359 | 46
323423121870 | 39 | 11.0359 | 46
646846243741 | 40 | 11.0359 | 46
1293692487482 | 41 | 11.0359 | 46
2587384974964 | 42 | 11.0359 | 46
5174769949928 | 43 | 4.46998 | 14
10349539899856 | 44 | 0.602797 | 4
10349539899857 | 44 | 0 | 10
5174769949929 | 43 | 3.3378 | 32
10349539899858 | 44 | 2.67883 | 21
20699079799716 | 45 | 3.58918 | 4
20699079799717 | 45 | 2.34555 | 17
41398159599435 | 46 | 2.34555 | 17
82796319198870 | 47 | 4.6613e-310 | 1
82796319198871 | 47 | 2.34555 | 16
165592638397742 | 48 | 1.75232 | 4
165592638397743 | 48 | 1.79328 | 12
331185276795487 | 49 | 1.79328 | 12
662370553590975 | 50 | 1.79328 | 12
1324741107181950 | 51 | 1.79328 | 12
2649482214363900 | 52 | 2.73774 | 2
2649482214363901 | 52 | 0.223613 | 10
10349539899859 | 44 | 2.5854 | 11
20699079799718 | 45 | 4.6613e-310 | 3
20699079799719 | 45 | 4.6613e-310 | 8
9639 | 14 | 11.4735 | 100
19278 | 15 | 11.4735 | 100
38557 | 16 | 11.4735 | 100
77115 | 17 | 11.4735 | 100
154231 | 18 | 11.4735 | 100
308462 | 19 | 11.4735 | 100
616925 | 20 | 11.4735 | 100
1233850 | 21 | 11.4735 | 100
2467701 | 22 | 11.4735 | 100
4935403 | 23 | 11.4735 | 100
9870806 | 24 | 11.4735 | 100
19741612 | 25 | 11.4735 | 100
39483225 | 26 | 11.4735 | 100
78966451 | 27 | 11.4735 | 100
157932903 | 28 | 11.4735 | 100
315865806 | 29 | 9.08431 | 11
631731613 | 30 | 9.08431 | 11
1263463227 | 31 | 9.08431 | 11
2526926455 | 32 | 9.08431 | 11
5053852910 | 33 | 9.08431 | 11
10107705820 | 34 | 9.08431 | 11
20215411640 | 35 | 9.08431 | 11
40430823281 | 36 | 9.08431 | 11
80861646563 | 37 | 9.08431 | 11
161723293126 | 38 | 9.08431 | 11
323446586252 | 39 | 9.08431 | 11
646893172504 | 40 | 6.95061e-310 | 1
646893172505 | 40 | 2.42092e-322 | 10
315865807 | 29 | 11.0157 | 89
631731614 | 30 | 11.0157 | 89
1263463228 | 31 | 11.0157 | 89
2526926457 | 32 | 11.0157 | 89
5053852914 | 33 | 3.78615 | 13
10107705829 | 34 | 3.78615 | 13
20215411658 | 35 | 3.78615 | 13
40430823316 | 36 | 3.78615 | 13
80861646632 | 37 | 3.78615 | 13
161723293264 | 38 | 3.78615 | 13
323446586528 | 39 | 3.78615 | 13
646893173057 | 40 | 3.78615 | 13
1293786346114 | 41 | 4.6613e-310 | 5
1293786346115 | 41 | 4.6613e-310 | 8
5053852915 | 33 | 11.0157 | 76
10107705830 | 34 | 11.0157 | 76
20215411661 | 35 | 11.0157 | 76
40430823323 | 36 | 11.0157 | 76
80861646646 | 37 | 11.0157 | 76
161723293292 | 38 | 10.6712 | 63
323446586584 | 39 | 2.41236 | 28
646893173168 | 40 | 2.41236 | 28
1293786346336 | 41 | 2.41236 | 28
2587572692672 | 42 | 2.25002 | 24
5175145385344 | 43 | 2.25002 | 24
10350290770689 | 44 | 2.25002 | 24
20700581541379 | 45 | 2.25002 | 24
41401163082758 | 46 | 0.233934 | 3
41401163082759 | 46 | 2.25002 | 21
82802326165518 | 47 | 2.25002 | 21
165604652331036 | 48 | 2.25002 | 21
331209304662072 | 49 | 4.6613e-310 | 8
331209304662073 | 49 | 2.05309 | 13
662418609324146 | 50 | 4.6613e-310 | 5
662418609324147 | 50 | 45.8115 | 8
2587572692673 | 42 | 4.6613e-310 | 4
323446586585 | 39 | 10.6712 | 35
646893173170 | 40 | 4.6613e-310 | 8
646893173171 | 40 | 2.90542 | 27
1293786346342 | 41 | 2.90542 | 27
2587572692684 | 42 | 4.6613e-310 | 7
2587572692685 | 42 | 2.68711 | 20
5175145385371 | 43 | 2.68711 | 20
10350290770743 | 44 | 2.68711 | 20
20700581541486 | 45 | 2.68711 | 20
41401163082972 | 46 | 2.68711 | 20
82802326165944 | 47 | 2.68711 | 20
165604652331888 | 48 | 2.68711 | 14
331209304663777 | 49 | 2.68711 | 14
662418609327554 | 50 | 4.6613e-310 | 6
662418609327555 | 50 | 4.6613e-310 | 8
165604652331889 | 48 | 4.6613e-310 | 6
161723293293 | 38 | 10.2421 | 13
323446586587 | 39 | 10.2421 | 13
646893173174 | 40 | 4.6613e-310 | 1
646893173175 | 40 | 7.12505 | 12
1293786346350 | 41 | 7.12505 | 12
2587572692700 | 42 | 7.12505 | 12
5175145385400 | 43 | 7.12505 | 12
10350290770801 | 44 | 7.12505 | 12
20700581541602 | 45 | 4.6613e-310 | 1
20700581541603 | 45 | 7.12505 | 11
41401163083207 | 46 | 7.12505 | 11
82802326166414 | 47 | 7.12505 | 11
165604652332829 | 48 | 7.12505 | 11
331209304665659 | 49 | 7.12505 | 11
662418609331319 | 50 | 7.12505 | 11
1324837218662639 | 51 | 7.12505 | 11
2649674437325278 | 52 | 0.760848 | 1
2649674437325279 | 52 | 1.76869 | 10
5 | 3 | 27.2792 | 1191
10 | 4 | 27.2792 | 1191
20 | 5 | 24.1939 | 139
40 | 6 | 24.1939 | 139
80 | 7 | 18.0923 | 55
160 | 8 | 18.0923 | 55
320 | 9 | 4.6613e-310 | 1
321 | 9 | 15.5997 | 54
642 | 10 | 15.5997 | 54
1284 | 11 | 15.5997 | 54
2568 | 12 | 15.5997 | 54
5137 | 13 | 15.5997 | 54
10274 | 14 | 15.5997 | 54
20548 | 15 | 15.5997 | 54
41096 | 16 | 15.5997 | 54
82192 | 17 | 15.5997 | 54
164385 | 18 | 15.5997 | 54
328771 | 19 | 15.5997 | 54
657543 | 20 | 15.5997 | 54
1315087 | 21 | 15.5997 | 54
2630175 | 22 | 15.5997 | 54
5260351 | 23 | 15.5997 | 54
10520703 | 24 | 15.5997 | 54
21041406 | 25 | 15.5997 | 54
42082813 | 26 | 15.5997 | 54
84165626 | 27 | 15.5997 | 54
168331253 | 28 | 15.5997 | 54
336662507 | 29 | 15.5997 | 54
673325014 | 30 | 15.5997 | 54
1346650029 | 31 | 15.5997 | 54
2693300059 | 32 | 15.5997 | 54
5386600118 | 33 | 15.5997 | 54
10773200236 | 34 | 15.5997 | 54
21546400473 | 35 | 15.5997 | 54
43092800947 | 36 | 15.5997 | 54
86185601894 | 37 | 15.5997 | 54
172371203788 | 38 | 15.5997 | 54
344742407577 | 39 | 15.5997 | 54
689484815155 | 40 | 15.5997 | 54
1378969630310 | 41 | 15.5997 | 54
2757939260621 | 42 | 15.5997 | 54
5515878521242 | 43 | 15.5997 | 54
11031757042484 | 44 | 15.5997 | 54
22063514084968 | 45 | 15.5997 | 54
44127028169936 | 46 | 15.5997 | 54
88254056339872 | 47 | 15.5997 | 54
176508112679744 | 48 | 12.5261 | 43
353016225359488 | 49 | 12.5261 | 43
706032450718976 | 50 | 12.5261 | 43
1412064901437952 | 51 | 12.5261 | 43
2824129802875905 | 52 | 12.5261 | 43
5648259605751811 | 53 | 12.5261 | 43
11296519211503622 | 54 | 12.5261 | 43
22593038423007244 | 55 | 8.34766 | 18
45186076846014489 | 56 | 8.34766 | 18
90372153692028978 | 57 | 8.34766 | 18
180744307384057957 | 58 | 8.34766 | 18
361488614768115915 | 59 | 8.34766 | 18
722977229536231830 | 60 | 8.34766 | 18
1445954459072463660 | 61 | 8.34766 | 18
2891908918144927320 | 62 | 8.34766 | 18
5783817836289854641 | 63 | 8.34766 | 18
-6879108401129842334 | 64 | 8.34766 | 18
4688527271449866949 | 65 | 8.34766 | 18
-9069689530809817718 | 66 | 0 | 8
-9069689530809817717 | 66 | 24.7928 | 10
22593038423007245 | 55 | 5.23772 | 25
45186076846014490 | 56 | 5.23772 | 25
90372153692028980 | 57 | 5.23772 | 25
180744307384057961 | 58 | 5.23772 | 25
361488614768115923 | 59 | 5.23772 | 25
722977229536231846 | 60 | 5.23772 | 25
1445954459072463692 | 61 | 5.23435 | 23
2891908918144927385 | 62 | 5.23435 | 23
5783817836289854770 | 63 | 5.23435 | 23
-6879108401129842076 | 64 | 24.7928 | 6
-6879108401129842075 | 64 | 3.96528 | 17
4688527271449867467 | 65 | 3.96528 | 17
-9069689530809816681 | 66 | 3.96528 | 17
307365012089918255 | 67 | 3.96528 | 17
614730024179836510 | 68 | 3.96528 | 17
1229460048359673021 | 69 | 3.96528 | 17
2458920096719346042 | 70 | 3.96528 | 17
4917840193438692085 | 71 | 3.96528 | 17
-8611063686832167445 | 72 | 3.96528 | 17
1224616700045216726 | 73 | 3.96528 | 17
2449233400090433452 | 74 | 3.96528 | 17
4898466800180866904 | 75 | 3.96528 | 17
-8649810473347817808 | 76 | 3.96528 | 17
1147123127013916000 | 77 | 3.96528 | 17
2294246254027832000 | 78 | 3.96528 | 17
4588492508055664001 | 79 | 3.96528 | 17
9176985016111328002 | 80 | 3.96528 | 17
-92774041486895612 | 81 | 3.96528 | 17
-185548082973791224 | 82 | 2.18593 | 11
-371096165947582447 | 83 | 2.18593 | 11
-742192331895164894 | 84 | 2.18593 | 11
-1484384663790329788 | 85 | 2.18593 | 11
-2968769327580659576 | 86 | 1.75702 | 8
-2968769327580659575 | 86 | 0.954605 | 3
-185548082973791223 | 82 | 4.6613e-310 | 6
1445954459072463693 | 61 | 4.6613e-310 | 2
176508112679745 | 48 | 9.55525 | 11
353016225359490 | 49 | 4.6613e-310 | 10
353016225359491 | 49 | 4.6613e-310 | 1
81 | 7 | 17.6868 | 84
163 | 8 | 17.6868 | 84
326 | 9 | 13.1094 | 73
652 | 10 | 13.1094 | 73
1305 | 11 | 13.1094 | 73
2611 | 12 | 13.1094 | 73
5222 | 13 | 13.1094 | 73
10444 | 14 | 13.1094 | 73
20888 | 15 | 13.1094 | 73
41777 | 16 | 13.1094 | 73
83555 | 17 | 13.1094 | 73
167110 | 18 | 13.1094 | 73
334220 | 19 | 13.1094 | 73
668441 | 20 | 13.1094 | 73
1336882 | 21 | 10.1352 | 43
2673765 | 22 | 10.1352 | 43
5347530 | 23 | 10.1352 | 43
10695061 | 24 | 10.1352 | 43
21390122 | 25 | 10.1352 | 43
42780245 | 26 | 10.1352 | 43
85560491 | 27 | 10.1352 | 43
171120982 | 28 | 10.1352 | 43
342241965 | 29 | 10.1352 | 43
684483931 | 30 | 10.1352 | 43
1368967862 | 31 | 6.68664 | 14
2737935725 | 32 | 6.68664 | 14
5475871450 | 33 | 6.68664 | 14
10951742900 | 34 | 6.68664 | 14
21903485800 | 35 | 6.68664 | 14
43806971600 | 36 | 4.6613e-310 | 7
43806971601 | 36 | 4.6613e-310 | 7
1368967863 | 31 | 7.23814 | 29
2737935727 | 32 | 7.23814 | 29
5475871454 | 33 | 6.42189 | 11
10951742908 | 34 | 6.42189 | 11
21903485816 | 35 | 6.42189 | 11
43806971633 | 36 | 6.42189 | 11
87613943267 | 37 | 6.42189 | 11
175227886534 | 38 | 6.42189 | 11
350455773069 | 39 | 6.42189 | 11
700911546138 | 40 | 6.42189 | 11
1401823092276 | 41 | 6.42189 | 11
2803646184553 | 42 | 6.42189 | 11
5607292369106 | 43 | 6.42189 | 11
11214584738213 | 44 | 6.42189 | 11
22429169476427 | 45 | 6.42189 | 11
44858338952855 | 46 | 6.42189 | 11
89716677905710 | 47 | 6.42189 | 11
179433355811421 | 48 | 6.42189 | 11
358866711622842 | 49 | 6.42189 | 11
717733423245685 | 50 | 6.42189 | 11
1435466846491371 | 51 | 6.42189 | 11
2870933692982742 | 52 | 6.42189 | 11
5741867385965485 | 53 | 6.42189 | 11
11483734771930971 | 54 | 6.42189 | 11
22967469543861942 | 55 | 0.246289 | 2
22967469543861943 | 55 | 69.7397 | 9
5475871455 | 33 | 6.9106 | 18
10951742910 | 34 | 6.9106 | 18
21903485820 | 35 | 6.9106 | 18
43806971640 | 36 | 6.9106 | 18
87613943280 | 37 | 4.6613e-310 | 7
87613943281 | 37 | 3.57184 | 11
175227886563 | 38 | 3.57184 | 11
350455773126 | 39 | 4.6613e-310 | 10
350455773127 | 39 | 4.6613e-310 | 1
1336883 | 21 | 8.3505 | 30
2673766 | 22 | 8.3505 | 30
5347533 | 23 | 8.3505 | 30
10695067 | 24 | 8.3505 | 30
21390134 | 25 | 8.3505 | 30
42780268 | 26 | 8.3505 | 30
85560537 | 27 | 8.3505 | 30
171121074 | 28 | 8.3505 | 30
342242148 | 29 | 8.3505 | 30
684484296 | 30 | 8.3505 | 21
1368968592 | 31 | 2.51508 | 14
2737937185 | 32 | 2.51508 | 14
5475874370 | 33 | 2.51508 | 14
10951748740 | 34 | 77.2757 | 5
10951748741 | 34 | 2.36772 | 9
1368968593 | 31 | 4.6613e-310 | 7
684484297 | 30 | 4.6613e-310 | 9
327 | 9 | 5.97623 | 11
654 | 10 | 4.6613e-310 | 10
655 | 10 | 4.6613e-310 | 1
21 | 5 | 27.1166 | 1052
43 | 6 | 27.1166 | 1052
86 | 7 | 21.5751 | 467
173 | 8 | 21.5751 | 467
347 | 9 | 21.5751 | 467
695 | 10 | 21.5751 | 467
1390 | 11 | 21.5751 | 463
2780 | 12 | 21.5751 | 463
5561 | 13 | 21.5751 | 463
11122 | 14 | 21.5751 | 463
22244 | 15 | 21.5751 | 463
44488 | 16 | 13.4918 | 14
88976 | 17 | 0 | 4
88977 | 17 | 0.468014 | 10
44489 | 16 | 21.5751 | 449
88979 | 17 | 21.5751 | 449
177959 | 18 | 21.5751 | 449
355918 | 19 | 21.5751 | 449
711837 | 20 | 21.5751 | 449
1423674 | 21 | 21.5751 | 449
2847348 | 22 | 19.6419 | 192
5694696 | 23 | 18.192 | 78
11389392 | 24 | 18.192 | 78
22778785 | 25 | 18.192 | 78
45557571 | 26 | 18.192 | 78
91115143 | 27 | 18.192 | 78
182230286 | 28 | 18.192 | 78
364460573 | 29 | 18.192 | 78
728921146 | 30 | 12.9347 | 68
1457842292 | 31 | 15.8574 | 7
1457842293 | 31 | 7.73406 | 61
2915684587 | 32 | 7.73406 | 61
5831369174 | 33 | 5.38747 | 6
5831369175 | 33 | 5.96482 | 55
11662738350 | 34 | 5.96482 | 55
23325476700 | 35 | 5.96482 | 55
46650953400 | 36 | 2.00035 | 18
93301906801 | 37 | 2.00035 | 18
186603813603 | 38 | 2.00035 | 18
373207627206 | 39 | 2.00035 | 18
746415254412 | 40 | 39.3634 | 4
746415254413 | 40 | 1.71615 | 14
1492830508826 | 41 | 1.71615 | 14
2985661017653 | 42 | 1.71615 | 14
5971322035306 | 43 | 1.3701 | 5
5971322035307 | 43 | 17.9412 | 9
46650953401 | 36 | 4.14641 | 37
93301906802 | 37 | 4.14641 | 37
186603813605 | 38 | 4.14641 | 37
373207627210 | 39 | 4.14641 | 37
746415254421 | 40 | 4.14641 | 37
1492830508843 | 41 | 4.14641 | 37
2985661017686 | 42 | 4.14641 | 37
5971322035372 | 43 | 4.14641 | 37
11942644070744 | 44 | 3.75711 | 27
23885288141488 | 45 | 3.75711 | 27
47770576282977 | 46 | 3.75711 | 27
95541152565955 | 47 | 3.75711 | 27
191082305131911 | 48 | 3.75711 | 27
382164610263822 | 49 | 17.1927 | 9
382164610263823 | 49 | 1.99849 | 18
764329220527647 | 50 | 1.99849 | 18
1528658441055295 | 51 | 1.99849 | 18
3057316882110591 | 52 | 1.99849 | 18
6114633764221183 | 53 | 1.99849 | 18
12229267528442366 | 54 | 1.99849 | 18
24458535056884732 | 55 | 1.99849 | 18
48917070113769464 | 56 | 1.99849 | 18
97834140227538929 | 57 | 1.99849 | 18
195668280455077858 | 58 | 1.84341 | 16
391336560910155716 | 59 | 1.03733 | 9
391336560910155717 | 59 | 3.02873 | 7
195668280455077859 | 58 | 4.6613e-310 | 2
11942644070745 | 44 | 4.6613e-310 | 10
728921147 | 30 | 4.6613e-310 | 10
5694697 | 23 | 18.4024 | 114
11389394 | 24 | 18.4024 | 114
22778788 | 25 | 18.4024 | 114
45557576 | 26 | 18.4024 | 114
91115152 | 27 | 18.4024 | 114
182230305 | 28 | 18.4024 | 114
364460610 | 29 | 18.4024 | 114
728921221 | 30 | 18.4024 | 114
1457842442 | 31 | 18.4024 | 114
2915684885 | 32 | 18.4024 | 114
5831369771 | 33 | 18.4024 | 114
11662739542 | 34 | 18.4024 | 114
23325479085 | 35 | 18.4024 | 114
46650958171 | 36 | 18.4024 | 114
93301916342 | 37 | 18.4024 | 114
186603832685 | 38 | 18.4024 | 114
373207665370 | 39 | 18.4024 | 114
746415330741 | 40 | 18.4024 | 114
1492830661482 | 41 | 18.4024 | 114
2985661322964 | 42 | 18.4024 | 114
5971322645928 | 43 | 18.0856 | 102
11942645291856 | 44 | 18.0856 | 102
23885290583713 | 45 | 18.0856 | 102
47770581167426 | 46 | 18.0856 | 102
95541162334853 | 47 | 18.0856 | 102
191082324669706 | 48 | 12.6625 | 95
382164649339412 | 49 | 12.6625 | 95
764329298678825 | 50 | 12.6625 | 95
1528658597357651 | 51 | 12.6625 | 95
3057317194715303 | 52 | 12.6625 | 95
6114634389430606 | 53 | 12.6625 | 95
12229268778861212 | 54 | 12.6625 | 95
24458537557722425 | 55 | 12.6625 | 95
48917075115444850 | 56 | 12.6625 | 95
97834150230889700 | 57 | 7.67543 | 17
195668300461779400 | 58 | 7.67543 | 17
391336600923558801 | 59 | 7.67543 | 17
782673201847117603 | 60 | 7.67543 | 17
1565346403694235206 | 61 | 7.67543 | 17
3130692807388470412 | 62 | 7.67543 | 17
6261385614776940824 | 63 | 3.68861 | 2
6261385614776940825 | 63 | 5.89511 | 15
-5923972844155669966 | 64 | 5.89511 | 15
6598798385398211684 | 65 | 5.89511 | 15
-5249147302913128248 | 66 | 5.89511 | 15
7948449467883295121 | 67 | 5.89511 | 15
-2549845137942961373 | 68 | 5.89511 | 15
-5099690275885922745 | 69 | 5.89511 | 15
8247363521937706127 | 70 | 5.89511 | 15
-1952017029834139362 | 71 | 4.6613e-310 | 8
-1952017029834139361 | 71 | 4.6613e-310 | 7
97834150230889701 | 57 | 6.67205 | 78
195668300461779402 | 58 | 6.21857 | 48
391336600923558805 | 59 | 6.21857 | 48
782673201847117611 | 60 | 6.21857 | 48
1565346403694235222 | 61 | 5.05377 | 31
3130692807388470445 | 62 | 5.05377 | 31
6261385614776940890 | 63 | 5.05377 | 31
-5923972844155669836 | 64 | 5.05377 | 31
6598798385398211944 | 65 | 5.05377 | 31
-5249147302913127728 | 66 | 5.05377 | 31
7948449467883296160 | 67 | 5.05377 | 31
-2549845137942959296 | 68 | 5.05377 | 31
-5099690275885918591 | 69 | 5.05377 | 31
8247363521937714434 | 70 | 1.62213 | 8
8247363521937714435 | 70 | 5.05377 | 23
-1952017029834122746 | 71 | 5.05377 | 23
-3904034059668245491 | 72 | 5.05377 | 23
-7808068119336490981 | 73 | 5.05377 | 23
2830607835036569655 | 74 | 5.05377 | 23
5661215670073139310 | 75 | 5.05377 | 23
-7124312733563272995 | 76 | 5.05377 | 23
4198118606583005627 | 77 | 5.05377 | 23
8396237213166011254 | 78 | 5.05377 | 23
-1654269647377529107 | 79 | 5.05377 | 23
-3308539294755058214 | 80 | 3.44353 | 11
-6617078589510116428 | 81 | 3.44353 | 11
5212586894689318760 | 82 | 3.44353 | 11
-8021570284330914095 | 83 | 3.44353 | 11
2403603505047723426 | 84 | 3.44353 | 11
4807207010095446853 | 85 | 3.44353 | 11
-8832330053518657909 | 86 | 3.44353 | 11
782083966672235799 | 87 | 3.44353 | 11
1564167933344471598 | 88 | 0.032828 | 10
1564167933344471599 | 88 | 0.433449 | 1
-3308539294755058213 | 80 | 2.33257 | 12
-6617078589510116426 | 81 | 2.33257 | 12
5212586894689318765 | 82 | 2.33257 | 12
-8021570284330914086 | 83 | 2.07792 | 11
2403603505047723445 | 84 | 2.07792 | 11
4807207010095446891 | 85 | 2.07792 | 11
-8832330053518657834 | 86 | 0 | 10
-8832330053518657833 | 86 | 5.09047 | 1
-8021570284330914085 | 83 | 4.6613e-310 | 1
1565346403694235223 | 61 | 5.2479 | 17
3130692807388470447 | 62 | 5.2479 | 17
6261385614776940895 | 63 | 5.2479 | 17
-5923972844155669825 | 64 | 5.2479 | 17
6598798385398211966 | 65 | 5.2479 | 17
-5249147302913127683 | 66 | 5.2479 | 17
7948449467883296250 | 67 | 5.2479 | 17
-2549845137942959116 | 68 | 4.6613e-310 | 3
-2549845137942959115 | 68 | 2.93607 | 14
-5099690275885918230 | 69 | 2.93607 | 14
8247363521937715156 | 70 | 2.93607 | 14
-1952017029834121304 | 71 | 4.6613e-310 | 8
-1952017029834121303 | 71 | 27.2579 | 6
195668300461779403 | 58 | 4.98838 | 30
391336600923558806 | 59 | 4.98838 | 30
782673201847117612 | 60 | 4.98838 | 30
1565346403694235224 | 61 | 4.98838 | 30
3130692807388470448 | 62 | 4.98838 | 30
6261385614776940896 | 63 | 4.6613e-310 | 3
6261385614776940897 | 63 | 4.31474 | 27
-5923972844155669822 | 64 | 4.31474 | 27
6598798385398211972 | 65 | 4.6613e-310 | 1
6598798385398211973 | 65 | 3.10923 | 26
-5249147302913127669 | 66 | 3.10923 | 26
7948449467883296278 | 67 | 3.10923 | 24
-2549845137942959060 | 68 | 3.10923 | 24
-5099690275885918119 | 69 | 3.10923 | 24
8247363521937715378 | 70 | 3.10923 | 24
-1952017029834120860 | 71 | 3.10923 | 24
-3904034059668241719 | 72 | 3.10923 | 24
-7808068119336483437 | 73 | 3.10923 | 24
2830607835036584742 | 74 | 3.10923 | 24
5661215670073169485 | 75 | 3.10923 | 24
-7124312733563212646 | 76 | 3.10923 | 24
4198118606583126324 | 77 | 3.10923 | 24
8396237213166252648 | 78 | 3.10923 | 24
-1654269647377046319 | 79 | 3.10923 | 24
-3308539294754092637 | 80 | 3.10923 | 24
-6617078589508185274 | 81 | 3.10923 | 24
5212586894693181068 | 82 | 3.10923 | 24
-8021570284323189479 | 83 | 3.10923 | 24
2403603505063172658 | 84 | 3.10923 | 24
4807207010126345317 | 85 | 3.10923 | 24
-8832330053456860982 | 86 | 2.07254 | 12
782083966795829653 | 87 | 2.07254 | 12
1564167933591659307 | 88 | 2.07254 | 12
3128335867183318615 | 89 | 2.07254 | 12
6256671734366637231 | 90 | 2.07254 | 12
-5933400604976277154 | 91 | 2.07254 | 12
6579942863756997308 | 92 | 2.07254 | 12
-5286858346195556999 | 93 | 2.07254 | 12
7873027381318437619 | 94 | 2.07254 | 12
-2700689311072676378 | 95 | 0.459266 | 9
-2700689311072676377 | 95 | 0 | 3
-8832330053456860981 | 86 | 1.34337 | 12
782083966795829655 | 87 | 1.34337 | 12
1564167933591659310 | 88 | 4.6613e-310 | 4
1564167933591659311 | 88 | 4.6613e-310 | 8
7948449467883296279 | 67 | 4.6613e-310 | 2
191082324669707 | 48 | 4.6613e-310 | 7
5971322645929 | 43 | 8.1392 | 12
11942645291859 | 44 | 8.1392 | 12
23885290583718 | 45 | 8.1392 | 12
47770581167436 | 46 | 8.1392 | 12
95541162334872 | 47 | 8.1392 | 12
191082324669744 | 48 | 8.1392 | 12
382164649339488 | 49 | 8.1392 | 12
764329298678976 | 50 | 8.1392 | 12
1528658597357952 | 51 | 4.6613e-310 | 10
1528658597357953 | 51 | 4.6613e-310 | 2
2847349 | 22 | 11.3165 | 257
5694698 | 23 | 11.3165 | 257
11389396 | 24 | 9.33612 | 227
22778792 | 25 | 8.21786 | 136
45557584 | 26 | 6.74572 | 108
91115168 | 27 | 6.74572 | 108
182230336 | 28 | 6.74572 | 108
364460673 | 29 | 6.74572 | 108
728921346 | 30 | 6.74572 | 108
1457842692 | 31 | 6.74572 | 108
2915685385 | 32 | 6.74572 | 108
5831370771 | 33 | 6.74572 | 108
11662741543 | 34 | 6.74572 | 108
23325483086 | 35 | 3.994 | 60
46650966173 | 36 | 3.994 | 60
93301932347 | 37 | 3.994 | 60
186603864694 | 38 | 3.994 | 60
373207729388 | 39 | 3.994 | 60
746415458776 | 40 | 3.994 | 60
1492830917552 | 41 | 3.994 | 60
2985661835105 | 42 | 3.994 | 60
5971323670210 | 43 | 3.09749 | 37
11942647340421 | 44 | 3.09749 | 37
23885294680842 | 45 | 3.09749 | 37
47770589361684 | 46 | 3.09749 | 37
95541178723369 | 47 | 3.09749 | 37
191082357446739 | 48 | 3.09749 | 37
382164714893479 | 49 | 3.09749 | 37
764329429786958 | 50 | 3.09749 | 37
1528658859573916 | 51 | 3.09749 | 37
3057317719147833 | 52 | 3.09749 | 37
6114635438295666 | 53 | 0.0241756 | 10
6114635438295667 | 53 | 2.66335 | 27
12229270876591334 | 54 | 2.66335 | 27
24458541753182668 | 55 | 2.66335 | 27
48917083506365336 | 56 | 2.66335 | 27
97834167012730673 | 57 | 2.66335 | 27
195668334025461346 | 58 | 2.19523 | 25
391336668050922692 | 59 | 2.19523 | 23
782673336101845384 | 60 | 2.19523 | 23
1565346672203690769 | 61 | 2.19523 | 23
3130693344407381539 | 62 | 2.19523 | 23
6261386688814763078 | 63 | 2.19523 | 23
-5923970696080025459 | 64 | 2.19523 | 23
6598802681549500698 | 65 | 4.6613e-310 | 6
6598802681549500699 | 65 | 2.14114 | 17
-5249138710610550217 | 66 | 2.14114 | 17
7948466652488451182 | 67 | 4.6613e-310 | 3
7948466652488451183 | 67 | 1.53975 | 14
-2549810768732649250 | 68 | 1.53975 | 14
-5099621537465298500 | 69 | 1.53975 | 14
8247500998778954616 | 70 | 0.640367 | 1
8247500998778954617 | 70 | 1.44033 | 13
-1951742076151642382 | 71 | 1.44033 | 13
-3903484152303284764 | 72 | 1.44033 | 13
-7806968304606569528 | 73 | 0.976663 | 8
-7806968304606569527 | 73 | 0.558031 | 5
391336668050922693 | 59 | 4.6613e-310 | 2
195668334025461347 | 58 | 4.6613e-310 | 2
5971323670211 | 43 | 2.17219 | 23
11942647340423 | 44 | 2.17219 | 23
23885294680846 | 45 | 2.17219 | 23
47770589361693 | 46 | 2.17219 | 23
95541178723386 | 47 | 2.17219 | 23
191082357446772 | 48 | 2.17219 | 23
382164714893545 | 49 | 2.17219 | 23
764329429787091 | 50 | 2.17219 | 23
1528658859574182 | 51 | 2.17219 | 23
3057317719148365 | 52 | 2.17219 | 23
6114635438296731 | 53 | 2.17219 | 23
12229270876593463 | 54 | 2.17219 | 23
24458541753186927 | 55 | 2.17219 | 23
48917083506373854 | 56 | 2.17219 | 23
97834167012747709 | 57 | 2.17219 | 23
195668334025495418 | 58 | 1.1647 | 4
195668334025495419 | 58 | 2.0373 | 19
391336668050990838 | 59 | 1.6592 | 15
782673336101981676 | 60 | 1.6592 | 15
1565346672203963353 | 61 | 1.6592 | 15
3130693344407926706 | 62 | 1.6592 | 15
6261386688815853412 | 63 | 1.6592 | 15
-5923970696077844792 | 64 | 1.6592 | 15
6598802681553862033 | 65 | 1.6592 | 15
-5249138710601827549 | 66 | 1.6592 | 15
7948466652505896519 | 67 | 1.6592 | 15
-2549810768697758578 | 68 | 1.50911 | 13
-5099621537395517155 | 69 | 1.50911 | 13
8247500998918517307 | 70 | 1.50911 | 13
-1951742075872517002 | 71 | 1.50911 | 13
-3903484151745034004 | 72 | 1.50911 | 13
-7806968303490068008 | 73 | 1.50911 | 13
2832807466729415600 | 74 | 4.6613e-310 | 9
2832807466729415601 | 74 | 1.27263 | 4
-2549810768697758577 | 68 | 4.6613e-310 | 2
391336668050990839 | 59 | 4.6613e-310 | 4
23325483087 | 35 | 3.98094 | 48
46650966174 | 36 | 3.98094 | 48
93301932348 | 37 | 1.74209 | 12
186603864696 | 38 | 1.74209 | 12
373207729392 | 39 | 1.74209 | 12
746415458785 | 40 | 1.74209 | 12
1492830917571 | 41 | 1.74209 | 12
2985661835142 | 42 | 1.74209 | 12
5971323670284 | 43 | 1.74209 | 12
11942647340568 | 44 | 4.6613e-310 | 1
11942647340569 | 44 | 1.59294 | 11
23885294681139 | 45 | 1.59294 | 11
47770589362279 | 46 | 1.59294 | 11
95541178724558 | 47 | 6.32404e-322 | 4
95541178724559 | 47 | 0.0535468 | 7
93301932349 | 37 | 2.93492 | 36
186603864699 | 38 | 2.93492 | 36
373207729399 | 39 | 2.93492 | 36
746415458798 | 40 | 2.93492 | 36
1492830917596 | 41 | 2.93492 | 36
2985661835192 | 42 | 2.93492 | 36
5971323670384 | 43 | 2.93492 | 36
11942647340768 | 44 | 2.13368 | 22
23885294681536 | 45 | 2.13368 | 22
47770589363072 | 46 | 2.13368 | 22
95541178726144 | 47 | 2.13368 | 22
191082357452289 | 48 | 2.13368 | 22
382164714904578 | 49 | 2.13368 | 22
764329429809157 | 50 | 2.13368 | 22
1528658859618315 | 51 | 2.13368 | 22
3057317719236630 | 52 | 2.13368 | 22
6114635438473261 | 53 | 2.13368 | 22
12229270876946522 | 54 | 2.13368 | 22
24458541753893044 | 55 | 2.13368 | 22
48917083507786088 | 56 | 2.13368 | 22
97834167015572176 | 57 | 2.13368 | 22
195668334031144353 | 58 | 2.13368 | 22
391336668062288706 | 59 | 2.13368 | 22
782673336124577412 | 60 | 2.13368 | 22
1565346672249154825 | 61 | 2.13368 | 22
3130693344498309650 | 62 | 2.13368 | 22
6261386688996619301 | 63 | 2.13368 | 22
-5923970695716313013 | 64 | 2.13368 | 22
6598802682276925591 | 65 | 2.13368 | 22
-5249138709155700433 | 66 | 2.13368 | 22
7948466655398150751 | 67 | 2.13368 | 22
-2549810762913250114 | 68 | 4.6613e-310 | 8
-2549810762913250113 | 68 | 1.7837 | 14
-5099621525826500226 | 69 | 0.0490592 | 5
-5099621525826500225 | 69 | 0.933098 | 9
11942647340769 | 44 | 2.50287 | 14
23885294681538 | 45 | 4.6613e-310 | 7
23885294681539 | 45 | 4.6613e-310 | 7
45557585 | 26 | 3.61812 | 28
91115171 | 27 | 3.61812 | 28
182230343 | 28 | 3.61812 | 28
364460687 | 29 | 3.61812 | 28
728921375 | 30 | 3.61812 | 28
1457842750 | 31 | 3.61812 | 28
2915685501 | 32 | 3.61812 | 28
5831371003 | 33 | 3.61812 | 28
11662742006 | 34 | 4.6613e-310 | 9
11662742007 | 34 | 2.84073 | 19
23325484014 | 35 | 4.6613e-310 | 1
23325484015 | 35 | 2.84073 | 18
46650968031 | 36 | 2.84073 | 18
93301936062 | 37 | 2.84073 | 18
186603872124 | 38 | 2.84073 | 18
373207744249 | 39 | 2.84073 | 18
746415488499 | 40 | 2.84073 | 18
1492830976998 | 41 | 2.84073 | 18
2985661953996 | 42 | 2.84073 | 18
5971323907992 | 43 | 2.84073 | 18
11942647815984 | 44 | 2.84073 | 18
23885295631968 | 45 | 2.84073 | 18
47770591263936 | 46 | 4.6613e-310 | 5
47770591263937 | 46 | 1.75039 | 13
95541182527875 | 47 | 1.75039 | 13
191082365055751 | 48 | 1.75039 | 13
382164730111503 | 49 | 1.75039 | 13
764329460223006 | 50 | 6.95061e-310 | 4
764329460223007 | 50 | 1.74705 | 9
22778793 | 25 | 7.72383 | 91
45557587 | 26 | 7.72383 | 91
91115175 | 27 | 7.72383 | 91
182230350 | 28 | 7.72383 | 91
364460700 | 29 | 7.55445 | 90
728921400 | 30 | 7.55445 | 90
1457842801 | 31 | 7.55445 | 90
2915685603 | 32 | 7.55445 | 90
5831371207 | 33 | 7.55445 | 90
11662742414 | 34 | 7.20858 | 44
23325484828 | 35 | 3.89918 | 20
46650969657 | 36 | 3.89918 | 20
93301939315 | 37 | 3.89918 | 20
186603878630 | 38 | 3.3869 | 18
373207757260 | 39 | 3.3869 | 18
746415514520 | 40 | 3.3869 | 16
1492831029041 | 41 | 3.3869 | 16
2985662058082 | 42 | 3.3869 | 16
5971324116165 | 43 | 3.3869 | 16
11942648232330 | 44 | 3.3869 | 16
23885296464660 | 45 | 3.3869 | 16
47770592929321 | 46 | 3.3869 | 16
95541185858642 | 47 | 2.10041 | 12
191082371717285 | 48 | 2.10041 | 12
382164743434571 | 49 | 2.10041 | 12
764329486869143 | 50 | 2.10041 | 12
1528658973738287 | 51 | 2.10041 | 12
3057317947476574 | 52 | 2.10041 | 12
6114635894953149 | 53 | 2.10041 | 12
12229271789906299 | 54 | 2.10041 | 12
24458543579812598 | 55 | 2.10041 | 12
48917087159625196 | 56 | 2.10041 | 12
97834174319250392 | 57 | 2.10041 | 12
195668348638500784 | 58 | 2.10041 | 12
391336697277001568 | 59 | 2.10041 | 12
782673394554003137 | 60 | 2.10041 | 12
1565346789108006274 | 61 | 2.10041 | 12
3130693578216012549 | 62 | 2.10041 | 12
6261387156432025099 | 63 | 2.10041 | 12
-5923969760845501418 | 64 | 2.10041 | 12
6598804552018548780 | 65 | 5.28675 | 10
6598804552018548781 | 65 | 0.708292 | 2
95541185858643 | 47 | 4.6613e-310 | 4
746415514521 | 40 | 4.6613e-310 | 2
186603878631 | 38 | 4.6613e-310 | 2
23325484829 | 35 | 3.04808 | 24
46650969658 | 36 | 3.04808 | 24
93301939316 | 37 | 3.04808 | 24
186603878632 | 38 | 3.04808 | 24
373207757265 | 39 | 3.04808 | 24
746415514530 | 40 | 3.04808 | 21
1492831029061 | 41 | 3.04808 | 21
2985662058122 | 42 | 3.04808 | 21
5971324116245 | 43 | 3.04808 | 21
11942648232490 | 44 | 1.30967 | 11
23885296464981 | 45 | 1.30967 | 11
47770592929962 | 46 | 1.30967 | 11
95541185859924 | 47 | 1.30967 | 11
191082371719849 | 48 | 1.30967 | 11
382164743439699 | 49 | 1.30967 | 11
764329486879398 | 50 | 1.30967 | 11
1528658973758797 | 51 | 1.30967 | 11
3057317947517594 | 52 | 0.514835 | 9
3057317947517595 | 52 | 1.51687 | 2
11942648232491 | 44 | 4.6613e-310 | 10
746415514531 | 40 | 4.6613e-310 | 3
11662742415 | 34 | 7.34092 | 46
23325484830 | 35 | 6.6394 | 45
46650969660 | 36 | 6.6394 | 45
93301939320 | 37 | 6.6394 | 45
186603878641 | 38 | 6.6394 | 45
373207757283 | 39 | 6.6394 | 45
746415514567 | 40 | 6.6394 | 45
1492831029135 | 41 | 6.6394 | 45
2985662058271 | 42 | 6.6394 | 45
5971324116542 | 43 | 6.6394 | 45
11942648233084 | 44 | 6.6394 | 45
23885296466169 | 45 | 6.6394 | 45
47770592932338 | 46 | 6.6394 | 45
95541185864676 | 47 | 1.4975 | 16
191082371729352 | 48 | 1.4975 | 16
382164743458704 | 49 | 1.4975 | 16
764329486917408 | 50 | 4.6613e-310 | 3
764329486917409 | 50 | 1.03004 | 13
1528658973834818 | 51 | 1.03004 | 13
3057317947669637 | 52 | 1.03004 | 13
6114635895339274 | 53 | 1.03004 | 13
12229271790678548 | 54 | 1.03004 | 13
24458543581357096 | 55 | 0.987121 | 12
48917087162714193 | 56 | 0.987121 | 12
97834174325428387 | 57 | 0.987121 | 12
195668348650856775 | 58 | 0.987121 | 12
391336697301713551 | 59 | 0.987121 | 12
782673394603427103 | 60 | 0.987121 | 12
1565346789206854207 | 61 | 0.987121 | 12
3130693578413708415 | 62 | 0.987121 | 12
6261387156827416831 | 63 | 0.987121 | 12
-5923969760054717954 | 64 | 1.85782 | 2
-5923969760054717953 | 64 | 27.7375 | 10
24458543581357097 | 55 | 4.6613e-310 | 1
95541185864677 | 47 | 5.2074 | 29
191082371729354 | 48 | 5.2074 | 29
382164743458708 | 49 | 5.2074 | 29
764329486917417 | 50 | 5.2074 | 29
1528658973834834 | 51 | 5.2074 | 29
3057317947669669 | 52 | 5.2074 | 29
6114635895339338 | 53 | 4.15588 | 19
12229271790678677 | 54 | 4.15588 | 19
24458543581357355 | 55 | 4.15588 | 19
48917087162714710 | 56 | 4.15588 | 19
97834174325429420 | 57 | 4.15588 | 19
195668348650858841 | 58 | 4.15588 | 19
391336697301717682 | 59 | 4.15588 | 19
782673394603435364 | 60 | 3.91283 | 13
1565346789206870728 | 61 | 3.91283 | 13
3130693578413741456 | 62 | 3.91283 | 13
6261387156827482913 | 63 | 3.91283 | 13
-5923969760054585790 | 64 | 3.91283 | 13
6598804553600380036 | 65 | 0.644047 | 3
6598804553600380037 | 65 | 4.6613e-310 | 10
782673394603435365 | 60 | 4.6613e-310 | 6
6114635895339339 | 53 | 4.6613e-310 | 10
23325484831 | 35 | 4.6613e-310 | 1
364460701 | 29 | 4.6613e-310 | 1
11389397 | 24 | 8.13119 | 30
22778795 | 25 | 8.13119 | 30
45557590 | 26 | 8.13119 | 30
91115181 | 27 | 8.13119 | 30
182230362 | 28 | 8.13119 | 30
364460724 | 29 | 8.13119 | 30
728921448 | 30 | 4.6613e-310 | 1
728921449 | 30 | 7.93948 | 29
1457842898 | 31 | 7.93948 | 29
2915685796 | 32 | 7.93948 | 29
5831371592 | 33 | 7.93948 | 29
11662743184 | 34 | 7.93948 | 29
23325486369 | 35 | 7.93948 | 29
46650972738 | 36 | 7.93948 | 29
93301945477 | 37 | 7.93948 | 29
186603890955 | 38 | 7.93948 | 29
373207781911 | 39 | 7.93948 | 29
746415563822 | 40 | 4.6613e-310 | 3
746415563823 | 40 | 7.93948 | 26
1492831127646 | 41 | 7.93948 | 26
2985662255292 | 42 | 7.42633 | 16
5971324510584 | 43 | 7.42633 | 16
11942649021169 | 44 | 7.42633 | 16
23885298042338 | 45 | 7.42633 | 16
47770596084676 | 46 | 7.42633 | 16
95541192169352 | 47 | 6.14886 | 15
191082384338704 | 48 | 6.14886 | 15
382164768677408 | 49 | 6.14886 | 15
764329537354817 | 50 | 6.14886 | 15
1528659074709634 | 51 | 6.14886 | 15
3057318149419269 | 52 | 6.14886 | 15
6114636298838539 | 53 | 6.14886 | 15
12229272597677079 | 54 | 6.14886 | 15
24458545195354158 | 55 | 6.14886 | 15
48917090390708316 | 56 | 4.6613e-310 | 2
48917090390708317 | 56 | 5.19781 | 13
97834180781416635 | 57 | 5.19781 | 13
195668361562833270 | 58 | 5.19781 | 13
391336723125666541 | 59 | 5.19781 | 13
782673446251333083 | 60 | 5.19781 | 13
1565346892502666167 | 61 | 5.19781 | 13
3130693785005332334 | 62 | 5.19781 | 13
6261387570010664669 | 63 | 5.19781 | 13
-5923968933688222277 | 64 | 5.19781 | 13
6598806206333107062 | 65 | 5.19781 | 13
-5249131661043337492 | 66 | 5.19781 | 13
7948480751622876632 | 67 | 5.19781 | 13
-2549782570463798351 | 68 | 5.19781 | 13
-5099565140927596702 | 69 | 5.19781 | 13
8247613791854358213 | 70 | 5.19781 | 13
-1951516490000835190 | 71 | 4.56161 | 12
-3903032980001670380 | 72 | 4.56161 | 12
-7806065960003340760 | 73 | 4.56161 | 12
2834612153702870096 | 74 | 0.020707 | 10
2834612153702870097 | 74 | 6.56394 | 2
-1951516490000835189 | 71 | 4.6613e-310 | 1
95541192169353 | 47 | 4.6613e-310 | 1
2985662255293 | 42 | 4.6613e-310 | 10
1391 | 11 | 4.6613e-310 | 4
87 | 7 | 19.2865 | 585
174 | 8 | 19.2865 | 585
348 | 9 | 12.3187 | 299
697 | 10 | 12.3187 | 299
1394 | 11 | 10.0212 | 89
2788 | 12 | 8.15442 | 27
5576 | 13 | 8.15442 | 27
11152 | 14 | 8.15442 | 27
22304 | 15 | 8.15442 | 27
44608 | 16 | 4.6613e-310 | 8
44609 | 16 | 2.96449 | 19
89218 | 17 | 2.96449 | 19
178436 | 18 | 4.6613e-310 | 5
178437 | 18 | 1.73494 | 14
356875 | 19 | 1.73494 | 14
713750 | 20 | 4.6613e-310 | 2
713751 | 20 | 1.63737 | 12
1427502 | 21 | 1.63737 | 12
2855005 | 22 | 1.63737 | 12
5710010 | 23 | 1.6265 | 11
11420021 | 24 | 1.6265 | 11
22840043 | 25 | 1.6265 | 11
45680086 | 26 | 4.6613e-310 | 10
45680087 | 26 | 0.650484 | 1
5710011 | 23 | 0.197444 | 1
2789 | 12 | 8.13493 | 62
5579 | 13 | 8.13493 | 62
11159 | 14 | 8.13493 | 62
22318 | 15 | 6.921 | 35
44636 | 16 | 6.921 | 35
89273 | 17 | 6.921 | 35
178546 | 18 | 6.921 | 35
357092 | 19 | 6.921 | 35
714185 | 20 | 6.921 | 35
1428370 | 21 | 6.49946 | 22
2856740 | 22 | 0.512968 | 10
2856741 | 22 | 1.52377 | 12
5713483 | 23 | 1.52377 | 12
11426967 | 24 | 1.52377 | 12
22853935 | 25 | 1.52377 | 12
45707870 | 26 | 0 | 9
45707871 | 26 | 5.25956 | 3
1428371 | 21 | 6.58075 | 13
2856742 | 22 | 0.415511 | 1
2856743 | 22 | 6.57908 | 12
5713486 | 23 | 1.78888 | 6
5713487 | 23 | 1.22784 | 6
22319 | 15 | 7.03696 | 27
44639 | 16 | 7.03696 | 27
89279 | 17 | 7.03696 | 27
178559 | 18 | 7.03696 | 27
357119 | 19 | 7.03696 | 27
714238 | 20 | 7.03696 | 27
1428477 | 21 | 7.03696 | 27
2856955 | 22 | 7.03696 | 27
5713910 | 23 | 7.03696 | 27
11427821 | 24 | 7.03696 | 27
22855643 | 25 | 7.03696 | 27
45711286 | 26 | 7.03696 | 27
91422573 | 27 | 7.03696 | 27
182845147 | 28 | 7.03696 | 27
365690295 | 29 | 7.03696 | 27
731380590 | 30 | 7.03696 | 27
1462761180 | 31 | 1.76543 | 21
2925522360 | 32 | 1.76543 | 21
5851044721 | 33 | 1.76543 | 21
11702089443 | 34 | 1.76543 | 21
23404178886 | 35 | 1.76543 | 21
46808357772 | 36 | 1.76543 | 21
93616715545 | 37 | 1.76543 | 21
187233431091 | 38 | 1.76543 | 21
374466862182 | 39 | 4.5456 | 6
374466862183 | 39 | 1.39353 | 15
748933724367 | 40 | 1.39353 | 15
1497867448735 | 41 | 1.39353 | 15
2995734897470 | 42 | 1.39353 | 15
5991469794941 | 43 | 1.39353 | 15
11982939589882 | 44 | 1.39353 | 15
23965879179765 | 45 | 1.39353 | 15
47931758359530 | 46 | 1.39353 | 15
95863516719060 | 47 | 1.39353 | 15
191727033438120 | 48 | 0.150171 | 10
191727033438121 | 48 | 0.94676 | 5
1462761181 | 31 | 4.6613e-310 | 6
1395 | 11 | 11.5754 | 210
2791 | 12 | 11.5754 | 210
5582 | 13 | 11.5754 | 210
11165 | 14 | 11.5754 | 210
22331 | 15 | 11.5754 | 210
44663 | 16 | 11.5754 | 210
89327 | 17 | 11.5754 | 210
178654 | 18 | 10.8261 | 171
357308 | 19 | 8.27776 | 87
714617 | 20 | 8.27776 | 87
1429234 | 21 | 8.27776 | 87
2858468 | 22 | 8.27776 | 87
5716936 | 23 | 5.81659 | 16
11433873 | 24 | 5.81659 | 16
22867746 | 25 | 4.6613e-310 | 3
22867747 | 25 | 4.52144 | 13
45735495 | 26 | 4.52144 | 13
91470991 | 27 | 4.52144 | 13
182941982 | 28 | 4.52144 | 13
365883965 | 29 | 4.52144 | 13
731767931 | 30 | 4.52144 | 13
1463535862 | 31 | 4.52144 | 13
2927071725 | 32 | 4.52144 | 13
5854143450 | 33 | 4.52144 | 13
11708286901 | 34 | 4.52144 | 13
23416573802 | 35 | 4.52144 | 13
46833147605 | 36 | 4.52144 | 13
93666295210 | 37 | 4.52144 | 13
187332590420 | 38 | 4.52144 | 13
374665180840 | 39 | 0 | 1
374665180841 | 39 | 3.88621 | 12
749330361682 | 40 | 3.88621 | 12
1498660723365 | 41 | 3.88621 | 12
2997321446730 | 42 | 3.88621 | 12
5994642893460 | 43 | 3.88621 | 12
11989285786921 | 44 | 3.88621 | 12
23978571573843 | 45 | 3.88621 | 12
47957143147686 | 46 | 3.88621 | 12
95914286295372 | 47 | 3.88621 | 12
191828572590744 | 48 | 4.6613e-310 | 1
191828572590745 | 48 | 2.9772 | 11
383657145181491 | 49 | 2.9772 | 11
767314290362983 | 50 | 2.9772 | 11
1534628580725966 | 51 | 125.447 | 5
1534628580725967 | 51 | 4.6613e-310 | 6
5716937 | 23 | 6.52944 | 71
11433874 | 24 | 6.52944 | 71
22867749 | 25 | 6.52944 | 71
45735498 | 26 | 6.52944 | 71
91470997 | 27 | 6.52944 | 71
182941994 | 28 | 6.52944 | 71
365883989 | 29 | 6.52944 | 71
731767978 | 30 | 4.89742 | 27
1463535956 | 31 | 4.6613e-310 | 5
1463535957 | 31 | 4.38298 | 22
2927071915 | 32 | 4.38298 | 22
5854143830 | 33 | 4.38298 | 22
11708287661 | 34 | 4.38298 | 22
23416575322 | 35 | 3.20627 | 20
46833150645 | 36 | 3.20627 | 20
93666301290 | 37 | 3.20627 | 20
187332602581 | 38 | 3.20627 | 20
374665205162 | 39 | 3.20627 | 20
749330410324 | 40 | 3.20627 | 20
1498660820648 | 41 | 3.20627 | 20
2997321641296 | 42 | 3.20627 | 20
5994643282593 | 43 | 3.20627 | 20
11989286565187 | 44 | 3.20627 | 20
23978573130374 | 45 | 3.20627 | 20
47957146260749 | 46 | 3.20627 | 20
95914292521498 | 47 | 2.932 | 18
191828585042997 | 48 | 2.932 | 18
383657170085994 | 49 | 2.932 | 18
767314340171989 | 50 | 2.932 | 18
1534628680343978 | 51 | 0 | 9
1534628680343979 | 51 | 0.360871 | 9
95914292521499 | 47 | 4.6613e-310 | 2
23416575323 | 35 | 4.6613e-310 | 2
731767979 | 30 | 4.73916 | 44
1463535959 | 31 | 4.73916 | 44
2927071918 | 32 | 2.64462 | 20
5854143836 | 33 | 2.64462 | 20
11708287673 | 34 | 2.64462 | 20
23416575346 | 35 | 2.64462 | 20
46833150692 | 36 | 2.64462 | 20
93666301385 | 37 | 2.64462 | 20
187332602771 | 38 | 2.64462 | 20
374665205542 | 39 | 2.64462 | 20
749330411084 | 40 | 2.64462 | 20
1498660822168 | 41 | 2.64462 | 20
2997321644337 | 42 | 2.64462 | 20
5994643288674 | 43 | 2.64462 | 20
11989286577349 | 44 | 2.64462 | 20
23978573154698 | 45 | 2.64462 | 20
47957146309396 | 46 | 2.64462 | 20
95914292618792 | 47 | 2.64462 | 20
191828585237585 | 48 | 2.64462 | 20
383657170475170 | 49 | 2.64462 | 20
767314340950340 | 50 | 10.7119 | 10
767314340950341 | 50 | 0 | 10
2927071919 | 32 | 2.68125 | 24
5854143838 | 33 | 2.68125 | 24
11708287676 | 34 | 2.68125 | 24
23416575352 | 35 | 2.68125 | 24
46833150705 | 36 | 2.68125 | 24
93666301411 | 37 | 2.68125 | 24
187332602822 | 38 | 2.68125 | 24
374665205644 | 39 | 2.68125 | 24
749330411289 | 40 | 2.68125 | 24
1498660822578 | 41 | 2.68125 | 24
2997321645157 | 42 | 2.68125 | 24
5994643290314 | 43 | 2.68125 | 24
11989286580628 | 44 | 2.68125 | 24
23978573161256 | 45 | 2.68125 | 22
47957146322512 | 46 | 2.68125 | 22
95914292645025 | 47 | 2.68125 | 22
191828585290051 | 48 | 2.68125 | 22
383657170580102 | 49 | 2.68125 | 22
767314341160204 | 50 | 2.13095 | 19
1534628682320408 | 51 | 0.845423 | 1
1534628682320409 | 51 | 1.86483 | 18
3069257364640818 | 52 | 1.86483 | 18
6138514729281636 | 53 | 0.978276 | 9
6138514729281637 | 53 | 0 | 9
767314341160205 | 50 | 4.6613e-310 | 3
23978573161257 | 45 | 4.6613e-310 | 2
357309 | 19 | 8.18727 | 84
714618 | 20 | 8.18727 | 84
1429236 | 21 | 8.18727 | 84
2858473 | 22 | 8.18727 | 84
5716947 | 23 | 8.18727 | 84
11433894 | 24 | 8.18727 | 84
22867788 | 25 | 8.18727 | 84
45735576 | 26 | 8.18727 | 84
91471152 | 27 | 8.18727 | 84
182942304 | 28 | 8.18727 | 84
365884608 | 29 | 6.26052 | 29
731769216 | 30 | 6.26052 | 29
1463538433 | 31 | 6.26052 | 29
2927076867 | 32 | 6.26052 | 29
5854153734 | 33 | 6.26052 | 29
11708307469 | 34 | 6.26052 | 29
23416614939 | 35 | 6.26052 | 29
46833229878 | 36 | 6.26052 | 29
93666459756 | 37 | 6.26052 | 29
187332919512 | 38 | 6.26052 | 29
374665839024 | 39 | 6.26052 | 29
749331678048 | 40 | 6.26052 | 29
1498663356096 | 41 | 6.26052 | 29
2997326712193 | 42 | 6.26052 | 29
5994653424386 | 43 | 6.26052 | 29
11989306848772 | 44 | 6.26052 | 29
23978613697544 | 45 | 3.34218 | 17
47957227395088 | 46 | 3.34218 | 17
95914454790176 | 47 | 0.456548 | 10
95914454790177 | 47 | 1.63042e-322 | 7
23978613697545 | 45 | 4.35666 | 12
47957227395090 | 46 | 4.35666 | 12
95914454790180 | 47 | 4.6613e-310 | 3
95914454790181 | 47 | 4.6613e-310 | 9
365884609 | 29 | 5.80705 | 55
731769219 | 30 | 5.80705 | 55
1463538438 | 31 | 5.80705 | 55
2927076877 | 32 | 5.80705 | 55
5854153755 | 33 | 5.80705 | 55
11708307510 | 34 | 5.80705 | 55
23416615021 | 35 | 5.80705 | 55
46833230043 | 36 | 5.80705 | 55
93666460086 | 37 | 5.80705 | 55
187332920172 | 38 | 5.80705 | 55
374665840344 | 39 | 5.80705 | 55
749331680689 | 40 | 5.80705 | 55
1498663361378 | 41 | 5.80705 | 51
2997326722756 | 42 | 5.80705 | 51
5994653445512 | 43 | 5.80705 | 51
11989306891024 | 44 | 5.21055 | 14
23978613782049 | 45 | 5.21055 | 14
47957227564098 | 46 | 5.21055 | 14
95914455128197 | 47 | 5.21055 | 14
191828910256395 | 48 | 5.21055 | 14
383657820512790 | 49 | 5.21055 | 14
767315641025581 | 50 | 5.21055 | 14
1534631282051162 | 51 | 5.21055 | 14
3069262564102325 | 52 | 5.21055 | 14
6138525128204651 | 53 | 5.21055 | 14
12277050256409302 | 54 | 5.21055 | 14
24554100512818605 | 55 | 5.21055 | 14
49108201025637210 | 56 | 5.21055 | 14
98216402051274421 | 57 | 5.21055 | 14
196432804102548842 | 58 | 5.21055 | 14
392865608205097684 | 59 | 5.21055 | 14
785731216410195368 | 60 | 5.21055 | 14
1571462432820390737 | 61 | 5.21055 | 14
3142924865640781474 | 62 | 5.21055 | 14
6285849731281562949 | 63 | 5.21055 | 14
-5875044611146425717 | 64 | 5.21055 | 14
6696654851416700182 | 65 | 6.37345e-322 | 10
6696654851416700183 | 65 | 6.37345e-322 | 4
11989306891025 | 44 | 5.80705 | 37
23978613782051 | 45 | 5.80705 | 37
47957227564103 | 46 | 5.80705 | 37
95914455128207 | 47 | 5.80705 | 37
191828910256415 | 48 | 5.80705 | 37
383657820512831 | 49 | 5.80705 | 37
767315641025662 | 50 | 5.80705 | 37
1534631282051324 | 51 | 4.95321 | 34
3069262564102648 | 52 | 4.95321 | 34
6138525128205297 | 53 | 4.95321 | 34
12277050256410595 | 54 | 4.95321 | 34
24554100512821190 | 55 | 4.95321 | 34
49108201025642381 | 56 | 4.95321 | 34
98216402051284763 | 57 | 4.95321 | 34
196432804102569527 | 58 | 4.95321 | 34
392865608205139054 | 59 | 4.95321 | 34
785731216410278109 | 60 | 4.95321 | 34
1571462432820556219 | 61 | 4.95321 | 34
3142924865641112438 | 62 | 4.95321 | 34
6285849731282224876 | 63 | 4.95321 | 34
-5875044611145101864 | 64 | 4.95321 | 34
6696654851419347889 | 65 | 4.95321 | 34
-5053434370870855838 | 66 | 4.95321 | 34
8339875331967839941 | 67 | 4.95321 | 34
-1766993409773871733 | 68 | 4.95321 | 34
-3533986819547743466 | 69 | 2.36073 | 15
-7067973639095486931 | 70 | 2.36073 | 15
4310796795518577755 | 71 | 2.36073 | 15
8621593591037155511 | 72 | 2.36073 | 15
-1203556891635240593 | 73 | 2.36073 | 15
-2407113783270481185 | 74 | 2.36073 | 15
-4814227566540962370 | 75 | 2.2095 | 12
8818288940627626877 | 76 | 2.2095 | 12
-810166192454297862 | 77 | 2.2095 | 12
-1620332384908595724 | 78 | 2.2095 | 12
-3240664769817191447 | 79 | 2.2095 | 12
-6481329539634382894 | 80 | 2.2095 | 12
5484084994440785828 | 81 | 2.2095 | 12
-7478574084827979960 | 82 | 2.2095 | 12
3489595904053591696 | 83 | 2.2095 | 12
6979191808107183393 | 84 | 2.2095 | 12
-4488360457495184829 | 85 | 2.2095 | 12
-8976720914990369658 | 86 | 2.2095 | 12
493302243728812301 | 87 | 2.2095 | 12
986604487457624603 | 88 | 2.2095 | 12
1973208974915249206 | 89 | 2.2095 | 12
3946417949830498412 | 90 | 2.2095 | 12
7892835899660996824 | 91 | 2.2095 | 12
-2661072274387557968 | 92 | 2.2095 | 12
-5322144548775115936 | 93 | 2.2095 | 12
7802454976159319744 | 94 | 6.39964 | 7
7802454976159319745 | 94 | 6.53484 | 5
-4814227566540962369 | 75 | 4.6613e-310 | 3
-3533986819547743465 | 69 | 2.58033 | 19
-7067973639095486930 | 70 | 2.58033 | 19
4310796795518577756 | 71 | 2.58033 | 19
8621593591037155513 | 72 | 2.58033 | 19
-1203556891635240590 | 73 | 2.58033 | 19
-2407113783270481179 | 74 | 2.58033 | 19
-4814227566540962358 | 75 | 2.58033 | 19
8818288940627626901 | 76 | 2.58033 | 19
-810166192454297813 | 77 | 2.58033 | 19
-1620332384908595626 | 78 | 2.58033 | 19
-3240664769817191251 | 79 | 2.58033 | 19
-6481329539634382502 | 80 | 2.58033 | 19
5484084994440786613 | 81 | 2.58033 | 19
-7478574084827978390 | 82 | 2.58033 | 19
3489595904053594836 | 83 | 4.6613e-310 | 4
3489595904053594837 | 83 | 2.35518 | 15
6979191808107189675 | 84 | 2.35518 | 15
-4488360457495172266 | 85 | 2.35518 | 15
-8976720914990344531 | 86 | 2.35518 | 15
493302243728862555 | 87 | 2.35518 | 15
986604487457725110 | 88 | 2.35518 | 15
1973208974915450220 | 89 | 2.35518 | 15
3946417949830900441 | 90 | 2.35518 | 15
7892835899661800882 | 91 | 2.35518 | 15
-2661072274385949852 | 92 | 1.9803 | 11
-5322144548771899703 | 93 | 1.9803 | 11
7802454976165752211 | 94 | 1.9803 | 11
-2841834121378047193 | 95 | 1.9803 | 11
-5683668242756094385 | 96 | 1.9803 | 11
7079407588197362847 | 97 | 1.9803 | 11
-4287928897314825921 | 98 | 1.9803 | 11
-8575857794629651842 | 99 | 1.9803 | 11
1295028484450247932 | 100 | 1.9803 | 11
2590056968900495864 | 101 | 1.9803 | 11
5180113937800991728 | 102 | 2.92654 | 6
5180113937800991729 | 102 | 12.4325 | 5
-2661072274385949851 | 92 | 4.6613e-310 | 4
1534631282051325 | 51 | 4.6613e-310 | 3
1498663361379 | 41 | 4.6613e-310 | 4
178655 | 18 | 10.0753 | 39
357310 | 19 | 10.0753 | 39
714620 | 20 | 10.0753 | 39
1429240 | 21 | 10.0753 | 39
2858480 | 22 | 7.42049 | 22
5716960 | 23 | 7.42049 | 22
11433920 | 24 | 7.42049 | 22
22867841 | 25 | 7.42049 | 22
45735682 | 26 | 7.42049 | 22
91471364 | 27 | 7.42049 | 22
182942728 | 28 | 7.42049 | 22
365885456 | 29 | 4.6613e-310 | 6
365885457 | 29 | 4.99552 | 16
731770915 | 30 | 4.99552 | 16
1463541831 | 31 | 4.99552 | 16
2927083663 | 32 | 4.99552 | 16
5854167327 | 33 | 4.99552 | 16
11708334655 | 34 | 4.99552 | 16
23416669311 | 35 | 4.99552 | 16
46833338623 | 36 | 4.99552 | 16
93666677247 | 37 | 4.99552 | 16
187333354495 | 38 | 4.99552 | 16
374666708990 | 39 | 4.99552 | 16
749333417980 | 40 | 4.99552 | 16
1498666835960 | 41 | 2.94295 | 15
2997333671921 | 42 | 2.94295 | 15
5994667343842 | 43 | 2.94295 | 15
11989334687684 | 44 | 2.94295 | 15
23978669375369 | 45 | 2.94295 | 15
47957338750739 | 46 | 2.94295 | 15
95914677501478 | 47 | 1.00182 | 6
95914677501479 | 47 | 2.28351 | 9
1498666835961 | 41 | 4.6613e-310 | 1
2858481 | 22 | 5.69569 | 17
5716962 | 23 | 5.69569 | 17
11433924 | 24 | 5.69569 | 17
22867849 | 25 | 5.69569 | 17
45735698 | 26 | 4.6613e-310 | 7
45735699 | 26 | 4.6613e-310 | 10
349 | 9 | 14.2366 | 286
698 | 10 | 11.5667 | 183
1396 | 11 | 11.5667 | 183
2793 | 12 | 11.5667 | 183
5587 | 13 | 11.5667 | 183
11175 | 14 | 11.5667 | 183
22351 | 15 | 11.5667 | 183
44703 | 16 | 11.5667 | 183
89407 | 17 | 11.5667 | 183
178814 | 18 | 8.46591 | 104
357629 | 19 | 8.46591 | 104
715259 | 20 | 8.46591 | 104
1430518 | 21 | 8.46591 | 104
2861037 | 22 | 8.46591 | 104
5722074 | 23 | 2.45975 | 18
11444149 | 24 | 2.45975 | 18
22888298 | 25 | 2.45975 | 18
45776596 | 26 | 2.45975 | 18
91553192 | 27 | 4.6613e-310 | 1
91553193 | 27 | 1.94461 | 17
183106386 | 28 | 4.6613e-310 | 3
183106387 | 28 | 1.58159 | 14
366212775 | 29 | 1.58159 | 14
732425551 | 30 | 1.58159 | 14
1464851102 | 31 | 0.229669 | 6
1464851103 | 31 | 0.349387 | 8
5722075 | 23 | 7.82027 | 86
11444151 | 24 | 7.82027 | 86
22888302 | 25 | 7.82027 | 86
45776604 | 26 | 4.51946 | 37
91553209 | 27 | 4.51946 | 37
183106419 | 28 | 4.51946 | 37
366212839 | 29 | 4.51946 | 37
732425679 | 30 | 4.51946 | 37
1464851358 | 31 | 4.51946 | 37
2929702716 | 32 | 4.51946 | 37
5859405432 | 33 | 4.51946 | 37
11718810864 | 34 | 4.4214 | 27
23437621728 | 35 | 4.4214 | 27
46875243457 | 36 | 4.4214 | 27
93750486914 | 37 | 4.4214 | 27
187500973829 | 38 | 4.4214 | 27
375001947659 | 39 | 4.4214 | 27
750003895318 | 40 | 4.4214 | 27
1500007790636 | 41 | 3.59161 | 24
3000015581273 | 42 | 3.59161 | 24
6000031162546 | 43 | 3.59161 | 24
12000062325092 | 44 | 2.31243 | 16
24000124650184 | 45 | 2.31243 | 16
48000249300369 | 46 | 2.31243 | 16
96000498600738 | 47 | 2.31243 | 16
192000997201476 | 48 | 0.209322 | 6
192000997201477 | 48 | 0 | 10
12000062325093 | 44 | 4.6613e-310 | 8
1500007790637 | 41 | 4.6613e-310 | 3
11718810865 | 34 | 4.6613e-310 | 10
45776605 | 26 | 3.67988 | 49
91553211 | 27 | 3.67988 | 49
183106423 | 28 | 3.67988 | 49
366212846 | 29 | 3.67988 | 49
732425692 | 30 | 4.6613e-310 | 6
732425693 | 30 | 3.67988 | 43
1464851387 | 31 | 3.67988 | 43
2929702775 | 32 | 3.67988 | 43
5859405550 | 33 | 3.45753 | 15
11718811100 | 34 | 3.45753 | 15
23437622200 | 35 | 3.45753 | 15
46875244400 | 36 | 3.45753 | 15
93750488801 | 37 | 3.45753 | 15
187500977603 | 38 | 3.45753 | 15
375001955207 | 39 | 3.45753 | 15
750003910414 | 40 | 3.45753 | 15
1500007820828 | 41 | 3.45753 | 15
3000015641657 | 42 | 3.45753 | 15
6000031283315 | 43 | 3.45753 | 15
12000062566630 | 44 | 3.45753 | 15
24000125133261 | 45 | 3.45753 | 15
48000250266523 | 46 | 3.45753 | 15
96000500533046 | 47 | 3.45753 | 15
192001001066092 | 48 | 3.45753 | 15
384002002132184 | 49 | 3.45753 | 15
768004004264368 | 50 | 5.82021 | 9
768004004264369 | 50 | 0.266014 | 6
5859405551 | 33 | 3.3598 | 28
11718811103 | 34 | 3.3598 | 28
23437622206 | 35 | 3.3598 | 28
46875244413 | 36 | 3.3598 | 28
93750488826 | 37 | 3.3598 | 28
187500977653 | 38 | 3.3598 | 28
375001955306 | 39 | 3.3598 | 28
750003910613 | 40 | 3.3598 | 28
1500007821227 | 41 | 3.3598 | 28
3000015642454 | 42 | 3.3598 | 28
6000031284909 | 43 | 3.3598 | 28
12000062569818 | 44 | 2.2013 | 26
24000125139636 | 45 | 2.2013 | 26
48000250279272 | 46 | 2.2013 | 26
96000500558545 | 47 | 2.2013 | 26
192001001117090 | 48 | 2.2013 | 26
384002002234180 | 49 | 1.98423 | 15
768004004468360 | 50 | 1.98423 | 15
1536008008936720 | 51 | 1.98423 | 15
3072016017873440 | 52 | 1.98423 | 15
6144032035746881 | 53 | 1.98423 | 15
12288064071493762 | 54 | 1.98423 | 15
24576128142987525 | 55 | 1.98423 | 15
49152256285975051 | 56 | 1.98423 | 15
98304512571950102 | 57 | 1.98423 | 15
196609025143900205 | 58 | 1.98423 | 15
393218050287800410 | 59 | 1.98423 | 15
786436100575600820 | 60 | 1.98423 | 15
1572872201151201641 | 61 | 1.98423 | 15
3145744402302403282 | 62 | 0.367577 | 3
3145744402302403283 | 62 | 1.62796 | 12
6291488804604806566 | 63 | 1.62796 | 12
-5863766464499938484 | 64 | 1.62796 | 12
6719211144709674648 | 65 | 0.0704184 | 9
6719211144709674649 | 65 | 3.21143e-322 | 3
384002002234181 | 49 | 1.8862 | 11
768004004468362 | 50 | 1.8862 | 11
1536008008936724 | 51 | 1.8862 | 11
3072016017873448 | 52 | 1.8862 | 11
6144032035746896 | 53 | 1.8862 | 11
12288064071493793 | 54 | 1.8862 | 11
24576128142987586 | 55 | 1.8862 | 11
49152256285975172 | 56 | 1.8862 | 11
98304512571950345 | 57 | 1.8862 | 11
196609025143900691 | 58 | 1.8862 | 11
393218050287801382 | 59 | 5.3693 | 9
393218050287801383 | 59 | 2.55066 | 2
12000062569819 | 44 | 4.6613e-310 | 2
178815 | 18 | 9.61201 | 79
357630 | 19 | 9.61201 | 79
715260 | 20 | 9.61201 | 79
1430520 | 21 | 9.61201 | 79
2861040 | 22 | 9.61201 | 79
5722080 | 23 | 5.68924 | 31
11444160 | 24 | 5.68924 | 31
22888320 | 25 | 4.6613e-310 | 6
22888321 | 25 | 4.29723 | 25
45776643 | 26 | 4.29723 | 25
91553286 | 27 | 4.29723 | 25
183106572 | 28 | 4.29723 | 25
366213144 | 29 | 4.21041 | 11
732426289 | 30 | 4.21041 | 11
1464852578 | 31 | 4.21041 | 11
2929705156 | 32 | 4.21041 | 11
5859410312 | 33 | 4.21041 | 11
11718820624 | 34 | 4.21041 | 11
23437641248 | 35 | 4.21041 | 11
46875282497 | 36 | 4.21041 | 11
93750564994 | 37 | 4.21041 | 11
187501129989 | 38 | 4.21041 | 11
375002259978 | 39 | 4.21041 | 11
750004519957 | 40 | 4.21041 | 11
1500009039915 | 41 | 4.21041 | 11
3000018079830 | 42 | 4.6613e-310 | 4
3000018079831 | 42 | 0.123935 | 7
366213145 | 29 | 3.97938 | 14
732426291 | 30 | 3.97938 | 14
1464852582 | 31 | 4.6613e-310 | 10
1464852583 | 31 | 4.6613e-310 | 4
5722081 | 23 | 6.58499 | 48
11444162 | 24 | 4.6613e-310 | 8
11444163 | 24 | 5.12218 | 40
22888327 | 25 | 5.12218 | 40
45776654 | 26 | 5.12218 | 40
91553308 | 27 | 5.12218 | 40
183106616 | 28 | 5.12218 | 40
366213232 | 29 | 5.12218 | 40
732426464 | 30 | 5.12218 | 40
1464852929 | 31 | 5.12218 | 40
2929705859 | 32 | 5.12218 | 40
5859411719 | 33 | 5.12218 | 40
11718823438 | 34 | 5.12218 | 40
23437646876 | 35 | 5.12218 | 40
46875293753 | 36 | 5.12218 | 40
93750587506 | 37 | 5.12218 | 40
187501175012 | 38 | 5.12218 | 40
375002350024 | 39 | 5.12218 | 40
750004700048 | 40 | 5.12218 | 40
1500009400096 | 41 | 4.91016 | 37
3000018800192 | 42 | 2.69628 | 19
6000037600384 | 43 | 2.69628 | 19
12000075200768 | 44 | 6.95061e-310 | 2
12000075200769 | 44 | 2.69628 | 17
24000150401539 | 45 | 2.69628 | 17
48000300803079 | 46 | 2.69628 | 17
96000601606159 | 47 | 2.69628 | 17
192001203212318 | 48 | 2.69628 | 17
384002406424637 | 49 | 2.69628 | 17
768004812849275 | 50 | 2.69628 | 17
1536009625698550 | 51 | 2.69628 | 17
3072019251397100 | 52 | 2.44123 | 9
3072019251397101 | 52 | 0.198221 | 8
3000018800193 | 42 | 2.81964 | 18
6000037600386 | 43 | 4.6613e-310 | 4
6000037600387 | 43 | 2.81964 | 14
12000075200774 | 44 | 2.27502 | 11
24000150401548 | 45 | 2.27502 | 11
48000300803096 | 46 | 4.6613e-310 | 6
48000300803097 | 46 | 1.54583 | 5
12000075200775 | 44 | 4.6613e-310 | 3
1500009400097 | 41 | 4.6613e-310 | 3
699 | 10 | 8.87622 | 103
1398 | 11 | 4.6613e-310 | 1
1399 | 11 | 8.87622 | 102
2798 | 12 | 8.87622 | 102
5597 | 13 | 8.87622 | 102
11195 | 14 | 8.87622 | 102
22390 | 15 | 4.6613e-310 | 7
22391 | 15 | 8.64604 | 95
44782 | 16 | 7.23189 | 41
89564 | 17 | 3.76674 | 17
179128 | 18 | 3.76674 | 17
358256 | 19 | 4.6613e-310 | 3
358257 | 19 | 3.76674 | 14
716515 | 20 | 3.76674 | 14
1433030 | 21 | 3.76674 | 14
2866061 | 22 | 3.76674 | 14
5732122 | 23 | 3.76674 | 14
11464244 | 24 | 3.76674 | 14
22928489 | 25 | 3.76674 | 14
45856978 | 26 | 3.21143e-322 | 9
45856979 | 26 | 0.0814259 | 5
89565 | 17 | 3.66778 | 24
179131 | 18 | 3.66778 | 24
358263 | 19 | 3.66778 | 24
716526 | 20 | 3.66778 | 24
1433052 | 21 | 2.59487 | 14
2866105 | 22 | 2.59487 | 14
5732210 | 23 | 2.59487 | 14
11464421 | 24 | 2.59487 | 14
22928843 | 25 | 2.59487 | 14
45857687 | 26 | 2.59487 | 14
91715375 | 27 | 2.59487 | 14
183430750 | 28 | 2.59487 | 14
366861500 | 29 | 2.59487 | 14
733723000 | 30 | 2.59487 | 14
1467446000 | 31 | 2.59487 | 14
2934892001 | 32 | 2.59487 | 14
5869784003 | 33 | 2.59487 | 14
11739568006 | 34 | 7.95446e-322 | 7
11739568007 | 34 | 11.5879 | 7
1433053 | 21 | 4.6613e-310 | 10
44783 | 16 | 8.2023 | 54
89567 | 17 | 8.2023 | 54
179135 | 18 | 8.2023 | 54
358270 | 19 | 8.2023 | 54
716540 | 20 | 8.2023 | 54
1433080 | 21 | 8.2023 | 54
2866160 | 22 | 8.2023 | 54
5732321 | 23 | 8.2023 | 54
11464642 | 24 | 8.2023 | 54
22929285 | 25 | 8.2023 | 54
45858570 | 26 | 6.96054 | 51
91717140 | 27 | 6.96054 | 51
183434281 | 28 | 6.96054 | 51
366868562 | 29 | 6.96054 | 51
733737124 | 30 | 6.3753 | 20
1467474249 | 31 | 6.3753 | 20
2934948499 | 32 | 6.3753 | 20
5869896999 | 33 | 6.3753 | 20
11739793998 | 34 | 6.3753 | 20
23479587996 | 35 | 0 | 1
23479587997 | 35 | 5.82152 | 19
46959175995 | 36 | 5.82152 | 19
93918351991 | 37 | 5.82152 | 19
187836703982 | 38 | 5.82152 | 19
375673407964 | 39 | 5.82152 | 19
751346815929 | 40 | 5.82152 | 19
1502693631858 | 41 | 4.6613e-310 | 8
1502693631859 | 41 | 2.07499 | 11
3005387263719 | 42 | 2.07499 | 11
6010774527439 | 43 | 2.07499 | 11
12021549054879 | 44 | 2.07499 | 11
24043098109759 | 45 | 2.07499 | 11
48086196219518 | 46 | 2.07499 | 11
96172392439036 | 47 | 2.07499 | 11
192344784878072 | 48 | 2.07499 | 11
384689569756144 | 49 | 2.07499 | 11
769379139512288 | 50 | 2.07499 | 11
1538758279024576 | 51 | 24.3277 | 8
1538758279024577 | 51 | 32.5628 | 3
733737125 | 30 | 6.86175 | 31
1467474250 | 31 | 6.86175 | 31
2934948501 | 32 | 6.86175 | 31
5869897002 | 33 | 6.86175 | 31
11739794004 | 34 | 6.86175 | 31
23479588008 | 35 | 6.86175 | 31
46959176017 | 36 | 6.86175 | 31
93918352034 | 37 | 6.86175 | 31
187836704068 | 38 | 6.86175 | 31
375673408137 | 39 | 6.86175 | 31
751346816275 | 40 | 6.86175 | 31
1502693632551 | 41 | 6.86175 | 31
3005387265103 | 42 | 6.86175 | 31
6010774530206 | 43 | 6.86175 | 31
12021549060412 | 44 | 6.86175 | 31
24043098120824 | 45 | 6.86175 | 31
48086196241648 | 46 | 6.86175 | 31
96172392483297 | 47 | 6.86175 | 31
192344784966595 | 48 | 6.86175 | 31
384689569933191 | 49 | 6.86175 | 31
769379139866382 | 50 | 3.54834 | 14
1538758279732764 | 51 | 3.54834 | 14
3077516559465528 | 52 | 3.54834 | 14
6155033118931056 | 53 | 3.54834 | 14
12310066237862112 | 54 | 3.54834 | 14
24620132475724224 | 55 | 3.54834 | 14
49240264951448448 | 56 | 12.3143 | 4
49240264951448449 | 56 | 4.56202 | 10
769379139866383 | 50 | 3.04773 | 17
1538758279732766 | 51 | 3.04773 | 17
3077516559465532 | 52 | 3.04773 | 17
6155033118931064 | 53 | 0 | 3
6155033118931065 | 53 | 2.41924 | 14
12310066237862131 | 54 | 2.41924 | 14
24620132475724263 | 55 | 2.41924 | 14
49240264951448527 | 56 | 2.41924 | 14
98480529902897054 | 57 | 2.41924 | 13
196961059805794108 | 58 | 2.41924 | 13
393922119611588216 | 59 | 2.41924 | 13
787844239223176433 | 60 | 2.41924 | 13
1575688478446352867 | 61 | 2.41924 | 13
3151376956892705734 | 62 | 36.8537 | 4
3151376956892705735 | 62 | 6.04034 | 9
98480529902897055 | 57 | 4.6613e-310 | 1
45858571 | 26 | 4.6613e-310 | 3
