ID | Depth | diameter | Number of points
0 | 0 | 29.316 | 1600
0 | 1 | 25.6489 | 294
0 | 2 | 25.6489 | 294
0 | 3 | 9.16931 | 35
1 | 4 | 9.16931 | 35
2 | 5 | 7.21261 | 23
4 | 6 | 6.95061e-310 | 10
5 | 6 | 6.04452 | 13
11 | 7 | 6.04452 | 13
22 | 8 | 6.04452 | 13
44 | 9 | 6.04452 | 13
89 | 10 | 6.04452 | 13
179 | 11 | 6.04452 | 13
358 | 12 | 6.04452 | 13
717 | 13 | 6.04452 | 13
1434 | 14 | 6.04452 | 13
2868 | 15 | 5.47519 | 11
5736 | 16 | 5.47519 | 11
11473 | 17 | 5.47519 | 11
22946 | 18 | 5.47519 | 11
45893 | 19 | 5.47519 | 11
91787 | 20 | 5.47519 | 11
183574 | 21 | 5.47519 | 11
367148 | 22 | 5.47519 | 11
734297 | 23 | 5.47519 | 11
1468594 | 24 | 5.47519 | 11
2937188 | 25 | 5.47519 | 11
5874376 | 26 | 5.47519 | 11
11748752 | 27 | 5.47519 | 11
23497504 | 28 | 5.47519 | 11
46995009 | 29 | 5.47519 | 11
93990018 | 30 | 5.47519 | 11
187980037 | 31 | 5.47519 | 11
375960074 | 32 | 4.6613e-310 | 7
375960075 | 32 | 10.4826 | 4
2869 | 15 | 4.6613e-310 | 2
3 | 5 | 5.07589 | 12
6 | 6 | 2.74049 | 9
7 | 6 | 6.95061e-310 | 3
1 | 3 | 22.6207 | 259
2 | 4 | 22.6207 | 259
4 | 5 | 22.6207 | 259
9 | 6 | 22.6207 | 259
19 | 7 | 22.6207 | 259
38 | 8 | 22.6207 | 259
76 | 9 | 22.6207 | 259
152 | 10 | 22.6207 | 259
304 | 11 | 22.6207 | 259
609 | 12 | 22.6207 | 259
1218 | 13 | 17.1269 | 46
2437 | 14 | 17.1269 | 46
4875 | 15 | 17.1269 | 46
9751 | 16 | 17.1269 | 46
19503 | 17 | 17.1269 | 46
39007 | 18 | 17.1269 | 46
78014 | 19 | 17.1269 | 46
156029 | 20 | 17.1269 | 46
312058 | 21 | 4.6613e-310 | 8
312059 | 21 | 15.979 | 38
624118 | 22 | 15.979 | 38
1248236 | 23 | 15.979 | 38
2496472 | 24 | 13.1076 | 35
4992944 | 25 | 13.1076 | 35
9985888 | 26 | 13.1076 | 35
19971777 | 27 | 13.1076 | 35
39943554 | 28 | 1.63042e-322 | 6
39943555 | 28 | 7.46655 | 29
79887110 | 29 | 5.48377 | 13
159774220 | 30 | 1.63042e-322 | 9
159774221 | 30 | 1.58101e-322 | 4
79887111 | 29 | 5.59233 | 16
159774223 | 30 | 5.59233 | 16
319548446 | 31 | 5.59233 | 16
639096893 | 32 | 5.59233 | 16
1278193786 | 33 | 5.59233 | 16
2556387573 | 34 | 5.59233 | 16
5112775146 | 35 | 5.59233 | 16
10225550292 | 36 | 5.59233 | 16
20451100585 | 37 | 5.59233 | 16
40902201170 | 38 | 5.59233 | 16
81804402340 | 39 | 5.59233 | 16
163608804681 | 40 | 5.59233 | 16
327217609362 | 41 | 5.59233 | 16
654435218725 | 42 | 5.59233 | 16
1308870437450 | 43 | 1.63042e-322 | 10
1308870437451 | 43 | 1.63042e-322 | 6
2496473 | 24 | 1.63042e-322 | 3
1219 | 13 | 22.6207 | 213
2439 | 14 | 22.6207 | 213
4879 | 15 | 22.6207 | 213
9758 | 16 | 21.1286 | 127
19517 | 17 | 21.1286 | 127
39035 | 18 | 21.1286 | 127
78070 | 19 | 21.0705 | 77
156140 | 20 | 20.0263 | 43
312280 | 21 | 12.9543 | 38
624561 | 22 | 12.9543 | 38
1249122 | 23 | 12.8726 | 28
2498245 | 24 | 12.8726 | 28
4996491 | 25 | 12.8726 | 28
9992983 | 26 | 12.8726 | 28
19985966 | 27 | 12.8726 | 28
39971932 | 28 | 12.8726 | 28
79943864 | 29 | 12.8726 | 28
159887729 | 30 | 12.8726 | 28
319775458 | 31 | 12.8726 | 28
639550917 | 32 | 12.8726 | 28
1279101834 | 33 | 1.63042e-322 | 4
1279101835 | 33 | 11.8486 | 24
2558203670 | 34 | 11.8486 | 24
5116407341 | 35 | 11.8486 | 24
10232814683 | 36 | 11.8486 | 24
20465629366 | 37 | 11.8486 | 24
40931258732 | 38 | 11.8486 | 24
81862517464 | 39 | 11.8486 | 24
163725034928 | 40 | 11.8486 | 24
327450069856 | 41 | 11.8486 | 24
654900139712 | 42 | 11.8486 | 24
1309800279424 | 43 | 11.8486 | 24
2619600558849 | 44 | 11.8486 | 24
5239201117698 | 45 | 11.8486 | 24
10478402235396 | 46 | 11.8486 | 24
20956804470792 | 47 | 11.8486 | 24
41913608941585 | 48 | 11.8486 | 24
83827217883170 | 49 | 11.8486 | 24
167654435766341 | 50 | 11.8486 | 24
335308871532682 | 51 | 11.8486 | 24
670617743065365 | 52 | 11.8486 | 24
1341235486130730 | 53 | 11.8486 | 24
2682470972261461 | 54 | 11.8486 | 24
5364941944522923 | 55 | 11.8486 | 24
10729883889045846 | 56 | 11.8486 | 24
21459767778091692 | 57 | 1.58101e-322 | 3
21459767778091693 | 57 | 3.85689 | 21
42919535556183386 | 58 | 3.85689 | 21
85839071112366772 | 59 | 3.76318 | 13
171678142224733544 | 60 | 3.76318 | 13
343356284449467089 | 61 | 3.76318 | 13
686712568898934178 | 62 | 1.58101e-322 | 6
686712568898934179 | 62 | 1.63042e-322 | 7
85839071112366773 | 59 | 1.58101e-322 | 8
1249123 | 23 | 1.58101e-322 | 10
312281 | 21 | 1.58101e-322 | 5
156141 | 20 | 18.952 | 34
312283 | 21 | 18.952 | 34
624567 | 22 | 18.952 | 34
1249135 | 23 | 18.952 | 34
2498270 | 24 | 12.1248 | 30
4996540 | 25 | 1.58101e-322 | 8
4996541 | 25 | 3.10253 | 22
9993082 | 26 | 3.10253 | 22
19986165 | 27 | 3.10253 | 22
39972330 | 28 | 1.63042e-322 | 6
39972331 | 28 | 3.07656 | 16
79944662 | 29 | 2.56628 | 12
159889324 | 30 | 2.56628 | 12
319778649 | 31 | 2.56628 | 12
639557299 | 32 | 2.56628 | 12
1279114599 | 33 | 2.56628 | 12
2558229199 | 34 | 2.56628 | 12
5116458398 | 35 | 2.56628 | 12
10232916796 | 36 | 2.56628 | 12
20465833593 | 37 | 2.56628 | 12
40931667187 | 38 | 2.56628 | 12
81863334375 | 39 | 2.56628 | 12
163726668750 | 40 | 2.56628 | 12
327453337500 | 41 | 1.58101e-322 | 5
327453337501 | 41 | 1.58101e-322 | 7
79944663 | 29 | 1.63042e-322 | 4
2498271 | 24 | 1.58101e-322 | 4
78071 | 19 | 11.3448 | 50
156142 | 20 | 11.3448 | 50
312284 | 21 | 11.3448 | 50
624568 | 22 | 11.3448 | 50
1249136 | 23 | 11.3448 | 50
2498273 | 24 | 11.3448 | 50
4996546 | 25 | 11.3448 | 50
9993093 | 26 | 11.3448 | 50
19986186 | 27 | 11.3448 | 50
39972372 | 28 | 11.3448 | 50
79944744 | 29 | 11.3448 | 50
159889489 | 30 | 11.3448 | 50
319778979 | 31 | 11.3448 | 50
639557959 | 32 | 11.3448 | 50
1279115918 | 33 | 9.17947 | 45
2558231836 | 34 | 9.17947 | 45
5116463673 | 35 | 9.17947 | 45
10232927346 | 36 | 9.17947 | 45
20465854693 | 37 | 9.17947 | 45
40931709386 | 38 | 8.52707 | 43
81863418772 | 39 | 8.52707 | 43
163726837545 | 40 | 8.52707 | 43
327453675090 | 41 | 8.52707 | 43
654907350181 | 42 | 8.52707 | 43
1309814700363 | 43 | 8.52707 | 43
2619629400727 | 44 | 8.52707 | 43
5239258801455 | 45 | 8.52707 | 43
10478517602910 | 46 | 8.52707 | 40
20957035205820 | 47 | 7.12425 | 35
41914070411641 | 48 | 7.12425 | 35
83828140823283 | 49 | 7.12425 | 35
167656281646567 | 50 | 7.12425 | 35
335312563293135 | 51 | 7.12425 | 35
670625126586271 | 52 | 7.12425 | 35
1341250253172542 | 53 | 7.12425 | 35
2682500506345084 | 54 | 7.12425 | 35
5365001012690169 | 55 | 7.12425 | 35
10730002025380338 | 56 | 7.12425 | 35
21460004050760677 | 57 | 7.12425 | 35
42920008101521355 | 58 | 7.12425 | 35
85840016203042710 | 59 | 4.32476 | 20
171680032406085420 | 60 | 4.32476 | 20
343360064812170841 | 61 | 4.32476 | 20
686720129624341682 | 62 | 4.32476 | 20
1373440259248683364 | 63 | 4.32476 | 20
2746880518497366728 | 64 | 4.32476 | 20
5493761036994733456 | 65 | 4.6613e-310 | 1
5493761036994733457 | 65 | 3.19862 | 19
-7459221999720084701 | 66 | 3.19862 | 19
3528300074269382214 | 67 | 3.19862 | 19
7056600148538764428 | 68 | 1.83468 | 14
-4333543776632022760 | 69 | 1.83468 | 14
-8667087553264045520 | 70 | 1.83468 | 14
1112568967181460576 | 71 | 1.83468 | 14
2225137934362921153 | 72 | 1.83468 | 14
4450275868725842306 | 73 | 1.83468 | 14
8900551737451684613 | 74 | 1.83468 | 14
-645640598806182390 | 75 | 1.46899 | 11
-1291281197612364780 | 76 | 1.46899 | 11
-2582562395224729560 | 77 | 1.46899 | 11
-5165124790449459119 | 78 | 1.46899 | 11
8116494492810633379 | 79 | 1.46899 | 11
-2213755088088284857 | 80 | 1.46899 | 11
-4427510176176569713 | 81 | 1.46899 | 11
-8855020352353139425 | 82 | 1.46899 | 11
736703369003272767 | 83 | 1.46899 | 11
1473406738006545535 | 84 | 1.46899 | 11
2946813476013091071 | 85 | 1.46899 | 11
5893626952026182142 | 86 | 4.6613e-310 | 2
5893626952026182143 | 86 | 4.6613e-310 | 9
-645640598806182389 | 75 | 4.6613e-310 | 3
7056600148538764429 | 68 | 4.6613e-310 | 5
85840016203042711 | 59 | 1.85919 | 15
171680032406085422 | 60 | 1.85919 | 15
343360064812170845 | 61 | 1.85919 | 15
686720129624341690 | 62 | 1.85919 | 15
1373440259248683381 | 63 | 1.85919 | 15
2746880518497366763 | 64 | 1.85919 | 15
5493761036994733526 | 65 | 1.85919 | 15
-7459221999720084563 | 66 | 1.85919 | 15
3528300074269382491 | 67 | 1.85919 | 15
7056600148538764982 | 68 | 1.85919 | 15
-4333543776632021652 | 69 | 2.37152e-322 | 3
-4333543776632021651 | 69 | 1.70633 | 12
-8667087553264043301 | 70 | 1.70633 | 12
1112568967181465014 | 71 | 1.70633 | 12
2225137934362930029 | 72 | 1.70633 | 12
4450275868725860058 | 73 | 1.70633 | 12
8900551737451720116 | 74 | 1.70633 | 12
-645640598806111384 | 75 | 1.70633 | 12
-1291281197612222768 | 76 | 1.70633 | 12
-2582562395224445536 | 77 | 0 | 9
-2582562395224445535 | 77 | 1.76899 | 3
20957035205821 | 47 | 4.6613e-310 | 5
10478517602911 | 46 | 4.6613e-310 | 3
40931709387 | 38 | 4.6613e-310 | 2
1279115919 | 33 | 4.6613e-310 | 5
9759 | 16 | 12.1661 | 86
19519 | 17 | 12.1661 | 86
39039 | 18 | 12.1661 | 86
78078 | 19 | 7.9152 | 17
156157 | 20 | 7.9152 | 17
312314 | 21 | 7.9152 | 17
624628 | 22 | 7.9152 | 17
1249257 | 23 | 7.9152 | 17
2498514 | 24 | 7.9152 | 17
4997028 | 25 | 7.9152 | 17
9994056 | 26 | 4.6613e-310 | 9
9994057 | 26 | 4.6613e-310 | 8
78079 | 19 | 12.1661 | 69
156158 | 20 | 12.1661 | 69
312316 | 21 | 12.1661 | 69
624632 | 22 | 12.1661 | 69
1249264 | 23 | 10.4193 | 67
2498529 | 24 | 10.4193 | 67
4997058 | 25 | 10.4193 | 67
9994116 | 26 | 10.4193 | 67
19988233 | 27 | 10.4193 | 67
39976466 | 28 | 10.4193 | 67
79952932 | 29 | 10.4193 | 67
159905865 | 30 | 10.4193 | 67
319811730 | 31 | 10.4193 | 67
639623460 | 32 | 4.6613e-310 | 5
639623461 | 32 | 9.23274 | 62
1279246923 | 33 | 9.23274 | 62
2558493847 | 34 | 9.23274 | 62
5116987694 | 35 | 0.475827 | 10
5116987695 | 35 | 8.48057 | 52
10233975390 | 36 | 8.48057 | 52
20467950781 | 37 | 8.48057 | 52
40935901563 | 38 | 8.48057 | 52
81871803126 | 39 | 8.48057 | 52
163743606252 | 40 | 8.48057 | 52
327487212504 | 41 | 8.48057 | 52
654974425009 | 42 | 8.48057 | 52
1309948850019 | 43 | 8.48057 | 52
2619897700038 | 44 | 8.48057 | 52
5239795400076 | 45 | 8.48057 | 52
10479590800152 | 46 | 8.48057 | 52
20959181600305 | 47 | 8.48057 | 52
41918363200610 | 48 | 5.68408 | 15
83836726401220 | 49 | 5.68408 | 15
167673452802440 | 50 | 5.68408 | 15
335346905604881 | 51 | 5.68408 | 15
670693811209763 | 52 | 5.68408 | 15
1341387622419526 | 53 | 5.68408 | 15
2682775244839052 | 54 | 5.68408 | 15
5365550489678104 | 55 | 5.68408 | 15
10731100979356209 | 56 | 5.68408 | 15
21462201958712418 | 57 | 5.68408 | 15
42924403917424836 | 58 | 5.68408 | 15
85848807834849672 | 59 | 5.68408 | 15
171697615669699344 | 60 | 5.68408 | 15
343395231339398688 | 61 | 5.68408 | 15
686790462678797376 | 62 | 6.21449 | 1
686790462678797377 | 62 | 5.58841 | 14
1373580925357594755 | 63 | 5.58841 | 14
2747161850715189511 | 64 | 5.58841 | 14
5494323701430379022 | 65 | 5.58841 | 14
-7458096670848793571 | 66 | 5.58841 | 14
3530550732011964474 | 67 | 5.58841 | 14
7061101464023928948 | 68 | 5.58841 | 14
-4324541145661693720 | 69 | 5.58841 | 14
-8649082291323387440 | 70 | 5.58841 | 14
1148579491062776736 | 71 | 3.26552 | 5
1148579491062776737 | 71 | 0 | 9
41918363200611 | 48 | 8.48057 | 37
83836726401223 | 49 | 8.48057 | 37
167673452802446 | 50 | 8.48057 | 37
335346905604892 | 51 | 6.20326 | 33
670693811209785 | 52 | 6.20326 | 33
1341387622419570 | 53 | 5.4668 | 29
2682775244839141 | 54 | 5.4668 | 29
5365550489678283 | 55 | 5.4668 | 29
10731100979356567 | 56 | 5.4668 | 29
21462201958713134 | 57 | 5.4668 | 29
42924403917426268 | 58 | 5.4668 | 29
85848807834852536 | 59 | 4.6613e-310 | 7
85848807834852537 | 59 | 4.20986 | 22
171697615669705075 | 60 | 4.20986 | 22
343395231339410150 | 61 | 4.20986 | 22
686790462678820301 | 62 | 4.20986 | 22
1373580925357640602 | 63 | 4.20986 | 22
2747161850715281204 | 64 | 4.20986 | 22
5494323701430562408 | 65 | 4.20986 | 22
-7458096670848426800 | 66 | 4.20986 | 22
3530550732012698016 | 67 | 4.20986 | 22
7061101464025396032 | 68 | 4.20986 | 22
-4324541145658759551 | 69 | 4.20986 | 22
-8649082291317519102 | 70 | 4.20986 | 22
1148579491074513412 | 71 | 4.20986 | 22
2297158982149026824 | 72 | 4.20986 | 22
4594317964298053648 | 73 | 4.20986 | 22
9188635928596107297 | 74 | 4.20986 | 22
-69472216517337021 | 75 | 4.20986 | 22
-138944433034674041 | 76 | 4.20986 | 22
-277888866069348082 | 77 | 4.20986 | 22
-555777732138696163 | 78 | 4.20986 | 22
-1111555464277392326 | 79 | 4.20986 | 22
-2223110928554784651 | 80 | 4.20986 | 22
-4446221857109569302 | 81 | 4.20986 | 22
-8892443714219138603 | 82 | 4.20986 | 22
661856645271274410 | 83 | 4.6613e-310 | 10
661856645271274411 | 83 | 1.21788 | 12
1323713290542548823 | 84 | 1.21788 | 12
2647426581085097646 | 85 | 1.21788 | 12
5294853162170195292 | 86 | 1.21788 | 12
-7857037749369161031 | 87 | 1.21788 | 12
2732668574971229554 | 88 | 1.21788 | 11
5465337149942459108 | 89 | 1.21788 | 11
-7516069773824633400 | 90 | 1.21788 | 11
3414604526060284816 | 91 | 1.21788 | 11
6829209052120569632 | 92 | 3.21143e-322 | 2
6829209052120569633 | 92 | 3.21143e-322 | 9
2732668574971229555 | 88 | 4.6613e-310 | 1
1341387622419571 | 53 | 4.6613e-310 | 4
335346905604893 | 51 | 4.6613e-310 | 4
1249265 | 23 | 4.6613e-310 | 2
1 | 1 | 26.781 | 1306
3 | 2 | 26.781 | 1306
6 | 3 | 26.781 | 1306
13 | 4 | 26.781 | 1306
27 | 5 | 26.781 | 1306
54 | 6 | 22.9799 | 927
108 | 7 | 22.9799 | 927
216 | 8 | 22.9799 | 927
433 | 9 | 22.9799 | 927
866 | 10 | 22.9799 | 927
1733 | 11 | 22.9799 | 927
3466 | 12 | 20.8538 | 638
6933 | 13 | 20.8538 | 638
13866 | 14 | 20.8538 | 632
27732 | 15 | 20.8538 | 632
55464 | 16 | 20.8538 | 632
110928 | 17 | 19.4706 | 62
221857 | 18 | 19.4706 | 62
443714 | 19 | 19.4706 | 62
887428 | 20 | 19.4706 | 62
1774856 | 21 | 19.4706 | 62
3549713 | 22 | 19.4706 | 62
7099427 | 23 | 19.4706 | 62
14198855 | 24 | 19.4706 | 62
28397710 | 25 | 19.4706 | 62
56795421 | 26 | 19.4706 | 62
113590842 | 27 | 19.4706 | 62
227181684 | 28 | 0.925309 | 10
227181685 | 28 | 15.979 | 52
454363370 | 29 | 15.979 | 52
908726740 | 30 | 12.7787 | 33
1817453480 | 31 | 9.15845 | 12
3634906961 | 32 | 9.15845 | 12
7269813922 | 33 | 1.33239 | 7
7269813923 | 33 | 0.0241756 | 5
1817453481 | 31 | 9.21447 | 21
3634906963 | 32 | 9.21447 | 21
7269813926 | 33 | 0.0676625 | 2
7269813927 | 33 | 7.335 | 19
14539627854 | 34 | 7.335 | 19
29079255708 | 35 | 7.335 | 19
58158511417 | 36 | 7.335 | 19
116317022835 | 37 | 7.335 | 19
232634045670 | 38 | 7.335 | 19
465268091340 | 39 | 7.335 | 19
930536182680 | 40 | 7.335 | 19
1861072365360 | 41 | 4.6613e-310 | 2
1861072365361 | 41 | 7.335 | 17
3722144730723 | 42 | 7.335 | 17
7444289461447 | 43 | 7.335 | 17
14888578922895 | 44 | 7.335 | 17
29777157845791 | 45 | 7.335 | 17
59554315691582 | 46 | 7.335 | 17
119108631383165 | 47 | 7.335 | 17
238217262766330 | 48 | 7.335 | 17
476434525532660 | 49 | 3.21143e-322 | 9
476434525532661 | 49 | 3.21143e-322 | 8
908726741 | 30 | 7.03455 | 19
1817453483 | 31 | 7.03455 | 19
3634906966 | 32 | 7.03455 | 19
7269813932 | 33 | 7.03455 | 19
14539627864 | 34 | 3.0192 | 11
29079255728 | 35 | 3.0192 | 11
58158511456 | 36 | 3.0192 | 11
116317022913 | 37 | 3.0192 | 11
232634045827 | 38 | 3.0192 | 11
465268091654 | 39 | 4.6613e-310 | 9
465268091655 | 39 | 3.21143e-322 | 2
14539627865 | 34 | 4.6613e-310 | 8
110929 | 17 | 20.462 | 570
221858 | 18 | 20.462 | 570
443716 | 19 | 16.9715 | 364
887432 | 20 | 16.9715 | 364
1774865 | 21 | 16.9715 | 364
3549730 | 22 | 16.9715 | 364
7099461 | 23 | 16.9715 | 364
14198923 | 24 | 16.9715 | 364
28397846 | 25 | 16.9715 | 364
56795692 | 26 | 16.9715 | 364
113591385 | 27 | 16.9715 | 364
227182770 | 28 | 16.9715 | 364
454365540 | 29 | 16.7661 | 304
908731081 | 30 | 16.7661 | 304
1817462163 | 31 | 16.7661 | 304
3634924326 | 32 | 16.7661 | 304
7269848652 | 33 | 8.51063 | 59
14539697304 | 34 | 8.51063 | 57
29079394608 | 35 | 8.51063 | 57
58158789217 | 36 | 8.51063 | 57
116317578435 | 37 | 8.51063 | 57
232635156870 | 38 | 7.17094 | 39
465270313740 | 39 | 7.17094 | 39
930540627481 | 40 | 7.17094 | 39
1861081254963 | 41 | 7.17094 | 39
3722162509927 | 42 | 7.17094 | 39
7444325019854 | 43 | 7.17094 | 39
14888650039709 | 44 | 7.17094 | 39
29777300079419 | 45 | 7.17094 | 39
59554600158839 | 46 | 7.17094 | 39
119109200317679 | 47 | 7.17094 | 39
238218400635358 | 48 | 7.17094 | 39
476436801270716 | 49 | 7.17094 | 39
952873602541432 | 50 | 7.17094 | 39
1905747205082864 | 51 | 7.17094 | 39
3811494410165729 | 52 | 7.17094 | 39
7622988820331458 | 53 | 7.17094 | 37
15245977640662917 | 54 | 7.17094 | 37
30491955281325835 | 55 | 7.17094 | 37
60983910562651671 | 56 | 7.17094 | 37
121967821125303342 | 57 | 7.17094 | 37
243935642250606684 | 58 | 7.17094 | 37
487871284501213369 | 59 | 7.17094 | 37
975742569002426739 | 60 | 7.17094 | 37
1951485138004853478 | 61 | 7.17094 | 37
3902970276009706957 | 62 | 7.17094 | 37
7805940552019413915 | 63 | 7.17094 | 37
-2834862969670723785 | 64 | 7.17094 | 37
-5669725939341447570 | 65 | 7.17094 | 37
7107292195026656477 | 66 | 7.17094 | 37
-4232159683656238662 | 67 | 6.95061e-310 | 7
-4232159683656238661 | 67 | 5.37651 | 30
-8464319367312477322 | 68 | 5.37651 | 30
1518105339084596972 | 69 | 5.37651 | 30
3036210678169193945 | 70 | 5.37651 | 30
6072421356338387891 | 71 | 5.37651 | 30
-6301901361032775833 | 72 | 5.37651 | 30
5842941351643999950 | 73 | 5.37651 | 30
-6760861370421551715 | 74 | 5.37651 | 30
4925021332866448187 | 75 | 5.37651 | 30
-8596701407976655242 | 76 | 5.37651 | 30
1253341257756241133 | 77 | 5.37651 | 30
2506682515512482267 | 78 | 5.37651 | 30
5013365031024964534 | 79 | 5.37651 | 30
-8420014011659622548 | 80 | 5.37651 | 30
1606716050390306520 | 81 | 5.37651 | 30
3213432100780613040 | 82 | 5.37651 | 30
6426864201561226081 | 83 | 5.37651 | 30
-5593015670587099453 | 84 | 5.37651 | 30
7260712732535352710 | 85 | 5.37651 | 30
-3925318608638846196 | 86 | 5.21908 | 20
-7850637217277692392 | 87 | 5.21908 | 20
2745469639154166832 | 88 | 5.21908 | 20
5490939278308333665 | 89 | 5.21908 | 20
-7464865517092884286 | 90 | 5.21908 | 20
3517013039523783045 | 91 | 5.21908 | 20
7034026079047566090 | 92 | 5.21908 | 20
-4378691915614419435 | 93 | 5.21908 | 20
-8757383831228838869 | 94 | 5.21908 | 20
931976411251873879 | 95 | 5.21908 | 20
1863952822503747758 | 96 | 5.21908 | 20
3727905645007495517 | 97 | 5.21908 | 20
7455811290014991035 | 98 | 5.21908 | 20
-3535121493679569546 | 99 | 5.21908 | 20
-7070242987359139092 | 100 | 5.21908 | 20
4306258098991273432 | 101 | 5.21908 | 20
8612516197982546864 | 102 | 5.21908 | 20
-1221711677744457888 | 103 | 5.21908 | 20
-2443423355488915775 | 104 | 5.21908 | 20
-4886846710977831550 | 105 | 5.21908 | 20
8673050651753888516 | 106 | 5.21908 | 20
-1100642770201774583 | 107 | 5.21908 | 20
-2201285540403549165 | 108 | 5.21908 | 20
-4402571080807098329 | 109 | 5.21908 | 20
-8805142161614196658 | 110 | 5.21908 | 20
836459750481158301 | 111 | 5.21908 | 20
1672919500962316603 | 112 | 5.21908 | 20
3345839001924633206 | 113 | 5.21908 | 20
6691678003849266413 | 114 | 5.21908 | 20
-5063388066011018790 | 115 | 5.36259 | 8
-5063388066011018789 | 115 | 1.47196 | 12
8319967941687514038 | 116 | 1.47196 | 12
-1806808190334523540 | 117 | 1.47196 | 12
-3613616380669047079 | 118 | 1.47196 | 12
-7227232761338094157 | 119 | 1.47196 | 12
3992278551033363302 | 120 | 1.47196 | 12
7984557102066726605 | 121 | 1.47196 | 12
-2477629869576098405 | 122 | 1.47196 | 12
-4955259739152196810 | 123 | 1.47196 | 12
8536224595405157997 | 124 | 1.47196 | 12
-1374294882899235622 | 125 | 1.08897 | 6
-1374294882899235621 | 125 | 11.138 | 6
-3925318608638846195 | 86 | 4.6613e-310 | 10
7622988820331459 | 53 | 4.6613e-310 | 2
232635156871 | 38 | 6.47033 | 18
465270313742 | 39 | 6.47033 | 18
930540627485 | 40 | 6.47033 | 18
1861081254970 | 41 | 6.47033 | 18
3722162509941 | 42 | 6.47033 | 18
7444325019882 | 43 | 6.47033 | 18
14888650039764 | 44 | 6.47033 | 18
29777300079528 | 45 | 6.47033 | 18
59554600159056 | 46 | 6.47033 | 18
119109200318113 | 47 | 6.47033 | 18
238218400636226 | 48 | 6.47033 | 18
476436801272452 | 49 | 6.47033 | 18
952873602544905 | 50 | 6.47033 | 18
1905747205089811 | 51 | 6.47033 | 18
3811494410179622 | 52 | 6.47033 | 18
7622988820359244 | 53 | 6.47033 | 18
15245977640718488 | 54 | 6.47033 | 18
30491955281436976 | 55 | 6.47033 | 18
60983910562873952 | 56 | 6.47033 | 18
121967821125747904 | 57 | 6.47033 | 18
243935642251495809 | 58 | 6.47033 | 18
487871284502991619 | 59 | 6.47033 | 18
975742569005983239 | 60 | 6.47033 | 18
1951485138011966478 | 61 | 6.47033 | 18
3902970276023932957 | 62 | 6.47033 | 18
7805940552047865915 | 63 | 6.47033 | 18
-2834862969613819786 | 64 | 6.47033 | 18
-5669725939227639572 | 65 | 4.6613e-310 | 6
-5669725939227639571 | 65 | 6.17752 | 12
7107292195254272474 | 66 | 6.17752 | 12
-4232159683201006668 | 67 | 4.6613e-310 | 6
-4232159683201006667 | 67 | 4.6613e-310 | 6
14539697305 | 34 | 4.6613e-310 | 2
7269848653 | 33 | 14.5648 | 245
14539697306 | 34 | 14.5648 | 245
29079394613 | 35 | 14.5648 | 245
58158789227 | 36 | 14.5648 | 245
116317578454 | 37 | 14.5648 | 245
232635156908 | 38 | 14.5648 | 245
465270313816 | 39 | 13.029 | 145
930540627632 | 40 | 11.727 | 90
1861081255265 | 41 | 11.727 | 90
3722162510531 | 42 | 11.727 | 90
7444325021063 | 43 | 11.727 | 90
14888650042126 | 44 | 11.727 | 90
29777300084253 | 45 | 11.727 | 90
59554600168506 | 46 | 11.727 | 90
119109200337013 | 47 | 11.727 | 90
238218400674027 | 48 | 11.727 | 90
476436801348054 | 49 | 11.727 | 90
952873602696108 | 50 | 11.727 | 90
1905747205392217 | 51 | 11.727 | 90
3811494410784435 | 52 | 11.727 | 90
7622988821568870 | 53 | 10.9132 | 58
15245977643137740 | 54 | 10.9132 | 58
30491955286275480 | 55 | 7.95446e-322 | 1
30491955286275481 | 55 | 9.93971 | 57
60983910572550962 | 56 | 9.93971 | 57
121967821145101925 | 57 | 9.93971 | 57
243935642290203851 | 58 | 9.93971 | 57
487871284580407703 | 59 | 9.93971 | 57
975742569160815406 | 60 | 2.66684 | 3
975742569160815407 | 60 | 9.93971 | 54
1951485138321630814 | 61 | 9.93971 | 54
3902970276643261628 | 62 | 9.88123 | 49
7805940553286523257 | 63 | 9.88123 | 49
-2834862967136505101 | 64 | 9.88123 | 49
-5669725934273010201 | 65 | 9.88123 | 49
7107292205163531215 | 66 | 9.88123 | 49
-4232159663382489186 | 67 | 9.88123 | 49
-8464319326764978372 | 68 | 9.88123 | 49
1518105420179594873 | 69 | 9.88123 | 49
3036210840359189747 | 70 | 9.88123 | 49
6072421680718379495 | 71 | 9.88123 | 49
-6301900712272792626 | 72 | 4.65209 | 29
5842942649163966364 | 73 | 4.00706 | 15
-6760858775381618888 | 74 | 4.00706 | 15
4925026522946313841 | 75 | 4.00706 | 15
-8596691027816923934 | 76 | 4.00706 | 15
1253362018075703748 | 77 | 2.71215 | 14
2506724036151407496 | 78 | 2.71215 | 14
5013448072302814993 | 79 | 2.71215 | 14
-8419847929103921629 | 80 | 2.71215 | 14
1607048215501708358 | 81 | 2.71215 | 14
3214096431003416716 | 82 | 2.71215 | 14
6428192862006833432 | 83 | 4.93069 | 8
6428192862006833433 | 83 | 4.01326 | 6
1253362018075703749 | 77 | 4.6613e-310 | 1
5842942649163966365 | 73 | 4.04634 | 14
-6760858775381618885 | 74 | 4.04634 | 14
4925026522946313846 | 75 | 4.04634 | 14
-8596691027816923924 | 76 | 4.04634 | 14
1253362018075703768 | 77 | 4.04634 | 14
2506724036151407536 | 78 | 4.04634 | 14
5013448072302815072 | 79 | 4.04634 | 14
-8419847929103921472 | 80 | 4.04634 | 14
1607048215501708673 | 81 | 4.04634 | 14
3214096431003417346 | 82 | 4.04634 | 14
6428192862006834692 | 83 | 7.04258 | 9
6428192862006834693 | 83 | 3.21027 | 5
-6301900712272792625 | 72 | 6.34701 | 20
5842942649163966367 | 73 | 6.34701 | 20
-6760858775381618881 | 74 | 6.34701 | 20
4925026522946313854 | 75 | 6.34701 | 20
-8596691027816923908 | 76 | 1.02886 | 6
-8596691027816923907 | 76 | 3.33695 | 14
1253362018075703802 | 77 | 3.33695 | 14
2506724036151407604 | 78 | 3.33695 | 14
5013448072302815208 | 79 | 3.33695 | 14
-8419847929103921200 | 80 | 3.33695 | 14
1607048215501709217 | 81 | 3.33695 | 14
3214096431003418435 | 82 | 3.33695 | 14
6428192862006836871 | 83 | 3.33695 | 14
-5590358349695877874 | 84 | 3.33695 | 14
7266027374317795868 | 85 | 3.33695 | 14
-3914689325073959879 | 86 | 3.33695 | 14
-7829378650147919758 | 87 | 0.147172 | 3
-7829378650147919757 | 87 | 2.84446 | 11
2787986773413712103 | 88 | 2.84446 | 11
5575973546827424207 | 89 | 2.84446 | 11
-7294796980054703202 | 90 | 2.84446 | 11
3857150113600145212 | 91 | 2.84446 | 11
7714300227200290424 | 92 | 2.84446 | 11
-3018143619308970767 | 93 | 2.84446 | 11
-6036287238617941533 | 94 | 2.84446 | 11
6374169596473668550 | 95 | 44.4906 | 5
6374169596473668551 | 95 | 44.9902 | 6
3902970276643261629 | 62 | 4.6613e-310 | 5
7622988821568871 | 53 | 9.1882 | 32
15245977643137742 | 54 | 9.1882 | 32
30491955286275484 | 55 | 9.1882 | 32
60983910572550969 | 56 | 9.1882 | 32
121967821145101938 | 57 | 9.1882 | 32
243935642290203876 | 58 | 9.1882 | 32
487871284580407753 | 59 | 9.1882 | 32
975742569160815506 | 60 | 9.1882 | 31
1951485138321631013 | 61 | 9.1882 | 31
3902970276643262027 | 62 | 9.1882 | 31
7805940553286524054 | 63 | 9.1882 | 31
-2834862967136503507 | 64 | 9.1882 | 31
-5669725934273007014 | 65 | 9.1882 | 31
7107292205163537589 | 66 | 9.1882 | 31
-4232159663382476438 | 67 | 9.1882 | 31
-8464319326764952875 | 68 | 9.1882 | 31
1518105420179645867 | 69 | 9.1882 | 31
3036210840359291734 | 70 | 9.1882 | 31
6072421680718583468 | 71 | 9.1882 | 31
-6301900712272384680 | 72 | 3.7826 | 23
5842942649164782256 | 73 | 3.7826 | 23
-6760858775379987103 | 74 | 3.7826 | 23
4925026522949577410 | 75 | 3.7826 | 23
-8596691027810396795 | 76 | 3.7826 | 23
1253362018088758027 | 77 | 3.7826 | 23
2506724036177516055 | 78 | 3.7826 | 23
5013448072355032110 | 79 | 3.7826 | 23
-8419847928999487395 | 80 | 3.7826 | 23
1607048215710576827 | 81 | 3.7826 | 23
3214096431421153654 | 82 | 3.7826 | 23
6428192862842307309 | 83 | 3.7826 | 23
-5590358348024936998 | 84 | 3.4294 | 22
7266027377659677620 | 85 | 3.4294 | 22
-3914689318390196375 | 86 | 3.4294 | 22
-7829378636780392750 | 87 | 3.4294 | 22
2787986800148766116 | 88 | 3.4294 | 22
5575973600297532232 | 89 | 3.4294 | 22
-7294796873114487152 | 90 | 3.4294 | 22
3857150327480577312 | 91 | 0.88072 | 4
3857150327480577313 | 91 | 3.23027 | 18
7714300654961154627 | 92 | 3.23027 | 18
-3018142763787242361 | 93 | 3.23027 | 18
-6036285527574484721 | 94 | 3.23027 | 18
6374173018560582175 | 95 | 3.23027 | 18
-5698398036588387265 | 96 | 3.23027 | 18
7049948000532777086 | 97 | 3.23027 | 18
-4346848072643997444 | 98 | 3.23027 | 18
-8693696145287994887 | 99 | 3.23027 | 18
1059351783133561842 | 100 | 3.23027 | 18
2118703566267123684 | 101 | 3.23027 | 18
4237407132534247368 | 102 | 3.23027 | 18
8474814265068494736 | 103 | 5.19334 | 5
8474814265068494737 | 103 | 2.00729 | 13
-1497115543572562141 | 104 | 2.00729 | 13
-2994231087145124281 | 105 | 2.00729 | 13
-5988462174290248561 | 106 | 2.00729 | 13
6469819725129054494 | 107 | 4.6613e-310 | 5
6469819725129054495 | 107 | 5.28089 | 8
-5590358348024936997 | 84 | 4.6613e-310 | 1
-6301900712272384679 | 72 | 4.6613e-310 | 8
975742569160815507 | 60 | 4.6613e-310 | 1
930540627633 | 40 | 6.19929 | 55
1861081255266 | 41 | 3.58371 | 28
3722162510533 | 42 | 3.58371 | 28
7444325021067 | 43 | 3.58371 | 28
14888650042134 | 44 | 3.58371 | 28
29777300084269 | 45 | 3.58371 | 28
59554600168538 | 46 | 3.58371 | 28
119109200337077 | 47 | 3.58371 | 28
238218400674154 | 48 | 3.58371 | 28
476436801348308 | 49 | 3.58371 | 28
952873602696617 | 50 | 3.58371 | 28
1905747205393234 | 51 | 3.58371 | 28
3811494410786468 | 52 | 4.6613e-310 | 7
3811494410786469 | 52 | 3.40988 | 21
7622988821572939 | 53 | 3.40988 | 21
15245977643145878 | 54 | 6.95061e-310 | 9
15245977643145879 | 54 | 2.67763 | 12
30491955286291758 | 55 | 2.67763 | 12
60983910572583517 | 56 | 2.67763 | 12
121967821145167034 | 57 | 2.67763 | 12
243935642290334068 | 58 | 2.67763 | 12
487871284580668136 | 59 | 0.1311 | 6
487871284580668137 | 59 | 8.7336 | 6
1861081255267 | 41 | 3.06685 | 27
3722162510534 | 42 | 3.06685 | 27
7444325021068 | 43 | 3.06685 | 26
14888650042137 | 44 | 3.06685 | 26
29777300084275 | 45 | 3.06685 | 26
59554600168550 | 46 | 4.6613e-310 | 2
59554600168551 | 46 | 3.06685 | 24
119109200337103 | 47 | 3.06685 | 24
238218400674207 | 48 | 3.06685 | 24
476436801348414 | 49 | 3.06685 | 24
952873602696828 | 50 | 2.24853 | 14
1905747205393657 | 51 | 2.24853 | 14
3811494410787314 | 52 | 2.24853 | 14
7622988821574628 | 53 | 2.24853 | 14
15245977643149256 | 54 | 2.24853 | 14
30491955286298513 | 55 | 2.24853 | 14
60983910572597027 | 56 | 2.24853 | 14
121967821145194054 | 57 | 1.06656 | 6
121967821145194055 | 57 | 1.17974 | 8
952873602696829 | 50 | 4.6613e-310 | 10
7444325021069 | 43 | 4.6613e-310 | 1
465270313817 | 39 | 7.29692 | 100
930540627634 | 40 | 7.29692 | 100
1861081255269 | 41 | 7.29692 | 100
3722162510538 | 42 | 6.20239 | 51
7444325021076 | 43 | 6.20239 | 51
14888650042152 | 44 | 6.20239 | 51
29777300084304 | 45 | 6.20239 | 51
59554600168609 | 46 | 6.20239 | 51
119109200337219 | 47 | 6.20239 | 51
238218400674438 | 48 | 6.20239 | 51
476436801348876 | 49 | 6.20239 | 51
952873602697753 | 50 | 6.20239 | 51
1905747205395507 | 51 | 6.20239 | 51
3811494410791015 | 52 | 6.20239 | 51
7622988821582031 | 53 | 6.20239 | 51
15245977643164062 | 54 | 6.20239 | 47
30491955286328125 | 55 | 6.20239 | 47
60983910572656250 | 56 | 6.20239 | 47
121967821145312500 | 57 | 6.20239 | 47
243935642290625001 | 58 | 6.20239 | 47
487871284581250003 | 59 | 6.20239 | 47
975742569162500007 | 60 | 6.20239 | 47
1951485138325000015 | 61 | 6.20239 | 47
3902970276650000030 | 62 | 6.20239 | 47
7805940553300000060 | 63 | 6.20239 | 47
-2834862967109551496 | 64 | 6.20239 | 47
-5669725934219102992 | 65 | 6.20239 | 47
7107292205271345632 | 66 | 6.20239 | 47
-4232159663166860351 | 67 | 6.20239 | 47
-8464319326333720701 | 68 | 6.20239 | 47
1518105421042110214 | 69 | 6.20239 | 47
3036210842084220428 | 70 | 6.20239 | 47
6072421684168440856 | 71 | 6.20239 | 47
-6301900705372669904 | 72 | 6.20239 | 47
5842942662964211809 | 73 | 6.20239 | 47
-6760858747781127998 | 74 | 3.52372 | 21
4925026578147295620 | 75 | 3.03619 | 14
-8596690917414960376 | 76 | 3.03619 | 14
1253362238879630864 | 77 | 3.03619 | 14
2506724477759261728 | 78 | 3.03619 | 14
5013448955518523456 | 79 | 3.03619 | 14
-8419846162672504704 | 80 | 1.39846 | 3
-8419846162672504703 | 80 | 3.03619 | 11
1607051748364542210 | 81 | 3.03619 | 11
3214103496729084420 | 82 | 3.03619 | 11
6428206993458168840 | 83 | 3.03619 | 11
-5590330086793213936 | 84 | 3.03619 | 11
7266083900123123745 | 85 | 3.03619 | 11
-3914576273463304126 | 86 | 3.03619 | 11
-7829152546926608252 | 87 | 3.03619 | 11
2788438979856335113 | 88 | 3.03619 | 11
5576877959712670227 | 89 | 3.03619 | 11
-7292988154284211162 | 90 | 3.03619 | 11
3860767765141129293 | 91 | 3.03619 | 11
7721535530282258586 | 92 | 12.4131 | 9
7721535530282258587 | 92 | 9.53547e-322 | 2
4925026578147295621 | 75 | 4.6613e-310 | 7
-6760858747781127997 | 74 | 4.24408 | 26
4925026578147295622 | 75 | 3.783 | 19
-8596690917414960372 | 76 | 3.783 | 19
1253362238879630873 | 77 | 3.783 | 19
2506724477759261746 | 78 | 4.6613e-310 | 1
2506724477759261747 | 78 | 3.783 | 18
5013448955518523495 | 79 | 3.783 | 18
-8419846162672504625 | 80 | 3.783 | 18
1607051748364542366 | 81 | 3.783 | 18
3214103496729084733 | 82 | 3.783 | 18
6428206993458169466 | 83 | 3.783 | 18
-5590330086793212684 | 84 | 1.63042e-322 | 9
-5590330086793212683 | 84 | 1.63042e-322 | 9
4925026578147295623 | 75 | 4.6613e-310 | 7
15245977643164063 | 54 | 4.6613e-310 | 4
3722162510539 | 42 | 6.26101 | 49
7444325021078 | 43 | 6.26101 | 49
14888650042157 | 44 | 6.26101 | 49
29777300084314 | 45 | 6.26101 | 49
59554600168629 | 46 | 6.26101 | 49
119109200337258 | 47 | 6.26101 | 49
238218400674516 | 48 | 6.26101 | 49
476436801349033 | 49 | 6.26101 | 49
952873602698066 | 50 | 2.20445 | 20
1905747205396133 | 51 | 2.20445 | 20
3811494410792267 | 52 | 2.20445 | 20
7622988821584535 | 53 | 2.20445 | 20
15245977643169070 | 54 | 2.20445 | 20
30491955286338140 | 55 | 2.20445 | 20
60983910572676281 | 56 | 2.20445 | 20
121967821145352562 | 57 | 2.20445 | 20
243935642290705124 | 58 | 2.20445 | 20
487871284581410248 | 59 | 3.90554 | 9
487871284581410249 | 59 | 1.8934 | 11
975742569162820499 | 60 | 1.8934 | 11
1951485138325640999 | 61 | 1.8934 | 11
3902970276651281998 | 62 | 1.8934 | 11
7805940553302563996 | 63 | 1.8934 | 11
-2834862967104423624 | 64 | 1.8934 | 11
-5669725934208847248 | 65 | 1.8934 | 11
7107292205291857120 | 66 | 1.8934 | 11
-4232159663125837375 | 67 | 1.8934 | 11
-8464319326251674749 | 68 | 1.8934 | 11
1518105421206202119 | 69 | 1.8934 | 11
3036210842412404238 | 70 | 1.8934 | 11
6072421684824808477 | 71 | 1.8934 | 11
-6301900704059934662 | 72 | 1.8934 | 11
5842942665589682293 | 73 | 1.8934 | 11
-6760858742530187030 | 74 | 1.8934 | 11
4925026588649177556 | 75 | 1.8934 | 11
-8596690896411196503 | 76 | 1.8934 | 11
1253362280887158611 | 77 | 1.8934 | 11
2506724561774317222 | 78 | 1.8934 | 11
5013449123548634444 | 79 | 1.8934 | 11
-8419845826612282728 | 80 | 0.41882 | 5
-8419845826612282727 | 80 | 1.19681 | 6
952873602698067 | 50 | 4.39396 | 29
1905747205396135 | 51 | 4.39396 | 29
3811494410792270 | 52 | 4.39396 | 29
7622988821584540 | 53 | 3.25306 | 15
15245977643169081 | 54 | 3.25306 | 15
30491955286338162 | 55 | 3.25306 | 15
60983910572676324 | 56 | 4.6613e-310 | 6
60983910572676325 | 56 | 4.6613e-310 | 9
7622988821584541 | 53 | 1.92952 | 14
15245977643169082 | 54 | 1.92952 | 14
30491955286338164 | 55 | 1.92952 | 14
60983910572676328 | 56 | 1.92952 | 14
121967821145352657 | 57 | 1.92952 | 14
243935642290705315 | 58 | 1.92952 | 14
487871284581410631 | 59 | 1.92952 | 14
975742569162821262 | 60 | 1.92952 | 14
1951485138325642524 | 61 | 1.92952 | 14
3902970276651285048 | 62 | 1.92952 | 14
7805940553302570096 | 63 | 7.45391 | 7
7805940553302570097 | 63 | 6.90553 | 7
454365541 | 29 | 15.633 | 60
908731082 | 30 | 12.0848 | 40
1817462165 | 31 | 12.0848 | 40
3634924330 | 32 | 12.071 | 35
7269848660 | 33 | 10.4903 | 28
14539697320 | 34 | 10.4903 | 28
29079394640 | 35 | 10.4903 | 28
58158789280 | 36 | 1.63042e-322 | 7
58158789281 | 36 | 10.4903 | 21
116317578563 | 37 | 10.4903 | 21
232635157126 | 38 | 10.4903 | 21
465270314253 | 39 | 10.4903 | 21
930540628506 | 40 | 9.87606 | 19
1861081257012 | 41 | 9.87606 | 19
3722162514025 | 42 | 9.87606 | 19
7444325028050 | 43 | 2.37152e-322 | 7
7444325028051 | 43 | 3.26509 | 12
14888650056103 | 44 | 3.26509 | 12
29777300112206 | 45 | 2.37152e-322 | 10
29777300112207 | 45 | 1.63042e-322 | 2
930540628507 | 40 | 4.6613e-310 | 2
7269848661 | 33 | 4.6613e-310 | 7
3634924331 | 32 | 4.6613e-310 | 5
908731083 | 30 | 10.2162 | 20
1817462166 | 31 | 4.6613e-310 | 2
1817462167 | 31 | 10.2162 | 18
3634924334 | 32 | 10.2162 | 18
7269848668 | 33 | 10.2162 | 18
14539697337 | 34 | 10.2162 | 18
29079394675 | 35 | 10.2162 | 18
58158789350 | 36 | 10.2162 | 18
116317578701 | 37 | 10.2162 | 18
232635157403 | 38 | 10.2162 | 18
465270314806 | 39 | 10.2162 | 18
930540629613 | 40 | 10.2162 | 18
1861081259226 | 41 | 10.2162 | 18
3722162518452 | 42 | 10.2162 | 18
7444325036905 | 43 | 10.2162 | 18
14888650073811 | 44 | 10.2162 | 18
29777300147623 | 45 | 10.2162 | 18
59554600295246 | 46 | 5.62186 | 17
119109200590492 | 47 | 5.62186 | 14
238218401180984 | 48 | 5.62186 | 14
476436802361969 | 49 | 5.62186 | 14
952873604723939 | 50 | 5.62186 | 14
1905747209447879 | 51 | 5.62186 | 14
3811494418895758 | 52 | 5.62186 | 14
7622988837791516 | 53 | 5.62186 | 14
15245977675583032 | 54 | 5.62186 | 14
30491955351166065 | 55 | 5.62186 | 14
60983910702332131 | 56 | 5.62186 | 14
121967821404664262 | 57 | 5.62186 | 14
243935642809328525 | 58 | 5.62186 | 14
487871285618657050 | 59 | 5.62186 | 14
975742571237314100 | 60 | 1.63042e-322 | 3
975742571237314101 | 60 | 3.89656 | 11
1951485142474628202 | 61 | 3.89656 | 11
3902970284949256405 | 62 | 3.89656 | 11
7805940569898512810 | 63 | 1.63042e-322 | 3
7805940569898512811 | 63 | 4.6613e-310 | 8
119109200590493 | 47 | 4.6613e-310 | 3
59554600295247 | 46 | 4.6613e-310 | 1
443717 | 19 | 11.5195 | 206
887434 | 20 | 11.5195 | 206
1774868 | 21 | 11.5195 | 206
3549736 | 22 | 11.5195 | 206
7099473 | 23 | 11.5195 | 206
14198946 | 24 | 11.5195 | 206
28397893 | 25 | 11.5195 | 206
56795787 | 26 | 11.5195 | 206
113591575 | 27 | 11.5195 | 206
227183150 | 28 | 11.5195 | 206
454366300 | 29 | 11.5195 | 206
908732601 | 30 | 11.5195 | 206
1817465203 | 31 | 11.5195 | 206
3634930406 | 32 | 11.5195 | 206
7269860812 | 33 | 11.5195 | 206
14539721624 | 34 | 11.5195 | 206
29079443248 | 35 | 11.0913 | 181
58158886496 | 36 | 11.0913 | 181
116317772993 | 37 | 11.0913 | 181
232635545986 | 38 | 11.0913 | 181
465271091972 | 39 | 6.67206 | 59
930542183944 | 40 | 6.67206 | 59
1861084367888 | 41 | 6.67206 | 59
3722168735776 | 42 | 6.01308 | 12
7444337471553 | 43 | 6.01308 | 12
14888674943106 | 44 | 6.01308 | 12
29777349886212 | 45 | 6.01308 | 12
59554699772425 | 46 | 6.01308 | 12
119109399544851 | 47 | 6.01308 | 12
238218799089702 | 48 | 1.63042e-322 | 7
238218799089703 | 48 | 2.37152e-322 | 5
3722168735777 | 42 | 6.30453 | 47
7444337471555 | 43 | 6.30453 | 47
14888674943110 | 44 | 1.95041 | 14
29777349886221 | 45 | 1.95041 | 14
59554699772443 | 46 | 1.95041 | 14
119109399544887 | 47 | 1.95041 | 14
238218799089774 | 48 | 1.63042e-322 | 7
238218799089775 | 48 | 2.37152e-322 | 7
14888674943111 | 44 | 4.77348 | 33
29777349886222 | 45 | 4.77348 | 33
59554699772445 | 46 | 4.77348 | 33
119109399544890 | 47 | 4.19378 | 23
238218799089781 | 48 | 4.19378 | 23
476437598179563 | 49 | 4.19378 | 23
952875196359127 | 50 | 4.19378 | 23
1905750392718255 | 51 | 4.19378 | 23
3811500785436511 | 52 | 4.19378 | 23
7623001570873023 | 53 | 4.19378 | 23
15246003141746047 | 54 | 4.19378 | 23
30492006283492094 | 55 | 4.19378 | 23
60984012566984188 | 56 | 4.19378 | 23
121968025133968376 | 57 | 4.19378 | 23
243936050267936753 | 58 | 4.19378 | 23
487872100535873506 | 59 | 4.19378 | 23
975744201071747012 | 60 | 49.8511 | 3
975744201071747013 | 60 | 3.86864 | 20
1951488402143494027 | 61 | 3.86864 | 20
3902976804286988054 | 62 | 1.2217 | 10
3902976804286988055 | 62 | 1.0877 | 10
119109399544891 | 47 | 4.6613e-310 | 10
465271091973 | 39 | 8.98575 | 122
930542183946 | 40 | 8.98575 | 122
1861084367893 | 41 | 8.98575 | 122
3722168735787 | 42 | 8.98575 | 122
7444337471574 | 43 | 8.98575 | 122
14888674943148 | 44 | 6.46484 | 35
29777349886297 | 45 | 6.46484 | 35
59554699772595 | 46 | 6.46484 | 35
119109399545190 | 47 | 6.46484 | 35
238218799090380 | 48 | 6.46484 | 35
476437598180761 | 49 | 6.46484 | 35
952875196361522 | 50 | 6.46484 | 35
1905750392723044 | 51 | 6.46484 | 35
3811500785446088 | 52 | 6.46484 | 35
7623001570892176 | 53 | 6.46484 | 35
15246003141784353 | 54 | 6.46484 | 35
30492006283568707 | 55 | 6.46484 | 35
60984012567137414 | 56 | 6.46484 | 35
121968025134274829 | 57 | 6.46484 | 35
243936050268549658 | 58 | 6.46484 | 35
487872100537099317 | 59 | 6.46484 | 35
975744201074198634 | 60 | 3.53456 | 23
1951488402148397268 | 61 | 3.53456 | 23
3902976804296794537 | 62 | 3.53456 | 23
7805953608593589074 | 63 | 3.79357 | 7
7805953608593589075 | 63 | 1.89973 | 16
-2834836856522373466 | 64 | 1.89973 | 16
-5669673713044746931 | 65 | 1.89973 | 16
7107396647620057754 | 66 | 4.6613e-310 | 10
7107396647620057755 | 66 | 1.63042e-322 | 6
975744201074198635 | 60 | 2.73362 | 12
1951488402148397271 | 61 | 2.73362 | 12
3902976804296794542 | 62 | 2.73362 | 12
7805953608593589084 | 63 | 1.3494 | 11
-2834836856522373448 | 64 | 1.3494 | 11
-5669673713044746896 | 65 | 6.95061e-310 | 9
-5669673713044746895 | 65 | 4.79244e-322 | 2
7805953608593589085 | 63 | 4.6613e-310 | 1
14888674943149 | 44 | 8.06483 | 87
29777349886298 | 45 | 8.06483 | 87
59554699772596 | 46 | 8.06483 | 87
119109399545193 | 47 | 8.06483 | 87
238218799090387 | 48 | 8.06483 | 87
476437598180774 | 49 | 8.06483 | 87
952875196361549 | 50 | 8.06483 | 87
1905750392723099 | 51 | 8.06483 | 87
3811500785446198 | 52 | 8.06483 | 87
7623001570892396 | 53 | 8.06483 | 87
15246003141784792 | 54 | 8.06483 | 87
30492006283569585 | 55 | 8.06483 | 87
60984012567139170 | 56 | 6.40098 | 25
121968025134278340 | 57 | 4.11054 | 18
243936050268556680 | 58 | 4.11054 | 18
487872100537113360 | 59 | 4.11054 | 18
975744201074226720 | 60 | 48.0832 | 2
975744201074226721 | 60 | 3.74048 | 16
1951488402148453442 | 61 | 3.74048 | 16
3902976804296906885 | 62 | 3.74048 | 16
7805953608593813770 | 63 | 2.30028 | 12
-2834836856521924076 | 64 | 9.02271 | 2
-2834836856521924075 | 64 | 0.0232833 | 10
7805953608593813771 | 63 | 4.6613e-310 | 4
121968025134278341 | 57 | 4.6613e-310 | 7
60984012567139171 | 56 | 6.93455 | 62
121968025134278343 | 57 | 6.93455 | 62
243936050268556686 | 58 | 6.93455 | 62
487872100537113372 | 59 | 6.93455 | 62
975744201074226744 | 60 | 6.93455 | 62
1951488402148453489 | 61 | 6.93455 | 62
3902976804296906978 | 62 | 0.763009 | 1
3902976804296906979 | 62 | 6.93455 | 61
7805953608593813958 | 63 | 6.93455 | 61
-2834836856521923700 | 64 | 6.93455 | 61
-5669673713043847400 | 65 | 6.93455 | 61
7107396647621856816 | 66 | 3.17723 | 27
-4231950778465837983 | 67 | 3.17723 | 27
-8463901556931675966 | 68 | 3.17723 | 27
1518940959846199685 | 69 | 3.17723 | 27
3037881919692399370 | 70 | 0 | 2
3037881919692399371 | 70 | 3.1738 | 25
6075763839384798743 | 71 | 3.1738 | 25
-6295216394939954129 | 72 | 3.1738 | 25
5856311283829643358 | 73 | 3.1738 | 25
-6734121506050264899 | 74 | 3.1738 | 25
4978501061609021818 | 75 | 2.47648 | 19
-8489741950491507979 | 76 | 2.47648 | 19
1467260172726535659 | 77 | 2.47648 | 19
2934520345453071318 | 78 | 2.47648 | 19
5869040690906142636 | 79 | 2.47648 | 19
-6708662691897266344 | 80 | 2.47648 | 19
5029418689915018928 | 81 | 2.47648 | 19
-8387906693879513760 | 82 | 2.47648 | 19
1670930685950524097 | 83 | 2.47648 | 19
3341861371901048194 | 84 | 2.47648 | 15
6683722743802096389 | 85 | 2.47648 | 15
-5079298586105358838 | 86 | 2.47648 | 15
8288146901498833941 | 87 | 2.47648 | 15
-1870450270711883733 | 88 | 2.47648 | 15
-3740900541423767466 | 89 | 0.342789 | 5
-3740900541423767465 | 89 | 1.20286 | 10
3341861371901048195 | 84 | 4.6613e-310 | 4
4978501061609021819 | 75 | 4.6613e-310 | 6
7107396647621856817 | 66 | 4.17252 | 34
-4231950778465837982 | 67 | 4.17252 | 34
-8463901556931675963 | 68 | 4.17252 | 34
1518940959846199690 | 69 | 2.70421 | 19
3037881919692399381 | 70 | 2.70421 | 19
6075763839384798763 | 71 | 2.70421 | 19
-6295216394939954089 | 72 | 2.70421 | 19
5856311283829643439 | 73 | 2.70421 | 19
-6734121506050264738 | 74 | 2.70421 | 19
4978501061609022140 | 75 | 4.99046 | 7
4978501061609022141 | 75 | 2.27429 | 12
-8489741950491507333 | 76 | 2.27429 | 12
1467260172726536950 | 77 | 2.27429 | 12
2934520345453073900 | 78 | 2.27429 | 12
5869040690906147801 | 79 | 2.27429 | 12
-6708662691897256014 | 80 | 2.27429 | 12
5029418689915039588 | 81 | 2.27429 | 12
-8387906693879472440 | 82 | 2.27429 | 12
1670930685950606736 | 83 | 3.73355 | 1
1670930685950606737 | 83 | 1.93224 | 11
3341861371901213475 | 84 | 1.93224 | 11
6683722743802426950 | 85 | 1.93224 | 11
-5079298586104697715 | 86 | 1.93224 | 11
8288146901500156187 | 87 | 1.93224 | 11
-1870450270709239241 | 88 | 1.93224 | 11
-3740900541418478482 | 89 | 1.93224 | 11
-7481801082836956964 | 90 | 1.93224 | 11
3483141908035637688 | 91 | 1.93224 | 11
6966283816071275376 | 92 | 1.51989 | 5
6966283816071275377 | 92 | 0 | 6
1518940959846199691 | 69 | 2.44603 | 15
3037881919692399382 | 70 | 2.44603 | 15
6075763839384798765 | 71 | 2.44603 | 15
-6295216394939954086 | 72 | 4.6613e-310 | 7
-6295216394939954085 | 72 | 4.6613e-310 | 8
29079443249 | 35 | 9.03004 | 25
58158886499 | 36 | 9.03004 | 25
116317772998 | 37 | 9.03004 | 25
232635545997 | 38 | 9.03004 | 25
465271091994 | 39 | 4.6613e-310 | 1
465271091995 | 39 | 8.59488 | 24
930542183991 | 40 | 8.59488 | 24
1861084367982 | 41 | 8.59488 | 24
3722168735964 | 42 | 4.28656 | 12
7444337471928 | 43 | 4.6613e-310 | 5
7444337471929 | 43 | 4.6613e-310 | 7
3722168735965 | 42 | 4.41015 | 12
7444337471931 | 43 | 4.41015 | 12
14888674943863 | 44 | 4.41015 | 12
29777349887726 | 45 | 4.41015 | 12
59554699775453 | 46 | 4.41015 | 12
119109399550906 | 47 | 4.41015 | 12
238218799101812 | 48 | 4.41015 | 12
476437598203624 | 49 | 4.41015 | 12
952875196407248 | 50 | 4.41015 | 12
1905750392814496 | 51 | 3.74253 | 11
3811500785628993 | 52 | 3.74253 | 11
7623001571257987 | 53 | 3.74253 | 11
15246003142515974 | 54 | 3.74253 | 11
30492006285031949 | 55 | 3.74253 | 11
60984012570063899 | 56 | 3.74253 | 11
121968025140127798 | 57 | 3.74253 | 11
243936050280255596 | 58 | 3.74253 | 11
487872100560511193 | 59 | 3.74253 | 11
975744201121022386 | 60 | 0.67448 | 7
975744201121022387 | 60 | 1.49396 | 4
1905750392814497 | 51 | 1.27186 | 1
13867 | 14 | 4.6613e-310 | 6
3467 | 12 | 13.4712 | 289
6935 | 13 | 13.4712 | 289
13870 | 14 | 13.4712 | 289
27741 | 15 | 13.4712 | 289
55482 | 16 | 12.0632 | 208
110965 | 17 | 12.0632 | 208
221930 | 18 | 12.0632 | 201
443861 | 19 | 12.0632 | 201
887722 | 20 | 10.1658 | 195
1775444 | 21 | 10.1658 | 195
3550888 | 22 | 10.1658 | 195
7101776 | 23 | 15.2051 | 5
7101777 | 23 | 9.12059 | 190
14203555 | 24 | 9.12059 | 190
28407111 | 25 | 9.12059 | 190
56814222 | 26 | 5.39814 | 100
113628444 | 27 | 3.79341 | 54
227256889 | 28 | 3.79341 | 54
454513778 | 29 | 3.79341 | 54
909027557 | 30 | 3.79341 | 54
1818055114 | 31 | 3.79341 | 54
3636110228 | 32 | 3.79341 | 50
7272220457 | 33 | 3.79341 | 50
14544440914 | 34 | 3.79341 | 50
29088881828 | 35 | 3.79341 | 50
58177763657 | 36 | 3.79341 | 50
116355527315 | 37 | 3.79341 | 50
232711054631 | 38 | 3.79341 | 50
465422109263 | 39 | 3.79341 | 50
930844218527 | 40 | 3.79341 | 50
1861688437054 | 41 | 3.79341 | 50
3723376874108 | 42 | 3.79341 | 50
7446753748216 | 43 | 3.79341 | 50
14893507496433 | 44 | 3.79341 | 50
29787014992867 | 45 | 3.79341 | 50
59574029985735 | 46 | 3.79341 | 50
119148059971470 | 47 | 3.79341 | 50
238296119942940 | 48 | 3.15137 | 42
476592239885880 | 49 | 3.15137 | 42
953184479771760 | 50 | 3.15137 | 42
1906368959543521 | 51 | 3.15137 | 42
3812737919087042 | 52 | 2.66366 | 14
7625475838174084 | 53 | 1.64941 | 11
15250951676348168 | 54 | 1.64941 | 11
30501903352696336 | 55 | 1.64941 | 11
61003806705392672 | 56 | 1.64941 | 11
122007613410785345 | 57 | 1.64941 | 11
244015226821570691 | 58 | 1.64941 | 11
488030453643141382 | 59 | 1.64941 | 11
976060907286282765 | 60 | 1.64941 | 11
1952121814572565530 | 61 | 1.64941 | 11
3904243629145131060 | 62 | 1.64941 | 11
7808487258290262120 | 63 | 1.64941 | 11
-2829769557129027376 | 64 | 1.64941 | 11
-5659539114258054751 | 65 | 1.64941 | 11
7127665845193442114 | 66 | 1.64941 | 11
-4191412383322667388 | 67 | 1.64941 | 11
-8382824766645334776 | 68 | 1.64941 | 11
1681094540418882064 | 69 | 1.64941 | 11
3362189080837764129 | 70 | 1.64941 | 11
6724378161675528258 | 71 | 1.64941 | 11
-4997987750358495100 | 72 | 1.64941 | 11
8450768572992561417 | 73 | 1.64941 | 11
-1545206927724428782 | 74 | 1.63042e-322 | 10
-1545206927724428781 | 74 | 1.63042e-322 | 1
7625475838174085 | 53 | 4.6613e-310 | 3
3812737919087043 | 52 | 2.93114 | 28
7625475838174086 | 53 | 2.93114 | 28
15250951676348173 | 54 | 2.93114 | 28
30501903352696346 | 55 | 2.93114 | 28
61003806705392692 | 56 | 4.6613e-310 | 2
61003806705392693 | 56 | 2.5254 | 26
122007613410785386 | 57 | 2.5254 | 26
244015226821570773 | 58 | 2.5254 | 26
488030453643141546 | 59 | 1.63042e-322 | 3
488030453643141547 | 59 | 2.13756 | 23
976060907286283095 | 60 | 2.13756 | 23
1952121814572566190 | 61 | 2.13756 | 23
3904243629145132380 | 62 | 2.13756 | 23
7808487258290264760 | 63 | 2.13756 | 23
-2829769557129022096 | 64 | 2.13756 | 23
-5659539114258044192 | 65 | 2.13756 | 23
7127665845193463232 | 66 | 2.13756 | 23
-4191412383322625152 | 67 | 2.13756 | 23
-8382824766645250304 | 68 | 1.63042e-322 | 5
-8382824766645250303 | 68 | 1.80381 | 18
1681094540419051010 | 69 | 1.80381 | 18
3362189080838102020 | 70 | 1.80381 | 18
6724378161676204041 | 71 | 1.80381 | 18
-4997987750357143534 | 72 | 1.66796 | 13
8450768572995264548 | 73 | 1.66796 | 13
-1545206927719022520 | 74 | 1.58101e-322 | 4
-1545206927719022519 | 74 | 1.63042e-322 | 9
-4997987750357143533 | 72 | 1.58101e-322 | 5
238296119942941 | 48 | 4.6613e-310 | 8
3636110229 | 32 | 4.6613e-310 | 4
113628445 | 27 | 3.80377 | 46
227256891 | 28 | 3.80377 | 46
454513782 | 29 | 2.55664 | 38
909027565 | 30 | 2.55664 | 38
1818055130 | 31 | 2.55664 | 38
3636110260 | 32 | 2.55664 | 38
7272220520 | 33 | 2.55664 | 38
14544441040 | 34 | 2.55664 | 31
29088882080 | 35 | 2.55664 | 31
58177764160 | 36 | 2.55664 | 31
116355528321 | 37 | 2.55664 | 31
232711056643 | 38 | 2.55664 | 31
465422113287 | 39 | 2.55664 | 31
930844226574 | 40 | 2.55664 | 31
1861688453149 | 41 | 2.55664 | 31
3723376906298 | 42 | 2.26247 | 12
7446753812596 | 43 | 2.26247 | 12
14893507625192 | 44 | 1.63042e-322 | 1
14893507625193 | 44 | 1.61732 | 11
29787015250387 | 45 | 1.61732 | 11
59574030500774 | 46 | 1.61732 | 11
119148061001549 | 47 | 1.61732 | 11
238296122003098 | 48 | 1.61732 | 11
476592244006196 | 49 | 1.61732 | 11
953184488012393 | 50 | 1.61732 | 11
1906368976024786 | 51 | 1.61732 | 11
3812737952049572 | 52 | 1.61732 | 11
7625475904099144 | 53 | 1.61732 | 11
15250951808198288 | 54 | 1.61732 | 11
30501903616396577 | 55 | 1.61732 | 11
61003807232793154 | 56 | 1.63042e-322 | 8
61003807232793155 | 56 | 1.63042e-322 | 3
3723376906299 | 42 | 2.09423 | 19
7446753812599 | 43 | 2.09423 | 19
14893507625198 | 44 | 4.6613e-310 | 8
14893507625199 | 44 | 0.862402 | 11
29787015250398 | 45 | 0.862402 | 11
59574030500796 | 46 | 0.862402 | 11
119148061001592 | 47 | 1.63042e-322 | 8
119148061001593 | 47 | 4.6613e-310 | 3
14544441041 | 34 | 4.6613e-310 | 7
454513783 | 29 | 4.6613e-310 | 8
56814223 | 26 | 5.54387 | 90
113628446 | 27 | 5.54387 | 90
227256892 | 28 | 5.54387 | 90
454513784 | 29 | 5.16793 | 77
909027569 | 30 | 5.16793 | 77
1818055138 | 31 | 3.66601 | 64
3636110277 | 32 | 3.66601 | 64
7272220554 | 33 | 4.6613e-310 | 4
7272220555 | 33 | 3.66601 | 60
14544441110 | 34 | 3.66601 | 60
29088882220 | 35 | 4.6613e-310 | 5
29088882221 | 35 | 3.20014 | 55
58177764443 | 36 | 3.20014 | 55
116355528887 | 37 | 3.20014 | 55
232711057774 | 38 | 3.20014 | 55
465422115549 | 39 | 3.20014 | 55
930844231098 | 40 | 1.91543 | 18
1861688462197 | 41 | 1.91543 | 18
3723376924394 | 42 | 1.91543 | 18
7446753848788 | 43 | 1.91543 | 18
14893507697576 | 44 | 1.91543 | 18
29787015395152 | 45 | 1.80146 | 13
59574030790304 | 46 | 1.80146 | 13
119148061580608 | 47 | 1.80146 | 13
238296123161216 | 48 | 0 | 3
238296123161217 | 48 | 4.6613e-310 | 10
29787015395153 | 45 | 4.6613e-310 | 5
930844231099 | 40 | 2.80144 | 37
1861688462198 | 41 | 2.80144 | 37
3723376924397 | 42 | 2.80144 | 37
7446753848794 | 43 | 2.7902 | 29
14893507697589 | 44 | 2.7902 | 29
29787015395178 | 45 | 0.242479 | 9
29787015395179 | 45 | 2.54292 | 20
59574030790359 | 46 | 2.54292 | 20
119148061580718 | 47 | 2.54292 | 20
238296123161437 | 48 | 2.54292 | 20
476592246322874 | 49 | 2.54292 | 20
953184492645748 | 50 | 0 | 10
953184492645749 | 50 | 0.106863 | 10
7446753848795 | 43 | 0.115043 | 8
1818055139 | 31 | 2.76733 | 13
3636110278 | 32 | 2.76733 | 13
7272220557 | 33 | 2.76733 | 13
14544441114 | 34 | 2.76733 | 13
29088882228 | 35 | 0.00474642 | 4
29088882229 | 35 | 4.6613e-310 | 9
454513785 | 29 | 4.01406 | 13
909027571 | 30 | 4.01406 | 13
1818055143 | 31 | 4.01406 | 13
3636110287 | 32 | 4.01406 | 13
7272220574 | 33 | 4.01406 | 13
14544441149 | 34 | 4.01406 | 13
29088882299 | 35 | 4.01406 | 13
58177764598 | 36 | 4.6613e-310 | 10
58177764599 | 36 | 4.6613e-310 | 3
887723 | 20 | 4.6613e-310 | 6
221931 | 18 | 4.6613e-310 | 7
55483 | 16 | 9.63314 | 81
110967 | 17 | 9.63314 | 81
221934 | 18 | 9.63314 | 81
443868 | 19 | 9.63314 | 81
887737 | 20 | 9.63314 | 81
1775474 | 21 | 4.6613e-310 | 1
1775475 | 21 | 9.63314 | 80
3550950 | 22 | 9.63314 | 80
7101900 | 23 | 8.33969 | 76
14203801 | 24 | 8.33969 | 76
28407603 | 25 | 8.33969 | 76
56815207 | 26 | 8.33969 | 76
113630414 | 27 | 8.33969 | 76
227260828 | 28 | 8.33969 | 76
454521656 | 29 | 7.22458 | 55
909043312 | 30 | 7.22458 | 55
1818086625 | 31 | 7.22458 | 55
3636173250 | 32 | 6.74673 | 52
7272346500 | 33 | 6.74673 | 52
14544693001 | 34 | 6.74673 | 52
29089386003 | 35 | 6.74673 | 52
58178772007 | 36 | 6.74673 | 52
116357544015 | 37 | 6.74673 | 52
232715088030 | 38 | 4.6613e-310 | 7
232715088031 | 38 | 6.48708 | 45
465430176062 | 39 | 6.48708 | 45
930860352124 | 40 | 6.48708 | 45
1861720704248 | 41 | 6.48708 | 45
3723441408497 | 42 | 6.48708 | 45
7446882816994 | 43 | 6.48708 | 45
14893765633989 | 44 | 6.48708 | 45
29787531267979 | 45 | 6.48708 | 45
59575062535959 | 46 | 6.48708 | 45
119150125071918 | 47 | 6.48708 | 45
238300250143837 | 48 | 6.48708 | 45
476600500287675 | 49 | 6.48708 | 45
953201000575350 | 50 | 4.82354 | 34
1906402001150701 | 51 | 4.82354 | 34
3812804002301402 | 52 | 0.0702694 | 5
3812804002301403 | 52 | 4.82354 | 29
7625608004602807 | 53 | 4.82354 | 29
15251216009205614 | 54 | 4.82354 | 29
30502432018411228 | 55 | 4.82354 | 29
61004864036822456 | 56 | 0.28178 | 9
61004864036822457 | 56 | 4.17581 | 20
122009728073644915 | 57 | 4.17581 | 20
244019456147289831 | 58 | 4.17581 | 20
488038912294579663 | 59 | 4.17581 | 20
976077824589159326 | 60 | 4.17581 | 20
1952155649178318653 | 61 | 4.17581 | 20
3904311298356637307 | 62 | 4.17581 | 20
7808622596713274615 | 63 | 4.17581 | 20
-2829498880283002385 | 64 | 4.17581 | 20
-5658997760566004769 | 65 | 4.17581 | 20
7128748552577542078 | 66 | 4.17581 | 20
-4189246968554467460 | 67 | 3.33249 | 13
-8378493937108934920 | 68 | 3.48606 | 1
-8378493937108934919 | 68 | 3.33249 | 12
1689756199491681779 | 69 | 3.33249 | 12
3379512398983363558 | 70 | 0.247186 | 6
3379512398983363559 | 70 | 0 | 6
-4189246968554467459 | 67 | 4.6613e-310 | 7
953201000575351 | 50 | 3.42195 | 11
1906402001150702 | 51 | 3.42195 | 11
3812804002301404 | 52 | 3.42195 | 11
7625608004602808 | 53 | 3.42195 | 11
15251216009205616 | 54 | 3.42195 | 11
30502432018411233 | 55 | 3.42195 | 11
61004864036822466 | 56 | 3.42195 | 11
122009728073644932 | 57 | 3.42195 | 11
244019456147289865 | 58 | 3.42195 | 11
488038912294579731 | 59 | 3.42195 | 11
976077824589159462 | 60 | 3.42195 | 11
1952155649178318924 | 61 | 3.42195 | 11
3904311298356637849 | 62 | 3.42195 | 11
7808622596713275698 | 63 | 1.58101e-322 | 3
7808622596713275699 | 63 | 4.6613e-310 | 8
3636173251 | 32 | 4.6613e-310 | 3
454521657 | 29 | 3.4858 | 21
909043314 | 30 | 3.4858 | 21
1818086629 | 31 | 3.4858 | 21
3636173259 | 32 | 3.4858 | 21
7272346518 | 33 | 4.6613e-310 | 4
7272346519 | 33 | 2.69089 | 17
14544693039 | 34 | 2.69089 | 17
29089386079 | 35 | 2.69089 | 17
58178772158 | 36 | 4.6613e-310 | 2
58178772159 | 36 | 2.12995 | 15
116357544319 | 37 | 2.12995 | 15
232715088638 | 38 | 2.12995 | 15
465430177276 | 39 | 3.21143e-322 | 4
465430177277 | 39 | 1.55237 | 11
930860354555 | 40 | 1.55237 | 11
1861720709110 | 41 | 1.55237 | 11
3723441418220 | 42 | 1.55237 | 11
7446882836440 | 43 | 1.55237 | 11
14893765672880 | 44 | 3.21143e-322 | 4
14893765672881 | 44 | 3.21143e-322 | 7
7101901 | 23 | 4.6613e-310 | 4
55 | 6 | 16.4101 | 379
111 | 7 | 16.4101 | 379
222 | 8 | 16.4101 | 379
444 | 9 | 16.4101 | 379
889 | 10 | 16.4101 | 379
1778 | 11 | 16.4101 | 379
3557 | 12 | 16.4101 | 379
7114 | 13 | 16.4101 | 379
14228 | 14 | 16.4101 | 379
28457 | 15 | 16.4101 | 379
56914 | 16 | 16.4101 | 379
113829 | 17 | 16.4101 | 379
227659 | 18 | 16.4101 | 379
455318 | 19 | 16.4101 | 379
910636 | 20 | 16.4101 | 379
1821272 | 21 | 15.1941 | 247
3642545 | 22 | 15.1941 | 247
7285090 | 23 | 15.1941 | 247
14570180 | 24 | 15.1941 | 247
29140361 | 25 | 15.1941 | 247
58280723 | 26 | 15.1941 | 247
116561447 | 27 | 15.1941 | 247
233122894 | 28 | 15.1941 | 247
466245788 | 29 | 13.3766 | 133
932491577 | 30 | 13.3766 | 133
1864983154 | 31 | 5.47823 | 67
3729966308 | 32 | 5.47823 | 67
7459932616 | 33 | 5.47823 | 67
14919865233 | 34 | 5.47823 | 67
29839730466 | 35 | 5.47823 | 67
59679460932 | 36 | 5.47823 | 67
119358921864 | 37 | 5.47823 | 67
238717843728 | 38 | 5.47823 | 67
477435687457 | 39 | 5.47823 | 67
954871374914 | 40 | 5.47823 | 67
1909742749828 | 41 | 5.47823 | 67
3819485499657 | 42 | 5.47823 | 67
7638970999315 | 43 | 5.47823 | 67
15277941998630 | 44 | 5.47823 | 67
30555883997261 | 45 | 5.47823 | 67
61111767994523 | 46 | 5.47823 | 67
122223535989046 | 47 | 5.47823 | 67
244447071978093 | 48 | 5.47823 | 67
488894143956186 | 49 | 3.82762 | 33
977788287912372 | 50 | 3.06228 | 31
1955576575824744 | 51 | 3.06228 | 31
3911153151649489 | 52 | 3.06228 | 31
7822306303298978 | 53 | 3.06228 | 31
15644612606597956 | 54 | 3.06228 | 31
31289225213195912 | 55 | 3.06228 | 31
62578450426391825 | 56 | 3.06228 | 31
125156900852783650 | 57 | 3.06228 | 31
250313801705567301 | 58 | 3.06228 | 31
500627603411134603 | 59 | 3.06228 | 31
1001255206822269207 | 60 | 3.06228 | 31
2002510413644538415 | 61 | 3.06228 | 31
4005020827289076830 | 62 | 2.58371 | 21
8010041654578153661 | 63 | 2.58371 | 21
-2426660764553244294 | 64 | 2.58371 | 21
-4853321529106488588 | 65 | 2.58371 | 21
8740101015496574440 | 66 | 2.58371 | 21
-966542042716402735 | 67 | 2.58371 | 21
-1933084085432805470 | 68 | 2.58371 | 21
-3866168170865610940 | 69 | 2.58371 | 21
-7732336341731221880 | 70 | 2.58371 | 21
2982071390247107856 | 71 | 2.03396 | 13
5964142780494215712 | 72 | 2.03396 | 13
-6518458512721120191 | 73 | 2.03396 | 13
5409827048267311234 | 74 | 2.03396 | 13
-7627089977174929148 | 75 | 2.03396 | 13
3192564119359693321 | 76 | 2.03396 | 13
6385128238719386643 | 77 | 2.03396 | 13
-5676487596270778329 | 78 | 2.03396 | 13
7093768881167994959 | 79 | 2.03396 | 13
-4259206311373561698 | 80 | 5.61162 | 9
-4259206311373561697 | 80 | 1.36982 | 4
2982071390247107857 | 71 | 4.6613e-310 | 8
4005020827289076831 | 62 | 4.6613e-310 | 10
977788287912373 | 50 | 4.6613e-310 | 2
488894143956187 | 49 | 4.89707 | 34
977788287912374 | 50 | 4.89707 | 34
1955576575824749 | 51 | 4.89707 | 34
3911153151649498 | 52 | 4.89707 | 34
7822306303298996 | 53 | 4.89707 | 34
15644612606597992 | 54 | 4.89707 | 34
31289225213195985 | 55 | 4.89707 | 34
62578450426391971 | 56 | 4.89707 | 34
125156900852783942 | 57 | 4.89707 | 34
250313801705567884 | 58 | 4.88791 | 26
500627603411135769 | 59 | 4.88791 | 26
1001255206822271538 | 60 | 4.88791 | 26
2002510413644543076 | 61 | 4.88791 | 26
4005020827289086152 | 62 | 4.88791 | 26
8010041654578172305 | 63 | 4.88791 | 26
-2426660764553207006 | 64 | 4.88791 | 26
-4853321529106414012 | 65 | 4.88791 | 26
8740101015496723592 | 66 | 4.88791 | 26
-966542042716104431 | 67 | 4.88791 | 26
-1933084085432208862 | 68 | 3.11916 | 22
-3866168170864417724 | 69 | 3.11916 | 22
-7732336341728835448 | 70 | 3.11916 | 22
2982071390251880721 | 71 | 3.11916 | 22
5964142780503761442 | 72 | 3.11916 | 22
-6518458512702028731 | 73 | 3.11916 | 22
5409827048305494154 | 74 | 3.11916 | 22
-7627089977098563307 | 75 | 3.11916 | 22
3192564119512425003 | 76 | 3.11916 | 22
6385128239024850006 | 77 | 3.11916 | 22
-5676487595659851604 | 78 | 3.11916 | 22
7093768882389848408 | 79 | 3.11916 | 21
-4259206308929854800 | 80 | 2.80684 | 3
-4259206308929854799 | 80 | 2.75093 | 18
-8518412617859709598 | 81 | 2.75093 | 18
1409918837990132420 | 82 | 2.75093 | 18
2819837675980264840 | 83 | 2.75093 | 18
5639675351960529681 | 84 | 2.75093 | 18
-7167393369788492254 | 85 | 2.75093 | 18
4111957334132567109 | 86 | 2.75093 | 18
8223914668265134218 | 87 | 2.75093 | 18
-1998914737179283179 | 88 | 2.75093 | 18
-3997829474358566358 | 89 | 2.75093 | 18
-7995658948717132716 | 90 | 2.75093 | 18
2455426176275286185 | 91 | 2.75093 | 18
4910852352550572370 | 92 | 2.75093 | 18
-8625039368608406876 | 93 | 2.75093 | 18
1196665336492737865 | 94 | 2.75093 | 18
2393330672985475730 | 95 | 1.13398 | 3
2393330672985475731 | 95 | 2.2491 | 15
4786661345970951462 | 96 | 2.2491 | 15
-8873421381767648691 | 97 | 2.2491 | 15
699901310174254234 | 98 | 2.89832 | 6
699901310174254235 | 98 | 0 | 9
7093768882389848409 | 79 | 4.6613e-310 | 1
-1933084085432208861 | 68 | 4.6613e-310 | 4
250313801705567885 | 58 | 4.6613e-310 | 8
1864983155 | 31 | 10.9639 | 66
3729966311 | 32 | 10.9639 | 66
7459932622 | 33 | 10.9639 | 66
14919865245 | 34 | 10.9639 | 66
29839730491 | 35 | 10.9639 | 66
59679460983 | 36 | 10.9639 | 66
119358921966 | 37 | 5.53549 | 24
238717843933 | 38 | 5.53549 | 24
477435687866 | 39 | 5.53549 | 24
954871375732 | 40 | 5.53549 | 24
1909742751464 | 41 | 5.53549 | 24
3819485502929 | 42 | 5.53549 | 24
7638971005859 | 43 | 5.53549 | 24
15277942011719 | 44 | 5.53549 | 24
30555884023438 | 45 | 5.53549 | 24
61111768046876 | 46 | 5.53549 | 24
122223536093753 | 47 | 5.53549 | 24
244447072187507 | 48 | 5.53549 | 24
488894144375014 | 49 | 5.53549 | 24
977788288750028 | 50 | 4.18437 | 20
1955576577500056 | 51 | 4.18437 | 20
3911153155000112 | 52 | 4.18437 | 20
7822306310000224 | 53 | 0.225988 | 5
7822306310000225 | 53 | 2.5251 | 15
15644612620000450 | 54 | 2.5251 | 15
31289225240000900 | 55 | 2.5251 | 15
62578450480001801 | 56 | 2.5251 | 15
125156900960003602 | 57 | 2.5251 | 15
250313801920007205 | 58 | 2.5251 | 15
500627603840014410 | 59 | 0.483703 | 9
500627603840014411 | 59 | 0.183027 | 6
977788288750029 | 50 | 4.6613e-310 | 4
119358921967 | 37 | 9.93974 | 42
238717843935 | 38 | 9.93974 | 42
477435687871 | 39 | 9.93974 | 42
954871375743 | 40 | 9.93974 | 42
1909742751487 | 41 | 9.93974 | 42
3819485502975 | 42 | 9.93974 | 42
7638971005950 | 43 | 5.12564 | 14
15277942011900 | 44 | 5.12564 | 14
30555884023800 | 45 | 5.12564 | 14
61111768047600 | 46 | 5.12564 | 14
122223536095200 | 47 | 5.12564 | 14
244447072190401 | 48 | 5.12564 | 14
488894144380802 | 49 | 5.12564 | 14
977788288761604 | 50 | 5.12564 | 14
1955576577523209 | 51 | 5.12564 | 14
3911153155046418 | 52 | 5.12564 | 14
7822306310092837 | 53 | 5.12564 | 14
15644612620185675 | 54 | 5.12564 | 14
31289225240371350 | 55 | 5.12564 | 14
62578450480742700 | 56 | 1.4733 | 3
62578450480742701 | 56 | 3.82488 | 11
125156900961485403 | 57 | 3.82488 | 11
250313801922970806 | 58 | 4.6613e-310 | 6
250313801922970807 | 58 | 4.6613e-310 | 5
7638971005951 | 43 | 4.99857 | 28
15277942011903 | 44 | 4.99857 | 28
30555884023807 | 45 | 4.99857 | 28
61111768047615 | 46 | 4.99857 | 28
122223536095230 | 47 | 3.22707 | 16
244447072190461 | 48 | 3.22707 | 16
488894144380923 | 49 | 3.22707 | 16
977788288761846 | 50 | 3.22707 | 16
1955576577523692 | 51 | 3.22707 | 16
3911153155047385 | 52 | 3.22707 | 16
7822306310094771 | 53 | 3.22707 | 16
15644612620189542 | 54 | 3.22707 | 16
31289225240379085 | 55 | 3.22707 | 16
62578450480758171 | 56 | 3.22707 | 16
125156900961516343 | 57 | 3.22707 | 16
250313801923032686 | 58 | 4.6613e-310 | 2
250313801923032687 | 58 | 2.46164 | 14
500627603846065374 | 59 | 2.46164 | 14
1001255207692130748 | 60 | 2.46164 | 14
2002510415384261497 | 61 | 2.46164 | 14
4005020830768522994 | 62 | 2.46164 | 14
8010041661537045988 | 63 | 2.46164 | 14
-2426660750635459639 | 64 | 2.46164 | 14
-4853321501270919277 | 65 | 2.46164 | 14
8740101071167713062 | 66 | 2.46164 | 14
-966541931374125492 | 67 | 2.46164 | 14
-1933083862748250983 | 68 | 2.46164 | 14
-3866167725496501966 | 69 | 2.46164 | 14
-7732335450993003932 | 70 | 2.46164 | 14
2982073171723543753 | 71 | 2.46164 | 14
5964146343447087507 | 72 | 2.46164 | 14
-6518451386815376601 | 73 | 2.46164 | 14
5409841300078798414 | 74 | 2.46164 | 14
-7627061473551954788 | 75 | 1.27156 | 1
-7627061473551954787 | 75 | 2.38778 | 13
3192621126605642042 | 76 | 2.04414 | 11
6385242253211284084 | 77 | 2.04414 | 11
-5676259567286983448 | 78 | 2.04414 | 11
7094224939135584720 | 79 | 2.04414 | 11
-4258294195438382175 | 80 | 2.04414 | 11
-8516588390876764350 | 81 | 0.258311 | 7
-8516588390876764349 | 81 | 0.221298 | 4
3192621126605642043 | 76 | 4.6613e-310 | 2
122223536095231 | 47 | 3.33767 | 12
244447072190463 | 48 | 3.33767 | 12
488894144380927 | 49 | 3.33767 | 12
977788288761854 | 50 | 3.33767 | 12
1955576577523709 | 51 | 3.33767 | 12
3911153155047418 | 52 | 3.33767 | 12
7822306310094836 | 53 | 3.33767 | 12
15644612620189673 | 54 | 3.33767 | 12
31289225240379347 | 55 | 3.33767 | 12
62578450480758694 | 56 | 4.6613e-310 | 9
62578450480758695 | 56 | 4.6613e-310 | 3
466245789 | 29 | 13.2723 | 114
932491579 | 30 | 13.2723 | 114
1864983159 | 31 | 13.2723 | 114
3729966319 | 32 | 13.2723 | 114
7459932638 | 33 | 13.2723 | 114
14919865277 | 34 | 13.2723 | 114
29839730554 | 35 | 13.1577 | 82
59679461108 | 36 | 13.1577 | 82
119358922217 | 37 | 13.1577 | 82
238717844434 | 38 | 13.1577 | 82
477435688869 | 39 | 13.1577 | 82
954871377738 | 40 | 13.1577 | 82
1909742755476 | 41 | 13.1577 | 82
3819485510952 | 42 | 13.1577 | 82
7638971021905 | 43 | 13.1577 | 82
15277942043810 | 44 | 12.9625 | 34
30555884087621 | 45 | 12.9625 | 34
61111768175242 | 46 | 12.9625 | 34
122223536350485 | 47 | 12.9625 | 34
244447072700970 | 48 | 12.9625 | 34
488894145401940 | 49 | 4.6613e-310 | 3
488894145401941 | 49 | 11.329 | 31
977788290803882 | 50 | 11.329 | 31
1955576581607765 | 51 | 11.329 | 31
3911153163215530 | 52 | 11.0266 | 30
7822306326431060 | 53 | 11.0266 | 30
15644612652862121 | 54 | 11.0266 | 30
31289225305724242 | 55 | 11.0266 | 30
62578450611448484 | 56 | 11.0266 | 30
125156901222896969 | 57 | 11.0266 | 30
250313802445793939 | 58 | 11.0266 | 30
500627604891587878 | 59 | 11.0266 | 30
1001255209783175756 | 60 | 11.0266 | 30
2002510419566351513 | 61 | 11.0266 | 30
4005020839132703026 | 62 | 11.0266 | 30
8010041678265406052 | 63 | 11.0266 | 30
-2426660717178739511 | 64 | 11.0266 | 30
-4853321434357479021 | 65 | 11.0266 | 30
8740101204994593575 | 66 | 11.0266 | 30
-966541663720364466 | 67 | 11.0266 | 30
-1933083327440728931 | 68 | 11.0266 | 30
-3866166654881457861 | 69 | 11.0266 | 30
-7732333309762915722 | 70 | 0.168589 | 3
-7732333309762915721 | 70 | 10.7703 | 27
2982077454183720175 | 71 | 10.7703 | 27
5964154908367440350 | 72 | 10.7703 | 27
-6518434256974670915 | 73 | 10.7703 | 27
5409875559760209786 | 74 | 10.7703 | 27
-7626992954189132043 | 75 | 10.7703 | 27
3192758165331287531 | 76 | 10.7703 | 27
6385516330662575063 | 77 | 10.7703 | 27
-5675711412384401490 | 78 | 10.7703 | 27
7095321248940748637 | 79 | 10.7703 | 27
-4256101575828054342 | 80 | 10.7703 | 27
-8512203151656108683 | 81 | 10.7703 | 27
1422337770397334250 | 82 | 10.7703 | 27
2844675540794668500 | 83 | 10.7703 | 27
5689351081589337001 | 84 | 10.7703 | 27
-7068041910530877614 | 85 | 10.7703 | 27
4310660252647796389 | 86 | 10.7703 | 27
8621320505295592778 | 87 | 10.7703 | 27
-1204103063118366059 | 88 | 10.7703 | 27
-2408206126236732118 | 89 | 10.7703 | 27
-4816412252473464236 | 90 | 10.7703 | 27
8813919568762623144 | 91 | 2.73456 | 23
-818904936184305328 | 92 | 2.73456 | 23
-1637809872368610656 | 93 | 2.73456 | 23
-3275619744737221312 | 94 | 0.793195 | 9
-3275619744737221311 | 94 | 1.5494 | 14
-6551239489474442621 | 95 | 1.5494 | 14
5344265094760666375 | 96 | 1.5494 | 14
-7758213884188218866 | 97 | 1.5494 | 14
2930316305333113885 | 98 | 1.5494 | 14
5860632610666227771 | 99 | 1.5494 | 14
-6725478852377096074 | 100 | 1.5494 | 14
4995786368955359468 | 101 | 1.5494 | 14
-8455171335798832680 | 102 | 1.5494 | 14
1536401402111886256 | 103 | 1.5494 | 14
3072802804223772512 | 104 | 1.5494 | 14
6145605608447545025 | 105 | 1.5494 | 14
-6155532856814461565 | 106 | 1.5494 | 14
6135678360080628487 | 107 | 1.5494 | 14
-6175387353548294642 | 108 | 1.5494 | 14
6095969366612962333 | 109 | 1.5494 | 14
-6254805340483626950 | 110 | 1.5494 | 14
5937133392742297716 | 111 | 0.481058 | 1
5937133392742297717 | 111 | 1.47322 | 13
-6572477288224956182 | 112 | 0.0265698 | 7
-6572477288224956181 | 112 | 0 | 6
8813919568762623145 | 91 | 4.6613e-310 | 4
3911153163215531 | 52 | 4.6613e-310 | 1
15277942043811 | 44 | 13.1147 | 48
30555884087623 | 45 | 13.1147 | 48
61111768175247 | 46 | 13.1147 | 48
122223536350494 | 47 | 13.1147 | 48
244447072700989 | 48 | 13.1147 | 48
488894145401978 | 49 | 0.367516 | 7
488894145401979 | 49 | 12.4314 | 41
977788290803958 | 50 | 12.4314 | 41
1955576581607917 | 51 | 12.4314 | 41
3911153163215834 | 52 | 12.4314 | 41
7822306326431668 | 53 | 12.4314 | 41
15644612652863337 | 54 | 12.4314 | 41
31289225305726674 | 55 | 12.4314 | 41
62578450611453349 | 56 | 12.4314 | 41
125156901222906699 | 57 | 12.4314 | 41
250313802445813399 | 58 | 12.4314 | 41
500627604891626799 | 59 | 12.4314 | 41
1001255209783253599 | 60 | 12.4314 | 41
2002510419566507199 | 61 | 12.4314 | 41
4005020839133014398 | 62 | 12.4314 | 41
8010041678266028797 | 63 | 12.4314 | 41
-2426660717177494021 | 64 | 12.4314 | 41
-4853321434354988041 | 65 | 12.4314 | 41
8740101204999575534 | 66 | 12.4314 | 41
-966541663710400548 | 67 | 12.4314 | 41
-1933083327420801096 | 68 | 12.4314 | 41
-3866166654841602191 | 69 | 12.4314 | 41
-7732333309683204381 | 70 | 12.4314 | 41
2982077454343142855 | 71 | 12.4314 | 41
5964154908686285711 | 72 | 12.4314 | 41
-6518434256336980194 | 73 | 12.4314 | 41
5409875561035591228 | 74 | 12.4314 | 41
-7626992951638369160 | 75 | 12.4314 | 41
3192758170432813297 | 76 | 12.4314 | 41
6385516340865626594 | 77 | 12.4314 | 41
-5675711391978298428 | 78 | 12.4314 | 40
7095321289752954760 | 79 | 3.8276 | 28
-4256101494203642095 | 80 | 3.8276 | 28
-8512202988407284189 | 81 | 3.8276 | 28
1422338096894983238 | 82 | 3.8276 | 28
2844676193789966477 | 83 | 3.8276 | 28
5689352387579932955 | 84 | 3.8276 | 28
-7068039298549685706 | 85 | 3.8276 | 28
4310665476610180204 | 86 | 3.8276 | 28
8621330953220360409 | 87 | 3.8276 | 28
-1204082167268830798 | 88 | 0.132114 | 9
-1204082167268830797 | 88 | 1.93112 | 19
-2408164334537661593 | 89 | 1.93112 | 19
-4816328669075323186 | 90 | 1.93112 | 19
8814086735558905244 | 91 | 1.93112 | 19
-818570602591741127 | 92 | 1.93112 | 19
-1637141205183482253 | 93 | 1.93112 | 19
-3274282410366964506 | 94 | 1.93112 | 19
-6548564820733929012 | 95 | 0.481058 | 2
-6548564820733929011 | 95 | 1.93112 | 17
5349614432241693594 | 96 | 1.93112 | 17
-7747515209226164428 | 97 | 1.93112 | 16
2951713655257222761 | 98 | 1.93112 | 16
5903427310514445523 | 99 | 1.93112 | 16
-6639889452680660570 | 100 | 1.93112 | 16
5166965168348230476 | 101 | 1.93112 | 16
-8112813737013090663 | 102 | 1.93112 | 16
2221116599683370290 | 103 | 1.93112 | 16
4442233199366740580 | 104 | 0.737184 | 5
4442233199366740581 | 104 | 1.78534 | 11
8884466398733481163 | 105 | 1.78534 | 11
-677811276242589290 | 106 | 0.260319 | 3
-677811276242589289 | 106 | 4.6613e-310 | 8
-7747515209226164427 | 97 | 4.6613e-310 | 1
7095321289752954761 | 79 | 2.52122 | 12
-4256101494203642094 | 80 | 2.52122 | 12
-8512202988407284188 | 81 | 2.52122 | 12
1422338096894983241 | 82 | 2.52122 | 12
2844676193789966483 | 83 | 2.52122 | 12
5689352387579932966 | 84 | 2.52122 | 12
-7068039298549685683 | 85 | 2.52122 | 12
4310665476610180251 | 86 | 2.52122 | 12
8621330953220360502 | 87 | 2.52122 | 12
-1204082167268830611 | 88 | 2.52122 | 12
-2408164334537661221 | 89 | 2.52122 | 12
-4816328669075322442 | 90 | 2.52122 | 12
8814086735558906732 | 91 | 2.52122 | 12
-818570602591738152 | 92 | 0.033896 | 10
-818570602591738151 | 92 | 0.608901 | 2
-5675711391978298427 | 78 | 4.6613e-310 | 1
29839730555 | 35 | 13.0527 | 32
59679461110 | 36 | 13.0527 | 32
119358922221 | 37 | 13.0527 | 32
238717844443 | 38 | 13.0527 | 32
477435688887 | 39 | 13.0527 | 32
954871377774 | 40 | 4.57044 | 26
1909742755548 | 41 | 4.57044 | 26
3819485511096 | 42 | 4.57044 | 26
7638971022193 | 43 | 4.57044 | 26
15277942044386 | 44 | 4.57044 | 17
30555884088773 | 45 | 4.57044 | 17
61111768177546 | 46 | 4.6613e-310 | 9
61111768177547 | 46 | 4.6613e-310 | 8
15277942044387 | 44 | 4.6613e-310 | 9
954871377775 | 40 | 4.6613e-310 | 6
1821273 | 21 | 14.4939 | 132
3642547 | 22 | 14.4939 | 132
7285094 | 23 | 14.4939 | 132
14570188 | 24 | 14.4939 | 132
29140376 | 25 | 14.4939 | 132
58280753 | 26 | 14.4939 | 132
116561506 | 27 | 14.4939 | 132
233123012 | 28 | 9.09928 | 27
466246024 | 29 | 9.09928 | 27
932492048 | 30 | 9.09928 | 27
1864984096 | 31 | 4.6613e-310 | 1
1864984097 | 31 | 9.09928 | 26
3729968195 | 32 | 9.09928 | 26
7459936391 | 33 | 9.09928 | 26
14919872782 | 34 | 9.09928 | 26
29839745565 | 35 | 9.09928 | 26
59679491131 | 36 | 9.09928 | 26
119358982263 | 37 | 9.09928 | 26
238717964527 | 38 | 9.09928 | 26
477435929055 | 39 | 9.09928 | 26
954871858110 | 40 | 9.09928 | 26
1909743716220 | 41 | 9.09928 | 26
3819487432440 | 42 | 9.09928 | 26
7638974864881 | 43 | 9.09928 | 26
15277949729763 | 44 | 9.09928 | 26
30555899459527 | 45 | 9.09928 | 26
61111798919054 | 46 | 9.09928 | 26
122223597838109 | 47 | 9.09928 | 26
244447195676218 | 48 | 9.09928 | 26
488894391352437 | 49 | 9.09928 | 26
977788782704874 | 50 | 5.3516 | 16
1955577565409748 | 51 | 5.3516 | 16
3911155130819496 | 52 | 5.3516 | 16
7822310261638992 | 53 | 5.3516 | 16
15644620523277985 | 54 | 5.3516 | 16
31289241046555970 | 55 | 5.3516 | 14
62578482093111940 | 56 | 5.3516 | 14
125156964186223881 | 57 | 5.3516 | 14
250313928372447762 | 58 | 5.3516 | 13
500627856744895525 | 59 | 5.3516 | 13
1001255713489791051 | 60 | 5.3516 | 13
2002511426979582103 | 61 | 5.3516 | 13
4005022853959164206 | 62 | 2.99608 | 12
8010045707918328413 | 63 | 2.99608 | 12
-2426652657872894790 | 64 | 2.99608 | 12
-4853305315745789580 | 65 | 3.14982 | 2
-4853305315745789579 | 65 | 0.815435 | 10
4005022853959164207 | 62 | 4.6613e-310 | 1
250313928372447763 | 58 | 4.6613e-310 | 1
31289241046555971 | 55 | 4.6613e-310 | 2
977788782704875 | 50 | 4.6613e-310 | 10
233123013 | 28 | 11.5679 | 105
466246026 | 29 | 7.79338 | 39
932492052 | 30 | 7.79338 | 39
1864984104 | 31 | 7.79338 | 39
3729968208 | 32 | 7.79338 | 39
7459936416 | 33 | 7.79338 | 39
14919872832 | 34 | 5.72857 | 30
29839745664 | 35 | 5.72857 | 30
59679491328 | 36 | 5.72857 | 30
119358982656 | 37 | 5.72857 | 30
238717965312 | 38 | 5.72857 | 30
477435930624 | 39 | 5.72857 | 30
954871861248 | 40 | 5.72857 | 30
1909743722496 | 41 | 5.72857 | 30
3819487444993 | 42 | 5.72857 | 30
7638974889986 | 43 | 5.72857 | 30
15277949779972 | 44 | 0.490696 | 7
15277949779973 | 44 | 5.72857 | 23
30555899559947 | 45 | 5.72857 | 23
61111799119894 | 46 | 3.14982 | 10
61111799119895 | 46 | 2.74847 | 13
122223598239791 | 47 | 2.74847 | 13
244447196479583 | 48 | 2.74847 | 13
488894392959167 | 49 | 2.74847 | 13
977788785918334 | 50 | 2.74847 | 13
1955577571836668 | 51 | 2.74847 | 13
3911155143673336 | 52 | 2.37707 | 12
7822310287346673 | 53 | 2.37707 | 12
15644620574693346 | 54 | 2.37707 | 12
31289241149386692 | 55 | 2.37707 | 12
62578482298773384 | 56 | 2.37707 | 12
125156964597546769 | 57 | 2.37707 | 12
250313929195093538 | 58 | 0.516398 | 8
250313929195093539 | 58 | 4.32336 | 4
3911155143673337 | 52 | 4.6613e-310 | 1
14919872833 | 34 | 4.6613e-310 | 9
466246027 | 29 | 8.81243 | 66
932492055 | 30 | 8.81243 | 66
1864984110 | 31 | 7.75986 | 55
3729968220 | 32 | 2.6065 | 7
3729968221 | 32 | 6.69666 | 48
7459936442 | 33 | 6.69666 | 48
14919872885 | 34 | 6.69666 | 48
29839745771 | 35 | 6.69666 | 48
59679491543 | 36 | 6.69666 | 48
119358983087 | 37 | 6.69666 | 48
238717966175 | 38 | 6.69666 | 48
477435932351 | 39 | 6.69666 | 48
954871864702 | 40 | 6.69666 | 48
1909743729404 | 41 | 6.69666 | 48
3819487458808 | 42 | 6.69666 | 48
7638974917616 | 43 | 6.69666 | 48
15277949835233 | 44 | 6.69666 | 48
30555899670466 | 45 | 6.69666 | 48
61111799340933 | 46 | 6.69666 | 48
122223598681866 | 47 | 6.39963 | 14
244447197363733 | 48 | 6.39963 | 14
488894394727466 | 49 | 5.92563 | 6
488894394727467 | 49 | 4.87404 | 8
122223598681867 | 47 | 6.57271 | 34
244447197363734 | 48 | 6.57271 | 34
488894394727469 | 49 | 6.57271 | 34
977788789454939 | 50 | 6.57271 | 34
1955577578909878 | 51 | 6.57271 | 34
3911155157819756 | 52 | 6.57271 | 34
7822310315639513 | 53 | 6.57271 | 34
15644620631279026 | 54 | 4.31087 | 29
31289241262558052 | 55 | 3.35607 | 23
62578482525116105 | 56 | 3.35607 | 23
125156965050232210 | 57 | 3.35607 | 23
250313930100464421 | 58 | 3.35607 | 23
500627860200928843 | 59 | 3.35607 | 23
1001255720401857687 | 60 | 3.35607 | 23
2002511440803715374 | 61 | 3.05709 | 17
4005022881607430748 | 62 | 3.05709 | 17
8010045763214861496 | 63 | 3.05709 | 17
-2426652547279828624 | 64 | 3.05709 | 17
-4853305094559657247 | 65 | 3.05709 | 17
8740133884590237122 | 66 | 3.05709 | 17
-966476304529077371 | 67 | 3.05709 | 17
-1932952609058154741 | 68 | 3.05709 | 17
-3865905218116309482 | 69 | 3.05709 | 17
-7731810436232618963 | 70 | 3.05709 | 17
2983123201244313690 | 71 | 3.05709 | 17
5966246402488627381 | 72 | 3.05709 | 17
-6514251268732296854 | 73 | 3.05709 | 14
5418241536244957909 | 74 | 3.05709 | 14
-7610261001219635798 | 75 | 3.05709 | 14
3226222071270280021 | 76 | 3.05709 | 14
6452444142540560042 | 77 | 0.676579 | 5
6452444142540560043 | 77 | 1.17254 | 9
-6514251268732296853 | 73 | 4.6613e-310 | 3
2002511440803715375 | 61 | 4.6613e-310 | 6
31289241262558053 | 55 | 4.6613e-310 | 6
15644620631279027 | 54 | 4.6613e-310 | 5
1864984111 | 31 | 5.68441 | 11
3729968223 | 32 | 5.68441 | 11
7459936446 | 33 | 5.68441 | 11
14919872892 | 34 | 5.68441 | 11
29839745784 | 35 | 4.6613e-310 | 5
29839745785 | 35 | 4.6613e-310 | 6
