ID | Depth | diameter | Number of points
0 | 0 | 29.316 | 1600
1 | 1 | 29.316 | 1600
2 | 2 | 29.316 | 1318
4 | 3 | 28.9025 | 487
8 | 4 | 28.9025 | 487
16 | 5 | 22.2059 | 183
32 | 6 | 22.2059 | 183
65 | 7 | 22.2059 | 183
130 | 8 | 22.2059 | 183
261 | 9 | 22.2059 | 183
522 | 10 | 16.6009 | 55
1044 | 11 | 16.6009 | 55
2088 | 12 | 16.6009 | 55
4177 | 13 | 16.6009 | 55
8354 | 14 | 16.6009 | 55
16709 | 15 | 16.6009 | 55
33418 | 16 | 14.9304 | 36
66837 | 17 | 14.9304 | 36
133674 | 18 | 14.9304 | 36
267348 | 19 | 6.9319e-310 | 6
267349 | 19 | 12.306 | 30
534699 | 20 | 12.306 | 30
1069398 | 21 | 12.306 | 30
2138797 | 22 | 12.306 | 30
4277594 | 23 | 12.306 | 30
8555188 | 24 | 12.306 | 30
17110376 | 25 | 12.306 | 30
34220752 | 26 | 12.306 | 30
68441504 | 27 | 5.20738 | 13
136883008 | 28 | 5.20738 | 13
273766017 | 29 | 5.20738 | 13
547532034 | 30 | 5.20738 | 13
1095064068 | 31 | 5.20738 | 13
2190128137 | 32 | 5.20738 | 13
4380256275 | 33 | 5.20738 | 13
8760512550 | 34 | 1.84215 | 2
8760512551 | 34 | 3.53041 | 11
17521025102 | 35 | 3.53041 | 11
35042050204 | 36 | 3.53041 | 11
70084100409 | 37 | 3.53041 | 11
140168200818 | 38 | 3.53041 | 11
280336401636 | 39 | 3.53041 | 11
560672803272 | 40 | 58.8807 | 5
560672803273 | 40 | 4.68058e-310 | 6
68441505 | 27 | 9.53296 | 17
136883011 | 28 | 9.53296 | 17
273766023 | 29 | 9.53296 | 17
547532047 | 30 | 9.53296 | 17
1095064094 | 31 | 9.53296 | 17
2190128189 | 32 | 9.53296 | 17
4380256379 | 33 | 9.53296 | 17
8760512759 | 34 | 9.53296 | 17
17521025518 | 35 | 9.53296 | 17
35042051037 | 36 | 9.53296 | 17
70084102074 | 37 | 8.2477 | 15
140168204148 | 38 | 8.2477 | 15
280336408296 | 39 | 8.2477 | 15
560672816592 | 40 | 8.2477 | 15
1121345633185 | 41 | 8.2477 | 15
2242691266370 | 42 | 8.2477 | 15
4485382532740 | 43 | 7.48105 | 14
8970765065481 | 44 | 7.48105 | 14
17941530130963 | 45 | 7.48105 | 14
35883060261927 | 46 | 7.48105 | 14
71766120523855 | 47 | 7.48105 | 14
143532241047711 | 48 | 7.48105 | 14
287064482095423 | 49 | 7.48105 | 14
574128964190847 | 50 | 7.48105 | 14
1148257928381694 | 51 | 5.19754 | 11
2296515856763388 | 52 | 5.19754 | 11
4593031713526777 | 53 | 5.19754 | 11
9186063427053554 | 54 | 4.68058e-310 | 4
9186063427053555 | 54 | 12.9202 | 7
1148257928381695 | 51 | 4.68058e-310 | 3
4485382532741 | 43 | 4.68058e-310 | 1
70084102075 | 37 | 4.68058e-310 | 2
33419 | 16 | 7.69077 | 19
66838 | 17 | 7.69077 | 19
133677 | 18 | 7.69077 | 19
267355 | 19 | 7.69077 | 19
534711 | 20 | 7.69077 | 19
1069422 | 21 | 4.68058e-310 | 10
1069423 | 21 | 4.68058e-310 | 9
523 | 10 | 14.5143 | 128
1046 | 11 | 14.3945 | 71
2092 | 12 | 4.68058e-310 | 7
2093 | 12 | 12.0311 | 64
4186 | 13 | 10.2381 | 23
8372 | 14 | 10.2381 | 23
16744 | 15 | 10.2381 | 23
33488 | 16 | 10.2381 | 23
66977 | 17 | 10.2381 | 23
133955 | 18 | 10.2381 | 23
267910 | 19 | 6.9319e-310 | 2
267911 | 19 | 10.2381 | 21
535822 | 20 | 10.2381 | 21
1071644 | 21 | 10.2381 | 21
2143289 | 22 | 10.2381 | 21
4286578 | 23 | 10.2381 | 21
8573156 | 24 | 10.2381 | 21
17146312 | 25 | 10.2381 | 21
34292625 | 26 | 10.2381 | 21
68585251 | 27 | 10.2381 | 21
137170503 | 28 | 10.2381 | 21
274341007 | 29 | 10.2381 | 21
548682015 | 30 | 10.2381 | 21
1097364030 | 31 | 10.2381 | 21
2194728060 | 32 | 10.2381 | 21
4389456120 | 33 | 10.2381 | 21
8778912241 | 34 | 10.2381 | 21
17557824483 | 35 | 10.2381 | 21
35115648967 | 36 | 10.2381 | 21
70231297935 | 37 | 10.2381 | 21
140462595871 | 38 | 10.2381 | 21
280925191742 | 39 | 8.21032 | 10
280925191743 | 39 | 3.57365 | 11
561850383487 | 40 | 3.57365 | 11
1123700766975 | 41 | 3.57365 | 11
2247401533950 | 42 | 3.57365 | 11
4494803067900 | 43 | 3.57365 | 11
8989606135800 | 44 | 0.876673 | 6
8989606135801 | 44 | 4.68058e-310 | 5
4187 | 13 | 9.17429 | 41
8374 | 14 | 8.75753 | 18
16749 | 15 | 8.75753 | 18
33499 | 16 | 8.75753 | 18
66998 | 17 | 8.75753 | 18
133997 | 18 | 8.75753 | 18
267994 | 19 | 8.75753 | 18
535989 | 20 | 8.75753 | 18
1071979 | 21 | 8.75753 | 18
2143959 | 22 | 8.75753 | 18
4287919 | 23 | 8.75753 | 18
8575839 | 24 | 8.75753 | 18
17151679 | 25 | 8.75753 | 18
34303358 | 26 | 4.68058e-310 | 1
34303359 | 26 | 8.75753 | 17
68606719 | 27 | 8.75753 | 17
137213439 | 28 | 8.75753 | 17
274426878 | 29 | 8.75753 | 17
548853757 | 30 | 8.75753 | 17
1097707515 | 31 | 8.75753 | 17
2195415030 | 32 | 8.75753 | 17
4390830061 | 33 | 8.75753 | 17
8781660123 | 34 | 8.75753 | 17
17563320246 | 35 | 8.75753 | 17
35126640493 | 36 | 8.75753 | 17
70253280987 | 37 | 8.75753 | 17
140506561974 | 38 | 8.75753 | 17
281013123948 | 39 | 8.34845 | 16
562026247896 | 40 | 6.9305 | 14
1124052495792 | 41 | 6.9305 | 14
2248104991584 | 42 | 3.00047 | 11
4496209983169 | 43 | 3.00047 | 11
8992419966338 | 44 | 4.68058e-310 | 4
8992419966339 | 44 | 4.68058e-310 | 7
2248104991585 | 42 | 4.68058e-310 | 3
562026247897 | 40 | 4.68058e-310 | 2
281013123949 | 39 | 4.68058e-310 | 1
8375 | 14 | 9.17429 | 23
16751 | 15 | 9.17429 | 23
33502 | 16 | 9.17429 | 23
67004 | 17 | 9.17429 | 23
134008 | 18 | 9.17429 | 23
268017 | 19 | 9.17429 | 23
536034 | 20 | 9.17429 | 15
1072069 | 21 | 9.17429 | 15
2144138 | 22 | 4.68058e-310 | 1
2144139 | 22 | 6.24896 | 14
4288278 | 23 | 6.24896 | 14
8576556 | 24 | 4.68058e-310 | 5
8576557 | 24 | 4.68058e-310 | 9
536035 | 20 | 4.68058e-310 | 8
1047 | 11 | 14.4703 | 57
2094 | 12 | 11.6749 | 43
4188 | 13 | 11.6749 | 43
8376 | 14 | 11.6749 | 43
16752 | 15 | 11.6749 | 43
33504 | 16 | 11.6749 | 43
67008 | 17 | 11.6749 | 43
134017 | 18 | 11.6749 | 43
268034 | 19 | 11.6749 | 43
536069 | 20 | 11.6749 | 43
1072139 | 21 | 11.6749 | 43
2144279 | 22 | 11.6749 | 43
4288558 | 23 | 11.6749 | 43
8577116 | 24 | 10.7567 | 40
17154232 | 25 | 10.7567 | 40
34308464 | 26 | 10.7567 | 40
68616929 | 27 | 10.7567 | 40
137233859 | 28 | 10.7567 | 40
274467718 | 29 | 10.7567 | 40
548935436 | 30 | 10.7567 | 40
1097870872 | 31 | 7.12652 | 13
2195741745 | 32 | 7.12652 | 13
4391483490 | 33 | 7.12652 | 13
8782966981 | 34 | 7.12652 | 13
17565933962 | 35 | 7.12652 | 13
35131867924 | 36 | 1.54822 | 12
70263735849 | 37 | 1.54822 | 12
140527471698 | 38 | 4.68058e-310 | 5
140527471699 | 38 | 4.68058e-310 | 7
35131867925 | 36 | 4.68058e-310 | 1
1097870873 | 31 | 8.41115 | 27
2195741746 | 32 | 8.41115 | 27
4391483492 | 33 | 4.68058e-310 | 8
4391483493 | 33 | 5.24389 | 19
8782966987 | 34 | 5.24389 | 19
17565933975 | 35 | 5.24389 | 19
35131867951 | 36 | 5.24389 | 19
70263735902 | 37 | 5.24389 | 19
140527471805 | 38 | 5.24389 | 19
281054943610 | 39 | 5.24389 | 19
562109887220 | 40 | 5.24389 | 19
1124219774440 | 41 | 5.24389 | 19
2248439548880 | 42 | 5.24389 | 19
4496879097760 | 43 | 5.24389 | 19
8993758195521 | 44 | 5.24389 | 19
17987516391043 | 45 | 5.24389 | 19
35975032782086 | 46 | 5.24389 | 19
71950065564172 | 47 | 5.24389 | 19
143900131128344 | 48 | 5.24389 | 19
287800262256688 | 49 | 5.24389 | 19
575600524513376 | 50 | 5.24389 | 19
1151201049026753 | 51 | 5.24389 | 19
2302402098053506 | 52 | 5.24389 | 19
4604804196107013 | 53 | 5.24389 | 19
9209608392214027 | 54 | 5.24389 | 19
18419216784428055 | 55 | 5.24389 | 19
36838433568856110 | 56 | 5.24389 | 19
73676867137712221 | 57 | 5.24389 | 19
147353734275424443 | 58 | 5.24389 | 19
294707468550848886 | 59 | 5.24389 | 19
589414937101697772 | 60 | 5.24389 | 19
1178829874203395545 | 61 | 5.24389 | 19
2357659748406791091 | 62 | 5.24389 | 19
4715319496813582182 | 63 | 5.24389 | 19
-9016105080082387252 | 64 | 5.24389 | 19
414533913544777113 | 65 | 5.24389 | 19
829067827089554226 | 66 | 5.24389 | 19
1658135654179108452 | 67 | 5.24389 | 19
3316271308358216904 | 68 | 5.24389 | 19
6632542616716433809 | 69 | 5.24389 | 19
-5181658840276683998 | 70 | 5.24389 | 19
8083426393156183621 | 71 | 5.24389 | 19
-2279891287397184373 | 72 | 5.24389 | 19
-4559782574794368746 | 73 | 5.24389 | 19
-9119565149588737491 | 74 | 5.24389 | 19
207613774532076635 | 75 | 5.24389 | 19
415227549064153270 | 76 | 5.24389 | 19
830455098128306541 | 77 | 5.24389 | 19
1660910196256613083 | 78 | 5.24389 | 19
3321820392513226166 | 79 | 5.24389 | 19
6643640785026452332 | 80 | 5.24389 | 19
-5159462503656646952 | 81 | 5.24389 | 19
8127819066396257712 | 82 | 5.24389 | 19
-2191105940917036192 | 83 | 5.24389 | 16
-4382211881834072383 | 84 | 5.24389 | 16
-8764423763668144766 | 85 | 5.24389 | 16
917896546373262084 | 86 | 5.24389 | 16
1835793092746524168 | 87 | 5.24389 | 16
3671586185493048337 | 88 | 5.24389 | 16
7343172370986096675 | 89 | 5.24389 | 16
-3760399331737358266 | 90 | 4.68058e-310 | 9
-3760399331737358265 | 90 | 6.9319e-310 | 7
-2191105940917036191 | 83 | 4.68058e-310 | 3
8577117 | 24 | 4.68058e-310 | 3
2095 | 12 | 7.16671 | 14
4190 | 13 | 7.16671 | 14
8380 | 14 | 7.16671 | 14
16760 | 15 | 6.95094 | 12
33520 | 16 | 4.68058e-310 | 2
33521 | 16 | 4.68058e-310 | 10
16761 | 15 | 4.68058e-310 | 2
17 | 5 | 28.6527 | 304
35 | 6 | 28.6527 | 304
70 | 7 | 28.6527 | 304
141 | 8 | 28.6527 | 304
283 | 9 | 28.6527 | 304
566 | 10 | 18.4505 | 46
1132 | 11 | 18.4505 | 46
2264 | 12 | 18.4505 | 46
4528 | 13 | 18.4505 | 46
9056 | 14 | 18.4505 | 46
18112 | 15 | 18.4505 | 45
36224 | 16 | 18.4505 | 45
72448 | 17 | 18.4505 | 45
144896 | 18 | 8.26396 | 28
289792 | 19 | 8.26396 | 28
579585 | 20 | 8.26396 | 28
1159171 | 21 | 8.26396 | 28
2318342 | 22 | 6.51148 | 19
4636684 | 23 | 6.51148 | 19
9273369 | 24 | 6.51148 | 19
18546739 | 25 | 6.51148 | 19
37093479 | 26 | 6.51148 | 19
74186959 | 27 | 6.51148 | 19
148373918 | 28 | 6.51148 | 19
296747837 | 29 | 6.51148 | 19
593495675 | 30 | 6.51148 | 19
1186991351 | 31 | 6.51148 | 19
2373982702 | 32 | 6.51148 | 19
4747965405 | 33 | 6.51148 | 19
9495930810 | 34 | 4.68058e-310 | 10
9495930811 | 34 | 4.68058e-310 | 9
2318343 | 22 | 4.68058e-310 | 9
144897 | 18 | 15.9222 | 17
289795 | 19 | 15.9222 | 17
579590 | 20 | 6.2873 | 7
579591 | 20 | 4.68058e-310 | 10
18113 | 15 | 4.68058e-310 | 1
567 | 10 | 17.089 | 258
1134 | 11 | 17.089 | 258
2268 | 12 | 17.089 | 258
4536 | 13 | 17.089 | 258
9073 | 14 | 17.089 | 258
18147 | 15 | 17.089 | 258
36294 | 16 | 7.68184 | 18
72589 | 17 | 7.68184 | 18
145179 | 18 | 7.68184 | 18
290359 | 19 | 7.68184 | 18
580718 | 20 | 7.68184 | 18
1161436 | 21 | 7.68184 | 18
2322872 | 22 | 7.68184 | 18
4645744 | 23 | 4.68058e-310 | 4
4645745 | 23 | 7.3909 | 14
9291490 | 24 | 7.3909 | 14
18582980 | 25 | 7.3909 | 14
37165960 | 26 | 7.3909 | 14
74331921 | 27 | 7.3909 | 14
148663842 | 28 | 7.3909 | 14
297327684 | 29 | 7.3909 | 14
594655369 | 30 | 7.3909 | 14
1189310738 | 31 | 7.3909 | 14
2378621476 | 32 | 7.3909 | 14
4757242953 | 33 | 7.3909 | 14
9514485907 | 34 | 7.3909 | 14
19028971815 | 35 | 7.3909 | 14
38057943631 | 36 | 7.3909 | 14
76115887262 | 37 | 7.3909 | 14
152231774525 | 38 | 7.3909 | 14
304463549050 | 39 | 7.3909 | 14
608927098100 | 40 | 7.3909 | 14
1217854196200 | 41 | 7.3909 | 14
2435708392400 | 42 | 7.3909 | 14
4871416784800 | 43 | 7.3909 | 14
9742833569600 | 44 | 4.68058e-310 | 2
9742833569601 | 44 | 6.77119 | 12
19485667139202 | 45 | 6.77119 | 12
38971334278404 | 46 | 6.77119 | 12
77942668556808 | 47 | 6.77119 | 12
155885337113617 | 48 | 6.77119 | 12
311770674227234 | 49 | 6.77119 | 12
623541348454468 | 50 | 6.77119 | 12
1247082696908936 | 51 | 6.77119 | 12
2494165393817872 | 52 | 6.77119 | 12
4988330787635744 | 53 | 6.77119 | 12
9976661575271489 | 54 | 6.77119 | 12
19953323150542978 | 55 | 6.77119 | 12
39906646301085956 | 56 | 4.68058e-310 | 4
39906646301085957 | 56 | 4.68058e-310 | 8
36295 | 16 | 15.7615 | 240
72591 | 17 | 15.7615 | 240
145183 | 18 | 15.7615 | 240
290367 | 19 | 15.7615 | 240
580734 | 20 | 15.7615 | 240
1161468 | 21 | 15.7615 | 240
2322937 | 22 | 15.7615 | 240
4645874 | 23 | 15.7615 | 240
9291749 | 24 | 15.7615 | 240
18583499 | 25 | 15.7615 | 240
37166998 | 26 | 15.7615 | 240
74333997 | 27 | 15.7615 | 240
148667994 | 28 | 15.7615 | 240
297335989 | 29 | 15.7615 | 240
594671979 | 30 | 15.7615 | 240
1189343958 | 31 | 12.634 | 117
2378687916 | 32 | 12.634 | 117
4757375833 | 33 | 12.634 | 117
9514751667 | 34 | 12.634 | 117
19029503335 | 35 | 12.634 | 117
38059006670 | 36 | 12.634 | 117
76118013340 | 37 | 12.634 | 117
152236026680 | 38 | 12.634 | 117
304472053361 | 39 | 12.634 | 117
608944106722 | 40 | 12.634 | 117
1217888213444 | 41 | 12.634 | 117
2435776426889 | 42 | 12.634 | 117
4871552853778 | 43 | 12.634 | 117
9743105707556 | 44 | 12.1465 | 46
19486211415112 | 45 | 4.40269 | 13
38972422830224 | 46 | 1.63042e-322 | 2
38972422830225 | 46 | 3.43273 | 11
77944845660450 | 47 | 3.43273 | 11
155889691320900 | 48 | 1.63042e-322 | 2
155889691320901 | 48 | 1.63042e-322 | 9
19486211415113 | 45 | 9.92708 | 33
38972422830226 | 46 | 9.92708 | 26
77944845660453 | 47 | 9.92708 | 26
155889691320906 | 48 | 1.63042e-322 | 2
155889691320907 | 48 | 9.83971 | 24
311779382641815 | 49 | 9.83971 | 24
623558765283631 | 50 | 9.83971 | 24
1247117530567263 | 51 | 9.83971 | 24
2494235061134527 | 52 | 9.83971 | 24
4988470122269055 | 53 | 9.83971 | 24
9976940244538111 | 54 | 9.83971 | 24
19953880489076222 | 55 | 9.83971 | 24
39907760978152445 | 56 | 9.83971 | 24
79815521956304891 | 57 | 9.83971 | 24
159631043912609782 | 58 | 9.83971 | 24
319262087825219564 | 59 | 9.83971 | 24
638524175650439128 | 60 | 9.83971 | 24
1277048351300878256 | 61 | 9.83971 | 24
2554096702601756512 | 62 | 9.83971 | 24
5108193405203513024 | 63 | 9.83971 | 24
-8230357263302525568 | 64 | 9.83971 | 24
1986029547104500480 | 65 | 9.83971 | 24
3972059094209000960 | 66 | 9.83971 | 24
7944118188418001920 | 67 | 9.83971 | 24
-2558507696873547775 | 68 | 9.83971 | 24
-5117015393747095550 | 69 | 9.83971 | 24
8212713286215360517 | 70 | 9.83971 | 24
-2021317501278830582 | 71 | 9.83971 | 24
-4042635002557661163 | 72 | 9.83971 | 24
-8085270005115322326 | 73 | 9.83971 | 22
2276204063478906965 | 74 | 9.83971 | 22
4552408126957813931 | 75 | 9.83971 | 22
9104816253915627863 | 76 | 9.83971 | 22
-237111565878295890 | 77 | 9.83971 | 22
-474223131756591780 | 78 | 1.63042e-322 | 3
-474223131756591779 | 78 | 5.09903 | 19
-948446263513183557 | 79 | 5.09903 | 19
-1896892527026367113 | 80 | 5.09903 | 19
-3793785054052734226 | 81 | 4.7759 | 16
-7587570108105468452 | 82 | 1.63042e-322 | 1
-7587570108105468451 | 82 | 3.88695 | 15
3271603857498614715 | 83 | 3.88695 | 15
6543207714997229431 | 84 | 3.88695 | 15
-5360328643715092754 | 85 | 1.63042e-322 | 7
-5360328643715092753 | 85 | 1.63042e-322 | 8
-3793785054052734225 | 81 | 1.63042e-322 | 3
-8085270005115322325 | 73 | 1.63042e-322 | 2
38972422830227 | 46 | 1.63042e-322 | 7
9743105707557 | 44 | 12.2979 | 71
19486211415114 | 45 | 12.2979 | 71
38972422830229 | 46 | 12.2979 | 71
77944845660458 | 47 | 12.2979 | 71
155889691320916 | 48 | 12.2979 | 71
311779382641832 | 49 | 12.2979 | 71
623558765283665 | 50 | 12.2979 | 71
1247117530567330 | 51 | 10.0471 | 58
2494235061134660 | 52 | 10.0471 | 37
4988470122269321 | 53 | 10.0471 | 37
9976940244538642 | 54 | 4.56431 | 21
19953880489077285 | 55 | 4.56431 | 21
39907760978154571 | 56 | 4.56431 | 21
79815521956309142 | 57 | 1.63042e-322 | 6
79815521956309143 | 57 | 2.61636 | 15
159631043912618286 | 58 | 1.63042e-322 | 4
159631043912618287 | 58 | 2.61636 | 11
319262087825236574 | 59 | 2.61636 | 11
638524175650473148 | 60 | 2.61636 | 11
1277048351300946297 | 61 | 2.61636 | 11
2554096702601892595 | 62 | 2.61636 | 11
5108193405203785191 | 63 | 2.61636 | 11
-8230357263301981234 | 64 | 2.61636 | 11
1986029547105589149 | 65 | 2.61636 | 11
3972059094211178299 | 66 | 2.61636 | 11
7944118188422356598 | 67 | 2.61636 | 11
-2558507696864838420 | 68 | 4.68058e-310 | 5
-2558507696864838419 | 68 | 4.68058e-310 | 6
9976940244538643 | 54 | 8.02715 | 16
19953880489077286 | 55 | 4.68058e-310 | 8
19953880489077287 | 55 | 4.68058e-310 | 8
2494235061134661 | 52 | 2.9486 | 21
4988470122269322 | 53 | 2.9486 | 21
9976940244538645 | 54 | 2.9486 | 21
19953880489077290 | 55 | 2.9486 | 21
39907760978154581 | 56 | 2.9486 | 21
79815521956309163 | 57 | 2.9486 | 21
159631043912618326 | 58 | 3.14215 | 2
159631043912618327 | 58 | 2.9486 | 19
319262087825236655 | 59 | 2.9486 | 19
638524175650473311 | 60 | 2.9486 | 19
1277048351300946623 | 61 | 2.9486 | 19
2554096702601893246 | 62 | 2.9486 | 19
5108193405203786493 | 63 | 2.9486 | 19
-8230357263301978630 | 64 | 1.63042e-322 | 3
-8230357263301978629 | 64 | 2.68544 | 16
1986029547105594358 | 65 | 1.7212 | 11
3972059094211188716 | 66 | 1.7212 | 11
7944118188422377432 | 67 | 1.7212 | 11
-2558507696864796751 | 68 | 1.7212 | 11
-5117015393729593502 | 69 | 1.7212 | 11
8212713286250364612 | 70 | 1.7212 | 11
-2021317501208822392 | 71 | 1.63042e-322 | 7
-2021317501208822391 | 71 | 1.63042e-322 | 4
1986029547105594359 | 65 | 1.63042e-322 | 5
1247117530567331 | 51 | 3.01201 | 13
2494235061134663 | 52 | 3.01201 | 13
4988470122269326 | 53 | 3.01201 | 13
9976940244538653 | 54 | 3.01201 | 13
19953880489077306 | 55 | 3.01201 | 13
39907760978154612 | 56 | 3.01201 | 13
79815521956309225 | 57 | 3.01201 | 13
159631043912618451 | 58 | 3.01201 | 13
319262087825236903 | 59 | 3.01201 | 13
638524175650473807 | 60 | 3.01201 | 13
1277048351300947615 | 61 | 3.01201 | 13
2554096702601895230 | 62 | 1.63042e-322 | 5
2554096702601895231 | 62 | 1.63042e-322 | 8
1189343959 | 31 | 9.69525 | 123
2378687918 | 32 | 9.69525 | 123
4757375836 | 33 | 9.69525 | 123
9514751672 | 34 | 9.69525 | 123
19029503344 | 35 | 9.69525 | 123
38059006689 | 36 | 9.69525 | 123
76118013378 | 37 | 9.69525 | 123
152236026757 | 38 | 9.69525 | 123
304472053515 | 39 | 9.69525 | 123
608944107031 | 40 | 9.69525 | 123
1217888214063 | 41 | 9.69525 | 123
2435776428127 | 42 | 9.69525 | 123
4871552856255 | 43 | 9.69525 | 123
9743105712510 | 44 | 9.69525 | 123
19486211425020 | 45 | 9.69525 | 123
38972422850040 | 46 | 9.69525 | 123
77944845700080 | 47 | 8.57289 | 48
155889691400160 | 48 | 8.57289 | 48
311779382800320 | 49 | 8.57289 | 48
623558765600641 | 50 | 8.57289 | 48
1247117531201283 | 51 | 8.57289 | 48
2494235062402567 | 52 | 8.57289 | 48
4988470124805135 | 53 | 8.57289 | 48
9976940249610270 | 54 | 1.63042e-322 | 1
9976940249610271 | 54 | 8.32334 | 47
19953880499220542 | 55 | 8.32334 | 47
39907760998441085 | 56 | 8.32334 | 47
79815521996882170 | 57 | 7.34674 | 45
159631043993764341 | 58 | 7.34674 | 45
319262087987528683 | 59 | 7.34674 | 45
638524175975057367 | 60 | 7.34674 | 45
1277048351950114735 | 61 | 7.34674 | 45
2554096703900229470 | 62 | 7.34674 | 36
5108193407800458940 | 63 | 7.34674 | 36
-8230357258108633735 | 64 | 7.34674 | 36
1986029557492284147 | 65 | 7.34674 | 36
3972059114984568294 | 66 | 7.34674 | 36
7944118229969136589 | 67 | 7.34674 | 36
-2558507613771278438 | 68 | 7.34674 | 36
-5117015227542556875 | 69 | 7.34674 | 36
8212713618624437866 | 70 | 3.93282 | 19
-2021316836460675884 | 71 | 3.93282 | 19
-4042633672921351767 | 72 | 3.93282 | 19
-8085267345842703534 | 73 | 3.93282 | 19
2276209382024144549 | 74 | 3.93282 | 19
4552418764048289099 | 75 | 3.93282 | 19
9104837528096578199 | 76 | 3.93282 | 19
-237069017516395217 | 77 | 3.93282 | 19
-474138035032790434 | 78 | 2.71634 | 12
-948276070065580868 | 79 | 2.71634 | 12
-1896552140131161736 | 80 | 2.71634 | 12
-3793104280262323472 | 81 | 2.71634 | 12
-7586208560524646943 | 82 | 2.71634 | 12
3274326952660257730 | 83 | 2.71634 | 12
6548653905320515461 | 84 | 2.71634 | 12
-5349436263068520694 | 85 | 2.71634 | 12
7747871547572510228 | 86 | 2.71634 | 12
-2951000978564531159 | 87 | 2.71634 | 12
-5902001957129062317 | 88 | 2.71634 | 12
6642740159451426982 | 89 | 2.71634 | 12
-5161263754806697651 | 90 | 2.71634 | 12
8124216564096156315 | 91 | 2.71634 | 12
-2198310945517238985 | 92 | 2.71634 | 12
-4396621891034477970 | 93 | 2.71634 | 12
-8793243782068955939 | 94 | 2.71634 | 12
860256509571639738 | 95 | 0.603411 | 10
860256509571639739 | 95 | 2.38842 | 2
-474138035032790433 | 78 | 4.68058e-310 | 7
8212713618624437867 | 70 | 3.0777 | 17
-2021316836460675882 | 71 | 3.0777 | 17
-4042633672921351763 | 72 | 3.0777 | 17
-8085267345842703526 | 73 | 3.0777 | 17
2276209382024144564 | 74 | 3.0777 | 17
4552418764048289129 | 75 | 3.0777 | 17
9104837528096578259 | 76 | 3.0777 | 17
-237069017516395098 | 77 | 3.0777 | 17
-474138035032790196 | 78 | 4.68058e-310 | 5
-474138035032790195 | 78 | 2.11353 | 12
-948276070065580390 | 79 | 2.11353 | 12
-1896552140131160780 | 80 | 2.11353 | 12
-3793104280262321560 | 81 | 4.68058e-310 | 8
-3793104280262321559 | 81 | 0.670445 | 4
2554096703900229471 | 62 | 4.68058e-310 | 9
79815521996882171 | 57 | 4.68058e-310 | 2
77944845700081 | 47 | 8.70424 | 75
155889691400163 | 48 | 8.70424 | 75
311779382800327 | 49 | 8.70424 | 75
623558765600655 | 50 | 8.70424 | 75
1247117531201311 | 51 | 8.70424 | 75
2494235062402623 | 52 | 8.70424 | 75
4988470124805247 | 53 | 8.70424 | 75
9976940249610495 | 54 | 8.70424 | 75
19953880499220991 | 55 | 8.70424 | 75
39907760998441983 | 56 | 8.70424 | 75
79815521996883967 | 57 | 8.70424 | 75
159631043993767934 | 58 | 8.70424 | 75
319262087987535869 | 59 | 8.70424 | 75
638524175975071739 | 60 | 8.70424 | 75
1277048351950143478 | 61 | 8.70424 | 75
2554096703900286956 | 62 | 8.70424 | 75
5108193407800573912 | 63 | 7.27975 | 63
-8230357258108403792 | 64 | 7.27975 | 63
1986029557492744033 | 65 | 7.27975 | 63
3972059114985488066 | 66 | 7.27975 | 63
7944118229970976132 | 67 | 2.17886 | 19
-2558507613767599351 | 68 | 2.17886 | 19
-5117015227535198702 | 69 | 2.17886 | 19
8212713618639154213 | 70 | 2.17886 | 19
-2021316836431243190 | 71 | 2.17886 | 19
-4042633672862486379 | 72 | 2.17886 | 19
-8085267345724972758 | 73 | 2.17886 | 19
2276209382259606100 | 74 | 2.17886 | 19
4552418764519212200 | 75 | 0 | 8
4552418764519212201 | 75 | 1.64743 | 11
9104837529038424402 | 76 | 1.64743 | 11
-237069015632702812 | 77 | 3.21143e-322 | 10
-237069015632702811 | 77 | 3.21143e-322 | 1
7944118229970976133 | 67 | 5.11646 | 44
-2558507613767599350 | 68 | 5.11646 | 44
-5117015227535198700 | 69 | 5.11646 | 44
8212713618639154216 | 70 | 5.11646 | 44
-2021316836431243183 | 71 | 5.11646 | 44
-4042633672862486366 | 72 | 5.11646 | 44
-8085267345724972732 | 73 | 5.11646 | 44
2276209382259606153 | 74 | 5.11646 | 44
4552418764519212307 | 75 | 5.11646 | 44
9104837529038424614 | 76 | 5.11646 | 44
-237069015632702387 | 77 | 5.11646 | 44
-474138031265404773 | 78 | 5.11646 | 44
-948276062530809546 | 79 | 5.11646 | 44
-1896552125061619092 | 80 | 5.11646 | 44
-3793104250123238184 | 81 | 5.11646 | 44
-7586208500246476367 | 82 | 5.11646 | 44
3274327073216598883 | 83 | 5.11646 | 44
6548654146433197767 | 84 | 5.11646 | 44
-5349435780843156081 | 85 | 5.11646 | 44
7747872512023239454 | 86 | 5.11646 | 44
-2950999049663072707 | 87 | 5.11646 | 44
-5901998099326145414 | 88 | 5.11646 | 44
6642747875057260788 | 89 | 5.11646 | 44
-5161248323595030039 | 90 | 5.11646 | 44
8124247426519491539 | 91 | 5.11646 | 44
-2198249220670568538 | 92 | 5.11646 | 44
-4396498441341137075 | 93 | 5.11646 | 44
-8792996882682274150 | 94 | 5.11646 | 44
860750308345003316 | 95 | 4.72208 | 16
1721500616690006632 | 96 | 3.21143e-322 | 8
1721500616690006633 | 96 | 3.21143e-322 | 8
860750308345003317 | 95 | 4.94309 | 28
1721500616690006634 | 96 | 3.21143e-322 | 2
1721500616690006635 | 96 | 4.73372 | 26
3443001233380013271 | 97 | 4.73372 | 26
6886002466760026542 | 98 | 3.21143e-322 | 7
6886002466760026543 | 98 | 4.73372 | 19
-4674739140189498529 | 99 | 4.73372 | 19
9097265793330554558 | 100 | 4.73372 | 19
-252212487048442500 | 101 | 4.73372 | 19
-504424974096884999 | 102 | 4.73372 | 19
-1008849948193769998 | 103 | 4.73372 | 19
-2017699896387539996 | 104 | 4.73372 | 19
-4035399792775079992 | 105 | 6.57024 | 9
-4035399792775079991 | 105 | 4.467 | 10
5108193407800573913 | 63 | 1.77281 | 12
-8230357258108403790 | 64 | 1.77281 | 12
1986029557492744037 | 65 | 1.77281 | 12
3972059114985488074 | 66 | 1.77281 | 12
7944118229970976149 | 67 | 1.77281 | 12
-2558507613767599318 | 68 | 1.77281 | 12
-5117015227535198636 | 69 | 4.68058e-310 | 6
-5117015227535198635 | 69 | 4.68058e-310 | 6
5 | 3 | 28.677 | 831
10 | 4 | 28.677 | 831
21 | 5 | 28.677 | 831
42 | 6 | 28.677 | 831
84 | 7 | 28.677 | 831
168 | 8 | 28.677 | 831
336 | 9 | 28.677 | 831
672 | 10 | 28.677 | 831
1344 | 11 | 28.677 | 831
2688 | 12 | 28.677 | 831
5376 | 13 | 28.677 | 831
10752 | 14 | 1.63042e-322 | 4
10753 | 14 | 28.677 | 827
21506 | 15 | 28.677 | 827
43012 | 16 | 16.1955 | 105
86024 | 17 | 16.1955 | 105
172049 | 18 | 16.1955 | 105
344098 | 19 | 16.1955 | 105
688197 | 20 | 16.1955 | 105
1376394 | 21 | 16.1955 | 105
2752788 | 22 | 16.1955 | 105
5505576 | 23 | 16.1955 | 105
11011152 | 24 | 9.3815 | 18
22022305 | 25 | 9.3815 | 18
44044610 | 26 | 9.3815 | 18
88089221 | 27 | 9.3815 | 18
176178442 | 28 | 9.3815 | 18
352356884 | 29 | 1.58101e-322 | 6
352356885 | 29 | 7.39629 | 12
704713771 | 30 | 7.39629 | 12
1409427542 | 31 | 1.63042e-322 | 2
1409427543 | 31 | 3.21143e-322 | 10
11011153 | 24 | 13.1815 | 87
22022306 | 25 | 13.1815 | 87
44044613 | 26 | 13.1815 | 87
88089226 | 27 | 13.1815 | 87
176178452 | 28 | 3.21143e-322 | 3
176178453 | 28 | 11.4991 | 84
352356907 | 29 | 11.4991 | 84
704713814 | 30 | 7.5566 | 73
1409427629 | 31 | 7.5566 | 73
2818855259 | 32 | 7.5566 | 73
5637710519 | 33 | 7.5566 | 73
11275421038 | 34 | 7.5566 | 73
22550842076 | 35 | 7.5566 | 73
45101684153 | 36 | 7.5566 | 73
90203368306 | 37 | 7.5566 | 73
180406736613 | 38 | 7.5566 | 73
360813473227 | 39 | 7.5566 | 73
721626946455 | 40 | 7.5566 | 73
1443253892911 | 41 | 7.5566 | 73
2886507785822 | 42 | 7.47408 | 65
5773015571644 | 43 | 7.47408 | 65
11546031143289 | 44 | 7.47408 | 65
23092062286579 | 45 | 7.47408 | 65
46184124573158 | 46 | 7.47408 | 65
92368249146317 | 47 | 7.47408 | 65
184736498292634 | 48 | 7.47408 | 65
369472996585268 | 49 | 7.47408 | 65
738945993170537 | 50 | 7.47408 | 65
1477891986341075 | 51 | 7.47408 | 65
2955783972682151 | 52 | 7.47408 | 65
5911567945364302 | 53 | 3.90212 | 34
11823135890728604 | 54 | 8.07201 | 3
11823135890728605 | 54 | 3.65959 | 31
23646271781457210 | 55 | 3.65959 | 31
47292543562914421 | 56 | 3.65959 | 31
94585087125828842 | 57 | 3.44888 | 26
189170174251657684 | 58 | 3.44888 | 26
378340348503315368 | 59 | 3.44888 | 26
756680697006630736 | 60 | 3.44888 | 26
1513361394013261473 | 61 | 3.44888 | 26
3026722788026522947 | 62 | 3.44888 | 26
6053445576053045895 | 63 | 3.44888 | 26
-6339852921603459826 | 64 | 3.44888 | 26
5767038230502631965 | 65 | 3.44888 | 26
-6912667612704287686 | 66 | 3.44888 | 26
4621408848300976244 | 67 | 3.44888 | 26
-9203926377107599128 | 68 | 3.44888 | 26
38891319494353361 | 69 | 3.44888 | 26
77782638988706723 | 70 | 3.44888 | 26
155565277977413446 | 71 | 3.44888 | 26
311130555954826893 | 72 | 3.44888 | 26
622261111909653786 | 73 | 3.37529 | 20
1244522223819307572 | 74 | 2.63924 | 12
2489044447638615144 | 75 | 2.63924 | 12
4978088895277230288 | 76 | 2.63924 | 12
-8490566283155091039 | 77 | 2.63924 | 12
1465611507399369538 | 78 | 2.63924 | 12
2931223014798739076 | 79 | 2.63924 | 12
5862446029597478153 | 80 | 2.63924 | 12
-6721852014514595309 | 81 | 2.63924 | 12
5003040044680360998 | 82 | 2.63924 | 12
-8440663984348829620 | 83 | 2.57283 | 9
-8440663984348829619 | 83 | 96.2595 | 3
1244522223819307573 | 74 | 4.68058e-310 | 8
622261111909653787 | 73 | 4.68058e-310 | 6
94585087125828843 | 57 | 4.68058e-310 | 5
5911567945364303 | 53 | 4.92911 | 31
11823135890728606 | 54 | 4.92911 | 31
23646271781457213 | 55 | 4.92911 | 31
47292543562914427 | 56 | 4.92911 | 31
94585087125828854 | 57 | 4.92911 | 31
189170174251657708 | 58 | 4.92911 | 31
378340348503315416 | 59 | 4.92911 | 31
756680697006630832 | 60 | 4.92911 | 31
1513361394013261664 | 61 | 4.92911 | 31
3026722788026523329 | 62 | 4.92911 | 31
6053445576053046658 | 63 | 4.92911 | 31
-6339852921603458300 | 64 | 4.92911 | 31
5767038230502635016 | 65 | 4.92911 | 31
-6912667612704281584 | 66 | 4.92911 | 31
4621408848300988448 | 67 | 4.92911 | 31
-9203926377107574720 | 68 | 4.92911 | 31
38891319494402177 | 69 | 4.92911 | 31
77782638988804354 | 70 | 4.92911 | 31
155565277977608708 | 71 | 4.92911 | 31
311130555955217416 | 72 | 4.92911 | 31
622261111910434833 | 73 | 4.92911 | 31
1244522223820869667 | 74 | 4.92911 | 31
2489044447641739334 | 75 | 3.70298 | 14
4978088895283478668 | 76 | 3.70298 | 14
-8490566283142594279 | 77 | 3.70298 | 14
1465611507424363058 | 78 | 3.70298 | 14
2931223014848726116 | 79 | 3.70298 | 14
5862446029697452232 | 80 | 3.70298 | 14
-6721852014314647152 | 81 | 3.70298 | 14
5003040045080257312 | 82 | 3.70298 | 14
-8440663983549036992 | 83 | 3.70298 | 14
1565416106611477632 | 84 | 0.648093 | 2
1565416106611477633 | 84 | 1.82891 | 12
3130832213222955267 | 85 | 1.82891 | 12
6261664426445910535 | 86 | 1.82891 | 12
-5923415220817730546 | 87 | 1.82891 | 12
6599913632074090525 | 88 | 1.82891 | 12
-5246916809561370566 | 89 | 1.82891 | 12
7952910454586810484 | 90 | 1.82891 | 12
-2540923164535930648 | 91 | 1.82891 | 12
-5081846329071861296 | 92 | 43.4253 | 8
-5081846329071861295 | 92 | 39.6219 | 4
2489044447641739335 | 75 | 3.63649 | 17
4978088895283478670 | 76 | 3.63649 | 17
-8490566283142594276 | 77 | 4.68058e-310 | 4
-8490566283142594275 | 77 | 2.1028 | 13
1465611507424363067 | 78 | 2.1028 | 13
2931223014848726134 | 79 | 1.81414 | 11
5862446029697452269 | 80 | 1.81414 | 11
-6721852014314647078 | 81 | 1.81414 | 11
5003040045080257461 | 82 | 1.81414 | 11
-8440663983549036694 | 83 | 4.68058e-310 | 1
-8440663983549036693 | 83 | 0.858002 | 10
2931223014848726135 | 79 | 4.68058e-310 | 2
2886507785823 | 42 | 4.68058e-310 | 8
704713815 | 30 | 7.87233 | 11
1409427630 | 31 | 7.87233 | 11
2818855260 | 32 | 7.87233 | 11
5637710521 | 33 | 7.87233 | 11
11275421042 | 34 | 7.87233 | 11
22550842084 | 35 | 7.87233 | 11
45101684168 | 36 | 7.87233 | 11
90203368336 | 37 | 4.68058e-310 | 6
90203368337 | 37 | 4.68058e-310 | 5
43013 | 16 | 22.242 | 722
86026 | 17 | 22.242 | 722
172052 | 18 | 22.242 | 722
344105 | 19 | 22.242 | 722
688210 | 20 | 22.242 | 722
1376420 | 21 | 19.4187 | 598
2752841 | 22 | 19.4187 | 598
5505682 | 23 | 19.4187 | 598
11011364 | 24 | 19.4187 | 598
22022728 | 25 | 12.3474 | 382
44045456 | 26 | 12.3474 | 382
88090912 | 27 | 12.3474 | 382
176181824 | 28 | 12.3474 | 382
352363648 | 29 | 11.1862 | 219
704727296 | 30 | 2.617 | 11
1409454592 | 31 | 2.617 | 11
2818909185 | 32 | 2.617 | 11
5637818371 | 33 | 2.617 | 11
11275636743 | 34 | 2.617 | 11
22551273486 | 35 | 4.68058e-310 | 2
22551273487 | 35 | 4.68058e-310 | 9
704727297 | 30 | 10.689 | 208
1409454594 | 31 | 10.689 | 208
2818909189 | 32 | 10.689 | 208
5637818379 | 33 | 10.689 | 208
11275636758 | 34 | 10.689 | 208
22551273516 | 35 | 10.689 | 208
45102547032 | 36 | 10.689 | 208
90205094064 | 37 | 10.689 | 208
180410188128 | 38 | 10.689 | 208
360820376256 | 39 | 10.689 | 143
721640752512 | 40 | 9.66666 | 121
1443281505024 | 41 | 9.66666 | 121
2886563010049 | 42 | 9.66666 | 121
5773126020098 | 43 | 6.6631 | 42
11546252040197 | 44 | 6.6631 | 42
23092504080395 | 45 | 6.6631 | 42
46185008160791 | 46 | 6.6631 | 42
92370016321582 | 47 | 6.6631 | 42
184740032643165 | 48 | 6.6631 | 42
369480065286330 | 49 | 6.6631 | 42
738960130572660 | 50 | 6.6631 | 42
1477920261145320 | 51 | 6.6631 | 42
2955840522290640 | 52 | 3.44005 | 27
5911681044581280 | 53 | 3.44005 | 27
11823362089162560 | 54 | 3.44005 | 27
23646724178325121 | 55 | 3.44005 | 27
47293448356650243 | 56 | 3.44005 | 27
94586896713300487 | 57 | 3.44005 | 27
189173793426600975 | 58 | 3.44005 | 27
378347586853201951 | 59 | 3.44005 | 27
756695173706403902 | 60 | 4.77233 | 4
756695173706403903 | 60 | 3.20131 | 23
1513390347412807806 | 61 | 4.00193e-322 | 10
1513390347412807807 | 61 | 2.79777 | 13
3026780694825615615 | 62 | 2.79777 | 13
6053561389651231230 | 63 | 2.79777 | 13
-6339621294407089156 | 64 | 2.79777 | 13
5767501484895373305 | 65 | 2.79777 | 13
-6911741103918805005 | 66 | 2.79777 | 13
4623261865871941606 | 67 | 3.24974 | 5
4623261865871941607 | 67 | 0.80704 | 8
2955840522290641 | 52 | 4.24595 | 15
5911681044581282 | 53 | 4.24595 | 15
11823362089162565 | 54 | 4.24595 | 15
23646724178325131 | 55 | 4.24595 | 15
47293448356650263 | 56 | 4.24595 | 15
94586896713300527 | 57 | 4.24595 | 15
189173793426601055 | 58 | 4.24595 | 15
378347586853202110 | 59 | 4.24595 | 15
756695173706404221 | 60 | 4.24595 | 15
1513390347412808442 | 61 | 3.00785 | 1
1513390347412808443 | 61 | 2.88868 | 14
3026780694825616887 | 62 | 2.88868 | 14
6053561389651233775 | 63 | 2.88868 | 14
-6339621294407084066 | 64 | 2.88868 | 14
5767501484895383484 | 65 | 2.88868 | 14
-6911741103918784647 | 66 | 2.88868 | 14
4623261865871982322 | 67 | 2.88868 | 14
-9200220341965586972 | 68 | 2.02612 | 5
-9200220341965586971 | 68 | 3.21143e-322 | 9
5773126020099 | 43 | 4.65216 | 79
11546252040198 | 44 | 4.65216 | 79
23092504080396 | 45 | 3.84565 | 57
46185008160792 | 46 | 3.37643 | 30
92370016321584 | 47 | 3.37643 | 30
184740032643168 | 48 | 3.37643 | 30
369480065286336 | 49 | 3.37643 | 30
738960130572673 | 50 | 3.37643 | 30
1477920261145347 | 51 | 3.37643 | 30
2955840522290695 | 52 | 3.37643 | 30
5911681044581390 | 53 | 6.9319e-310 | 1
5911681044581391 | 53 | 2.89494 | 29
11823362089162783 | 54 | 2.89494 | 29
23646724178325566 | 55 | 2.89494 | 29
47293448356651132 | 56 | 0.505469 | 4
47293448356651133 | 56 | 2.26153 | 25
94586896713302267 | 57 | 2.26153 | 25
189173793426604535 | 58 | 2.26153 | 25
378347586853209071 | 59 | 2.26153 | 25
756695173706418142 | 60 | 2.26153 | 25
1513390347412836285 | 61 | 2.26153 | 25
3026780694825672570 | 62 | 0.139869 | 7
3026780694825672571 | 62 | 1.6545 | 18
6053561389651345142 | 63 | 1.6545 | 18
-6339621294406861331 | 64 | 1.6545 | 18
5767501484895828955 | 65 | 1.6545 | 18
-6911741103917893706 | 66 | 1.6545 | 18
4623261865873764204 | 67 | 1.6545 | 18
-9200220341962023207 | 68 | 1.6545 | 18
46303389785505203 | 69 | 1.6545 | 18
92606779571010406 | 70 | 1.08991 | 2
92606779571010407 | 70 | 1.6545 | 16
185213559142020815 | 71 | 1.6545 | 16
370427118284041630 | 72 | 1.6545 | 16
740854236568083261 | 73 | 1.6545 | 16
1481708473136166522 | 74 | 1.6545 | 16
2963416946272333045 | 75 | 1.6545 | 16
5926833892544666090 | 76 | 1.6545 | 16
-6593076288620219435 | 77 | 1.6545 | 16
5260591496469112747 | 78 | 1.6545 | 16
-7925561080771326122 | 79 | 1.6545 | 16
2595621912166899372 | 80 | 1.6545 | 16
5191243824333798744 | 81 | 1.6545 | 15
-8064256425041954127 | 82 | 1.6545 | 15
2318231223625643362 | 83 | 1.6545 | 15
4636462447251286724 | 84 | 1.6545 | 15
-9173819179206978167 | 85 | 1.6545 | 15
99105715295595282 | 86 | 1.6545 | 15
198211430591190565 | 87 | 1.6545 | 15
396422861182381131 | 88 | 1.6545 | 15
792845722364762263 | 89 | 1.6545 | 15
1585691444729524527 | 90 | 1.6545 | 15
3171382889459049054 | 91 | 1.6545 | 15
6342765778918098109 | 92 | 1.6545 | 15
-5761212515873355398 | 93 | 1.6545 | 15
6924319041962840820 | 94 | 0.374729 | 6
6924319041962840821 | 94 | 0.252763 | 9
5191243824333798745 | 81 | 4.68058e-310 | 1
46185008160793 | 46 | 3.51697 | 27
92370016321586 | 47 | 2.79862 | 25
184740032643173 | 48 | 2.79862 | 25
369480065286347 | 49 | 2.79862 | 25
738960130572695 | 50 | 2.79862 | 25
1477920261145390 | 51 | 4.68058e-310 | 2
1477920261145391 | 51 | 2.79862 | 23
2955840522290782 | 52 | 2.79862 | 23
5911681044581564 | 53 | 2.79862 | 23
11823362089163128 | 54 | 2.79862 | 23
23646724178326257 | 55 | 2.79862 | 23
47293448356652514 | 56 | 2.79862 | 23
94586896713305029 | 57 | 2.79862 | 23
189173793426610058 | 58 | 2.79862 | 23
378347586853220116 | 59 | 2.79862 | 23
756695173706440232 | 60 | 2.79862 | 23
1513390347412880464 | 61 | 2.79862 | 23
3026780694825760928 | 62 | 4.68058e-310 | 4
3026780694825760929 | 62 | 1.61436 | 19
6053561389651521858 | 63 | 4.68058e-310 | 7
6053561389651521859 | 63 | 1.48655 | 12
-6339621294406507897 | 64 | 1.48655 | 12
5767501484896535822 | 65 | 4.68058e-310 | 3
5767501484896535823 | 65 | 4.68058e-310 | 9
92370016321587 | 47 | 4.68058e-310 | 2
23092504080397 | 45 | 3.67115 | 22
46185008160795 | 46 | 3.67115 | 22
92370016321591 | 47 | 3.67115 | 22
184740032643182 | 48 | 3.17552 | 13
369480065286365 | 49 | 3.17552 | 13
738960130572730 | 50 | 2.30075 | 11
1477920261145460 | 51 | 2.30075 | 11
2955840522290921 | 52 | 2.30075 | 11
5911681044581843 | 53 | 2.30075 | 11
11823362089163686 | 54 | 2.30075 | 11
23646724178327373 | 55 | 2.30075 | 11
47293448356654746 | 56 | 2.30075 | 11
94586896713309493 | 57 | 2.30075 | 11
189173793426618987 | 58 | 2.30075 | 11
378347586853237975 | 59 | 2.30075 | 11
756695173706475950 | 60 | 2.30075 | 11
1513390347412951901 | 61 | 2.30075 | 11
3026780694825903802 | 62 | 0.881294 | 8
3026780694825903803 | 62 | 0.471389 | 3
738960130572731 | 50 | 4.68058e-310 | 2
184740032643183 | 48 | 4.68058e-310 | 9
721640752513 | 40 | 3.0887 | 22
1443281505027 | 41 | 3.0887 | 22
2886563010055 | 42 | 3.0887 | 22
5773126020111 | 43 | 3.0887 | 22
11546252040222 | 44 | 2.14585 | 16
23092504080445 | 45 | 2.14585 | 16
46185008160890 | 46 | 2.14585 | 16
92370016321781 | 47 | 2.14585 | 16
184740032643562 | 48 | 2.14585 | 16
369480065287125 | 49 | 2.14585 | 16
738960130574251 | 50 | 2.14585 | 16
1477920261148503 | 51 | 2.14585 | 16
2955840522297006 | 52 | 2.14585 | 16
5911681044594012 | 53 | 4.68058e-310 | 10
5911681044594013 | 53 | 4.68058e-310 | 6
11546252040223 | 44 | 4.68058e-310 | 6
360820376257 | 39 | 4.22357 | 65
721640752514 | 40 | 4.22357 | 65
1443281505029 | 41 | 4.22357 | 65
2886563010058 | 42 | 4.22357 | 65
5773126020117 | 43 | 4.22357 | 65
11546252040235 | 44 | 4.22357 | 65
23092504080471 | 45 | 4.22357 | 65
46185008160942 | 46 | 4.22357 | 65
92370016321884 | 47 | 6.9319e-310 | 10
92370016321885 | 47 | 3.51201 | 55
184740032643771 | 48 | 3.51201 | 55
369480065287542 | 49 | 3.51201 | 55
738960130575084 | 50 | 3.51201 | 55
1477920261150169 | 51 | 3.51201 | 55
2955840522300339 | 52 | 3.51201 | 55
5911681044600678 | 53 | 3.51201 | 55
11823362089201357 | 54 | 3.51201 | 55
23646724178402714 | 55 | 3.51201 | 55
47293448356805429 | 56 | 3.51201 | 55
94586896713610858 | 57 | 3.51201 | 55
189173793427221716 | 58 | 3.51201 | 55
378347586854443433 | 59 | 3.51201 | 55
756695173708886867 | 60 | 3.51201 | 55
1513390347417773734 | 61 | 2.87242 | 39
3026780694835547469 | 62 | 2.87242 | 39
6053561389671094938 | 63 | 2.87242 | 39
-6339621294367361740 | 64 | 2.87242 | 39
5767501484974828137 | 65 | 2.87242 | 39
-6911741103759895341 | 66 | 2.87242 | 39
4623261866189760934 | 67 | 2.87242 | 39
-9200220341330029747 | 68 | 2.87242 | 39
46303391049492122 | 69 | 2.87242 | 39
92606782098984245 | 70 | 2.87242 | 39
185213564197968490 | 71 | 2.87242 | 39
370427128395936980 | 72 | 2.87242 | 39
740854256791873961 | 73 | 2.87242 | 39
1481708513583747922 | 74 | 2.87242 | 39
2963417027167495845 | 75 | 2.87242 | 39
5926834054334991690 | 76 | 2.34718 | 20
-6593075965039568236 | 77 | 2.34718 | 20
5260592143630415144 | 78 | 2.34718 | 20
-7925559786448721328 | 79 | 2.34718 | 20
2595624500812108960 | 80 | 2.34718 | 20
5191249001624217920 | 81 | 2.34718 | 20
-8064246070461115775 | 82 | 2.34718 | 20
2318251932787320066 | 83 | 2.34718 | 20
4636503865574640133 | 84 | 2.34718 | 20
-9173736342560271350 | 85 | 2.1311 | 15
99271388589008916 | 86 | 1.81914 | 7
99271388589008917 | 86 | 0.925671 | 8
-9173736342560271349 | 85 | 4.68058e-310 | 5
5926834054334991691 | 76 | 2.36538 | 19
-6593075965039568234 | 77 | 2.36538 | 19
5260592143630415149 | 78 | 2.36538 | 19
-7925559786448721318 | 79 | 4.68058e-310 | 4
-7925559786448721317 | 79 | 2.36538 | 15
2595624500812108982 | 80 | 2.36538 | 15
5191249001624217964 | 81 | 2.36538 | 15
-8064246070461115688 | 82 | 2.36538 | 15
2318251932787320241 | 83 | 2.36538 | 15
4636503865574640483 | 84 | 2.36538 | 15
-9173736342560270650 | 85 | 2.36538 | 15
99271388589010316 | 86 | 0.398337 | 2
99271388589010317 | 86 | 1.90997 | 13
198542777178020635 | 87 | 1.90997 | 13
397085554356041270 | 88 | 0.273622 | 5
397085554356041271 | 88 | 5.09291 | 8
1513390347417773735 | 61 | 2.52021 | 16
3026780694835547470 | 62 | 2.52021 | 16
6053561389671094941 | 63 | 2.52021 | 16
-6339621294367361734 | 64 | 2.52021 | 16
5767501484974828148 | 65 | 1.69835 | 11
-6911741103759895319 | 66 | 1.69835 | 11
4623261866189760978 | 67 | 1.69835 | 11
-9200220341330029660 | 68 | 4.68058e-310 | 9
-9200220341330029659 | 68 | 4.68058e-310 | 2
5767501484974828149 | 65 | 4.68058e-310 | 5
352363649 | 29 | 11.5148 | 163
704727298 | 30 | 11.5148 | 163
1409454596 | 31 | 4.55189 | 37
2818909192 | 32 | 4.02434 | 22
5637818385 | 33 | 4.02434 | 22
11275636771 | 34 | 4.02434 | 22
22551273543 | 35 | 4.02434 | 22
45102547086 | 36 | 4.02434 | 22
90205094172 | 37 | 3.25944 | 11
180410188345 | 38 | 3.25944 | 11
360820376691 | 39 | 3.25944 | 11
721640753383 | 40 | 3.25944 | 11
1443281506766 | 41 | 0.391631 | 6
1443281506767 | 41 | 0.0921541 | 5
90205094173 | 37 | 1.75164 | 11
180410188346 | 38 | 1.75164 | 11
360820376693 | 39 | 1.75164 | 11
721640753386 | 40 | 1.75164 | 11
1443281506772 | 41 | 1.75164 | 11
2886563013545 | 42 | 1.75164 | 11
5773126027090 | 43 | 1.75164 | 11
11546252054181 | 44 | 1.75164 | 11
23092504108363 | 45 | 1.75164 | 11
46185008216726 | 46 | 1.75164 | 11
92370016433452 | 47 | 6.9319e-310 | 7
92370016433453 | 47 | 1.58101e-322 | 4
2818909193 | 32 | 3.07734 | 15
5637818386 | 33 | 3.07734 | 15
11275636773 | 34 | 3.07734 | 15
22551273547 | 35 | 3.07734 | 15
45102547094 | 36 | 3.07734 | 15
90205094188 | 37 | 3.07734 | 15
180410188376 | 38 | 3.07734 | 15
360820376753 | 39 | 3.07734 | 15
721640753506 | 40 | 3.07734 | 15
1443281507013 | 41 | 3.07734 | 15
2886563014026 | 42 | 3.07734 | 15
5773126028053 | 43 | 3.07734 | 15
11546252056106 | 44 | 3.07734 | 15
23092504112212 | 45 | 3.07734 | 15
46185008224424 | 46 | 2.40431 | 12
92370016448849 | 47 | 2.40431 | 12
184740032897698 | 48 | 2.40431 | 12
369480065795397 | 49 | 2.40431 | 12
738960131590795 | 50 | 2.40431 | 12
1477920263181590 | 51 | 2.40431 | 12
2955840526363181 | 52 | 2.40431 | 12
5911681052726362 | 53 | 2.40431 | 12
11823362105452724 | 54 | 2.40431 | 12
23646724210905448 | 55 | 2.42092e-322 | 10
23646724210905449 | 55 | 4.68058e-310 | 2
46185008224425 | 46 | 4.68058e-310 | 3
1409454597 | 31 | 8.82295 | 126
2818909194 | 32 | 8.82295 | 126
5637818388 | 33 | 8.82295 | 126
11275636776 | 34 | 6.10893 | 82
22551273552 | 35 | 6.10893 | 82
45102547104 | 36 | 6.10893 | 82
90205094208 | 37 | 6.10893 | 82
180410188417 | 38 | 6.10893 | 82
360820376835 | 39 | 6.10893 | 82
721640753670 | 40 | 6.10893 | 82
1443281507341 | 41 | 6.10893 | 82
2886563014682 | 42 | 2.75822 | 16
5773126029364 | 43 | 2.75822 | 16
11546252058729 | 44 | 2.75822 | 16
23092504117459 | 45 | 2.75822 | 16
46185008234918 | 46 | 2.75822 | 16
92370016469837 | 47 | 2.75822 | 16
184740032939674 | 48 | 2.75822 | 16
369480065879348 | 49 | 4.68058e-310 | 4
369480065879349 | 49 | 2.75822 | 12
738960131758698 | 50 | 2.37152e-322 | 2
738960131758699 | 50 | 0.365939 | 10
2886563014683 | 42 | 5.23131 | 66
5773126029366 | 43 | 4.68058e-310 | 2
5773126029367 | 43 | 5.23131 | 64
11546252058734 | 44 | 4.68058e-310 | 5
11546252058735 | 44 | 4.22165 | 59
23092504117470 | 45 | 4.22165 | 59
46185008234940 | 46 | 2.23535 | 19
92370016469881 | 47 | 2.23535 | 19
184740032939763 | 48 | 2.23535 | 19
369480065879526 | 49 | 2.23535 | 19
738960131759053 | 50 | 2.23535 | 19
1477920263518107 | 51 | 2.23535 | 19
2955840527036215 | 52 | 2.23535 | 19
5911681054072430 | 53 | 2.23535 | 19
11823362108144860 | 54 | 2.23535 | 19
23646724216289720 | 55 | 2.23535 | 19
47293448432579440 | 56 | 1.83328 | 16
94586896865158881 | 57 | 1.83328 | 16
189173793730317762 | 58 | 0.0308457 | 1
189173793730317763 | 58 | 1.54465 | 15
378347587460635527 | 59 | 1.54465 | 15
756695174921271055 | 60 | 1.54465 | 15
1513390349842542110 | 61 | 1.54465 | 15
3026780699685084220 | 62 | 1.48399 | 11
6053561399370168440 | 63 | 1.48399 | 11
-6339621274969214736 | 64 | 1.48399 | 11
5767501523771122145 | 65 | 1.48399 | 11
-6911741026167307325 | 66 | 1.48399 | 11
4623262021374936967 | 67 | 1.48399 | 11
-9200220030959677681 | 68 | 1.48399 | 11
46304011790196254 | 69 | 1.48399 | 11
92608023580392508 | 70 | 24.0832 | 1
92608023580392509 | 70 | 4.68058e-310 | 10
3026780699685084221 | 62 | 4.68058e-310 | 4
47293448432579441 | 56 | 4.68058e-310 | 3
46185008234941 | 46 | 2.93967 | 40
92370016469882 | 47 | 2.93967 | 40
184740032939764 | 48 | 4.68058e-310 | 2
184740032939765 | 48 | 2.93967 | 38
369480065879530 | 49 | 2.93967 | 38
738960131759061 | 50 | 2.93967 | 38
1477920263518122 | 51 | 2.93967 | 38
2955840527036244 | 52 | 2.93967 | 38
5911681054072488 | 53 | 2.93967 | 38
11823362108144977 | 54 | 2.93967 | 38
23646724216289954 | 55 | 2.93967 | 38
47293448432579909 | 56 | 2.93967 | 38
94586896865159819 | 57 | 2.93967 | 38
189173793730319638 | 58 | 2.93967 | 38
378347587460639276 | 59 | 3.21143e-322 | 5
378347587460639277 | 59 | 2.62328 | 33
756695174921278555 | 60 | 2.62328 | 33
1513390349842557110 | 61 | 1.74631 | 19
3026780699685114221 | 62 | 1.74631 | 19
6053561399370228442 | 63 | 1.74631 | 19
-6339621274969094732 | 64 | 1.74631 | 19
5767501523771362152 | 65 | 1.56481 | 14
-6911741026166827312 | 66 | 1.56481 | 14
4623262021375896992 | 67 | 1.56481 | 14
-9200220030957757631 | 68 | 1.56481 | 14
46304011794036354 | 69 | 1.34386e-321 | 2
46304011794036355 | 69 | 1.22872 | 12
92608023588072710 | 70 | 0.0785214 | 1
92608023588072711 | 70 | 1.20855 | 11
185216047176145423 | 71 | 1.20855 | 11
370432094352290846 | 72 | 6.9319e-310 | 9
370432094352290847 | 72 | 0 | 2
5767501523771362153 | 65 | 4.68058e-310 | 5
1513390349842557111 | 61 | 1.81526 | 14
3026780699685114222 | 62 | 4.68058e-310 | 6
3026780699685114223 | 62 | 4.68058e-310 | 8
11275636777 | 34 | 3.96095 | 44
22551273554 | 35 | 4.68058e-310 | 2
22551273555 | 35 | 3.86892 | 42
45102547110 | 36 | 3.86892 | 42
90205094220 | 37 | 2.62652 | 12
180410188440 | 38 | 2.62652 | 12
360820376880 | 39 | 2.62652 | 12
721640753760 | 40 | 2.62652 | 12
1443281507520 | 41 | 2.62652 | 12
2886563015040 | 42 | 2.62652 | 12
5773126030080 | 43 | 2.62652 | 12
11546252060160 | 44 | 1.63042e-322 | 2
11546252060161 | 44 | 4.68058e-310 | 10
90205094221 | 37 | 3.43547 | 30
180410188442 | 38 | 3.185 | 19
360820376884 | 39 | 3.185 | 19
721640753769 | 40 | 3.185 | 19
1443281507538 | 41 | 3.185 | 19
2886563015076 | 42 | 3.185 | 19
5773126030153 | 43 | 3.185 | 19
11546252060307 | 44 | 3.185 | 19
23092504120614 | 45 | 3.185 | 19
46185008241228 | 46 | 3.185 | 19
92370016482456 | 47 | 1.82678 | 1
92370016482457 | 47 | 3.185 | 18
184740032964914 | 48 | 2.2045 | 12
369480065929829 | 49 | 2.2045 | 12
738960131859658 | 50 | 2.2045 | 12
1477920263719316 | 51 | 0.284999 | 2
1477920263719317 | 51 | 0.180443 | 10
184740032964915 | 48 | 4.68058e-310 | 6
180410188443 | 38 | 2.54153 | 11
360820376886 | 39 | 2.54153 | 11
721640753773 | 40 | 2.54153 | 11
1443281507546 | 41 | 2.54153 | 11
2886563015093 | 42 | 2.54153 | 11
5773126030187 | 43 | 2.54153 | 11
11546252060375 | 44 | 2.54153 | 11
23092504120750 | 45 | 2.54153 | 11
46185008241500 | 46 | 6.9319e-310 | 10
46185008241501 | 46 | 3.21143e-322 | 1
22022729 | 25 | 10.9302 | 216
44045459 | 26 | 10.9302 | 216
88090919 | 27 | 10.9302 | 216
176181839 | 28 | 10.9302 | 216
352363678 | 29 | 10.9302 | 216
704727357 | 30 | 10.9302 | 216
1409454714 | 31 | 10.9302 | 216
2818909428 | 32 | 10.9302 | 216
5637818856 | 33 | 10.9302 | 216
11275637713 | 34 | 10.9302 | 216
22551275427 | 35 | 10.9302 | 216
45102550854 | 36 | 10.9302 | 216
90205101708 | 37 | 8.12583 | 83
180410203417 | 38 | 8.12583 | 83
360820406834 | 39 | 8.12583 | 83
721640813669 | 40 | 8.12583 | 83
1443281627339 | 41 | 8.12583 | 83
2886563254678 | 42 | 8.12583 | 83
5773126509357 | 43 | 8.12583 | 83
11546253018714 | 44 | 7.17477 | 69
23092506037429 | 45 | 7.17477 | 69
46185012074859 | 46 | 7.17477 | 69
92370024149718 | 47 | 4.99042 | 53
184740048299436 | 48 | 4.99042 | 30
369480096598873 | 49 | 4.99042 | 30
738960193197746 | 50 | 4.99042 | 30
1477920386395493 | 51 | 4.99042 | 30
2955840772790987 | 52 | 4.99042 | 30
5911681545581974 | 53 | 4.99042 | 30
11823363091163948 | 54 | 4.99042 | 30
23646726182327897 | 55 | 4.99042 | 30
47293452364655794 | 56 | 2.98939 | 19
94586904729311589 | 57 | 2.98939 | 19
189173809458623179 | 58 | 2.98939 | 19
378347618917246358 | 59 | 2.98939 | 19
756695237834492717 | 60 | 2.98939 | 19
1513390475668985434 | 61 | 1.12671 | 7
1513390475668985435 | 61 | 2.81048 | 12
3026780951337970870 | 62 | 2.81048 | 12
6053561902675941740 | 63 | 2.81048 | 12
-6339620268357668135 | 64 | 2.81048 | 12
5767503536994215346 | 65 | 2.81048 | 12
-6911736999721120923 | 66 | 2.81048 | 12
4623270074267309771 | 67 | 2.81048 | 12
-9200203925174932074 | 68 | 31.8006 | 1
-9200203925174932073 | 68 | 1.58794 | 11
46336223359687471 | 69 | 1.58794 | 11
92672446719374942 | 70 | 1.58794 | 11
185344893438749884 | 71 | 1.58794 | 11
370689786877499768 | 72 | 29.8572 | 10
370689786877499769 | 72 | 0.313997 | 1
47293452364655795 | 56 | 2.07271 | 11
94586904729311591 | 57 | 2.07271 | 11
189173809458623182 | 58 | 2.07271 | 11
378347618917246365 | 59 | 2.07271 | 11
756695237834492730 | 60 | 4.68058e-310 | 4
756695237834492731 | 60 | 4.68058e-310 | 7
184740048299437 | 48 | 3.20113 | 23
369480096598875 | 49 | 3.20113 | 23
738960193197750 | 50 | 3.20113 | 23
1477920386395500 | 51 | 3.20113 | 23
2955840772791001 | 52 | 3.20113 | 23
5911681545582002 | 53 | 2.65337 | 21
11823363091164005 | 54 | 2.65337 | 21
23646726182328010 | 55 | 2.65337 | 21
47293452364656020 | 56 | 1.81452 | 16
94586904729312041 | 57 | 1.81452 | 16
189173809458624083 | 58 | 1.81452 | 16
378347618917248167 | 59 | 1.81452 | 16
756695237834496335 | 60 | 1.81452 | 16
1513390475668992670 | 61 | 1.81452 | 13
3026780951337985340 | 62 | 1.81452 | 13
6053561902675970681 | 63 | 1.81452 | 13
-6339620268357610253 | 64 | 1.81452 | 13
5767503536994331110 | 65 | 1.81452 | 13
-6911736999720889395 | 66 | 1.81452 | 13
4623270074267772827 | 67 | 1.81452 | 13
-9200203925174005962 | 68 | 1.81452 | 13
46336223361539692 | 69 | 1.81452 | 13
92672446723079384 | 70 | 14.86 | 4
92672446723079385 | 70 | 2.19842 | 9
1513390475668992671 | 61 | 4.68058e-310 | 3
47293452364656021 | 56 | 4.68058e-310 | 5
5911681545582003 | 53 | 4.68058e-310 | 2
92370024149719 | 47 | 2.14496 | 16
184740048299439 | 48 | 2.14496 | 16
369480096598878 | 49 | 2.14496 | 16
738960193197757 | 50 | 2.14496 | 16
1477920386395514 | 51 | 2.14496 | 16
2955840772791028 | 52 | 2.14496 | 16
5911681545582056 | 53 | 2.14496 | 15
11823363091164112 | 54 | 2.14496 | 15
23646726182328224 | 55 | 2.14496 | 15
47293452364656448 | 56 | 2.14496 | 15
94586904729312896 | 57 | 2.14496 | 15
189173809458625792 | 58 | 2.14496 | 15
378347618917251584 | 59 | 2.14496 | 15
756695237834503169 | 60 | 2.14496 | 15
1513390475669006339 | 61 | 2.14496 | 15
3026780951338012679 | 62 | 2.14496 | 15
6053561902676025359 | 63 | 2.14496 | 15
-6339620268357500898 | 64 | 2.14496 | 15
5767503536994549820 | 65 | 33.555 | 1
5767503536994549821 | 65 | 2.14496 | 14
-6911736999720451974 | 66 | 4.68058e-310 | 2
-6911736999720451973 | 66 | 1.82742 | 12
4623270074268647671 | 67 | 1.82742 | 12
-9200203925172256274 | 68 | 1.82742 | 12
46336223365039068 | 69 | 1.82742 | 12
92672446730078137 | 70 | 1.82742 | 12
185344893460156275 | 71 | 1.82742 | 12
370689786920312550 | 72 | 1.82742 | 12
741379573840625100 | 73 | 1.82742 | 12
1482759147681250201 | 74 | 1.82742 | 12
2965518295362500403 | 75 | 1.82742 | 12
5931036590725000807 | 76 | 1.82742 | 12
-6584670892259550002 | 77 | 1.82742 | 12
5277402289190451612 | 78 | 1.82742 | 12
-7891939495328648391 | 79 | 1.82742 | 12
2662865083052254834 | 80 | 1.82742 | 12
5325730166104509669 | 81 | 1.82742 | 12
-7795283741500532277 | 82 | 1.82742 | 12
2856176590708487062 | 83 | 4.68058e-310 | 1
2856176590708487063 | 83 | 1.73899 | 11
5712353181416974126 | 84 | 6.9319e-310 | 9
5712353181416974127 | 84 | 23.2516 | 2
5911681545582057 | 53 | 4.68058e-310 | 1
11546253018715 | 44 | 2.91338 | 14
23092506037431 | 45 | 2.91338 | 14
46185012074863 | 46 | 2.91338 | 14
92370024149726 | 47 | 2.91338 | 14
184740048299452 | 48 | 2.91338 | 14
369480096598905 | 49 | 2.91338 | 14
738960193197810 | 50 | 2.91338 | 14
1477920386395621 | 51 | 2.91338 | 14
2955840772791242 | 52 | 4.68058e-310 | 3
2955840772791243 | 52 | 1.76203 | 11
5911681545582486 | 53 | 1.76203 | 11
11823363091164972 | 54 | 1.76203 | 11
23646726182329944 | 55 | 4.68058e-310 | 2
23646726182329945 | 55 | 4.68058e-310 | 9
90205101709 | 37 | 9.94636 | 133
180410203419 | 38 | 9.94636 | 133
360820406839 | 39 | 9.94636 | 133
721640813678 | 40 | 9.94636 | 133
1443281627356 | 41 | 9.94636 | 133
2886563254713 | 42 | 9.94636 | 133
5773126509426 | 43 | 9.94636 | 133
11546253018852 | 44 | 9.94636 | 133
23092506037705 | 45 | 9.94636 | 133
46185012075411 | 46 | 9.94636 | 133
92370024150823 | 47 | 9.94636 | 133
184740048301647 | 48 | 9.94636 | 133
369480096603294 | 49 | 9.94636 | 133
738960193206588 | 50 | 9.94636 | 133
1477920386413177 | 51 | 9.94636 | 133
2955840772826355 | 52 | 9.94636 | 133
5911681545652710 | 53 | 9.94636 | 133
11823363091305421 | 54 | 9.94636 | 133
23646726182610842 | 55 | 9.94636 | 133
47293452365221685 | 56 | 9.94636 | 133
94586904730443370 | 57 | 9.94636 | 133
189173809460886740 | 58 | 9.94636 | 133
378347618921773480 | 59 | 8.2183 | 30
756695237843546960 | 60 | 6.51335 | 26
1513390475687093920 | 61 | 6.51335 | 26
3026780951374187840 | 62 | 6.51335 | 26
6053561902748375681 | 63 | 6.51335 | 26
-6339620268212800253 | 64 | 6.51335 | 26
5767503537283951111 | 65 | 6.51335 | 26
-6911736999141649394 | 66 | 6.51335 | 26
4623270075426252828 | 67 | 6.51335 | 26
-9200203922857045960 | 68 | 6.51335 | 17
46336227995459697 | 69 | 6.51335 | 17
92672455990919394 | 70 | 6.51335 | 17
185344911981838789 | 71 | 6.51335 | 17
370689823963677578 | 72 | 6.51335 | 17
741379647927355156 | 73 | 6.51335 | 17
1482759295854710312 | 74 | 6.51335 | 17
2965518591709420624 | 75 | 6.51335 | 17
5931037183418841248 | 76 | 6.51335 | 17
-6584669706871869119 | 77 | 6.51335 | 17
5277404659965813378 | 78 | 6.51335 | 17
-7891934753777924859 | 79 | 6.51335 | 17
2662874566153701899 | 80 | 6.51335 | 17
5325749132307403798 | 81 | 6.51335 | 17
-7795245809094744019 | 82 | 6.51335 | 17
2856252455520063579 | 83 | 6.51335 | 17
5712504911040127158 | 84 | 6.51335 | 17
-7021734251629297300 | 85 | 6.51335 | 17
4403275570450957016 | 86 | 6.51335 | 17
8806551140901914032 | 87 | 6.51335 | 17
-833641791905723552 | 88 | 6.51335 | 17
-1667283583811447104 | 89 | 6.51335 | 17
-3334567167622894207 | 90 | 6.51335 | 17
-6669134335245788413 | 91 | 6.51335 | 17
5108475403217974791 | 92 | 6.51335 | 17
-8229793267273602034 | 93 | 6.51335 | 17
1987157539162347549 | 94 | 6.51335 | 17
3974315078324695099 | 95 | 6.51335 | 17
7948630156649390198 | 96 | 6.51335 | 17
-2549483760410771219 | 97 | 6.51335 | 17
-5098967520821542438 | 98 | 6.51335 | 17
8248809032066466740 | 99 | 0 | 2
8248809032066466741 | 99 | 5.22378 | 15
-1949126009576618133 | 100 | 5.22378 | 15
-3898252019153236266 | 101 | 5.22378 | 15
-7796504038306472532 | 102 | 484.279 | 6
-7796504038306472531 | 102 | 40.3162 | 9
-9200203922857045959 | 68 | 4.68058e-310 | 9
756695237843546961 | 60 | 4.68058e-310 | 4
378347618921773481 | 59 | 9.48444 | 103
756695237843546963 | 60 | 9.48444 | 103
1513390475687093926 | 61 | 9.48444 | 103
3026780951374187853 | 62 | 9.48444 | 103
6053561902748375706 | 63 | 9.48444 | 103
-6339620268212800203 | 64 | 9.48444 | 103
5767503537283951210 | 65 | 8.51464 | 31
-6911736999141649196 | 66 | 8.51464 | 31
4623270075426253224 | 67 | 8.51464 | 31
-9200203922857045168 | 68 | 8.28975 | 15
46336227995461280 | 69 | 8.28975 | 15
92672455990922561 | 70 | 8.28975 | 15
185344911981845122 | 71 | 8.28975 | 15
370689823963690244 | 72 | 5.57346 | 4
370689823963690245 | 72 | 5.4918 | 11
741379647927380490 | 73 | 5.4918 | 11
1482759295854760980 | 74 | 5.4918 | 11
2965518591709521961 | 75 | 5.4918 | 11
5931037183419043923 | 76 | 5.4918 | 11
-6584669706871463769 | 77 | 5.4918 | 11
5277404659966624078 | 78 | 26.8033 | 7
5277404659966624079 | 78 | 0.546339 | 4
-9200203922857045167 | 68 | 7.95808 | 16
46336227995461282 | 69 | 7.95808 | 16
92672455990922564 | 70 | 7.95808 | 16
185344911981845129 | 71 | 7.95808 | 16
370689823963690259 | 72 | 7.95808 | 16
741379647927380519 | 73 | 7.95808 | 16
1482759295854761039 | 74 | 7.95808 | 16
2965518591709522079 | 75 | 7.95808 | 16
5931037183419044159 | 76 | 7.95808 | 16
-6584669706871463298 | 77 | 7.95808 | 16
5277404659966625020 | 78 | 2.42092e-322 | 10
5277404659966625021 | 78 | 0 | 6
5767503537283951211 | 65 | 9.12641 | 72
-6911736999141649194 | 66 | 9.12641 | 72
4623270075426253229 | 67 | 9.12641 | 72
-9200203922857045158 | 68 | 9.12641 | 72
46336227995461301 | 69 | 9.12641 | 72
92672455990922603 | 70 | 9.12641 | 72
185344911981845206 | 71 | 9.12641 | 72
370689823963690412 | 72 | 9.12641 | 72
741379647927380824 | 73 | 9.12641 | 72
1482759295854761648 | 74 | 7.57739 | 20
2965518591709523297 | 75 | 7.57739 | 20
5931037183419046595 | 76 | 7.57739 | 20
-6584669706871458425 | 77 | 7.57739 | 20
5277404659966634767 | 78 | 7.57739 | 20
-7891934753776282081 | 79 | 7.57739 | 20
2662874566156987454 | 80 | 7.57739 | 20
5325749132313974909 | 81 | 7.57739 | 20
-7795245809081601798 | 82 | 7.57739 | 20
2856252455546348020 | 83 | 7.57739 | 20
5712504911092696040 | 84 | 1.17413 | 9
5712504911092696041 | 84 | 3.90353 | 11
-7021734251524159533 | 85 | 3.90353 | 11
4403275570661232551 | 86 | 3.90353 | 11
8806551141322465103 | 87 | 3.90353 | 11
-833641791064621409 | 88 | 3.90353 | 11
-1667283582129242818 | 89 | 3.90353 | 11
-3334567164258485635 | 90 | 3.90353 | 11
-6669134328516971269 | 91 | 3.90353 | 11
5108475416675609078 | 92 | 3.90353 | 11
-8229793240358333459 | 93 | 3.90353 | 11
1987157592992884699 | 94 | 3.90353 | 11
3974315185985769398 | 95 | 6.90277 | 4
3974315185985769399 | 95 | 2.06928 | 7
1482759295854761649 | 74 | 8.07731 | 52
2965518591709523298 | 75 | 8.07731 | 52
5931037183419046596 | 76 | 8.07731 | 52
-6584669706871458424 | 77 | 8.07731 | 51
5277404659966634768 | 78 | 5.35223 | 35
-7891934753776282079 | 79 | 5.35223 | 35
2662874566156987458 | 80 | 5.35223 | 35
5325749132313974917 | 81 | 5.35223 | 35
-7795245809081601781 | 82 | 5.35223 | 35
2856252455546348054 | 83 | 4.83131 | 14
5712504911092696108 | 84 | 3.81716 | 13
-7021734251524159399 | 85 | 3.81716 | 13
4403275570661232818 | 86 | 3.81716 | 13
8806551141322465636 | 87 | 3.81716 | 13
-833641791064620344 | 88 | 3.81716 | 13
-1667283582129240688 | 89 | 3.81716 | 13
-3334567164258481376 | 90 | 13.0651 | 2
-3334567164258481375 | 90 | 2.35069 | 11
-6669134328516962750 | 91 | 2.35069 | 11
5108475416675626116 | 92 | 2.35069 | 11
-8229793240358299383 | 93 | 2.35069 | 11
1987157592992952851 | 94 | 2.35069 | 11
3974315185985905703 | 95 | 2.35069 | 11
7948630371971811406 | 96 | 1.58595e-321 | 7
7948630371971811407 | 96 | 486.245 | 4
5712504911092696109 | 84 | 4.68058e-310 | 1
2856252455546348055 | 83 | 5.35223 | 21
5712504911092696111 | 84 | 5.35223 | 21
-7021734251524159393 | 85 | 5.35223 | 21
4403275570661232831 | 86 | 5.35223 | 21
8806551141322465662 | 87 | 4.68058e-310 | 6
8806551141322465663 | 87 | 3.22138 | 15
-833641791064620289 | 88 | 3.22138 | 15
-1667283582129240577 | 89 | 3.22138 | 15
-3334567164258481154 | 90 | 3.22138 | 15
-6669134328516962308 | 91 | 3.22138 | 15
5108475416675627000 | 92 | 3.22138 | 15
-8229793240358297616 | 93 | 3.22138 | 15
1987157592992956384 | 94 | 3.22138 | 15
3974315185985912769 | 95 | 3.22138 | 15
7948630371971825539 | 96 | 3.22138 | 15
-2549483329765900538 | 97 | 3.22138 | 15
-5098966659531801075 | 98 | 3.22138 | 15
8248810754645949466 | 99 | 31.2349 | 6
8248810754645949467 | 99 | 6.41377 | 9
5277404659966634769 | 78 | 3.07738 | 16
-7891934753776282078 | 79 | 3.07738 | 16
2662874566156987460 | 80 | 4.68058e-310 | 7
2662874566156987461 | 80 | 4.68058e-310 | 9
-6584669706871458423 | 77 | 4.68058e-310 | 1
1376421 | 21 | 16.3982 | 124
2752843 | 22 | 16.3982 | 124
5505687 | 23 | 16.3982 | 124
11011375 | 24 | 16.3982 | 124
22022750 | 25 | 16.3982 | 124
44045501 | 26 | 16.3982 | 124
88091002 | 27 | 16.3982 | 124
176182004 | 28 | 1.54673 | 3
176182005 | 28 | 15.2748 | 121
352364010 | 29 | 15.2748 | 121
704728020 | 30 | 15.2748 | 121
1409456040 | 31 | 14.76 | 112
2818912081 | 32 | 14.76 | 112
5637824162 | 33 | 14.76 | 112
11275648325 | 34 | 14.76 | 112
22551296651 | 35 | 14.76 | 112
45102593302 | 36 | 14.76 | 112
90205186604 | 37 | 7.28379 | 24
180410373208 | 38 | 7.28379 | 24
360820746417 | 39 | 7.28379 | 24
721641492834 | 40 | 7.28379 | 24
1443282985668 | 41 | 7.0532 | 20
2886565971336 | 42 | 7.0532 | 20
5773131942673 | 43 | 7.0532 | 20
11546263885347 | 44 | 7.0532 | 20
23092527770695 | 45 | 7.0532 | 20
46185055541390 | 46 | 7.0532 | 19
92370111082780 | 47 | 4.67792 | 16
184740222165561 | 48 | 4.67792 | 16
369480444331122 | 49 | 4.32746 | 14
738960888662245 | 50 | 4.32746 | 14
1477921777324491 | 51 | 4.32746 | 14
2955843554648983 | 52 | 4.32746 | 14
5911687109297967 | 53 | 4.32746 | 14
11823374218595935 | 54 | 4.32746 | 14
23646748437191871 | 55 | 4.32746 | 14
47293496874383743 | 56 | 4.32746 | 14
94586993748767486 | 57 | 4.32746 | 14
189173987497534973 | 58 | 4.32746 | 14
378347974995069947 | 59 | 4.32746 | 14
756695949990139895 | 60 | 4.32746 | 14
1513391899980279790 | 61 | 4.32746 | 14
3026783799960559580 | 62 | 4.32746 | 14
6053567599921119161 | 63 | 4.32746 | 14
-6339608873867313293 | 64 | 4.32746 | 14
5767526325974925031 | 65 | 4.32746 | 14
-6911691421759701554 | 66 | 4.32746 | 14
4623361230190148509 | 67 | 4.32746 | 14
-9200021613329254598 | 68 | 3.21143e-322 | 10
-9200021613329254597 | 68 | 6.37345e-322 | 4
369480444331123 | 49 | 4.68058e-310 | 2
92370111082781 | 47 | 4.68058e-310 | 3
46185055541391 | 46 | 4.68058e-310 | 1
1443282985669 | 41 | 4.68058e-310 | 4
90205186605 | 37 | 10.6828 | 88
180410373210 | 38 | 4.68058e-310 | 8
180410373211 | 38 | 9.01204 | 80
360820746423 | 39 | 9.01204 | 80
721641492847 | 40 | 9.01204 | 80
1443282985695 | 41 | 9.01204 | 80
2886565971391 | 42 | 9.01204 | 80
5773131942782 | 43 | 6.847 | 40
11546263885564 | 44 | 5.0296 | 20
23092527771129 | 45 | 5.0296 | 20
46185055542259 | 46 | 5.0296 | 20
92370111084519 | 47 | 5.0296 | 20
184740222169038 | 48 | 5.0296 | 20
369480444338076 | 49 | 5.0296 | 20
738960888676153 | 50 | 5.0296 | 20
1477921777352306 | 51 | 5.0296 | 20
2955843554704612 | 52 | 5.0296 | 20
5911687109409225 | 53 | 5.0296 | 20
11823374218818451 | 54 | 5.0296 | 20
23646748437636902 | 55 | 5.0296 | 20
47293496875273804 | 56 | 18.2805 | 3
47293496875273805 | 56 | 4.67702 | 17
94586993750547610 | 57 | 4.67702 | 17
189173987501095221 | 58 | 4.67702 | 17
378347975002190442 | 59 | 4.67702 | 17
756695950004380885 | 60 | 4.67702 | 17
1513391900008761770 | 61 | 4.67702 | 17
3026783800017523540 | 62 | 4.67702 | 17
6053567600035047081 | 63 | 4.67702 | 17
-6339608873639457454 | 64 | 4.67702 | 17
5767526326430636708 | 65 | 4.67702 | 17
-6911691420848278200 | 66 | 4.67702 | 17
4623361232012995217 | 67 | 4.67702 | 17
-9200021609683561182 | 68 | 4.05807 | 13
46700854342429252 | 69 | 4.68058e-310 | 2
46700854342429253 | 69 | 3.60193 | 11
93401708684858507 | 70 | 3.60193 | 11
186803417369717014 | 71 | 3.60193 | 11
373606834739434028 | 72 | 3.60193 | 11
747213669478868057 | 73 | 3.60193 | 11
1494427338957736115 | 74 | 3.60193 | 11
2988854677915472231 | 75 | 3.60193 | 11
5977709355830944462 | 76 | 6.9319e-310 | 10
5977709355830944463 | 76 | 9.53547e-322 | 1
-9200021609683561181 | 68 | 4.68058e-310 | 4
11546263885565 | 44 | 4.65864 | 20
23092527771131 | 45 | 4.65864 | 20
46185055542263 | 46 | 4.65864 | 20
92370111084527 | 47 | 4.65864 | 20
184740222169054 | 48 | 4.65864 | 20
369480444338108 | 49 | 4.68058e-310 | 5
369480444338109 | 49 | 3.10163 | 15
738960888676218 | 50 | 3.10163 | 15
1477921777352436 | 51 | 3.10163 | 15
2955843554704872 | 52 | 3.10163 | 15
5911687109409745 | 53 | 3.10163 | 15
11823374218819490 | 54 | 4.68058e-310 | 5
11823374218819491 | 54 | 4.68058e-310 | 10
5773131942783 | 43 | 6.42229 | 40
11546263885567 | 44 | 6.42229 | 40
23092527771135 | 45 | 6.42229 | 40
46185055542270 | 46 | 6.00314 | 21
92370111084541 | 47 | 6.00314 | 21
184740222169083 | 48 | 6.00314 | 21
369480444338167 | 49 | 6.00314 | 21
738960888676335 | 50 | 6.00314 | 21
1477921777352671 | 51 | 6.00314 | 21
2955843554705343 | 52 | 6.00314 | 21
5911687109410687 | 53 | 6.00314 | 21
11823374218821375 | 54 | 6.00314 | 21
23646748437642751 | 55 | 6.00314 | 21
47293496875285502 | 56 | 2.12321 | 11
94586993750571004 | 57 | 2.12321 | 11
189173987501142008 | 58 | 24.3367 | 2
189173987501142009 | 58 | 25.7783 | 9
47293496875285503 | 56 | 4.68058e-310 | 10
46185055542271 | 46 | 5.68912 | 19
92370111084543 | 47 | 5.68912 | 19
184740222169087 | 48 | 5.68912 | 19
369480444338174 | 49 | 5.68912 | 19
738960888676348 | 50 | 4.68058e-310 | 4
738960888676349 | 50 | 5.26003 | 15
1477921777352699 | 51 | 5.26003 | 15
2955843554705399 | 52 | 5.26003 | 15
5911687109410798 | 53 | 6.9319e-310 | 10
5911687109410799 | 53 | 11.6626 | 5
1409456041 | 31 | 4.68058e-310 | 9
3 | 2 | 26.9516 | 282
6 | 3 | 26.9516 | 282
12 | 4 | 26.9516 | 282
24 | 5 | 26.9516 | 282
49 | 6 | 26.9516 | 282
98 | 7 | 26.9516 | 230
197 | 8 | 26.9516 | 230
394 | 9 | 26.9516 | 230
788 | 10 | 26.9516 | 230
1576 | 11 | 26.9516 | 230
3153 | 12 | 26.9516 | 230
6306 | 13 | 26.9516 | 230
12613 | 14 | 26.9516 | 230
25227 | 15 | 26.9516 | 230
50454 | 16 | 26.9516 | 230
100909 | 17 | 26.9516 | 230
201819 | 18 | 26.9516 | 230
403639 | 19 | 26.9516 | 230
807279 | 20 | 26.9516 | 230
1614558 | 21 | 9.59114 | 22
3229116 | 22 | 9.59114 | 22
6458232 | 23 | 9.59114 | 22
12916464 | 24 | 9.59114 | 22
25832928 | 25 | 4.68058e-310 | 3
25832929 | 25 | 5.90168 | 19
51665859 | 26 | 5.90168 | 19
103331719 | 27 | 5.90168 | 19
206663438 | 28 | 5.90168 | 19
413326876 | 29 | 5.90168 | 19
826653752 | 30 | 5.90168 | 19
1653307505 | 31 | 5.90168 | 19
3306615011 | 32 | 5.90168 | 19
6613230023 | 33 | 5.90168 | 19
13226460046 | 34 | 5.90168 | 19
26452920092 | 35 | 5.90168 | 19
52905840184 | 36 | 5.90168 | 19
105811680368 | 37 | 5.90168 | 19
211623360737 | 38 | 5.90168 | 19
423246721474 | 39 | 5.90168 | 19
846493442948 | 40 | 5.90168 | 19
1692986885897 | 41 | 5.90168 | 19
3385973771794 | 42 | 3.90773 | 11
6771947543588 | 43 | 3.90773 | 11
13543895087176 | 44 | 3.90773 | 11
27087790174352 | 45 | 3.90773 | 11
54175580348705 | 46 | 3.90773 | 11
108351160697410 | 47 | 3.90773 | 11
216702321394820 | 48 | 3.90773 | 11
433404642789641 | 49 | 3.90773 | 11
866809285579283 | 50 | 3.90773 | 11
1733618571158567 | 51 | 3.90773 | 11
3467237142317134 | 52 | 3.90773 | 11
6934474284634268 | 53 | 3.90773 | 11
13868948569268537 | 54 | 3.90773 | 11
27737897138537074 | 55 | 4.68058e-310 | 9
27737897138537075 | 55 | 4.68058e-310 | 2
3385973771795 | 42 | 4.68058e-310 | 8
1614559 | 21 | 26.9516 | 208
3229119 | 22 | 26.9516 | 208
6458239 | 23 | 26.9516 | 208
12916478 | 24 | 26.9516 | 208
25832956 | 25 | 26.9516 | 208
51665913 | 26 | 26.9516 | 208
103331827 | 27 | 26.9516 | 208
206663655 | 28 | 26.9516 | 208
413327311 | 29 | 26.9516 | 208
826654622 | 30 | 23.5117 | 175
1653309244 | 31 | 23.5117 | 175
3306618489 | 32 | 23.5117 | 175
6613236978 | 33 | 14.5248 | 13
13226473956 | 34 | 14.5248 | 13
26452947912 | 35 | 14.5248 | 13
52905895825 | 36 | 14.5248 | 13
105811791650 | 37 | 4.68058e-310 | 1
105811791651 | 37 | 2.87476 | 12
211623583302 | 38 | 2.87476 | 12
423247166604 | 39 | 2.87476 | 12
846494333209 | 40 | 2.87476 | 12
1692988666418 | 41 | 2.87476 | 12
3385977332837 | 42 | 2.87476 | 12
6771954665675 | 43 | 2.87476 | 12
13543909331350 | 44 | 2.87476 | 12
27087818662701 | 45 | 2.87476 | 12
54175637325402 | 46 | 2.87476 | 12
108351274650804 | 47 | 2.87476 | 12
216702549301608 | 48 | 2.87476 | 12
433405098603217 | 49 | 2.87476 | 12
866810197206434 | 50 | 1.99651 | 8
866810197206435 | 50 | 1.48563 | 4
6613236979 | 33 | 23.5117 | 162
13226473958 | 34 | 23.5117 | 162
26452947916 | 35 | 23.5117 | 162
52905895832 | 36 | 23.5117 | 162
105811791664 | 37 | 23.5117 | 162
211623583328 | 38 | 23.5117 | 162
423247166656 | 39 | 21.1754 | 155
846494333313 | 40 | 21.1754 | 155
1692988666626 | 41 | 21.1754 | 155
3385977333252 | 42 | 21.1754 | 155
6771954666504 | 43 | 17.6777 | 136
13543909333008 | 44 | 17.5725 | 97
27087818666016 | 45 | 17.5725 | 59
54175637332032 | 46 | 17.5725 | 59
108351274664064 | 47 | 17.5725 | 59
216702549328129 | 48 | 17.5725 | 59
433405098656258 | 49 | 17.5725 | 46
866810197312517 | 50 | 17.5725 | 46
1733620394625034 | 51 | 17.5725 | 46
3467240789250068 | 52 | 14.5569 | 13
6934481578500136 | 53 | 14.5569 | 13
13868963157000272 | 54 | 14.5569 | 13
27737926314000545 | 55 | 14.5569 | 13
55475852628001091 | 56 | 14.5569 | 13
110951705256002183 | 57 | 14.5569 | 13
221903410512004367 | 58 | 14.5569 | 13
443806821024008734 | 59 | 14.5569 | 13
887613642048017468 | 60 | 14.5569 | 13
1775227284096034936 | 61 | 14.5569 | 13
3550454568192069873 | 62 | 14.5569 | 13
7100909136384139747 | 63 | 14.5569 | 13
-4244925800941272121 | 64 | 14.5569 | 13
-8489851601882544242 | 65 | 14.5569 | 13
1467040869944463133 | 66 | 14.5569 | 13
2934081739888926266 | 67 | 14.5569 | 13
5868163479777852532 | 68 | 14.5569 | 13
-6710417114153846552 | 69 | 14.5569 | 13
5025909845401858512 | 70 | 1.63042e-322 | 5
5025909845401858513 | 70 | 1.58101e-322 | 8
3467240789250069 | 52 | 10.7269 | 33
6934481578500138 | 53 | 10.7269 | 33
13868963157000276 | 54 | 10.7269 | 33
27737926314000553 | 55 | 10.7269 | 33
55475852628001106 | 56 | 10.7269 | 26
110951705256002212 | 57 | 1.63042e-322 | 2
110951705256002213 | 57 | 8.88216 | 24
221903410512004426 | 58 | 8.88216 | 24
443806821024008853 | 59 | 8.88216 | 24
887613642048017707 | 60 | 8.88216 | 24
1775227284096035414 | 61 | 8.88216 | 24
3550454568192070828 | 62 | 8.88216 | 24
7100909136384141657 | 63 | 8.88216 | 24
-4244925800941268302 | 64 | 2.28524 | 13
-8489851601882536603 | 65 | 2.28524 | 13
1467040869944478411 | 66 | 2.28524 | 13
2934081739888956823 | 67 | 2.28524 | 13
5868163479777913646 | 68 | 2.28524 | 13
-6710417114153724323 | 69 | 2.28524 | 13
5025909845402102970 | 70 | 1.63042e-322 | 4
5025909845402102971 | 70 | 1.58101e-322 | 9
-4244925800941268301 | 64 | 6.87504 | 11
-8489851601882536602 | 65 | 6.87504 | 11
1467040869944478412 | 66 | 6.87504 | 11
2934081739888956825 | 67 | 6.87504 | 11
5868163479777913651 | 68 | 6.87504 | 11
-6710417114153724313 | 69 | 6.87504 | 11
5025909845402102991 | 70 | 6.87504 | 11
-8394924382905345634 | 71 | 6.87504 | 11
1656895307898860348 | 72 | 6.87504 | 11
3313790615797720697 | 73 | 6.87504 | 11
6627581231595441394 | 74 | 6.87504 | 11
-5191581610518668828 | 75 | 6.87504 | 11
8063580852672213961 | 76 | 6.87504 | 11
-2319582368365123693 | 77 | 6.87504 | 11
-4639164736730247386 | 78 | 6.87504 | 11
9168414600249056845 | 79 | 6.87504 | 11
-109914873211437925 | 80 | 6.87504 | 11
-219829746422875849 | 81 | 6.87504 | 11
-439659492845751697 | 82 | 6.87504 | 11
-879318985691503394 | 83 | 6.87504 | 11
-1758637971383006788 | 84 | 6.87504 | 11
-3517275942766013576 | 85 | 1.63042e-322 | 7
-3517275942766013575 | 85 | 1.58101e-322 | 4
55475852628001107 | 56 | 1.63042e-322 | 7
433405098656259 | 49 | 3.44642 | 13
866810197312518 | 50 | 3.44642 | 13
1733620394625036 | 51 | 1.58101e-322 | 6
1733620394625037 | 51 | 1.63042e-322 | 7
27087818666017 | 45 | 7.47859 | 38
54175637332034 | 46 | 7.47859 | 38
108351274664069 | 47 | 7.47859 | 38
216702549328138 | 48 | 7.47859 | 38
433405098656276 | 49 | 7.47859 | 38
866810197312552 | 50 | 7.47859 | 38
1733620394625105 | 51 | 7.47859 | 38
3467240789250211 | 52 | 7.47859 | 38
6934481578500422 | 53 | 7.47859 | 38
13868963157000844 | 54 | 7.47859 | 38
27737926314001689 | 55 | 7.47859 | 38
55475852628003379 | 56 | 7.47859 | 38
110951705256006759 | 57 | 7.47859 | 38
221903410512013519 | 58 | 7.47859 | 38
443806821024027038 | 59 | 1.63042e-322 | 10
443806821024027039 | 59 | 7.47859 | 28
887613642048054078 | 60 | 7.47859 | 28
1775227284096108157 | 61 | 7.47859 | 28
3550454568192216314 | 62 | 7.47859 | 28
7100909136384432628 | 63 | 7.47859 | 28
-4244925800940686359 | 64 | 7.47859 | 28
-8489851601881372717 | 65 | 7.47859 | 28
1467040869946806182 | 66 | 7.47859 | 28
2934081739893612364 | 67 | 7.47859 | 28
5868163479787224729 | 68 | 7.47859 | 28
-6710417114135102158 | 69 | 7.47859 | 28
5025909845439347301 | 70 | 7.47859 | 28
-8394924382830857014 | 71 | 7.47859 | 28
1656895308047837588 | 72 | 7.47859 | 28
3313790616095675176 | 73 | 6.54405 | 25
6627581232191350353 | 74 | 6.54405 | 25
-5191581609326850910 | 75 | 6.54405 | 25
8063580855055849797 | 76 | 6.54405 | 25
-2319582363597852022 | 77 | 6.54405 | 25
-4639164727195704044 | 78 | 6.54405 | 25
9168414619318143528 | 79 | 6.54405 | 25
-109914835073264560 | 80 | 6.54405 | 25
-219829670146529119 | 81 | 6.54405 | 25
-439659340293058237 | 82 | 6.54405 | 25
-879318680586116473 | 83 | 6.54405 | 25
-1758637361172232945 | 84 | 6.54405 | 25
-3517274722344465889 | 85 | 6.54405 | 25
-7034549444688931777 | 86 | 6.54405 | 25
4377645184331688063 | 87 | 6.54405 | 25
8755290368663376127 | 88 | 6.54405 | 25
-936163336382799362 | 89 | 6.54405 | 14
-1872326672765598724 | 90 | 6.54405 | 14
-3744653345531197447 | 91 | 6.54405 | 14
-7489306691062394894 | 92 | 6.54405 | 14
3468130691584761828 | 93 | 6.54405 | 14
6936261383169523656 | 94 | 6.54405 | 14
-4574221307370504304 | 95 | 6.54405 | 14
-9148442614741008607 | 96 | 6.54405 | 14
149858844227534402 | 97 | 1.58101e-322 | 8
149858844227534403 | 97 | 1.63042e-322 | 6
-936163336382799361 | 89 | 6.13288 | 11
-1872326672765598722 | 90 | 6.13288 | 11
-3744653345531197443 | 91 | 6.13288 | 11
-7489306691062394886 | 92 | 6.13288 | 11
3468130691584761844 | 93 | 6.13288 | 11
6936261383169523688 | 94 | 6.13288 | 11
-4574221307370504239 | 95 | 6.13288 | 11
-9148442614741008477 | 96 | 6.13288 | 11
149858844227534662 | 97 | 6.13288 | 11
299717688455069324 | 98 | 6.13288 | 11
599435376910138649 | 99 | 6.13288 | 11
1198870753820277298 | 100 | 6.13288 | 11
2397741507640554596 | 101 | 6.13288 | 11
4795483015281109193 | 102 | 6.13288 | 11
-8855778043147333230 | 103 | 1.63042e-322 | 7
-8855778043147333229 | 103 | 1.63042e-322 | 4
3313790616095675177 | 73 | 1.58101e-322 | 3
13543909333009 | 44 | 17.1122 | 39
27087818666018 | 45 | 17.1122 | 39
54175637332036 | 46 | 4.68058e-310 | 2
54175637332037 | 46 | 17.1122 | 37
108351274664074 | 47 | 17.1122 | 37
216702549328149 | 48 | 17.1122 | 37
433405098656298 | 49 | 4.68058e-310 | 1
433405098656299 | 49 | 14.6653 | 36
866810197312598 | 50 | 14.6653 | 36
1733620394625196 | 51 | 14.6653 | 36
3467240789250392 | 52 | 14.6653 | 36
6934481578500785 | 53 | 14.6653 | 36
13868963157001570 | 54 | 14.6653 | 36
27737926314003140 | 55 | 14.6653 | 36
55475852628006281 | 56 | 14.6653 | 36
110951705256012562 | 57 | 14.6653 | 36
221903410512025124 | 58 | 14.6653 | 36
443806821024050248 | 59 | 14.6653 | 36
887613642048100496 | 60 | 14.6653 | 36
1775227284096200993 | 61 | 14.6653 | 36
3550454568192401987 | 62 | 14.6653 | 36
7100909136384803974 | 63 | 14.6653 | 36
-4244925800939943668 | 64 | 14.6653 | 36
-8489851601879887336 | 65 | 14.6653 | 36
1467040869949776944 | 66 | 14.6653 | 36
2934081739899553889 | 67 | 14.6653 | 36
5868163479799107779 | 68 | 14.6653 | 36
-6710417114111336058 | 69 | 14.6653 | 36
5025909845486879500 | 70 | 14.6653 | 36
-8394924382735792615 | 71 | 14.6653 | 36
1656895308237966386 | 72 | 14.6653 | 15
3313790616475932772 | 73 | 14.6653 | 15
6627581232951865544 | 74 | 14.6653 | 15
-5191581607805820527 | 75 | 14.6653 | 15
8063580858097910562 | 76 | 14.6653 | 15
-2319582357513730492 | 77 | 14.6653 | 15
-4639164715027460984 | 78 | 14.6653 | 14
9168414643654629648 | 79 | 14.6653 | 14
-109914786400292319 | 80 | 14.6653 | 14
-219829572800584637 | 81 | 14.6653 | 14
-439659145601169274 | 82 | 14.6653 | 14
-879318291202338548 | 83 | 14.6653 | 14
-1758636582404677096 | 84 | 14.6653 | 14
-3517273164809354192 | 85 | 1.58101e-322 | 1
-3517273164809354191 | 85 | 11.0439 | 13
-7034546329618708382 | 86 | 11.0439 | 13
4377651414472134852 | 87 | 11.0439 | 13
8755302828944269704 | 88 | 11.0439 | 13
-936138415821012207 | 89 | 11.0439 | 13
-1872276831642024414 | 90 | 1.58101e-322 | 1
-1872276831642024413 | 90 | 7.81317 | 12
-3744553663284048826 | 91 | 1.58101e-322 | 4
-3744553663284048825 | 91 | 1.58101e-322 | 8
-4639164715027460983 | 78 | 1.58101e-322 | 1
1656895308237966387 | 72 | 9.03623 | 21
3313790616475932774 | 73 | 1.63042e-322 | 5
3313790616475932775 | 73 | 5.34245 | 16
6627581232951865550 | 74 | 5.34245 | 16
-5191581607805820515 | 75 | 5.34245 | 16
8063580858097910587 | 76 | 5.34245 | 16
-2319582357513730442 | 77 | 5.34245 | 12
-4639164715027460883 | 78 | 5.34245 | 12
9168414643654629851 | 79 | 5.34245 | 12
-109914786400291914 | 80 | 5.34245 | 12
-219829572800583828 | 81 | 5.34245 | 12
-439659145601167655 | 82 | 5.34245 | 12
-879318291202335310 | 83 | 5.34245 | 12
-1758636582404670619 | 84 | 5.34245 | 12
-3517273164809341238 | 85 | 5.34245 | 12
-7034546329618682476 | 86 | 5.34245 | 12
4377651414472186665 | 87 | 5.34245 | 12
8755302828944373330 | 88 | 4.68058e-310 | 4
8755302828944373331 | 88 | 4.68058e-310 | 8
-2319582357513730441 | 77 | 4.68058e-310 | 4
6771954666505 | 43 | 3.11839 | 19
13543909333011 | 44 | 3.11839 | 19
27087818666022 | 45 | 3.11839 | 19
54175637332045 | 46 | 3.11839 | 19
108351274664090 | 47 | 3.11839 | 19
216702549328181 | 48 | 3.11839 | 19
433405098656362 | 49 | 3.11839 | 19
866810197312724 | 50 | 4.68058e-310 | 6
866810197312725 | 50 | 2.82463 | 13
1733620394625450 | 51 | 2.82463 | 13
3467240789250901 | 52 | 2.82463 | 13
6934481578501803 | 53 | 2.82463 | 13
13868963157003607 | 54 | 2.82463 | 13
27737926314007215 | 55 | 2.82463 | 13
55475852628014431 | 56 | 2.82463 | 13
110951705256028862 | 57 | 2.82463 | 13
221903410512057724 | 58 | 0.0238785 | 9
221903410512057725 | 58 | 0.146783 | 4
423247166657 | 39 | 4.68058e-310 | 7
826654623 | 30 | 20.8096 | 33
1653309246 | 31 | 20.8096 | 33
3306618493 | 32 | 20.8096 | 33
6613236986 | 33 | 20.8096 | 33
13226473972 | 34 | 20.8096 | 33
26452947944 | 35 | 20.8096 | 33
52905895889 | 36 | 20.8096 | 33
105811791778 | 37 | 20.8096 | 33
211623583557 | 38 | 20.8096 | 33
423247167114 | 39 | 20.8096 | 33
846494334229 | 40 | 20.8096 | 33
1692988668459 | 41 | 20.8096 | 33
3385977336919 | 42 | 20.8096 | 33
6771954673838 | 43 | 20.8096 | 33
13543909347677 | 44 | 20.8096 | 33
27087818695354 | 45 | 20.8096 | 33
54175637390708 | 46 | 1.73419 | 3
54175637390709 | 46 | 13.1386 | 30
108351274781419 | 47 | 13.1386 | 30
216702549562838 | 48 | 5.40424 | 21
433405099125676 | 49 | 5.40424 | 21
866810198251353 | 50 | 5.40424 | 21
1733620396502706 | 51 | 5.40424 | 21
3467240793005412 | 52 | 4.29329 | 17
6934481586010824 | 53 | 4.29329 | 15
13868963172021648 | 54 | 4.68058e-310 | 8
13868963172021649 | 54 | 4.68058e-310 | 7
6934481586010825 | 53 | 4.68058e-310 | 2
3467240793005413 | 52 | 4.68058e-310 | 4
216702549562839 | 48 | 4.68058e-310 | 9
99 | 7 | 12.6367 | 52
198 | 8 | 12.6367 | 52
396 | 9 | 12.6367 | 52
792 | 10 | 12.6367 | 52
1584 | 11 | 12.6367 | 52
3168 | 12 | 12.6367 | 52
6336 | 13 | 12.6367 | 52
12673 | 14 | 12.6367 | 52
25346 | 15 | 12.6367 | 52
50692 | 16 | 12.6367 | 52
101385 | 17 | 12.6367 | 52
202770 | 18 | 6.81435 | 30
405540 | 19 | 6.81435 | 30
811081 | 20 | 6.81435 | 30
1622162 | 21 | 3.62271 | 15
3244325 | 22 | 3.62271 | 15
6488651 | 23 | 3.62271 | 15
12977302 | 24 | 3.62271 | 15
25954604 | 25 | 3.62271 | 15
51909208 | 26 | 4.68058e-310 | 7
51909209 | 26 | 6.9319e-310 | 8
1622163 | 21 | 3.12281 | 15
3244326 | 22 | 3.12281 | 15
6488652 | 23 | 3.12281 | 15
12977305 | 24 | 3.12281 | 15
25954610 | 25 | 3.12281 | 15
51909221 | 26 | 3.12281 | 15
103818442 | 27 | 3.12281 | 15
207636884 | 28 | 3.12281 | 15
415273769 | 29 | 3.12281 | 15
830547538 | 30 | 4.68058e-310 | 1
830547539 | 30 | 2.93705 | 14
1661095079 | 31 | 2.93705 | 14
3322190158 | 32 | 2.93705 | 14
6644380316 | 33 | 2.93705 | 14
13288760633 | 34 | 2.93705 | 14
26577521267 | 35 | 2.93705 | 14
53155042534 | 36 | 2.93705 | 14
106310085068 | 37 | 2.93705 | 14
212620170137 | 38 | 2.93705 | 14
425240340275 | 39 | 2.93705 | 14
850480680551 | 40 | 2.93705 | 14
1700961361103 | 41 | 2.93705 | 14
3401922722207 | 42 | 2.93705 | 14
6803845444414 | 43 | 2.93705 | 14
13607690888828 | 44 | 2.75378 | 12
27215381777656 | 45 | 2.75378 | 12
54430763555312 | 46 | 2.75378 | 12
108861527110625 | 47 | 2.75378 | 12
217723054221251 | 48 | 2.75378 | 12
435446108442503 | 49 | 2.75378 | 12
870892216885006 | 50 | 2.75378 | 12
1741784433770012 | 51 | 2.75378 | 12
3483568867540024 | 52 | 2.75378 | 12
6967137735080049 | 53 | 2.75378 | 12
13934275470160099 | 54 | 2.75378 | 12
27868550940320198 | 55 | 2.75378 | 12
55737101880640397 | 56 | 2.75378 | 12
111474203761280794 | 57 | 4.68058e-310 | 1
111474203761280795 | 57 | 2.08345 | 11
222948407522561591 | 58 | 2.08345 | 11
445896815045123182 | 59 | 2.08345 | 11
891793630090246364 | 60 | 4.68058e-310 | 6
891793630090246365 | 60 | 6.9319e-310 | 5
13607690888829 | 44 | 4.68058e-310 | 2
202771 | 18 | 6.20529 | 22
405542 | 19 | 6.20529 | 22
811085 | 20 | 6.20529 | 22
1622171 | 21 | 6.20529 | 22
3244342 | 22 | 6.20529 | 22
6488685 | 23 | 6.20529 | 22
12977370 | 24 | 6.20529 | 22
25954741 | 25 | 6.20529 | 22
51909483 | 26 | 6.20529 | 22
103818966 | 27 | 6.20529 | 22
207637932 | 28 | 2.79537 | 12
415275865 | 29 | 2.79537 | 12
830551730 | 30 | 2.79537 | 12
1661103460 | 31 | 2.79537 | 12
3322206920 | 32 | 2.79537 | 12
6644413840 | 33 | 4.68058e-310 | 5
6644413841 | 33 | 4.68058e-310 | 7
207637933 | 28 | 4.68058e-310 | 10
