ID | Depth | diameter | Number of points
0 | 0 | 29.316 | 1600
0 | 1 | 29.316 | 1600
1 | 2 | 29.316 | 1600
2 | 3 | 20.8427 | 293
4 | 4 | 15.8321 | 120
8 | 5 | 15.8321 | 120
16 | 6 | 15.8321 | 120
33 | 7 | 15.8321 | 120
67 | 8 | 15.8321 | 120
135 | 9 | 15.8321 | 120
270 | 10 | 15.8321 | 120
541 | 11 | 15.8321 | 120
1083 | 12 | 15.8321 | 120
2166 | 13 | 15.8321 | 120
4332 | 14 | 15.0496 | 99
8664 | 15 | 15.0496 | 99
17329 | 16 | 15.0496 | 99
34658 | 17 | 15.0496 | 99
69317 | 18 | 15.0496 | 99
138635 | 19 | 15.0496 | 99
277271 | 20 | 15.0496 | 99
554543 | 21 | 15.0496 | 99
1109087 | 22 | 15.0496 | 99
2218174 | 23 | 0.393964 | 2
2218175 | 23 | 15.0496 | 97
4436351 | 24 | 15.0496 | 97
8872703 | 25 | 15.0496 | 97
17745406 | 26 | 14.0699 | 62
35490812 | 27 | 14.0699 | 62
70981625 | 28 | 14.0699 | 62
141963251 | 29 | 14.0699 | 62
283926502 | 30 | 14.0699 | 62
567853004 | 31 | 5.09215 | 14
1135706008 | 32 | 5.09215 | 14
2271412017 | 33 | 5.09215 | 14
4542824034 | 34 | 5.09215 | 14
9085648069 | 35 | 5.09215 | 14
18171296138 | 36 | 5.09215 | 14
36342592276 | 37 | 8.50106 | 6
36342592277 | 37 | 6.95061e-310 | 8
567853005 | 31 | 8.39452 | 48
1135706010 | 32 | 8.39452 | 48
2271412021 | 33 | 8.39452 | 48
4542824042 | 34 | 8.39452 | 48
9085648085 | 35 | 8.39452 | 48
18171296171 | 36 | 8.39452 | 48
36342592343 | 37 | 8.39452 | 48
72685184687 | 38 | 8.39452 | 48
145370369374 | 39 | 8.39452 | 48
290740738749 | 40 | 8.39452 | 48
581481477498 | 41 | 8.00827 | 24
1162962954997 | 42 | 8.00827 | 24
2325925909995 | 43 | 8.00827 | 24
4651851819990 | 44 | 8.00827 | 24
9303703639980 | 45 | 8.00827 | 24
18607407279961 | 46 | 8.00827 | 24
37214814559922 | 47 | 8.00827 | 24
74429629119845 | 48 | 8.00827 | 24
148859258239690 | 49 | 7.04246 | 21
297718516479380 | 50 | 7.04246 | 21
595437032958760 | 51 | 7.04246 | 21
1190874065917521 | 52 | 7.04246 | 21
2381748131835042 | 53 | 7.04246 | 21
4763496263670084 | 54 | 7.04246 | 21
9526992527340169 | 55 | 7.04246 | 21
19053985054680339 | 56 | 7.04246 | 21
38107970109360678 | 57 | 7.04246 | 21
76215940218721357 | 58 | 7.04246 | 21
152431880437442714 | 59 | 7.04246 | 21
304863760874885429 | 60 | 7.04246 | 21
609727521749770859 | 61 | 7.04246 | 21
1219455043499541719 | 62 | 7.04246 | 21
2438910086999083438 | 63 | 7.04246 | 21
4877820173998166877 | 64 | 7.04246 | 21
-8691103725713217861 | 65 | 7.04246 | 21
1064536622283115895 | 66 | 7.04246 | 21
2129073244566231791 | 67 | 7.04246 | 21
4258146489132463582 | 68 | 4.6613e-310 | 1
4258146489132463583 | 68 | 7.04246 | 20
8516292978264927167 | 69 | 7.04246 | 20
-1414158117179697282 | 70 | 7.04246 | 20
-2828316234359394564 | 71 | 1.63042e-322 | 2
-2828316234359394563 | 71 | 7.04246 | 18
-5656632468718789126 | 72 | 7.04246 | 18
7133479136271973365 | 73 | 7.04246 | 18
-4179785801165604886 | 74 | 7.04246 | 18
-8359571602331209771 | 75 | 7.04246 | 18
1727600869047132075 | 76 | 7.04246 | 18
3455201738094264150 | 77 | 7.04246 | 18
6910403476188528301 | 78 | 7.04246 | 18
-4625937121332495014 | 79 | 1.63042e-322 | 4
-4625937121332495013 | 79 | 5.51932 | 14
9194869831044561591 | 80 | 5.51932 | 14
-57004411620428434 | 81 | 5.51932 | 14
-114008823240856867 | 82 | 5.51932 | 14
-228017646481713734 | 83 | 5.51932 | 14
-456035292963427468 | 84 | 5.51932 | 14
-912070585926854935 | 85 | 5.51932 | 14
-1824141171853709870 | 86 | 5.51932 | 14
-3648282343707419740 | 87 | 5.51932 | 14
-7296564687414839480 | 88 | 5.51932 | 14
3853614698879872656 | 89 | 5.51932 | 14
7707229397759745312 | 90 | 5.51932 | 14
-3032285278190060992 | 91 | 5.51932 | 14
-6064570556380121984 | 92 | 5.51932 | 14
6317602960949307649 | 93 | 5.51932 | 14
-5811538151810936318 | 94 | 1.63042e-322 | 8
-5811538151810936317 | 94 | 1.58101e-322 | 6
148859258239691 | 49 | 4.6613e-310 | 3
581481477499 | 41 | 8.22202 | 24
1162962954999 | 42 | 8.22202 | 24
2325925909998 | 43 | 4.6613e-310 | 1
2325925909999 | 43 | 7.97201 | 23
4651851819998 | 44 | 7.97201 | 23
9303703639997 | 45 | 7.97201 | 23
18607407279994 | 46 | 7.97201 | 23
37214814559988 | 47 | 7.97201 | 23
74429629119977 | 48 | 7.97201 | 23
148859258239955 | 49 | 7.97201 | 23
297718516479910 | 50 | 7.97201 | 23
595437032959820 | 51 | 7.97201 | 23
1190874065919640 | 52 | 7.97201 | 23
2381748131839281 | 53 | 7.97201 | 23
4763496263678562 | 54 | 7.97201 | 23
9526992527357124 | 55 | 5.89541 | 13
19053985054714249 | 56 | 5.89541 | 13
38107970109428499 | 57 | 5.89541 | 13
76215940218856998 | 58 | 5.89541 | 13
152431880437713997 | 59 | 5.89541 | 13
304863760875427995 | 60 | 5.89541 | 13
609727521750855990 | 61 | 1.58101e-322 | 7
609727521750855991 | 61 | 1.63042e-322 | 6
9526992527357125 | 55 | 1.63042e-322 | 10
17745407 | 26 | 11.7368 | 35
35490814 | 27 | 11.7368 | 35
70981628 | 28 | 4.6613e-310 | 2
70981629 | 28 | 10.3826 | 33
141963259 | 29 | 10.3826 | 33
283926518 | 30 | 9.9324 | 32
567853037 | 31 | 9.9324 | 32
1135706075 | 32 | 9.9324 | 32
2271412151 | 33 | 9.9324 | 32
4542824302 | 34 | 9.9324 | 32
9085648605 | 35 | 9.9324 | 32
18171297211 | 36 | 9.9324 | 32
36342594422 | 37 | 4.54951 | 14
72685188845 | 38 | 4.54951 | 14
145370377690 | 39 | 4.54951 | 14
290740755381 | 40 | 4.54951 | 14
581481510762 | 41 | 4.54951 | 14
1162963021525 | 42 | 4.54951 | 14
2325926043051 | 43 | 4.54951 | 14
4651852086102 | 44 | 4.54951 | 14
9303704172204 | 45 | 4.54951 | 14
18607408344408 | 46 | 4.54951 | 14
37214816688816 | 47 | 1.63042e-322 | 3
37214816688817 | 47 | 3.03281 | 11
74429633377635 | 48 | 3.03281 | 11
148859266755271 | 49 | 3.03281 | 11
297718533510543 | 50 | 3.03281 | 11
595437067021086 | 51 | 3.03281 | 11
1190874134042172 | 52 | 3.03281 | 11
2381748268084345 | 53 | 3.03281 | 11
4763496536168690 | 54 | 3.03281 | 11
9526993072337380 | 55 | 3.03281 | 11
19053986144674760 | 56 | 3.03281 | 11
38107972289349521 | 57 | 3.03281 | 11
76215944578699042 | 58 | 3.03281 | 11
152431889157398085 | 59 | 3.03281 | 11
304863778314796170 | 60 | 3.03281 | 11
609727556629592341 | 61 | 3.03281 | 11
1219455113259184683 | 62 | 3.03281 | 11
2438910226518369366 | 63 | 3.03281 | 11
4877820453036738732 | 64 | 1.63042e-322 | 5
4877820453036738733 | 64 | 1.63042e-322 | 6
36342594423 | 37 | 6.47033 | 18
72685188847 | 38 | 6.47033 | 18
145370377694 | 39 | 6.47033 | 18
290740755388 | 40 | 6.47033 | 18
581481510776 | 41 | 6.47033 | 18
1162963021553 | 42 | 6.47033 | 18
2325926043106 | 43 | 1.63042e-322 | 8
2325926043107 | 43 | 1.63042e-322 | 10
283926519 | 30 | 4.6613e-310 | 1
4333 | 14 | 13.6623 | 21
8666 | 15 | 13.6623 | 21
17332 | 16 | 13.6623 | 21
34664 | 17 | 13.6623 | 21
69328 | 18 | 13.6623 | 21
138656 | 19 | 13.6623 | 21
277312 | 20 | 13.6623 | 21
554624 | 21 | 13.6623 | 21
1109249 | 22 | 13.6623 | 21
2218499 | 23 | 13.6623 | 21
4436998 | 24 | 13.6623 | 21
8873997 | 25 | 13.6623 | 21
17747995 | 26 | 13.6623 | 21
35495990 | 27 | 11.6226 | 20
70991980 | 28 | 9.94869 | 16
141983960 | 29 | 9.94869 | 16
283967921 | 30 | 9.94869 | 16
567935843 | 31 | 9.94869 | 16
1135871687 | 32 | 9.94869 | 16
2271743375 | 33 | 9.94869 | 16
4543486750 | 34 | 1.63042e-322 | 1
4543486751 | 34 | 8.95492 | 15
9086973502 | 35 | 8.95492 | 15
18173947005 | 36 | 8.95492 | 15
36347894010 | 37 | 1.63042e-322 | 9
36347894011 | 37 | 1.63042e-322 | 6
70991981 | 28 | 1.63042e-322 | 4
35495991 | 27 | 1.63042e-322 | 1
5 | 4 | 11.3918 | 173
10 | 5 | 11.3918 | 173
20 | 6 | 11.3918 | 173
40 | 7 | 11.3918 | 173
80 | 8 | 11.3918 | 173
160 | 9 | 11.3918 | 173
321 | 10 | 11.3918 | 173
642 | 11 | 11.3918 | 173
1285 | 12 | 11.3918 | 173
2571 | 13 | 11.3918 | 173
5142 | 14 | 11.3918 | 173
10285 | 15 | 11.3918 | 173
20570 | 16 | 11.3918 | 173
41141 | 17 | 11.3918 | 173
82282 | 18 | 11.3918 | 173
164564 | 19 | 8.79924 | 56
329128 | 20 | 1.58101e-322 | 1
329129 | 20 | 8.78147 | 55
658258 | 21 | 8.78147 | 55
1316517 | 22 | 8.78147 | 55
2633034 | 23 | 6.34626 | 33
5266068 | 24 | 6.34626 | 33
10532136 | 25 | 6.34626 | 33
21064273 | 26 | 6.34626 | 33
42128546 | 27 | 6.34626 | 33
84257092 | 28 | 1.58101e-322 | 4
84257093 | 28 | 6.34626 | 29
168514187 | 29 | 6.34626 | 29
337028374 | 30 | 6.34626 | 29
674056748 | 31 | 6.34626 | 29
1348113496 | 32 | 3.67463 | 20
2696226992 | 33 | 3.67463 | 20
5392453984 | 34 | 3.67463 | 20
10784907969 | 35 | 3.67463 | 20
21569815938 | 36 | 3.67463 | 20
43139631876 | 37 | 3.67463 | 20
86279263752 | 38 | 3.67463 | 20
172558527505 | 39 | 3.67463 | 20
345117055010 | 40 | 1.58101e-322 | 4
345117055011 | 40 | 3.38302 | 16
690234110023 | 41 | 3.38302 | 16
1380468220047 | 42 | 3.38302 | 16
2760936440094 | 43 | 2.99674 | 15
5521872880189 | 44 | 2.99674 | 15
11043745760378 | 45 | 2.99674 | 15
22087491520756 | 46 | 2.99674 | 15
44174983041512 | 47 | 2.99674 | 15
88349966083025 | 48 | 2.99674 | 15
176699932166051 | 49 | 2.99674 | 15
353399864332102 | 50 | 4.6613e-310 | 3
353399864332103 | 50 | 2.27287 | 12
706799728664206 | 51 | 4.6613e-310 | 8
706799728664207 | 51 | 4.6613e-310 | 4
2760936440095 | 43 | 4.6613e-310 | 1
1348113497 | 32 | 4.6613e-310 | 9
2633035 | 23 | 3.04758 | 22
5266070 | 24 | 3.04758 | 22
10532140 | 25 | 3.04758 | 22
21064281 | 26 | 3.04758 | 22
42128562 | 27 | 4.6613e-310 | 7
42128563 | 27 | 2.88652 | 15
84257126 | 28 | 2.88652 | 15
168514253 | 29 | 2.88652 | 15
337028507 | 30 | 2.88652 | 15
674057015 | 31 | 2.88652 | 15
1348114030 | 32 | 4.6613e-310 | 1
1348114031 | 32 | 2.50222 | 14
2696228062 | 33 | 2.50222 | 14
5392456124 | 34 | 2.50222 | 14
10784912248 | 35 | 2.50222 | 14
21569824496 | 36 | 2.50222 | 14
43139648992 | 37 | 2.50222 | 14
86279297985 | 38 | 2.50222 | 14
172558595971 | 39 | 2.50222 | 14
345117191942 | 40 | 2.27809 | 12
690234383884 | 41 | 2.27809 | 12
1380468767768 | 42 | 2.27809 | 12
2760937535537 | 43 | 2.27809 | 12
5521875071074 | 44 | 2.27809 | 12
11043750142148 | 45 | 2.27809 | 12
22087500284296 | 46 | 4.6613e-310 | 10
22087500284297 | 46 | 4.6613e-310 | 2
345117191943 | 40 | 0.0211668 | 2
164565 | 19 | 10.5781 | 117
329131 | 20 | 10.5781 | 117
658262 | 21 | 10.5781 | 117
1316525 | 22 | 10.5781 | 117
2633050 | 23 | 10.5781 | 117
5266101 | 24 | 10.5781 | 117
10532203 | 25 | 10.5781 | 117
21064407 | 26 | 10.5781 | 117
42128814 | 27 | 10.5781 | 117
84257629 | 28 | 10.5781 | 117
168515259 | 29 | 10.5781 | 117
337030518 | 30 | 10.5781 | 117
674061036 | 31 | 10.5781 | 117
1348122072 | 32 | 10.5781 | 117
2696244144 | 33 | 10.5781 | 117
5392488288 | 34 | 10.5781 | 117
10784976577 | 35 | 10.5781 | 117
21569953155 | 36 | 10.5781 | 117
43139906310 | 37 | 10.5781 | 117
86279812620 | 38 | 10.5781 | 117
172559625241 | 39 | 10.5781 | 117
345119250483 | 40 | 10.5781 | 117
690238500966 | 41 | 10.5781 | 117
1380477001933 | 42 | 10.5781 | 117
2760954003866 | 43 | 10.5781 | 117
5521908007733 | 44 | 10.5781 | 117
11043816015466 | 45 | 10.5781 | 117
22087632030933 | 46 | 10.5781 | 117
44175264061867 | 47 | 10.5781 | 117
88350528123734 | 48 | 10.5781 | 117
176701056247469 | 49 | 10.5781 | 117
353402112494938 | 50 | 10.5781 | 117
706804224989876 | 51 | 10.5781 | 117
1413608449979753 | 52 | 10.5781 | 117
2827216899959507 | 53 | 10.5781 | 117
5654433799919014 | 54 | 10.5781 | 117
11308867599838029 | 55 | 10.5781 | 117
22617735199676059 | 56 | 10.5781 | 117
45235470399352119 | 57 | 10.5781 | 117
90470940798704238 | 58 | 10.5781 | 117
180941881597408476 | 59 | 5.05351 | 50
361883763194816953 | 60 | 5.05351 | 50
723767526389633906 | 61 | 5.05351 | 49
1447535052779267813 | 62 | 5.05351 | 49
2895070105558535627 | 63 | 5.05351 | 49
5790140211117071255 | 64 | 5.05351 | 49
-6866463651475409106 | 65 | 5.05351 | 49
4713816770758733405 | 66 | 5.05351 | 49
-9019110532192084805 | 67 | 5.05351 | 49
408523009325382006 | 68 | 2.37152e-322 | 1
408523009325382007 | 68 | 4.40804 | 48
817046018650764015 | 69 | 4.40804 | 48
1634092037301528030 | 70 | 1.92298 | 12
3268184074603056060 | 71 | 1.92298 | 12
6536368149206112120 | 72 | 1.92298 | 12
-5374007775297327376 | 73 | 1.92298 | 12
7698728523114896864 | 74 | 2.37152e-322 | 7
7698728523114896865 | 74 | 2.37152e-322 | 5
1634092037301528031 | 70 | 4.08919 | 36
3268184074603056063 | 71 | 4.08919 | 36
6536368149206112126 | 72 | 2.95419 | 15
-5374007775297327364 | 73 | 2.95419 | 15
7698728523114896888 | 74 | 2.37152e-322 | 2
7698728523114896889 | 74 | 2.27001 | 13
-3049287027479757837 | 75 | 2.27001 | 13
-6098574054959515673 | 76 | 2.27001 | 13
6249595963790520271 | 77 | 2.27001 | 13
-5947552146128511073 | 78 | 2.27001 | 13
6551639781452529470 | 79 | 2.27001 | 13
-5343464510804492675 | 80 | 2.27001 | 13
7759815052100566266 | 81 | 2.27001 | 13
-2927113969508419084 | 82 | 2.27001 | 13
-5854227939016838168 | 83 | 1.65569 | 11
6738288195675875280 | 84 | 1.65569 | 11
-4970167682357801056 | 85 | 1.65569 | 11
8506408708993949505 | 86 | 1.65569 | 11
-1433926655721652605 | 87 | 1.65569 | 11
-2867853311443305209 | 88 | 1.65569 | 11
-5735706622886610417 | 89 | 1.65569 | 11
6975330827936330783 | 90 | 1.65569 | 11
-4496082417836890050 | 91 | 1.65569 | 11
-8992164835673780100 | 92 | 1.65569 | 11
462414402361991417 | 93 | 1.65569 | 11
924828804723982835 | 94 | 1.65569 | 11
1849657609447965671 | 95 | 1.65569 | 11
3699315218895931343 | 96 | 1.65569 | 11
7398630437791862686 | 97 | 1.65569 | 11
-3649483198125826244 | 98 | 1.65569 | 11
-7298966396251652488 | 99 | 1.65569 | 11
3848811281206246641 | 100 | 1.65569 | 11
7697622562412493282 | 101 | 7.11709 | 2
7697622562412493283 | 101 | 8.47552 | 9
-5854227939016838167 | 83 | 4.6613e-310 | 2
6536368149206112127 | 72 | 3.52176 | 21
-5374007775297327362 | 73 | 3.52176 | 21
7698728523114896892 | 74 | 3.52176 | 21
-3049287027479757831 | 75 | 3.52176 | 21
-6098574054959515661 | 76 | 3.52176 | 21
6249595963790520294 | 77 | 3.52176 | 21
-5947552146128511028 | 78 | 3.52176 | 21
6551639781452529560 | 79 | 3.52176 | 21
-5343464510804492495 | 80 | 3.52176 | 21
7759815052100566627 | 81 | 3.52176 | 21
-2927113969508418362 | 82 | 3.52176 | 21
-5854227939016836724 | 83 | 3.52176 | 21
6738288195675878169 | 84 | 3.52176 | 21
-4970167682357795277 | 85 | 3.52176 | 21
8506408708993961062 | 86 | 3.52176 | 21
-1433926655721629491 | 87 | 3.52176 | 21
-2867853311443258981 | 88 | 3.52176 | 21
-5735706622886517962 | 89 | 3.52176 | 21
6975330827936515692 | 90 | 3.52176 | 14
-4496082417836520231 | 91 | 3.52176 | 14
-8992164835673040462 | 92 | 3.52176 | 14
462414402363470693 | 93 | 3.52176 | 14
924828804726941387 | 94 | 3.52176 | 14
1849657609453882774 | 95 | 3.52176 | 14
3699315218907765549 | 96 | 3.52176 | 14
7398630437815531099 | 97 | 3.52176 | 14
-3649483198078489417 | 98 | 3.52176 | 14
-7298966396156978834 | 99 | 3.52176 | 14
3848811281395593949 | 100 | 3.52176 | 14
7697622562791187899 | 101 | 3.52176 | 14
-3051498948127175817 | 102 | 3.52176 | 14
-6102997896254351634 | 103 | 3.52176 | 14
6240748281200848349 | 104 | 3.52176 | 14
-5965247511307854918 | 105 | 3.52176 | 14
6516249051093841781 | 106 | 3.52176 | 14
-5414245971521868054 | 107 | 1.1253 | 5
-5414245971521868053 | 107 | 1.92612 | 9
6975330827936515693 | 90 | 4.6613e-310 | 7
723767526389633907 | 61 | 4.6613e-310 | 1
180941881597408477 | 59 | 6.2742 | 67
361883763194816954 | 60 | 6.2742 | 67
723767526389633908 | 61 | 6.2742 | 67
1447535052779267817 | 62 | 6.2742 | 67
2895070105558535634 | 63 | 6.2742 | 67
5790140211117071269 | 64 | 6.2742 | 67
-6866463651475409078 | 65 | 6.2742 | 67
4713816770758733460 | 66 | 6.2742 | 67
-9019110532192084695 | 67 | 6.2742 | 67
408523009325382227 | 68 | 6.2742 | 67
817046018650764455 | 69 | 6.2742 | 67
1634092037301528911 | 70 | 6.2742 | 67
3268184074603057822 | 71 | 6.2742 | 67
6536368149206115645 | 72 | 6.2742 | 67
-5374007775297320326 | 73 | 6.2742 | 67
7698728523114910965 | 74 | 6.2742 | 67
-3049287027479729685 | 75 | 6.2742 | 67
-6098574054959459369 | 76 | 6.2742 | 67
6249595963790632878 | 77 | 4.6613e-310 | 6
6249595963790632879 | 77 | 4.69657 | 61
-5947552146128285857 | 78 | 4.69657 | 61
6551639781452979902 | 79 | 4.49188 | 29
-5343464510803591812 | 80 | 4.49188 | 29
7759815052102367993 | 81 | 4.49188 | 29
-2927113969504815630 | 82 | 3.04763 | 13
-5854227939009631259 | 83 | 3.04763 | 13
6738288195690289099 | 84 | 3.04763 | 13
-4970167682328973418 | 85 | 3.04763 | 13
8506408709051604780 | 86 | 3.04763 | 13
-1433926655606342055 | 87 | 3.04763 | 13
-2867853311212684109 | 88 | 3.04763 | 13
-5735706622425368218 | 89 | 3.04763 | 13
6975330828858815180 | 90 | 3.04763 | 13
-4496082415991921255 | 91 | 3.04763 | 13
-8992164831983842510 | 92 | 3.04763 | 13
462414409741866596 | 93 | 3.04763 | 13
924828819483733192 | 94 | 3.04763 | 13
1849657638967466384 | 95 | 3.04763 | 13
3699315277934932768 | 96 | 3.04763 | 13
7398630555869865536 | 97 | 3.04763 | 13
-3649482961969820544 | 98 | 3.04763 | 13
-7298965923939641088 | 99 | 3.04763 | 13
3848812225830269440 | 100 | 3.04763 | 13
7697624451660538881 | 101 | 3.04763 | 13
-3051495170388473854 | 102 | 3.04763 | 13
-6102990340776947707 | 103 | 3.04763 | 13
6240763392155656203 | 104 | 3.04763 | 13
-5965217289398239210 | 105 | 3.04763 | 13
6516309494913073197 | 106 | 3.04763 | 13
-5414125083883405221 | 107 | 3.04763 | 13
7618493905942741175 | 108 | 3.04763 | 13
-3209756261824069265 | 109 | 3.04763 | 13
-6419512523648138530 | 110 | 3.04763 | 13
5607719026413274556 | 111 | 3.04763 | 13
-7231306020883002503 | 112 | 3.04763 | 13
3984132031943546611 | 113 | 3.04763 | 13
7968264063887093223 | 114 | 3.04763 | 13
-2510215945935365170 | 115 | 3.04763 | 13
-5020431891870730340 | 116 | 3.04763 | 13
8405880289968090936 | 117 | 3.04763 | 13
-1634983493773369743 | 118 | 3.04763 | 13
-3269966987546739485 | 119 | 3.04763 | 13
-6539933975093478970 | 120 | 3.04763 | 13
5366876123522593676 | 121 | 3.04763 | 13
-7712991826664364264 | 122 | 0.226503 | 5
-7712991826664364263 | 122 | 2.68111 | 8
-2927113969504815629 | 82 | 4.49188 | 16
-5854227939009631258 | 83 | 4.6613e-310 | 9
-5854227939009631257 | 83 | 4.6613e-310 | 7
6551639781452979903 | 79 | 4.0115 | 32
-5343464510803591810 | 80 | 4.0115 | 32
7759815052102367997 | 81 | 4.0115 | 32
-2927113969504815621 | 82 | 4.0115 | 32
-5854227939009631242 | 83 | 2.82 | 21
6738288195690289133 | 84 | 2.82 | 21
-4970167682328973349 | 85 | 2.82 | 21
8506408709051604918 | 86 | 2.37518 | 11
-1433926655606341779 | 87 | 2.37518 | 11
-2867853311212683557 | 88 | 2.37518 | 11
-5735706622425367113 | 89 | 2.37518 | 11
6975330828858817391 | 90 | 2.37518 | 11
-4496082415991916833 | 91 | 2.37518 | 11
-8992164831983833666 | 92 | 2.37518 | 11
462414409741884285 | 93 | 2.37518 | 11
924828819483768571 | 94 | 2.37518 | 11
1849657638967537143 | 95 | 2.37518 | 11
3699315277935074286 | 96 | 2.37518 | 11
7398630555870148573 | 97 | 2.37518 | 11
-3649482961969254469 | 98 | 2.37518 | 11
-7298965923938508937 | 99 | 2.37518 | 11
3848812225832533743 | 100 | 2.37518 | 11
7697624451665067487 | 101 | 2.37518 | 11
-3051495170379416642 | 102 | 2.37518 | 11
-6102990340758833284 | 103 | 2.37518 | 11
6240763392191885049 | 104 | 2.37518 | 11
-5965217289325781518 | 105 | 2.37518 | 11
6516309495057988581 | 106 | 2.37518 | 11
-5414125083593574453 | 107 | 2.37518 | 11
7618493906522402710 | 108 | 2.37518 | 11
-3209756260664746196 | 109 | 2.37518 | 11
-6419512521329492392 | 110 | 0.933356 | 9
-6419512521329492391 | 110 | 2.04935 | 2
8506408709051604919 | 86 | 4.6613e-310 | 10
-5854227939009631241 | 83 | 1.75079 | 11
6738288195690289134 | 84 | 4.6613e-310 | 8
6738288195690289135 | 84 | 4.6613e-310 | 3
3 | 3 | 29.316 | 1307
7 | 4 | 29.316 | 1307
14 | 5 | 29.316 | 1307
29 | 6 | 29.316 | 1307
59 | 7 | 29.316 | 1307
118 | 8 | 29.316 | 1307
236 | 9 | 29.316 | 1276
473 | 10 | 29.316 | 1276
946 | 11 | 29.316 | 1276
1892 | 12 | 29.316 | 1276
3785 | 13 | 29.316 | 1276
7571 | 14 | 29.316 | 1276
15142 | 15 | 29.316 | 1276
30284 | 16 | 29.316 | 1276
60568 | 17 | 29.316 | 1276
121136 | 18 | 29.316 | 1276
242273 | 19 | 29.316 | 1276
484546 | 20 | 29.316 | 1276
969092 | 21 | 29.316 | 1276
1938184 | 22 | 1.26975e-321 | 2
1938185 | 22 | 28.9488 | 1274
3876370 | 23 | 28.9488 | 1274
7752741 | 24 | 28.9488 | 1274
15505483 | 25 | 28.9488 | 1274
31010966 | 26 | 28.9488 | 1274
62021933 | 27 | 28.9488 | 1274
124043866 | 28 | 28.9488 | 1274
248087732 | 29 | 28.9488 | 1274
496175465 | 30 | 28.9488 | 1274
992350930 | 31 | 28.9488 | 1274
1984701860 | 32 | 28.9488 | 1274
3969403720 | 33 | 28.9488 | 1274
7938807441 | 34 | 28.9488 | 1274
15877614882 | 35 | 28.9488 | 1274
31755229764 | 36 | 22.7185 | 132
63510459528 | 37 | 6.76126 | 13
127020919056 | 38 | 140.897 | 8
127020919057 | 38 | 442.556 | 5
63510459529 | 37 | 15.3798 | 119
127020919059 | 38 | 15.3798 | 119
254041838118 | 39 | 15.3798 | 119
508083676236 | 40 | 15.3798 | 119
1016167352473 | 41 | 15.3798 | 119
2032334704946 | 42 | 15.3798 | 119
4064669409892 | 43 | 15.3798 | 119
8129338819785 | 44 | 15.3798 | 119
16258677639571 | 45 | 15.3798 | 119
32517355279142 | 46 | 15.3798 | 119
65034710558285 | 47 | 15.3798 | 119
130069421116570 | 48 | 15.3798 | 119
260138842233140 | 49 | 15.3798 | 119
520277684466280 | 50 | 15.3798 | 119
1040555368932560 | 51 | 15.3798 | 119
2081110737865121 | 52 | 15.3798 | 119
4162221475730242 | 53 | 15.3798 | 119
8324442951460484 | 54 | 15.3798 | 119
16648885902920969 | 55 | 15.3798 | 119
33297771805841938 | 56 | 0 | 6
33297771805841939 | 56 | 15.3798 | 113
66595543611683878 | 57 | 15.3798 | 113
133191087223367757 | 58 | 15.3798 | 113
266382174446735515 | 59 | 15.3798 | 113
532764348893471031 | 60 | 15.3798 | 113
1065528697786942062 | 61 | 15.3798 | 113
2131057395573884124 | 62 | 15.3798 | 113
4262114791147768248 | 63 | 15.3798 | 113
8524229582295536496 | 64 | 15.3798 | 113
-1398284909118478624 | 65 | 14.7835 | 107
-2796569818236957247 | 66 | 14.7835 | 107
-5593139636473914493 | 67 | 14.7835 | 107
7260464800761722631 | 68 | 14.7835 | 107
-3925814472186106354 | 69 | 12.8493 | 38
-7851628944372212707 | 70 | 12.8493 | 38
2743486184965126202 | 71 | 12.8493 | 38
5486972369930252404 | 72 | 12.8493 | 38
-7472799333849046808 | 73 | 12.8493 | 38
3501145406011458000 | 74 | 12.8493 | 38
7002290812022916001 | 75 | 12.8493 | 38
-4442162449663719614 | 76 | 12.8493 | 38
-8884324899327439227 | 77 | 12.8493 | 38
678094275054673163 | 78 | 12.8493 | 38
1356188550109346326 | 79 | 12.8493 | 38
2712377100218692653 | 80 | 12.8493 | 38
5424754200437385306 | 81 | 12.8493 | 38
-7597235672834781004 | 82 | 12.8493 | 38
3252272728039989609 | 83 | 12.8493 | 38
6504545456079979218 | 84 | 12.8493 | 38
-5437653161549593180 | 85 | 92.6498 | 10
-5437653161549593179 | 85 | 7.00736 | 28
7571437750610365258 | 86 | 2.74591 | 13
-3303868572488821100 | 87 | 2.74591 | 13
-6607737144977642199 | 88 | 2.74591 | 13
5231269783754267218 | 89 | 1.64627 | 8
5231269783754267219 | 89 | 6.48871 | 5
7571437750610365259 | 86 | 2.54729 | 15
-3303868572488821097 | 87 | 2.54729 | 15
-6607737144977642194 | 88 | 2.54729 | 15
5231269783754267229 | 89 | 2.54729 | 15
-7984204506201017157 | 90 | 2.54729 | 15
2478335061307517302 | 91 | 2.54729 | 14
4956670122615034605 | 92 | 2.54729 | 14
-8533403828479482406 | 93 | 2.54729 | 14
1379936416750586804 | 94 | 2.54729 | 14
2759872833501173608 | 95 | 88.8068 | 2
2759872833501173609 | 95 | 2.4048 | 12
5519745667002347219 | 96 | 2.4048 | 12
-7407252739704857177 | 97 | 2.4048 | 12
3632238594299837262 | 98 | 15.0987 | 1
3632238594299837263 | 98 | 1.97295 | 11
7264477188599674526 | 99 | 1.97295 | 11
-3917789696510202563 | 100 | 1.97295 | 11
-7835579393020405125 | 101 | 1.97295 | 11
2775585287668741366 | 102 | 1.97295 | 11
5551170575337482733 | 103 | 1.97295 | 11
-7344402923034586150 | 104 | 1.97295 | 11
3757938227640379317 | 105 | 1.97295 | 11
7515876455280758635 | 106 | 1.97295 | 11
-3414991163148034346 | 107 | 1.97295 | 11
-6829982326296068691 | 108 | 1.97295 | 11
4786779421117414234 | 109 | 1.97295 | 11
-8873185231474723147 | 110 | 1.97295 | 11
700373610760105322 | 111 | 3.82743 | 8
700373610760105323 | 111 | 8.09412 | 3
2478335061307517303 | 91 | 4.6613e-310 | 1
-3925814472186106353 | 69 | 14.7835 | 69
-7851628944372212706 | 70 | 8.80822 | 21
2743486184965126204 | 71 | 8.80822 | 21
5486972369930252409 | 72 | 8.80822 | 21
-7472799333849046798 | 73 | 1.15199 | 1
-7472799333849046797 | 73 | 6.82108 | 20
3501145406011458023 | 74 | 6.82108 | 20
7002290812022916046 | 75 | 6.82108 | 20
-4442162449663719524 | 76 | 6.82108 | 20
-8884324899327439048 | 77 | 6.82108 | 20
678094275054673520 | 78 | 6.82108 | 20
1356188550109347041 | 79 | 6.82108 | 20
2712377100218694083 | 80 | 6.82108 | 20
5424754200437388167 | 81 | 6.82108 | 20
-7597235672834775281 | 82 | 6.82108 | 20
3252272728040001055 | 83 | 6.82108 | 20
6504545456080002111 | 84 | 6.82108 | 20
-5437653161549547393 | 85 | 6.82108 | 20
7571437750610456830 | 86 | 2.95576 | 12
-3303868572488637956 | 87 | 2.95576 | 12
-6607737144977275911 | 88 | 2.95576 | 12
5231269783754999794 | 89 | 2.66892 | 11
-7984204506199552028 | 90 | 2.66892 | 11
2478335061310447560 | 91 | 2.66892 | 11
4956670122620895120 | 92 | 97.9805 | 9
4956670122620895121 | 92 | 20.7917 | 2
5231269783754999795 | 89 | 4.6613e-310 | 1
7571437750610456831 | 86 | 4.6613e-310 | 8
-7851628944372212705 | 70 | 7.187 | 48
2743486184965126206 | 71 | 6.20459 | 40
5486972369930252412 | 72 | 6.20459 | 40
-7472799333849046792 | 73 | 6.20459 | 40
3501145406011458033 | 74 | 6.20459 | 40
7002290812022916067 | 75 | 6.20459 | 40
-4442162449663719482 | 76 | 6.20459 | 40
-8884324899327438964 | 77 | 4.77747 | 28
678094275054673688 | 78 | 4.77747 | 28
1356188550109347377 | 79 | 4.77747 | 28
2712377100218694755 | 80 | 4.77747 | 28
5424754200437389510 | 81 | 4.77747 | 28
-7597235672834772596 | 82 | 4.77747 | 28
3252272728040006424 | 83 | 14.2881 | 8
3252272728040006425 | 83 | 3.80484 | 20
6504545456080012851 | 84 | 3.80484 | 20
-5437653161549525913 | 85 | 3.80484 | 20
7571437750610499791 | 86 | 3.80484 | 20
-3303868572488552033 | 87 | 3.80484 | 20
-6607737144977104066 | 88 | 3.80484 | 20
5231269783755343484 | 89 | 4.6613e-310 | 10
5231269783755343485 | 89 | 1.63383 | 10
-8884324899327438963 | 77 | 1.94344 | 12
678094275054673691 | 78 | 1.94344 | 12
1356188550109347382 | 79 | 1.94344 | 12
2712377100218694764 | 80 | 1.94344 | 12
5424754200437389528 | 81 | 4.6613e-310 | 5
5424754200437389529 | 81 | 4.6613e-310 | 7
2743486184965126207 | 71 | 4.6613e-310 | 8
-1398284909118478623 | 65 | 4.6613e-310 | 6
31755229765 | 36 | 28.9488 | 1142
63510459530 | 37 | 28.9488 | 1142
127020919061 | 38 | 28.9488 | 1142
254041838123 | 39 | 28.9488 | 1142
508083676247 | 40 | 28.9488 | 1142
1016167352494 | 41 | 28.9488 | 1142
2032334704988 | 42 | 28.9488 | 1142
4064669409976 | 43 | 28.9488 | 1142
8129338819953 | 44 | 28.9488 | 1142
16258677639906 | 45 | 28.9488 | 1142
32517355279812 | 46 | 28.9488 | 1142
65034710559625 | 47 | 28.9488 | 1142
130069421119250 | 48 | 28.9488 | 1142
260138842238500 | 49 | 28.9488 | 1142
520277684477000 | 50 | 28.9488 | 1142
1040555368954000 | 51 | 28.9488 | 1068
2081110737908000 | 52 | 15.1395 | 58
4162221475816000 | 53 | 15.1395 | 58
8324442951632000 | 54 | 15.1395 | 58
16648885903264001 | 55 | 15.1395 | 58
33297771806528002 | 56 | 14.8329 | 40
66595543613056005 | 57 | 14.8329 | 40
133191087226112011 | 58 | 14.8329 | 40
266382174452224022 | 59 | 14.8329 | 40
532764348904448044 | 60 | 11.0876 | 37
1065528697808896089 | 61 | 11.0876 | 37
2131057395617792178 | 62 | 11.0876 | 37
4262114791235584357 | 63 | 11.0876 | 37
8524229582471168714 | 64 | 43.0144 | 2
8524229582471168715 | 64 | 8.999 | 35
-1398284908767214185 | 65 | 8.999 | 35
-2796569817534428370 | 66 | 8.999 | 35
-5593139635068856740 | 67 | 8.999 | 35
7260464803571838137 | 68 | 8.999 | 35
-3925814466565875342 | 69 | 8.999 | 35
-7851628933131750683 | 70 | 8.999 | 35
2743486207446050251 | 71 | 8.999 | 35
5486972414892100502 | 72 | 8.999 | 35
-7472799243925350611 | 73 | 8.999 | 35
3501145585858850395 | 74 | 8.999 | 35
7002291171717700791 | 75 | 8.999 | 35
-4442161730274150034 | 76 | 8.999 | 35
-8884323460548300068 | 77 | 8.999 | 35
678097152612951481 | 78 | 8.999 | 35
1356194305225902962 | 79 | 8.999 | 35
2712388610451805924 | 80 | 7.54595 | 23
5424777220903611848 | 81 | 7.54595 | 23
-7597189631902327919 | 82 | 7.54595 | 23
3252364809904895778 | 83 | 7.54595 | 23
6504729619809791556 | 84 | 7.54595 | 23
-5437284834089968503 | 85 | 7.54595 | 23
7572174405529614610 | 86 | 7.54595 | 23
-3302395262650322396 | 87 | 19.7492 | 7
-3302395262650322395 | 87 | 4.69627 | 16
-6604790525300644790 | 88 | 5.16095 | 3
-6604790525300644789 | 88 | 3.6815 | 13
5237163023108262039 | 89 | 3.6815 | 13
-7972418027493027538 | 90 | 2.1643 | 1
-7972418027493027537 | 90 | 3.6815 | 12
2501908018723496542 | 91 | 3.6815 | 12
5003816037446993084 | 92 | 135.678 | 5
5003816037446993085 | 92 | 156.669 | 7
2712388610451805925 | 80 | 7.20726 | 12
5424777220903611850 | 81 | 7.20726 | 12
-7597189631902327915 | 82 | 7.20726 | 12
3252364809904895786 | 83 | 7.20726 | 12
6504729619809791572 | 84 | 4.6613e-310 | 1
6504729619809791573 | 84 | 6.82036 | 11
-5437284834089968470 | 85 | 6.82036 | 11
7572174405529614676 | 86 | 6.82036 | 11
-3302395262650322264 | 87 | 190.415 | 6
-3302395262650322263 | 87 | 169.855 | 5
532764348904448045 | 60 | 4.6613e-310 | 3
33297771806528003 | 56 | 13.4291 | 18
66595543613056006 | 57 | 13.4291 | 18
133191087226112012 | 58 | 13.4291 | 18
266382174452224024 | 59 | 13.4291 | 18
532764348904448048 | 60 | 4.6613e-310 | 7
532764348904448049 | 60 | 9.39975 | 11
1065528697808896098 | 61 | 9.39975 | 11
2131057395617792196 | 62 | 9.39975 | 11
4262114791235584392 | 63 | 4.6613e-310 | 9
4262114791235584393 | 63 | 4.6613e-310 | 2
2081110737908001 | 52 | 22.5072 | 1010
4162221475816002 | 53 | 22.5072 | 1010
8324442951632004 | 54 | 22.5072 | 1010
16648885903264008 | 55 | 22.5072 | 1010
33297771806528017 | 56 | 22.5072 | 1010
66595543613056035 | 57 | 22.5072 | 1010
133191087226112070 | 58 | 22.5072 | 1010
266382174452224140 | 59 | 0 | 8
266382174452224141 | 59 | 22.5072 | 1002
532764348904448283 | 60 | 22.5072 | 1002
1065528697808896566 | 61 | 22.5072 | 1002
2131057395617793132 | 62 | 21.6397 | 712
4262114791235586265 | 63 | 21.6397 | 712
8524229582471172531 | 64 | 21.6397 | 712
-1398284908767206554 | 65 | 21.6397 | 712
-2796569817534413107 | 66 | 21.6397 | 712
-5593139635068826214 | 67 | 17.0205 | 510
7260464803571899188 | 68 | 17.0205 | 510
-3925814466565753240 | 69 | 17.0205 | 510
-7851628933131506480 | 70 | 12.3571 | 272
2743486207446538657 | 71 | 12.3571 | 272
5486972414893077314 | 72 | 12.3571 | 272
-7472799243923396988 | 73 | 12.3571 | 272
3501145585862757640 | 74 | 12.3571 | 272
7002291171725515281 | 75 | 12.3571 | 272
-4442161730258521053 | 76 | 12.3571 | 272
-8884323460517042106 | 77 | 10.5877 | 104
678097152675467405 | 78 | 10.5877 | 104
1356194305350934811 | 79 | 10.5877 | 104
2712388610701869622 | 80 | 10.5877 | 104
5424777221403739244 | 81 | 10.5877 | 104
-7597189630902073128 | 82 | 10.5877 | 104
3252364811905405360 | 83 | 10.5877 | 104
6504729623810810720 | 84 | 10.5877 | 104
-5437284826087930176 | 85 | 4.88397 | 35
7572174421533691264 | 86 | 20.5581 | 4
7572174421533691265 | 86 | 4.88397 | 31
-3302395230642169086 | 87 | 4.88397 | 31
-6604790461284338172 | 88 | 4.02437 | 23
5237163151140875273 | 89 | 4.02437 | 23
-7972417771427801069 | 90 | 4.02437 | 23
2501908530853949478 | 91 | 4.02437 | 23
5003817061707898957 | 92 | 4.02437 | 23
-8439109950293753702 | 93 | 4.02437 | 23
1568524173122044212 | 94 | 4.02437 | 23
3137048346244088425 | 95 | 4.02437 | 23
6274096692488176850 | 96 | 4.02437 | 23
-5898550688733197916 | 97 | 4.02437 | 23
6649642696243155784 | 98 | 4.02437 | 23
-5147458681223240048 | 99 | 4.02437 | 23
8151826711263071520 | 100 | 4.14636 | 8
8151826711263071521 | 100 | 2.66088 | 15
-2143090651183408573 | 101 | 2.66088 | 15
-4286181302366817146 | 102 | 2.66088 | 15
-8572362604733634291 | 103 | 2.66088 | 15
1302018864242283035 | 104 | 2.66088 | 15
2604037728484566070 | 105 | 23.0377 | 3
2604037728484566071 | 105 | 2.49078 | 12
5208075456969132143 | 106 | 2.49078 | 12
-8030593159771287329 | 107 | 2.49078 | 12
2385557754166976958 | 108 | 2.49078 | 12
4771115508333953917 | 109 | 2.49078 | 12
-8904513057041643781 | 110 | 2.49078 | 12
637717959626264054 | 111 | 2.49078 | 12
1275435919252528109 | 112 | 2.49078 | 12
2550871838505056219 | 113 | 2.49078 | 12
5101743677010112438 | 114 | 8.8183 | 4
5101743677010112439 | 114 | 1.48275 | 8
-6604790461284338171 | 88 | 4.6613e-310 | 8
-5437284826087930175 | 85 | 6.27386 | 69
7572174421533691266 | 86 | 6.27386 | 69
-3302395230642169084 | 87 | 6.27386 | 69
-6604790461284338168 | 88 | 6.27386 | 69
5237163151140875280 | 89 | 6.27386 | 69
-7972417771427801055 | 90 | 6.27386 | 69
2501908530853949507 | 91 | 6.27386 | 69
5003817061707899014 | 92 | 6.27386 | 69
-8439109950293753588 | 93 | 6.27386 | 69
1568524173122044441 | 94 | 6.27386 | 69
3137048346244088882 | 95 | 6.27386 | 69
6274096692488177764 | 96 | 6.27386 | 69
-5898550688733196088 | 97 | 5.15416 | 51
6649642696243159441 | 98 | 5.15416 | 51
-5147458681223232733 | 99 | 5.15416 | 51
8151826711263086151 | 100 | 5.15416 | 51
-2143090651183379313 | 101 | 5.15416 | 51
-4286181302366758626 | 102 | 5.15416 | 51
-8572362604733517252 | 103 | 4.49529 | 47
1302018864242517112 | 104 | 4.49529 | 47
2604037728485034224 | 105 | 4.49529 | 47
5208075456970068448 | 106 | 4.49529 | 47
-8030593159769414719 | 107 | 4.49529 | 47
2385557754170722179 | 108 | 4.49529 | 47
4771115508341444359 | 109 | 4.49529 | 47
-8904513057026662897 | 110 | 4.49529 | 47
637717959656225822 | 111 | 4.49529 | 47
1275435919312451644 | 112 | 1.83622 | 12
2550871838624903289 | 113 | 1.83622 | 12
5101743677249806578 | 114 | 1.83622 | 12
-8243256719209938460 | 115 | 1.83622 | 12
1960230635289674696 | 116 | 0.356297 | 6
1960230635289674697 | 116 | 12.4659 | 6
1275435919312451645 | 112 | 3.30527 | 35
2550871838624903290 | 113 | 3.30527 | 35
5101743677249806581 | 114 | 3.30527 | 35
-8243256719209938454 | 115 | 2.19055 | 12
1960230635289674708 | 116 | 1.97678 | 2
1960230635289674709 | 116 | 8.10528 | 10
-8243256719209938453 | 115 | 2.29259 | 23
1960230635289674710 | 116 | 2.29259 | 23
3920461270579349420 | 117 | 2.29259 | 23
7840922541158698841 | 118 | 2.29259 | 23
-2764898991392153934 | 119 | 2.26685 | 19
-5529797982784307867 | 120 | 2.26685 | 19
7387148108140935882 | 121 | 2.26685 | 19
-3672447857427679851 | 122 | 2.26685 | 19
-7344895714855359702 | 123 | 2.26685 | 19
3756952643998832213 | 124 | 2.26685 | 19
7513905287997664426 | 125 | 1.96731 | 15
-3418933497714222764 | 126 | 1.96731 | 15
-6837866995428445527 | 127 | 1.96731 | 15
4771010082852660562 | 128 | 0 | 2
4771010082852660563 | 128 | 1.62589 | 13
-8904723908004230490 | 129 | 1.62589 | 13
637296257701090637 | 130 | 1.62589 | 13
1274592515402181275 | 131 | 1.62589 | 13
2549185030804362551 | 132 | 1.62589 | 13
5098370061608725103 | 133 | 1.62589 | 13
-8250003950492101410 | 134 | 0 | 7
-8250003950492101409 | 134 | 0 | 6
7513905287997664427 | 125 | 4.6613e-310 | 4
-2764898991392153933 | 119 | 4.6613e-310 | 4
-8572362604733517251 | 103 | 4.6613e-310 | 4
-5898550688733196087 | 97 | 2.37215 | 18
6649642696243159443 | 98 | 2.37215 | 18
-5147458681223232729 | 99 | 2.37215 | 18
8151826711263086159 | 100 | 2.37215 | 18
-2143090651183379298 | 101 | 2.37215 | 18
-4286181302366758595 | 102 | 2.37215 | 18
-8572362604733517190 | 103 | 2.37215 | 18
1302018864242517236 | 104 | 4.6613e-310 | 4
1302018864242517237 | 104 | 1.5522 | 14
2604037728485034474 | 105 | 1.5522 | 14
5208075456970068948 | 106 | 1.5522 | 14
-8030593159769413720 | 107 | 1.5522 | 14
2385557754170724177 | 108 | 1.5522 | 14
4771115508341448354 | 109 | 1.5522 | 14
-8904513057026654908 | 110 | 4.6613e-310 | 4
-8904513057026654907 | 110 | 4.6613e-310 | 10
-8884323460517042105 | 77 | 11.2337 | 168
678097152675467407 | 78 | 11.2337 | 168
1356194305350934815 | 79 | 11.2337 | 168
2712388610701869631 | 80 | 11.2337 | 168
5424777221403739263 | 81 | 11.2337 | 168
-7597189630902073089 | 82 | 11.2337 | 168
3252364811905405439 | 83 | 11.2337 | 168
6504729623810810878 | 84 | 11.2337 | 168
-5437284826087929860 | 85 | 8.93888 | 108
7572174421533691896 | 86 | 8.93888 | 108
-3302395230642167824 | 87 | 8.93888 | 108
-6604790461284335648 | 88 | 8.93888 | 108
5237163151140880321 | 89 | 8.93888 | 108
-7972417771427790974 | 90 | 4.45567 | 19
2501908530853969669 | 91 | 4.45567 | 19
5003817061707939338 | 92 | 3.58817 | 13
-8439109950293672940 | 93 | 3.58817 | 13
1568524173122205737 | 94 | 3.58817 | 13
3137048346244411475 | 95 | 3.58817 | 13
6274096692488822951 | 96 | 3.58817 | 13
-5898550688731905714 | 97 | 3.58817 | 13
6649642696245740189 | 98 | 3.58817 | 13
-5147458681218071238 | 99 | 3.58817 | 13
8151826711273409141 | 100 | 3.58817 | 13
-2143090651162733334 | 101 | 3.58817 | 13
-4286181302325466667 | 102 | 3.58817 | 13
-8572362604650933333 | 103 | 3.58817 | 13
1302018864407684950 | 104 | 9.92305 | 9
1302018864407684951 | 104 | 2.3684 | 4
5003817061707939339 | 92 | 4.6613e-310 | 6
-7972417771427790973 | 90 | 7.26098 | 89
2501908530853969670 | 91 | 7.26098 | 89
5003817061707939340 | 92 | 6.24757 | 33
-8439109950293672936 | 93 | 3.31458 | 10
-8439109950293672935 | 93 | 3.12759 | 23
1568524173122205747 | 94 | 3.12759 | 23
3137048346244411494 | 95 | 3.12759 | 23
6274096692488822988 | 96 | 3.12759 | 23
-5898550688731905640 | 97 | 0.138801 | 2
-5898550688731905639 | 97 | 2.89699 | 21
6649642696245740338 | 98 | 2.89699 | 21
-5147458681218070940 | 99 | 2.89699 | 21
8151826711273409736 | 100 | 2.23904 | 17
-2143090651162732144 | 101 | 2.23904 | 17
-4286181302325464287 | 102 | 2.23904 | 17
-8572362604650928574 | 103 | 0.246107 | 2
-8572362604650928573 | 103 | 1.92099 | 15
1302018864407694470 | 104 | 2.25189 | 7
1302018864407694471 | 104 | 0.976663 | 8
8151826711273409737 | 100 | 4.6613e-310 | 4
5003817061707939341 | 92 | 6.88086 | 56
-8439109950293672933 | 93 | 6.88086 | 56
1568524173122205750 | 94 | 6.88086 | 54
3137048346244411500 | 95 | 6.88086 | 54
6274096692488823001 | 96 | 6.88086 | 54
-5898550688731905613 | 97 | 6.88086 | 54
6649642696245740390 | 98 | 6.88086 | 54
-5147458681218070836 | 99 | 6.88086 | 54
8151826711273409945 | 100 | 6.88086 | 54
-2143090651162731726 | 101 | 6.88086 | 54
-4286181302325463452 | 102 | 3.21143e-322 | 9
-4286181302325463451 | 102 | 5.44744 | 45
-8572362604650926902 | 103 | 9.40415 | 9
-8572362604650926901 | 103 | 4.30135 | 36
1302018864407697814 | 104 | 6.85796 | 7
1302018864407697815 | 104 | 3.56249 | 29
2604037728815395630 | 105 | 3.56249 | 29
5208075457630791260 | 106 | 1.75164 | 12
-8030593158447969096 | 107 | 0.634825 | 9
-8030593158447969095 | 107 | 11.79 | 3
5208075457630791261 | 106 | 2.03024 | 17
-8030593158447969094 | 107 | 2.03024 | 17
2385557756813613428 | 108 | 2.03024 | 17
4771115513627226856 | 109 | 0.0662449 | 3
4771115513627226857 | 109 | 1.91449 | 14
-8904513046455097901 | 110 | 1.91449 | 14
637717980799355815 | 111 | 1.91449 | 14
1275435961598711630 | 112 | 1.91449 | 14
2550871923197423260 | 113 | 1.91449 | 14
5101743846394846521 | 114 | 1.91449 | 14
-8243256380919858573 | 115 | 1.91449 | 14
1960231311869834470 | 116 | 3.07048 | 10
1960231311869834471 | 116 | 10.2021 | 4
1568524173122205751 | 94 | 4.6613e-310 | 2
-5437284826087929859 | 85 | 4.9875 | 60
7572174421533691899 | 86 | 4.9875 | 60
-3302395230642167818 | 87 | 4.9875 | 60
-6604790461284335635 | 88 | 4.9875 | 60
5237163151140880346 | 89 | 4.69105 | 43
-7972417771427790923 | 90 | 4.69105 | 43
2501908530853969770 | 91 | 4.69105 | 43
5003817061707939540 | 92 | 4.69105 | 43
-8439109950293672536 | 93 | 4.69105 | 43
1568524173122206544 | 94 | 4.69105 | 43
3137048346244413089 | 95 | 4.69105 | 43
6274096692488826178 | 96 | 4.69105 | 43
-5898550688731899259 | 97 | 4.69105 | 43
6649642696245753098 | 98 | 4.69105 | 43
-5147458681218045419 | 99 | 4.69105 | 43
8151826711273460778 | 100 | 4.69105 | 43
-2143090651162630060 | 101 | 3.21143e-322 | 8
-2143090651162630059 | 101 | 4.09347 | 35
-4286181302325260118 | 102 | 4.09347 | 35
-8572362604650520235 | 103 | 4.09347 | 35
1302018864408511147 | 104 | 4.09347 | 35
2604037728817022295 | 105 | 4.09347 | 35
5208075457634044590 | 106 | 4.09347 | 35
-8030593158441462436 | 107 | 4.09347 | 35
2385557756826626745 | 108 | 4.09347 | 35
4771115513653253491 | 109 | 4.09347 | 35
-8904513046403044633 | 110 | 4.09347 | 35
637717980903462350 | 111 | 3.57203 | 14
1275435961806924701 | 112 | 3.57203 | 14
2550871923613849402 | 113 | 3.57203 | 14
5101743847227698804 | 114 | 3.57203 | 14
-8243256379254154007 | 115 | 3.57203 | 14
1960231315201243602 | 116 | 1.42291e-321 | 3
1960231315201243603 | 116 | 2.78509 | 11
3920462630402487206 | 117 | 2.78509 | 11
7840925260804974413 | 118 | 2.78509 | 11
-2764893552099602790 | 119 | 3.07343 | 9
-2764893552099602789 | 119 | 1.32148 | 2
637717980903462351 | 111 | 3.56467 | 21
1275435961806924703 | 112 | 3.56467 | 21
2550871923613849407 | 113 | 3.56467 | 21
5101743847227698815 | 114 | 3.56467 | 21
-8243256379254153985 | 115 | 3.56467 | 21
1960231315201243646 | 116 | 3.56467 | 21
3920462630402487292 | 117 | 3.56467 | 21
7840925260804974584 | 118 | 8.69556e-322 | 6
7840925260804974585 | 118 | 3.4567 | 15
-2764893552099602446 | 119 | 3.4567 | 15
-5529787104199204891 | 120 | 3.4567 | 15
7387169865311141835 | 121 | 3.4567 | 15
-3672404343087267945 | 122 | 3.4567 | 15
-7344808686174535889 | 123 | 3.4567 | 15
3757126701360479838 | 124 | 3.4567 | 15
7514253402720959676 | 125 | 3.4567 | 15
-3418237268267632264 | 126 | 3.4567 | 15
-6836474536535264528 | 127 | 3.4567 | 15
4773795000639022560 | 128 | 3.4567 | 15
-8899154072431506496 | 129 | 3.4567 | 15
648435928846538624 | 130 | 3.4567 | 15
1296871857693077248 | 131 | 3.4567 | 15
2593743715386154497 | 132 | 3.4567 | 15
5187487430772308994 | 133 | 3.4567 | 15
-8071769212164933628 | 134 | 3.30543 | 5
-8071769212164933627 | 134 | 10.8932 | 10
5237163151140880347 | 89 | 2.83847 | 17
-7972417771427790921 | 90 | 2.83847 | 17
2501908530853969774 | 91 | 2.83847 | 17
5003817061707939549 | 92 | 2.83847 | 17
-8439109950293672518 | 93 | 2.83847 | 17
1568524173122206581 | 94 | 2.83847 | 17
3137048346244413162 | 95 | 2.83847 | 17
6274096692488826324 | 96 | 2.83847 | 17
-5898550688731898968 | 97 | 2.83847 | 17
6649642696245753681 | 98 | 2.83847 | 17
-5147458681218044254 | 99 | 2.83847 | 17
8151826711273463109 | 100 | 2.83847 | 17
-2143090651162625397 | 101 | 2.83847 | 17
-4286181302325250794 | 102 | 2.83847 | 17
-8572362604650501588 | 103 | 2.83847 | 17
1302018864408548440 | 104 | 2.83847 | 17
2604037728817096880 | 105 | 2.83847 | 17
5208075457634193761 | 106 | 2.83847 | 17
-8030593158441164093 | 107 | 2.83847 | 17
2385557756827223430 | 108 | 2.83847 | 17
4771115513654446860 | 109 | 4.6613e-310 | 7
4771115513654446861 | 109 | 4.6613e-310 | 10
-7851628933131506479 | 70 | 14.7164 | 238
2743486207446538659 | 71 | 14.7164 | 238
5486972414893077318 | 72 | 14.7164 | 238
-7472799243923396979 | 73 | 14.7164 | 238
3501145585862757659 | 74 | 14.7164 | 238
7002291171725515318 | 75 | 7.94387 | 97
-4442161730258520980 | 76 | 7.94387 | 97
-8884323460517041960 | 77 | 7.94387 | 97
678097152675467697 | 78 | 7.94387 | 97
1356194305350935394 | 79 | 7.94387 | 97
2712388610701870788 | 80 | 7.94387 | 97
5424777221403741576 | 81 | 7.94387 | 97
-7597189630902068463 | 82 | 7.94387 | 97
3252364811905414690 | 83 | 6.95061e-310 | 2
3252364811905414691 | 83 | 7.26892 | 95
6504729623810829382 | 84 | 7.26892 | 95
-5437284826087892852 | 85 | 7.26892 | 95
7572174421533765912 | 86 | 4.98052 | 34
-3302395230642019792 | 87 | 2.96739 | 18
-6604790461284039583 | 88 | 2.96739 | 18
5237163151141472451 | 89 | 2.96739 | 18
-7972417771426606714 | 90 | 2.96739 | 18
2501908530856338189 | 91 | 2.96739 | 18
5003817061712676379 | 92 | 2.96739 | 18
-8439109950284198857 | 93 | 2.96739 | 18
1568524173141153903 | 94 | 2.96739 | 18
3137048346282307807 | 95 | 2.96739 | 18
6274096692564615614 | 96 | 2.96739 | 18
-5898550688580320387 | 97 | 2.96739 | 18
6649642696548910843 | 98 | 2.96739 | 18
-5147458680611729929 | 99 | 2.96739 | 18
8151826712486091758 | 100 | 2.96739 | 18
-2143090648737368100 | 101 | 2.96739 | 18
-4286181297474736199 | 102 | 2.96739 | 18
-8572362594949472398 | 103 | 2.96739 | 18
1302018883810606821 | 104 | 2.96739 | 18
2604037767621213642 | 105 | 1.42684 | 2
2604037767621213643 | 105 | 2.14429 | 16
5208075535242427287 | 106 | 2.14429 | 16
-8030593003224697042 | 107 | 2.14429 | 16
2385558067260157533 | 108 | 2.14429 | 16
4771116134520315066 | 109 | 0.265989 | 3
4771116134520315067 | 109 | 1.67507 | 13
-8904511804668921482 | 110 | 1.67507 | 13
637720464371708653 | 111 | 1.67507 | 13
1275440928743417307 | 112 | 1.67507 | 13
2550881857486834614 | 113 | 1.67507 | 13
5101763714973669228 | 114 | 3.83756 | 2
5101763714973669229 | 114 | 1.67507 | 11
-8243216643762213158 | 115 | 1.67507 | 11
1960310786185125301 | 116 | 1.67507 | 11
3920621572370250602 | 117 | 1.67507 | 11
7841243144740501205 | 118 | 1.67507 | 11
-2764257784228549206 | 119 | 1.67507 | 11
-5528515568457098411 | 120 | 1.67507 | 11
7389712936795354795 | 121 | 1.67507 | 11
-3667318200118842026 | 122 | 1.67507 | 11
-7334636400237684051 | 123 | 1.67507 | 11
3777471273234183515 | 124 | 1.67507 | 11
7554942546468367031 | 125 | 1.67507 | 11
-3336858980772817553 | 126 | 1.67507 | 11
-6673717961545635106 | 127 | 1.67507 | 11
5099308150618281405 | 128 | 1.67507 | 11
-8248127772472988806 | 129 | 1.67507 | 11
1950488528763574004 | 130 | 1.67507 | 11
3900977057527148009 | 131 | 1.67507 | 11
7801954115054296018 | 132 | 1.67507 | 11
-2842835843600959579 | 133 | 1.67507 | 11
-5685671687201919158 | 134 | 1.67507 | 11
7075400699305713300 | 135 | 1.67507 | 11
-4295942675098125016 | 136 | 1.67507 | 11
-8591885350196250031 | 137 | 1.67507 | 11
1262973373317051554 | 138 | 93.9854 | 2
1262973373317051555 | 138 | 192.377 | 9
-3302395230642019791 | 87 | 1.74925 | 16
-6604790461284039582 | 88 | 1.74925 | 16
5237163151141472452 | 89 | 4.6613e-310 | 10
5237163151141472453 | 89 | 4.6613e-310 | 6
7572174421533765913 | 86 | 6.60204 | 61
-3302395230642019789 | 87 | 6.60204 | 61
-6604790461284039578 | 88 | 6.60204 | 61
5237163151141472460 | 89 | 6.60204 | 61
-7972417771426606696 | 90 | 6.60204 | 61
2501908530856338225 | 91 | 6.60204 | 61
5003817061712676450 | 92 | 6.60204 | 61
-8439109950284198716 | 93 | 6.60204 | 61
1568524173141154185 | 94 | 6.60204 | 61
3137048346282308370 | 95 | 6.60204 | 61
6274096692564616740 | 96 | 6.60204 | 54
-5898550688580318135 | 97 | 6.60204 | 54
6649642696548915347 | 98 | 6.60204 | 54
-5147458680611720922 | 99 | 4.61033 | 25
8151826712486109773 | 100 | 4.61033 | 25
-2143090648737332069 | 101 | 4.61033 | 25
-4286181297474664138 | 102 | 4.61033 | 25
-8572362594949328276 | 103 | 4.61033 | 25
1302018883810895064 | 104 | 4.61033 | 25
2604037767621790128 | 105 | 4.61033 | 25
5208075535243580256 | 106 | 4.61033 | 16
-8030593003222391104 | 107 | 4.61033 | 16
2385558067264769409 | 108 | 4.61033 | 16
4771116134529538819 | 109 | 4.61033 | 16
-8904511804650473977 | 110 | 4.61033 | 16
637720464408603662 | 111 | 4.61033 | 16
1275440928817207324 | 112 | 4.61033 | 16
2550881857634414648 | 113 | 3.8214 | 14
5101763715268829297 | 114 | 3.8214 | 14
-8243216643171893021 | 115 | 3.8214 | 14
1960310787365765574 | 116 | 4.6613e-310 | 3
1960310787365765575 | 116 | 3.28136 | 11
3920621574731531150 | 117 | 4.6613e-310 | 9
3920621574731531151 | 117 | 4.6613e-310 | 2
2550881857634414649 | 113 | 4.6613e-310 | 2
5208075535243580257 | 106 | 4.6613e-310 | 9
-5147458680611720921 | 99 | 4.31479 | 29
8151826712486109775 | 100 | 4.31479 | 29
-2143090648737332065 | 101 | 4.31479 | 29
-4286181297474664129 | 102 | 4.31479 | 29
-8572362594949328257 | 103 | 4.31479 | 29
1302018883810895102 | 104 | 4.6613e-310 | 6
1302018883810895103 | 104 | 3.9304 | 23
2604037767621790206 | 105 | 3.9304 | 23
5208075535243580413 | 106 | 3.9304 | 23
-8030593003222390790 | 107 | 13.0037 | 7
-8030593003222390789 | 107 | 2.19725 | 16
2385558067264770038 | 108 | 2.19725 | 16
4771116134529540076 | 109 | 2.19725 | 16
-8904511804650471464 | 110 | 2.19725 | 16
637720464408608688 | 111 | 2.19725 | 16
1275440928817217377 | 112 | 2.19725 | 16
2550881857634434755 | 113 | 2.19725 | 16
5101763715268869510 | 114 | 2.19725 | 16
-8243216643171812596 | 115 | 2.19725 | 16
1960310787365926424 | 116 | 2.19725 | 16
3920621574731852848 | 117 | 2.19725 | 16
7841243149463705696 | 118 | 2.19725 | 16
-2764257774782140223 | 119 | 2.19725 | 16
-5528515549564280446 | 120 | 2.19725 | 16
7389712974580990724 | 121 | 2.19725 | 16
-3667318124547570168 | 122 | 7.11455e-322 | 3
-3667318124547570167 | 122 | 2.19725 | 13
-7334636249095140334 | 123 | 2.19725 | 13
3777471575519270948 | 124 | 2.19725 | 13
7554943151038541897 | 125 | 2.19725 | 13
-3336857771632467821 | 126 | 2.19725 | 13
-6673715543264935642 | 127 | 2.19725 | 13
5099312987179680332 | 128 | 16.4704 | 1
5099312987179680333 | 128 | 2.19725 | 12
-8248118099350190950 | 129 | 2.19725 | 12
1950507875009169717 | 130 | 2.19725 | 12
3901015750018339434 | 131 | 2.19725 | 12
7802031500036678868 | 132 | 2.19725 | 12
-2842681073636193879 | 133 | 2.19725 | 12
-5685362147272387758 | 134 | 2.19725 | 12
7076019779164776101 | 135 | 2.19725 | 12
-4294704515379999413 | 136 | 2.19725 | 12
-8589409030759998826 | 137 | 2.19725 | 12
1267926012189553964 | 138 | 4.79252 | 9
1267926012189553965 | 138 | 28.3827 | 3
6274096692564616741 | 96 | 4.6613e-310 | 7
7002291171725515319 | 75 | 10.0217 | 141
-4442161730258520977 | 76 | 10.0217 | 141
-8884323460517041953 | 77 | 10.0217 | 141
678097152675467711 | 78 | 10.0217 | 141
1356194305350935422 | 79 | 10.0217 | 141
2712388610701870844 | 80 | 8.32499 | 57
5424777221403741689 | 81 | 8.32499 | 57
-7597189630902068238 | 82 | 8.32499 | 57
3252364811905415141 | 83 | 8.32499 | 57
6504729623810830282 | 84 | 8.32499 | 57
-5437284826087891052 | 85 | 8.32499 | 56
7572174421533769512 | 86 | 8.32499 | 56
-3302395230642012591 | 87 | 8.32499 | 56
-6604790461284025181 | 88 | 8.32499 | 56
5237163151141501254 | 89 | 8.31446 | 39
-7972417771426549108 | 90 | 8.31446 | 39
2501908530856453401 | 91 | 8.31446 | 39
5003817061712906803 | 92 | 8.31446 | 39
-8439109950283738010 | 93 | 8.31446 | 39
1568524173142075597 | 94 | 8.31446 | 39
3137048346284151194 | 95 | 8.31446 | 39
6274096692568302389 | 96 | 8.31446 | 39
-5898550688572946837 | 97 | 8.31446 | 39
6649642696563657943 | 98 | 8.31446 | 39
-5147458680582235729 | 99 | 8.31446 | 39
8151826712545080158 | 100 | 8.31446 | 39
-2143090648619391300 | 101 | 8.31446 | 39
-4286181297238782600 | 102 | 8.31446 | 39
-8572362594477565199 | 103 | 8.31446 | 39
1302018884754421218 | 104 | 8.31446 | 39
2604037769508842436 | 105 | 8.31446 | 39
5208075539017684872 | 106 | 8.31446 | 38
-8030592995674181872 | 107 | 8.31446 | 38
2385558082361187873 | 108 | 8.31446 | 38
4771116164722375746 | 109 | 8.31446 | 38
-8904511744264800124 | 110 | 8.31446 | 38
637720585179951368 | 111 | 4.30286 | 36
1275441170359902736 | 112 | 4.30286 | 36
2550882340719805472 | 113 | 4.30286 | 36
5101764681439610944 | 114 | 4.30286 | 36
-8243214710830329728 | 115 | 4.30286 | 36
1960314652048892161 | 116 | 4.30286 | 36
3920629304097784322 | 117 | 4.30286 | 36
7841258608195568645 | 118 | 4.30286 | 36
-2764226857318414326 | 119 | 0.924023 | 10
-2764226857318414325 | 119 | 4.17284 | 26
-5528453714636828649 | 120 | 4.17284 | 26
7389836644435894319 | 121 | 4.17284 | 26
-3667070784837762978 | 122 | 4.17284 | 26
-7334141569675525956 | 123 | 6.64048 | 7
-7334141569675525955 | 123 | 3.18857 | 19
3778460934358499706 | 124 | 3.18857 | 19
7556921868716999412 | 125 | 3.18857 | 19
-3332900336275552791 | 126 | 3.18857 | 19
-6665800672551105581 | 127 | 3.18857 | 19
5115142728607340455 | 128 | 3.18857 | 19
-8216458616494870705 | 129 | 3.18857 | 19
2013826840719810206 | 130 | 2.39769 | 16
4027653681439620412 | 131 | 2.39769 | 16
8055307362879240824 | 132 | 2.39769 | 16
-2336129347951069968 | 133 | 1.78056 | 12
-4672258695902139935 | 134 | 1.78056 | 12
9102226681905271746 | 135 | 1.78056 | 12
-242290709899008123 | 136 | 1.78056 | 12
-484581419798016246 | 137 | 1.78056 | 12
-969162839596032492 | 138 | 1.78056 | 12
-1938325679192064984 | 139 | 3.82285 | 8
-1938325679192064983 | 139 | 29.6964 | 4
-2336129347951069967 | 133 | 4.6613e-310 | 4
2013826840719810207 | 130 | 4.6613e-310 | 3
637720585179951369 | 111 | 4.6613e-310 | 2
5208075539017684873 | 106 | 4.6613e-310 | 1
5237163151141501255 | 89 | 3.92885 | 17
-7972417771426549106 | 90 | 4.6613e-310 | 3
-7972417771426549105 | 90 | 2.89351 | 14
2501908530856453407 | 91 | 2.89351 | 14
5003817061712906815 | 92 | 2.89351 | 14
-8439109950283737986 | 93 | 4.6613e-310 | 1
-8439109950283737985 | 93 | 1.96245 | 13
1568524173142075646 | 94 | 1.96245 | 13
3137048346284151293 | 95 | 1.96245 | 13
6274096692568302587 | 96 | 1.96245 | 13
-5898550688572946441 | 97 | 1.96245 | 13
6649642696563658734 | 98 | 1.96245 | 13
-5147458680582234148 | 99 | 4.6613e-310 | 9
-5147458680582234147 | 99 | 4.6613e-310 | 4
-5437284826087891051 | 85 | 4.6613e-310 | 1
2712388610701870845 | 80 | 8.97184 | 84
5424777221403741690 | 81 | 5.80135 | 74
-7597189630902068235 | 82 | 5.80135 | 74
3252364811905415146 | 83 | 4.57883 | 46
6504729623810830293 | 84 | 4.57883 | 46
-5437284826087891030 | 85 | 3.28005 | 18
7572174421533769556 | 86 | 1.55817 | 11
-3302395230642012503 | 87 | 1.55817 | 11
-6604790461284025006 | 88 | 1.55817 | 11
5237163151141501604 | 89 | 1.55817 | 11
-7972417771426548407 | 90 | 1.55817 | 11
2501908530856454803 | 91 | 1.55817 | 11
5003817061712909606 | 92 | 1.37861 | 4
5003817061712909607 | 92 | 6.89825 | 7
7572174421533769557 | 86 | 4.6613e-310 | 7
-5437284826087891029 | 85 | 3.78871 | 28
7572174421533769559 | 86 | 3.78871 | 28
-3302395230642012498 | 87 | 3.78871 | 28
-6604790461284024995 | 88 | 3.78871 | 28
5237163151141501627 | 89 | 3.78871 | 28
-7972417771426548362 | 90 | 3.78871 | 28
2501908530856454893 | 91 | 3.78871 | 28
5003817061712909786 | 92 | 3.78871 | 28
-8439109950283732043 | 93 | 3.78871 | 28
1568524173142087530 | 94 | 3.78871 | 28
3137048346284175061 | 95 | 3.78871 | 28
6274096692568350122 | 96 | 3.78871 | 28
-5898550688572851371 | 97 | 3.78871 | 28
6649642696563848874 | 98 | 2.58824 | 14
-5147458680581853868 | 99 | 1.562 | 11
8151826712545843881 | 100 | 1.562 | 11
-2143090648617863854 | 101 | 1.562 | 11
-4286181297235727708 | 102 | 1.562 | 11
-8572362594471455415 | 103 | 1.562 | 11
1302018884766640787 | 104 | 1.562 | 11
2604037769533281575 | 105 | 1.562 | 11
5208075539066563151 | 106 | 1.562 | 11
-8030592995576425314 | 107 | 1.562 | 11
2385558082556700988 | 108 | 11.2965 | 2
2385558082556700989 | 108 | 11.8095 | 9
-5147458680581853867 | 99 | 4.6613e-310 | 3
6649642696563848875 | 98 | 3.29951 | 14
-5147458680581853866 | 99 | 3.29951 | 14
8151826712545843885 | 100 | 3.29951 | 14
-2143090648617863846 | 101 | 4.6613e-310 | 10
-2143090648617863845 | 101 | 4.6613e-310 | 4
3252364811905415147 | 83 | 3.79214 | 28
6504729623810830294 | 84 | 4.6613e-310 | 5
6504729623810830295 | 84 | 2.96865 | 23
-5437284826087891025 | 85 | 2.96865 | 23
7572174421533769566 | 86 | 2.96865 | 23
-3302395230642012484 | 87 | 4.6613e-310 | 9
-3302395230642012483 | 87 | 1.16599 | 14
-6604790461284024966 | 88 | 1.16599 | 14
5237163151141501684 | 89 | 1.16599 | 14
-7972417771426548247 | 90 | 1.16599 | 14
2501908530856455122 | 91 | 1.16599 | 14
5003817061712910245 | 92 | 1.16599 | 14
-8439109950283731125 | 93 | 1.16599 | 14
1568524173142089367 | 94 | 1.16599 | 14
3137048346284178734 | 95 | 1.16599 | 14
6274096692568357469 | 96 | 1.16599 | 14
-5898550688572836677 | 97 | 1.16599 | 14
6649642696563878263 | 98 | 1.16599 | 14
-5147458680581795090 | 99 | 1.16599 | 14
8151826712545961437 | 100 | 1.16599 | 14
-2143090648617628742 | 101 | 1.16599 | 14
-4286181297235257484 | 102 | 1.16599 | 14
-8572362594470514968 | 103 | 5.13773 | 6
-8572362594470514967 | 103 | 5.71863 | 8
5424777221403741691 | 81 | 4.6613e-310 | 10
-5593139635068826213 | 67 | 14.9651 | 202
7260464803571899191 | 68 | 14.9651 | 202
-3925814466565753233 | 69 | 14.9651 | 202
-7851628933131506466 | 70 | 14.9651 | 202
2743486207446538684 | 71 | 14.9651 | 202
5486972414893077368 | 72 | 10.3778 | 143
-7472799243923396880 | 73 | 10.3778 | 143
3501145585862757856 | 74 | 9.2769 | 87
7002291171725515712 | 75 | 9.2769 | 87
-4442161730258520191 | 76 | 9.2769 | 87
-8884323460517040382 | 77 | 9.2769 | 87
678097152675470852 | 78 | 4.02121 | 43
1356194305350941704 | 79 | 4.02121 | 43
2712388610701883409 | 80 | 4.02121 | 43
5424777221403766819 | 81 | 4.02121 | 43
-7597189630902017977 | 82 | 4.02121 | 43
3252364811905515663 | 83 | 4.02121 | 43
6504729623811031327 | 84 | 4.02121 | 43
-5437284826087488962 | 85 | 4.02121 | 43
7572174421534573692 | 86 | 4.02121 | 43
-3302395230640404231 | 87 | 4.02121 | 43
-6604790461280808462 | 88 | 4.02121 | 43
5237163151147934693 | 89 | 4.02121 | 43
-7972417771413682229 | 90 | 4.02121 | 43
2501908530882187159 | 91 | 4.02121 | 43
5003817061764374319 | 92 | 4.02121 | 43
-8439109950180802977 | 93 | 4.02121 | 43
1568524173347945663 | 94 | 4.02121 | 43
3137048346695891326 | 95 | 8.70114 | 1
3137048346695891327 | 95 | 4.02121 | 42
6274096693391782654 | 96 | 4.02121 | 42
-5898550686925986308 | 97 | 4.02121 | 42
6649642699857579000 | 98 | 4.02121 | 42
-5147458673994393615 | 99 | 4.02121 | 42
8151826725720764386 | 100 | 4.02121 | 42
-2143090622268022843 | 101 | 4.02121 | 42
-4286181244536045686 | 102 | 4.02121 | 42
-8572362489072091371 | 103 | 4.02121 | 42
1302019095565368875 | 104 | 4.02121 | 42
2604038191130737750 | 105 | 4.6613e-310 | 2
2604038191130737751 | 105 | 3.65329 | 40
5208076382261475503 | 106 | 3.65329 | 40
-8030591309186600610 | 107 | 1.58101e-322 | 7
-8030591309186600609 | 107 | 3.65329 | 33
2385561455336350399 | 108 | 3.65329 | 33
4771122910672700798 | 109 | 3.65329 | 33
-8904498252364150019 | 110 | 3.65329 | 33
637747568981251578 | 111 | 1.53449 | 13
1275495137962503157 | 112 | 1.53449 | 13
2550990275925006314 | 113 | 1.71128 | 1
2550990275925006315 | 113 | 1.39404 | 12
5101980551850012630 | 114 | 2.64552 | 6
5101980551850012631 | 114 | 0.0229023 | 6
637747568981251579 | 111 | 2.18177 | 20
1275495137962503159 | 112 | 2.18177 | 20
2550990275925006318 | 113 | 2.18177 | 20
5101980551850012637 | 114 | 2.18177 | 20
-8242782970009526342 | 115 | 2.18177 | 20
1961178133690498932 | 116 | 2.13332 | 19
3922356267380997864 | 117 | 0.187515 | 6
3922356267380997865 | 117 | 1.52377 | 13
7844712534761995730 | 118 | 1.52377 | 13
-2757319004185560156 | 119 | 1.52377 | 12
-5514638008371120312 | 120 | 2.17144 | 10
-5514638008371120311 | 120 | 8.69556e-322 | 2
-2757319004185560155 | 119 | 4.6613e-310 | 1
1961178133690498933 | 116 | 4.6613e-310 | 1
678097152675470853 | 78 | 5.4595 | 44
1356194305350941706 | 79 | 5.4595 | 44
2712388610701883412 | 80 | 5.4595 | 44
5424777221403766825 | 81 | 5.4595 | 44
-7597189630902017966 | 82 | 5.4595 | 44
3252364811905515685 | 83 | 5.4595 | 44
6504729623811031370 | 84 | 5.4595 | 44
-5437284826087488875 | 85 | 5.4595 | 44
7572174421534573867 | 86 | 5.4595 | 44
-3302395230640403881 | 87 | 5.4595 | 44
-6604790461280807762 | 88 | 5.4595 | 44
5237163151147936092 | 89 | 5.22054 | 27
-7972417771413679432 | 90 | 1.99589 | 4
-7972417771413679431 | 90 | 3.73665 | 23
2501908530882192755 | 91 | 3.73665 | 23
5003817061764385510 | 92 | 3.73665 | 23
-8439109950180780596 | 93 | 3.73665 | 23
1568524173347990424 | 94 | 3.73665 | 23
3137048346695980848 | 95 | 3.73665 | 23
6274096693391961697 | 96 | 3.73665 | 23
-5898550686925628221 | 97 | 3.73665 | 23
6649642699858295174 | 98 | 3.73665 | 23
-5147458673992961268 | 99 | 0 | 1
-5147458673992961267 | 99 | 3.56068 | 22
8151826725723629082 | 100 | 2.69009 | 15
-2143090622262293451 | 101 | 2.69009 | 15
-4286181244524586901 | 102 | 2.69009 | 15
-8572362489049173802 | 103 | 2.69009 | 15
1302019095611204012 | 104 | 2.69009 | 15
2604038191222408025 | 105 | 2.69009 | 15
5208076382444816051 | 106 | 2.69009 | 15
-8030591308819919514 | 107 | 6.88211 | 2
-8030591308819919513 | 107 | 2.69009 | 13
2385561456069712590 | 108 | 2.62811 | 11
4771122912139425180 | 109 | 2.62811 | 11
-8904498249430701255 | 110 | 2.62811 | 11
637747574848149107 | 111 | 2.62811 | 11
1275495149696298214 | 112 | 2.62811 | 11
2550990299392596429 | 113 | 2.62811 | 11
5101980598785192858 | 114 | 6.95061e-310 | 7
5101980598785192859 | 114 | 6.37345e-322 | 4
2385561456069712591 | 108 | 4.6613e-310 | 2
8151826725723629083 | 100 | 4.6613e-310 | 7
5237163151147936093 | 89 | 5.15177 | 17
-7972417771413679430 | 90 | 5.15177 | 17
2501908530882192757 | 91 | 5.15177 | 17
5003817061764385514 | 92 | 5.15177 | 17
-8439109950180780587 | 93 | 5.15177 | 17
1568524173347990443 | 94 | 5.15177 | 17
3137048346695980887 | 95 | 5.15177 | 17
6274096693391961774 | 96 | 4.6613e-310 | 7
6274096693391961775 | 96 | 4.6613e-310 | 10
3501145585862757857 | 74 | 9.20309 | 56
7002291171725515714 | 75 | 5.1177 | 28
-4442161730258520187 | 76 | 5.1177 | 28
-8884323460517040373 | 77 | 5.1177 | 28
678097152675470871 | 78 | 5.1177 | 28
1356194305350941742 | 79 | 5.1177 | 28
2712388610701883484 | 80 | 1.63042e-322 | 6
2712388610701883485 | 80 | 4.64848 | 22
5424777221403766971 | 81 | 4.64848 | 22
-7597189630902017674 | 82 | 4.64848 | 22
3252364811905516268 | 83 | 4.64848 | 22
6504729623811032536 | 84 | 3.69244 | 17
-5437284826087486543 | 85 | 3.69244 | 17
7572174421534578531 | 86 | 3.69244 | 17
-3302395230640394554 | 87 | 0.698122 | 3
-3302395230640394553 | 87 | 3.69244 | 14
-6604790461280789106 | 88 | 3.69244 | 14
5237163151147973405 | 89 | 3.69244 | 14
-7972417771413604806 | 90 | 3.69244 | 14
2501908530882342005 | 91 | 3.69244 | 14
5003817061764684010 | 92 | 3.69244 | 14
-8439109950180183596 | 93 | 3.69244 | 14
1568524173349184424 | 94 | 3.69244 | 14
3137048346698368849 | 95 | 3.69244 | 14
6274096693396737698 | 96 | 3.19565 | 12
-5898550686916076220 | 97 | 3.19565 | 12
6649642699877399176 | 98 | 3.19565 | 12
-5147458673954753263 | 99 | 3.19565 | 12
8151826725800045091 | 100 | 3.19565 | 12
-2143090622109461434 | 101 | 1.58101e-322 | 3
-2143090622109461433 | 101 | 4.6613e-310 | 9
6274096693396737699 | 96 | 4.6613e-310 | 2
6504729623811032537 | 84 | 4.6613e-310 | 5
7002291171725515715 | 75 | 4.98396 | 28
-4442161730258520185 | 76 | 4.98396 | 28
-8884323460517040369 | 77 | 4.98396 | 28
678097152675470878 | 78 | 4.98396 | 25
1356194305350941756 | 79 | 4.98396 | 25
2712388610701883512 | 80 | 4.98396 | 25
5424777221403767024 | 81 | 4.98396 | 25
-7597189630902017567 | 82 | 4.98396 | 25
3252364811905516482 | 83 | 4.98396 | 25
6504729623811032964 | 84 | 4.98396 | 25
-5437284826087485688 | 85 | 4.98396 | 25
7572174421534580240 | 86 | 4.98396 | 25
-3302395230640391136 | 87 | 3.79696 | 16
-6604790461280782271 | 88 | 3.79696 | 16
5237163151147987074 | 89 | 1.63042e-322 | 4
5237163151147987075 | 89 | 2.16585 | 12
-7972417771413577466 | 90 | 1.58551 | 11
2501908530882396685 | 91 | 1.58551 | 11
5003817061764793370 | 92 | 1.58551 | 11
-8439109950179964875 | 93 | 1.58551 | 11
1568524173349621866 | 94 | 1.58551 | 11
3137048346699243732 | 95 | 1.58551 | 11
6274096693398487464 | 96 | 0.326733 | 1
6274096693398487465 | 96 | 1.40583 | 10
-7972417771413577465 | 90 | 4.6613e-310 | 1
-3302395230640391135 | 87 | 4.6613e-310 | 9
678097152675470879 | 78 | 4.6613e-310 | 3
5486972414893077369 | 72 | 7.72691 | 59
-7472799243923396877 | 73 | 7.72691 | 59
3501145585862757863 | 74 | 7.72691 | 59
7002291171725515726 | 75 | 7.72691 | 59
-4442161730258520164 | 76 | 7.17942 | 49
-8884323460517040328 | 77 | 7.17942 | 49
678097152675470960 | 78 | 7.17942 | 49
1356194305350941921 | 79 | 7.17942 | 49
2712388610701883843 | 80 | 7.17942 | 49
5424777221403767686 | 81 | 7.17942 | 49
-7597189630902016244 | 82 | 7.17942 | 49
3252364811905519128 | 83 | 5.36444 | 37
6504729623811038257 | 84 | 5.36444 | 37
-5437284826087475101 | 85 | 5.36444 | 37
7572174421534601414 | 86 | 4.85429 | 29
-3302395230640348788 | 87 | 4.85429 | 29
-6604790461280697575 | 88 | 4.85429 | 29
5237163151148156466 | 89 | 4.85429 | 29
-7972417771413238684 | 90 | 4.85429 | 29
2501908530883074248 | 91 | 4.85429 | 29
5003817061766148497 | 92 | 4.85429 | 29
-8439109950177254622 | 93 | 4.85429 | 29
1568524173355042373 | 94 | 4.85429 | 29
3137048346710084746 | 95 | 4.85429 | 29
6274096693420169493 | 96 | 4.85429 | 29
-5898550686869212630 | 97 | 4.85429 | 29
6649642699971126357 | 98 | 4.85429 | 29
-5147458673767298901 | 99 | 4.85429 | 29
8151826726174953815 | 100 | 4.85429 | 29
-2143090621359643986 | 101 | 4.85429 | 29
-4286181242719287972 | 102 | 4.85429 | 29
-8572362485438575944 | 103 | 4.85429 | 29
1302019102832399729 | 104 | 4.85429 | 29
2604038205664799459 | 105 | 4.85429 | 29
5208076411329598918 | 106 | 3.47217 | 19
-8030591251050353780 | 107 | 3.47217 | 19
2385561571608844056 | 108 | 3.47217 | 19
4771123143217688113 | 109 | 3.47217 | 19
-8904497787274175389 | 110 | 3.47217 | 19
637748499161200839 | 111 | 3.47217 | 19
1275496998322401679 | 112 | 3.47217 | 19
2550993996644803358 | 113 | 3.47217 | 19
5101987993289606716 | 114 | 3.47217 | 19
-8242768087130338183 | 115 | 3.47217 | 19
1961207899448875251 | 116 | 3.47217 | 19
3922415798897750503 | 117 | 3.47217 | 19
7844831597795501007 | 118 | 3.47217 | 19
-2757080878118549601 | 119 | 3.47217 | 19
-5514161756237099201 | 120 | 3.47217 | 19
7418420561235353214 | 121 | 3.47217 | 19
-3609902951238845187 | 122 | 3.47217 | 19
-7219805902477690374 | 123 | 0.418474 | 6
-7219805902477690373 | 123 | 1.96544 | 13
4007132268754170870 | 124 | 7.90505e-322 | 10
4007132268754170871 | 124 | 7.90505e-322 | 3
5208076411329598919 | 106 | 4.6613e-310 | 10
7572174421534601415 | 86 | 4.6613e-310 | 8
3252364811905519129 | 83 | 4.52397 | 12
6504729623811038258 | 84 | 4.6613e-310 | 5
6504729623811038259 | 84 | 4.6613e-310 | 7
-4442161730258520163 | 76 | 4.6613e-310 | 10
2131057395617793133 | 62 | 20.9215 | 290
4262114791235586267 | 63 | 20.9215 | 290
8524229582471172534 | 64 | 20.9215 | 290
-1398284908767206547 | 65 | 20.9215 | 290
-2796569817534413094 | 66 | 8.07802 | 46
-5593139635068826188 | 67 | 8.07802 | 46
7260464803571899240 | 68 | 8.07802 | 46
-3925814466565753135 | 69 | 8.07802 | 46
-7851628933131506270 | 70 | 7.16605 | 27
2743486207446539077 | 71 | 7.16605 | 27
5486972414893078154 | 72 | 0.697325 | 2
5486972414893078155 | 72 | 6.925 | 25
-7472799243923395306 | 73 | 3.41 | 16
3501145585862761004 | 74 | 3.41 | 16
7002291171725522009 | 75 | 3.41 | 16
-4442161730258507598 | 76 | 5.4632 | 1
-4442161730258507597 | 76 | 3.41 | 15
-8884323460517015194 | 77 | 3.41 | 15
678097152675521229 | 78 | 3.41 | 15
1356194305351042458 | 79 | 3.41 | 15
2712388610702084917 | 80 | 3.41 | 15
5424777221404169834 | 81 | 3.41 | 15
-7597189630901211947 | 82 | 3.41 | 15
3252364811907127723 | 83 | 3.41 | 15
6504729623814255447 | 84 | 3.41 | 15
-5437284826081040722 | 85 | 3.41 | 15
7572174421547470173 | 86 | 3.41 | 15
-3302395230614611269 | 87 | 3.41 | 15
-6604790461229222538 | 88 | 3.41 | 15
5237163151251106541 | 89 | 3.41 | 15
-7972417771207338533 | 90 | 3.41 | 15
2501908531294874551 | 91 | 3.41 | 15
5003817062589749102 | 92 | 3.41 | 15
-8439109948530053412 | 93 | 3.41 | 15
1568524176649444793 | 94 | 3.41 | 15
3137048353298889587 | 95 | 3.41 | 15
6274096706597779175 | 96 | 3.41 | 15
-5898550660513993266 | 97 | 3.41 | 15
6649642752681565085 | 98 | 3.41 | 15
-5147458568346421446 | 99 | 3.41 | 15
8151826937016708725 | 100 | 3.41 | 15
-2143090199676134166 | 101 | 3.08693 | 13
-4286180399352268332 | 102 | 3.08693 | 13
-8572360798704536664 | 103 | 40.1407 | 4
-8572360798704536663 | 103 | 0.368099 | 9
-2143090199676134165 | 101 | 4.6613e-310 | 2
-7472799243923395305 | 73 | 4.6613e-310 | 9
-7851628933131506269 | 70 | 2.33905 | 19
2743486207446539079 | 71 | 2.33905 | 19
5486972414893078158 | 72 | 1.69188 | 13
-7472799243923395300 | 73 | 1.69188 | 13
3501145585862761016 | 74 | 4.6613e-310 | 10
3501145585862761017 | 74 | 4.6613e-310 | 3
5486972414893078159 | 72 | 4.6613e-310 | 6
-2796569817534413093 | 66 | 20.3745 | 244
-5593139635068826186 | 67 | 16.5729 | 184
7260464803571899244 | 68 | 16.5729 | 184
-3925814466565753127 | 69 | 16.5729 | 184
-7851628933131506254 | 70 | 14.2774 | 177
2743486207446539108 | 71 | 14.2774 | 177
5486972414893078216 | 72 | 14.2774 | 57
-7472799243923395184 | 73 | 14.2774 | 57
3501145585862761248 | 74 | 14.2774 | 57
7002291171725522497 | 75 | 14.2774 | 57
-4442161730258506621 | 76 | 14.2774 | 57
-8884323460517013241 | 77 | 14.2774 | 57
678097152675525134 | 78 | 14.2774 | 57
1356194305351050269 | 79 | 14.2774 | 57
2712388610702100539 | 80 | 14.2774 | 57
5424777221404201078 | 81 | 14.2774 | 57
-7597189630901149460 | 82 | 14.2774 | 57
3252364811907252697 | 83 | 14.2774 | 57
6504729623814505395 | 84 | 14.2774 | 57
-5437284826080540825 | 85 | 14.2774 | 57
7572174421548469967 | 86 | 14.2774 | 57
-3302395230612611682 | 87 | 14.2774 | 57
-6604790461225223364 | 88 | 165.188 | 4
-6604790461225223363 | 88 | 14.07 | 53
5237163151259104890 | 89 | 14.07 | 53
-7972417771191341836 | 90 | 14.07 | 53
2501908531326867944 | 91 | 14.07 | 53
5003817062653735888 | 92 | 14.07 | 53
-8439109948402079840 | 93 | 6.37345e-322 | 2
-8439109948402079839 | 93 | 13.863 | 51
1568524176905391938 | 94 | 13.863 | 51
3137048353810783877 | 95 | 13.863 | 51
6274096707621567755 | 96 | 13.863 | 51
-5898550658466416106 | 97 | 13.863 | 51
6649642756776719404 | 98 | 13.863 | 51
-5147458560156112807 | 99 | 13.863 | 51
8151826953397326002 | 100 | 13.863 | 51
-2143090166914899611 | 101 | 13.863 | 51
-4286180333829799221 | 102 | 13.863 | 51
-8572360667659598442 | 103 | 4.6613e-310 | 2
-8572360667659598441 | 103 | 4.31284 | 49
1302022738390354735 | 104 | 4.31284 | 49
2604045476780709470 | 105 | 4.31284 | 49
5208090953561418941 | 106 | 4.31284 | 49
-8030562166586713733 | 107 | 4.31284 | 49
2385619740536124151 | 108 | 4.31284 | 49
4771239481072248303 | 109 | 4.31284 | 49
-8904265111565055009 | 110 | 4.31284 | 49
638213850579441598 | 111 | 3.93301 | 32
1276427701158883196 | 112 | 3.93301 | 32
2552855402317766393 | 113 | 3.93301 | 32
5105710804635532786 | 114 | 3.93301 | 32
-8235322464438486043 | 115 | 3.93301 | 32
1976099144832579531 | 116 | 3.93301 | 32
3952198289665159062 | 117 | 3.93301 | 32
7904396579330318125 | 118 | 3.93301 | 32
-2637950915048915365 | 119 | 3.93301 | 32
-5275901830097830730 | 120 | 2.20334 | 19
7894940413513890157 | 121 | 2.20334 | 19
-2656863246681771301 | 122 | 2.20334 | 19
-5313726493363542601 | 123 | 2.20334 | 19
7819291086982466414 | 124 | 2.20334 | 19
-2808161899744618787 | 125 | 2.20334 | 19
-5616323799489237573 | 126 | 2.20334 | 19
7214096474731076470 | 127 | 2.20334 | 19
-4018551124247398676 | 128 | 2.20334 | 19
-8037102248494797352 | 129 | 2.20334 | 19
2372539576719956912 | 130 | 2.20334 | 19
4745079153439913824 | 131 | 1.77224 | 15
-8956585766829723967 | 132 | 1.77224 | 15
533572540050103682 | 133 | 1.77224 | 15
1067145080100207364 | 134 | 1.77224 | 15
2134290160200414729 | 135 | 1.77224 | 15
4268580320400829458 | 136 | 1.77224 | 15
8537160640801658917 | 137 | 1.77224 | 15
-1372422792106233781 | 138 | 1.77224 | 15
-2744845584212467562 | 139 | 1.77224 | 15
-5489691168424935123 | 140 | 1.77224 | 15
7467361736859681370 | 141 | 4.28733 | 8
7467361736859681371 | 141 | 3.8196 | 7
4745079153439913825 | 131 | 4.6613e-310 | 4
-5275901830097830729 | 120 | 3.58594 | 13
7894940413513890158 | 121 | 3.58594 | 13
-2656863246681771299 | 122 | 3.58594 | 13
-5313726493363542598 | 123 | 4.6613e-310 | 9
-5313726493363542597 | 123 | 4.6613e-310 | 4
638213850579441599 | 111 | 2.77384 | 17
1276427701158883199 | 112 | 2.77384 | 17
2552855402317766399 | 113 | 2.77384 | 17
5105710804635532798 | 114 | 2.77384 | 17
-8235322464438486020 | 115 | 2.77384 | 17
1976099144832579576 | 116 | 4.6613e-310 | 4
1976099144832579577 | 116 | 2.45612 | 13
3952198289665159155 | 117 | 2.45612 | 13
7904396579330318310 | 118 | 4.6613e-310 | 9
7904396579330318311 | 118 | 4.6613e-310 | 4
5486972414893078217 | 72 | 11.1134 | 120
-7472799243923395182 | 73 | 8.96475 | 88
3501145585862761253 | 74 | 8.96475 | 88
7002291171725522506 | 75 | 8.96475 | 88
-4442161730258506603 | 76 | 8.96475 | 88
-8884323460517013206 | 77 | 8.96475 | 84
678097152675525204 | 78 | 8.96475 | 84
1356194305351050408 | 79 | 8.96475 | 84
2712388610702100817 | 80 | 8.96475 | 84
5424777221404201634 | 81 | 8.96475 | 84
-7597189630901148348 | 82 | 8.96475 | 84
3252364811907254920 | 83 | 8.96475 | 84
6504729623814509840 | 84 | 8.96475 | 84
-5437284826080531936 | 85 | 5.92479 | 55
7572174421548487744 | 86 | 5.92479 | 55
-3302395230612576127 | 87 | 5.92479 | 55
-6604790461225152254 | 88 | 0.718846 | 6
-6604790461225152253 | 88 | 4.96325 | 49
5237163151259247110 | 89 | 4.96325 | 49
-7972417771191057396 | 90 | 1.99562 | 12
2501908531327436825 | 91 | 1.99562 | 12
5003817062654873651 | 92 | 1.99562 | 12
-8439109948399804314 | 93 | 1.99562 | 12
1568524176909942988 | 94 | 1.99562 | 12
3137048353819885976 | 95 | 37.6123 | 3
3137048353819885977 | 95 | 4.6613e-310 | 9
-7972417771191057395 | 90 | 3.29474 | 37
2501908531327436826 | 91 | 1.99001 | 22
5003817062654873653 | 92 | 1.99001 | 22
-8439109948399804310 | 93 | 1.99001 | 22
1568524176909942997 | 94 | 1.99001 | 22
3137048353819885995 | 95 | 1.99001 | 22
6274096707639771991 | 96 | 1.99001 | 22
-5898550658430007633 | 97 | 1.99001 | 22
6649642756849536350 | 98 | 1.99001 | 22
-5147458560010478916 | 99 | 1.99001 | 22
8151826953688593784 | 100 | 1.87766 | 21
-2143090166332364047 | 101 | 1.87766 | 21
-4286180332664728094 | 102 | 1.87766 | 21
-8572360665329456187 | 103 | 1.87766 | 21
1302022743050639243 | 104 | 1.87766 | 21
2604045486101278486 | 105 | 1.87766 | 21
5208090972202556972 | 106 | 1.35437 | 11
-8030562129304437672 | 107 | 1.35437 | 11
2385619815100676273 | 108 | 1.35437 | 11
4771239630201352546 | 109 | 0.485686 | 4
4771239630201352547 | 109 | 1.13408 | 7
5208090972202556973 | 106 | 4.6613e-310 | 10
8151826953688593785 | 100 | 4.6613e-310 | 1
2501908531327436827 | 91 | 1.94475 | 15
5003817062654873654 | 92 | 1.94475 | 15
-8439109948399804308 | 93 | 1.94475 | 15
1568524176909943001 | 94 | 1.94475 | 15
3137048353819886002 | 95 | 1.94475 | 15
6274096707639772005 | 96 | 1.94475 | 15
-5898550658430007605 | 97 | 1.94475 | 15
6649642756849536406 | 98 | 4.6613e-310 | 2
6649642756849536407 | 98 | 1.82239 | 13
-5147458560010478802 | 99 | 1.82239 | 13
8151826953688594012 | 100 | 4.6613e-310 | 6
8151826953688594013 | 100 | 4.6613e-310 | 7
-5437284826080531935 | 85 | 3.2312 | 29
7572174421548487747 | 86 | 3.2312 | 29
-3302395230612576122 | 87 | 3.2312 | 29
-6604790461225152244 | 88 | 3.2312 | 29
5237163151259247128 | 89 | 3.2312 | 29
-7972417771191057360 | 90 | 3.2312 | 29
2501908531327436896 | 91 | 3.2312 | 29
5003817062654873793 | 92 | 3.2312 | 29
-8439109948399804030 | 93 | 3.2312 | 29
1568524176909943556 | 94 | 3.2312 | 29
3137048353819887112 | 95 | 1.82413 | 5
3137048353819887113 | 95 | 3.2312 | 24
6274096707639774226 | 96 | 0.145063 | 5
6274096707639774227 | 96 | 2.89389 | 19
-5898550658430003162 | 97 | 2.89389 | 19
6649642756849545293 | 98 | 2.89389 | 19
-5147458560010461030 | 99 | 2.89389 | 19
8151826953688629556 | 100 | 2.04683 | 12
-2143090166332292503 | 101 | 2.04683 | 12
-4286180332664585006 | 102 | 2.04683 | 12
-8572360665329170011 | 103 | 2.04683 | 12
1302022743051211594 | 104 | 2.04683 | 12
2604045486102423188 | 105 | 2.04683 | 12
5208090972204846376 | 106 | 2.04683 | 12
-8030562129299858863 | 107 | 2.04683 | 12
2385619815109833891 | 108 | 2.04683 | 12
4771239630219667782 | 109 | 2.04683 | 12
-8904264813270216052 | 110 | 4.6613e-310 | 5
-8904264813270216051 | 110 | 4.6613e-310 | 7
8151826953688629557 | 100 | 4.6613e-310 | 7
-8884323460517013205 | 77 | 4.6613e-310 | 4
-7472799243923395181 | 73 | 3.45095 | 32
3501145585862761255 | 74 | 3.45095 | 32
7002291171725522510 | 75 | 3.45095 | 32
-4442161730258506596 | 76 | 3.45095 | 32
-8884323460517013192 | 77 | 3.45095 | 32
678097152675525232 | 78 | 3.45095 | 32
1356194305351050465 | 79 | 3.45095 | 32
2712388610702100931 | 80 | 3.45095 | 32
5424777221404201863 | 81 | 3.45095 | 32
-7597189630901147889 | 82 | 3.45095 | 32
3252364811907255839 | 83 | 3.45095 | 32
6504729623814511678 | 84 | 3.45095 | 32
-5437284826080528260 | 85 | 3.45095 | 32
7572174421548495097 | 86 | 3.45095 | 32
-3302395230612561422 | 87 | 3.45095 | 32
-6604790461225122844 | 88 | 3.45095 | 32
5237163151259305928 | 89 | 3.45095 | 32
-7972417771190939759 | 90 | 3.45095 | 32
2501908531327672099 | 91 | 3.45095 | 32
5003817062655344198 | 92 | 3.45095 | 32
-8439109948398863220 | 93 | 3.45095 | 32
1568524176911825176 | 94 | 3.45095 | 32
3137048353823650353 | 95 | 3.45095 | 32
6274096707647300706 | 96 | 3.45095 | 32
-5898550658414950203 | 97 | 3.45095 | 32
6649642756879651210 | 98 | 3.45095 | 32
-5147458559950249195 | 99 | 3.45095 | 32
8151826953809053226 | 100 | 3.45095 | 32
-2143090166091445164 | 101 | 3.45095 | 32
-4286180332182890328 | 102 | 3.45095 | 32
-8572360664365780656 | 103 | 2.82243 | 12
1302022744977990305 | 104 | 2.82243 | 12
2604045489955980611 | 105 | 2.82243 | 12
5208090979911961223 | 106 | 2.82243 | 12
-8030562113885629169 | 107 | 2.82243 | 12
2385619845938293278 | 108 | 2.82243 | 12
4771239691876586557 | 109 | 2.82243 | 12
-8904264689956378501 | 110 | 2.82243 | 12
638214693796794615 | 111 | 2.82243 | 12
1276429387593589231 | 112 | 2.82243 | 12
2552858775187178462 | 113 | 2.01606 | 10
2552858775187178463 | 113 | 1.52451 | 2
-8572360664365780655 | 103 | 2.92936 | 20
1302022744977990307 | 104 | 2.92936 | 20
2604045489955980615 | 105 | 2.92936 | 20
5208090979911961231 | 106 | 2.92936 | 20
-8030562113885629154 | 107 | 4.6613e-310 | 10
-8030562113885629153 | 107 | 4.6613e-310 | 10
-7851628933131506253 | 70 | 4.6613e-310 | 7
-5593139635068826185 | 67 | 10.4941 | 60
7260464803571899246 | 68 | 10.4941 | 60
-3925814466565753123 | 69 | 10.4941 | 60
-7851628933131506245 | 70 | 10.4941 | 60
2743486207446539127 | 71 | 10.4941 | 60
5486972414893078254 | 72 | 4.0707 | 20
-7472799243923395107 | 73 | 4.0707 | 20
3501145585862761402 | 74 | 4.0707 | 20
7002291171725522804 | 75 | 1.4077 | 3
7002291171725522805 | 75 | 3.41884 | 17
-4442161730258506005 | 76 | 3.41884 | 17
-8884323460517012010 | 77 | 3.41884 | 17
678097152675527596 | 78 | 2.79585 | 14
1356194305351055192 | 79 | 2.79585 | 14
2712388610702110385 | 80 | 2.79585 | 14
5424777221404220770 | 81 | 2.37152e-322 | 5
5424777221404220771 | 81 | 1.63042e-322 | 9
678097152675527597 | 78 | 4.6613e-310 | 3
5486972414893078255 | 72 | 6.52541 | 40
-7472799243923395106 | 73 | 6.52541 | 40
3501145585862761404 | 74 | 6.52541 | 40
7002291171725522808 | 75 | 6.52541 | 40
-4442161730258505999 | 76 | 6.52541 | 40
-8884323460517011998 | 77 | 6.52541 | 40
678097152675527621 | 78 | 6.52541 | 40
1356194305351055243 | 79 | 6.52541 | 40
2712388610702110486 | 80 | 6.52541 | 40
5424777221404220973 | 81 | 6.52541 | 40
-7597189630901109670 | 82 | 6.52541 | 40
3252364811907332276 | 83 | 6.52541 | 40
6504729623814664552 | 84 | 4.20675 | 28
-5437284826080222511 | 85 | 4.20675 | 28
7572174421549106595 | 86 | 4.20675 | 28
-3302395230611338426 | 87 | 4.20675 | 27
-6604790461222676852 | 88 | 3.08029 | 19
5237163151264197912 | 89 | 2.77679 | 16
-7972417771181155792 | 90 | 2.01394 | 7
-7972417771181155791 | 90 | 0.501195 | 9
5237163151264197913 | 89 | 3.46749 | 3
-6604790461222676851 | 88 | 4.6613e-310 | 8
-3302395230611338425 | 87 | 4.6613e-310 | 1
6504729623814664553 | 84 | 2.33847 | 12
-5437284826080222510 | 85 | 2.33847 | 12
7572174421549106596 | 86 | 2.33847 | 12
-3302395230611338424 | 87 | 0.572421 | 7
-3302395230611338423 | 87 | 4.20126 | 5
1040555368954001 | 51 | 16.7661 | 74
2081110737908003 | 52 | 16.7661 | 74
4162221475816006 | 53 | 16.7661 | 74
8324442951632012 | 54 | 4.6613e-310 | 8
8324442951632013 | 54 | 15.6681 | 66
16648885903264026 | 55 | 8.50718 | 13
33297771806528052 | 56 | 8.50718 | 13
66595543613056105 | 57 | 8.50718 | 13
133191087226112211 | 58 | 8.50718 | 13
266382174452224422 | 59 | 7.35629 | 11
532764348904448845 | 60 | 7.35629 | 11
1065528697808897690 | 61 | 4.6613e-310 | 4
1065528697808897691 | 61 | 4.6613e-310 | 7
266382174452224423 | 59 | 4.6613e-310 | 2
16648885903264027 | 55 | 10.7288 | 53
33297771806528054 | 56 | 51.4802 | 4
33297771806528055 | 56 | 8.09217 | 49
66595543613056111 | 57 | 8.09217 | 49
133191087226112222 | 58 | 1.58101e-322 | 1
133191087226112223 | 58 | 8.09217 | 48
266382174452224446 | 59 | 4.05807 | 18
532764348904448893 | 60 | 4.05807 | 18
1065528697808897786 | 61 | 4.05807 | 18
2131057395617795572 | 62 | 4.05807 | 17
4262114791235591144 | 63 | 4.05807 | 17
8524229582471182289 | 64 | 4.05807 | 17
-1398284908767187037 | 65 | 4.05807 | 17
-2796569817534374074 | 66 | 4.05807 | 17
-5593139635068748148 | 67 | 4.05807 | 17
7260464803572055321 | 68 | 4.05807 | 17
-3925814466565440974 | 69 | 4.05807 | 17
-7851628933130881947 | 70 | 4.05807 | 17
2743486207447787722 | 71 | 4.05807 | 17
5486972414895575444 | 72 | 1.58101e-322 | 2
5486972414895575445 | 72 | 3.60193 | 15
-7472799243918400726 | 73 | 3.60193 | 15
3501145585872750165 | 74 | 3.60193 | 15
7002291171745500331 | 75 | 3.60193 | 15
-4442161730218550953 | 76 | 3.60193 | 15
-8884323460437101906 | 77 | 0 | 3
-8884323460437101905 | 77 | 3.36156 | 12
678097152835347807 | 78 | 3.36156 | 12
1356194305670695614 | 79 | 3.36156 | 12
2712388611341391228 | 80 | 3.36156 | 12
5424777222682782457 | 81 | 3.36156 | 12
-7597189628343986702 | 82 | 3.36156 | 12
3252364817021578212 | 83 | 3.36156 | 12
6504729634043156424 | 84 | 3.36156 | 12
-5437284805623238767 | 85 | 3.36156 | 12
7572174462463074083 | 86 | 3.36156 | 12
-3302395148783403449 | 87 | 3.36156 | 12
-6604790297566806897 | 88 | 3.36156 | 12
5237163478575937822 | 89 | 3.36156 | 12
-7972417116557675972 | 90 | 3.36156 | 12
2501909840594199673 | 91 | 3.36156 | 12
5003819681188399346 | 92 | 3.36156 | 12
-8439104711332752923 | 93 | 3.36156 | 12
1568534651044045771 | 94 | 3.36156 | 12
3137069302088091542 | 95 | 3.36156 | 12
6274138604176183085 | 96 | 3.36156 | 12
-5898466865357185446 | 97 | 3.36156 | 12
6649810342995180725 | 98 | 3.36156 | 12
-5147123387719190166 | 99 | 3.36156 | 12
8152497298271171284 | 100 | 3.36156 | 12
-2141749477167209048 | 101 | 3.36156 | 12
-4283498954334418095 | 102 | 3.36156 | 12
-8566997908668836189 | 103 | 3.36156 | 12
1312748256371879239 | 104 | 3.36156 | 12
2625496512743758478 | 105 | 3.36156 | 12
5250993025487516956 | 106 | 4.79244e-322 | 6
5250993025487516957 | 106 | 4.79244e-322 | 6
2131057395617795573 | 62 | 4.6613e-310 | 1
266382174452224447 | 59 | 6.40025 | 30
532764348904448894 | 60 | 6.40025 | 30
1065528697808897789 | 61 | 6.40025 | 30
2131057395617795578 | 62 | 6.40025 | 30
4262114791235591157 | 63 | 6.40025 | 30
8524229582471182315 | 64 | 6.40025 | 30
-1398284908767186986 | 65 | 6.40025 | 30
-2796569817534373971 | 66 | 6.40025 | 30
-5593139635068747941 | 67 | 6.40025 | 30
7260464803572055734 | 68 | 5.13543 | 29
-3925814466565440148 | 69 | 4.6613e-310 | 1
-3925814466565440147 | 69 | 5.13543 | 28
-7851628933130880294 | 70 | 5.13543 | 28
2743486207447791028 | 71 | 5.13543 | 28
5486972414895582056 | 72 | 5.13543 | 28
-7472799243918387504 | 73 | 13.5562 | 6
-7472799243918387503 | 73 | 4.04155 | 22
3501145585872776610 | 74 | 3.0469 | 2
3501145585872776611 | 74 | 4.04155 | 20
7002291171745553223 | 75 | 4.04155 | 20
-4442161730218445169 | 76 | 4.04155 | 20
-8884323460436890338 | 77 | 3.10163 | 19
678097152835770941 | 78 | 3.10163 | 19
1356194305671541882 | 79 | 3.10163 | 19
2712388611343083764 | 80 | 3.10163 | 19
5424777222686167529 | 81 | 3.10163 | 19
-7597189628337216558 | 82 | 3.10163 | 19
3252364817035118500 | 83 | 3.10163 | 12
6504729634070237000 | 84 | 3.10163 | 12
-5437284805569077616 | 85 | 4.71394 | 10
-5437284805569077615 | 85 | 1.63458 | 2
3252364817035118501 | 83 | 4.6613e-310 | 7
-8884323460436890337 | 77 | 4.6613e-310 | 1
7260464803572055735 | 68 | 4.6613e-310 | 1
237 | 9 | 9.33338 | 31
474 | 10 | 9.33338 | 31
949 | 11 | 9.33338 | 31
1898 | 12 | 9.33338 | 31
3796 | 13 | 9.33338 | 31
7592 | 14 | 9.03139 | 29
15184 | 15 | 9.03139 | 29
30368 | 16 | 9.03139 | 29
60737 | 17 | 9.03139 | 29
121474 | 18 | 9.03139 | 29
242949 | 19 | 9.03139 | 29
485899 | 20 | 9.03139 | 29
971799 | 21 | 9.03139 | 29
1943599 | 22 | 9.03139 | 29
3887198 | 23 | 9.03139 | 29
7774396 | 24 | 9.03139 | 29
15548792 | 25 | 9.03139 | 29
31097584 | 26 | 4.67792 | 16
62195169 | 27 | 4.67792 | 16
124390339 | 28 | 4.67792 | 16
248780678 | 29 | 4.67792 | 16
497561357 | 30 | 4.67792 | 16
995122715 | 31 | 4.67792 | 16
1990245430 | 32 | 4.6613e-310 | 8
1990245431 | 32 | 6.95061e-310 | 8
31097585 | 26 | 5.56133 | 13
62195170 | 27 | 5.56133 | 13
124390340 | 28 | 5.56133 | 13
248780680 | 29 | 4.6613e-310 | 1
248780681 | 29 | 4.0112 | 12
497561362 | 30 | 4.0112 | 12
995122724 | 31 | 4.0112 | 12
1990245448 | 32 | 4.0112 | 12
3980490896 | 33 | 4.0112 | 12
7960981792 | 34 | 51.1997 | 8
7960981793 | 34 | 4.6613e-310 | 4
7593 | 14 | 4.6613e-310 | 2
