ID | Depth | diameter | Number of points
0 | 0 | 29.316 | 1600
0 | 1 | 29.316 | 1600
1 | 2 | 29.316 | 1600
2 | 3 | 29.316 | 1600
4 | 4 | 29.316 | 1600
8 | 5 | 27.5484 | 120
16 | 6 | 17.7854 | 25
33 | 7 | 17.7854 | 25
67 | 8 | 17.7854 | 25
134 | 9 | 17.7854 | 25
268 | 10 | 17.7854 | 25
537 | 11 | 17.7854 | 25
1074 | 12 | 17.7854 | 25
2148 | 13 | 15.7016 | 14
4297 | 14 | 15.7016 | 14
8594 | 15 | 15.7016 | 14
17188 | 16 | 15.7016 | 14
34376 | 17 | 15.7016 | 14
68753 | 18 | 15.7016 | 14
137507 | 19 | 15.7016 | 14
275015 | 20 | 15.7016 | 14
550031 | 21 | 15.7016 | 14
1100062 | 22 | 15.7016 | 14
2200124 | 23 | 15.7016 | 14
4400249 | 24 | 15.7016 | 14
8800498 | 25 | 15.7016 | 14
17600996 | 26 | 15.7016 | 14
35201992 | 27 | 15.7016 | 14
70403984 | 28 | 15.7016 | 14
140807968 | 29 | 15.7016 | 14
281615936 | 30 | 15.7016 | 14
563231872 | 31 | 15.7016 | 14
1126463745 | 32 | 15.7016 | 14
2252927491 | 33 | 15.7016 | 14
4505854982 | 34 | 2.37152e-322 | 8
4505854983 | 34 | 2.37152e-322 | 6
2149 | 13 | 2.95334 | 11
4298 | 14 | 4.6613e-310 | 1
4299 | 14 | 4.6613e-310 | 10
17 | 6 | 27.5484 | 95
34 | 7 | 27.5484 | 95
68 | 8 | 27.5484 | 95
136 | 9 | 27.5484 | 55
272 | 10 | 27.5484 | 55
544 | 11 | 27.5484 | 55
1089 | 12 | 27.5484 | 55
2179 | 13 | 27.5484 | 55
4359 | 14 | 27.5484 | 55
8718 | 15 | 27.5484 | 55
17437 | 16 | 27.5484 | 55
34875 | 17 | 27.5484 | 55
69750 | 18 | 27.5484 | 55
139500 | 19 | 27.5484 | 55
279000 | 20 | 27.5484 | 55
558000 | 21 | 27.5484 | 55
1116000 | 22 | 27.5484 | 55
2232000 | 23 | 27.5484 | 55
4464001 | 24 | 27.5484 | 55
8928002 | 25 | 21.3403 | 36
17856005 | 26 | 21.3403 | 36
35712011 | 27 | 21.3403 | 36
71424022 | 28 | 2.37152e-322 | 8
71424023 | 28 | 11.4346 | 28
142848047 | 29 | 11.4346 | 28
285696094 | 30 | 11.4346 | 28
571392189 | 31 | 11.4346 | 28
1142784379 | 32 | 11.4346 | 28
2285568758 | 33 | 10.1064 | 18
4571137516 | 34 | 10.1064 | 18
9142275033 | 35 | 10.1064 | 18
18284550067 | 36 | 10.1064 | 18
36569100135 | 37 | 10.1064 | 18
73138200271 | 38 | 10.1064 | 18
146276400542 | 39 | 10.1064 | 18
292552801084 | 40 | 10.1064 | 18
585105602169 | 41 | 10.1064 | 18
1170211204338 | 42 | 10.1064 | 18
2340422408676 | 43 | 10.1064 | 18
4680844817353 | 44 | 10.1064 | 18
9361689634706 | 45 | 10.1064 | 18
18723379269412 | 46 | 2.37152e-322 | 1
18723379269413 | 46 | 9.31814 | 17
37446758538827 | 47 | 9.31814 | 17
74893517077655 | 48 | 9.31814 | 17
149787034155310 | 49 | 9.31814 | 17
299574068310621 | 50 | 9.31814 | 17
599148136621242 | 51 | 9.31814 | 17
1198296273242484 | 52 | 9.31814 | 17
2396592546484969 | 53 | 9.31814 | 17
4793185092969938 | 54 | 9.31814 | 17
9586370185939877 | 55 | 9.31814 | 17
19172740371879754 | 56 | 9.31814 | 17
38345480743759509 | 57 | 9.31814 | 17
76690961487519019 | 58 | 9.31814 | 17
153381922975038039 | 59 | 9.31814 | 17
306763845950076079 | 60 | 9.31814 | 17
613527691900152159 | 61 | 9.31814 | 17
1227055383800304319 | 62 | 9.31814 | 17
2454110767600608639 | 63 | 9.31814 | 17
4908221535201217278 | 64 | 9.31814 | 17
-8630301003307117059 | 65 | 9.31814 | 17
1186142067095317498 | 66 | 6.65023 | 12
2372284134190634996 | 67 | 6.65023 | 12
4744568268381269993 | 68 | 6.65023 | 12
-8957607536947011630 | 69 | 6.65023 | 12
531528999815528356 | 70 | 6.65023 | 12
1063057999631056712 | 71 | 6.65023 | 12
2126115999262113424 | 72 | 6.65023 | 12
4252231998524226848 | 73 | 4.6613e-310 | 2
4252231998524226849 | 73 | 4.6613e-310 | 10
1186142067095317499 | 66 | 4.6613e-310 | 5
2285568759 | 33 | 4.6613e-310 | 10
8928003 | 25 | 10.0673 | 19
17856006 | 26 | 4.6613e-310 | 5
17856007 | 26 | 10.0673 | 14
35712014 | 27 | 10.0673 | 14
71424029 | 28 | 10.0673 | 14
142848058 | 29 | 10.0673 | 14
285696117 | 30 | 10.0673 | 14
571392235 | 31 | 10.0673 | 14
1142784470 | 32 | 10.0673 | 14
2285568940 | 33 | 10.0673 | 14
4571137881 | 34 | 10.0673 | 14
9142275762 | 35 | 10.0673 | 14
18284551524 | 36 | 10.0673 | 14
36569103048 | 37 | 10.0673 | 14
73138206096 | 38 | 10.0673 | 14
146276412192 | 39 | 8.58459 | 12
292552824384 | 40 | 8.58459 | 12
585105648769 | 41 | 8.58459 | 12
1170211297538 | 42 | 8.58459 | 12
2340422595076 | 43 | 8.58459 | 12
4680845190153 | 44 | 8.58459 | 12
9361690380307 | 45 | 8.58459 | 12
18723380760615 | 46 | 8.58459 | 12
37446761521231 | 47 | 8.58459 | 12
74893523042463 | 48 | 8.58459 | 12
149787046084926 | 49 | 8.58459 | 12
299574092169852 | 50 | 8.58459 | 12
599148184339704 | 51 | 4.6613e-310 | 5
599148184339705 | 51 | 4.6613e-310 | 7
146276412193 | 39 | 4.6613e-310 | 2
137 | 9 | 18.4316 | 40
275 | 10 | 18.4316 | 40
550 | 11 | 18.4316 | 40
1101 | 12 | 18.4316 | 40
2203 | 13 | 18.4316 | 40
4407 | 14 | 18.4316 | 40
8814 | 15 | 18.4316 | 40
17628 | 16 | 18.4316 | 40
35257 | 17 | 18.4316 | 40
70514 | 18 | 18.4316 | 40
141029 | 19 | 18.4316 | 40
282058 | 20 | 18.4316 | 40
564117 | 21 | 18.4316 | 40
1128234 | 22 | 18.4316 | 40
2256469 | 23 | 18.4316 | 40
4512938 | 24 | 18.4316 | 40
9025876 | 25 | 18.4316 | 40
18051752 | 26 | 18.4316 | 40
36103504 | 27 | 18.4316 | 40
72207009 | 28 | 18.4316 | 40
144414018 | 29 | 18.4316 | 40
288828036 | 30 | 18.4316 | 40
577656073 | 31 | 18.4316 | 40
1155312146 | 32 | 18.4316 | 40
2310624292 | 33 | 18.4316 | 40
4621248585 | 34 | 18.4316 | 40
9242497170 | 35 | 18.4316 | 40
18484994341 | 36 | 18.4316 | 40
36969988682 | 37 | 11.8092 | 33
73939977365 | 38 | 11.8092 | 33
147879954730 | 39 | 11.8092 | 33
295759909461 | 40 | 11.8092 | 33
591519818922 | 41 | 11.8092 | 33
1183039637844 | 42 | 11.8092 | 31
2366079275689 | 43 | 11.8092 | 31
4732158551378 | 44 | 11.8092 | 31
9464317102756 | 45 | 11.8092 | 31
18928634205513 | 46 | 11.8092 | 31
37857268411026 | 47 | 11.8092 | 31
75714536822053 | 48 | 11.8092 | 31
151429073644106 | 49 | 11.8092 | 31
302858147288212 | 50 | 11.8092 | 31
605716294576425 | 51 | 11.8092 | 31
1211432589152851 | 52 | 11.8092 | 31
2422865178305702 | 53 | 11.8092 | 31
4845730356611405 | 54 | 11.8092 | 31
9691460713222811 | 55 | 11.8092 | 31
19382921426445622 | 56 | 4.6613e-310 | 4
19382921426445623 | 56 | 11.3912 | 27
38765842852891246 | 57 | 11.3912 | 27
77531685705782492 | 58 | 11.3912 | 27
155063371411564984 | 59 | 11.3912 | 27
310126742823129968 | 60 | 7.19498 | 21
620253485646259936 | 61 | 4.48187 | 11
1240506971292519872 | 62 | 4.48187 | 11
2481013942585039745 | 63 | 4.48187 | 11
4962027885170079490 | 64 | 4.6613e-310 | 4
4962027885170079491 | 64 | 4.6613e-310 | 7
620253485646259937 | 61 | 4.6613e-310 | 10
310126742823129969 | 60 | 4.6613e-310 | 6
1183039637845 | 42 | 4.6613e-310 | 2
36969988683 | 37 | 4.6613e-310 | 7
9 | 5 | 29.0771 | 1480
19 | 6 | 29.0771 | 1480
38 | 7 | 29.0771 | 1480
76 | 8 | 29.0771 | 1341
152 | 9 | 29.0771 | 1341
304 | 10 | 14.7328 | 21
608 | 11 | 3.21143e-322 | 9
609 | 11 | 14.7328 | 12
1218 | 12 | 12.6192 | 11
2437 | 13 | 12.6192 | 11
4875 | 14 | 12.6192 | 11
9751 | 15 | 12.6192 | 11
19502 | 16 | 12.6192 | 11
39004 | 17 | 12.6192 | 11
78009 | 18 | 12.6192 | 11
156018 | 19 | 3.21143e-322 | 4
156019 | 19 | 2.37152e-322 | 7
1219 | 12 | 4.6613e-310 | 1
305 | 10 | 27.2533 | 1320
611 | 11 | 27.2533 | 1320
1222 | 12 | 27.2533 | 1320
2444 | 13 | 21.9087 | 101
4889 | 14 | 21.9087 | 101
9779 | 15 | 21.9087 | 101
19559 | 16 | 21.9087 | 101
39119 | 17 | 21.9087 | 101
78239 | 18 | 21.9087 | 101
156478 | 19 | 21.9087 | 101
312957 | 20 | 21.9087 | 101
625915 | 21 | 21.9087 | 101
1251831 | 22 | 21.9087 | 101
2503662 | 23 | 21.9087 | 101
5007324 | 24 | 15.532 | 94
10014649 | 25 | 15.532 | 94
20029299 | 26 | 15.532 | 94
40058599 | 27 | 15.532 | 94
80117199 | 28 | 15.532 | 94
160234398 | 29 | 15.532 | 94
320468796 | 30 | 15.532 | 94
640937593 | 31 | 15.532 | 94
1281875187 | 32 | 15.532 | 94
2563750375 | 33 | 15.532 | 94
5127500750 | 34 | 15.532 | 94
10255001501 | 35 | 15.532 | 94
20510003003 | 36 | 15.532 | 94
41020006006 | 37 | 15.532 | 94
82040012013 | 38 | 15.532 | 94
164080024027 | 39 | 15.532 | 94
328160048054 | 40 | 15.532 | 94
656320096108 | 41 | 15.532 | 94
1312640192217 | 42 | 15.532 | 94
2625280384434 | 43 | 15.532 | 94
5250560768869 | 44 | 15.532 | 94
10501121537738 | 45 | 8.46579 | 24
21002243075476 | 46 | 8.46579 | 24
42004486150953 | 47 | 8.46579 | 24
84008972301906 | 48 | 8.46579 | 24
168017944603813 | 49 | 8.46579 | 24
336035889207626 | 50 | 8.46579 | 24
672071778415252 | 51 | 8.46579 | 24
1344143556830505 | 52 | 8.46579 | 24
2688287113661011 | 53 | 8.46579 | 24
5376574227322022 | 54 | 8.46579 | 24
10753148454644044 | 55 | 8.46579 | 24
21506296909288088 | 56 | 6.37965 | 17
43012593818576176 | 57 | 6.37965 | 17
86025187637152352 | 58 | 6.37965 | 17
172050375274304704 | 59 | 6.37965 | 17
344100750548609408 | 60 | 6.37965 | 17
688201501097218817 | 61 | 6.37965 | 17
1376403002194437634 | 62 | 6.37965 | 17
2752806004388875269 | 63 | 6.37965 | 17
5505612008777750539 | 64 | 6.37965 | 17
-7435520056154050538 | 65 | 6.37965 | 17
3575703961401450540 | 66 | 5.53927 | 13
7151407922802901080 | 67 | 5.53927 | 13
-4143928228103749456 | 68 | 4.76353 | 12
-8287856456207498912 | 69 | 4.76353 | 12
1871031161294553792 | 70 | 4.76353 | 12
3742062322589107584 | 71 | 4.76353 | 12
7484124645178215168 | 72 | 1.25443 | 8
7484124645178215169 | 72 | 0 | 4
-4143928228103749455 | 68 | 4.6613e-310 | 1
3575703961401450541 | 66 | 4.6613e-310 | 4
21506296909288089 | 56 | 4.6613e-310 | 7
10501121537739 | 45 | 8.39045 | 70
21002243075478 | 46 | 8.39045 | 70
42004486150956 | 47 | 6.44696 | 31
84008972301912 | 48 | 6.44696 | 31
168017944603825 | 49 | 6.44696 | 31
336035889207651 | 50 | 6.44696 | 31
672071778415302 | 51 | 6.44696 | 31
1344143556830605 | 52 | 6.44696 | 31
2688287113661210 | 53 | 6.44696 | 31
5376574227322420 | 54 | 6.44696 | 31
10753148454644840 | 55 | 6.44696 | 31
21506296909289680 | 56 | 6.44696 | 31
43012593818579361 | 57 | 6.44696 | 31
86025187637158722 | 58 | 6.44696 | 31
172050375274317444 | 59 | 6.44696 | 31
344100750548634888 | 60 | 6.44696 | 31
688201501097269776 | 61 | 6.44696 | 31
1376403002194539552 | 62 | 3.06709 | 1
1376403002194539553 | 62 | 6.44696 | 30
2752806004389079106 | 63 | 6.09544 | 24
5505612008778158213 | 64 | 6.09544 | 24
-7435520056153235190 | 65 | 6.09544 | 24
3575703961403081236 | 66 | 8.42414 | 10
3575703961403081237 | 66 | 2.59478 | 14
7151407922806162474 | 67 | 4.6469 | 9
7151407922806162475 | 67 | 0.479431 | 5
2752806004389079107 | 63 | 4.6613e-310 | 6
42004486150957 | 47 | 6.34167 | 39
84008972301915 | 48 | 6.34167 | 39
168017944603831 | 49 | 6.34167 | 39
336035889207663 | 50 | 6.34167 | 39
672071778415326 | 51 | 6.34167 | 39
1344143556830652 | 52 | 6.34167 | 39
2688287113661304 | 53 | 6.34167 | 39
5376574227322608 | 54 | 4.60794 | 21
10753148454645217 | 55 | 4.60794 | 21
21506296909290434 | 56 | 16.3338 | 8
21506296909290435 | 56 | 4.20792 | 13
43012593818580871 | 57 | 4.20792 | 13
86025187637161742 | 58 | 4.20792 | 13
172050375274323485 | 59 | 4.20792 | 13
344100750548646970 | 60 | 4.20792 | 13
688201501097293941 | 61 | 4.20792 | 13
1376403002194587883 | 62 | 4.20792 | 13
2752806004389175766 | 63 | 4.20792 | 13
5505612008778351532 | 64 | 4.20792 | 13
-7435520056152848552 | 65 | 4.20792 | 13
3575703961403854512 | 66 | 4.20792 | 13
7151407922807709024 | 67 | 6.7178 | 8
7151407922807709025 | 67 | 1.63042e-322 | 5
5376574227322609 | 54 | 2.61509 | 18
10753148454645218 | 55 | 2.61509 | 18
21506296909290436 | 56 | 4.6613e-310 | 2
21506296909290437 | 56 | 2.42614 | 16
43012593818580875 | 57 | 2.42614 | 16
86025187637161750 | 58 | 4.6613e-310 | 10
86025187637161751 | 58 | 4.6613e-310 | 6
5007325 | 24 | 4.6613e-310 | 7
2445 | 13 | 26.7186 | 1219
4890 | 14 | 26.7186 | 1219
9780 | 15 | 25.2362 | 1173
19561 | 16 | 25.2362 | 1173
39123 | 17 | 25.2362 | 1173
78246 | 18 | 19.9335 | 334
156492 | 19 | 15.6664 | 205
312984 | 20 | 15.6664 | 205
625968 | 21 | 15.6664 | 205
1251936 | 22 | 15.6664 | 205
2503872 | 23 | 15.6664 | 205
5007744 | 24 | 15.2222 | 157
10015488 | 25 | 10.9586 | 65
20030976 | 26 | 10.9586 | 65
40061953 | 27 | 10.9586 | 65
80123906 | 28 | 10.9586 | 65
160247813 | 29 | 10.9586 | 65
320495627 | 30 | 10.9586 | 65
640991254 | 31 | 9.48989 | 46
1281982508 | 32 | 5.81853 | 3
1281982509 | 32 | 9.35518 | 43
2563965019 | 33 | 9.35518 | 43
5127930038 | 34 | 9.35518 | 43
10255860076 | 35 | 6.44967 | 17
20511720152 | 36 | 6.44967 | 17
41023440304 | 37 | 0.212871 | 4
41023440305 | 37 | 4.36808 | 13
82046880611 | 38 | 4.36808 | 13
164093761223 | 39 | 4.36808 | 13
328187522446 | 40 | 4.36808 | 13
656375044893 | 41 | 4.36808 | 13
1312750089786 | 42 | 4.36808 | 13
2625500179573 | 43 | 4.36808 | 13
5251000359146 | 44 | 4.36808 | 13
10502000718292 | 45 | 4.36808 | 13
21004001436584 | 46 | 4.36808 | 13
42008002873168 | 47 | 4.36808 | 13
84016005746336 | 48 | 4.36808 | 13
168032011492673 | 49 | 4.36808 | 13
336064022985347 | 50 | 4.36808 | 13
672128045970694 | 51 | 4.36808 | 13
1344256091941388 | 52 | 4.36808 | 13
2688512183882776 | 53 | 4.36808 | 13
5377024367765552 | 54 | 4.36808 | 13
10754048735531105 | 55 | 4.36808 | 13
21508097471062211 | 56 | 4.36808 | 13
43016194942124423 | 57 | 4.36808 | 13
86032389884248846 | 58 | 21.0545 | 3
86032389884248847 | 58 | 4.6613e-310 | 10
10255860077 | 35 | 7.24803 | 26
20511720155 | 36 | 7.24803 | 26
41023440310 | 37 | 7.24803 | 26
82046880620 | 38 | 7.24803 | 26
164093761240 | 39 | 7.24803 | 26
328187522481 | 40 | 7.24803 | 26
656375044962 | 41 | 7.24803 | 26
1312750089924 | 42 | 5.39682 | 12
2625500179848 | 43 | 5.39682 | 11
5251000359696 | 44 | 4.6613e-310 | 7
5251000359697 | 44 | 4.6613e-310 | 4
2625500179849 | 43 | 4.6613e-310 | 1
1312750089925 | 42 | 5.09176 | 14
2625500179850 | 43 | 5.09176 | 14
5251000359700 | 44 | 5.09176 | 14
10502000719400 | 45 | 5.09176 | 14
21004001438800 | 46 | 5.09176 | 14
42008002877601 | 47 | 5.09176 | 14
84016005755202 | 48 | 4.6613e-310 | 9
84016005755203 | 48 | 17.0597 | 5
640991255 | 31 | 6.97365 | 19
1281982511 | 32 | 6.97365 | 19
2563965022 | 33 | 6.97365 | 19
5127930045 | 34 | 6.97365 | 19
10255860090 | 35 | 6.97365 | 19
20511720181 | 36 | 6.97365 | 19
41023440362 | 37 | 6.97365 | 19
82046880724 | 38 | 6.97365 | 19
164093761448 | 39 | 6.97365 | 19
328187522896 | 40 | 6.97365 | 19
656375045792 | 41 | 6.97365 | 19
1312750091584 | 42 | 6.97365 | 19
2625500183169 | 43 | 6.97365 | 19
5251000366339 | 44 | 6.97365 | 19
10502000732679 | 45 | 6.97365 | 19
21004001465358 | 46 | 6.97365 | 19
42008002930716 | 47 | 25.0403 | 9
42008002930717 | 47 | 0 | 10
10015489 | 25 | 8.66738 | 92
20030979 | 26 | 8.66738 | 92
40061959 | 27 | 8.66738 | 92
80123919 | 28 | 8.66738 | 92
160247839 | 29 | 8.66738 | 92
320495678 | 30 | 8.66738 | 92
640991357 | 31 | 8.66738 | 92
1281982714 | 32 | 7.36664 | 56
2563965429 | 33 | 7.36664 | 56
5127930858 | 34 | 6.28213 | 36
10255861716 | 35 | 4.50764 | 12
20511723433 | 36 | 4.50764 | 12
41023446866 | 37 | 18.4992 | 1
41023446867 | 37 | 3.31358 | 11
82046893735 | 38 | 3.31358 | 11
164093787471 | 39 | 3.31358 | 11
328187574942 | 40 | 3.31358 | 11
656375149885 | 41 | 3.31358 | 11
1312750299770 | 42 | 3.31358 | 11
2625500599540 | 43 | 3.31358 | 11
5251001199081 | 44 | 3.31358 | 11
10502002398163 | 45 | 3.31358 | 11
21004004796326 | 46 | 3.31358 | 11
42008009592652 | 47 | 3.31358 | 11
84016019185304 | 48 | 3.31358 | 11
168032038370608 | 49 | 3.31358 | 11
336064076741216 | 50 | 3.31358 | 11
672128153482433 | 51 | 3.31358 | 11
1344256306964866 | 52 | 3.31358 | 11
2688512613929732 | 53 | 3.31358 | 11
5377025227859464 | 54 | 38.6783 | 7
5377025227859465 | 54 | 5.88725 | 4
10255861717 | 35 | 4.98832 | 24
20511723434 | 36 | 4.98832 | 24
41023446869 | 37 | 4.98832 | 24
82046893738 | 38 | 4.98832 | 24
164093787476 | 39 | 4.98832 | 24
328187574953 | 40 | 4.98832 | 24
656375149906 | 41 | 4.98832 | 24
1312750299812 | 42 | 4.98832 | 24
2625500599625 | 43 | 4.98832 | 24
5251001199251 | 44 | 4.98832 | 24
10502002398502 | 45 | 4.98832 | 24
21004004797004 | 46 | 4.98832 | 24
42008009594008 | 47 | 4.98832 | 24
84016019188016 | 48 | 4.98832 | 24
168032038376033 | 49 | 4.98832 | 24
336064076752067 | 50 | 4.98832 | 24
672128153504134 | 51 | 4.98832 | 24
1344256307008269 | 52 | 4.98832 | 24
2688512614016538 | 53 | 4.98832 | 24
5377025228033076 | 54 | 3.86004 | 22
10754050456066153 | 55 | 3.86004 | 22
21508100912132306 | 56 | 3.86004 | 22
43016201824264612 | 57 | 3.86004 | 22
86032403648529225 | 58 | 3.86004 | 22
172064807297058450 | 59 | 3.86004 | 22
344129614594116900 | 60 | 3.73718 | 20
688259229188233800 | 61 | 3.73718 | 20
1376518458376467601 | 62 | 3.73718 | 20
2753036916752935203 | 63 | 3.73718 | 20
5506073833505870406 | 64 | 2.56184 | 14
-7434596406697810804 | 65 | 2.56184 | 14
3577551260313930008 | 66 | 2.4512 | 11
7155102520627860017 | 67 | 2.4512 | 11
-4136539032453831582 | 68 | 2.4512 | 11
-8273078064907663163 | 69 | 2.4512 | 11
1900587943894225291 | 70 | 2.4512 | 11
3801175887788450583 | 71 | 2.4512 | 11
7602351775576901167 | 72 | 2.4512 | 11
-3242040522555749282 | 73 | 2.4512 | 11
-6484081045111498563 | 74 | 2.4512 | 11
5478581983486554490 | 75 | 2.4512 | 11
-7489580106736442636 | 76 | 11.8686 | 2
-7489580106736442635 | 76 | 29.3419 | 9
3577551260313930009 | 66 | 4.6613e-310 | 3
5506073833505870407 | 64 | 4.6613e-310 | 6
344129614594116901 | 60 | 4.6613e-310 | 2
5377025228033077 | 54 | 4.6613e-310 | 2
5127930859 | 34 | 4.49817 | 20
10255861719 | 35 | 4.49817 | 20
20511723438 | 36 | 4.49817 | 20
41023446877 | 37 | 4.49817 | 20
82046893755 | 38 | 4.49817 | 20
164093787510 | 39 | 4.49817 | 20
328187575021 | 40 | 4.49817 | 20
656375150042 | 41 | 4.6613e-310 | 4
656375150043 | 41 | 4.04245 | 16
1312750300086 | 42 | 4.6613e-310 | 5
1312750300087 | 42 | 3.96407 | 11
2625500600174 | 43 | 3.96407 | 11
5251001200348 | 44 | 4.6613e-310 | 2
5251001200349 | 44 | 4.6613e-310 | 9
1281982715 | 32 | 5.95146 | 36
2563965431 | 33 | 5.95146 | 36
5127930863 | 34 | 5.95146 | 36
10255861726 | 35 | 7.69326 | 10
10255861727 | 35 | 5.75297 | 26
20511723454 | 36 | 5.75297 | 26
41023446908 | 37 | 5.75297 | 26
82046893817 | 38 | 5.75297 | 26
164093787635 | 39 | 5.75297 | 26
328187575270 | 40 | 5.75297 | 26
656375150540 | 41 | 5.75297 | 26
1312750301081 | 42 | 5.75297 | 26
2625500602162 | 43 | 4.6613e-310 | 3
2625500602163 | 43 | 4.69024 | 23
5251001204326 | 44 | 4.69024 | 23
10502002408653 | 45 | 4.69024 | 23
21004004817306 | 46 | 4.69024 | 23
42008009634612 | 47 | 4.69024 | 23
84016019269225 | 48 | 4.69024 | 23
168032038538450 | 49 | 4.69024 | 23
336064077076900 | 50 | 4.69024 | 23
672128154153800 | 51 | 4.69024 | 23
1344256308307600 | 52 | 0 | 6
1344256308307601 | 52 | 2.97182 | 17
2688512616615203 | 53 | 2.97182 | 17
5377025233230407 | 54 | 2.97182 | 17
10754050466460814 | 55 | 2.97182 | 17
21508100932921629 | 56 | 2.97182 | 17
43016201865843258 | 57 | 0.44972 | 2
43016201865843259 | 57 | 2.5108 | 15
86032403731686518 | 58 | 2.5108 | 15
172064807463373037 | 59 | 2.5108 | 15
344129614926746074 | 60 | 2.5108 | 15
688259229853492149 | 61 | 2.5108 | 15
1376518459706984298 | 62 | 2.5108 | 15
2753036919413968597 | 63 | 2.5108 | 15
5506073838827937194 | 64 | 8.89972 | 8
5506073838827937195 | 64 | 3.21426 | 7
5007745 | 24 | 12.0464 | 48
10015491 | 25 | 12.0464 | 48
20030982 | 26 | 12.0464 | 48
40061964 | 27 | 5.4508 | 18
80123928 | 28 | 5.4508 | 18
160247856 | 29 | 5.4508 | 18
320495712 | 30 | 5.4508 | 18
640991424 | 31 | 5.4508 | 18
1281982848 | 32 | 5.4508 | 18
2563965696 | 33 | 5.4508 | 18
5127931393 | 34 | 5.4508 | 18
10255862786 | 35 | 8.30148 | 9
10255862787 | 35 | 4.66648 | 9
40061965 | 27 | 8.35296 | 30
80123930 | 28 | 8.35296 | 30
160247860 | 29 | 8.35296 | 30
320495721 | 30 | 8.35296 | 30
640991442 | 31 | 4.23443 | 1
640991443 | 31 | 7.54529 | 29
1281982886 | 32 | 6.86118 | 21
2563965773 | 33 | 6.86118 | 21
5127931547 | 34 | 6.86118 | 21
10255863095 | 35 | 6.86118 | 21
20511726191 | 36 | 6.86118 | 21
41023452383 | 37 | 6.86118 | 21
82046904767 | 38 | 6.86118 | 21
164093809534 | 39 | 5.29237 | 14
328187619068 | 40 | 5.29237 | 14
656375238136 | 41 | 5.29237 | 14
1312750476272 | 42 | 5.29237 | 14
2625500952544 | 43 | 5.29237 | 11
5251001905089 | 44 | 5.29237 | 11
10502003810178 | 45 | 5.29237 | 11
21004007620356 | 46 | 5.29237 | 11
42008015240712 | 47 | 27.0182 | 7
42008015240713 | 47 | 4.6613e-310 | 4
2625500952545 | 43 | 4.6613e-310 | 3
164093809535 | 39 | 4.6613e-310 | 7
1281982887 | 32 | 4.6613e-310 | 8
156493 | 19 | 8.61872 | 129
312986 | 20 | 8.61872 | 129
625972 | 21 | 8.61872 | 129
1251945 | 22 | 8.61872 | 129
2503890 | 23 | 8.61872 | 129
5007780 | 24 | 8.61872 | 129
10015560 | 25 | 8.61872 | 129
20031120 | 26 | 8.61872 | 129
40062241 | 27 | 8.61872 | 129
80124482 | 28 | 6.65765 | 63
160248964 | 29 | 6.65765 | 63
320497928 | 30 | 6.65765 | 63
640995856 | 31 | 6.0486 | 13
1281991712 | 32 | 4.00193e-322 | 9
1281991713 | 32 | 19.2234 | 4
640995857 | 31 | 6.42909 | 50
1281991715 | 32 | 6.42909 | 50
2563983430 | 33 | 6.42909 | 50
5127966861 | 34 | 6.42909 | 50
10255933722 | 35 | 2.57468 | 18
20511867444 | 36 | 2.57468 | 18
41023734889 | 37 | 2.57468 | 18
82047469778 | 38 | 2.57468 | 18
164094939557 | 39 | 2.57468 | 18
328189879115 | 40 | 2.57468 | 18
656379758231 | 41 | 2.57468 | 18
1312759516462 | 42 | 2.57468 | 18
2625519032925 | 43 | 2.57468 | 18
5251038065850 | 44 | 2.57468 | 18
10502076131701 | 45 | 2.57468 | 18
21004152263403 | 46 | 2.57468 | 18
42008304526806 | 47 | 2.57468 | 18
84016609053613 | 48 | 2.57468 | 18
168033218107226 | 49 | 2.57468 | 18
336066436214452 | 50 | 2.20039 | 15
672132872428905 | 51 | 2.20039 | 15
1344265744857810 | 52 | 2.20039 | 15
2688531489715620 | 53 | 4.8684 | 1
2688531489715621 | 53 | 2.20039 | 14
5377062979431242 | 54 | 2.20039 | 14
10754125958862485 | 55 | 2.20039 | 14
21508251917724971 | 56 | 2.20039 | 14
43016503835449943 | 57 | 2.20039 | 14
86033007670899886 | 58 | 2.20039 | 14
172066015341799772 | 59 | 2.20039 | 14
344132030683599544 | 60 | 2.20039 | 14
688264061367199089 | 61 | 2.20039 | 14
1376528122734398179 | 62 | 2.20039 | 14
2753056245468796359 | 63 | 2.20039 | 14
5506112490937592719 | 64 | 2.20039 | 14
-7434519091834366178 | 65 | 2.20039 | 14
3577705890040819260 | 66 | 1.54386 | 11
7155411780081638521 | 67 | 1.54386 | 11
-4135920513546274574 | 68 | 1.54386 | 11
-8271841027092549147 | 69 | 1.54386 | 11
1903062019524453323 | 70 | 1.54386 | 11
3806124039048906647 | 71 | 1.54386 | 11
7612248078097813295 | 72 | 1.54386 | 11
-3222247917513925025 | 73 | 1.54386 | 11
-6444495835027850049 | 74 | 1.54386 | 11
5557752403653851519 | 75 | 1.54386 | 11
-7331239266401848578 | 76 | 1.54386 | 11
3784265540905854460 | 77 | 1.98918 | 1
3784265540905854461 | 77 | 9.84942 | 10
3577705890040819261 | 66 | 4.6613e-310 | 3
336066436214453 | 50 | 4.6613e-310 | 3
10255933723 | 35 | 4.24589 | 32
20511867446 | 36 | 4.24589 | 32
41023734892 | 37 | 4.24589 | 32
82047469785 | 38 | 4.24589 | 32
164094939570 | 39 | 4.24589 | 26
328189879140 | 40 | 4.24589 | 26
656379758280 | 41 | 4.24589 | 26
1312759516560 | 42 | 4.24589 | 26
2625519033120 | 43 | 4.24589 | 26
5251038066241 | 44 | 4.24589 | 26
10502076132482 | 45 | 4.24589 | 26
21004152264964 | 46 | 4.24589 | 26
42008304529929 | 47 | 4.24589 | 26
84016609059858 | 48 | 4.24589 | 26
168033218119716 | 49 | 4.24589 | 26
336066436239432 | 50 | 4.6613e-310 | 4
336066436239433 | 50 | 2.3189 | 22
672132872478867 | 51 | 2.3189 | 22
1344265744957735 | 52 | 2.3189 | 22
2688531489915470 | 53 | 2.3189 | 21
5377062979830940 | 54 | 2.3189 | 21
10754125959661880 | 55 | 2.3189 | 20
21508251919323760 | 56 | 2.3189 | 20
43016503838647520 | 57 | 2.03041 | 17
86033007677295040 | 58 | 2.03041 | 17
172066015354590081 | 59 | 2.03041 | 17
344132030709180162 | 60 | 2.03041 | 17
688264061418360325 | 61 | 2.03041 | 17
1376528122836720651 | 62 | 2.03041 | 17
2753056245673441302 | 63 | 2.03041 | 17
5506112491346882605 | 64 | 2.03041 | 17
-7434519091015786406 | 65 | 2.03041 | 17
3577705891677978805 | 66 | 2.03041 | 17
7155411783355957611 | 67 | 2.03041 | 17
-4135920506997636394 | 68 | 2.03041 | 17
-8271841013995272787 | 69 | 2.03041 | 17
1903062045719006042 | 70 | 2.03041 | 17
3806124091438012084 | 71 | 2.03041 | 17
7612248182876024169 | 72 | 2.03041 | 17
-3222247707957503278 | 73 | 2.03041 | 17
-6444495415915006556 | 74 | 0.59527 | 9
-6444495415915006555 | 74 | 0.832974 | 8
43016503838647521 | 57 | 4.6613e-310 | 3
10754125959661881 | 55 | 4.6613e-310 | 1
2688531489915471 | 53 | 4.6613e-310 | 1
164094939571 | 39 | 4.6613e-310 | 6
80124483 | 28 | 7.41023 | 66
160248967 | 29 | 7.41023 | 66
320497934 | 30 | 7.41023 | 66
640995869 | 31 | 7.41023 | 66
1281991739 | 32 | 7.41023 | 66
2563983478 | 33 | 6.53752 | 35
5127966957 | 34 | 6.53752 | 35
10255933914 | 35 | 6.53752 | 35
20511867828 | 36 | 6.53752 | 35
41023735657 | 37 | 6.53752 | 35
82047471314 | 38 | 3.53705 | 3
82047471315 | 38 | 5.91885 | 32
164094942631 | 39 | 5.91885 | 32
328189885262 | 40 | 5.91885 | 32
656379770525 | 41 | 5.91885 | 32
1312759541050 | 42 | 5.91885 | 32
2625519082100 | 43 | 5.91885 | 32
5251038164201 | 44 | 5.91885 | 32
10502076328402 | 45 | 5.91885 | 32
21004152656804 | 46 | 5.91885 | 32
42008305313608 | 47 | 2.6729 | 17
84016610627216 | 48 | 2.55594 | 15
168033221254432 | 49 | 2.55594 | 15
336066442508864 | 50 | 1.92011 | 5
336066442508865 | 50 | 3.57514 | 10
84016610627217 | 48 | 4.6613e-310 | 2
42008305313609 | 47 | 2.27432 | 15
84016610627218 | 48 | 2.27432 | 15
168033221254437 | 49 | 2.27432 | 15
336066442508875 | 50 | 2.27432 | 15
672132885017751 | 51 | 2.27432 | 15
1344265770035503 | 52 | 2.27432 | 15
2688531540071006 | 53 | 2.27432 | 15
5377063080142013 | 54 | 2.27432 | 15
10754126160284026 | 55 | 2.27432 | 15
21508252320568052 | 56 | 1.53355 | 9
21508252320568053 | 56 | 27.3702 | 6
2563983479 | 33 | 6.73949 | 31
5127966958 | 34 | 6.73949 | 31
10255933916 | 35 | 2.52927 | 16
20511867832 | 36 | 2.52927 | 16
41023735664 | 37 | 2.52927 | 16
82047471329 | 38 | 2.52927 | 16
164094942659 | 39 | 2.52927 | 16
328189885318 | 40 | 2.52927 | 16
656379770636 | 41 | 2.52927 | 16
1312759541273 | 42 | 2.52927 | 16
2625519082547 | 43 | 2.52927 | 16
5251038165095 | 44 | 2.52927 | 16
10502076330191 | 45 | 2.52927 | 16
21004152660383 | 46 | 2.52927 | 16
42008305320766 | 47 | 2.52927 | 16
84016610641532 | 48 | 2.52927 | 16
168033221283064 | 49 | 2.52927 | 16
336066442566128 | 50 | 2.2538 | 15
672132885132257 | 51 | 2.2538 | 15
1344265770264515 | 52 | 2.2538 | 15
2688531540529031 | 53 | 2.2538 | 15
5377063081058063 | 54 | 2.2538 | 15
10754126162116126 | 55 | 2.2538 | 15
21508252324232252 | 56 | 2.2538 | 15
43016504648464505 | 57 | 2.2538 | 15
86033009296929010 | 58 | 2.2538 | 15
172066018593858021 | 59 | 2.2538 | 15
344132037187716043 | 60 | 2.2538 | 15
688264074375432086 | 61 | 2.2538 | 15
1376528148750864172 | 62 | 2.29741e-321 | 1
1376528148750864173 | 62 | 2.2538 | 14
2753056297501728347 | 63 | 2.2538 | 14
5506112595003456695 | 64 | 2.2538 | 14
-7434518883702638226 | 65 | 2.2538 | 14
3577706306304275164 | 66 | 2.2538 | 14
7155412612608550329 | 67 | 2.2538 | 14
-4135918848492450958 | 68 | 2.2538 | 14
-8271837696984901916 | 69 | 2.2538 | 14
1903068679739747785 | 70 | 2.2538 | 14
3806137359479495570 | 71 | 2.0451 | 13
7612274718958991140 | 72 | 0.610165 | 7
7612274718958991141 | 72 | 13.6548 | 6
3806137359479495571 | 71 | 4.6613e-310 | 1
336066442566129 | 50 | 4.6613e-310 | 1
10255933917 | 35 | 2.6194 | 15
20511867834 | 36 | 2.6194 | 15
41023735668 | 37 | 2.6194 | 15
82047471336 | 38 | 2.12029 | 13
164094942672 | 39 | 2.12029 | 13
328189885345 | 40 | 2.12029 | 13
656379770690 | 41 | 4.6613e-310 | 7
656379770691 | 41 | 4.6613e-310 | 6
82047471337 | 38 | 4.6613e-310 | 2
78247 | 18 | 20.8659 | 839
156494 | 19 | 16.4284 | 614
312988 | 20 | 16.4284 | 614
625977 | 21 | 16.4284 | 614
1251954 | 22 | 16.4284 | 614
2503908 | 23 | 16.4284 | 614
5007816 | 24 | 5.77395 | 18
10015633 | 25 | 5.77395 | 18
20031266 | 26 | 0.787645 | 1
20031267 | 26 | 5.2633 | 17
40062535 | 27 | 5.2633 | 17
80125071 | 28 | 5.2633 | 17
160250143 | 29 | 5.2633 | 17
320500287 | 30 | 5.2633 | 17
641000574 | 31 | 5.2633 | 17
1282001148 | 32 | 5.2633 | 17
2564002296 | 33 | 5.2633 | 17
5128004593 | 34 | 5.2633 | 17
10256009187 | 35 | 5.2633 | 17
20512018374 | 36 | 5.2633 | 17
41024036748 | 37 | 5.2633 | 17
82048073497 | 38 | 5.2633 | 17
164096146994 | 39 | 5.2633 | 17
328192293988 | 40 | 5.2633 | 17
656384587976 | 41 | 5.2633 | 17
1312769175953 | 42 | 5.2633 | 17
2625538351907 | 43 | 5.2633 | 17
5251076703815 | 44 | 5.2633 | 17
10502153407631 | 45 | 5.2633 | 17
21004306815262 | 46 | 5.2633 | 17
42008613630525 | 47 | 5.2633 | 17
84017227261051 | 48 | 5.2633 | 17
168034454522103 | 49 | 5.2633 | 17
336068909044206 | 50 | 5.2633 | 17
672137818088412 | 51 | 5.2633 | 17
1344275636176825 | 52 | 5.2633 | 17
2688551272353650 | 53 | 3.59749 | 11
5377102544707300 | 54 | 3.59749 | 11
10754205089414600 | 55 | 3.59749 | 11
21508410178829200 | 56 | 143.535 | 8
21508410178829201 | 56 | 198.045 | 3
2688551272353651 | 53 | 4.6613e-310 | 6
5007817 | 24 | 16.4284 | 596
10015634 | 25 | 16.4284 | 596
20031269 | 26 | 16.4284 | 596
40062538 | 27 | 16.4284 | 596
80125077 | 28 | 16.4284 | 596
160250154 | 29 | 16.4284 | 596
320500308 | 30 | 16.4284 | 596
641000616 | 31 | 16.4284 | 596
1282001233 | 32 | 16.4284 | 596
2564002466 | 33 | 16.4284 | 596
5128004933 | 34 | 16.4284 | 596
10256009867 | 35 | 16.4284 | 596
20512019734 | 36 | 16.4284 | 596
41024039468 | 37 | 6.64039 | 31
82048078936 | 38 | 6.64039 | 31
164096157873 | 39 | 6.64039 | 31
328192315747 | 40 | 6.64039 | 31
656384631495 | 41 | 6.64039 | 31
1312769262991 | 42 | 6.64039 | 31
2625538525983 | 43 | 6.64039 | 31
5251077051967 | 44 | 6.64039 | 31
10502154103935 | 45 | 6.64039 | 31
21004308207871 | 46 | 6.64039 | 31
42008616415743 | 47 | 6.64039 | 31
84017232831487 | 48 | 6.64039 | 31
168034465662975 | 49 | 6.64039 | 31
336068931325951 | 50 | 6.64039 | 31
672137862651902 | 51 | 6.64039 | 31
1344275725303804 | 52 | 6.64039 | 31
2688551450607608 | 53 | 6.64039 | 31
5377102901215216 | 54 | 6.64039 | 31
10754205802430433 | 55 | 6.64039 | 31
21508411604860866 | 56 | 3.27805 | 18
43016823209721732 | 57 | 3.27805 | 18
86033646419443465 | 58 | 3.27805 | 18
172067292838886930 | 59 | 2.37716 | 16
344134585677773861 | 60 | 2.37716 | 16
688269171355547723 | 61 | 2.37716 | 16
1376538342711095446 | 62 | 1.11165e-321 | 6
1376538342711095447 | 62 | 4.6613e-310 | 10
172067292838886931 | 59 | 4.6613e-310 | 2
21508411604860867 | 56 | 2.52692 | 13
43016823209721734 | 57 | 2.52692 | 13
86033646419443468 | 58 | 2.52692 | 13
172067292838886936 | 59 | 1.98469 | 7
172067292838886937 | 59 | 0 | 6
41024039469 | 37 | 15.0193 | 565
82048078938 | 38 | 15.0193 | 565
164096157876 | 39 | 7.80989 | 125
328192315752 | 40 | 7.80989 | 125
656384631504 | 41 | 7.80989 | 125
1312769263008 | 42 | 7.80989 | 125
2625538526016 | 43 | 7.80989 | 125
5251077052032 | 44 | 7.80989 | 125
10502154104065 | 45 | 7.80989 | 125
21004308208131 | 46 | 7.80989 | 125
42008616416263 | 47 | 7.80989 | 125
84017232832527 | 48 | 7.80989 | 125
168034465665054 | 49 | 7.80989 | 125
336068931330108 | 50 | 5.81892 | 69
672137862660216 | 51 | 2.6573 | 8
672137862660217 | 51 | 5.20072 | 61
1344275725320434 | 52 | 5.20072 | 61
2688551450640868 | 53 | 5.20072 | 61
5377102901281737 | 54 | 5.20072 | 61
10754205802563474 | 55 | 5.20072 | 61
21508411605126949 | 56 | 5.20072 | 61
43016823210253898 | 57 | 5.20072 | 61
86033646420507796 | 58 | 5.20072 | 61
172067292841015592 | 59 | 5.20072 | 61
344134585682031185 | 60 | 5.20072 | 61
688269171364062371 | 61 | 5.20072 | 61
1376538342728124742 | 62 | 4.10235 | 51
2753076685456249484 | 63 | 4.10235 | 51
5506153370912498969 | 64 | 4.10235 | 51
-7434437331884553677 | 65 | 4.10235 | 51
3577869409940444263 | 66 | 4.10235 | 51
7155738819880888526 | 67 | 4.10235 | 51
-4135266433947774564 | 68 | 3.76821 | 42
-8270532867895549127 | 69 | 3.76821 | 42
1905678337918453363 | 70 | 3.76821 | 42
3811356675836906727 | 71 | 3.76821 | 42
7622713351673813454 | 72 | 3.76821 | 42
-3201317370361924707 | 73 | 3.76821 | 42
-6402634740723849413 | 74 | 3.76821 | 42
5641474592261852790 | 75 | 3.76821 | 42
-7163794889185846035 | 76 | 3.76821 | 42
4119154295337859546 | 77 | 3.5958 | 25
8238308590675719093 | 78 | 3.5958 | 25
-1970126892358113429 | 79 | 3.5958 | 25
-3940253784716226857 | 80 | 3.5958 | 25
-7880507569432453714 | 81 | 3.5958 | 25
2685728934844644188 | 82 | 3.5958 | 25
5371457869689288377 | 83 | 3.5958 | 25
-7703828334330974862 | 84 | 11.1256 | 5
-7703828334330974861 | 84 | 2.59132 | 20
3039087405047601894 | 85 | 2.59132 | 20
6078174810095203788 | 86 | 2.59132 | 20
-6290394453519144040 | 87 | 2.59132 | 20
5865955166671263537 | 88 | 2.59132 | 20
-6714833740367024541 | 89 | 2.59132 | 20
5017076592975502534 | 90 | 2.59132 | 20
-8412590887758546548 | 91 | 2.59132 | 20
1621562298192458520 | 92 | 2.13454 | 12
3243124596384917040 | 93 | 8.69556e-322 | 3
3243124596384917041 | 93 | 4.6613e-310 | 9
1621562298192458521 | 92 | 4.6613e-310 | 8
4119154295337859547 | 77 | 3.50771 | 17
8238308590675719094 | 78 | 4.6613e-310 | 1
8238308590675719095 | 78 | 3.18078 | 16
-1970126892358113426 | 79 | 3.18078 | 16
-3940253784716226851 | 80 | 3.18078 | 16
-7880507569432453702 | 81 | 3.18078 | 16
2685728934844644212 | 82 | 4.6613e-310 | 3
2685728934844644213 | 82 | 2.60307 | 13
5371457869689288426 | 83 | 2.60307 | 13
-7703828334330974764 | 84 | 2.60307 | 13
3039087405047602088 | 85 | 2.60307 | 13
6078174810095204177 | 86 | 2.60307 | 13
-6290394453519143262 | 87 | 2.60307 | 13
5865955166671265092 | 88 | 2.60307 | 13
-6714833740367021432 | 89 | 2.60307 | 13
5017076592975508752 | 90 | 2.60307 | 13
-8412590887758534112 | 91 | 2.60307 | 13
1621562298192483393 | 92 | 2.60307 | 13
3243124596384966786 | 93 | 2.60307 | 13
6486249192769933573 | 94 | 2.60307 | 13
-5474245688169684469 | 95 | 2.60307 | 13
7498252697370182678 | 96 | 8.20936 | 2
7498252697370182679 | 96 | 2.01925 | 11
-3450238678969186258 | 97 | 2.01925 | 11
-6900477357938372515 | 98 | 2.01925 | 11
4645789357832806586 | 99 | 2.01925 | 11
-9155165358043938443 | 100 | 2.01925 | 11
136413357621674731 | 101 | 2.01925 | 11
272826715243349462 | 102 | 36.6662 | 4
272826715243349463 | 102 | 29.319 | 7
-4135266433947774563 | 68 | 4.6613e-310 | 9
1376538342728124743 | 62 | 4.6613e-310 | 10
336068931330109 | 50 | 4.90365 | 56
672137862660218 | 51 | 4.35807 | 48
1344275725320437 | 52 | 4.35807 | 48
2688551450640875 | 53 | 4.35807 | 48
5377102901281751 | 54 | 4.35807 | 48
10754205802563502 | 55 | 4.35807 | 48
21508411605127004 | 56 | 4.35807 | 45
43016823210254008 | 57 | 4.35807 | 45
86033646420508016 | 58 | 4.35807 | 45
172067292841016032 | 59 | 4.35807 | 45
344134585682032065 | 60 | 4.35807 | 45
688269171364064131 | 61 | 4.35807 | 45
1376538342728128262 | 62 | 4.35807 | 45
2753076685456256525 | 63 | 4.35807 | 45
5506153370912513050 | 64 | 4.35807 | 45
-7434437331884525515 | 65 | 4.35807 | 45
3577869409940500586 | 66 | 4.35807 | 45
7155738819881001172 | 67 | 4.35807 | 45
-4135266433947549272 | 68 | 4.35807 | 45
-8270532867895098544 | 69 | 2.62278 | 24
1905678337919354528 | 70 | 2.62278 | 24
3811356675838709057 | 71 | 2.62278 | 24
7622713351677418115 | 72 | 2.62278 | 24
-3201317370354715386 | 73 | 2.62278 | 24
-6402634740709430772 | 74 | 1.04001 | 5
-6402634740709430771 | 74 | 2.42367 | 19
5641474592290690074 | 75 | 2.26813 | 16
-7163794889128171467 | 76 | 2.26813 | 16
4119154295453208682 | 77 | 2.26813 | 16
8238308590906417365 | 78 | 2.26813 | 16
-1970126891896716885 | 79 | 2.26813 | 16
-3940253783793433770 | 80 | 2.26813 | 16
-7880507567586867540 | 81 | 2.26813 | 16
2685728938535816536 | 82 | 2.26813 | 16
5371457877071633073 | 83 | 2.26813 | 16
-7703828319566285470 | 84 | 2.26813 | 16
3039087434576980677 | 85 | 2.26813 | 16
6078174869153961355 | 86 | 2.26813 | 16
-6290394335401628906 | 87 | 1.7842 | 12
5865955402906293804 | 88 | 1.7842 | 12
-6714833267896964008 | 89 | 1.7842 | 12
5017077537915623600 | 90 | 4.6613e-310 | 6
5017077537915623601 | 90 | 4.6613e-310 | 6
-6290394335401628905 | 87 | 4.6613e-310 | 4
5641474592290690075 | 75 | 4.6613e-310 | 3
-8270532867895098543 | 69 | 2.30976 | 21
1905678337919354531 | 70 | 2.30976 | 21
3811356675838709062 | 71 | 2.30976 | 21
7622713351677418125 | 72 | 2.30976 | 21
-3201317370354715365 | 73 | 2.30976 | 21
-6402634740709430730 | 74 | 2.30976 | 21
5641474592290690156 | 75 | 2.01397 | 13
-7163794889128171303 | 76 | 2.01397 | 13
4119154295453209011 | 77 | 2.01397 | 13
8238308590906418023 | 78 | 2.01397 | 13
-1970126891896715570 | 79 | 2.01397 | 13
-3940253783793431140 | 80 | 2.01397 | 13
-7880507567586862280 | 81 | 3.25323 | 8
-7880507567586862279 | 81 | 2.10767 | 5
5641474592290690157 | 75 | 4.6613e-310 | 8
21508411605127005 | 56 | 4.6613e-310 | 3
672137862660219 | 51 | 4.6613e-310 | 8
164096157877 | 39 | 14.783 | 440
328192315754 | 40 | 14.783 | 440
656384631509 | 41 | 14.783 | 440
1312769263018 | 42 | 14.783 | 440
2625538526036 | 43 | 7.41374 | 115
5251077052073 | 44 | 7.41374 | 115
10502154104146 | 45 | 7.41374 | 115
21004308208292 | 46 | 7.41374 | 115
42008616416584 | 47 | 5.47352 | 71
84017232833168 | 48 | 5.47352 | 71
168034465666336 | 49 | 4.67698 | 36
336068931332672 | 50 | 2.33984 | 7
336068931332673 | 50 | 4.22841 | 29
672137862665347 | 51 | 4.22841 | 29
1344275725330694 | 52 | 3.81491 | 15
2688551450661388 | 53 | 2.21003 | 12
5377102901322777 | 54 | 2.21003 | 12
10754205802645555 | 55 | 2.21003 | 12
21508411605291110 | 56 | 6.92096 | 6
21508411605291111 | 56 | 1.76597 | 6
2688551450661389 | 53 | 4.6613e-310 | 3
1344275725330695 | 52 | 3.9948 | 14
2688551450661391 | 53 | 3.9948 | 14
5377102901322782 | 54 | 3.9948 | 14
10754205802645564 | 55 | 3.9948 | 14
21508411605291128 | 56 | 3.9948 | 14
43016823210582256 | 57 | 3.9948 | 14
86033646421164512 | 58 | 3.9948 | 14
172067292842329024 | 59 | 11.9141 | 2
172067292842329025 | 59 | 3.42424 | 12
344134585684658051 | 60 | 3.42424 | 12
688269171369316103 | 61 | 3.42424 | 12
1376538342738632206 | 62 | 2.64462 | 9
1376538342738632207 | 62 | 8.1118 | 3
168034465666337 | 49 | 4.62927 | 35
336068931332674 | 50 | 4.62927 | 35
672137862665348 | 51 | 4.62927 | 35
1344275725330697 | 52 | 4.62927 | 35
2688551450661395 | 53 | 4.62927 | 35
5377102901322790 | 54 | 4.62927 | 35
10754205802645580 | 55 | 4.62927 | 35
21508411605291161 | 56 | 4.62927 | 35
43016823210582323 | 57 | 4.62927 | 35
86033646421164647 | 58 | 4.62927 | 35
172067292842329295 | 59 | 4.62927 | 35
344134585684658590 | 60 | 4.62927 | 35
688269171369317180 | 61 | 4.62927 | 35
1376538342738634360 | 62 | 4.62927 | 35
2753076685477268721 | 63 | 4.62927 | 35
5506153370954537443 | 64 | 4.62927 | 35
-7434437331800476730 | 65 | 4.62927 | 35
3577869410108598156 | 66 | 4.62927 | 35
7155738820217196312 | 67 | 4.62927 | 35
-4135266433275158991 | 68 | 4.62927 | 35
-8270532866550317982 | 69 | 4.62927 | 35
1905678340608915653 | 70 | 4.62927 | 35
3811356681217831307 | 71 | 4.62927 | 35
7622713362435662615 | 72 | 4.62927 | 35
-3201317348838226386 | 73 | 4.62927 | 35
-6402634697676452772 | 74 | 4.62927 | 35
5641474678356646073 | 75 | 4.62927 | 35
-7163794716996259470 | 76 | 4.62927 | 35
4119154639717032677 | 77 | 4.62927 | 35
8238309279434065354 | 78 | 4.62927 | 35
-1970125514841420908 | 79 | 4.62927 | 35
-3940251029682841815 | 80 | 4.62927 | 35
-7880502059365683629 | 81 | 4.62927 | 35
2685739954978184358 | 82 | 4.62927 | 35
5371479909956368716 | 83 | 0.908495 | 2
5371479909956368717 | 83 | 4.50134 | 33
-7703784253796814182 | 84 | 4.50134 | 33
3039175566115923253 | 85 | 4.50134 | 33
6078351132231846507 | 86 | 4.50134 | 33
-6290041809245858602 | 87 | 4.50134 | 33
5866660455217834413 | 88 | 4.50134 | 33
-6713423163273882789 | 89 | 4.50134 | 33
5019897747161786038 | 90 | 4.50134 | 33
-8406948579385979539 | 91 | 4.50134 | 33
1632846914937592538 | 92 | 4.50134 | 33
3265693829875185076 | 93 | 4.50134 | 33
6531387659750370153 | 94 | 4.50134 | 33
-5383968754208811310 | 95 | 4.50134 | 33
7678806565291928997 | 96 | 4.50134 | 33
-3089130943125693621 | 97 | 4.50134 | 33
-6178261886251387242 | 98 | 6.95061e-310 | 5
-6178261886251387241 | 98 | 4.1088 | 28
6090220301206777135 | 99 | 4.1088 | 28
-6266303471295997345 | 100 | 4.1088 | 28
5914137131117556926 | 101 | 2.22079 | 25
-6618469811474437763 | 102 | 2.22079 | 25
5209804450760676090 | 103 | 6.95061e-310 | 2
5209804450760676091 | 103 | 2.22079 | 23
-8027135172188199434 | 104 | 3.12373 | 6
-8027135172188199433 | 104 | 1.76013 | 17
2392473729333152751 | 105 | 1.76013 | 17
4784947458666305502 | 106 | 1.67807 | 13
-8876849156376940611 | 107 | 1.67807 | 13
693045760955670394 | 108 | 1.67807 | 13
1386091521911340789 | 109 | 1.67807 | 13
2772183043822681579 | 110 | 1.67807 | 13
5544366087645363158 | 111 | 1.67807 | 13
-7358011898418825300 | 112 | 75.2273 | 1
-7358011898418825299 | 112 | 1.67807 | 12
3730720276871901018 | 113 | 11.7155 | 10
3730720276871901019 | 113 | 18.31 | 2
4784947458666305503 | 106 | 4.6613e-310 | 4
5914137131117556927 | 101 | 4.6613e-310 | 3
42008616416585 | 47 | 4.34677 | 44
84017232833171 | 48 | 4.34677 | 44
168034465666342 | 49 | 4.34677 | 44
336068931332684 | 50 | 4.34677 | 44
672137862665369 | 51 | 4.34677 | 44
1344275725330738 | 52 | 4.34677 | 44
2688551450661477 | 53 | 4.34677 | 44
5377102901322955 | 54 | 4.34677 | 44
10754205802645910 | 55 | 4.34677 | 44
21508411605291821 | 56 | 4.34677 | 44
43016823210583643 | 57 | 4.34677 | 44
86033646421167287 | 58 | 4.34677 | 44
172067292842334574 | 59 | 4.6613e-310 | 4
172067292842334575 | 59 | 4.27573 | 40
344134585684669150 | 60 | 4.27573 | 40
688269171369338300 | 61 | 3.70699 | 39
1376538342738676600 | 62 | 3.70699 | 39
2753076685477353201 | 63 | 3.70699 | 39
5506153370954706403 | 64 | 3.70699 | 39
-7434437331800138810 | 65 | 3.70699 | 39
3577869410109273996 | 66 | 3.70699 | 39
7155738820218547992 | 67 | 1.8614 | 17
-4135266433272455631 | 68 | 1.8614 | 17
-8270532866544911261 | 69 | 1.8614 | 17
1905678340619729094 | 70 | 1.8614 | 17
3811356681239458188 | 71 | 1.8614 | 17
7622713362478916376 | 72 | 1.8614 | 15
-3201317348751718864 | 73 | 0.563325 | 4
-3201317348751718863 | 73 | 1.57978 | 11
-6402634697503437726 | 74 | 1.57978 | 11
5641474678702676164 | 75 | 1.57978 | 11
-7163794716304199287 | 76 | 1.57978 | 11
4119154641101153043 | 77 | 1.57978 | 11
8238309282202306087 | 78 | 1.57978 | 11
-1970125509304939441 | 79 | 1.57978 | 11
-3940251018609878881 | 80 | 1.57978 | 11
-7880502037219757762 | 81 | 1.57978 | 11
2685739999270036093 | 82 | 1.57978 | 11
5371479998540072186 | 83 | 1.57978 | 11
-7703784076629407244 | 84 | 1.57978 | 11
3039175920450737128 | 85 | 1.57978 | 11
6078351840901474256 | 86 | 4.6613e-310 | 10
6078351840901474257 | 86 | 1.58101e-322 | 1
7622713362478916377 | 72 | 4.6613e-310 | 2
7155738820218547993 | 67 | 2.32882 | 22
-4135266433272455630 | 68 | 2.32882 | 22
-8270532866544911260 | 69 | 2.32882 | 22
1905678340619729096 | 70 | 2.32882 | 22
3811356681239458192 | 71 | 4.6613e-310 | 5
3811356681239458193 | 71 | 2.23811 | 17
7622713362478916386 | 72 | 2.23811 | 17
-3201317348751718844 | 73 | 1.24479 | 12
-6402634697503437687 | 74 | 1.24479 | 12
5641474678702676242 | 75 | 1.24479 | 12
-7163794716304199132 | 76 | 1.23558 | 11
4119154641101153352 | 77 | 1.23558 | 11
8238309282202306704 | 78 | 1.23558 | 11
-1970125509304938207 | 79 | 1.23558 | 11
-3940251018609876414 | 80 | 1.23558 | 11
-7880502037219752827 | 81 | 1.23558 | 11
2685739999270045962 | 82 | 1.23558 | 11
5371479998540091925 | 83 | 1.23558 | 11
-7703784076629367766 | 84 | 1.23558 | 11
3039175920450816085 | 85 | 1.23558 | 11
6078351840901632171 | 86 | 1.23558 | 11
-6290040391906287273 | 87 | 1.23558 | 11
5866663289896977070 | 88 | 4.00764 | 4
5866663289896977071 | 88 | 2.81592 | 7
-7163794716304199131 | 76 | 4.6613e-310 | 1
-3201317348751718843 | 73 | 4.6613e-310 | 5
688269171369338301 | 61 | 4.6613e-310 | 1
2625538526037 | 43 | 11.2358 | 325
5251077052075 | 44 | 11.2358 | 325
10502154104151 | 45 | 11.2358 | 325
21004308208302 | 46 | 11.2358 | 325
42008616416605 | 47 | 11.2358 | 325
84017232833211 | 48 | 11.2358 | 325
168034465666423 | 49 | 11.2358 | 325
336068931332847 | 50 | 11.2358 | 325
672137862665695 | 51 | 11.2358 | 325
1344275725331390 | 52 | 11.2358 | 325
2688551450662780 | 53 | 11.2358 | 325
5377102901325561 | 54 | 11.2358 | 325
10754205802651122 | 55 | 11.2358 | 325
21508411605302244 | 56 | 11.2358 | 325
43016823210604488 | 57 | 9.17472 | 255
86033646421208977 | 58 | 9.17472 | 255
172067292842417955 | 59 | 9.17472 | 255
344134585684835910 | 60 | 9.17472 | 255
688269171369671821 | 61 | 9.17472 | 255
1376538342739343642 | 62 | 9.17472 | 255
2753076685478687285 | 63 | 9.17472 | 255
5506153370957374571 | 64 | 9.17472 | 255
-7434437331794802474 | 65 | 9.17472 | 255
3577869410119946669 | 66 | 9.17472 | 255
7155738820239893339 | 67 | 9.17472 | 255
-4135266433229764938 | 68 | 9.17472 | 255
-8270532866459529875 | 69 | 9.17472 | 255
1905678340790491867 | 70 | 9.17472 | 255
3811356681580983735 | 71 | 9.17472 | 255
7622713363161967471 | 72 | 9.17472 | 255
-3201317347385616673 | 73 | 9.17472 | 255
-6402634694771233346 | 74 | 8.71345 | 205
5641474684167084924 | 75 | 8.71345 | 205
-7163794705375381768 | 76 | 8.71345 | 205
4119154662958788081 | 77 | 8.71345 | 205
8238309325917576162 | 78 | 8.71345 | 205
-1970125421874399292 | 79 | 8.71345 | 205
-3940250843748798583 | 80 | 8.71345 | 205
-7880501687497597165 | 81 | 8.71345 | 205
2685740698714357287 | 82 | 8.71345 | 205
5371481397428714575 | 83 | 8.71345 | 205
-7703781278852122465 | 84 | 8.71345 | 205
3039181516005306687 | 85 | 8.71345 | 205
6078363032010613374 | 86 | 8.71345 | 205
-6290018009688324868 | 87 | 8.71345 | 205
5866708054332901880 | 88 | 8.71345 | 205
-6713327965043747855 | 89 | 8.71345 | 205
5020088143622055907 | 90 | 8.71345 | 205
-8406567786465439801 | 91 | 8.71345 | 205
1633608500778672015 | 92 | 8.71345 | 205
3267217001557344031 | 93 | 8.71345 | 205
6534434003114688062 | 94 | 8.71345 | 205
-5377876067480175492 | 95 | 7.03015 | 123
7690991938749200633 | 96 | 7.03015 | 123
-3064760196211150350 | 97 | 7.03015 | 123
-6129520392422300700 | 98 | 7.03015 | 123
6187703288864950216 | 99 | 7.03015 | 123
-6071337495979651184 | 100 | 7.03015 | 123
6304069081750249248 | 101 | 7.03015 | 123
-5838605910209053120 | 102 | 7.03015 | 123
6769532253291445376 | 103 | 2.75093 | 17
-4907679567126660863 | 104 | 2.75093 | 17
8631384939456229890 | 105 | 2.75093 | 17
-1183974194797091836 | 106 | 2.75093 | 17
-2367948389594183672 | 107 | 2.75093 | 17
-4735896779188367344 | 108 | 2.75093 | 17
8974950515332816928 | 109 | 2.75093 | 17
-496843043043917760 | 110 | 2.75093 | 17
-993686086087835520 | 111 | 2.75093 | 17
-1987372172175671039 | 112 | 2.75093 | 17
-3974744344351342078 | 113 | 2.75093 | 17
-7949488688702684155 | 114 | 2.75093 | 17
2547766696304183307 | 115 | 2.75093 | 17
5095533392608366615 | 116 | 2.75093 | 17
-8255677288492818386 | 117 | 2.75093 | 17
1935389496723914845 | 118 | 2.75093 | 17
3870778993447829690 | 119 | 2.75093 | 17
7741557986895659380 | 120 | 2.75093 | 17
-2963628099918232855 | 121 | 2.75093 | 17
-5927256199836465709 | 122 | 2.75093 | 17
6592231674036620199 | 123 | 2.75093 | 17
-5262280725636311218 | 124 | 0.219358 | 5
-5262280725636311217 | 124 | 2.54179 | 12
7922182622436929182 | 125 | 2.54179 | 12
-2602378828835693252 | 126 | 2.54179 | 12
-5204757657671386504 | 127 | 19.8223 | 10
-5204757657671386503 | 127 | 2.39502 | 2
6769532253291445377 | 103 | 6.3894 | 106
-4907679567126660862 | 104 | 6.30088 | 82
8631384939456229892 | 105 | 6.30088 | 82
-1183974194797091831 | 106 | 6.30088 | 82
-2367948389594183662 | 107 | 6.30088 | 79
-4735896779188367324 | 108 | 6.30088 | 79
8974950515332816969 | 109 | 6.30088 | 79
-496843043043917678 | 110 | 6.30088 | 79
-993686086087835356 | 111 | 6.30088 | 79
-1987372172175670712 | 112 | 6.30088 | 79
-3974744344351341424 | 113 | 6.30088 | 79
-7949488688702682848 | 114 | 6.30088 | 79
2547766696304185920 | 115 | 4.87407 | 66
5095533392608371840 | 116 | 4.87407 | 66
-8255677288492807936 | 117 | 4.87407 | 66
1935389496723935744 | 118 | 3.82011 | 50
3870778993447871489 | 119 | 3.82011 | 50
7741557986895742978 | 120 | 3.82011 | 50
-2963628099918065660 | 121 | 3.82011 | 50
-5927256199836131319 | 122 | 3.82011 | 50
6592231674037288978 | 123 | 3.82011 | 50
-5262280725634973660 | 124 | 1.67298 | 13
7922182622439604296 | 125 | 1.20168 | 4
7922182622439604297 | 125 | 5.68764 | 9
-5262280725634973659 | 124 | 2.47085 | 37
7922182622439604298 | 125 | 2.4004 | 35
-2602378828830343019 | 126 | 2.4004 | 35
-5204757657660686038 | 127 | 2.4004 | 35
8037228758388179540 | 128 | 2.4004 | 35
-2372286556933192536 | 129 | 2.4004 | 35
-4744573113866385072 | 130 | 1.05619 | 3
-4744573113866385071 | 130 | 2.06012 | 32
8957597845976781474 | 131 | 2.06012 | 32
-531548381755988668 | 132 | 0.665131 | 1
-531548381755988667 | 132 | 2.06012 | 31
-1063096763511977334 | 133 | 2.06012 | 31
-2126193527023954667 | 134 | 2.06012 | 31
-4252387054047909333 | 135 | 2.06012 | 31
-8504774108095818665 | 136 | 2.06012 | 31
1437195857517914286 | 137 | 2.06012 | 31
2874391715035828572 | 138 | 2.06012 | 31
5748783430071657144 | 139 | 1.67826 | 22
-6949177213566237328 | 140 | 1.67826 | 22
4548389646577076960 | 141 | 1.67826 | 22
9096779293154153921 | 142 | 1.67826 | 22
-253185487401243774 | 143 | 1.48933 | 18
-506370974802487548 | 144 | 1.48933 | 18
-1012741949604975096 | 145 | 1.48933 | 18
-2025483899209950192 | 146 | 0.0786379 | 2
-2025483899209950191 | 146 | 1.48933 | 16
-4050967798419900381 | 147 | 1.48933 | 16
-8101935596839800762 | 148 | 7.95446e-322 | 8
-8101935596839800761 | 148 | 0.0994348 | 8
-253185487401243773 | 143 | 4.6613e-310 | 4
5748783430071657145 | 139 | 4.6613e-310 | 9
7922182622439604299 | 125 | 4.6613e-310 | 2
1935389496723935745 | 118 | 1.67149 | 16
3870778993447871490 | 119 | 4.6613e-310 | 2
3870778993447871491 | 119 | 1.39593 | 14
7741557986895742983 | 120 | 1.39593 | 14
-2963628099918065649 | 121 | 1.39593 | 14
-5927256199836131298 | 122 | 1.39593 | 14
6592231674037289020 | 123 | 1.39593 | 14
-5262280725634973576 | 124 | 4.6613e-310 | 8
-5262280725634973575 | 124 | 4.6613e-310 | 6
2547766696304185921 | 115 | 1.62125 | 13
5095533392608371843 | 116 | 1.62125 | 13
-8255677288492807929 | 117 | 1.62125 | 13
1935389496723935758 | 118 | 1.62125 | 13
3870778993447871517 | 119 | 1.62125 | 13
7741557986895743035 | 120 | 1.62125 | 13
-2963628099918065546 | 121 | 4.6613e-310 | 2
-2963628099918065545 | 121 | 1.37818 | 11
-5927256199836131090 | 122 | 4.6613e-310 | 3
-5927256199836131089 | 122 | 4.6613e-310 | 8
-2367948389594183661 | 107 | 4.6613e-310 | 3
-4907679567126660861 | 104 | 5.77502 | 24
8631384939456229894 | 105 | 5.77502 | 24
-1183974194797091828 | 106 | 5.77502 | 24
-2367948389594183655 | 107 | 5.77502 | 24
-4735896779188367310 | 108 | 5.77502 | 24
8974950515332816997 | 109 | 5.77502 | 24
-496843043043917622 | 110 | 5.77502 | 24
-993686086087835244 | 111 | 5.77502 | 24
-1987372172175670488 | 112 | 5.77502 | 24
-3974744344351340975 | 113 | 5.77502 | 24
-7949488688702681949 | 114 | 5.77502 | 24
2547766696304187718 | 115 | 5.77502 | 24
5095533392608375436 | 116 | 5.77502 | 17
-8255677288492800744 | 117 | 5.77502 | 17
1935389496723950129 | 118 | 5.77502 | 17
3870778993447900259 | 119 | 5.77502 | 17
7741557986895800519 | 120 | 5.77502 | 17
-2963628099917950578 | 121 | 5.77502 | 17
-5927256199835901156 | 122 | 5.77502 | 17
6592231674037749304 | 123 | 5.77502 | 17
-5262280725634053008 | 124 | 5.77502 | 17
7922182622441445600 | 125 | 5.77502 | 17
-2602378828826660415 | 126 | 5.77502 | 17
-5204757657653320830 | 127 | 5.95232 | 5
-5204757657653320829 | 127 | 4.36242 | 12
8037228758402909959 | 128 | 4.36242 | 12
-2372286556903731698 | 129 | 4.36242 | 12
-4744573113807463396 | 130 | 4.36242 | 12
8957597846094624825 | 131 | 4.36242 | 12
-531548381520301966 | 132 | 4.36242 | 12
-1063096763040603932 | 133 | 4.36242 | 12
-2126193526081207864 | 134 | 4.36242 | 12
-4252387052162415727 | 135 | 4.36242 | 12
-8504774104324831454 | 136 | 4.36242 | 12
1437195865059888708 | 137 | 4.36242 | 12
2874391730119777416 | 138 | 1.58101e-322 | 5
2874391730119777417 | 138 | 1.58101e-322 | 7
5095533392608375437 | 116 | 4.6613e-310 | 7
-5377876067480175491 | 95 | 7.08134 | 82
7690991938749200634 | 96 | 7.08134 | 82
-3064760196211150348 | 97 | 7.08134 | 82
-6129520392422300695 | 98 | 7.08134 | 82
6187703288864950227 | 99 | 7.08134 | 82
-6071337495979651162 | 100 | 3.55806 | 47
6304069081750249293 | 101 | 3.55806 | 47
-5838605910209053030 | 102 | 3.55806 | 47
6769532253291445557 | 103 | 3.55806 | 47
-4907679567126660502 | 104 | 3.55806 | 47
8631384939456230613 | 105 | 3.55806 | 47
-1183974194797090390 | 106 | 1.5072 | 16
-2367948389594180779 | 107 | 1.5072 | 16
-4735896779188361558 | 108 | 1.5072 | 16
8974950515332828501 | 109 | 1.5072 | 16
-496843043043894613 | 110 | 1.5072 | 16
-993686086087789225 | 111 | 1.5072 | 16
-1987372172175578450 | 112 | 1.5072 | 16
-3974744344351156900 | 113 | 1.5072 | 16
-7949488688702313800 | 114 | 1.5072 | 16
2547766696304924017 | 115 | 1.5072 | 16
5095533392609848034 | 116 | 0.435564 | 5
5095533392609848035 | 116 | 0.922193 | 11
-8255677288489855545 | 117 | 0.922193 | 11
1935389496729840527 | 118 | 0.922193 | 11
3870778993459681054 | 119 | 0.922193 | 11
7741557986919362108 | 120 | 0.922193 | 11
-2963628099870827400 | 121 | 0.922193 | 11
-5927256199741654800 | 122 | 1.58101e-322 | 7
-5927256199741654799 | 122 | 1.44069 | 4
-1183974194797090389 | 106 | 2.62417 | 31
-2367948389594180777 | 107 | 2.62417 | 31
-4735896779188361554 | 108 | 2.08778 | 20
8974950515332828509 | 109 | 2.08778 | 20
-496843043043894598 | 110 | 4.6613e-310 | 5
-496843043043894597 | 110 | 1.63911 | 15
-993686086087789193 | 111 | 1.63911 | 15
-1987372172175578386 | 112 | 1.63911 | 15
-3974744344351156772 | 113 | 4.6613e-310 | 9
-3974744344351156771 | 113 | 0.535043 | 6
-4735896779188361553 | 108 | 1.53576 | 11
8974950515332828511 | 109 | 1.53576 | 11
-496843043043894593 | 110 | 1.53576 | 11
-993686086087789186 | 111 | 1.53576 | 11
-1987372172175578372 | 112 | 1.53576 | 11
-3974744344351156744 | 113 | 0.984964 | 6
-3974744344351156743 | 113 | 0.362977 | 5
-6071337495979651161 | 100 | 4.15221 | 35
6304069081750249294 | 101 | 4.6613e-310 | 4
6304069081750249295 | 101 | 3.77326 | 31
-5838605910209053025 | 102 | 3.77326 | 31
6769532253291445566 | 103 | 3.77326 | 31
-4907679567126660484 | 104 | 3.77326 | 30
8631384939456230648 | 105 | 3.77326 | 30
-1183974194797090319 | 106 | 3.77326 | 30
-2367948389594180638 | 107 | 3.77326 | 30
-4735896779188361275 | 108 | 3.77326 | 30
8974950515332829066 | 109 | 3.77326 | 30
-496843043043893484 | 110 | 3.77326 | 30
-993686086087786968 | 111 | 3.77326 | 30
-1987372172175573935 | 112 | 3.77326 | 30
-3974744344351147869 | 113 | 3.77326 | 30
-7949488688702295737 | 114 | 3.77326 | 30
2547766696304960143 | 115 | 3.77326 | 30
5095533392609920286 | 116 | 3.77326 | 30
-8255677288489711043 | 117 | 3.77326 | 30
1935389496730129531 | 118 | 3.77326 | 30
3870778993460259063 | 119 | 3.77326 | 30
7741557986920518127 | 120 | 3.77326 | 30
-2963628099868515362 | 121 | 2.59969 | 26
-5927256199737030724 | 122 | 0.716335 | 8
-5927256199737030723 | 122 | 2.59969 | 18
6592231674235490170 | 123 | 0.414875 | 10
6592231674235490171 | 123 | 4.6613e-310 | 8
-2963628099868515361 | 121 | 4.6613e-310 | 4
-4907679567126660483 | 104 | 4.6613e-310 | 1
-6402634694771233345 | 74 | 6.53575 | 50
5641474684167084926 | 75 | 6.53575 | 50
-7163794705375381763 | 76 | 6.53575 | 50
4119154662958788091 | 77 | 6.53575 | 50
8238309325917576183 | 78 | 6.53575 | 50
-1970125421874399250 | 79 | 6.53575 | 50
-3940250843748798500 | 80 | 6.53575 | 50
-7880501687497597000 | 81 | 6.53575 | 50
2685740698714357617 | 82 | 6.53575 | 50
5371481397428715235 | 83 | 6.53575 | 50
-7703781278852121145 | 84 | 6.53575 | 50
3039181516005309327 | 85 | 6.53575 | 50
6078363032010618654 | 86 | 6.53575 | 50
-6290018009688314307 | 87 | 6.53575 | 50
5866708054332923003 | 88 | 6.53575 | 50
-6713327965043705609 | 89 | 6.53575 | 50
5020088143622140399 | 90 | 6.53575 | 50
-8406567786465270817 | 91 | 6.53575 | 50
1633608500779009982 | 92 | 6.53575 | 50
3267217001558019965 | 93 | 6.53575 | 50
6534434003116039931 | 94 | 6.53575 | 50
-5377876067477471754 | 95 | 6.53575 | 50
7690991938754608109 | 96 | 6.53575 | 50
-3064760196200335398 | 97 | 2.0108 | 13
-6129520392400670796 | 98 | 2.0108 | 13
6187703288908210025 | 99 | 2.0108 | 13
-6071337495893131566 | 100 | 1.44796 | 7
-6071337495893131565 | 100 | 11.7284 | 6
-3064760196200335397 | 97 | 4.63206 | 37
-6129520392400670794 | 98 | 4.63206 | 37
6187703288908210028 | 99 | 4.29788 | 1
6187703288908210029 | 99 | 3.79352 | 36
-6071337495893131557 | 100 | 3.79352 | 36
6304069081923288503 | 101 | 3.79352 | 36
-5838605909862974610 | 102 | 3.79352 | 36
6769532253983602396 | 103 | 3.79352 | 36
-4907679565742346824 | 104 | 3.79352 | 36
8631384942224857968 | 105 | 3.79352 | 36
-1183974189259835680 | 106 | 3.79352 | 36
-2367948378519671359 | 107 | 3.79352 | 36
-4735896757039342718 | 108 | 3.79352 | 36
8974950559630866180 | 109 | 3.79352 | 36
-496842954447819255 | 110 | 3.79352 | 36
-993685908895638510 | 111 | 3.79352 | 36
-1987371817791277020 | 112 | 3.79352 | 36
-3974743635582554040 | 113 | 3.6448 | 14
-7949487271165108080 | 114 | 0.754669 | 1
-7949487271165108079 | 114 | 3.43947 | 13
2547769531379335458 | 115 | 3.43947 | 13
5095539062758670916 | 116 | 3.43947 | 13
-8255665948192209784 | 117 | 3.43947 | 13
1935412177325132049 | 118 | 3.43947 | 13
3870824354650264098 | 119 | 3.43947 | 13
7741648709300528196 | 120 | 0.130794 | 3
7741648709300528197 | 120 | 4.6613e-310 | 10
-3974743635582554039 | 113 | 3.67047 | 22
-7949487271165108077 | 114 | 3.67047 | 22
2547769531379335462 | 115 | 3.67047 | 22
5095539062758670925 | 116 | 3.67047 | 22
-8255665948192209766 | 117 | 3.67047 | 22
1935412177325132084 | 118 | 0.194451 | 5
1935412177325132085 | 118 | 2.46336 | 17
3870824354650264170 | 119 | 2.46336 | 17
7741648709300528341 | 120 | 2.46336 | 17
-2963446655108494934 | 121 | 2.46336 | 17
-5926893310216989868 | 122 | 2.46336 | 17
6592957453275571880 | 123 | 0.309316 | 2
6592957453275571881 | 123 | 2.13908 | 15
-5260829167158407853 | 124 | 2.13908 | 15
7925085739392735911 | 125 | 2.13908 | 15
-2596572594924079793 | 126 | 2.13908 | 15
-5193145189848159586 | 127 | 2.13908 | 15
8060453694013232444 | 128 | 2.13908 | 15
-2325836685683086727 | 129 | 2.13908 | 15
-4651673371366173454 | 130 | 1.99946 | 12
9143397330977204709 | 131 | 1.99946 | 12
-159949411755142198 | 132 | 1.99946 | 12
-319898823510284395 | 133 | 1.99946 | 12
-639797647020568790 | 134 | 7.95446e-322 | 10
-639797647020568789 | 134 | 4.6613e-310 | 2
-4651673371366173453 | 130 | 4.6613e-310 | 3
43016823210604489 | 57 | 8.17641 | 70
86033646421208978 | 58 | 8.17641 | 70
172067292842417957 | 59 | 8.17641 | 70
344134585684835915 | 60 | 8.17641 | 70
688269171369671831 | 61 | 8.17641 | 70
1376538342739343662 | 62 | 8.17641 | 70
2753076685478687324 | 63 | 8.17641 | 70
5506153370957374648 | 64 | 8.17641 | 70
-7434437331794802319 | 65 | 8.17641 | 70
3577869410119946979 | 66 | 8.17641 | 70
7155738820239893959 | 67 | 8.17641 | 70
-4135266433229763698 | 68 | 6.26004 | 36
-8270532866459527395 | 69 | 6.26004 | 36
1905678340790496827 | 70 | 6.26004 | 36
3811356681580993655 | 71 | 6.26004 | 36
7622713363161987310 | 72 | 6.26004 | 36
-3201317347385576995 | 73 | 6.26004 | 36
-6402634694771153989 | 74 | 6.26004 | 36
5641474684167243638 | 75 | 6.26004 | 36
-7163794705375064340 | 76 | 6.26004 | 36
4119154662959422936 | 77 | 5.32071 | 33
8238309325918845872 | 78 | 5.32071 | 33
-1970125421871859871 | 79 | 5.32071 | 33
-3940250843743719742 | 80 | 5.32071 | 33
-7880501687487439484 | 81 | 1 | 10
-7880501687487439483 | 81 | 3.87799 | 23
2685740698734672650 | 82 | 3.87799 | 23
5371481397469345301 | 83 | 3.87799 | 23
-7703781278770861013 | 84 | 3.87799 | 23
3039181516167829591 | 85 | 3.87799 | 23
6078363032335659183 | 86 | 3.87799 | 23
-6290018009038233249 | 87 | 3.87799 | 23
5866708055633085118 | 88 | 3.87799 | 23
-6713327962443381380 | 89 | 3.87799 | 23
5020088148822788857 | 90 | 3.87799 | 23
-8406567776063973902 | 91 | 3.87799 | 23
1633608521581603812 | 92 | 3.87799 | 23
3267217043163207625 | 93 | 3.87799 | 23
6534434086326415250 | 94 | 0.743337 | 2
6534434086326415251 | 94 | 3.53011 | 21
-5377875901056721113 | 95 | 3.53011 | 21
7690992271596109390 | 96 | 2.20093 | 13
-3064759530517332836 | 97 | 2.20093 | 13
-6129519061034665672 | 98 | 2.76119 | 6
-6129519061034665671 | 98 | 1.0126 | 7
7690992271596109391 | 96 | 4.6613e-310 | 8
4119154662959422937 | 77 | 4.6613e-310 | 3
-4135266433229763697 | 68 | 5.44147 | 34
-8270532866459527393 | 69 | 5.44147 | 34
1905678340790496831 | 70 | 5.44147 | 34
3811356681580993662 | 71 | 5.44147 | 34
7622713363161987325 | 72 | 5.44147 | 34
-3201317347385576966 | 73 | 5.44147 | 34
-6402634694771153931 | 74 | 5.44147 | 34
5641474684167243754 | 75 | 6.95061e-310 | 1
5641474684167243755 | 75 | 5.22871 | 33
-7163794705375064106 | 76 | 2.42461 | 17
4119154662959423405 | 77 | 2.42461 | 17
8238309325918846811 | 78 | 2.42461 | 17
-1970125421871857993 | 79 | 2.42461 | 17
-3940250843743715985 | 80 | 2.42461 | 17
-7880501687487431970 | 81 | 2.42461 | 17
2685740698734687676 | 82 | 2.42461 | 17
5371481397469375353 | 83 | 2.42461 | 17
-7703781278770800909 | 84 | 2.42461 | 17
3039181516167949798 | 85 | 2.42461 | 17
6078363032335899597 | 86 | 2.42461 | 17
-6290018009037752421 | 87 | 2.42461 | 17
5866708055634046774 | 88 | 2.42461 | 17
-6713327962441458068 | 89 | 2.42461 | 17
5020088148826635480 | 90 | 2.42461 | 17
-8406567776056280656 | 91 | 2.42304 | 3
-8406567776056280655 | 91 | 2.09205 | 14
1633608521596990306 | 92 | 2.09205 | 14
3267217043193980612 | 93 | 4.6613e-310 | 5
3267217043193980613 | 93 | 1.58101e-322 | 9
-7163794705375064105 | 76 | 2.74012 | 16
4119154662959423406 | 77 | 2.74012 | 16
8238309325918846813 | 78 | 2.74012 | 16
-1970125421871857990 | 79 | 2.74012 | 16
-3940250843743715979 | 80 | 2.74012 | 16
-7880501687487431958 | 81 | 2.74012 | 16
2685740698734687701 | 82 | 2.74012 | 16
5371481397469375403 | 83 | 2.74012 | 16
-7703781278770800810 | 84 | 2.74012 | 16
3039181516167949997 | 85 | 2.74012 | 16
6078363032335899994 | 86 | 4.88992 | 8
6078363032335899995 | 86 | 1.70646 | 8
156495 | 19 | 13.6443 | 225
312990 | 20 | 13.6443 | 225
625981 | 21 | 13.6443 | 225
1251962 | 22 | 13.6443 | 225
2503925 | 23 | 13.6443 | 225
5007851 | 24 | 13.6443 | 225
10015702 | 25 | 13.6443 | 225
20031405 | 26 | 13.6443 | 225
40062810 | 27 | 10.3427 | 158
80125620 | 28 | 10.3427 | 158
160251241 | 29 | 10.3427 | 158
320502482 | 30 | 10.3427 | 158
641004965 | 31 | 10.3427 | 158
1282009930 | 32 | 10.3427 | 158
2564019861 | 33 | 10.3427 | 158
5128039723 | 34 | 10.3427 | 158
10256079446 | 35 | 10.3427 | 158
20512158893 | 36 | 10.3427 | 158
41024317787 | 37 | 10.3427 | 158
82048635575 | 38 | 10.3427 | 158
164097271150 | 39 | 10.3427 | 158
328194542300 | 40 | 6.6421 | 16
656389084600 | 41 | 6.6421 | 16
1312778169200 | 42 | 6.6421 | 16
2625556338401 | 43 | 6.6421 | 16
5251112676803 | 44 | 6.6421 | 16
10502225353606 | 45 | 16.4953 | 9
10502225353607 | 45 | 0.209399 | 7
328194542301 | 40 | 9.37507 | 142
656389084602 | 41 | 9.37507 | 142
1312778169205 | 42 | 9.37507 | 142
2625556338411 | 43 | 9.37507 | 142
5251112676822 | 44 | 9.37507 | 142
10502225353644 | 45 | 9.37507 | 142
21004450707289 | 46 | 9.37507 | 142
42008901414579 | 47 | 9.37507 | 142
84017802829158 | 48 | 9.37507 | 142
168035605658317 | 49 | 9.37507 | 142
336071211316634 | 50 | 7.57242 | 69
672142422633268 | 51 | 7.0041 | 65
1344284845266536 | 52 | 7.0041 | 65
2688569690533073 | 53 | 7.0041 | 65
5377139381066146 | 54 | 3.8606 | 40
10754278762132292 | 55 | 3.8606 | 40
21508557524264584 | 56 | 3.8606 | 40
43017115048529168 | 57 | 3.19012 | 28
86034230097058337 | 58 | 3.19012 | 28
172068460194116674 | 59 | 3.19012 | 28
344136920388233348 | 60 | 3.19012 | 28
688273840776466697 | 61 | 3.19012 | 28
1376547681552933394 | 62 | 3.19012 | 28
2753095363105866788 | 63 | 3.19012 | 28
5506190726211733577 | 64 | 3.19012 | 28
-7434362621286084462 | 65 | 3.19012 | 28
3578018831137382693 | 66 | 3.19012 | 28
7156037662274765386 | 67 | 3.19012 | 28
-4134668749160020844 | 68 | 1.63042e-322 | 3
-4134668749160020843 | 68 | 2.97449 | 25
-8269337498320041686 | 69 | 2.55403 | 21
1908069077069468245 | 70 | 2.55403 | 21
3816138154138936490 | 71 | 2.55403 | 21
7632276308277872981 | 72 | 2.55403 | 21
-3182191457153805653 | 73 | 2.55403 | 21
-6364382914307611305 | 74 | 2.55403 | 21
5717978245094329007 | 75 | 2.55403 | 21
-7010787583520893601 | 76 | 2.55403 | 21
4425168906667764415 | 77 | 2.55403 | 21
8850337813335528831 | 78 | 2.55403 | 21
-746068447038493953 | 79 | 2.55403 | 21
-1492136894076987906 | 80 | 2.06578 | 19
-2984273788153975812 | 81 | 2.06578 | 19
-5968547576307951624 | 82 | 2.06578 | 19
6509648921093648369 | 83 | 2.06578 | 19
-5427446231522254878 | 84 | 2.06578 | 19
7591851610665041861 | 85 | 2.06578 | 19
-3263040852379467894 | 86 | 2.06578 | 19
-6526081704758935788 | 87 | 2.06578 | 13
5394580664191680040 | 88 | 2.06578 | 13
-7657582745326191535 | 89 | 2.06578 | 13
3131578583057168546 | 90 | 35.4996 | 2
3131578583057168547 | 90 | 2.06578 | 11
6263157166114337094 | 91 | 2.06578 | 11
-5920429741480877427 | 92 | 2.06578 | 11
6605884590747796763 | 93 | 2.06578 | 11
-5234974892213958089 | 94 | 2.06578 | 11
7976794289281635438 | 95 | 28.4978 | 1
7976794289281635439 | 95 | 19.5354 | 10
-6526081704758935787 | 87 | 4.6613e-310 | 6
-1492136894076987905 | 80 | 4.6613e-310 | 2
-8269337498320041685 | 69 | 4.6613e-310 | 4
43017115048529169 | 57 | 1.96042 | 12
86034230097058339 | 58 | 1.96042 | 12
172068460194116678 | 59 | 4.6613e-310 | 9
172068460194116679 | 59 | 4.6613e-310 | 3
5377139381066147 | 54 | 3.22857 | 25
10754278762132295 | 55 | 3.22857 | 25
21508557524264590 | 56 | 4.6613e-310 | 6
21508557524264591 | 56 | 3.15893 | 19
43017115048529183 | 57 | 3.15893 | 19
86034230097058367 | 58 | 3.15893 | 19
172068460194116735 | 59 | 3.15893 | 19
344136920388233470 | 60 | 4.6613e-310 | 6
344136920388233471 | 60 | 1.95539 | 13
688273840776466942 | 61 | 1.95539 | 13
1376547681552933884 | 62 | 1.95539 | 13
2753095363105867768 | 63 | 4.6613e-310 | 8
2753095363105867769 | 63 | 4.6613e-310 | 5
672142422633269 | 51 | 4.6613e-310 | 4
336071211316635 | 50 | 7.71938 | 73
672142422633271 | 51 | 7.71938 | 73
1344284845266542 | 52 | 7.71938 | 73
2688569690533084 | 53 | 7.71938 | 73
5377139381066169 | 54 | 7.71938 | 73
10754278762132338 | 55 | 7.71938 | 73
21508557524264676 | 56 | 7.33675 | 50
43017115048529352 | 57 | 7.33675 | 50
86034230097058704 | 58 | 7.33675 | 50
172068460194117409 | 59 | 7.33675 | 50
344136920388234819 | 60 | 7.33675 | 50
688273840776469638 | 61 | 7.33675 | 50
1376547681552939276 | 62 | 7.33675 | 50
2753095363105878552 | 63 | 7.33675 | 50
5506190726211757104 | 64 | 7.33675 | 50
-7434362621286037407 | 65 | 7.33675 | 50
3578018831137476802 | 66 | 3.70684 | 25
7156037662274953605 | 67 | 3.70684 | 25
-4134668749159644406 | 68 | 3.70684 | 25
-8269337498319288812 | 69 | 3.70684 | 25
1908069077070973992 | 70 | 3.70684 | 25
3816138154141947984 | 71 | 3.70684 | 25
7632276308283895969 | 72 | 3.70684 | 25
-3182191457141759678 | 73 | 3.70684 | 25
-6364382914283519355 | 74 | 3.70684 | 25
5717978245142512906 | 75 | 7.75036 | 9
5717978245142512907 | 75 | 2.9361 | 16
-7010787583424525801 | 76 | 2.9361 | 16
4425168906860500014 | 77 | 3.35124 | 3
4425168906860500015 | 77 | 1.96885 | 13
8850337813721000030 | 78 | 1.96885 | 13
-746068446267551555 | 79 | 1.96885 | 13
-1492136892535103109 | 80 | 1.96885 | 13
-2984273785070206217 | 81 | 1.96885 | 13
-5968547570140412433 | 82 | 1.96885 | 13
6509648933428726750 | 83 | 1.96885 | 13
-5427446206852098115 | 84 | 1.96885 | 13
7591851660005355386 | 85 | 1.96885 | 13
-3263040753698840844 | 86 | 21.7647 | 7
-3263040753698840843 | 86 | 2.25185 | 6
3578018831137476803 | 66 | 3.59233 | 25
7156037662274953606 | 67 | 3.59233 | 25
-4134668749159644404 | 68 | 3.01345 | 13
-8269337498319288807 | 69 | 3.01345 | 13
1908069077070974002 | 70 | 3.01345 | 13
3816138154141948004 | 71 | 3.01345 | 13
7632276308283896008 | 72 | 3.01345 | 13
-3182191457141759600 | 73 | 3.01345 | 13
-6364382914283519200 | 74 | 3.01345 | 13
5717978245142513216 | 75 | 3.01345 | 13
-7010787583424525183 | 76 | 3.01345 | 13
4425168906860501251 | 77 | 3.01345 | 13
8850337813721002503 | 78 | 3.01345 | 13
-746068446267546610 | 79 | 3.01345 | 13
-1492136892535093220 | 80 | 3.01345 | 13
-2984273785070186440 | 81 | 3.01345 | 13
-5968547570140372879 | 82 | 3.01345 | 13
6509648933428805859 | 83 | 3.01345 | 13
-5427446206851939898 | 84 | 1.08467 | 9
-5427446206851939897 | 84 | 13.7996 | 4
-4134668749159644403 | 68 | 3.29868 | 12
-8269337498319288805 | 69 | 3.29868 | 12
1908069077070974006 | 70 | 3.29868 | 12
3816138154141948012 | 71 | 3.29868 | 12
7632276308283896024 | 72 | 3.29868 | 12
-3182191457141759568 | 73 | 3.29868 | 12
-6364382914283519135 | 74 | 3.29868 | 12
5717978245142513346 | 75 | 3.29868 | 12
-7010787583424524923 | 76 | 3.29868 | 12
4425168906860501770 | 77 | 4.6613e-310 | 6
4425168906860501771 | 77 | 4.6613e-310 | 6
21508557524264677 | 56 | 7.0674 | 23
43017115048529354 | 57 | 7.0674 | 23
86034230097058709 | 58 | 7.0674 | 23
172068460194117419 | 59 | 7.0674 | 23
344136920388234839 | 60 | 7.0674 | 23
688273840776469678 | 61 | 7.0674 | 23
1376547681552939356 | 62 | 7.0674 | 23
2753095363105878712 | 63 | 4.6613e-310 | 9
2753095363105878713 | 63 | 4.7988 | 14
5506190726211757426 | 64 | 4.7988 | 14
-7434362621286036763 | 65 | 4.7988 | 14
3578018831137478090 | 66 | 4.6613e-310 | 6
3578018831137478091 | 66 | 1.69602 | 8
40062811 | 27 | 7.37818 | 67
80125622 | 28 | 7.37818 | 67
160251244 | 29 | 7.37818 | 67
320502489 | 30 | 7.37818 | 67
641004978 | 31 | 7.37818 | 67
1282009956 | 32 | 7.37818 | 67
2564019913 | 33 | 7.37818 | 67
5128039827 | 34 | 7.37818 | 67
10256079654 | 35 | 7.37818 | 67
20512159309 | 36 | 7.37818 | 67
41024318618 | 37 | 5.72098 | 20
82048637237 | 38 | 5.72098 | 20
164097274474 | 39 | 5.72098 | 20
328194548948 | 40 | 5.72098 | 20
656389097896 | 41 | 5.72098 | 20
1312778195792 | 42 | 5.72098 | 20
2625556391584 | 43 | 10.0215 | 7
2625556391585 | 43 | 5.687 | 13
5251112783171 | 44 | 5.687 | 13
10502225566342 | 45 | 5.687 | 13
21004451132685 | 46 | 5.687 | 13
42008902265371 | 47 | 5.687 | 13
84017804530743 | 48 | 5.687 | 13
168035609061486 | 49 | 5.687 | 13
336071218122972 | 50 | 4.6613e-310 | 7
336071218122973 | 50 | 6.95061e-310 | 6
41024318619 | 37 | 7.24398 | 47
82048637239 | 38 | 7.24398 | 47
164097274479 | 39 | 7.24398 | 47
328194548959 | 40 | 7.24398 | 47
656389097918 | 41 | 7.24398 | 47
1312778195836 | 42 | 7.24398 | 47
2625556391673 | 43 | 7.24398 | 47
5251112783347 | 44 | 7.24398 | 47
10502225566695 | 45 | 7.24398 | 47
21004451133390 | 46 | 7.24398 | 47
42008902266780 | 47 | 7.24398 | 47
84017804533561 | 48 | 7.24398 | 47
168035609067122 | 49 | 7.24398 | 47
336071218134244 | 50 | 7.24398 | 47
672142436268488 | 51 | 7.24398 | 47
1344284872536976 | 52 | 7.24398 | 47
2688569745073952 | 53 | 6.50694 | 41
5377139490147904 | 54 | 6.50694 | 41
10754278980295809 | 55 | 6.50694 | 41
21508557960591618 | 56 | 4.92322 | 27
43017115921183237 | 57 | 4.92322 | 27
86034231842366475 | 58 | 4.92322 | 27
172068463684732951 | 59 | 4.92322 | 27
344136927369465902 | 60 | 4.92322 | 27
688273854738931804 | 61 | 4.92322 | 27
1376547709477863608 | 62 | 4.92322 | 27
2753095418955727216 | 63 | 4.92322 | 27
5506190837911454432 | 64 | 4.92322 | 27
-7434362397886642751 | 65 | 4.92322 | 27
3578019277936266114 | 66 | 4.92322 | 27
7156038555872532228 | 67 | 4.92322 | 27
-4134666961964487160 | 68 | 3.26184 | 22
-8269333923928974319 | 69 | 3.26184 | 22
1908076225851602978 | 70 | 3.26184 | 22
3816152451703205957 | 71 | 3.26184 | 22
7632304903406411914 | 72 | 3.26184 | 22
-3182134266896727787 | 73 | 3.26184 | 22
-6364268533793455573 | 74 | 3.26184 | 22
5718207006122640471 | 75 | 3.26184 | 22
-7010330061464270673 | 76 | 3.26184 | 22
4426083950781010271 | 77 | 3.26184 | 22
8852167901562020542 | 78 | 3.26184 | 22
-742408270585510532 | 79 | 3.26184 | 22
-1484816541171021064 | 80 | 3.26184 | 22
-2969633082342042128 | 81 | 3.26184 | 22
-5939266164684084256 | 82 | 6.95061e-310 | 7
-5939266164684084255 | 82 | 2.9721 | 15
6568211744341383106 | 83 | 2.10077 | 11
-5310320585026785403 | 84 | 2.10077 | 11
7826102903655980811 | 85 | 2.10077 | 11
-2794538266397589994 | 86 | 2.10077 | 11
-5589076532795179988 | 87 | 2.10077 | 11
7268591008119191640 | 88 | 2.10077 | 11
-3909562057471168336 | 89 | 2.10077 | 11
-7819124114942336671 | 90 | 2.10077 | 11
2808495843824878274 | 91 | 2.10077 | 11
5616991687649756548 | 92 | 0.479626 | 3
5616991687649756549 | 92 | 4.6613e-310 | 8
6568211744341383107 | 83 | 4.6613e-310 | 4
-4134666961964487159 | 68 | 4.6613e-310 | 5
21508557960591619 | 56 | 2.83639 | 14
43017115921183239 | 57 | 2.83639 | 14
86034231842366479 | 58 | 2.83639 | 14
172068463684732959 | 59 | 2.83639 | 14
344136927369465919 | 60 | 2.83639 | 14
688273854738931839 | 61 | 2.83639 | 14
1376547709477863678 | 62 | 2.83639 | 14
2753095418955727356 | 63 | 2.83639 | 14
5506190837911454713 | 64 | 2.83639 | 14
-7434362397886642190 | 65 | 2.83639 | 14
3578019277936267236 | 66 | 2.83639 | 14
7156038555872534473 | 67 | 2.83639 | 14
-4134666961964482669 | 68 | 2.83639 | 14
-8269333923928965337 | 69 | 2.83639 | 14
1908076225851620943 | 70 | 2.83639 | 14
3816152451703241886 | 71 | 33.4005 | 7
3816152451703241887 | 71 | 5.57213 | 7
2688569745073953 | 53 | 4.6613e-310 | 6
9781 | 15 | 10.5656 | 46
19562 | 16 | 8.21515 | 20
39125 | 17 | 8.21515 | 20
78251 | 18 | 8.21515 | 20
156503 | 19 | 8.21515 | 20
313006 | 20 | 8.21515 | 20
626012 | 21 | 8.21515 | 20
1252024 | 22 | 8.21515 | 20
2504049 | 23 | 8.21515 | 20
5008098 | 24 | 8.21515 | 20
10016196 | 25 | 8.21515 | 20
20032393 | 26 | 8.21515 | 20
40064786 | 27 | 8.21515 | 20
80129572 | 28 | 8.21515 | 20
160259144 | 29 | 4.6613e-310 | 9
160259145 | 29 | 5.87234 | 11
320518291 | 30 | 5.87234 | 11
641036583 | 31 | 5.87234 | 11
1282073166 | 32 | 4.6613e-310 | 3
1282073167 | 32 | 4.6613e-310 | 8
19563 | 16 | 6.57827 | 26
39127 | 17 | 6.57827 | 26
78255 | 18 | 6.57827 | 26
156510 | 19 | 6.57827 | 26
313020 | 20 | 3.8057 | 12
626041 | 21 | 3.8057 | 12
1252082 | 22 | 4.6613e-310 | 5
1252083 | 22 | 4.6613e-310 | 7
313021 | 20 | 5.59329 | 14
626042 | 21 | 5.59329 | 14
1252085 | 22 | 5.59329 | 14
2504171 | 23 | 5.59329 | 14
5008342 | 24 | 5.59329 | 14
10016685 | 25 | 5.59329 | 14
20033370 | 26 | 5.22279 | 12
40066740 | 27 | 5.22279 | 12
80133480 | 28 | 5.22279 | 12
160266961 | 29 | 5.22279 | 12
320533922 | 30 | 5.22279 | 12
641067844 | 31 | 5.22279 | 12
1282135688 | 32 | 1.63042e-322 | 1
1282135689 | 32 | 4.24732 | 11
2564271378 | 33 | 4.24732 | 11
5128542756 | 34 | 1.63042e-322 | 10
5128542757 | 34 | 1.63042e-322 | 1
20033371 | 26 | 1.63042e-322 | 2
77 | 8 | 26.3156 | 139
155 | 9 | 26.3156 | 139
310 | 10 | 26.3156 | 139
620 | 11 | 26.3156 | 139
1241 | 12 | 26.3156 | 139
2482 | 13 | 26.3156 | 139
4965 | 14 | 26.3156 | 139
9930 | 15 | 26.3156 | 139
19861 | 16 | 26.3156 | 139
39723 | 17 | 26.3156 | 139
79446 | 18 | 26.3156 | 139
158892 | 19 | 26.3156 | 139
317784 | 20 | 26.3156 | 139
635568 | 21 | 19.806 | 32
1271136 | 22 | 3.21143e-322 | 5
1271137 | 22 | 12.0195 | 27
2542275 | 23 | 12.0195 | 27
5084550 | 24 | 12.0195 | 27
10169100 | 25 | 12.0195 | 27
20338200 | 26 | 12.0195 | 27
40676400 | 27 | 12.0195 | 27
81352801 | 28 | 12.0195 | 27
162705602 | 29 | 12.0195 | 27
325411205 | 30 | 12.0195 | 27
650822410 | 31 | 12.0195 | 27
1301644820 | 32 | 12.0195 | 27
2603289640 | 33 | 12.0195 | 27
5206579280 | 34 | 12.0195 | 27
10413158560 | 35 | 12.0195 | 27
20826317120 | 36 | 9.87819 | 20
41652634241 | 37 | 9.87819 | 20
83305268483 | 38 | 9.87819 | 20
166610536967 | 39 | 9.87819 | 20
333221073934 | 40 | 1.63042e-322 | 3
333221073935 | 40 | 7.28705 | 17
666442147871 | 41 | 7.28705 | 17
1332884295742 | 42 | 7.28705 | 17
2665768591484 | 43 | 1.63042e-322 | 3
2665768591485 | 43 | 6.09464 | 14
5331537182970 | 44 | 6.09464 | 14
10663074365940 | 45 | 6.09464 | 14
21326148731881 | 46 | 6.09464 | 14
42652297463763 | 47 | 6.09464 | 14
85304594927527 | 48 | 6.09464 | 14
170609189855055 | 49 | 6.09464 | 14
341218379710110 | 50 | 6.09464 | 14
682436759420220 | 51 | 6.09464 | 14
1364873518840440 | 52 | 5.94941 | 8
1364873518840441 | 52 | 3.5773 | 6
20826317121 | 36 | 4.6613e-310 | 7
635569 | 21 | 24.9401 | 107
1271138 | 22 | 16.0246 | 16
2542277 | 23 | 16.0246 | 16
5084555 | 24 | 16.0246 | 16
10169111 | 25 | 16.0246 | 16
20338223 | 26 | 16.0246 | 16
40676447 | 27 | 16.0246 | 16
81352894 | 28 | 3.21143e-322 | 4
81352895 | 28 | 8.11737 | 12
162705790 | 29 | 8.11737 | 12
325411581 | 30 | 8.11737 | 12
650823163 | 31 | 8.11737 | 12
1301646327 | 32 | 8.11737 | 12
2603292654 | 33 | 8.11737 | 12
5206585309 | 34 | 8.11737 | 12
10413170618 | 35 | 8.11737 | 12
20826341237 | 36 | 8.11737 | 12
41652682475 | 37 | 8.11737 | 12
83305364951 | 38 | 8.11737 | 12
166610729902 | 39 | 3.89022 | 11
333221459804 | 40 | 4.6613e-310 | 9
333221459805 | 40 | 3.95253e-322 | 2
166610729903 | 39 | 4.6613e-310 | 1
1271139 | 22 | 22.4662 | 91
2542279 | 23 | 22.4662 | 91
5084559 | 24 | 22.4662 | 91
10169118 | 25 | 22.4662 | 91
20338237 | 26 | 22.4662 | 91
40676475 | 27 | 22.4662 | 91
81352951 | 28 | 22.4662 | 91
162705903 | 29 | 22.4662 | 91
325411807 | 30 | 22.4662 | 91
650823615 | 31 | 22.4662 | 91
1301647231 | 32 | 22.4662 | 91
2603294463 | 33 | 22.4662 | 91
5206588926 | 34 | 22.4662 | 91
10413177852 | 35 | 22.4662 | 91
20826355704 | 36 | 3.21143e-322 | 2
20826355705 | 36 | 22.3986 | 89
41652711411 | 37 | 22.3986 | 89
83305422823 | 38 | 22.3986 | 89
166610845646 | 39 | 8.60282 | 18
333221691293 | 40 | 8.60282 | 18
666443382586 | 41 | 4.79244e-322 | 10
666443382587 | 41 | 3.21143e-322 | 8
166610845647 | 39 | 18.9465 | 71
333221691295 | 40 | 18.9465 | 71
666443382591 | 41 | 18.9465 | 71
1332886765182 | 42 | 18.9465 | 71
2665773530364 | 43 | 9.49539 | 31
5331547060729 | 44 | 9.49539 | 31
10663094121458 | 45 | 9.49539 | 31
21326188242917 | 46 | 9.49539 | 31
42652376485834 | 47 | 9.49539 | 31
85304752971668 | 48 | 9.49539 | 31
170609505943336 | 49 | 1.63042e-322 | 1
170609505943337 | 49 | 9.49539 | 30
341219011886675 | 50 | 9.49539 | 30
682438023773350 | 51 | 5.98296 | 25
1364876047546700 | 52 | 4.40539 | 18
2729752095093401 | 53 | 4.40539 | 18
5459504190186802 | 54 | 4.40539 | 18
10919008380373604 | 55 | 4.40539 | 18
21838016760747209 | 56 | 4.40539 | 18
43676033521494418 | 57 | 4.40539 | 18
87352067042988837 | 58 | 4.40539 | 18
174704134085977674 | 59 | 4.40539 | 18
349408268171955348 | 60 | 4.40539 | 18
698816536343910696 | 61 | 4.9179 | 1
698816536343910697 | 61 | 3.89413 | 17
1397633072687821394 | 62 | 3.89413 | 17
2795266145375642788 | 63 | 3.89413 | 17
5590532290751285577 | 64 | 3.89413 | 17
-7265679492206980461 | 65 | 3.89413 | 17
3915385089295590694 | 66 | 3.89413 | 17
7830770178591181389 | 67 | 3.89413 | 17
-2785203716527188838 | 68 | 3.89413 | 17
-5570407433054377676 | 69 | 3.89413 | 17
7305929207600796264 | 70 | 3.89413 | 17
-3834885658507959088 | 71 | 3.89413 | 17
-7669771317015918175 | 72 | 3.89413 | 17
3107201439677715266 | 73 | 2.51543 | 5
3107201439677715267 | 73 | 2.98685 | 12
6214402879355430535 | 74 | 2.98685 | 12
-6017938314998690546 | 75 | 8.36751 | 2
-6017938314998690545 | 75 | 6.98605 | 10
1364876047546701 | 52 | 4.6613e-310 | 7
682438023773351 | 51 | 4.6613e-310 | 5
2665773530365 | 43 | 13.3037 | 40
5331547060731 | 44 | 13.3037 | 40
10663094121462 | 45 | 13.3037 | 40
21326188242925 | 46 | 13.3037 | 40
42652376485851 | 47 | 13.3037 | 40
85304752971703 | 48 | 13.3037 | 40
170609505943407 | 49 | 13.3037 | 40
341219011886814 | 50 | 13.3037 | 40
682438023773628 | 51 | 13.3037 | 40
1364876047547256 | 52 | 9.81681 | 21
2729752095094513 | 53 | 9.81681 | 21
5459504190189027 | 54 | 9.81681 | 21
10919008380378054 | 55 | 9.81681 | 21
21838016760756108 | 56 | 9.81681 | 21
43676033521512217 | 57 | 9.81681 | 21
87352067043024434 | 58 | 9.81681 | 21
174704134086048868 | 59 | 9.81681 | 21
349408268172097736 | 60 | 9.81681 | 21
698816536344195472 | 61 | 9.81681 | 21
1397633072688390944 | 62 | 9.81681 | 21
2795266145376781888 | 63 | 9.81681 | 21
5590532290753563776 | 64 | 9.81681 | 21
-7265679492202424063 | 65 | 9.81681 | 21
3915385089304703491 | 66 | 9.81681 | 21
7830770178609406982 | 67 | 9.81681 | 21
-2785203716490737651 | 68 | 9.81681 | 21
-5570407432981475302 | 69 | 9.81681 | 21
7305929207746601012 | 70 | 4.6613e-310 | 1
7305929207746601013 | 70 | 9.81681 | 20
-3834885658216349590 | 71 | 2.37152e-322 | 1
-3834885658216349589 | 71 | 9.81681 | 19
-7669771316432699177 | 72 | 9.81681 | 19
3107201440844153262 | 73 | 9.81681 | 19
6214402881688306524 | 74 | 9.81681 | 19
-6017938310332938567 | 75 | 9.81681 | 19
6410867453043674482 | 76 | 9.81681 | 19
-5625009167622202651 | 77 | 9.81681 | 19
7196725738465146314 | 78 | 4.21836 | 15
-4053292596779258988 | 79 | 4.21836 | 15
-8106585193558517975 | 80 | 4.21836 | 15
2233573686592515667 | 81 | 4.21836 | 15
4467147373185031335 | 82 | 4.21836 | 15
8934294746370062670 | 83 | 4.21836 | 15
-578154580969426276 | 84 | 4.21836 | 15
-1156309161938852552 | 85 | 4.21836 | 15
-2312618323877705104 | 86 | 3.68765 | 14
-4625236647755410208 | 87 | 2.78832 | 12
9196270778198731201 | 88 | 2.78832 | 12
-54202517312089213 | 89 | 2.78832 | 12
-108405034624178426 | 90 | 13.1555 | 4
-108405034624178425 | 90 | 6.95061e-310 | 8
-4625236647755410207 | 87 | 4.6613e-310 | 2
-2312618323877705103 | 86 | 4.6613e-310 | 1
7196725738465146315 | 78 | 4.6613e-310 | 4
1364876047547257 | 52 | 11.3199 | 19
2729752095094514 | 53 | 11.3199 | 19
5459504190189028 | 54 | 11.3199 | 19
10919008380378057 | 55 | 11.3199 | 19
21838016760756114 | 56 | 11.3199 | 19
43676033521512228 | 57 | 7.12948 | 14
87352067043024456 | 58 | 4.6613e-310 | 3
87352067043024457 | 58 | 7.12948 | 11
174704134086048914 | 59 | 7.12948 | 11
349408268172097829 | 60 | 7.12948 | 11
698816536344195658 | 61 | 4.6613e-310 | 8
698816536344195659 | 61 | 4.6613e-310 | 3
43676033521512229 | 57 | 4.6613e-310 | 5
