ID | Depth | diameter | Number of points
0 | 0 | 3.10148 | 2000
0 | 1 | 3.10148 | 2000
0 | 2 | 2.93522 | 1921
0 | 3 | 2.93522 | 1921
1 | 4 | 2.93522 | 1921
2 | 5 | 2.93522 | 1921
5 | 6 | 2.93522 | 1921
10 | 7 | 2.93522 | 1921
20 | 8 | 2.93522 | 1921
41 | 9 | 2.93522 | 1921
83 | 10 | 2.93522 | 1921
166 | 11 | 2.43337 | 34
332 | 12 | 2.43337 | 34
664 | 13 | 0.0199188 | 2
665 | 13 | 2.43337 | 32
1330 | 14 | 0.245801 | 15
2660 | 15 | 0.245801 | 15
5321 | 16 | 0.245801 | 15
10643 | 17 | 0.245801 | 15
21286 | 18 | 0.245801 | 15
42573 | 19 | 0.245801 | 15
85146 | 20 | 0.245801 | 15
170293 | 21 | 0.245801 | 15
340586 | 22 | 0.23078 | 12
681172 | 23 | 1.06431 | 4
681173 | 23 | 1.7532 | 8
340587 | 22 | 1.85813 | 3
1331 | 14 | 1.8773 | 17
2663 | 15 | 1.8773 | 17
5326 | 16 | 0.285208 | 12
10652 | 17 | 0.285208 | 12
21304 | 18 | 0.285208 | 12
42608 | 19 | 0.285208 | 12
85216 | 20 | 0.285208 | 12
170432 | 21 | 1.15563 | 10
170433 | 21 | 4.80515e-263 | 2
5327 | 16 | 0.0138325 | 5
167 | 11 | 2.58713 | 1887
334 | 12 | 2.58713 | 1887
668 | 13 | 2.4306 | 248
1336 | 14 | 2.4306 | 248
2672 | 15 | 0.557255 | 22
5344 | 16 | 0.557255 | 22
10688 | 17 | 0.557255 | 22
21376 | 18 | 0.557255 | 19
42753 | 19 | 0.557255 | 19
85506 | 20 | 0.557255 | 19
171012 | 21 | 0.557255 | 19
342024 | 22 | 0.557255 | 19
684048 | 23 | 0.557255 | 19
1368097 | 24 | 0.557255 | 19
2736194 | 25 | 0.557255 | 19
5472389 | 26 | 0.557255 | 19
10944779 | 27 | 0.557255 | 19
21889558 | 28 | 0.557255 | 19
43779116 | 29 | 0.557255 | 19
87558232 | 30 | 0.557255 | 19
175116464 | 31 | 0.557255 | 19
350232929 | 32 | 0.557255 | 19
700465858 | 33 | 2.61514 | 10
700465859 | 33 | 2.86937 | 9
21377 | 18 | 1.70946 | 3
2673 | 15 | 2.4306 | 226
5346 | 16 | 2.19654 | 121
10692 | 17 | 2.19654 | 121
21384 | 18 | 2.19654 | 121
42769 | 19 | 2.19654 | 121
85539 | 20 | 2.19654 | 121
171078 | 21 | 0.91259 | 23
342157 | 22 | 0.91259 | 23
684315 | 23 | 0.91259 | 23
1368630 | 24 | 0.91259 | 23
2737260 | 25 | 0.91259 | 23
5474521 | 26 | 0.91259 | 23
10949043 | 27 | 0.91259 | 23
21898086 | 28 | 0.91259 | 23
43796172 | 29 | 0.0491357 | 1
43796173 | 29 | 0.374697 | 22
87592346 | 30 | 0.374697 | 22
175184692 | 31 | 0.374697 | 22
350369385 | 32 | 0.374697 | 22
700738770 | 33 | 0.374697 | 22
1401477540 | 34 | 1.74215 | 2
1401477541 | 34 | 0.359476 | 20
2802955082 | 35 | 0.359476 | 20
5605910164 | 36 | 0.359476 | 20
11211820329 | 37 | 0.359476 | 20
22423640659 | 38 | 0.359476 | 20
44847281318 | 39 | 0.891005 | 4
44847281319 | 39 | 0.334958 | 16
89694562639 | 40 | 0.334958 | 16
179389125278 | 41 | 0.291356 | 15
358778250556 | 42 | 1.49893 | 3
358778250557 | 42 | 0.147182 | 12
717556501114 | 43 | 0.147182 | 12
1435113002229 | 44 | 0.147182 | 12
2870226004458 | 45 | 0.147182 | 12
5740452008916 | 46 | 0.147182 | 12
11480904017833 | 47 | 0.147182 | 12
22961808035667 | 48 | 0.147182 | 12
45923616071334 | 49 | 1.46281 | 9
45923616071335 | 49 | 0.655428 | 3
179389125279 | 41 | 1.66879 | 1
171079 | 21 | 2.19654 | 98
342158 | 22 | 2.19654 | 96
684316 | 23 | 2.19654 | 96
1368633 | 24 | 2.19654 | 96
2737266 | 25 | 2.19654 | 96
5474532 | 26 | 0.0124667 | 3
5474533 | 26 | 2.19654 | 93
10949067 | 27 | 2.19654 | 93
21898134 | 28 | 2.19654 | 93
43796268 | 29 | 2.19654 | 93
87592537 | 30 | 2.19654 | 93
175185074 | 31 | 2.19654 | 93
350370149 | 32 | 2.19654 | 93
700740298 | 33 | 2.06221 | 37
1401480597 | 34 | 2.06221 | 37
2802961194 | 35 | 1.15464 | 27
5605922388 | 36 | 1.15464 | 27
11211844777 | 37 | 1.15464 | 27
22423689554 | 38 | 0.0105525 | 2
22423689555 | 38 | 1.03247 | 25
44847379111 | 39 | 1.03247 | 25
89694758222 | 40 | 1.03247 | 25
179389516444 | 41 | 1.03247 | 25
358779032888 | 42 | 1.03247 | 25
717558065776 | 43 | 0.00911459 | 4
717558065777 | 43 | 0.949068 | 21
1435116131554 | 44 | 1.52124 | 3
1435116131555 | 44 | 0.885487 | 18
2870232263111 | 45 | 0.885487 | 18
5740464526222 | 46 | 1.24637 | 2
5740464526223 | 46 | 0.432866 | 16
11480929052446 | 47 | 0.432866 | 16
22961858104892 | 48 | 0.432866 | 16
45923716209785 | 49 | 0.432866 | 16
91847432419570 | 50 | 0.432866 | 16
183694864839140 | 51 | 0.432866 | 16
367389729678281 | 52 | 0.432866 | 16
734779459356562 | 53 | 1.42501 | 1
734779459356563 | 53 | 0.432866 | 15
1469558918713126 | 54 | 0.359232 | 14
2939117837426253 | 55 | 0.359232 | 14
5878235674852507 | 56 | 0.359232 | 14
11756471349705015 | 57 | 0.359232 | 14
23512942699410031 | 58 | 0.359232 | 14
47025885398820062 | 59 | 0.359232 | 14
94051770797640125 | 60 | 0.359232 | 14
188103541595280250 | 61 | 1.4404 | 10
188103541595280251 | 61 | 1.06868 | 4
1469558918713127 | 54 | 1.31735 | 1
2802961195 | 35 | 2.86334 | 10
700740299 | 33 | 1.55259 | 56
1401480599 | 34 | 1.55259 | 56
2802961198 | 35 | 1.55259 | 56
5605922396 | 36 | 1.52781 | 23
11211844793 | 37 | 1.52781 | 23
22423689587 | 38 | 1.52781 | 23
44847379175 | 39 | 1.52781 | 23
89694758351 | 40 | 1.52781 | 23
179389516703 | 41 | 1.52781 | 23
358779033407 | 42 | 1.52781 | 23
717558066815 | 43 | 1.52781 | 23
1435116133631 | 44 | 1.52781 | 23
2870232267262 | 45 | 1.52781 | 11
5740464534525 | 46 | 1.52781 | 11
11480929069050 | 47 | 1.52781 | 11
22961858138100 | 48 | 1.52781 | 11
45923716276201 | 49 | 1.52781 | 11
91847432552402 | 50 | 1.52781 | 11
183694865104804 | 51 | 1.52781 | 11
367389730209608 | 52 | 1.33075 | 9
367389730209609 | 52 | 1.19037 | 2
2870232267263 | 45 | 1.3249 | 12
5740464534527 | 46 | 1.3249 | 12
11480929069055 | 47 | 1.3249 | 12
22961858138111 | 48 | 1.3249 | 12
45923716276222 | 49 | 1.3249 | 12
91847432552445 | 50 | 1.3249 | 12
183694865104890 | 51 | 1.3249 | 12
367389730209780 | 52 | 1.3249 | 12
734779460419560 | 53 | 1.3249 | 12
1469558920839121 | 54 | 1.3249 | 12
2939117841678242 | 55 | 1.3249 | 12
5878235683356485 | 56 | 1.3249 | 12
11756471366712971 | 57 | 1.3249 | 12
23512942733425942 | 58 | 1.3249 | 12
47025885466851884 | 59 | 1.3249 | 12
94051770933703769 | 60 | 1.3249 | 12
188103541867407538 | 61 | 1.3249 | 12
376207083734815076 | 62 | 1.3249 | 12
752414167469630153 | 63 | 1.3249 | 12
1504828334939260306 | 64 | 1.3249 | 12
3009656669878520613 | 65 | 1.3249 | 12
6019313339757041227 | 66 | 1.3249 | 12
-6408117394195469162 | 67 | 1.3249 | 12
5630509285318613292 | 68 | 1.75218e-251 | 1
5630509285318613293 | 68 | 0.171322 | 11
-7185725503072325030 | 69 | 0.171322 | 11
4075293067564901557 | 70 | 0.171322 | 11
8150586135129803114 | 71 | 0.171322 | 11
-2145571803449945387 | 72 | 0.171322 | 11
-4291143606899890773 | 73 | 0.171322 | 11
-8582287213799781546 | 74 | 1.38523 | 6
-8582287213799781545 | 74 | 0.305097 | 5
5605922397 | 36 | 1.35937 | 33
11211844794 | 37 | 1.35937 | 33
22423689589 | 38 | 1.35937 | 33
44847379178 | 39 | 0.506415 | 1
44847379179 | 39 | 1.12829 | 32
89694758358 | 40 | 1.12829 | 32
179389516716 | 41 | 1.12829 | 32
358779033433 | 42 | 1.12829 | 32
717558066866 | 43 | 1.12829 | 32
1435116133733 | 44 | 1.12829 | 32
2870232267467 | 45 | 1.12829 | 32
5740464534934 | 46 | 1.02019 | 30
11480929069868 | 47 | 1.02019 | 30
22961858139737 | 48 | 1.02019 | 30
45923716279474 | 49 | 1.02019 | 30
91847432558948 | 50 | 1.02019 | 30
183694865117897 | 51 | 1.02019 | 30
367389730235794 | 52 | 1.02019 | 30
734779460471589 | 53 | 1.02019 | 30
1469558920943179 | 54 | 1.02019 | 30
2939117841886359 | 55 | 1.02019 | 30
5878235683772718 | 56 | 0.268768 | 7
5878235683772719 | 56 | 0.983638 | 23
11756471367545438 | 57 | 0.292133 | 6
11756471367545439 | 57 | 0.938732 | 17
23512942735090878 | 58 | 0.938732 | 17
47025885470181757 | 59 | 0.938732 | 17
94051770940363515 | 60 | 0.938732 | 17
188103541880727030 | 61 | 0.938732 | 17
376207083761454061 | 62 | 0.938732 | 17
752414167522908123 | 63 | 0.938732 | 17
1504828335045816247 | 64 | 0.938732 | 17
3009656670091632494 | 65 | 0.938732 | 17
6019313340183264988 | 66 | 0.938732 | 17
-6408117393343021640 | 67 | 0.938732 | 17
5630509287023508336 | 68 | 1.8143 | 1
5630509287023508337 | 68 | 0.938732 | 16
-7185725499662534942 | 69 | 0.938732 | 16
4075293074384481732 | 70 | 0.938732 | 16
8150586148768963464 | 71 | 0.938732 | 16
-2145571776171624688 | 72 | 0.938732 | 16
-4291143552343249375 | 73 | 0.938732 | 16
-8582287104686498750 | 74 | 0.938732 | 16
1282169864336554116 | 75 | 2.42389 | 5
1282169864336554117 | 75 | 0.938732 | 11
2564339728673108234 | 76 | 1.33622 | 6
2564339728673108235 | 76 | 1.79343 | 5
5740464534935 | 46 | 1.7587 | 2
342159 | 22 | 0.034447 | 2
5347 | 16 | 1.9617 | 105
10695 | 17 | 1.9617 | 105
21390 | 18 | 1.9617 | 105
42780 | 19 | 1.74642 | 103
85560 | 20 | 1.74642 | 103
171120 | 21 | 1.74642 | 103
342240 | 22 | 1.53809 | 102
684480 | 23 | 1.53809 | 102
1368960 | 24 | 1.14467 | 61
2737921 | 25 | 1.14467 | 61
5475842 | 26 | 1.14467 | 61
10951685 | 27 | 1.14467 | 61
21903371 | 28 | 1.14467 | 61
43806743 | 29 | 1.14467 | 61
87613486 | 30 | 1.14467 | 61
175226973 | 31 | 1.14467 | 61
350453946 | 32 | 1.14467 | 61
700907893 | 33 | 1.14467 | 61
1401815786 | 34 | 1.14467 | 61
2803631573 | 35 | 1.14467 | 61
5607263147 | 36 | 1.14467 | 61
11214526295 | 37 | 1.14467 | 61
22429052590 | 38 | 1.14467 | 61
44858105181 | 39 | 1.14467 | 61
89716210362 | 40 | 1.08554 | 44
179432420724 | 41 | 1.08554 | 44
358864841448 | 42 | 1.08554 | 44
717729682897 | 43 | 1.08554 | 44
1435459365794 | 44 | 1.08554 | 44
2870918731588 | 45 | 1.08554 | 44
5741837463177 | 46 | 1.08554 | 44
11483674926355 | 47 | 1.08554 | 44
22967349852710 | 48 | 1.08554 | 44
45934699705421 | 49 | 1.08554 | 44
91869399410842 | 50 | 0.745979 | 40
183738798821684 | 51 | 0.745979 | 40
367477597643368 | 52 | 0.745979 | 40
734955195286736 | 53 | 0.745979 | 40
1469910390573473 | 54 | 0.745979 | 40
2939820781146946 | 55 | 0.745979 | 40
5879641562293892 | 56 | 3.71123 | 3
5879641562293893 | 56 | 0.745979 | 37
11759283124587786 | 57 | 0.745979 | 37
23518566249175573 | 58 | 0.745979 | 37
47037132498351146 | 59 | 0.745979 | 37
94074264996702293 | 60 | 0.745979 | 37
188148529993404586 | 61 | 0.745979 | 34
376297059986809173 | 62 | 0.745979 | 34
752594119973618346 | 63 | 0.745979 | 34
1505188239947236693 | 64 | 0.745979 | 34
3010376479894473386 | 65 | 0.745979 | 34
6020752959788946772 | 66 | 0.745979 | 34
-6405238154131658072 | 67 | 0.745979 | 34
5636267765446235473 | 68 | 0.745979 | 34
-7174208542817080670 | 69 | 0.199607 | 2
-7174208542817080669 | 69 | 0.745979 | 32
4098326988075390278 | 70 | 0.745979 | 32
8196653976150780556 | 71 | 0.745979 | 32
-2053436121407990504 | 72 | 0.745979 | 32
-4106872242815981008 | 73 | 1.1459 | 4
-4106872242815981007 | 73 | 0.745979 | 28
-8213744485631962013 | 74 | 0.745979 | 28
2019255102445627590 | 75 | 0.745979 | 28
4038510204891255180 | 76 | 0.395335 | 17
8077020409782510360 | 77 | 0.176613 | 1
8077020409782510361 | 77 | 0.395335 | 16
-2292703254144530894 | 78 | 1.47861 | 10
-2292703254144530893 | 78 | 1.48654 | 6
4038510204891255181 | 76 | 0.305328 | 11
8077020409782510363 | 77 | 0.305328 | 11
-2292703254144530889 | 78 | 0.305328 | 11
-4585406508289061777 | 79 | 0.305328 | 11
-9170813016578123553 | 80 | 0.305328 | 11
105118040553304511 | 81 | 0.305328 | 11
210236081106609023 | 82 | 0.305328 | 11
420472162213218047 | 83 | 0.305328 | 11
840944324426436095 | 84 | 0.305328 | 11
1681888648852872191 | 85 | 0.305328 | 11
3363777297705744383 | 86 | 0.305328 | 11
6727554595411488767 | 87 | 0.305328 | 11
-4991634882886574081 | 88 | 0.305328 | 11
8463474307936403454 | 89 | 1.10962 | 3
8463474307936403455 | 89 | 1.41514 | 8
188148529993404587 | 61 | 0.16119 | 3
91869399410843 | 50 | 0.164489 | 4
89716210363 | 40 | 0.39452 | 17
179432420726 | 41 | 0.995967 | 6
179432420727 | 41 | 0.344627 | 11
358864841454 | 42 | 1.22115 | 5
358864841455 | 42 | 1.05293 | 6
1368961 | 24 | 1.34415 | 41
2737922 | 25 | 0.188727 | 1
2737923 | 25 | 0.864251 | 40
5475847 | 26 | 0.864251 | 40
10951695 | 27 | 0.864251 | 40
21903390 | 28 | 0.864251 | 40
43806780 | 29 | 0.562002 | 37
87613560 | 30 | 0.562002 | 37
175227120 | 31 | 0.221365 | 19
350454241 | 32 | 0.221365 | 19
700908482 | 33 | 0.221365 | 19
1401816964 | 34 | 0.221365 | 19
2803633928 | 35 | 0.221365 | 19
5607267856 | 36 | 0.221365 | 19
11214535713 | 37 | 0.221365 | 19
22429071426 | 38 | 0.221365 | 19
44858142852 | 39 | 0.177784 | 18
89716285704 | 40 | 1.20935 | 9
89716285705 | 40 | 0 | 9
44858142853 | 39 | 0.181132 | 1
175227121 | 31 | 0.213195 | 18
350454242 | 32 | 0.206323 | 17
700908484 | 33 | 0.184503 | 14
1401816968 | 34 | 0.184503 | 14
2803633936 | 35 | 0.184503 | 14
5607267872 | 36 | 0.184503 | 14
11214535744 | 37 | 1.05373 | 8
11214535745 | 37 | 0.211263 | 6
700908485 | 33 | 1.31421 | 3
350454243 | 32 | 0.450205 | 1
43806781 | 29 | 1.17763 | 3
342241 | 22 | 1.20471 | 1
42781 | 19 | 1.04903 | 2
669 | 13 | 2.52169 | 1639
1338 | 14 | 2.52169 | 1639
2677 | 15 | 2.52169 | 1639
5354 | 16 | 2.52169 | 1639
10708 | 17 | 2.52169 | 1639
21416 | 18 | 2.52169 | 1639
42833 | 19 | 2.52169 | 1639
85666 | 20 | 1.4724 | 33
171332 | 21 | 1.01076 | 3
171333 | 21 | 1.4724 | 30
342666 | 22 | 1.4724 | 30
685333 | 23 | 1.4724 | 30
1370666 | 24 | 1.4724 | 30
2741333 | 25 | 1.4724 | 30
5482666 | 26 | 1.4724 | 30
10965332 | 27 | 0.899744 | 9
10965333 | 27 | 1.4724 | 21
21930666 | 28 | 1.4724 | 21
43861333 | 29 | 1.4724 | 21
87722667 | 30 | 1.4724 | 21
175445334 | 31 | 1.4724 | 21
350890668 | 32 | 1.59218 | 9
350890669 | 32 | 0.557257 | 12
701781338 | 33 | 0.557257 | 12
1403562676 | 34 | 0.557257 | 12
2807125353 | 35 | 0.557257 | 12
5614250706 | 36 | 0.557257 | 12
11228501413 | 37 | 0.557257 | 12
22457002826 | 38 | 1.18409 | 2
22457002827 | 38 | 1.154 | 10
85667 | 20 | 2.52169 | 1606
171335 | 21 | 2.52169 | 1606
342670 | 22 | 2.52169 | 1606
685340 | 23 | 2.52169 | 1606
1370680 | 24 | 1.89824 | 1540
2741361 | 25 | 1.89824 | 1540
5482723 | 26 | 1.89824 | 1540
10965446 | 27 | 1.89824 | 1539
21930893 | 28 | 1.89824 | 1539
43861786 | 29 | 1.89824 | 1539
87723572 | 30 | 1.89824 | 1539
175447145 | 31 | 1.89824 | 1539
350894291 | 32 | 1.89824 | 1539
701788582 | 33 | 1.89824 | 1539
1403577165 | 34 | 1.89824 | 1539
2807154331 | 35 | 1.89824 | 1539
5614308662 | 36 | 1.89824 | 1506
11228617324 | 37 | 1.89824 | 1506
22457234648 | 38 | 1.89824 | 1506
44914469296 | 39 | 1.02797 | 4
44914469297 | 39 | 1.89553 | 1502
89828938595 | 40 | 1.89553 | 1502
179657877190 | 41 | 1.89553 | 1502
359315754381 | 42 | 1.89553 | 1502
718631508762 | 43 | 1.89553 | 1502
1437263017524 | 44 | 1.89553 | 1502
2874526035048 | 45 | 1.89553 | 1502
5749052070097 | 46 | 1.89553 | 1502
11498104140194 | 47 | 1.89553 | 1502
22996208280389 | 48 | 1.89553 | 1502
45992416560778 | 49 | 1.89553 | 1502
91984833121556 | 50 | 1.89553 | 29
183969666243112 | 51 | 1.89553 | 29
367939332486224 | 52 | 1.89553 | 28
735878664972448 | 53 | 1.89553 | 28
1471757329944896 | 54 | 1.89553 | 28
2943514659889792 | 55 | 1.89553 | 28
5887029319779584 | 56 | 1.87856 | 21
11774058639559168 | 57 | 1.87856 | 21
23548117279118336 | 58 | 1.87856 | 21
47096234558236672 | 59 | 1.72214 | 13
94192469116473344 | 60 | 1.72214 | 13
188384938232946688 | 61 | 1.72214 | 13
376769876465893377 | 62 | 1.72214 | 13
753539752931786755 | 63 | 1.72214 | 13
1507079505863573510 | 64 | 0.911674 | 1
1507079505863573511 | 64 | 1.246 | 12
3014159011727147022 | 65 | 0.123175 | 1
3014159011727147023 | 65 | 0.385962 | 11
6028318023454294046 | 66 | 0.385962 | 11
-6390108026800963524 | 67 | 1.50693 | 7
-6390108026800963523 | 67 | 0.156925 | 4
47096234558236673 | 59 | 0.43131 | 8
5887029319779585 | 56 | 0.549666 | 7
367939332486225 | 52 | 1.83088 | 1
91984833121557 | 50 | 1.69778 | 1473
183969666243115 | 51 | 1.69778 | 1473
367939332486231 | 52 | 1.69778 | 1473
735878664972463 | 53 | 1.69778 | 1473
1471757329944927 | 54 | 1.69778 | 1473
2943514659889855 | 55 | 1.69778 | 1473
5887029319779710 | 56 | 1.69778 | 62
11774058639559420 | 57 | 1.69778 | 62
23548117279118840 | 58 | 1.69778 | 62
47096234558237681 | 59 | 1.69778 | 62
94192469116475362 | 60 | 0.432872 | 5
94192469116475363 | 60 | 1.69778 | 57
188384938232950726 | 61 | 1.01997 | 1
188384938232950727 | 61 | 1.51304 | 56
376769876465901454 | 62 | 1.51304 | 55
753539752931802908 | 63 | 1.51304 | 55
1507079505863605816 | 64 | 1.51304 | 55
3014159011727211632 | 65 | 1.51304 | 55
6028318023454423264 | 66 | 1.51304 | 38
-6390108026800705087 | 67 | 1.51304 | 38
5666528020108141443 | 68 | 1.51304 | 38
-7113688033493268729 | 69 | 1.51304 | 38
4219368006723014159 | 70 | 1.51304 | 38
8438736013446028319 | 71 | 1.51304 | 38
-1569272046817494978 | 72 | 1.51304 | 38
-3138544093634989956 | 73 | 1.51304 | 38
-6277088187269979912 | 74 | 1.51304 | 38
5892567699169591792 | 75 | 0.936024 | 1
5892567699169591793 | 75 | 1.36274 | 37
-6661608675370368030 | 76 | 1.36274 | 37
5123526722968815556 | 77 | 1.04342 | 29
-8199690627771920504 | 78 | 0.790036 | 20
2047362818165710608 | 79 | 0.790036 | 20
4094725636331421217 | 80 | 0.790036 | 20
8189451272662842434 | 81 | 0.790036 | 19
-2067841528383866747 | 82 | 0.790036 | 19
-4135683056767733494 | 83 | 0.790036 | 19
-8271366113535466988 | 84 | 0.715632 | 16
1904011846638617640 | 85 | 0.715632 | 16
3808023693277235281 | 86 | 0.715632 | 16
7616047386554470562 | 87 | 1.05256 | 1
7616047386554470563 | 87 | 0.508227 | 15
-3214649300600610489 | 88 | 0.508227 | 15
-6429298601201220977 | 89 | 0.508227 | 15
5588146871307109662 | 90 | 1.03874 | 7
5588146871307109663 | 90 | 0.602124 | 8
-8271366113535466987 | 84 | 0.465966 | 3
8189451272662842435 | 81 | 2.49634e-248 | 1
-8199690627771920503 | 78 | 0.435693 | 9
5123526722968815557 | 77 | 1.15189 | 8
6028318023454423265 | 66 | 0.30523 | 17
-6390108026800705086 | 67 | 0.30523 | 17
5666528020108141445 | 68 | 0.30523 | 17
-7113688033493268725 | 69 | 0.30523 | 17
4219368006723014166 | 70 | 0.30523 | 17
8438736013446028332 | 71 | 0.30523 | 17
-1569272046817494952 | 72 | 0.30523 | 17
-3138544093634989904 | 73 | 0.30523 | 17
-6277088187269979808 | 74 | 0.30523 | 17
5892567699169592001 | 75 | 0.30523 | 17
-6661608675370367613 | 76 | 0.30523 | 17
5123526722968816391 | 77 | 0.30523 | 17
-8199690627771918834 | 78 | 0.30523 | 17
2047362818165713948 | 79 | 0.30523 | 17
4094725636331427897 | 80 | 0.30523 | 17
8189451272662855795 | 81 | 0.30523 | 17
-2067841528383840025 | 82 | 0.30523 | 17
-4135683056767680050 | 83 | 0.30523 | 12
-8271366113535360100 | 84 | 0.30523 | 12
1904011846638831416 | 85 | 1.26378 | 3
1904011846638831417 | 85 | 1.16208 | 9
-4135683056767680049 | 83 | 1.44069 | 5
376769876465901455 | 62 | 0.00175324 | 1
5887029319779711 | 56 | 1.45689 | 1411
11774058639559423 | 57 | 1.45689 | 1411
23548117279118846 | 58 | 1.45689 | 1405
47096234558237692 | 59 | 1.12773 | 1
47096234558237693 | 59 | 1.45689 | 1404
94192469116475386 | 60 | 1.45689 | 1404
188384938232950773 | 61 | 1.45689 | 1404
376769876465901546 | 62 | 1.45689 | 1404
753539752931803092 | 63 | 1.45689 | 1404
1507079505863606185 | 64 | 1.45689 | 1404
3014159011727212370 | 65 | 1.45689 | 1404
6028318023454424740 | 66 | 1.45689 | 1402
-6390108026800702135 | 67 | 1.45689 | 1402
5666528020108147347 | 68 | 1.45689 | 1402
-7113688033493256922 | 69 | 1.45689 | 1402
4219368006723037772 | 70 | 1.45689 | 1396
8438736013446075544 | 71 | 1.45689 | 1370
-1569272046817400527 | 72 | 1.45689 | 1370
-3138544093634801054 | 73 | 1.45689 | 1370
-6277088187269602107 | 74 | 1.45689 | 1370
5892567699170347402 | 75 | 1.45689 | 1370
-6661608675368856811 | 76 | 1.45689 | 1370
5123526722971837994 | 77 | 0.178652 | 225
-8199690627765875627 | 78 | 0.178652 | 225
2047362818177800363 | 79 | 0.178652 | 225
4094725636355600726 | 80 | 0.178652 | 225
8189451272711201452 | 81 | 0.178652 | 225
-2067841528287148712 | 82 | 4.37402e-246 | 5
-2067841528287148711 | 82 | 0.170693 | 220
-4135683056574297422 | 83 | 0.170693 | 220
-8271366113148594844 | 84 | 0.170693 | 220
1904011847412361928 | 85 | 0.170693 | 220
3808023694824723856 | 86 | 0.170693 | 220
7616047389649447713 | 87 | 0.170693 | 220
-3214649294410656189 | 88 | 0.170693 | 220
-6429298588821312378 | 89 | 0.170693 | 220
5588146896066926860 | 90 | 0.170693 | 220
-7270450281575697896 | 91 | 0.170693 | 188
3905843510558155824 | 92 | 0.00453532 | 9
3905843510558155825 | 92 | 0.1486 | 179
7811687021116311651 | 93 | 0.1486 | 179
-2823370031476928313 | 94 | 0.1486 | 179
-5646740062953856626 | 95 | 0.1486 | 179
7153263947801838365 | 96 | 0.1486 | 179
-4140216178105874885 | 97 | 0.1486 | 179
-8280432356211749770 | 98 | 0.1486 | 145
1885879361286052077 | 99 | 0.1486 | 145
3771758722572104154 | 100 | 0.1486 | 143
7543517445144208308 | 101 | 0.1486 | 143
-3359709183421135000 | 102 | 0.1486 | 143
-6719418366842269999 | 103 | 0.1486 | 143
5007907340025011618 | 104 | 0.1486 | 143
-8430929393659528380 | 105 | 0.1486 | 143
1584885286390494857 | 106 | 0.1486 | 143
3169770572780989715 | 107 | 0.1486 | 143
6339541145561979430 | 108 | 0.1486 | 143
-5767661782585592756 | 109 | 0.1486 | 143
6911420508538366105 | 110 | 0.1486 | 143
-4623903056632819405 | 111 | 0.1486 | 143
9198937960443912806 | 112 | 0.1486 | 143
-48868152821726004 | 113 | 0.134098 | 55
-97736305643452008 | 114 | 0.126616 | 34
-195472611286904016 | 115 | 0.126616 | 34
-390945222573808031 | 116 | 0.126616 | 34
-781890445147616061 | 117 | 0.126616 | 34
-1563780890295232121 | 118 | 0.126616 | 34
-3127561780590464242 | 119 | 0.126616 | 34
-6255123561180928484 | 120 | 0.126616 | 34
5936496951347694648 | 121 | 0.126616 | 34
-6573750171014162319 | 122 | 0.126616 | 34
5299243731681226978 | 123 | 0.0592619 | 32
-7848256610347097659 | 124 | 0.0592619 | 32
2750230853015356298 | 125 | 0.0592619 | 32
5500461706030712596 | 126 | 0.0537967 | 21
-7445820661648126424 | 127 | 1.25681 | 1
-7445820661648126423 | 127 | 0.0537967 | 20
3555102750413298770 | 128 | 0.0537967 | 20
7110205500826597540 | 129 | 0.0528258 | 17
-4226333072056356536 | 130 | 0.0528258 | 17
-8452666144112713072 | 131 | 0.0528258 | 17
1541411785484125473 | 132 | 0.0528258 | 17
3082823570968250946 | 133 | 0.0528258 | 17
6165647141936501892 | 134 | 0.0528258 | 17
-6115449789836547832 | 135 | 0.0528258 | 17
6215844494036455953 | 136 | 0.0528258 | 17
-6015055085636639709 | 137 | 0.0528258 | 17
6416633902436272199 | 138 | 0.0528258 | 17
-5613476268837007217 | 139 | 0.0528258 | 17
7219791536035537183 | 140 | 0.0528258 | 17
-4007161001638477250 | 141 | 0.0528258 | 17
-8014322003276954499 | 142 | 0.0528258 | 17
2418100067155642618 | 143 | 0.0528258 | 17
4836200134311285236 | 144 | 0.0528258 | 17
-8774343805086981144 | 145 | 0.0528258 | 17
898056463535589329 | 146 | 0.0528258 | 17
1796112927071178659 | 147 | 0.0528258 | 17
3592225854142357318 | 148 | 0.0528258 | 17
7184451708284714636 | 149 | 0.0486603 | 16
-4077840657140122343 | 150 | 0.0486603 | 16
-8155681314280244686 | 151 | 1.16459 | 1
-8155681314280244685 | 151 | 0.0366445 | 15
2135381445149062247 | 152 | 0.0366445 | 15
4270762890298124494 | 153 | 0.0366445 | 15
8541525780596248989 | 154 | 0.0366445 | 15
-1363692512517053638 | 155 | 0.044829 | 3
-1363692512517053637 | 155 | 0.029068 | 12
-2727385025034107273 | 156 | 0.029068 | 12
-5454770050068214545 | 157 | 0.029068 | 12
7537203973573122526 | 158 | 0.896074 | 4
7537203973573122527 | 158 | 0.277648 | 8
7184451708284714637 | 149 | 2.16874e-260 | 1
7110205500826597541 | 129 | 0.44032 | 3
5500461706030712597 | 126 | 0.0537658 | 11
-7445820661648126422 | 127 | 0.16331 | 7
-7445820661648126421 | 127 | 0.245765 | 4
5299243731681226979 | 123 | 0.976178 | 2
-97736305643452007 | 114 | 0.125398 | 21
-195472611286904014 | 115 | 0.052459 | 15
-390945222573808027 | 116 | 0.052459 | 15
-781890445147616054 | 117 | 0.86798 | 1
-781890445147616053 | 117 | 0.0505165 | 14
-1563780890295232106 | 118 | 0.0022663 | 3
-1563780890295232105 | 118 | 0.0475816 | 11
-3127561780590464209 | 119 | 0.0475816 | 11
-6255123561180928417 | 120 | 0.0475816 | 11
5936496951347694782 | 121 | 0.0475816 | 11
-6573750171014162051 | 122 | 0.0475816 | 11
5299243731681227515 | 123 | 0.0475816 | 11
-7848256610347096586 | 124 | 0.0475816 | 11
2750230853015358444 | 125 | 0.0475816 | 11
5500461706030716888 | 126 | 0.0475816 | 11
-7445820661648117839 | 127 | 0.0475816 | 11
3555102750413315939 | 128 | 0.0475816 | 11
7110205500826631879 | 129 | 0.0475816 | 11
-4226333072056287858 | 130 | 1.17835 | 8
-4226333072056287857 | 130 | 1.65804 | 3
-195472611286904013 | 115 | 1.20701 | 6
-48868152821726003 | 113 | 0.146642 | 88
-97736305643452006 | 114 | 0.146642 | 88
-195472611286904012 | 115 | 0.146642 | 88
-390945222573808023 | 116 | 0.146642 | 88
-781890445147616045 | 117 | 0.146642 | 88
-1563780890295232090 | 118 | 0.146642 | 88
-3127561780590464180 | 119 | 0.146642 | 86
-6255123561180928360 | 120 | 0.146642 | 86
5936496951347694896 | 121 | 0.146642 | 86
-6573750171014161824 | 122 | 0.146642 | 86
5299243731681227969 | 123 | 0.146642 | 86
-7848256610347095678 | 124 | 0.146642 | 86
2750230853015360261 | 125 | 0.146642 | 86
5500461706030720522 | 126 | 0.0912498 | 71
-7445820661648110572 | 127 | 0.0851015 | 39
3555102750413330472 | 128 | 0.0807473 | 25
7110205500826660944 | 129 | 0.0807473 | 25
-4226333072056229728 | 130 | 0.0807473 | 25
-8452666144112459455 | 131 | 0.0807473 | 25
1541411785484632706 | 132 | 0.0205677 | 18
3082823570969265412 | 133 | 0.206841 | 4
3082823570969265413 | 133 | 0.0205677 | 14
6165647141938530826 | 134 | 0.0205677 | 14
-6115449789832489964 | 135 | 0.0205677 | 14
6215844494044571689 | 136 | 0.0205677 | 14
-6015055085620408237 | 137 | 0.0205677 | 14
6416633902468735142 | 138 | 0.0205677 | 14
-5613476268772081332 | 139 | 0.0205677 | 14
7219791536165388952 | 140 | 0.00956795 | 12
-4007161001378773711 | 141 | 0.00956795 | 12
-8014322002757547422 | 142 | 0.920343 | 2
-8014322002757547421 | 142 | 0.00347222 | 10
7219791536165388953 | 140 | 0.00245746 | 2
1541411785484632707 | 132 | 0.45352 | 7
3555102750413330473 | 128 | 0.0657178 | 14
7110205500826660947 | 129 | 0.0657178 | 14
-4226333072056229722 | 130 | 0.0657178 | 14
-8452666144112459443 | 131 | 0.0657178 | 14
1541411785484632730 | 132 | 0.0657178 | 14
3082823570969265460 | 133 | 0.0657178 | 14
6165647141938530921 | 134 | 0.0657178 | 14
-6115449789832489774 | 135 | 0.0657178 | 14
6215844494044572068 | 136 | 0.0657178 | 14
-6015055085620407480 | 137 | 0.0657178 | 14
6416633902468736657 | 138 | 0.0657178 | 14
-5613476268772078301 | 139 | 0.0657178 | 14
7219791536165395015 | 140 | 0.0657178 | 14
-4007161001378761585 | 141 | 0.0657178 | 14
-8014322002757523169 | 142 | 0.0657178 | 14
2418100068194505279 | 143 | 0.0657178 | 14
4836200136389010558 | 144 | 0.0657178 | 14
-8774343800931530499 | 145 | 0.0657178 | 14
898056471846490619 | 146 | 0.0657178 | 14
1796112943692981239 | 147 | 0.0657178 | 14
3592225887385962479 | 148 | 0.0657178 | 14
7184451774771924958 | 149 | 0.0657178 | 14
-4077840524165701700 | 150 | 0.0657178 | 14
-8155681048331403400 | 151 | 0.0244871 | 13
2135381977046744817 | 152 | 0.0244871 | 13
4270763954093489635 | 153 | 0.0244871 | 13
8541527908186979271 | 154 | 0.0244871 | 13
-1363688257335593073 | 155 | 0.0244871 | 13
-2727376514671186146 | 156 | 0.0244871 | 13
-5454753029342372291 | 157 | 0.0244871 | 13
7537238015024807035 | 158 | 0.0244871 | 13
-3372268043659937546 | 159 | 0.00728847 | 11
-6744536087319875092 | 160 | 0.00728847 | 11
4957671899069801432 | 161 | 0.00728847 | 11
-8531400275569948752 | 162 | 0.932304 | 2
-8531400275569948751 | 162 | 1.08355 | 9
-3372268043659937545 | 159 | 0.321631 | 2
-8155681048331403399 | 151 | 2.56503e-312 | 1
-7445820661648110571 | 127 | 0.0738427 | 32
3555102750413330474 | 128 | 0.0738427 | 32
7110205500826660948 | 129 | 0.0738427 | 32
-4226333072056229719 | 130 | 0.0738427 | 32
-8452666144112459438 | 131 | 0.0626149 | 31
1541411785484632741 | 132 | 0.0626149 | 31
3082823570969265482 | 133 | 0.0626149 | 31
6165647141938530964 | 134 | 0.957048 | 4
6165647141938530965 | 134 | 0.0324092 | 27
-6115449789832489685 | 135 | 0.0324092 | 27
6215844494044572246 | 136 | 0.0324092 | 17
-6015055085620407123 | 137 | 0.0324092 | 17
6416633902468737371 | 138 | 0.0324092 | 17
-5613476268772076874 | 139 | 0.0324092 | 17
7219791536165397868 | 140 | 0.0324092 | 17
-4007161001378755879 | 141 | 0.0324092 | 17
-8014322002757511758 | 142 | 0.0324092 | 17
2418100068194528101 | 143 | 0.0324092 | 17
4836200136389056202 | 144 | 0.0324092 | 17
-8774343800931439212 | 145 | 0.0324092 | 17
898056471846673192 | 146 | 0.0324092 | 17
1796112943693346384 | 147 | 1.20407 | 9
1796112943693346385 | 147 | 0.6796 | 8
6215844494044572247 | 136 | 3.02381 | 10
-8452666144112459437 | 131 | 3.1107 | 1
5500461706030720523 | 126 | 0.137794 | 15
-7445820661648110570 | 127 | 0.137794 | 15
3555102750413330476 | 128 | 0.137794 | 15
7110205500826660952 | 129 | 0.134508 | 14
-4226333072056229711 | 130 | 0.134508 | 14
-8452666144112459422 | 131 | 0.134508 | 14
1541411785484632772 | 132 | 0.0863116 | 13
3082823570969265544 | 133 | 0.0863116 | 13
6165647141938531088 | 134 | 1.35757 | 1
6165647141938531089 | 134 | 0.0722707 | 12
-6115449789832489437 | 135 | 0.0722707 | 12
6215844494044572742 | 136 | 0.424797 | 1
6215844494044572743 | 136 | 0.0722707 | 11
-6015055085620406129 | 137 | 0.0722707 | 11
6416633902468739358 | 138 | 1.61621 | 8
6416633902468739359 | 138 | 1.61857 | 3
1541411785484632773 | 132 | 1.09834 | 1
7110205500826660953 | 129 | 1.04265 | 1
-3127561780590464179 | 119 | 1.3953 | 2
3771758722572104155 | 100 | 1.13731 | 2
-8280432356211749769 | 98 | 0.0708397 | 34
1885879361286052078 | 99 | 0.0708397 | 34
3771758722572104156 | 100 | 0.0708397 | 34
7543517445144208313 | 101 | 0.0708397 | 34
-3359709183421134989 | 102 | 0.0708397 | 34
-6719418366842269978 | 103 | 0.0282547 | 33
5007907340025011661 | 104 | 0.0282547 | 33
-8430929393659528293 | 105 | 0.0282547 | 33
1584885286390495031 | 106 | 0.0282547 | 33
3169770572780990063 | 107 | 0.0282547 | 33
6339541145561980126 | 108 | 0.0282547 | 33
-5767661782585591364 | 109 | 0.0282547 | 33
6911420508538368888 | 110 | 0.0127777 | 22
-4623903056632813839 | 111 | 0.0127777 | 22
9198937960443923939 | 112 | 0.0127777 | 22
-48868152821703737 | 113 | 0.0127777 | 22
-97736305643407473 | 114 | 0.0127777 | 22
-195472611286814946 | 115 | 0.0127777 | 22
-390945222573629891 | 116 | 0.0127777 | 22
-781890445147259781 | 117 | 0.0127777 | 22
-1563780890294519561 | 118 | 0.0127777 | 22
-3127561780589039121 | 119 | 0.0127777 | 22
-6255123561178078241 | 120 | 0.0127777 | 22
5936496951353395135 | 121 | 0.0127777 | 22
-6573750171002761346 | 122 | 0.0127777 | 22
5299243731704028925 | 123 | 0.0127777 | 22
-7848256610301493765 | 124 | 0.0127777 | 22
2750230853106564087 | 125 | 0.0127777 | 22
5500461706213128174 | 126 | 2.2589e-260 | 1
5500461706213128175 | 126 | 0.0122926 | 21
-7445820661283295266 | 127 | 0.0122926 | 21
3555102751142961084 | 128 | 0.0122926 | 21
7110205502285922169 | 129 | 0.0122926 | 21
-4226333069137707277 | 130 | 0.0122926 | 21
-8452666138275414553 | 131 | 0.0122926 | 21
1541411797158722510 | 132 | 0.0122926 | 21
3082823594317445021 | 133 | 0.0122926 | 21
6165647188634890042 | 134 | 0.0122926 | 21
-6115449696439771531 | 135 | 0.0122926 | 21
6215844680830008555 | 136 | 0.0122926 | 21
-6015054712049534506 | 137 | 1.53963 | 1
-6015054712049534505 | 137 | 0.0105201 | 20
6416634649610482607 | 138 | 0.0105201 | 20
-5613474774488586401 | 139 | 0.0105201 | 20
7219794524732378814 | 140 | 0.0105201 | 20
-4007155024244793988 | 141 | 0.0105201 | 20
-8014310048489587975 | 142 | 0.0105201 | 20
2418123976730375666 | 143 | 1.41064 | 2
2418123976730375667 | 143 | 0.00938119 | 18
4836247953460751334 | 144 | 0.00938119 | 18
-8774248166788048948 | 145 | 0.00938119 | 18
898247740133453721 | 146 | 0.00938119 | 18
1796495480266907443 | 147 | 0.00938119 | 18
3592990960533814886 | 148 | 0.00938119 | 18
7185981921067629772 | 149 | 0.00938119 | 18
-4074780231574292071 | 150 | 0.00938119 | 18
-8149560463148584141 | 151 | 0.00938119 | 18
2147623147412383334 | 152 | 1.57346 | 1
2147623147412383335 | 152 | 0.00938119 | 17
4295246294824766670 | 153 | 0.00938119 | 17
8590492589649533340 | 154 | 0.00938119 | 17
-1265758894410484936 | 155 | 0.00938119 | 17
-2531517788820969871 | 156 | 0.00938119 | 17
-5063035577641939742 | 157 | 0.00938119 | 17
8320672918425672132 | 158 | 0.00938119 | 17
-1805398236858207352 | 159 | 0.00938119 | 17
-3610796473716414704 | 160 | 0.00938119 | 17
-7221592947432829407 | 161 | 0.00938119 | 17
4003558178843892802 | 162 | 0.00938119 | 17
8007116357687785604 | 163 | 0.00938119 | 17
-2432511358333980407 | 164 | 0.00938119 | 17
-4865022716667960813 | 165 | 0.00938119 | 17
8716698640373629990 | 166 | 1.44841 | 2
8716698640373629991 | 166 | 0.00830034 | 15
-1013346792962291634 | 167 | 0.777299 | 7
-1013346792962291633 | 167 | 2.74977 | 8
6911420508538368889 | 110 | 0.0183176 | 11
-4623903056632813838 | 111 | 0.0183176 | 11
9198937960443923941 | 112 | 0.0183176 | 11
-48868152821703734 | 113 | 0.0183176 | 11
-97736305643407468 | 114 | 0.0189599 | 9
-97736305643407467 | 114 | 1.45098 | 2
-6719418366842269977 | 103 | 0.446672 | 1
-7270450281575697895 | 91 | 0.0566495 | 32
3905843510558155826 | 92 | 1.04393 | 2
3905843510558155827 | 92 | 0.0322989 | 30
7811687021116311654 | 93 | 0.0322989 | 30
-2823370031476928308 | 94 | 0.0322989 | 30
-5646740062953856616 | 95 | 0.0322989 | 30
7153263947801838384 | 96 | 0.0190226 | 22
-4140216178105874848 | 97 | 0.0155124 | 14
-8280432356211749696 | 98 | 1.08249 | 5
-8280432356211749695 | 98 | 0.143626 | 9
-4140216178105874847 | 97 | 1.01234 | 8
7153263947801838385 | 96 | 0.433591 | 8
5123526722971837995 | 77 | 1.45689 | 1145
-8199690627765875625 | 78 | 1.45689 | 1145
2047362818177800366 | 79 | 1.26 | 398
4094725636355600733 | 80 | 1.26 | 398
8189451272711201467 | 81 | 1.26 | 398
-2067841528287148681 | 82 | 1.26 | 398
-4135683056574297361 | 83 | 1.26 | 398
-8271366113148594722 | 84 | 1.26 | 398
1904011847412362172 | 85 | 1.26 | 398
3808023694824724344 | 86 | 0.669929 | 397
7616047389649448689 | 87 | 0.669929 | 397
-3214649294410654238 | 88 | 0.669929 | 397
-6429298588821308476 | 89 | 0.669929 | 397
5588146896066934664 | 90 | 0.669929 | 396
-7270450281575682288 | 91 | 0.669929 | 396
3905843510558187040 | 92 | 0.62463 | 394
7811687021116374080 | 93 | 0.62463 | 394
-2823370031476803456 | 94 | 0.62463 | 394
-5646740062953606912 | 95 | 0.62463 | 394
7153263947802337792 | 96 | 0.62463 | 394
-4140216178104876032 | 97 | 0.62463 | 394
-8280432356209752064 | 98 | 0.62463 | 394
1885879361290047489 | 99 | 0.62463 | 394
3771758722580094978 | 100 | 0.62463 | 394
7543517445160189957 | 101 | 0.62463 | 394
-3359709183389171702 | 102 | 0.62463 | 393
-6719418366778343404 | 103 | 0.62463 | 393
5007907340152864809 | 104 | 0.62463 | 393
-8430929393403821997 | 105 | 0.62463 | 393
1584885286901907623 | 106 | 0.62463 | 393
3169770573803815246 | 107 | 0.62463 | 393
6339541147607630493 | 108 | 0.62463 | 393
-5767661778494290629 | 109 | 0.62463 | 393
6911420516720970359 | 110 | 0.62463 | 393
-4623903040267610898 | 111 | 0.62463 | 393
9198937993174329821 | 112 | 0.62463 | 393
-48868087360891974 | 113 | 0.62463 | 393
-97736174721783948 | 114 | 0.62463 | 393
-195472349443567896 | 115 | 0.62463 | 393
-390944698887135792 | 116 | 0.62463 | 393
-781889397774271584 | 117 | 0.62463 | 393
-1563778795548543168 | 118 | 0.62463 | 393
-3127557591097086335 | 119 | 0.62463 | 393
-6255115182194172670 | 120 | 2.49862 | 5
-6255115182194172669 | 120 | 0.488453 | 388
5936513709321206279 | 121 | 0.488453 | 388
-6573716655067139058 | 122 | 0.430005 | 271
5299310763575273501 | 123 | 0.430005 | 271
-7848122546559004613 | 124 | 0.430005 | 271
2750498980591542390 | 125 | 0.430005 | 271
5500997961183084780 | 126 | 0.430005 | 271
-7444748151343382056 | 127 | 0.430005 | 271
3557247771022787505 | 128 | 0.430005 | 271
7114495542045575010 | 129 | 0.0961847 | 29
-4217752989618401595 | 130 | 0.0961847 | 29
-8435505979236803190 | 131 | 0.0961847 | 29
1575732115235945237 | 132 | 0.0961847 | 29
3151464230471890474 | 133 | 0.0961847 | 29
6302928460943780948 | 134 | 0.0961847 | 29
-5840887151821989720 | 135 | 2.4664 | 7
-5840887151821989719 | 135 | 0.0159905 | 22
6764969770065572178 | 136 | 0.0159905 | 22
-4916804533578407259 | 137 | 0.0159905 | 22
8613135006552737098 | 138 | 0.0053822 | 15
-1220474060604077420 | 139 | 0.0053822 | 15
-2440948121208154840 | 140 | 0.0053822 | 15
-4881896242416309679 | 141 | 0.0053822 | 15
8682951588876932259 | 142 | 0.0053822 | 15
-1080840895955687097 | 143 | 0.0053822 | 15
-2161681791911374194 | 144 | 1.2413 | 7
-2161681791911374193 | 144 | 2.2771 | 8
8613135006552737099 | 138 | 2.1697 | 7
7114495542045575011 | 129 | 0.430005 | 242
-4217752989618401593 | 130 | 0.430005 | 242
-8435505979236803186 | 131 | 1.49473 | 2
-8435505979236803185 | 131 | 0.350684 | 240
1575732115235945246 | 132 | 0.350684 | 240
3151464230471890492 | 133 | 0.337714 | 59
6302928460943780984 | 134 | 0.337714 | 59
-5840887151821989648 | 135 | 0.337714 | 59
6764969770065572321 | 136 | 0.337714 | 59
-4916804533578406973 | 137 | 0.337714 | 59
8613135006552737670 | 138 | 0.337714 | 59
-1220474060604076276 | 139 | 0.337714 | 59
-2440948121208152552 | 140 | 0.337714 | 59
-4881896242416305104 | 141 | 0.233839 | 58
8682951588876941408 | 142 | 0.233839 | 58
-1080840895955668800 | 143 | 0.233839 | 58
-2161681791911337599 | 144 | 0.233839 | 58
-4323363583822675198 | 145 | 0.233839 | 58
-8646727167645350395 | 146 | 0.233839 | 58
1153289738418850827 | 147 | 0.233839 | 58
2306579476837701654 | 148 | 0.233839 | 58
4613158953675403308 | 149 | 1.09769 | 1
4613158953675403309 | 149 | 0.145085 | 57
-9220426166358744998 | 150 | 0.145085 | 57
5891740992061620 | 151 | 0.145085 | 57
11783481984123240 | 152 | 0.145085 | 57
23566963968246480 | 153 | 0.145085 | 57
47133927936492960 | 154 | 0.145085 | 57
94267855872985920 | 155 | 0.421857 | 3
94267855872985921 | 155 | 0.145085 | 54
188535711745971843 | 156 | 0.145085 | 54
377071423491943687 | 157 | 0.145085 | 54
754142846983887375 | 158 | 0.145085 | 54
1508285693967774750 | 159 | 0.126986 | 16
3016571387935549501 | 160 | 0.126986 | 16
6033142775871099002 | 161 | 0.126986 | 16
-6380458521967353611 | 162 | 0.126986 | 16
5685827029774844394 | 163 | 0.933359 | 7
5685827029774844395 | 163 | 0.968823 | 9
1508285693967774751 | 159 | 0.113318 | 38
3016571387935549502 | 160 | 0.113318 | 38
6033142775871099004 | 161 | 0.113318 | 36
-6380458521967353608 | 162 | 0.0776082 | 33
5685827029774844401 | 163 | 0.0776082 | 33
-7075090014159862814 | 164 | 0.0776082 | 33
4296564045389825989 | 165 | 0.0776082 | 33
8593128090779651979 | 166 | 0.0776082 | 33
-1260487892150247658 | 167 | 1.06171 | 2
-1260487892150247657 | 167 | 0.0716973 | 31
-2520975784300495314 | 168 | 0.0716973 | 31
-5041951568600990627 | 169 | 0.0716973 | 31
8362840936507570362 | 170 | 0.0716973 | 31
-1721062200694410891 | 171 | 0.0716973 | 31
-3442124401388821782 | 172 | 0.929701 | 4
-3442124401388821781 | 172 | 0.0566199 | 27
-6884248802777643561 | 173 | 0.0566199 | 27
4678246468154264494 | 174 | 0.0430338 | 26
-9090251137401022627 | 175 | 0.0430338 | 26
266241798907506363 | 176 | 0.0430338 | 26
532483597815012727 | 177 | 0.0430338 | 26
1064967195630025455 | 178 | 0.0430338 | 26
2129934391260050910 | 179 | 0.0430338 | 26
4259868782520101820 | 180 | 0.0430338 | 26
8519737565040203641 | 181 | 0.0430338 | 26
-1407268943629144334 | 182 | 0.0332822 | 25
-2814537887258288668 | 183 | 0.0332822 | 25
-5629075774516577336 | 184 | 0.0332822 | 25
7188592524676396944 | 185 | 0.0332822 | 25
-4069559024356757728 | 186 | 0.0332822 | 25
-8139118048713515455 | 187 | 0.0332822 | 25
2168507976282520706 | 188 | 0.0332822 | 25
4337015952565041412 | 189 | 0.0332822 | 25
8674031905130082825 | 190 | 0.0332822 | 25
-1098680263449385965 | 191 | 0.0332822 | 25
-2197360526898771929 | 192 | 0.0332822 | 25
-4394721053797543858 | 193 | 0.0299653 | 10
-4394721053797543857 | 193 | 0.0255384 | 15
-8789442107595087713 | 194 | 0.0255384 | 15
867859858519376190 | 195 | 1.07276 | 6
867859858519376191 | 195 | 0.662999 | 9
-1407268943629144333 | 182 | 1.16405 | 1
4678246468154264495 | 174 | 0.382829 | 1
-6380458521967353607 | 162 | 2.54714e-312 | 3
6033142775871099005 | 161 | 1.56369 | 2
-4881896242416305103 | 141 | 1.813 | 1
3151464230471890493 | 133 | 0.232679 | 181
6302928460943780986 | 134 | 0.205435 | 155
-5840887151821989644 | 135 | 0.159266 | 139
6764969770065572328 | 136 | 0.158572 | 120
-4916804533578406960 | 137 | 0.143922 | 73
8613135006552737697 | 138 | 0.143922 | 73
-1220474060604076221 | 139 | 0.143922 | 73
-2440948121208152442 | 140 | 0.143922 | 73
-4881896242416304884 | 141 | 0.143922 | 73
8682951588876941849 | 142 | 0.143922 | 73
-1080840895955667918 | 143 | 0.143922 | 73
-2161681791911335835 | 144 | 0.143922 | 73
-4323363583822671669 | 145 | 0.143922 | 73
-8646727167645343337 | 146 | 0.143922 | 73
1153289738418864943 | 147 | 0.143922 | 73
2306579476837729886 | 148 | 1.52017 | 3
2306579476837729887 | 148 | 0.129791 | 70
4613158953675459774 | 149 | 0.129791 | 70
-9220426166358632067 | 150 | 0.129791 | 70
5891740992287482 | 151 | 0.129791 | 70
11783481984574965 | 152 | 0.129791 | 70
23566963969149930 | 153 | 0.60314 | 2
23566963969149931 | 153 | 0.11633 | 68
47133927938299862 | 154 | 0.11633 | 68
94267855876599725 | 155 | 0.11633 | 68
188535711753199450 | 156 | 0.11633 | 68
377071423506398900 | 157 | 0.11633 | 68
754142847012797800 | 158 | 0.11633 | 68
1508285694025595601 | 159 | 0.11633 | 68
3016571388051191202 | 160 | 0.11633 | 68
6033142776102382404 | 161 | 0.11633 | 68
-6380458521504786808 | 162 | 0.11633 | 68
5685827030699978000 | 163 | 0.11633 | 68
-7075090012309595616 | 164 | 0 | 5
-7075090012309595615 | 164 | 0.101878 | 63
4296564049090360386 | 165 | 0.101878 | 63
8593128098180720773 | 166 | 0.101878 | 63
-1260487877348110070 | 167 | 0.101878 | 63
-2520975754696220139 | 168 | 0.101878 | 63
-5041951509392440277 | 169 | 0.101878 | 63
8362841054924671062 | 170 | 0.101878 | 63
-1721061963860209492 | 171 | 0.101878 | 63
-3442123927720418983 | 172 | 0.101878 | 63
-6884247855440837966 | 173 | 0.101878 | 63
4678248362827875684 | 174 | 0.101878 | 63
-9090247348053800248 | 175 | 0.0318789 | 15
266249377601951120 | 176 | 0.0130312 | 13
532498755203902240 | 177 | 0.0130312 | 13
1064997510407804480 | 178 | 0.0130312 | 13
2129995020815608960 | 179 | 0.0130312 | 13
4259990041631217920 | 180 | 0.970275 | 3
4259990041631217921 | 180 | 1.64949 | 10
266249377601951121 | 176 | 3.93012e-271 | 2
-9090247348053800247 | 175 | 0.0829968 | 48
266249377601951123 | 176 | 0.0829968 | 48
532498755203902246 | 177 | 0.0790851 | 47
1064997510407804492 | 178 | 0.0790851 | 47
2129995020815608985 | 179 | 0.0790851 | 47
4259990041631217970 | 180 | 0.0790851 | 47
8519980083262435941 | 181 | 0.0790851 | 47
-1406783907184679734 | 182 | 0.0790851 | 47
-2813567814369359467 | 183 | 0.0790851 | 47
-5627135628738718934 | 184 | 1.45222 | 9
-5627135628738718933 | 184 | 0.0790851 | 38
7192472816232113750 | 185 | 0.0790851 | 38
-4061798441245324116 | 186 | 0.0790851 | 38
-8123596882490648232 | 187 | 0.0790851 | 38
2199550308728255153 | 188 | 0.0790851 | 38
4399100617456510307 | 189 | 0.0790851 | 38
8798201234913020615 | 190 | 0.0790851 | 38
-850341603883510385 | 191 | 0.0790851 | 38
-1700683207767020770 | 192 | 0.0790851 | 38
-3401366415534041539 | 193 | 0.0790851 | 38
-6802732831068083077 | 194 | 0.0790851 | 38
4841278411573385462 | 195 | 0.0790851 | 38
-8764187250562780691 | 196 | 0.0790851 | 38
918369572583990235 | 197 | 0.0790851 | 38
1836739145167980471 | 198 | 0.0790851 | 38
3673478290335960942 | 199 | 1.09587 | 8
3673478290335960943 | 199 | 0.0275373 | 30
7346956580671921887 | 200 | 0.0275373 | 30
-3752830912365707841 | 201 | 0.0275373 | 30
-7505661824731415682 | 202 | 1.47961 | 1
-7505661824731415681 | 202 | 0.0202521 | 29
3435420424246720255 | 203 | 0.0202521 | 29
6870840848493440511 | 204 | 0.0202521 | 29
-4705062376722670594 | 205 | 0.0202521 | 29
9036619320264210428 | 206 | 0.00611179 | 15
-373505433181130760 | 207 | 0.00611179 | 15
-747010866362261519 | 208 | 0.00611179 | 15
-1494021732724523037 | 209 | 0.00611179 | 15
-2988043465449046074 | 210 | 0.00611179 | 15
-5976086930898092148 | 211 | 0.00528529 | 13
6494570211913367321 | 212 | 0.00528529 | 13
-5457603649882816973 | 213 | 0.00528529 | 13
7531536773943917671 | 214 | 0.00528529 | 13
-3383670525821716273 | 215 | 0.00528529 | 13
-6767341051643432545 | 216 | 0.00528529 | 13
4912061970422686527 | 217 | 0.00528529 | 13
-8622620132864178561 | 218 | 0.00528529 | 13
1201503807981194494 | 219 | 0.00528529 | 13
2403007615962388989 | 220 | 0.00528529 | 13
4806015231924777978 | 221 | 0.00528529 | 13
-8834713609859995659 | 222 | 0.00528529 | 13
777316853989560299 | 223 | 0.00528529 | 13
1554633707979120598 | 224 | 0.00528529 | 13
3109267415958241197 | 225 | 0.00528529 | 13
6218534831916482394 | 226 | 0.00528529 | 13
-6009674409876586827 | 227 | 0.00528529 | 13
6427395253956377962 | 228 | 3.8392e-271 | 2
6427395253956377963 | 228 | 0.0049854 | 11
-5591953565796795690 | 229 | 1.55704 | 5
-5591953565796795689 | 229 | 1.56537 | 6
-5976086930898092147 | 211 | 1.42608 | 2
9036619320264210429 | 206 | 0.0202521 | 14
-373505433181130758 | 207 | 0.0202521 | 14
-747010866362261516 | 208 | 0.0202521 | 14
-1494021732724523031 | 209 | 0.0202521 | 14
-2988043465449046062 | 210 | 0.0202521 | 14
-5976086930898092123 | 211 | 0.0202521 | 14
6494570211913367371 | 212 | 0.0202521 | 14
-5457603649882816874 | 213 | 0.0202521 | 14
7531536773943917868 | 214 | 1.46404 | 10
7531536773943917869 | 214 | 1.17324e-232 | 4
532498755203902247 | 177 | 1.0354 | 1
-4916804533578406959 | 137 | 0.0852034 | 47
8613135006552737698 | 138 | 0.0645814 | 37
-1220474060604076219 | 139 | 0.0645814 | 37
-2440948121208152438 | 140 | 0.0643135 | 26
-4881896242416304876 | 141 | 0.0643135 | 26
8682951588876941864 | 142 | 0.0643135 | 26
-1080840895955667888 | 143 | 1.19425 | 7
-1080840895955667887 | 143 | 0.0189557 | 19
-2161681791911335773 | 144 | 0.0189557 | 19
-4323363583822671545 | 145 | 0.0189557 | 19
-8646727167645343089 | 146 | 0.0189557 | 19
1153289738418865438 | 147 | 0.00654843 | 11
2306579476837730876 | 148 | 0.630753 | 2
2306579476837730877 | 148 | 1.13772 | 9
1153289738418865439 | 147 | 2.27421 | 8
-2440948121208152437 | 140 | 0.0534251 | 11
-4881896242416304874 | 141 | 0.0534251 | 11
8682951588876941869 | 142 | 0.0534251 | 11
-1080840895955667878 | 143 | 0.0534251 | 11
-2161681791911335756 | 144 | 0.0534251 | 11
-4323363583822671512 | 145 | 2.5655 | 10
-4323363583822671511 | 145 | 1.26606 | 1
8613135006552737699 | 138 | 1.69779 | 10
6764969770065572329 | 136 | 0.129262 | 19
-4916804533578406958 | 137 | 0.129262 | 19
8613135006552737701 | 138 | 0.129262 | 19
-1220474060604076214 | 139 | 0.129262 | 19
-2440948121208152428 | 140 | 0.129262 | 19
-4881896242416304855 | 141 | 0.129262 | 19
8682951588876941906 | 142 | 0.314453 | 1
8682951588876941907 | 142 | 0.00563699 | 18
-1080840895955667802 | 143 | 0.00563699 | 18
-2161681791911335603 | 144 | 0.00563699 | 18
-4323363583822671206 | 145 | 0.00563699 | 18
-8646727167645342412 | 146 | 0.00563699 | 18
1153289738418866792 | 147 | 1.0229 | 9
1153289738418866793 | 147 | 1.0355 | 9
-5840887151821989643 | 135 | 0.166025 | 16
6764969770065572330 | 136 | 0.32193 | 9
6764969770065572331 | 136 | 1.64924 | 7
6302928460943780987 | 134 | 0.200977 | 26
-5840887151821989642 | 135 | 0.200977 | 26
6764969770065572332 | 136 | 0.200977 | 26
-4916804533578406952 | 137 | 0.200977 | 26
8613135006552737713 | 138 | 0.200977 | 26
-1220474060604076190 | 139 | 0.200977 | 26
-2440948121208152380 | 140 | 0.200977 | 26
-4881896242416304759 | 141 | 0.200977 | 26
8682951588876942098 | 142 | 0.200977 | 26
-1080840895955667420 | 143 | 0.200977 | 26
-2161681791911334839 | 144 | 0.200977 | 26
-4323363583822669678 | 145 | 0.164484 | 21
-8646727167645339355 | 146 | 0.164484 | 21
1153289738418872907 | 147 | 0.164484 | 21
2306579476837745814 | 148 | 0.164484 | 21
4613158953675491629 | 149 | 0.164484 | 21
-9220426166358568358 | 150 | 0.164484 | 20
5891740992414900 | 151 | 0.164484 | 20
11783481984829801 | 152 | 0.164484 | 20
23566963969659602 | 153 | 0.164484 | 20
47133927939319205 | 154 | 0.164484 | 20
94267855878638410 | 155 | 0.164484 | 20
188535711757276820 | 156 | 0.164484 | 20
377071423514553641 | 157 | 0.164484 | 20
754142847029107283 | 158 | 0.164484 | 20
1508285694058214567 | 159 | 0.164484 | 20
3016571388116429134 | 160 | 0.813893 | 7
3016571388116429135 | 160 | 0.164484 | 13
6033142776232858271 | 161 | 0.164484 | 13
-6380458521243835074 | 162 | 0.164484 | 13
5685827031221881469 | 163 | 0.164484 | 13
-7075090011265788677 | 164 | 0.164484 | 13
4296564051177974263 | 165 | 0.164484 | 13
8593128102355948526 | 166 | 1.13912 | 9
8593128102355948527 | 166 | 2.92311 | 4
-9220426166358568357 | 150 | 1.73103 | 1
-4323363583822669677 | 145 | 1.50009 | 5
-6573716655067139057 | 122 | 0.447999 | 117
5299310763575273502 | 123 | 0.447999 | 117
-7848122546559004611 | 124 | 0.447999 | 117
2750498980591542395 | 125 | 0.447999 | 117
5500997961183084790 | 126 | 0.447999 | 117
-7444748151343382035 | 127 | 0.447999 | 117
3557247771022787546 | 128 | 0.447999 | 117
7114495542045575092 | 129 | 0.408116 | 97
-4217752989618401432 | 130 | 0.0505818 | 26
-8435505979236802864 | 131 | 0.0505818 | 26
1575732115235945888 | 132 | 0.0400055 | 25
3151464230471891777 | 133 | 0.0400055 | 25
6302928460943783555 | 134 | 0.0400055 | 25
-5840887151821984506 | 135 | 0.0400055 | 25
6764969770065582604 | 136 | 0.0400055 | 25
-4916804533578386407 | 137 | 0.0400055 | 25
8613135006552778802 | 138 | 0.0400055 | 25
-1220474060603994011 | 139 | 0.0400055 | 25
-2440948121207988021 | 140 | 0.0400055 | 25
-4881896242415976042 | 141 | 0.0400055 | 25
8682951588877599533 | 142 | 0.0400055 | 25
-1080840895954352550 | 143 | 0.0400055 | 25
-2161681791908705099 | 144 | 0.0400055 | 25
-4323363583817410198 | 145 | 0.0400055 | 25
-8646727167634820396 | 146 | 0.0400055 | 25
1153289738439910824 | 147 | 0.036031 | 19
2306579476879821648 | 148 | 2.61201 | 10
2306579476879821649 | 148 | 2.49397 | 9
1153289738439910825 | 147 | 1.73452 | 6
1575732115235945889 | 132 | 1.75517 | 1
-4217752989618401431 | 130 | 0.378781 | 71
-8435505979236802861 | 131 | 0.378781 | 71
1575732115235945894 | 132 | 0.224041 | 12
3151464230471891788 | 133 | 0.224041 | 12
6302928460943783576 | 134 | 0.224041 | 12
-5840887151821984464 | 135 | 0.224041 | 12
6764969770065582689 | 136 | 0.224041 | 12
-4916804533578386238 | 137 | 0.224041 | 12
8613135006552779141 | 138 | 0.224041 | 12
-1220474060603993334 | 139 | 0.696979 | 9
-1220474060603993333 | 139 | 1.96774 | 3
1575732115235945895 | 132 | 0.290161 | 59
3151464230471891791 | 133 | 0.290161 | 59
6302928460943783583 | 134 | 0.290161 | 59
-5840887151821984449 | 135 | 0.290161 | 59
6764969770065582718 | 136 | 0.231509 | 54
-4916804533578386180 | 137 | 0.231509 | 54
8613135006552779257 | 138 | 0.231509 | 54
-1220474060603993102 | 139 | 0.231509 | 54
-2440948121207986203 | 140 | 0.231509 | 54
-4881896242415972406 | 141 | 0.231509 | 54
8682951588877606804 | 142 | 0.231509 | 54
-1080840895954338008 | 143 | 0.231509 | 54
-2161681791908676016 | 144 | 0.231509 | 54
-4323363583817352031 | 145 | 0.231509 | 54
-8646727167634704061 | 146 | 0.231509 | 54
1153289738440143494 | 147 | 0.231509 | 54
2306579476880286988 | 148 | 0.081426 | 30
4613158953760573976 | 149 | 0.081426 | 30
-9220426166188403663 | 150 | 0.081426 | 30
5891741332744290 | 151 | 0.075286 | 16
11783482665488581 | 152 | 0.075286 | 16
23566965330977162 | 153 | 0.075286 | 16
47133930661954324 | 154 | 0.0555956 | 13
94267861323908648 | 155 | 0.0555956 | 13
188535722647817296 | 156 | 0.0555956 | 13
377071445295634593 | 157 | 0.0555956 | 13
754142890591269187 | 158 | 0.0555956 | 13
1508285781182538375 | 159 | 0.0555956 | 13
3016571562365076750 | 160 | 0.0530396 | 11
6033143124730153500 | 161 | 0.608224 | 8
6033143124730153501 | 161 | 1.02667 | 3
3016571562365076751 | 160 | 0.623814 | 2
47133930661954325 | 154 | 1.24249 | 3
5891741332744291 | 151 | 0.0605417 | 14
11783482665488583 | 152 | 0.0605417 | 14
23566965330977166 | 153 | 0.0605417 | 14
47133930661954332 | 154 | 0.0605417 | 13
94267861323908665 | 155 | 0.0605417 | 13
188535722647817330 | 156 | 0.0605417 | 13
377071445295634660 | 157 | 0.0605417 | 13
754142890591269321 | 158 | 0.0605417 | 13
1508285781182538642 | 159 | 1.6204 | 7
1508285781182538643 | 159 | 1.47132 | 6
47133930661954333 | 154 | 1.5339 | 1
2306579476880286989 | 148 | 0.219359 | 24
4613158953760573978 | 149 | 0.219359 | 24
-9220426166188403660 | 150 | 0.219359 | 24
5891741332744297 | 151 | 0.219359 | 24
11783482665488595 | 152 | 0.219359 | 24
23566965330977191 | 153 | 0.219359 | 24
47133930661954382 | 154 | 0.193173 | 22
94267861323908764 | 155 | 1.78393 | 3
94267861323908765 | 155 | 0.193173 | 19
188535722647817530 | 156 | 0.193173 | 19
377071445295635060 | 157 | 0.00624244 | 2
377071445295635061 | 157 | 0.113325 | 17
754142890591270123 | 158 | 0.113325 | 17
1508285781182540247 | 159 | 0.113325 | 17
3016571562365080495 | 160 | 0.113325 | 17
6033143124730160990 | 161 | 0.0574269 | 15
-6380457824249229635 | 162 | 0.0574269 | 15
5685828425211092346 | 163 | 0.0574269 | 15
-7075087223287366923 | 164 | 0.0574269 | 15
4296569627134817770 | 165 | 1.52754 | 4
4296569627134817771 | 165 | 0.0423647 | 11
8593139254269635543 | 166 | 0.0423647 | 11
-1260465565170280529 | 167 | 0.0423647 | 11
-2520931130340561057 | 168 | 0.0423647 | 11
-5041862260681122114 | 169 | 0.0423647 | 11
8363019552347307388 | 170 | 0.0423647 | 11
-1720704969014936840 | 171 | 0.0423647 | 11
-3441409938029873679 | 172 | 0.0423647 | 11
-6882819876059747357 | 173 | 0.0423647 | 11
4681104321590056902 | 174 | 0.0423647 | 11
-9084535430529437812 | 175 | 1.42686 | 1
-9084535430529437811 | 175 | 1.33954e-254 | 10
6033143124730160991 | 161 | 0 | 2
47133930661954383 | 154 | 1.60295 | 2
6764969770065582719 | 136 | 1.72699 | 5
7114495542045575093 | 129 | 0.35416 | 20
-4217752989618401430 | 130 | 0.35416 | 20
-8435505979236802859 | 131 | 0.35416 | 20
1575732115235945898 | 132 | 0.328626 | 14
3151464230471891797 | 133 | 0.328626 | 14
6302928460943783595 | 134 | 0.328626 | 14
-5840887151821984426 | 135 | 1.5996 | 3
-5840887151821984425 | 135 | 0.156359 | 11
6764969770065582766 | 136 | 2.08828 | 7
6764969770065582767 | 136 | 0.0036417 | 4
1575732115235945899 | 132 | 0.00625909 | 6
-3359709183389171701 | 102 | 1.47588 | 1
3905843510558187041 | 92 | 0.00685659 | 2
5588146896066934665 | 90 | 1.19751 | 1
3808023694824724345 | 86 | 2.41391 | 1
2047362818177800367 | 79 | 0.932819 | 747
4094725636355600734 | 80 | 1.23996 | 1
4094725636355600735 | 80 | 0.932819 | 746
8189451272711201471 | 81 | 0.932819 | 746
-2067841528287148673 | 82 | 0.932819 | 746
-4135683056574297346 | 83 | 0.932819 | 746
-8271366113148594692 | 84 | 0.877696 | 697
1904011847412362233 | 85 | 0.877696 | 697
3808023694824724466 | 86 | 0.877696 | 697
7616047389649448932 | 87 | 0.877696 | 697
-3214649294410653752 | 88 | 0.877696 | 697
-6429298588821307503 | 89 | 0.877696 | 697
5588146896066936610 | 90 | 0.877696 | 697
-7270450281575678395 | 91 | 0.877696 | 697
3905843510558194827 | 92 | 0.877696 | 697
7811687021116389655 | 93 | 0.877696 | 697
-2823370031476772306 | 94 | 0.877696 | 166
-5646740062953544611 | 95 | 0.877696 | 166
7153263947802462394 | 96 | 0.659661 | 129
-4140216178104626828 | 97 | 0.589938 | 114
-8280432356209253656 | 98 | 0.589938 | 114
1885879361291044305 | 99 | 0.589938 | 114
3771758722582088610 | 100 | 0.589938 | 114
7543517445164177221 | 101 | 0.589938 | 114
-3359709183381197173 | 102 | 0.589938 | 114
-6719418366762394345 | 103 | 0.589938 | 114
5007907340184762926 | 104 | 0.589938 | 105
-8430929393340025763 | 105 | 0.589938 | 105
1584885287029500090 | 106 | 0.360693 | 51
3169770574059000181 | 107 | 0.360693 | 51
6339541148118000363 | 108 | 0.360693 | 51
-5767661777473550889 | 109 | 0.360693 | 51
6911420518762449838 | 110 | 0.360693 | 51
-4623903036184651940 | 111 | 0.360693 | 51
9198938001340247737 | 112 | 0.360693 | 51
-48868071029056142 | 113 | 1.94035 | 1
-48868071029056141 | 113 | 0.196744 | 50
-97736142058112281 | 114 | 0.196744 | 50
-195472284116224561 | 115 | 0.196744 | 50
-390944568232449122 | 116 | 0.196744 | 50
-781889136464898244 | 117 | 0.182818 | 48
-1563778272929796488 | 118 | 0.107807 | 47
-3127556545859592975 | 119 | 0.107807 | 47
-6255113091719185949 | 120 | 0.107807 | 47
5936517890271179718 | 121 | 0.0629807 | 37
-6573708293167192180 | 122 | 1.38666e-254 | 3
-6573708293167192179 | 122 | 0.0280682 | 34
5299327487375167259 | 123 | 0.0280682 | 34
-7848089098959217098 | 124 | 0.0280682 | 34
2750565875791117421 | 125 | 0.0280682 | 34
5501131751582234842 | 126 | 0.0217757 | 32
-7444480570545081932 | 127 | 1.34178e-254 | 10
-7444480570545081931 | 127 | 0.0202613 | 22
3557782932619387754 | 128 | 0.0202613 | 22
7115565865238775509 | 129 | 0.0202613 | 22
-4215612343232000598 | 130 | 0.0202613 | 22
-8431224686464001196 | 131 | 0.921438 | 8
-8431224686464001195 | 131 | 0.0177595 | 14
1584294700781549227 | 132 | 0.0177595 | 14
3168589401563098455 | 133 | 0.0177595 | 14
6337178803126196910 | 134 | 0.0177595 | 14
-5772386467457157796 | 135 | 0.0177595 | 14
6901971138795236025 | 136 | 0.0177595 | 14
-4642801796119079566 | 137 | 0.0177595 | 14
9161140481471392484 | 138 | 0.0123882 | 13
-124463110766766648 | 139 | 0.0123882 | 13
-248926221533533296 | 140 | 0.0123882 | 13
-497852443067066591 | 141 | 0.0123882 | 13
-995704886134133181 | 142 | 0.0123882 | 13
-1991409772268266362 | 143 | 0.0123882 | 13
-3982819544536532723 | 144 | 0.0123882 | 13
-7965639089073065445 | 145 | 0.0123882 | 13
2515465895563420727 | 146 | 0.0123882 | 13
5030931791126841455 | 147 | 0.0123882 | 13
-8384880491455868706 | 148 | 0.0123882 | 13
1676983090797814204 | 149 | 0.0123882 | 13
3353966181595628409 | 150 | 0.0123882 | 13
6707932363191256818 | 151 | 0.0123882 | 13
-5030879347327037980 | 152 | 0.629011 | 4
-5030879347327037979 | 152 | 0.106485 | 9
9161140481471392485 | 138 | 1.49026 | 1
5501131751582234843 | 126 | 1.28189 | 2
5936517890271179719 | 121 | 0.673509 | 10
-1563778272929796487 | 118 | 0.0111898 | 1
-781889136464898243 | 117 | 0.898103 | 2
1584885287029500091 | 106 | 0.514843 | 54
3169770574059000182 | 107 | 0.514843 | 54
6339541148118000365 | 108 | 0.514843 | 54
-5767661777473550886 | 109 | 0.514843 | 54
6911420518762449845 | 110 | 0.514843 | 54
-4623903036184651925 | 111 | 0.514843 | 54
9198938001340247767 | 112 | 0.514843 | 54
-48868071029056081 | 113 | 0.514843 | 54
-97736142058112162 | 114 | 0.514843 | 54
-195472284116224323 | 115 | 0.514843 | 54
-390944568232448646 | 116 | 0.514843 | 54
-781889136464897292 | 117 | 0.514843 | 54
-1563778272929794584 | 118 | 0.514843 | 54
-3127556545859589167 | 119 | 0.514843 | 54
-6255113091719178334 | 120 | 1.22799 | 4
-6255113091719178333 | 120 | 0.288414 | 50
5936517890271194950 | 121 | 0.288414 | 47
-6573708293167161715 | 122 | 0.288414 | 47
5299327487375228186 | 123 | 0.288414 | 47
-7848089098959095244 | 124 | 0.243477 | 36
2750565875791361128 | 125 | 0.243477 | 36
5501131751582722257 | 126 | 0.243477 | 36
-7444480570544107102 | 127 | 0.243477 | 35
3557782932621337413 | 128 | 0.243477 | 35
7115565865242674826 | 129 | 0.191839 | 33
-4215612343224201964 | 130 | 0.191839 | 33
-8431224686448403928 | 131 | 0.191839 | 33
1584294700812743760 | 132 | 0.191839 | 29
3168589401625487520 | 133 | 0.191839 | 29
6337178803250975040 | 134 | 0.893177 | 9
6337178803250975041 | 134 | 0.0138581 | 20
-5772386467207601533 | 135 | 0.0138581 | 20
6901971139294348550 | 136 | 1.47875 | 6
6901971139294348551 | 136 | 0.00719904 | 14
-4642801795120854514 | 137 | 0.00719904 | 14
9161140483467842589 | 138 | 0.00719904 | 14
-124463106773866438 | 139 | 0.00719904 | 14
-248926213547732876 | 140 | 0.00719904 | 14
-497852427095465752 | 141 | 0.00719904 | 14
-995704854190931504 | 142 | 0.00719904 | 14
-1991409708381863008 | 143 | 0.00719904 | 14
-3982819416763726015 | 144 | 0.00719904 | 14
-7965638833527452029 | 145 | 0.00719904 | 14
2515466406654647558 | 146 | 0.00719904 | 14
5030932813309295116 | 147 | 0.00719904 | 14
-8384878447090961384 | 148 | 0.00719904 | 14
1676987179527628848 | 149 | 0.00719904 | 14
3353974359055257696 | 150 | 0.00719904 | 14
6707948718110515392 | 151 | 0.00719904 | 14
-5030846637488520831 | 152 | 0.00719904 | 14
8385050798732509955 | 153 | 0.00719904 | 14
-1676642476244531705 | 154 | 0.00719904 | 14
-3353284952489063410 | 155 | 0.00708926 | 11
-6706569904978126820 | 156 | 1.8164 | 7
-6706569904978126819 | 156 | 1.48902 | 4
-3353284952489063409 | 155 | 0.983741 | 3
1584294700812743761 | 132 | 0.81082 | 4
7115565865242674827 | 129 | 1.47734 | 2
-7444480570544107101 | 127 | 1.6569 | 1
-7848089098959095243 | 124 | 0.272862 | 11
2750565875791361130 | 125 | 0.272862 | 11
5501131751582722261 | 126 | 0.272862 | 11
-7444480570544107093 | 127 | 0.272862 | 11
3557782932621337430 | 128 | 0.93071 | 9
3557782932621337431 | 128 | 1.62812 | 2
5936517890271194951 | 121 | 1.56816 | 3
5007907340184762927 | 104 | 1.53224 | 9
-4140216178104626827 | 97 | 0.638065 | 15
-8280432356209253654 | 98 | 0.567123 | 14
1885879361291044308 | 99 | 0.567123 | 14
3771758722582088617 | 100 | 0.567123 | 14
7543517445164177234 | 101 | 0.567123 | 14
-3359709183381197148 | 102 | 0.567123 | 14
-6719418366762394296 | 103 | 0.567123 | 14
5007907340184763025 | 104 | 0.567123 | 14
-8430929393340025565 | 105 | 0.567123 | 14
1584885287029500487 | 106 | 0.567123 | 14
3169770574059000974 | 107 | 0.000329706 | 8
3169770574059000975 | 107 | 1.46685 | 6
-8280432356209253653 | 98 | 0.293643 | 1
7153263947802462395 | 96 | 0.877696 | 37
-4140216178104626826 | 97 | 0.765889 | 27
-8280432356209253651 | 98 | 0.765889 | 27
1885879361291044314 | 99 | 0.765889 | 27
3771758722582088629 | 100 | 0.765889 | 27
7543517445164177258 | 101 | 0.765889 | 27
-3359709183381197100 | 102 | 0.765889 | 27
-6719418366762394199 | 103 | 0.765889 | 27
5007907340184763218 | 104 | 0.754966 | 25
-8430929393340025180 | 105 | 0.754966 | 25
1584885287029501256 | 106 | 0.754966 | 25
3169770574059002512 | 107 | 0.313891 | 6
3169770574059002513 | 107 | 0.571085 | 19
6339541148118005026 | 108 | 0.571085 | 19
-5767661777473541564 | 109 | 0.571085 | 19
6911420518762468488 | 110 | 1.43689 | 3
6911420518762468489 | 110 | 0.571085 | 16
-4623903036184614638 | 111 | 0.55558 | 11
9198938001340322340 | 112 | 0.55558 | 11
-48868071028906935 | 113 | 0.55558 | 11
-97736142057813870 | 114 | 1.43308 | 1
-97736142057813869 | 114 | 0.120397 | 10
-4623903036184614637 | 111 | 1.64826 | 5
5007907340184763219 | 104 | 1.82387 | 2
-4140216178104626825 | 97 | 0.344919 | 10
-2823370031476772305 | 94 | 0.35724 | 531
-5646740062953544610 | 95 | 0.35724 | 531
7153263947802462396 | 96 | 0.35724 | 531
-4140216178104626824 | 97 | 0.35724 | 531
-8280432356209253648 | 98 | 0.35724 | 531
1885879361291044321 | 99 | 0.35724 | 531
3771758722582088643 | 100 | 0.35724 | 531
7543517445164177286 | 101 | 0.35724 | 531
-3359709183381197043 | 102 | 0.35724 | 531
-6719418366762394085 | 103 | 0.35724 | 531
5007907340184763446 | 104 | 0.35724 | 531
-8430929393340024724 | 105 | 0.344678 | 474
1584885287029502168 | 106 | 0.259812 | 473
3169770574059004337 | 107 | 0.259812 | 473
6339541148118008674 | 108 | 0.259812 | 473
-5767661777473534268 | 109 | 0.259812 | 473
6911420518762483080 | 110 | 0.259812 | 473
-4623903036184585456 | 111 | 0.259812 | 473
9198938001340380704 | 112 | 0.259812 | 440
-48868071028790208 | 113 | 0.259812 | 440
-97736142057580416 | 114 | 0.259812 | 322
-195472284115160832 | 115 | 0.0325728 | 7
-195472284115160831 | 115 | 0.259812 | 315
-390944568230321662 | 116 | 0.259812 | 315
-781889136460643324 | 117 | 0.259812 | 315
-1563778272921286648 | 118 | 0.259812 | 315
-3127556545842573295 | 119 | 0.259812 | 315
-6255113091685146589 | 120 | 0.259812 | 315
5936517890339258439 | 121 | 0.259812 | 315
-6573708293031034738 | 122 | 0.231577 | 314
5299327487647482141 | 123 | 0.231577 | 314
-7848089098414587334 | 124 | 0.179098 | 211
2750565876880376948 | 125 | 0.179098 | 211
5501131753760753896 | 126 | 0.0306927 | 17
-7444480566188043824 | 127 | 0.0306927 | 17
3557782941333463968 | 128 | 0.0306927 | 17
7115565882666927936 | 129 | 0.0306927 | 17
-4215612308375695744 | 130 | 0.0279296 | 15
-8431224616751391488 | 131 | 0.0279296 | 15
1584294840206768640 | 132 | 0.0279296 | 15
3168589680413537281 | 133 | 0.0279296 | 15
6337179360827074562 | 134 | 0.0279296 | 15
-5772385352055402492 | 135 | 0.0279296 | 15
6901973369598746633 | 136 | 0.0279296 | 15
-4642797334512058350 | 137 | 0.0279296 | 15
9161149404685434917 | 138 | 0.0279296 | 15
-124445264338681781 | 139 | 0.0279296 | 15
-248890528677363562 | 140 | 0.0279296 | 15
-497781057354727124 | 141 | 0.0279296 | 15
-995562114709454247 | 142 | 0.0279296 | 15
-1991124229418908493 | 143 | 0.0279296 | 15
-3982248458837816985 | 144 | 0.0279296 | 15
-7964496917675633970 | 145 | 0.92844 | 6
-7964496917675633969 | 145 | 0.0388593 | 9
-4215612308375695743 | 130 | 1.77936 | 2
5501131753760753897 | 126 | 0.160515 | 194
-7444480566188043822 | 127 | 0.160515 | 169
3557782941333463973 | 128 | 0.160515 | 169
7115565882666927946 | 129 | 0.160515 | 169
-4215612308375695724 | 130 | 0.160454 | 102
-8431224616751391447 | 131 | 0.160454 | 102
1584294840206768723 | 132 | 0.160454 | 102
3168589680413537446 | 133 | 0.160454 | 102
6337179360827074892 | 134 | 0.122279 | 100
-5772385352055401832 | 135 | 0.097991 | 19
6901973369598747953 | 136 | 0.097991 | 19
-4642797334512055710 | 137 | 0.097991 | 19
9161149404685440197 | 138 | 0.097991 | 19
-124445264338671222 | 139 | 0.097991 | 19
-248890528677342443 | 140 | 0.097991 | 19
-497781057354684886 | 141 | 0.097991 | 19
-995562114709369771 | 142 | 0.097991 | 19
-1991124229418739542 | 143 | 0.0190126 | 16
-3982248458837479084 | 144 | 1.38438 | 4
-3982248458837479083 | 144 | 0.0183132 | 12
-7964496917674958165 | 145 | 0.0183132 | 12
2517750238359635287 | 146 | 0.0183132 | 12
5035500476719270575 | 147 | 0.0183132 | 12
-8375743120271010466 | 148 | 0.0183132 | 12
1695257833167530685 | 149 | 0.0183132 | 12
3390515666335061370 | 150 | 0.0183132 | 12
6781031332670122740 | 151 | 2.12769 | 8
6781031332670122741 | 151 | 1.75394 | 4
-1991124229418739541 | 143 | 1.39936 | 3
-5772385352055401831 | 135 | 0.108567 | 81
6901973369598747954 | 136 | 0.108567 | 81
-4642797334512055708 | 137 | 0.10369 | 62
9161149404685440200 | 138 | 0.10369 | 62
-124445264338671216 | 139 | 0.10369 | 62
-248890528677342432 | 140 | 0.0791622 | 31
-497781057354684863 | 141 | 0.0791622 | 31
-995562114709369726 | 142 | 0.0791622 | 31
-1991124229418739451 | 143 | 0.0791622 | 31
-3982248458837478901 | 144 | 0.0791622 | 31
-7964496917674957801 | 145 | 0.0791622 | 31
2517750238359636014 | 146 | 0.0791622 | 31
5035500476719272029 | 147 | 0.0791622 | 31
-8375743120271007558 | 148 | 0.0442438 | 30
1695257833167536500 | 149 | 0.0442438 | 30
3390515666335073000 | 150 | 0.0442438 | 30
6781031332670146000 | 151 | 0.0442438 | 30
-4884681408369259615 | 152 | 0.0442438 | 30
8677381256971032386 | 153 | 0.109881 | 2
8677381256971032387 | 153 | 0.0287351 | 28
-1091981559767486842 | 154 | 0.0287351 | 28
-2183963119534973683 | 155 | 0.0287351 | 28
-4367926239069947365 | 156 | 0.0287351 | 28
-8735852478139894730 | 157 | 0.0287351 | 28
975039117429762156 | 158 | 0.0125569 | 6
975039117429762157 | 158 | 0.0187404 | 22
1950078234859524315 | 159 | 0.0187404 | 22
3900156469719048631 | 160 | 0.0187404 | 22
7800312939438097262 | 161 | 0.0124697 | 1
7800312939438097263 | 161 | 0.0156596 | 21
-2846118194833357089 | 162 | 0.0156596 | 21
-5692236389666714177 | 163 | 0.0156596 | 21
7062271294376123262 | 164 | 0.0156596 | 21
-4322201484957305092 | 165 | 0.0141688 | 4
-4322201484957305091 | 165 | 0.0112166 | 17
-8644402969914610182 | 166 | 0.0112166 | 17
1157938133880331252 | 167 | 0.00794531 | 11
2315876267760662504 | 168 | 0.00794531 | 11
4631752535521325008 | 169 | 0.0110605 | 2
4631752535521325009 | 169 | 0.00654291 | 9
1157938133880331253 | 167 | 0.0125778 | 6
-8375743120271007557 | 148 | 0.00465337 | 1
-248890528677342431 | 140 | 0.092043 | 31
-497781057354684862 | 141 | 0.092043 | 29
-995562114709369724 | 142 | 0.092043 | 29
-1991124229418739447 | 143 | 0.092043 | 29
-3982248458837478894 | 144 | 0.092043 | 29
-7964496917674957787 | 145 | 0.092043 | 29
2517750238359636042 | 146 | 0.092043 | 29
5035500476719272084 | 147 | 8.08327e-005 | 6
5035500476719272085 | 147 | 0.092043 | 23
-8375743120271007446 | 148 | 0.092043 | 23
1695257833167536724 | 149 | 0.092043 | 22
3390515666335073448 | 150 | 0.092043 | 22
6781031332670146896 | 151 | 0.00726465 | 1
6781031332670146897 | 151 | 0.0180142 | 21
-4884681408369257821 | 152 | 0.0180142 | 21
8677381256971035974 | 153 | 0.0180142 | 21
-1091981559767479668 | 154 | 0.0129155 | 16
-2183963119534959335 | 155 | 0.0129155 | 16
-4367926239069918670 | 156 | 0.0129155 | 16
-8735852478139837339 | 157 | 0.0129155 | 16
975039117429876938 | 158 | 0.0129155 | 16
1950078234859753876 | 159 | -1.58645e-310 | 10
1950078234859753877 | 159 | 0.00328858 | 6
-1091981559767479667 | 154 | 0.00588877 | 5
1695257833167536725 | 149 | 0.00688549 | 1
-497781057354684861 | 141 | 0.00586212 | 2
-4642797334512055707 | 137 | 0.0251083 | 19
9161149404685440202 | 138 | 0.00319845 | 1
9161149404685440203 | 138 | 0.0227605 | 18
-124445264338671210 | 139 | 0.0227605 | 18
-248890528677342420 | 140 | 0.0227605 | 18
-497781057354684840 | 141 | 0.0227605 | 18
-995562114709369679 | 142 | 0.0227605 | 18
-1991124229418739358 | 143 | 0.0227605 | 18
-3982248458837478716 | 144 | 0.0227605 | 18
-7964496917674957432 | 145 | 0.0227605 | 18
2517750238359636752 | 146 | 0.0227605 | 18
5035500476719273505 | 147 | 0.0227605 | 18
-8375743120271004606 | 148 | 0.00291963 | 3
-8375743120271004605 | 148 | 0.022585 | 15
1695257833167542407 | 149 | 0.022585 | 15
3390515666335084815 | 150 | 0.022585 | 15
6781031332670169631 | 151 | 0.022585 | 15
-4884681408369212353 | 152 | 0.022585 | 15
8677381256971126911 | 153 | 0.022585 | 15
-1091981559767297793 | 154 | 0.022585 | 15
-2183963119534595586 | 155 | 0.022585 | 15
-4367926239069191171 | 156 | 0.022585 | 15
-8735852478138382341 | 157 | 0.022585 | 15
975039117432786935 | 158 | 0.022585 | 15
1950078234865573871 | 159 | 0.022585 | 15
3900156469731147742 | 160 | 0.022585 | 15
7800312939462295484 | 161 | 0.022585 | 15
-2846118194784960648 | 162 | 0.0048064 | 10
-2846118194784960647 | 162 | 0.00486101 | 5
6337179360827074893 | 134 | 0.00513004 | 2
-4215612308375695723 | 130 | 0.145489 | 67
-8431224616751391445 | 131 | 0.145489 | 67
1584294840206768726 | 132 | 0.145489 | 67
3168589680413537453 | 133 | 0.145489 | 67
6337179360827074906 | 134 | 0.135096 | 65
-5772385352055401804 | 135 | 0.135096 | 65
6901973369598748009 | 136 | 0.135096 | 65
-4642797334512055598 | 137 | 0.135096 | 65
9161149404685440420 | 138 | 0.00517388 | 1
9161149404685440421 | 138 | 0.135096 | 64
-124445264338670774 | 139 | 0.135096 | 64
-248890528677341548 | 140 | 0.135096 | 64
-497781057354683095 | 141 | 0.135096 | 64
-995562114709366190 | 142 | 0.135096 | 47
-1991124229418732379 | 143 | 0.135096 | 47
-3982248458837464757 | 144 | 0.135096 | 47
-7964496917674929513 | 145 | 0.135096 | 47
2517750238359692591 | 146 | 0.135096 | 47
5035500476719385182 | 147 | 0.135096 | 47
-8375743120270781252 | 148 | 0.135096 | 41
1695257833167989113 | 149 | 0.135096 | 41
3390515666335978227 | 150 | 0.135096 | 41
6781031332671956455 | 151 | 0.135096 | 41
-4884681408365638706 | 152 | 0.135096 | 41
8677381256978274205 | 153 | 0.135096 | 41
-1091981559753003205 | 154 | 0.135096 | 41
-2183963119506006409 | 155 | 0.135096 | 41
-4367926239012012817 | 156 | 0.135096 | 41
-8735852478024025633 | 157 | 0.135096 | 41
975039117661500350 | 158 | 0.135096 | 28
1950078235323000700 | 159 | 0.135096 | 20
3900156470646001400 | 160 | 0.135096 | 20
7800312941292002800 | 161 | 0.068719 | 13
-2846118191125546015 | 162 | 0.068719 | 13
-5692236382251092030 | 163 | 0.068719 | 13
7062271309207367556 | 164 | 0.068719 | 13
-4322201455294816503 | 165 | 0.068719 | 13
-8644402910589633005 | 166 | 0.068719 | 13
1157938252530285607 | 167 | 0.068719 | 13
2315876505060571214 | 168 | 0.068719 | 13
4631753010121142429 | 169 | 0.068719 | 13
-9183238053467266758 | 170 | 0.0637891 | 12
80267966775018100 | 171 | 0.0637891 | 12
160535933550036201 | 172 | 0.0637891 | 12
321071867100072402 | 173 | 0.0156614 | 11
642143734200144804 | 174 | 0.000164542 | 7
642143734200144805 | 174 | 0.000122982 | 4
321071867100072403 | 173 | 4.01416e-005 | 1
-9183238053467266757 | 170 | 0.000333893 | 1
7800312941292002801 | 161 | 0.0126245 | 7
1950078235323000701 | 159 | 0.0127485 | 8
975039117661500351 | 158 | 0.0952903 | 13
1950078235323000703 | 159 | 0.0952903 | 13
3900156470646001407 | 160 | 0.0952903 | 13
7800312941292002814 | 161 | 0.00746869 | 1
7800312941292002815 | 161 | 0.030652 | 12
-2846118191125545986 | 162 | 0.0044112 | 10
-2846118191125545985 | 162 | 0.00455047 | 2
-8375743120270781251 | 148 | 0.0203355 | 6
-995562114709366189 | 142 | 0.0194627 | 17
-1991124229418732378 | 143 | 0.0194627 | 17
-3982248458837464756 | 144 | 0.00452228 | 2
-3982248458837464755 | 144 | 0.0194627 | 15
-7964496917674929509 | 145 | 0.0194627 | 15
2517750238359692599 | 146 | 0.0194627 | 15
5035500476719385199 | 147 | 0.0194627 | 15
-8375743120270781218 | 148 | 0.0194627 | 15
1695257833167989181 | 149 | 0.0194627 | 15
3390515666335978362 | 150 | 0.0194627 | 15
6781031332671956724 | 151 | 0.00935786 | 6
6781031332671956725 | 151 | 0.0100341 | 9
6337179360827074907 | 134 | 0.00785014 | 2
-7444480566188043821 | 127 | 0.0580423 | 25
3557782941333463974 | 128 | 0.0580423 | 25
7115565882666927949 | 129 | 0.0580423 | 25
-4215612308375695717 | 130 | 0.0580423 | 25
-8431224616751391433 | 131 | 0.0580423 | 25
1584294840206768750 | 132 | 0.0580423 | 25
3168589680413537501 | 133 | 0.0580423 | 25
6337179360827075003 | 134 | 0.0580423 | 25
-5772385352055401610 | 135 | 0.000155224 | 9
-5772385352055401609 | 135 | 0.0196164 | 16
6901973369598748398 | 136 | 0.0196164 | 16
-4642797334512054819 | 137 | 0.0196164 | 16
9161149404685441978 | 138 | 0.0196164 | 16
-124445264338667659 | 139 | 0.0196164 | 16
-248890528677335318 | 140 | 0.0196164 | 16
-497781057354670636 | 141 | 0.0177014 | 14
-995562114709341272 | 142 | 0.0177014 | 14
-1991124229418682544 | 143 | 0.0177014 | 14
-3982248458837365087 | 144 | 0.0177014 | 14
-7964496917674730173 | 145 | 0.0177014 | 14
2517750238360091270 | 146 | 0.0177014 | 14
5035500476720182540 | 147 | 0.00949243 | 12
-8375743120269186535 | 148 | 0.00949243 | 12
1695257833171178547 | 149 | 0.00949243 | 12
3390515666342357094 | 150 | 0.00949243 | 12
6781031332684714189 | 151 | 0.00949243 | 12
-4884681408340123237 | 152 | 0.00949243 | 12
8677381257029305143 | 153 | 0.00949243 | 12
-1091981559650941329 | 154 | 0.00949243 | 12
-2183963119301882657 | 155 | 0.00949243 | 12
-4367926238603765314 | 156 | 0.00949243 | 12
-8735852477207530627 | 157 | 0.00949243 | 12
975039119294490363 | 158 | 0.00949243 | 12
1950078238588980726 | 159 | 1.34229e-005 | 6
1950078238588980727 | 159 | 0.0082574 | 6
5035500476720182541 | 147 | 0.0114597 | 2
-497781057354670635 | 141 | 0.00831371 | 2
-7848089098414587333 | 124 | 0.157536 | 103
2750565876880376951 | 125 | 0.157536 | 103
5501131753760753902 | 126 | 0.157536 | 103
-7444480566188043812 | 127 | 0.157536 | 103
3557782941333463993 | 128 | 0.157536 | 103
7115565882666927986 | 129 | 0.0774512 | 15
-4215612308375695644 | 130 | 0.0064549 | 7
-4215612308375695643 | 130 | 0.000662764 | 8
7115565882666927987 | 129 | 0.108232 | 88
-4215612308375695641 | 130 | 0.108232 | 88
-8431224616751391282 | 131 | 0.108232 | 88
1584294840206769053 | 132 | 0.108232 | 88
3168589680413538106 | 133 | 0.108232 | 88
6337179360827076212 | 134 | 0.108232 | 88
-5772385352055399192 | 135 | 0.108232 | 88
6901973369598753233 | 136 | 0.108232 | 88
-4642797334512045150 | 137 | 0.107057 | 81
9161149404685461317 | 138 | 0.107057 | 81
-124445264338628982 | 139 | 0.107057 | 81
-248890528677257963 | 140 | 0.107057 | 81
-497781057354515925 | 141 | 0.107057 | 81
-995562114709031850 | 142 | 0.107057 | 81
-1991124229418063699 | 143 | 0.107057 | 81
-3982248458836127397 | 144 | 0.107057 | 81
-7964496917672254793 | 145 | 0.107057 | 81
2517750238365042030 | 146 | 0.085094 | 11
5035500476730084060 | 147 | 0.085094 | 11
-8375743120249383496 | 148 | 0.085094 | 11
1695257833210784625 | 149 | 0.085094 | 11
3390515666421569251 | 150 | 0.085094 | 11
6781031332843138502 | 151 | 0.085094 | 11
-4884681408023274611 | 152 | 0.085094 | 11
8677381257663002394 | 153 | 0.00430138 | 10
8677381257663002395 | 153 | 0.00627569 | 1
2517750238365042031 | 146 | 0.107057 | 70
5035500476730084062 | 147 | 0.107057 | 70
-8375743120249383491 | 148 | 0.107057 | 70
1695257833210784634 | 149 | 0.0893158 | 36
3390515666421569269 | 150 | 0.0893158 | 36
6781031332843138538 | 151 | 0.0866698 | 33
-4884681408023274539 | 152 | 0.0866698 | 33
8677381257663002538 | 153 | 0.00449751 | 2
8677381257663002539 | 153 | 0.0866698 | 31
-1091981558383546537 | 154 | 0.0866698 | 31
-2183963116767093074 | 155 | 0.036963 | 29
-4367926233534186148 | 156 | 0.036963 | 29
-8735852467068372295 | 157 | 0.036963 | 29
975039139572807027 | 158 | 0.036963 | 29
1950078279145614055 | 159 | 0.036963 | 29
3900156558291228111 | 160 | 0.036963 | 29
7800313116582456222 | 161 | 0.036963 | 29
-2846117840544639172 | 162 | 0.02524 | 23
-5692235681089278344 | 163 | 0.0223743 | 22
7062272711530994929 | 164 | 0.0223743 | 22
-4322198650647561757 | 165 | 0.0223743 | 22
-8644397301295123514 | 166 | 0.0075598 | 8
-8644397301295123513 | 166 | 0.0153281 | 14
1157949471119304590 | 167 | 0.0153281 | 14
2315898942238609181 | 168 | 0.0153281 | 14
4631797884477218363 | 169 | 0.0153281 | 14
-9183148304755114889 | 170 | 0.0153281 | 14
80447464199321838 | 171 | 0.0153281 | 14
160894928398643676 | 172 | 0.0153281 | 14
321789856797287353 | 173 | 0.0153281 | 14
643579713594574706 | 174 | 0.0153281 | 14
1287159427189149413 | 175 | 0.0153281 | 14
2574318854378298826 | 176 | 0.0153281 | 14
5148637708756597652 | 177 | 0.0153281 | 14
-8149468656196356312 | 178 | 0.0095439 | 1
-8149468656196356311 | 178 | 0.0130863 | 13
2147806761316838995 | 179 | 0.0130863 | 13
4295613522633677990 | 180 | 0.0130863 | 13
8591227045267355980 | 181 | 0.0112184 | 6
8591227045267355981 | 181 | 0.00295338 | 7
-5692235681089278343 | 163 | 0.0035394 | 1
-2846117840544639171 | 162 | 0.00362152 | 6
-2183963116767093073 | 155 | 0.00547571 | 2
6781031332843138539 | 151 | 0.00811441 | 3
1695257833210784635 | 149 | 0.0961227 | 34
3390515666421569270 | 150 | 0.0961227 | 33
6781031332843138541 | 151 | 0.0961227 | 33
-4884681408023274534 | 152 | 0.0961227 | 33
8677381257663002549 | 153 | 0.0961227 | 33
-1091981558383546518 | 154 | 0.0961227 | 33
-2183963116767093036 | 155 | 0.000563874 | 4
-2183963116767093035 | 155 | 0.0890437 | 29
-4367926233534186069 | 156 | 0.0890437 | 29
-8735852467068372138 | 157 | 0.0890437 | 29
975039139572807340 | 158 | 0.0890437 | 29
1950078279145614680 | 159 | 0.0890437 | 29
3900156558291229361 | 160 | 0.0890437 | 29
7800313116582458723 | 161 | 0.0890437 | 29
-2846117840544634170 | 162 | 0.0890437 | 29
-5692235681089268340 | 163 | 0.0294846 | 25
7062272711531014936 | 164 | 0.0294846 | 25
-4322198650647521744 | 165 | 0.0294846 | 25
-8644397301295043487 | 166 | 0.0294846 | 25
1157949471119464643 | 167 | 0.0294846 | 25
2315898942238929286 | 168 | 0.0294846 | 25
4631797884477858573 | 169 | 0.0294846 | 25
-9183148304753834470 | 170 | 0.0294846 | 25
80447464201882677 | 171 | 0.0294846 | 25
160894928403765354 | 172 | 0.0294846 | 25
321789856807530708 | 173 | 0.00248292 | 1
321789856807530709 | 173 | 0.0164907 | 24
643579713615061418 | 174 | 0.0164907 | 24
1287159427230122836 | 175 | 0.0164907 | 24
2574318854460245672 | 176 | 0.0164907 | 24
5148637708920491345 | 177 | 0.0164907 | 24
-8149468655868568925 | 178 | 0.0164907 | 24
2147806761972413766 | 179 | 0.0164907 | 24
4295613523944827532 | 180 | 0.0164907 | 24
8591227047889655064 | 181 | 0.0164907 | 24
-1264289977930241488 | 182 | 0.0164907 | 24
-2528579955860482976 | 183 | 0.0164907 | 24
-5057159911720965951 | 184 | 0.0164907 | 24
8332424250267619714 | 185 | 0.0164907 | 24
-1781895573174312187 | 186 | 0.0164907 | 24
-3563791146348624373 | 187 | 0.0164907 | 24
-7127582292697248746 | 188 | 0.0164907 | 24
4191579488315054124 | 189 | 0.0164907 | 24
8383158976630108248 | 190 | 0.0164907 | 24
-1680426120449335119 | 191 | 0.0164907 | 24
-3360852240898670238 | 192 | 0.0164907 | 24
-6721704481797340475 | 193 | 0.0164907 | 24
5003335110114870667 | 194 | 0.0164907 | 24
-8440073853479810281 | 195 | 0.0164907 | 24
1566596366749931054 | 196 | 0.0119748 | 22
3133192733499862109 | 197 | 0.0119748 | 22
6266385466999724218 | 198 | 0.0119748 | 22
-5913973139710103180 | 199 | 0.0119748 | 21
6618797794289345256 | 200 | 0.0119748 | 21
-5209148485130861104 | 201 | 0.0119748 | 21
8028447103447829408 | 202 | 0.0119748 | 21
-2389849866813892799 | 203 | 0.0119748 | 21
-4779699733627785598 | 204 | 0.0119748 | 21
8887344606453980420 | 205 | 0.00541396 | 4
8887344606453980421 | 205 | 0.0065251 | 17
-672054860801590774 | 206 | 5.65301e-005 | 10
-672054860801590773 | 206 | 0.0118059 | 7
-5913973139710103179 | 199 | 0.00756176 | 1
1566596366749931055 | 196 | 0.00609579 | 2
-5692235681089268339 | 163 | 0.0105152 | 4
3390515666421569271 | 150 | 0.022717 | 1
-4642797334512045149 | 137 | 0.0132788 | 7
-6573708293031034737 | 122 | 0.0069523 | 1
-97736142057580415 | 114 | 0.180517 | 118
-195472284115160830 | 115 | 0.180517 | 118
-390944568230321660 | 116 | 0.180517 | 118
-781889136460643320 | 117 | 0.00194409 | 1
-781889136460643319 | 117 | 0.180517 | 117
-1563778272921286637 | 118 | 0.180517 | 117
-3127556545842573273 | 119 | 0.180517 | 117
-6255113091685146545 | 120 | 0.180517 | 117
5936517890339258526 | 121 | 0.023528 | 9
5936517890339258527 | 121 | 0.175966 | 108
-6573708293031034562 | 122 | 0.158266 | 93
5299327487647482492 | 123 | 0.158266 | 93
-7848089098414586632 | 124 | 0.14796 | 89
2750565876880378353 | 125 | 0.14796 | 89
5501131753760756706 | 126 | 0.136018 | 73
-7444480566188038203 | 127 | 0.136018 | 73
3557782941333475211 | 128 | 0.136018 | 73
7115565882666950423 | 129 | 0.136018 | 73
-4215612308375650770 | 130 | 0.134588 | 66
-8431224616751301540 | 131 | 0.134588 | 66
1584294840206948536 | 132 | 0.134588 | 66
3168589680413897073 | 133 | 0.134588 | 66
6337179360827794146 | 134 | 0.134588 | 66
-5772385352053963324 | 135 | 0.134588 | 66
6901973369601624968 | 136 | 0.127069 | 59
-4642797334506301679 | 137 | 0.127069 | 59
9161149404696948258 | 138 | 0.127069 | 59
-124445264315655100 | 139 | 0.127069 | 59
-248890528631310199 | 140 | 0.127069 | 59
-497781057262620397 | 141 | 0.127069 | 59
-995562114525240794 | 142 | 0.113485 | 51
-1991124229050481588 | 143 | 0.113485 | 51
-3982248458100963176 | 144 | 0.00580433 | 11
-7964496916201926352 | 145 | 0.00580433 | 11
2517750241305698912 | 146 | 0.00580433 | 11
5035500482611397824 | 147 | 0.00580433 | 11
-8375743108486755968 | 148 | 0.00580433 | 11
1695257856736039681 | 149 | 0.00580433 | 11
3390515713472079362 | 150 | 0.00580433 | 11
6781031426944158724 | 151 | 0.00632324 | 3
6781031426944158725 | 151 | 0.00677656 | 8
-3982248458100963175 | 144 | 0.019626 | 40
-7964496916201926349 | 145 | 0.019626 | 40
2517750241305698918 | 146 | 0.015173 | 36
5035500482611397836 | 147 | 0.015173 | 36
-8375743108486755944 | 148 | 0.015173 | 36
1695257856736039728 | 149 | 0.015173 | 36
3390515713472079457 | 150 | 0.015173 | 36
6781031426944158914 | 151 | 0.015173 | 36
-4884681219821233788 | 152 | 0.015173 | 36
8677381634067084041 | 153 | 0.015173 | 36
-1091980805575383534 | 154 | 0.015173 | 36
-2183961611150767067 | 155 | 0.015173 | 36
-4367923222301534133 | 156 | 0.015173 | 36
-8735846444603068265 | 157 | 0.015173 | 36
975051184503415086 | 158 | 0.015173 | 36
1950102369006830172 | 159 | 0.000642587 | 9
1950102369006830173 | 159 | 0.0106753 | 27
3900204738013660347 | 160 | 0.0106753 | 27
7800409476027320695 | 161 | 0.0106753 | 27
-2845925121654910226 | 162 | 0.00478375 | 3
-2845925121654910225 | 162 | 0.00839176 | 24
-5691850243309820450 | 163 | 0.00839176 | 24
7063043587089910717 | 164 | 0.00839176 | 24
-4320656899529730181 | 165 | 0.00839176 | 24
-8641313799059460361 | 166 | 0.00839176 | 24
1164116475590630894 | 167 | 0.00839176 | 24
2328232951181261789 | 168 | 0.00839176 | 24
4656465902362523578 | 169 | 0.00839176 | 24
-9133812268984504459 | 170 | 0.00839176 | 24
179119535740542698 | 171 | 0.00839176 | 24
358239071481085396 | 172 | 0.00839176 | 24
716478142962170792 | 173 | 0.00525758 | 1
716478142962170793 | 173 | 0.00744931 | 23
1432956285924341587 | 174 | 0.00744931 | 23
2865912571848683174 | 175 | 0.00744931 | 23
5731825143697366348 | 176 | 0.00454292 | 13
-6983093786314818920 | 177 | 0.00454292 | 13
4480556501079913776 | 178 | 0.00454292 | 13
8961113002159827552 | 179 | 0.00454292 | 13
-524518069389896511 | 180 | 0.00454292 | 13
-1049036138779793021 | 181 | 0.00454292 | 13
-2098072277559586041 | 182 | 0.00454292 | 13
-4196144555119172082 | 183 | 0.013092 | 7
-4196144555119172081 | 183 | 0.00754421 | 6
5731825143697366349 | 176 | 0.00665886 | 10
2517750241305698919 | 146 | 0.0131597 | 4
-995562114525240793 | 142 | 0.00576229 | 8
6901973369601624969 | 136 | 0.00472047 | 7
-4215612308375650769 | 130 | 0.00713847 | 7
5501131753760756707 | 126 | 0.14796 | 16
-7444480566188038202 | 127 | 0.14796 | 16
3557782941333475213 | 128 | 0.14796 | 16
7115565882666950426 | 129 | 0.0131706 | 3
7115565882666950427 | 129 | 0.0419941 | 13
-4215612308375650761 | 130 | 0.0419941 | 13
-8431224616751301521 | 131 | 0.0419941 | 13
1584294840206948575 | 132 | 0.0419941 | 13
3168589680413897150 | 133 | 0.0419941 | 13
6337179360827794301 | 134 | 0.0419941 | 13
-5772385352053963014 | 135 | 0.0419941 | 13
6901973369601625589 | 136 | 0.0419941 | 13
-4642797334506300438 | 137 | 0.00807494 | 9
-4642797334506300437 | 137 | 0.00441709 | 4
-7848089098414586631 | 124 | 0.00685272 | 4
-6573708293031034561 | 122 | 0.145508 | 15
5299327487647482495 | 123 | 0.145508 | 15
-7848089098414586626 | 124 | 0.145508 | 15
2750565876880378364 | 125 | 0.145508 | 15
5501131753760756728 | 126 | 0.00837918 | 10
5501131753760756729 | 126 | 0.00783138 | 5
9198938001340380705 | 112 | 0.138501 | 33
-48868071028790206 | 113 | 0.109701 | 23
-97736142057580412 | 114 | 0.109701 | 23
-195472284115160824 | 115 | 0.109701 | 23
-390944568230321647 | 116 | 0.109701 | 23
-781889136460643294 | 117 | 0.0406993 | 22
-1563778272921286588 | 118 | 0.0406993 | 22
-3127556545842573176 | 119 | 0.0406993 | 22
-6255113091685146351 | 120 | 0.0406993 | 22
5936517890339258914 | 121 | 0.0406993 | 22
-6573708293031033787 | 122 | 0.0406993 | 22
5299327487647484042 | 123 | 0.0029672 | 9
5299327487647484043 | 123 | 0.0406993 | 13
-7848089098414583530 | 124 | 0.0406993 | 13
2750565876880384556 | 125 | 0.00445246 | 7
2750565876880384557 | 125 | 0.0148171 | 6
-781889136460643293 | 117 | 0.00423215 | 1
-48868071028790205 | 113 | 0.00350141 | 10
1584885287029502169 | 106 | 0.0032845 | 1
-8430929393340024723 | 105 | 0.149418 | 57
1584885287029502170 | 106 | 0.149418 | 56
3169770574059004341 | 107 | 0.149418 | 56
6339541148118008683 | 108 | 0.149418 | 56
-5767661777473534250 | 109 | 0.149418 | 56
6911420518762483116 | 110 | 0.149418 | 55
-4623903036184585384 | 111 | 0.149418 | 55
9198938001340380848 | 112 | 0.149418 | 47
-48868071028789920 | 113 | 0.130897 | 40
-97736142057579840 | 114 | 2.87794e-005 | 2
-97736142057579839 | 114 | 0.1073 | 38
-195472284115159677 | 115 | 0.1073 | 38
-390944568230319353 | 116 | 0.1073 | 38
-781889136460638705 | 117 | 0.1073 | 38
-1563778272921277410 | 118 | 0.1073 | 19
-3127556545842554820 | 119 | 0.00436857 | 8
-3127556545842554819 | 119 | 0.0156425 | 11
-6255113091685109637 | 120 | 0.0156425 | 11
5936517890339332342 | 121 | 0.0156425 | 11
-6573708293030886931 | 122 | 0.0156425 | 11
5299327487647777754 | 123 | 0.0156425 | 11
-7848089098413996108 | 124 | 0.0156425 | 11
2750565876881559400 | 125 | 0.00896263 | 7
2750565876881559401 | 125 | -2.4543e-310 | 4
-1563778272921277409 | 118 | 0.0262755 | 19
-3127556545842554817 | 119 | 0.0262755 | 19
-6255113091685109633 | 120 | 0.0262755 | 19
5936517890339332351 | 121 | 0.0262755 | 19
-6573708293030886914 | 122 | 0.0262755 | 19
5299327487647777789 | 123 | 0.0262755 | 19
-7848089098413996037 | 124 | 0.0262755 | 19
2750565876881559543 | 125 | 0.0262755 | 19
5501131753763119087 | 126 | 0.0262755 | 19
-7444480566183313441 | 127 | 0.0262755 | 19
3557782941342924734 | 128 | 0.0262755 | 19
7115565882685849468 | 129 | 0.0161424 | 18
-4215612308337852679 | 130 | 0.0161424 | 18
-8431224616675705357 | 131 | 0.0161424 | 18
1584294840358140902 | 132 | 0.0161424 | 18
3168589680716281804 | 133 | 0.0161424 | 18
6337179361432563609 | 134 | 0.0161424 | 18
-5772385350844424397 | 135 | 0.0161424 | 18
6901973372020702822 | 136 | 0.0161424 | 18
-4642797329668145972 | 137 | 0.0179259 | 1
-4642797329668145971 | 137 | 0.0161424 | 17
9161149414373259674 | 138 | 0.0161424 | 17
-124445244963032267 | 139 | 0.0161424 | 17
-248890489926064534 | 140 | 0.0132836 | 3
-248890489926064533 | 140 | 0.0147213 | 14
-497780979852129065 | 141 | 0.0147213 | 14
-995561959704258130 | 142 | 0.00761085 | 8
-995561959704258129 | 142 | 0.00327193 | 6
7115565882685849469 | 129 | 0.00936051 | 1
-48868071028789919 | 113 | 0.00532473 | 7
9198938001340380849 | 112 | 4.27552e-005 | 8
6911420518762483117 | 110 | 0.000398384 | 1
1584885287029502171 | 106 | 0.00773389 | 1
-8271366113148594691 | 84 | 0.913654 | 49
1904011847412362234 | 85 | 0.913654 | 49
3808023694824724468 | 86 | 0.913654 | 49
7616047389649448936 | 87 | 0.913654 | 36
-3214649294410653743 | 88 | 0.913654 | 36
-6429298588821307485 | 89 | 0.913654 | 36
5588146896066936647 | 90 | 0.913654 | 36
-7270450281575678321 | 91 | 0.913654 | 36
3905843510558194975 | 92 | 0.913654 | 36
7811687021116389951 | 93 | 0.913654 | 36
-2823370031476771714 | 94 | 0.669657 | 20
-5646740062953543428 | 95 | 0.669657 | 12
7153263947802464760 | 96 | 0.669657 | 12
-4140216178104622096 | 97 | 0.669657 | 12
-8280432356209244192 | 98 | 0.669657 | 12
1885879361291063232 | 99 | 0.0102265 | 6
1885879361291063233 | 99 | 0.00435267 | 6
-5646740062953543427 | 95 | 0.00395108 | 8
-2823370031476771713 | 94 | 0.804418 | 16
-5646740062953543426 | 95 | 0.00361319 | 4
-5646740062953543425 | 95 | 0.70405 | 12
7153263947802464767 | 96 | 0.70405 | 12
-4140216178104622082 | 97 | 0.70405 | 12
-8280432356209244163 | 98 | 0.70405 | 12
1885879361291063290 | 99 | 0.00844326 | 7
1885879361291063291 | 99 | 0.0106185 | 5
7616047389649448937 | 87 | 0.0851982 | 13
-3214649294410653741 | 88 | 0.0851982 | 13
-6429298588821307481 | 89 | 0.0851982 | 13
5588146896066936654 | 90 | 0.0851982 | 13
-7270450281575678307 | 91 | 0.0851982 | 13
3905843510558195002 | 92 | 0.071382 | 11
7811687021116390005 | 93 | 0.071382 | 11
-2823370031476771605 | 94 | 0.071382 | 11
-5646740062953543210 | 95 | 0.071382 | 11
7153263947802465196 | 96 | 0.071382 | 11
-4140216178104621223 | 97 | 0.071382 | 11
-8280432356209242445 | 98 | 0.071382 | 11
1885879361291066726 | 99 | 0.071382 | 11
3771758722582133452 | 100 | 0.071382 | 11
7543517445164266905 | 101 | 0.071382 | 11
-3359709183381017806 | 102 | 0.071382 | 11
-6719418366762035612 | 103 | 0.071382 | 11
5007907340185480393 | 104 | 0.071382 | 11
-8430929393338590830 | 105 | 0.071382 | 11
1584885287032369956 | 106 | 0.071382 | 11
3169770574064739912 | 107 | 0.071382 | 11
6339541148129479824 | 108 | 0.071382 | 11
-5767661777450591968 | 109 | 0.071382 | 11
6911420518808367680 | 110 | 0.00506543 | 5
6911420518808367681 | 110 | 0.00336891 | 6
3905843510558195003 | 92 | 0.0102106 | 2
8438736013446075545 | 71 | 0.958043 | 26
-1569272046817400526 | 72 | 0.958043 | 26
-3138544093634801052 | 73 | 0.936361 | 16
-6277088187269602104 | 74 | 0.0196313 | 10
-6277088187269602103 | 74 | 0.0106869 | 6
-3138544093634801051 | 73 | 0.00481425 | 10
4219368006723037773 | 70 | 0.00264954 | 6
6028318023454424741 | 66 | 0.00347485 | 2
23548117279118847 | 58 | 0.0204834 | 6
5614308663 | 36 | 1.2496 | 33
11228617326 | 37 | 1.15443 | 26
22457234652 | 38 | 1.15443 | 26
44914469304 | 39 | 0.00429663 | 8
44914469305 | 39 | 0.855396 | 18
89828938610 | 40 | 0.855396 | 18
179657877220 | 41 | 0.00488037 | 4
179657877221 | 41 | 0.783359 | 14
359315754443 | 42 | 0.783359 | 14
718631508886 | 43 | 0.00427264 | 4
718631508887 | 43 | 0.00725639 | 10
11228617327 | 37 | 0.00436185 | 7
10965447 | 27 | 0.00350141 | 1
1370681 | 24 | 1.98968 | 66
2741362 | 25 | 1.98968 | 66
5482725 | 26 | 1.98968 | 66
10965450 | 27 | 1.98968 | 65
21930900 | 28 | 1.98968 | 65
43861800 | 29 | 0.0003184 | 1
43861801 | 29 | 1.9701 | 64
87723602 | 30 | 1.9701 | 64
175447204 | 31 | 1.76279 | 47
350894408 | 32 | 1.76279 | 47
701788817 | 33 | 1.76279 | 47
1403577634 | 34 | 1.76279 | 47
2807155269 | 35 | 1.76279 | 47
5614310539 | 36 | 1.76279 | 47
11228621078 | 37 | 0.0734405 | 11
22457242156 | 38 | 0.0734405 | 11
44914484312 | 39 | 0.0159955 | 8
44914484313 | 39 | 0.00895609 | 3
11228621079 | 37 | 1.67028 | 36
22457242159 | 38 | 1.67028 | 36
44914484319 | 39 | 1.67028 | 36
89828968639 | 40 | 1.67028 | 36
179657937278 | 41 | 1.01497 | 30
359315874556 | 42 | 0.00966629 | 3
359315874557 | 42 | 1.01497 | 27
718631749115 | 43 | 1.01497 | 27
1437263498231 | 44 | 1.01497 | 27
2874526996462 | 45 | 1.01497 | 27
5749053992924 | 46 | 1.01497 | 27
11498107985848 | 47 | 1.01497 | 27
22996215971696 | 48 | 1.01497 | 27
45992431943392 | 49 | 0.926699 | 21
91984863886784 | 50 | 0.0172919 | 2
91984863886785 | 50 | 0.926699 | 19
183969727773570 | 51 | 0.834107 | 15
367939455547140 | 52 | 0.834107 | 15
735878911094281 | 53 | 0.834107 | 15
1471757822188562 | 54 | 0.00768641 | 1
1471757822188563 | 54 | 0.584347 | 14
2943515644377127 | 55 | 0.584347 | 14
5887031288754254 | 56 | 0.584347 | 14
11774062577508509 | 57 | 0.584347 | 14
23548125155017018 | 58 | 0.0166574 | 5
23548125155017019 | 58 | 0.017383 | 9
183969727773571 | 51 | 0.0148229 | 4
45992431943393 | 49 | 0.0131411 | 6
179657937279 | 41 | 0.00481575 | 6
175447205 | 31 | 0.614088 | 17
350894410 | 32 | 0.614088 | 17
701788820 | 33 | 0.343962 | 16
1403577640 | 34 | 0.343962 | 16
2807155280 | 35 | 0.343962 | 15
5614310560 | 36 | 0.343962 | 15
11228621121 | 37 | 0.343962 | 15
22457242243 | 38 | 0.343962 | 15
44914484486 | 39 | 0.0117314 | 7
44914484487 | 39 | 0.00418195 | 8
2807155281 | 35 | 0.0237952 | 1
701788821 | 33 | 0.0113078 | 1
10965451 | 27 | 0.00434223 | 1
1 | 2 | 1.87433 | 79
2 | 3 | 0.0199672 | 5
3 | 3 | 1.87433 | 74
7 | 4 | 1.87433 | 74
14 | 5 | 0.0107198 | 1
15 | 5 | 1.65226 | 73
30 | 6 | 1.65226 | 73
60 | 7 | 1.65226 | 73
121 | 8 | 1.65226 | 73
242 | 9 | 1.65226 | 73
484 | 10 | 1.65226 | 73
969 | 11 | 1.65226 | 73
1938 | 12 | 1.65226 | 73
3876 | 13 | 1.65226 | 73
7752 | 14 | 1.65226 | 73
15505 | 15 | 1.65226 | 73
31011 | 16 | 1.65226 | 73
62022 | 17 | 1.65226 | 73
124044 | 18 | 1.65226 | 73
248089 | 19 | 1.65226 | 73
496178 | 20 | 1.65226 | 73
992356 | 21 | 1.65226 | 73
1984712 | 22 | 1.65226 | 73
3969425 | 23 | 1.65226 | 73
7938850 | 24 | 1.65226 | 73
15877700 | 25 | 0.787351 | 32
31755400 | 26 | 0.787351 | 32
63510801 | 27 | 0.787351 | 32
127021602 | 28 | 0.787351 | 32
254043204 | 29 | 0.787351 | 32
508086408 | 30 | 0.787351 | 32
1016172817 | 31 | 0.787351 | 32
2032345634 | 32 | 0.787351 | 32
4064691268 | 33 | 0.787351 | 32
8129382536 | 34 | 0.787351 | 32
16258765072 | 35 | 0.203381 | 13
32517530144 | 36 | 0.203381 | 13
65035060289 | 37 | 0.203381 | 13
130070120579 | 38 | 0.203381 | 13
260140241158 | 39 | 0.203381 | 13
520280482316 | 40 | 0.0140232 | 10
520280482317 | 40 | 0.0127506 | 3
16258765073 | 35 | 0.363377 | 19
32517530147 | 36 | 0.363377 | 19
65035060294 | 37 | 0.363377 | 15
130070120588 | 38 | 0.363377 | 15
260140241177 | 39 | 0.363377 | 15
520280482355 | 40 | 0.363377 | 15
1040560964710 | 41 | 0.363377 | 15
2081121929420 | 42 | 0.363377 | 15
4162243858841 | 43 | 0.363377 | 15
8324487717682 | 44 | 0.00524563 | 8
8324487717683 | 44 | 0.000131125 | 7
65035060295 | 37 | 0.00786844 | 4
15877701 | 25 | 1.65226 | 41
31755403 | 26 | 1.65226 | 41
63510806 | 27 | 1.65226 | 35
127021613 | 28 | 1.65226 | 35
254043226 | 29 | 1.65226 | 35
508086452 | 30 | 1.65226 | 35
1016172904 | 31 | 0.0133823 | 9
1016172905 | 31 | 1.46595 | 26
2032345810 | 32 | 0.000366045 | 10
2032345811 | 32 | 0.54861 | 16
4064691622 | 33 | 0.54861 | 16
8129383245 | 34 | 0.54861 | 16
16258766491 | 35 | 0.54861 | 16
32517532982 | 36 | 0.54861 | 16
65035065964 | 37 | 0.54861 | 16
130070131929 | 38 | 0.54861 | 16
260140263858 | 39 | 0.54861 | 16
520280527716 | 40 | 0.54861 | 16
1040561055432 | 41 | 0.00532478 | 7
1040561055433 | 41 | 0.00820345 | 9
63510807 | 27 | 0.0119538 | 6
