ID | Depth | diameter | Number of points
0 | 0 | 3.10148 | 2000
1 | 1 | 3.10148 | 2000
2 | 2 | 3.10148 | 2000
4 | 3 | 3.10148 | 1797
8 | 4 | 0.000228545 | 1
9 | 4 | 3.10148 | 1796
18 | 5 | 3.10148 | 1796
36 | 6 | 1.54849 | 37
72 | 7 | 1.54849 | 37
144 | 8 | 1.54849 | 37
288 | 9 | 1.54849 | 37
577 | 10 | 1.54849 | 37
1155 | 11 | 1.54849 | 37
2310 | 12 | 0.0166116 | 4
2311 | 12 | 1.51009 | 33
4623 | 13 | 1.51009 | 33
9246 | 14 | 0.0175507 | 9
9247 | 14 | 1.51009 | 24
18494 | 15 | 0.0177484 | 5
18495 | 15 | 0.638359 | 19
36990 | 16 | 0.638359 | 19
73981 | 17 | 0.638359 | 19
147963 | 18 | 0.638359 | 19
295927 | 19 | 0.638359 | 19
591855 | 20 | 0.638359 | 19
1183711 | 21 | 0.638359 | 19
2367422 | 22 | 0.638359 | 19
4734844 | 23 | 0.638359 | 19
9469688 | 24 | 0.601905 | 12
18939377 | 25 | 0.601905 | 12
37878755 | 26 | 0.601905 | 12
75757511 | 27 | 0.601905 | 12
151515023 | 28 | 0.601905 | 12
303030046 | 29 | 0.0131797 | 1
303030047 | 29 | 0.343962 | 11
606060094 | 30 | 0.343962 | 11
1212120188 | 31 | 0.343962 | 11
2424240376 | 32 | 0.343962 | 11
4848480752 | 33 | 0.343962 | 11
9696961504 | 34 | 0.0143868 | 1
9696961505 | 34 | 0.0120886 | 10
9469689 | 24 | 0.00607313 | 7
37 | 6 | 3.10148 | 1759
74 | 7 | 1.30227 | 29
149 | 8 | 1.30227 | 29
299 | 9 | 1.30227 | 29
598 | 10 | 1.30227 | 29
1196 | 11 | 1.30227 | 29
2392 | 12 | 1.30227 | 29
4784 | 13 | 1.30227 | 29
9569 | 14 | 1.30227 | 29
19139 | 15 | 1.30227 | 29
38278 | 16 | 1.30227 | 29
76557 | 17 | 1.30227 | 29
153114 | 18 | 1.30227 | 29
306228 | 19 | 1.30227 | 21
612456 | 20 | 1.30227 | 21
1224912 | 21 | 1.30227 | 21
2449825 | 22 | 1.30227 | 21
4899651 | 23 | 1.30227 | 21
9799303 | 24 | 1.30227 | 21
19598606 | 25 | 1.30227 | 21
39197213 | 26 | 1.30227 | 21
78394427 | 27 | 1.30227 | 21
156788854 | 28 | 1.22449 | 11
313577708 | 29 | 1.22449 | 11
627155417 | 30 | 1.22449 | 11
1254310835 | 31 | 1.22449 | 11
2508621670 | 32 | 1.22449 | 11
5017243341 | 33 | 1.22449 | 11
10034486682 | 34 | 1.22449 | 11
20068973364 | 35 | 0.000345271 | 9
20068973365 | 35 | 0.0173219 | 2
156788855 | 28 | 0 | 10
306229 | 19 | 0.0505206 | 8
75 | 7 | 3.10148 | 1730
150 | 8 | 3.10148 | 1730
300 | 9 | 3.10148 | 1730
600 | 10 | 3.10148 | 1730
1200 | 11 | 3.10148 | 1730
2401 | 12 | 3.10148 | 1730
4802 | 13 | 3.10148 | 1684
9604 | 14 | 3.10148 | 1043
19208 | 15 | 3.10148 | 1043
38416 | 16 | 3.10148 | 1043
76833 | 17 | 3.10148 | 1043
153666 | 18 | 2.99826 | 197
307332 | 19 | 2.99826 | 197
614664 | 20 | 2.82657 | 113
1229328 | 21 | 1.38375 | 60
2458657 | 22 | 1.38375 | 60
4917314 | 23 | 1.38375 | 60
9834629 | 24 | 1.38375 | 60
19669259 | 25 | 1.38375 | 60
39338518 | 26 | 1.38375 | 44
78677036 | 27 | 1.38375 | 44
157354073 | 28 | 1.38375 | 44
314708146 | 29 | 1.38375 | 44
629416292 | 30 | 0.996469 | 17
1258832584 | 31 | 0.00558389 | 4
1258832585 | 31 | 0.559087 | 13
2517665170 | 32 | 0.559087 | 13
5035330341 | 33 | 0.559087 | 13
10070660683 | 34 | 0.559087 | 13
20141321366 | 35 | 0.559087 | 13
40282642733 | 36 | 0.559087 | 13
80565285466 | 37 | 0.0175819 | 2
80565285467 | 37 | 0.487915 | 11
161130570934 | 38 | 0.487915 | 11
322261141868 | 39 | 0.487915 | 11
644522283737 | 40 | 0.487915 | 11
1289044567475 | 41 | 0.487915 | 11
2578089134950 | 42 | 0.0442727 | 2
2578089134951 | 42 | 0.029863 | 9
629416293 | 30 | 1.38375 | 27
1258832587 | 31 | 1.38375 | 27
2517665174 | 32 | 1.38375 | 27
5035330349 | 33 | 1.38375 | 27
10070660698 | 34 | 0.0186341 | 2
10070660699 | 34 | 1.00932 | 25
20141321399 | 35 | 1.00932 | 25
40282642798 | 36 | 1.00932 | 24
80565285597 | 37 | 1.00932 | 24
161130571195 | 38 | 1.00932 | 24
322261142390 | 39 | 1.00932 | 21
644522284780 | 40 | 0.0072824 | 7
644522284781 | 40 | 1.00932 | 14
1289044569562 | 41 | 0.000719291 | 1
1289044569563 | 41 | 0.861027 | 13
2578089139126 | 42 | 0.0181567 | 10
2578089139127 | 42 | 0.0177639 | 3
322261142391 | 39 | 0.00519125 | 3
40282642799 | 36 | 0.00960691 | 1
39338519 | 26 | 0.301315 | 16
78677038 | 27 | 0.301315 | 16
157354076 | 28 | 0.301315 | 16
314708152 | 29 | 0.301315 | 16
629416305 | 30 | 0.301315 | 16
1258832611 | 31 | 0.301315 | 16
2517665222 | 32 | 0.301315 | 16
5035330445 | 33 | 0.301315 | 16
10070660890 | 34 | 0.301315 | 16
20141321780 | 35 | 0.13128 | 15
40282643561 | 36 | 0.13128 | 15
80565287123 | 37 | 0.13128 | 15
161130574247 | 38 | 0.13128 | 15
322261148495 | 39 | 0.13128 | 15
644522296990 | 40 | 0.13128 | 15
1289044593981 | 41 | 0.13128 | 15
2578089187962 | 42 | 0.13128 | 15
5156178375925 | 43 | 0.13128 | 15
10312356751851 | 44 | 0.13128 | 15
20624713503702 | 45 | 0.13128 | 15
41249427007404 | 46 | 0.0280329 | 5
41249427007405 | 46 | 2.37768e-005 | 10
20141321781 | 35 | 0.00744231 | 1
1229329 | 21 | 2.24276 | 53
2458659 | 22 | 2.24276 | 53
4917318 | 23 | 2.24276 | 53
9834636 | 24 | 2.24276 | 53
19669272 | 25 | 2.14212 | 35
39338545 | 26 | 2.14212 | 35
78677090 | 27 | 2.14212 | 35
157354180 | 28 | 2.14212 | 34
314708360 | 29 | 0.0278474 | 10
314708361 | 29 | 1.28729 | 24
629416723 | 30 | 1.28729 | 24
1258833447 | 31 | 1.28729 | 24
2517666894 | 32 | 1.28729 | 24
5035333788 | 33 | 0.935873 | 16
10070667577 | 34 | 0.935873 | 16
20141335155 | 35 | 0.935873 | 16
40282670310 | 36 | 0.935873 | 16
80565340620 | 37 | 0.781282 | 15
161130681240 | 38 | 0.781282 | 15
322261362481 | 39 | 0.781282 | 15
644522724963 | 40 | 0.781282 | 15
1289045449926 | 41 | 0.781282 | 15
2578090899852 | 42 | 0.781282 | 15
5156181799704 | 43 | 0.781282 | 15
10312363599408 | 44 | 0.781282 | 15
20624727198816 | 45 | 0.000354993 | 8
20624727198817 | 45 | 0.0478415 | 7
80565340621 | 37 | 0.017044 | 1
5035333789 | 33 | 0.000165332 | 8
157354181 | 28 | 0.000306156 | 1
19669273 | 25 | 1.63347 | 18
39338546 | 26 | 0.0696476 | 6
39338547 | 26 | 1.63347 | 12
78677094 | 27 | 0.0490561 | 1
78677095 | 27 | 1.63347 | 11
157354190 | 28 | 1.63347 | 11
314708381 | 29 | 1.63347 | 11
629416762 | 30 | 1.63347 | 11
1258833525 | 31 | 1.63347 | 11
2517667050 | 32 | 0.00643474 | 10
2517667051 | 32 | 0.00902265 | 1
614665 | 20 | 1.70047 | 84
1229330 | 21 | 1.70047 | 84
2458661 | 22 | 1.70047 | 84
4917323 | 23 | 1.70047 | 84
9834647 | 24 | 1.70047 | 84
19669294 | 25 | 1.70047 | 84
39338589 | 26 | 1.70047 | 84
78677179 | 27 | 1.70047 | 84
157354358 | 28 | 6.52313e-005 | 1
157354359 | 28 | 1.70047 | 83
314708719 | 29 | 1.70047 | 83
629417438 | 30 | 0.00508545 | 4
629417439 | 30 | 1.70047 | 79
1258834878 | 31 | 1.70047 | 79
2517669756 | 32 | 1.33674 | 39
5035339512 | 33 | 1.33674 | 34
10070679025 | 34 | 1.33674 | 34
20141358050 | 35 | 0.0197182 | 2
20141358051 | 35 | 1.33674 | 32
40282716102 | 36 | 0.00995661 | 6
40282716103 | 36 | 1.21806 | 26
80565432206 | 37 | 0.000178714 | 2
80565432207 | 37 | 1.18337 | 24
161130864414 | 38 | 0.00994955 | 8
161130864415 | 38 | 1.16499 | 16
322261728830 | 39 | 1.16499 | 16
644523457661 | 40 | 1.16499 | 16
1289046915322 | 41 | 1.16499 | 16
2578093830644 | 42 | 0.0100064 | 9
2578093830645 | 42 | 0.0270385 | 7
5035339513 | 33 | 0.0166656 | 5
2517669757 | 32 | 1.04226 | 40
5035339514 | 33 | 0.700719 | 14
10070679029 | 34 | 0.700719 | 14
20141358058 | 35 | 0.0481827 | 8
20141358059 | 35 | 0.0110527 | 6
5035339515 | 33 | 1.04226 | 26
10070679030 | 34 | 1.04226 | 26
20141358060 | 35 | 0.0114291 | 6
20141358061 | 35 | 0.935196 | 20
40282716122 | 36 | 0.935196 | 20
80565432244 | 37 | 0.935196 | 20
161130864488 | 38 | 0.935196 | 20
322261728976 | 39 | 0.935196 | 20
644523457953 | 40 | 0.935196 | 20
1289046915907 | 41 | 0.935196 | 20
2578093831814 | 42 | 0.0484846 | 7
2578093831815 | 42 | 0.666351 | 13
5156187663631 | 43 | 0.666351 | 13
10312375327262 | 44 | 0.0176256 | 2
10312375327263 | 44 | 0.296836 | 11
20624750654526 | 45 | 0.296836 | 11
41249501309053 | 46 | 0.296836 | 11
82499002618106 | 47 | 0.296836 | 11
164998005236212 | 48 | 0.0474179 | 3
164998005236213 | 48 | 0.0168867 | 8
153667 | 18 | 0.917608 | 846
307334 | 19 | 0.718982 | 730
614669 | 20 | 0.718982 | 730
1229339 | 21 | 0.718982 | 730
2458678 | 22 | 0.325933 | 116
4917357 | 23 | 0.325933 | 116
9834714 | 24 | 0.217224 | 115
19669428 | 25 | 0.122465 | 68
39338857 | 26 | 0.122465 | 68
78677715 | 27 | 0.122465 | 68
157355431 | 28 | 0.122465 | 68
314710862 | 29 | 0.122465 | 68
629421724 | 30 | 0.0049511 | 10
629421725 | 30 | 0.122465 | 58
1258843450 | 31 | 0.0929794 | 56
2517686901 | 32 | 0.0929794 | 56
5035373802 | 33 | 0.0929794 | 56
10070747604 | 34 | 0.0929794 | 56
20141495209 | 35 | 0.0929794 | 56
40282990418 | 36 | 0.0929794 | 56
80565980836 | 37 | 0.0929794 | 56
161131961672 | 38 | 0.0929794 | 56
322263923344 | 39 | 0.0929794 | 56
644527846688 | 40 | 0.0929794 | 56
1289055693376 | 41 | 0.0929794 | 56
2578111386752 | 42 | 0.0929794 | 56
5156222773505 | 43 | 0.0929794 | 56
10312445547011 | 44 | 0.0929794 | 56
20624891094022 | 45 | 0.0274716 | 13
41249782188045 | 46 | 0.0274716 | 13
82499564376090 | 47 | 0.0274716 | 13
164999128752180 | 48 | 0.0134738 | 2
164999128752181 | 48 | 0.0274716 | 11
329998257504363 | 49 | 0.0274716 | 11
659996515008726 | 50 | 0.0177326 | 4
659996515008727 | 50 | 0.0168867 | 7
20624891094023 | 45 | 0.0349932 | 43
41249782188046 | 46 | 0.0349932 | 43
82499564376093 | 47 | 0.0349932 | 43
164999128752186 | 48 | 0.0349932 | 43
329998257504372 | 49 | 0.0349932 | 43
659996515008744 | 50 | 0.0349932 | 43
1319993030017489 | 51 | 0.0349932 | 43
2639986060034978 | 52 | 0.0349932 | 43
5279972120069956 | 53 | 0.0289497 | 33
10559944240139912 | 54 | 0.0289497 | 33
21119888480279824 | 55 | 0.00535638 | 2
21119888480279825 | 55 | 0.0267597 | 31
42239776960559650 | 56 | 0.0267597 | 31
84479553921119300 | 57 | 0.0267597 | 31
168959107842238601 | 58 | 0.0267597 | 31
337918215684477202 | 59 | 0.0267597 | 31
675836431368954405 | 60 | 0.0267597 | 31
1351672862737908810 | 61 | 0.0267597 | 31
2703345725475817620 | 62 | 0.00798959 | 4
2703345725475817621 | 62 | 0.0230046 | 27
5406691450951635242 | 63 | 0.0230046 | 27
-7633361171806281132 | 64 | 0.0230046 | 26
3180021730096989352 | 65 | 0.0230046 | 26
6360043460193978704 | 66 | 0.0230046 | 26
-5726657153321594208 | 67 | 0.018925 | 22
6993429767066363200 | 68 | 0.018925 | 22
-4459884539576825216 | 69 | 0.0169968 | 20
-8919769079153650431 | 70 | 0.0169968 | 20
607205915402250755 | 71 | 0.0169968 | 20
1214411830804501511 | 72 | 0.0169968 | 20
2428823661609003022 | 73 | 0.0169968 | 20
4857647323218006044 | 74 | 0.0169968 | 20
-8731449427273539527 | 75 | 0.0169968 | 20
983845219162472563 | 76 | 0.0169968 | 20
1967690438324945127 | 77 | 0.0169968 | 20
3935380876649890254 | 78 | 0.0169968 | 20
7870761753299780509 | 79 | 0.0169968 | 20
-2705220567109990598 | 80 | 0.0115001 | 19
-5410441134219981196 | 81 | 0.00450848 | 1
-5410441134219981195 | 81 | 0.00899553 | 18
7625861805269589226 | 82 | 0.00899553 | 18
-3195020463170373164 | 83 | 0.00712287 | 5
-3195020463170373163 | 83 | 0.00752969 | 13
-6390040926340746325 | 84 | 0.00752969 | 13
5666662221028058967 | 85 | 0.00752969 | 13
-7113419631653433682 | 86 | 0.00752969 | 13
4219904810402684253 | 87 | 0.00752969 | 13
8439809620805368506 | 88 | 0.00752969 | 13
-1567124832098814604 | 89 | 0.000816305 | 10
-1567124832098814603 | 89 | 0.00210186 | 3
-2705220567109990597 | 80 | 0.00062161 | 1
-4459884539576825215 | 69 | 0.000760711 | 2
-5726657153321594207 | 67 | 0.00870805 | 4
-7633361171806281131 | 64 | 0.0944136 | 1
5279972120069957 | 53 | 0.00574016 | 10
1258843451 | 31 | 0.00295732 | 2
19669429 | 25 | 0.217224 | 47
39338859 | 26 | 0.217224 | 47
78677718 | 27 | 0.217224 | 47
157355437 | 28 | 0.217224 | 47
314710874 | 29 | 0.217224 | 47
629421749 | 30 | 0.217224 | 47
1258843499 | 31 | 0.217224 | 47
2517686998 | 32 | 0.217224 | 47
5035373996 | 33 | 0.00555465 | 1
5035373997 | 33 | 0.217224 | 46
10070747994 | 34 | 0.0676142 | 33
20141495988 | 35 | 0.0676142 | 32
40282991977 | 36 | 0.0676142 | 32
80565983955 | 37 | 0.0676142 | 32
161131967910 | 38 | 0.00650507 | 1
161131967911 | 38 | 0.0609782 | 31
322263935823 | 39 | 0.0609782 | 31
644527871646 | 40 | 0.0609782 | 31
1289055743292 | 41 | 0.0609782 | 31
2578111486585 | 42 | 0.0609782 | 31
5156222973171 | 43 | 0.0609782 | 31
10312445946343 | 44 | 0.0609782 | 31
20624891892687 | 45 | 0.0609782 | 31
41249783785374 | 46 | 0.0609782 | 31
82499567570748 | 47 | 0.00303818 | 9
82499567570749 | 47 | 0.0609782 | 22
164999135141499 | 48 | 0.0609782 | 22
329998270282998 | 49 | 0.0609782 | 22
659996540565996 | 50 | 0.0609782 | 22
1319993081131993 | 51 | 0.0609782 | 22
2639986162263987 | 52 | 0.0609782 | 22
5279972324527974 | 53 | 0.0609782 | 19
10559944649055948 | 54 | 0.0609782 | 19
21119889298111896 | 55 | 0.0609782 | 19
42239778596223792 | 56 | 0.0309226 | 17
84479557192447584 | 57 | 0.00517406 | 5
84479557192447585 | 57 | 0.0265663 | 12
168959114384895170 | 58 | 0.0265663 | 12
337918228769790340 | 59 | 0.00257999 | 1
337918228769790341 | 59 | 0.0265663 | 11
675836457539580683 | 60 | 0.0265663 | 11
1351672915079161366 | 61 | 0.0265663 | 11
2703345830158322732 | 62 | 0.0265663 | 11
5406691660316645464 | 63 | 0.000517609 | 4
5406691660316645465 | 63 | 0.00787679 | 7
42239778596223793 | 56 | 0.000657554 | 2
5279972324527975 | 53 | 0.00526048 | 3
20141495989 | 35 | 0.00295776 | 1
10070747995 | 34 | 0.197219 | 13
20141495991 | 35 | 0.197219 | 13
40282991983 | 36 | 0.197219 | 13
80565983966 | 37 | 0.00400374 | 8
80565983967 | 37 | 0.00587621 | 5
9834715 | 24 | 0.00040548 | 1
2458679 | 22 | 0.718982 | 614
4917359 | 23 | 0.718982 | 614
9834719 | 24 | 0.718982 | 614
19669439 | 25 | 0.718982 | 614
39338878 | 26 | 0.718982 | 614
78677756 | 27 | 0.718982 | 614
157355512 | 28 | 0.718982 | 614
314711024 | 29 | 0.718982 | 611
629422049 | 30 | 0.718982 | 611
1258844099 | 31 | 0.718982 | 611
2517688199 | 32 | 0.718982 | 611
5035376399 | 33 | 0.718982 | 611
10070752798 | 34 | 0.000164581 | 9
10070752799 | 34 | 0.57302 | 602
20141505598 | 35 | 0.57302 | 602
40283011197 | 36 | 0.57302 | 602
80566022394 | 37 | 0.0384837 | 2
80566022395 | 37 | 0.57302 | 600
161132044790 | 38 | 0.57302 | 600
322264089581 | 39 | 0.57302 | 600
644528179162 | 40 | 0.57302 | 600
1289056358325 | 41 | 0.57302 | 600
2578112716650 | 42 | 0.57302 | 600
5156225433300 | 43 | 0.57302 | 600
10312450866601 | 44 | 0.57302 | 600
20624901733202 | 45 | 0.00773531 | 4
20624901733203 | 45 | 0.493222 | 596
41249803466407 | 46 | 0.493222 | 596
82499606932814 | 47 | 0.493222 | 596
164999213865629 | 48 | 0.493222 | 596
329998427731258 | 49 | 0.00300663 | 2
329998427731259 | 49 | 0.350521 | 594
659996855462518 | 50 | 0.294679 | 19
1319993710925036 | 51 | 0.291057 | 13
2639987421850072 | 52 | 0.291057 | 13
5279974843700144 | 53 | 0.291057 | 13
10559949687400289 | 54 | 0.291057 | 13
21119899374800579 | 55 | 0.291057 | 13
42239798749601158 | 56 | 0.00765546 | 10
42239798749601159 | 56 | 0.000855112 | 3
1319993710925037 | 51 | 0.0028977 | 6
659996855462519 | 50 | 0.316669 | 575
1319993710925038 | 51 | 0.316669 | 575
2639987421850076 | 52 | 0.316669 | 561
5279974843700152 | 53 | 0.233559 | 124
10559949687400304 | 54 | 0.233559 | 124
21119899374800608 | 55 | 0.233559 | 124
42239798749601217 | 56 | 0.233559 | 124
84479597499202434 | 57 | 0.233559 | 124
168959194998404868 | 58 | 0.233559 | 124
337918389996809736 | 59 | 0.233559 | 124
675836779993619473 | 60 | 0.233559 | 124
1351673559987238946 | 61 | 0.233559 | 124
2703347119974477892 | 62 | 0.233559 | 124
5406694239948955784 | 63 | 0.233559 | 124
-7633355593811640047 | 64 | 0.233559 | 124
3180032886086271522 | 65 | 0.233559 | 124
6360065772172543044 | 66 | 0.0482599 | 30
-5726612529364465528 | 67 | 0.0482599 | 30
6993519014980620560 | 68 | 0.0482599 | 30
-4459706043748310496 | 69 | 0.0482599 | 30
-8919412087496620991 | 70 | 0.0482599 | 30
607919898716309635 | 71 | 0.0482599 | 30
1215839797432619270 | 72 | 0.000173867 | 4
1215839797432619271 | 72 | 0.0222989 | 26
2431679594865238542 | 73 | 0.0222989 | 25
4863359189730477085 | 74 | 0.0222989 | 25
-8720025694248597446 | 75 | 0.0222989 | 25
1006692685212356724 | 76 | 0.0222989 | 25
2013385370424713448 | 77 | 0.0222989 | 25
4026770740849426897 | 78 | 0.0222989 | 25
8053541481698853794 | 79 | 0.0222989 | 25
-2339661110311844027 | 80 | 0.0222989 | 25
-4679322220623688054 | 81 | 0.0201826 | 13
9088099632462175508 | 82 | 0.093778 | 5
9088099632462175509 | 82 | 0.00268958 | 8
-4679322220623688053 | 81 | 0.0131802 | 12
9088099632462175510 | 82 | 0.0131802 | 12
-270544808785200596 | 83 | 0.0131802 | 12
-541089617570401192 | 84 | 0.0115704 | 11
-1082179235140802384 | 85 | 0.00318111 | 9
-1082179235140802383 | 85 | 0.00571125 | 2
-541089617570401191 | 84 | 0.00587852 | 1
2431679594865238543 | 73 | 0.00684375 | 1
6360065772172543045 | 66 | 0.226565 | 94
-5726612529364465526 | 67 | 0.226565 | 94
6993519014980620564 | 68 | 0.129381 | 93
-4459706043748310487 | 69 | 0.129381 | 93
-8919412087496620973 | 70 | 0.129381 | 93
607919898716309670 | 71 | 0.129381 | 93
1215839797432619341 | 72 | 0.129381 | 93
2431679594865238682 | 73 | 0.00443418 | 10
2431679594865238683 | 73 | 0.128483 | 83
4863359189730477367 | 74 | 0.128483 | 83
-8720025694248596882 | 75 | 0.128483 | 83
1006692685212357852 | 76 | 0.126016 | 51
2013385370424715705 | 77 | 0.126016 | 51
4026770740849431410 | 78 | 0.126016 | 51
8053541481698862820 | 79 | 0.126016 | 51
-2339661110311825976 | 80 | 0.126016 | 51
-4679322220623651952 | 81 | 0.00055845 | 4
-4679322220623651951 | 81 | 0.0871523 | 47
9088099632462247714 | 82 | 0.0779542 | 16
-270544808785056188 | 83 | 0.0779542 | 16
-541089617570112376 | 84 | 0.00301209 | 2
-541089617570112375 | 84 | 0.0366949 | 14
-1082179235140224750 | 85 | 0.0366949 | 14
-2164358470280449500 | 86 | 0.025531 | 12
-4328716940560898999 | 87 | 0.025531 | 12
-8657433881121797997 | 88 | 0.025531 | 12
1131876311465955622 | 89 | 0.025531 | 12
2263752622931911245 | 90 | 0.025531 | 12
4527505245863822490 | 91 | 0.025531 | 12
9055010491727644981 | 92 | 0.025531 | 12
-336723090254261654 | 93 | 0.025531 | 12
-673446180508523308 | 94 | 0.025531 | 12
-1346892361017046615 | 95 | 0.025531 | 12
-2693784722034093230 | 96 | 0.000938801 | 3
-2693784722034093229 | 96 | 0.00122453 | 9
-2164358470280449499 | 86 | 0.00266944 | 2
9088099632462247715 | 82 | 0.0442438 | 31
-270544808785056186 | 83 | 0.00400895 | 3
-270544808785056185 | 83 | 0.043233 | 28
-541089617570112370 | 84 | 0.043233 | 28
-1082179235140224740 | 85 | 0.043233 | 28
-2164358470280449479 | 86 | 0.043233 | 28
-4328716940560898958 | 87 | 0.043233 | 28
-8657433881121797915 | 88 | 0.043233 | 28
1131876311465955786 | 89 | 0.043233 | 28
2263752622931911572 | 90 | 0.00218572 | 7
2263752622931911573 | 90 | 0.0151978 | 21
4527505245863823146 | 91 | 0.0151978 | 21
9055010491727646293 | 92 | 0.0151978 | 21
-336723090254259029 | 93 | 0.0151978 | 21
-673446180508518058 | 94 | 0.0112178 | 16
-1346892361017036116 | 95 | 0.0112178 | 16
-2693784722034072232 | 96 | 0.0112178 | 16
-5387569444068144463 | 97 | 0.0112178 | 16
7671605185573262690 | 98 | 0.00583917 | 1
7671605185573262691 | 98 | 0.00805183 | 15
-3103533702563026234 | 99 | 0.0114214 | 5
-3103533702563026233 | 99 | 0.00540271 | 10
-673446180508518057 | 94 | 0.000379897 | 5
1006692685212357853 | 76 | 0.027367 | 32
2013385370424715706 | 77 | 0.027367 | 32
4026770740849431412 | 78 | 0.021232 | 27
8053541481698862824 | 79 | 0.000318637 | 7
8053541481698862825 | 79 | 0.021232 | 20
-2339661110311825966 | 80 | 0.000224067 | 2
-2339661110311825965 | 80 | 0.021232 | 18
-4679322220623651930 | 81 | 0.021232 | 18
9088099632462247756 | 82 | 0.021232 | 18
-270544808785056103 | 83 | 0.021232 | 18
-541089617570112206 | 84 | 0.021232 | 18
-1082179235140224412 | 85 | 0.021232 | 18
-2164358470280448824 | 86 | 0.021232 | 18
-4328716940560897647 | 87 | 0.021232 | 18
-8657433881121795294 | 88 | 0.021232 | 12
1131876311465961028 | 89 | 0.00624966 | 2
1131876311465961029 | 89 | 0.000182485 | 10
-8657433881121795293 | 88 | 0.00299777 | 6
4026770740849431413 | 78 | 0.00263132 | 5
6993519014980620565 | 68 | 0.00496733 | 1
5279974843700153 | 53 | 0.252491 | 437
10559949687400306 | 54 | 0.252491 | 436
21119899374800612 | 55 | 0.252491 | 436
42239798749601224 | 56 | 0.220818 | 116
84479597499202448 | 57 | 0.220818 | 116
168959194998404896 | 58 | 0.220818 | 116
337918389996809792 | 59 | 0.220818 | 116
675836779993619584 | 60 | 0.220818 | 116
1351673559987239168 | 61 | 0.139415 | 33
2703347119974478337 | 62 | 0.139415 | 33
5406694239948956675 | 63 | 0.139415 | 33
-7633355593811638266 | 64 | 0.139415 | 33
3180032886086275085 | 65 | 0.139415 | 33
6360065772172550171 | 66 | 0.139415 | 33
-5726612529364451274 | 67 | 0.139415 | 33
6993519014980649068 | 68 | 0.139415 | 33
-4459706043748253479 | 69 | 0.139415 | 33
-8919412087496506958 | 70 | 0.139415 | 33
607919898716537700 | 71 | 0.139415 | 33
1215839797433075400 | 72 | 0.139415 | 33
2431679594866150801 | 73 | 0.139415 | 33
4863359189732301602 | 74 | 0.139415 | 33
-8720025694244948411 | 75 | 0.139415 | 33
1006692685219654794 | 76 | 0.139415 | 33
2013385370439309589 | 77 | 0.139415 | 33
4026770740878619179 | 78 | 0.139415 | 33
8053541481757238359 | 79 | 0.139415 | 33
-2339661110195074898 | 80 | 0.139415 | 33
-4679322220390149796 | 81 | 0.0762349 | 32
9088099632929252025 | 82 | 0.0762349 | 32
-270544807851047566 | 83 | 0.0762349 | 32
-541089615702095132 | 84 | 0.00638727 | 6
-541089615702095131 | 84 | 0.0716034 | 26
-1082179231404190261 | 85 | 0.0716034 | 26
-2164358462808380522 | 86 | 0.0648701 | 11
-4328716925616761044 | 87 | 0.0648701 | 11
-8657433851233522088 | 88 | 0.0648701 | 11
1131876371242507440 | 89 | 0.0648701 | 11
2263752742485014881 | 90 | 0.0648701 | 11
4527505484970029762 | 91 | 0.0648701 | 11
9055010969940059524 | 92 | 0.0648701 | 11
-336722133829432567 | 93 | 0.0648701 | 11
-673444267658865134 | 94 | 0.0648701 | 11
-1346888535317730268 | 95 | 0.0648701 | 11
-2693777070635460535 | 96 | 0.0648701 | 11
-5387554141270921069 | 97 | 0.0648701 | 11
7671635791167709479 | 98 | 0.0648701 | 11
-3103472491374132658 | 99 | 0.0648701 | 11
-6206944982748265315 | 100 | 0.0648701 | 11
6032854108213020987 | 101 | 0.0648701 | 11
-6381035857283509641 | 102 | 0.0648701 | 11
5684672359142532334 | 103 | 0.0648701 | 11
-7077399355424486948 | 104 | 0.0648701 | 11
4291945362860577720 | 105 | 0.0648701 | 11
8583890725721155441 | 106 | 0.0648701 | 11
-1278962622267240734 | 107 | 0.0648701 | 11
-2557925244534481468 | 108 | 0.0648701 | 11
-5115850489068962935 | 109 | 0.0648701 | 11
8215043095571625747 | 110 | 0.0648701 | 11
-2016657882566300121 | 111 | 0.0648701 | 11
-4033315765132600241 | 112 | 0.0648701 | 11
-8066631530265200482 | 113 | 0.00695988 | 7
-8066631530265200481 | 113 | 0.0102168 | 4
-2164358462808380521 | 86 | 0.0533706 | 15
-4328716925616761041 | 87 | 0.0533706 | 15
-8657433851233522082 | 88 | 0.0533706 | 15
1131876371242507452 | 89 | 0.0533706 | 15
2263752742485014905 | 90 | 0.0533706 | 15
4527505484970029811 | 91 | 0.0533706 | 15
9055010969940059622 | 92 | 0.0533706 | 15
-336722133829432372 | 93 | 0.0533706 | 15
-673444267658864743 | 94 | 0.0533706 | 15
-1346888535317729486 | 95 | 0.0533706 | 15
-2693777070635458971 | 96 | 0.0533706 | 15
-5387554141270917942 | 97 | 0.0533706 | 15
7671635791167715733 | 98 | 0.0533706 | 15
-3103472491374120150 | 99 | 0.0484673 | 12
-6206944982748240300 | 100 | 0.0484673 | 12
6032854108213071017 | 101 | 0.0484673 | 12
-6381035857283409582 | 102 | 0.00250622 | 10
-6381035857283409581 | 102 | 0.00456681 | 2
-3103472491374120149 | 99 | 0.00796496 | 3
-4679322220390149795 | 81 | 0.00563304 | 1
1351673559987239169 | 61 | 0.168679 | 83
2703347119974478339 | 62 | 0.168679 | 83
5406694239948956679 | 63 | 0.168679 | 83
-7633355593811638257 | 64 | 0.168679 | 83
3180032886086275102 | 65 | 0.168679 | 83
6360065772172550205 | 66 | 0.168679 | 83
-5726612529364451206 | 67 | 0.168679 | 83
6993519014980649204 | 68 | 0.168679 | 83
-4459706043748253207 | 69 | 0.168679 | 83
-8919412087496506413 | 70 | 0.168679 | 83
607919898716538790 | 71 | 0.163329 | 59
1215839797433077580 | 72 | 0.163329 | 59
2431679594866155161 | 73 | 0.163329 | 59
4863359189732310322 | 74 | 0.163329 | 59
-8720025694244930972 | 75 | 0.163329 | 59
1006692685219689672 | 76 | 0.163329 | 59
2013385370439379344 | 77 | 0.163329 | 46
4026770740878758688 | 78 | 0.163329 | 46
8053541481757517376 | 79 | 0.163329 | 41
-2339661110194516864 | 80 | 0.00539245 | 1
-2339661110194516863 | 80 | 0.163329 | 40
-4679322220389033725 | 81 | 0.163329 | 40
9088099632931484167 | 82 | 0.163329 | 40
-270544807846583282 | 83 | 0.163329 | 40
-541089615693166564 | 84 | 0.163329 | 40
-1082179231386333127 | 85 | 0.163329 | 40
-2164358462772666254 | 86 | 0.0355262 | 26
-4328716925545332508 | 87 | 0.0355262 | 26
-8657433851090665016 | 88 | 0.0355262 | 26
1131876371528221585 | 89 | 0.0355262 | 26
2263752743056443171 | 90 | 0.0355262 | 26
4527505486112886342 | 91 | 0.0355262 | 26
9055010972225772684 | 92 | 0.0355262 | 22
-336722129258006247 | 93 | 0.0355262 | 22
-673444258516012493 | 94 | 0.0355262 | 22
-1346888517032024986 | 95 | 0.0339348 | 13
-2693777034064049972 | 96 | 0.0339348 | 13
-5387554068128099944 | 97 | 0.000214203 | 1
-5387554068128099943 | 97 | 0.0249657 | 12
7671635937453351730 | 98 | 0.00193374 | 9
7671635937453351731 | 98 | 0.000446761 | 3
-1346888517032024985 | 95 | 0.00486885 | 9
9055010972225772685 | 92 | 0.00983147 | 4
-2164358462772666253 | 86 | 0.163329 | 14
-4328716925545332506 | 87 | 0.163329 | 14
-8657433851090665012 | 88 | 0.163329 | 14
1131876371528221592 | 89 | 0.000845873 | 5
1131876371528221593 | 89 | 0.000858476 | 9
8053541481757517377 | 79 | 0.00617 | 5
2013385370439379345 | 77 | 0.119825 | 13
4026770740878758691 | 78 | 0.119825 | 13
8053541481757517383 | 79 | 0.119825 | 13
-2339661110194516850 | 80 | 0.119825 | 13
-4679322220389033699 | 81 | 0.119825 | 13
9088099632931484218 | 82 | 0.119825 | 13
-270544807846583180 | 83 | 0.106415 | 12
-541089615693166360 | 84 | 0.106415 | 12
-1082179231386332720 | 85 | 0.00571781 | 10
-1082179231386332719 | 85 | 0 | 2
-270544807846583179 | 83 | 0.0058878 | 1
607919898716538791 | 71 | 0.0196024 | 24
1215839797433077583 | 72 | 0.0196024 | 24
2431679594866155166 | 73 | 0.0196024 | 21
4863359189732310332 | 74 | 0.0196024 | 21
-8720025694244930952 | 75 | 0.0196024 | 21
1006692685219689713 | 76 | 0.0196024 | 21
2013385370439379426 | 77 | 0.00785744 | 11
4026770740878758853 | 78 | 0.00785744 | 11
8053541481757517706 | 79 | 0.00785744 | 11
-2339661110194516203 | 80 | 0.00785744 | 11
-4679322220389032405 | 81 | 0.00785744 | 11
9088099632931486807 | 82 | 0.00785744 | 11
-270544807846578002 | 83 | 0.00534501 | 6
-270544807846578001 | 83 | 0.00468037 | 5
2013385370439379427 | 77 | 0.00212735 | 10
2431679594866155167 | 73 | 0.00513662 | 3
42239798749601225 | 56 | 0.248549 | 320
84479597499202451 | 57 | 0.248549 | 320
168959194998404902 | 58 | 0.00583209 | 2
168959194998404903 | 58 | 0.19223 | 318
337918389996809806 | 59 | 0.19223 | 318
675836779993619612 | 60 | 0.19223 | 318
1351673559987239224 | 61 | 0.19223 | 318
2703347119974478448 | 62 | 0.166648 | 202
5406694239948956896 | 63 | 0.166648 | 202
-7633355593811637824 | 64 | 0.00572608 | 1
-7633355593811637823 | 64 | 0.14606 | 201
3180032886086275970 | 65 | 0.00426883 | 10
3180032886086275971 | 65 | 0.14606 | 191
6360065772172551942 | 66 | 0.14606 | 191
-5726612529364447732 | 67 | 0.14606 | 191
6993519014980656152 | 68 | 0.00128059 | 2
6993519014980656153 | 68 | 0.14606 | 189
-4459706043748239309 | 69 | 0.14606 | 189
-8919412087496478617 | 70 | 0.14606 | 189
607919898716594382 | 71 | 0.14606 | 189
1215839797433188765 | 72 | 0.14606 | 189
2431679594866377530 | 73 | 0.14606 | 189
4863359189732755061 | 74 | 0.14606 | 189
-8720025694244041493 | 75 | 0.14606 | 189
1006692685221468631 | 76 | 0.14606 | 189
2013385370442937262 | 77 | 0.14606 | 189
4026770740885874525 | 78 | 0.14606 | 189
8053541481771749050 | 79 | 0.14606 | 189
-2339661110166053516 | 80 | 0.130483 | 72
-4679322220332107032 | 81 | 0.130483 | 72
9088099633045337552 | 82 | 0.00277865 | 10
9088099633045337553 | 82 | 0.130483 | 62
-270544807618876509 | 83 | 0.130483 | 62
-541089615237753018 | 84 | 0.130483 | 62
-1082179230475506036 | 85 | 0.130483 | 62
-2164358460951012071 | 86 | 0.130483 | 62
-4328716921902024142 | 87 | 0.130483 | 62
-8657433843804048283 | 88 | 0.130483 | 62
1131876386101455051 | 89 | 0.130483 | 62
2263752772202910103 | 90 | 0.130483 | 62
4527505544405820207 | 91 | 0.130483 | 62
9055011088811640415 | 92 | 0.130483 | 62
-336721896086270786 | 93 | 0.130483 | 62
-673443792172541571 | 94 | 0.130483 | 62
-1346887584345083142 | 95 | 0.130483 | 62
-2693775168690166283 | 96 | 0.130483 | 62
-5387550337380332566 | 97 | 0.130483 | 62
7671643398948886485 | 98 | 0.130483 | 62
-3103457275811778646 | 99 | 0.000496507 | 3
-3103457275811778645 | 99 | 0.111438 | 59
-6206914551623557289 | 100 | 0.111438 | 59
6032914970462437039 | 101 | 0.111438 | 59
-6380914132784677538 | 102 | 0.111438 | 59
5684915808140196540 | 103 | 0.111438 | 59
-7076912457429158535 | 104 | 0.111438 | 59
4292919158851234546 | 105 | 0.111438 | 59
8585838317702469093 | 106 | 0.111438 | 59
-1275067438304613429 | 107 | 0.111438 | 59
-2550134876609226858 | 108 | 0.111438 | 59
-5100269753218453716 | 109 | 0.0916944 | 24
8246204567272644184 | 110 | 0.0916944 | 24
-1954334939164263248 | 111 | 0.0916944 | 24
-3908669878328526495 | 112 | 0.0916944 | 24
-7817339756657052989 | 113 | 0.0916944 | 24
2812064560395445638 | 114 | 0.0916944 | 24
5624129120790891277 | 115 | 0.0916944 | 24
-7198485832127769062 | 116 | 0.0186122 | 19
4049772409454013493 | 117 | 0.0186122 | 19
8099544818908026986 | 118 | 0.0186122 | 19
-2247654435893497644 | 119 | 0.0186122 | 19
-4495308871786995287 | 120 | 0.0186122 | 19
-8990617743573990574 | 121 | 0.0186122 | 19
465508586561570468 | 122 | 0.0186122 | 19
931017173123140936 | 123 | 0.0146183 | 15
1862034346246281872 | 124 | 0.0146183 | 15
3724068692492563745 | 125 | 0.0146183 | 15
7448137384985127490 | 126 | 0.0146183 | 15
-3550469303739296636 | 127 | 0.0145995 | 14
-7100938607478593272 | 128 | 0.000318637 | 5
-7100938607478593271 | 128 | 0.00551238 | 9
-3550469303739296635 | 127 | 0.00262062 | 1
931017173123140937 | 123 | 0.00736568 | 4
-7198485832127769061 | 116 | 0.00508295 | 5
-5100269753218453715 | 109 | 0.0680671 | 35
8246204567272644186 | 110 | 0.0680671 | 35
-1954334939164263244 | 111 | 0.0345445 | 30
-3908669878328526488 | 112 | 0.0345445 | 27
-7817339756657052976 | 113 | 0.0345445 | 27
2812064560395445664 | 114 | 0.0257528 | 23
5624129120790891328 | 115 | 0.0257528 | 23
-7198485832127768960 | 116 | 0.0257528 | 21
4049772409454013697 | 117 | 0.0257528 | 21
8099544818908027394 | 118 | 0.0257528 | 21
-2247654435893496828 | 119 | 0.0257528 | 21
-4495308871786993656 | 120 | 0.0257528 | 21
-8990617743573987312 | 121 | 0.0257528 | 21
465508586561576992 | 122 | 0.0257528 | 21
931017173123153984 | 123 | 0.0257528 | 21
1862034346246307968 | 124 | 0.0125694 | 18
3724068692492615937 | 125 | 0.0125694 | 18
7448137384985231874 | 126 | 0.0125694 | 18
-3550469303739087867 | 127 | 0.0125694 | 18
-7100938607478175733 | 128 | 0.0125694 | 18
4244866858753200151 | 129 | 0.0125694 | 18
8489733717506400302 | 130 | 0.0125694 | 18
-1467276638696751011 | 131 | 0.0125694 | 18
-2934553277393502022 | 132 | 0.0125694 | 18
-5869106554787004044 | 133 | 0.0125694 | 18
6708530964135543528 | 134 | 0.0125694 | 18
-5029682145438464560 | 135 | 0.0125694 | 18
8387379782832622497 | 136 | 0.0125694 | 18
-1671984508044306622 | 137 | 0.0125694 | 18
-3343969016088613243 | 138 | 0.0125694 | 18
-6687938032177226485 | 139 | 0.0125694 | 18
5070868009355098647 | 140 | 0.0125694 | 18
-8305008054999354321 | 141 | 0.0125694 | 18
1836727963710842974 | 142 | 0.0125694 | 18
3673455927421685948 | 143 | 0.0101172 | 2
3673455927421685949 | 143 | 0.0100351 | 16
7346911854843371899 | 144 | 0.0100351 | 16
-3752920364022807817 | 145 | 0.0100351 | 16
-7505840728045615633 | 146 | 0.0100351 | 16
3435062617618320350 | 147 | 0.0100351 | 16
6870125235236640701 | 148 | 0.0100351 | 16
-4706493603236270213 | 149 | 0.0100351 | 16
9033756867237011191 | 150 | 0.0100351 | 16
-379230339235529234 | 151 | 0.0100351 | 16
-758460678471058467 | 152 | 0.0100351 | 16
-1516921356942116933 | 153 | 0.0100351 | 16
-3033842713884233865 | 154 | 0.0100351 | 16
-6067685427768467730 | 155 | 0.0100351 | 14
6311373218172616157 | 156 | 0.0100351 | 14
-5823997637364319301 | 157 | 0.0100351 | 14
6798748798980913014 | 158 | 0.000924144 | 4
6798748798980913015 | 158 | 0.00295732 | 10
-6067685427768467729 | 155 | 0.00663702 | 2
1862034346246307969 | 124 | 0.00659233 | 3
-7198485832127768959 | 116 | 0.00366916 | 2
2812064560395445665 | 114 | 0.00050422 | 4
-3908669878328526487 | 112 | 0.00583993 | 3
-1954334939164263243 | 111 | 0.00677864 | 5
-2339661110166053515 | 80 | 0.14606 | 117
-4679322220332107029 | 81 | 0.14606 | 117
9088099633045337559 | 82 | 0.14606 | 117
-270544807618876497 | 83 | 0.14606 | 117
-541089615237752994 | 84 | 0.14606 | 117
-1082179230475505988 | 85 | 0.14606 | 117
-2164358460951011975 | 86 | 0.14606 | 117
-4328716921902023950 | 87 | 0.14606 | 117
-8657433843804047899 | 88 | 0.14606 | 117
1131876386101455818 | 89 | 0.00741684 | 2
1131876386101455819 | 89 | 0.114324 | 115
2263752772202911638 | 90 | 0.112407 | 49
4527505544405823277 | 91 | 0.112407 | 49
9055011088811646555 | 92 | 0.112407 | 49
-336721896086258506 | 93 | 0.112407 | 49
-673443792172517012 | 94 | 0.0666501 | 38
-1346887584345034024 | 95 | 0.0666501 | 38
-2693775168690068048 | 96 | 0.0666501 | 38
-5387550337380136096 | 97 | 0.059885 | 35
7671643398949279424 | 98 | 0.059885 | 35
-3103457275810992767 | 99 | 0.059885 | 35
-6206914551621985533 | 100 | 0.059885 | 35
6032914970465580551 | 101 | 0.059885 | 35
-6380914132778390513 | 102 | 0.059885 | 35
5684915808152770590 | 103 | 0.059885 | 35
-7076912457404010435 | 104 | 0.059885 | 35
4292919158901530747 | 105 | 0.059885 | 35
8585838317803061494 | 106 | 0.059885 | 35
-1275067438103428627 | 107 | 0.059885 | 35
-2550134876206857253 | 108 | 0.059885 | 35
-5100269752413714506 | 109 | 0.059885 | 35
8246204568882122605 | 110 | 0.059885 | 35
-1954334935945306406 | 111 | 0.00723778 | 11
-3908669871890612811 | 112 | 0.00723778 | 11
-7817339743781225621 | 113 | 0.00723778 | 11
2812064586147100374 | 114 | 0.00281513 | 4
2812064586147100375 | 114 | 0.000121209 | 7
-1954334935945306405 | 111 | 0.059885 | 24
-3908669871890612810 | 112 | 0.059885 | 24
-7817339743781225620 | 113 | 0.059885 | 24
2812064586147100376 | 114 | 0.0204057 | 17
5624129172294200753 | 115 | 0.0204057 | 17
-7198485729121150109 | 116 | 0.0204057 | 17
4049772615467251399 | 117 | 0.0204057 | 17
8099545230934502798 | 118 | 0.0204057 | 17
-2247653611840546020 | 119 | 0.0204057 | 17
-4495307223681092040 | 120 | 0.0204057 | 17
-8990614447362184080 | 121 | 0.0204057 | 17
465515178985183456 | 122 | 0.0204057 | 17
931030357970366913 | 123 | 0.0204057 | 17
1862060715940733826 | 124 | 0.005047 | 6
1862060715940733827 | 124 | 0.0156614 | 11
3724121431881467655 | 125 | 0.0156614 | 11
7448242863762935310 | 126 | 0.00489355 | 2
7448242863762935311 | 126 | 0.0020956 | 9
2812064586147100377 | 114 | 8.90937e-005 | 7
-5387550337380136095 | 97 | 0.000442678 | 3
-673443792172517011 | 94 | 0.0787369 | 11
-1346887584345034021 | 95 | 0.0787369 | 11
-2693775168690068042 | 96 | 0.00557347 | 3
-2693775168690068041 | 96 | 0.00571293 | 8
2263752772202911639 | 90 | 0.0726745 | 66
4527505544405823278 | 91 | 0.0726745 | 66
9055011088811646556 | 92 | 0.0726745 | 66
-336721896086258504 | 93 | 0.0726745 | 66
-673443792172517007 | 94 | 0.0726745 | 66
-1346887584345034013 | 95 | 0.0726745 | 66
-2693775168690068025 | 96 | 0.0726745 | 66
-5387550337380136049 | 97 | 0.0726745 | 66
7671643398949279519 | 98 | 0.0726745 | 66
-3103457275810992578 | 99 | 0.0726745 | 66
-6206914551621985156 | 100 | 0.0726745 | 66
6032914970465581304 | 101 | 0.0310965 | 45
-6380914132778389008 | 102 | 0.0310965 | 45
5684915808152773600 | 103 | 0.0310965 | 45
-7076912457404004415 | 104 | 0.0310965 | 45
4292919158901542786 | 105 | 0.0310965 | 45
8585838317803085572 | 106 | 0.00659331 | 5
8585838317803085573 | 106 | 0.028065 | 40
-1275067438103380470 | 107 | 0.028065 | 40
-2550134876206760940 | 108 | 0.028065 | 40
-5100269752413521880 | 109 | 0.00839176 | 22
8246204568882507856 | 110 | 0.00839176 | 22
-1954334935944535903 | 111 | 0.00839176 | 22
-3908669871889071806 | 112 | 0.000124482 | 9
-3908669871889071805 | 112 | 0.00536917 | 13
-7817339743778143609 | 113 | 0.00536917 | 13
2812064586153264398 | 114 | 0.00536917 | 13
5624129172306528797 | 115 | 0.00536917 | 13
-7198485729096494022 | 116 | 0.000210829 | 1
-7198485729096494021 | 116 | 0.00416752 | 12
4049772615516563574 | 117 | 0.00416752 | 12
8099545231033127149 | 118 | 0.00416752 | 12
-2247653611643297317 | 119 | 0.00416752 | 12
-4495307223286594634 | 120 | 0.00416752 | 12
-8990614446573189268 | 121 | 0.00416752 | 12
465515180563173080 | 122 | 0.00416752 | 12
931030361126346160 | 123 | 0.00416752 | 12
1862060722252692320 | 124 | 0.00416752 | 12
3724121444505384641 | 125 | 0.00416752 | 12
7448242889010769283 | 126 | 0.00416752 | 12
-3550258295688013050 | 127 | 0.00636869 | 1
-3550258295688013049 | 127 | 0.00391606 | 11
-7100516591376026097 | 128 | 0.00391606 | 11
4245710890957499422 | 129 | 0.00391606 | 11
8491421781914998845 | 130 | 0.00391606 | 11
-1463900509879553925 | 131 | 0.00391606 | 11
-2927801019759107849 | 132 | 0.00391606 | 11
-5855602039518215697 | 133 | 0.00391606 | 11
6735539994673120222 | 134 | 0.00580059 | 9
6735539994673120223 | 134 | 0.00512192 | 2
-5100269752413521879 | 109 | 0.023332 | 18
8246204568882507858 | 110 | 0.0160246 | 15
-1954334935944535900 | 111 | 3.6281e-005 | 10
-1954334935944535899 | 111 | 0.00506149 | 5
8246204568882507859 | 110 | 0.00467155 | 3
6032914970465581305 | 101 | 0.061572 | 21
-6380914132778389005 | 102 | 0.061572 | 21
5684915808152773606 | 103 | 0.061572 | 21
-7076912457404004404 | 104 | 0.061572 | 21
4292919158901542809 | 105 | 0.061572 | 21
8585838317803085618 | 106 | 0.061572 | 21
-1275067438103380380 | 107 | 0.061572 | 21
-2550134876206760759 | 108 | 0.061572 | 21
-5100269752413521517 | 109 | 0.061572 | 21
8246204568882508582 | 110 | 0.0253556 | 11
-1954334935944534452 | 111 | 0.0253556 | 11
-3908669871889068904 | 112 | 0.00442584 | 10
-3908669871889068903 | 112 | 0.0063615 | 1
8246204568882508583 | 110 | 0.0081444 | 10
2703347119974478449 | 62 | 0.166786 | 116
5406694239948956899 | 63 | 0.166786 | 116
-7633355593811637817 | 64 | 0.166786 | 116
3180032886086275983 | 65 | 0.166786 | 116
6360065772172551966 | 66 | 0.166786 | 116
-5726612529364447684 | 67 | 0.166786 | 79
6993519014980656248 | 68 | 0.166786 | 79
-4459706043748239120 | 69 | 0.163901 | 55
-8919412087496478240 | 70 | 0.00473366 | 10
-8919412087496478239 | 70 | 0.13764 | 45
607919898716595138 | 71 | 0.13764 | 45
1215839797433190276 | 72 | 0.00317297 | 8
1215839797433190277 | 72 | 0.12068 | 37
2431679594866380554 | 73 | 0.12068 | 37
4863359189732761108 | 74 | 0.12068 | 37
-8720025694244029400 | 75 | 0.12068 | 37
1006692685221492816 | 76 | 0.12068 | 37
2013385370442985632 | 77 | 0.12068 | 37
4026770740885971265 | 78 | 0.12068 | 37
8053541481771942530 | 79 | 0.12068 | 37
-2339661110165666556 | 80 | 0.12068 | 37
-4679322220331333112 | 81 | 0.12068 | 37
9088099633046885392 | 82 | 0.12068 | 37
-270544807615780832 | 83 | 0.12068 | 37
-541089615231561664 | 84 | 0.0145217 | 11
-1082179230463123328 | 85 | 0.0145217 | 11
-2164358460926246656 | 86 | 0.0145217 | 11
-4328716921852493312 | 87 | 0.00576948 | 3
-4328716921852493311 | 87 | 0.00306121 | 8
-541089615231561663 | 84 | 0.0378348 | 26
-1082179230463123326 | 85 | 0.0378348 | 26
-2164358460926246651 | 86 | 0.0378348 | 26
-4328716921852493302 | 87 | 0.0378348 | 24
-8657433843704986604 | 88 | 0.0378348 | 24
1131876386299578409 | 89 | 0.0378348 | 24
2263752772599156818 | 90 | 0.036183 | 17
4527505545198313637 | 91 | 0.036183 | 17
9055011090396627274 | 92 | 0.0174498 | 14
-336721892916297067 | 93 | 0.0174498 | 14
-673443785832594134 | 94 | 0.0174498 | 14
-1346887571665188267 | 95 | 0.0174498 | 14
-2693775143330376533 | 96 | 0.0174498 | 14
-5387550286660753066 | 97 | 0.0174498 | 14
7671643500388045484 | 98 | 0.0174498 | 14
-3103457072933460648 | 99 | 0.0174498 | 11
-6206914145866921296 | 100 | 0.0174498 | 11
6032915781975709024 | 101 | 0.0065326 | 7
6032915781975709025 | 101 | 0.000363306 | 4
-3103457072933460647 | 99 | 0.0950579 | 3
9055011090396627275 | 92 | 0.000858921 | 3
2263752772599156819 | 90 | 0.00650804 | 7
-4328716921852493301 | 87 | 0.00773982 | 2
-4459706043748239119 | 69 | 0.139489 | 24
-8919412087496478238 | 70 | 0.000535188 | 7
-8919412087496478237 | 70 | 0.105676 | 17
607919898716595143 | 71 | 0.105676 | 17
1215839797433190286 | 72 | 0.105676 | 17
2431679594866380573 | 73 | 0.105676 | 17
4863359189732761146 | 74 | 0.105676 | 17
-8720025694244029323 | 75 | 0.105676 | 17
1006692685221492970 | 76 | 0.105676 | 17
2013385370442985940 | 77 | 0.00688145 | 6
2013385370442985941 | 77 | 0.0580424 | 11
4026770740885971882 | 78 | 0.00687796 | 2
4026770740885971883 | 78 | 0.000750363 | 9
-5726612529364447683 | 67 | 0.11292 | 37
6993519014980656250 | 68 | 0.00846539 | 4
6993519014980656251 | 68 | 0.107468 | 33
-4459706043748239114 | 69 | 0.107468 | 33
-8919412087496478227 | 70 | 0.107468 | 33
607919898716595162 | 71 | 0.00786628 | 3
607919898716595163 | 71 | 0.107468 | 30
1215839797433190327 | 72 | 0.107468 | 30
2431679594866380655 | 73 | 0.107468 | 30
4863359189732761310 | 74 | 0.0875698 | 29
-8720025694244028996 | 75 | 0.0875698 | 29
1006692685221493625 | 76 | 0.0875698 | 29
2013385370442987250 | 77 | 0.0875698 | 29
4026770740885974501 | 78 | 0.0875698 | 29
8053541481771949002 | 79 | 0.0875698 | 29
-2339661110165653612 | 80 | 0.0205677 | 27
-4679322220331307224 | 81 | 0.0205677 | 26
9088099633046937168 | 82 | 0.0205677 | 26
-270544807615677280 | 83 | 0.0205677 | 26
-541089615231354560 | 84 | 0.0174575 | 19
-1082179230462709120 | 85 | 0.0174575 | 19
-2164358460925418239 | 86 | 0.0174575 | 19
-4328716921850836478 | 87 | 0.0174575 | 19
-8657433843701672956 | 88 | 0.0053896 | 2
-8657433843701672955 | 88 | 0.0174119 | 17
1131876386306205706 | 89 | 0.0174119 | 17
2263752772612411412 | 90 | 0.0174119 | 17
4527505545224822825 | 91 | 0.0174119 | 17
9055011090449645650 | 92 | 0.000445894 | 6
9055011090449645651 | 92 | 0.0128582 | 11
-336721892810260313 | 93 | 0.0128582 | 11
-673443785620520626 | 94 | 0.0128582 | 11
-1346887571241041251 | 95 | 0.0128582 | 11
-2693775142482082502 | 96 | 0.00457158 | 2
-2693775142482082501 | 96 | 0.00477254 | 9
-541089615231354559 | 84 | 0.00526927 | 7
-4679322220331307223 | 81 | 0.00459239 | 1
-2339661110165653611 | 80 | 4.35953e-006 | 2
4863359189732761311 | 74 | 6.09292e-005 | 1
10559949687400307 | 54 | 0.000192509 | 1
2639987421850077 | 52 | 0.0959634 | 14
5279974843700154 | 53 | 0.0959634 | 14
10559949687400308 | 54 | 0.0959634 | 14
21119899374800616 | 55 | 0.0959634 | 14
42239798749601233 | 56 | 0.0959634 | 14
84479597499202466 | 57 | 0.0959634 | 14
168959194998404932 | 58 | 0.0959634 | 14
337918389996809865 | 59 | 0.0959634 | 14
675836779993619730 | 60 | 0.0959634 | 14
1351673559987239461 | 61 | 0.0959634 | 14
2703347119974478923 | 62 | 0.0959634 | 14
5406694239948957847 | 63 | 0.0959634 | 14
-7633355593811635922 | 64 | 0.0959634 | 14
3180032886086279773 | 65 | 0.0959634 | 14
6360065772172559546 | 66 | 0.0959634 | 14
-5726612529364432523 | 67 | 0.0959634 | 14
6993519014980686571 | 68 | 0.0959634 | 14
-4459706043748178473 | 69 | 0.0959634 | 14
-8919412087496356946 | 70 | 0.0959634 | 14
607919898716837724 | 71 | 0.0959634 | 14
1215839797433675449 | 72 | 0.0959634 | 14
2431679594867350899 | 73 | 0.0959634 | 14
4863359189734701799 | 74 | 0.0959634 | 14
-8720025694240148018 | 75 | 0.0959634 | 14
1006692685229255581 | 76 | 0.0959634 | 14
2013385370458511162 | 77 | 0.0959634 | 14
4026770740917022324 | 78 | 0.0959634 | 14
8053541481834044648 | 79 | 0.0959634 | 14
-2339661110041462320 | 80 | 0.0959634 | 14
-4679322220082924640 | 81 | 0.015344 | 12
9088099633543702336 | 82 | 0.00642005 | 4
9088099633543702337 | 82 | 0.00579508 | 8
-4679322220082924639 | 81 | 0.00254178 | 2
314711025 | 29 | 0.00531362 | 3
307335 | 19 | 0.847462 | 116
614670 | 20 | 0.847462 | 116
1229341 | 21 | 0.847462 | 116
2458683 | 22 | 0.847462 | 116
4917366 | 23 | 0.847462 | 107
9834732 | 24 | 0.65474 | 13
19669464 | 25 | 0.00295126 | 2
19669465 | 25 | 0.65474 | 11
39338931 | 26 | 0.65474 | 11
78677862 | 27 | 0.00782321 | 1
78677863 | 27 | 0.00660809 | 10
9834733 | 24 | 0.847462 | 94
19669466 | 25 | 4.49238e-006 | 4
19669467 | 25 | 0.847462 | 90
39338934 | 26 | 0.847462 | 90
78677868 | 27 | 0.847462 | 90
157355736 | 28 | 0.847462 | 90
314711472 | 29 | 0.847462 | 90
629422944 | 30 | 0.403156 | 31
1258845888 | 31 | 0.403156 | 31
2517691777 | 32 | 0.403156 | 31
5035383555 | 33 | 0.403156 | 31
10070767110 | 34 | 0.403156 | 31
20141534221 | 35 | 0.403156 | 31
40283068442 | 36 | 0.403156 | 31
80566136884 | 37 | 0.184851 | 15
161132273768 | 38 | 0.184851 | 15
322264547536 | 39 | 0.184851 | 15
644529095072 | 40 | 0.184851 | 15
1289058190145 | 41 | 0.184851 | 15
2578116380291 | 42 | 0.184851 | 15
5156232760583 | 43 | 0.184851 | 15
10312465521166 | 44 | 0.140849 | 13
20624931042332 | 45 | 0.01124 | 10
20624931042333 | 45 | 0.00543523 | 3
10312465521167 | 44 | 0.000922343 | 2
80566136885 | 37 | 0.301435 | 16
161132273770 | 38 | 0.00248041 | 4
161132273771 | 38 | 0.179667 | 12
322264547542 | 39 | 0.179667 | 12
644529095085 | 40 | 0.179667 | 12
1289058190170 | 41 | 0.179667 | 12
2578116380341 | 42 | 0.179667 | 12
5156232760683 | 43 | 0.179667 | 12
10312465521367 | 44 | 0.179667 | 12
20624931042735 | 45 | 0.179667 | 12
41249862085471 | 46 | 0.179667 | 12
82499724170942 | 47 | 0.179667 | 12
164999448341884 | 48 | 0.179667 | 12
329998896683768 | 49 | 0.179667 | 12
659997793367536 | 50 | 0.179667 | 12
1319995586735072 | 51 | 0.179667 | 12
2639991173470145 | 52 | 0.179667 | 12
5279982346940290 | 53 | 0.179667 | 12
10559964693880580 | 54 | 0.179667 | 12
21119929387761161 | 55 | 0.179667 | 12
42239858775522323 | 56 | 0.179667 | 12
84479717551044646 | 57 | 0.179667 | 12
168959435102089292 | 58 | 0.00220881 | 1
168959435102089293 | 58 | 0.101742 | 11
337918870204178586 | 59 | 0.101742 | 11
675837740408357173 | 60 | 0.101742 | 11
1351675480816714347 | 61 | 0.101742 | 11
2703350961633428695 | 62 | 0.101742 | 11
5406701923266857390 | 63 | 0.101742 | 11
-7633340227175836836 | 64 | 0.101742 | 11
3180063619357877945 | 65 | 0.101742 | 11
6360127238715755891 | 66 | 0.101742 | 11
-5726489596278039833 | 67 | 0.101742 | 11
6993764881153471950 | 68 | 0.00993605 | 4
6993764881153471951 | 68 | 0.016914 | 7
629422945 | 30 | 0.847462 | 59
1258845891 | 31 | 0.847462 | 59
2517691782 | 32 | 0.842844 | 31
5035383564 | 33 | 0.842844 | 31
10070767129 | 34 | 0.842844 | 31
20141534258 | 35 | 0.842844 | 31
40283068517 | 36 | 0.842844 | 31
80566137035 | 37 | 0.842844 | 31
161132274070 | 38 | 0.842844 | 31
322264548141 | 39 | 0.842844 | 31
644529096283 | 40 | 0.842844 | 31
1289058192566 | 41 | 0.824118 | 13
2578116385133 | 42 | 0.824118 | 13
5156232770266 | 43 | 0.0172075 | 1
5156232770267 | 43 | 0.824118 | 12
10312465540534 | 44 | 0.00621202 | 3
10312465540535 | 44 | 0.00301306 | 9
1289058192567 | 41 | 0.707692 | 18
2578116385134 | 42 | 0.672468 | 13
5156232770268 | 43 | 0.672468 | 13
10312465540536 | 44 | 0.672468 | 13
20624931081073 | 45 | 0.672468 | 13
41249862162147 | 46 | 0.672468 | 13
82499724324294 | 47 | 0.0103333 | 1
82499724324295 | 47 | 0.672468 | 12
164999448648591 | 48 | 0.672468 | 12
329998897297183 | 49 | 0.672468 | 12
659997794594367 | 50 | 0.672468 | 12
1319995589188735 | 51 | 0.672468 | 12
2639991178377471 | 52 | 0.672468 | 12
5279982356754943 | 53 | 0.672468 | 12
10559964713509887 | 54 | 0.672468 | 12
21119929427019775 | 55 | 0.672468 | 12
42239858854039551 | 56 | 0.672468 | 12
84479717708079102 | 57 | 0.672468 | 12
168959435416158204 | 58 | 0.000125069 | 8
168959435416158205 | 58 | 0.00773114 | 4
2578116385135 | 42 | 0.00704731 | 5
2517691783 | 32 | 0.772965 | 28
5035383567 | 33 | 0.772965 | 28
10070767135 | 34 | 0.772965 | 28
20141534270 | 35 | 0.611082 | 17
40283068540 | 36 | 0.611082 | 17
80566137080 | 37 | 0.611082 | 17
161132274160 | 38 | 0.00667762 | 5
161132274161 | 38 | 0.340017 | 12
322264548323 | 39 | 0.340017 | 12
644529096646 | 40 | 0.340017 | 12
1289058193293 | 41 | 0.340017 | 12
2578116386587 | 42 | 0.340017 | 12
5156232773175 | 43 | 0.340017 | 12
10312465546350 | 44 | 0.340017 | 12
20624931092701 | 45 | 0.340017 | 12
41249862185402 | 46 | 0.00462852 | 1
41249862185403 | 46 | 0.179152 | 11
82499724370807 | 47 | 0.179152 | 11
164999448741614 | 48 | 0.179152 | 11
329998897483228 | 49 | 0.179152 | 11
659997794966456 | 50 | 0.179152 | 11
1319995589932912 | 51 | 0.179152 | 11
2639991179865825 | 52 | 0.179152 | 11
5279982359731651 | 53 | 0.179152 | 11
10559964719463302 | 54 | 7.24191e-005 | 1
10559964719463303 | 54 | 0.00614764 | 10
20141534271 | 35 | 0.65872 | 11
40283068543 | 36 | 0.65872 | 11
80566137086 | 37 | 0.65872 | 11
161132274172 | 38 | 0.00484033 | 3
161132274173 | 38 | 0.000137871 | 8
4917367 | 23 | 0.00620358 | 9
9605 | 14 | 2.21056 | 641
19210 | 15 | 1.87069 | 83
38421 | 16 | 1.87069 | 83
76842 | 17 | 1.87069 | 83
153684 | 18 | 1.87069 | 83
307369 | 19 | 1.87069 | 83
614738 | 20 | 1.87069 | 83
1229477 | 21 | 1.87069 | 83
2458954 | 22 | 0.00738232 | 1
2458955 | 22 | 1.8122 | 82
4917910 | 23 | 1.8122 | 82
9835820 | 24 | 0.00451001 | 1
9835821 | 24 | 1.8122 | 81
19671642 | 25 | 1.8122 | 81
39343284 | 26 | 1.8122 | 81
78686568 | 27 | 1.8122 | 81
157373137 | 28 | 1.8122 | 81
314746275 | 29 | 1.8122 | 81
629492550 | 30 | 0.00186571 | 2
629492551 | 30 | 1.75302 | 79
1258985102 | 31 | 1.75302 | 79
2517970204 | 32 | 1.75302 | 79
5035940409 | 33 | 1.75302 | 79
10071880818 | 34 | 1.75302 | 79
20143761636 | 35 | 0.00563104 | 1
20143761637 | 35 | 1.65192 | 78
40287523274 | 36 | 1.65192 | 78
80575046548 | 37 | 1.65192 | 78
161150093096 | 38 | 1.65192 | 78
322300186192 | 39 | 1.65192 | 36
644600372384 | 40 | 1.65192 | 36
1289200744768 | 41 | 1.65192 | 36
2578401489537 | 42 | 1.65192 | 36
5156802979074 | 43 | 0.901512 | 22
10313605958149 | 44 | 0.901512 | 22
20627211916298 | 45 | 0.00605689 | 2
20627211916299 | 45 | 0.775993 | 20
41254423832598 | 46 | 0.00626522 | 1
41254423832599 | 46 | 0.775993 | 19
82508847665198 | 47 | 0.775993 | 19
165017695330397 | 48 | 0.775993 | 19
330035390660794 | 49 | 0.775993 | 19
660070781321588 | 50 | 0.602381 | 18
1320141562643177 | 51 | 0.602381 | 18
2640283125286354 | 52 | 0.602381 | 18
5280566250572708 | 53 | 0.602381 | 18
10561132501145417 | 54 | 0.602381 | 18
21122265002290834 | 55 | 0.00607001 | 8
21122265002290835 | 55 | 0.00569186 | 10
660070781321589 | 50 | 0.00655607 | 1
5156802979075 | 43 | 1.04938 | 14
10313605958150 | 44 | 0.000222986 | 1
10313605958151 | 44 | 0.502219 | 13
20627211916303 | 45 | 0.502219 | 13
41254423832607 | 46 | 0.502219 | 13
82508847665215 | 47 | 0.502219 | 13
165017695330430 | 48 | 4.50604e-005 | 7
165017695330431 | 48 | 0.00447066 | 6
322300186193 | 39 | 0.685702 | 42
644600372387 | 40 | 0.685702 | 42
1289200744774 | 41 | 0.685702 | 42
2578401489548 | 42 | 0.402593 | 31
5156802979096 | 43 | 0.148761 | 12
10313605958192 | 44 | 0.148761 | 12
20627211916384 | 45 | 0.00543914 | 10
20627211916385 | 45 | -7.18107e-310 | 2
5156802979097 | 43 | 0.402593 | 19
10313605958194 | 44 | 0.000200129 | 1
10313605958195 | 44 | 0.402593 | 18
20627211916391 | 45 | 0.402593 | 18
41254423832782 | 46 | 0.000208668 | 10
41254423832783 | 46 | 0.00580413 | 8
2578401489549 | 42 | 0.463744 | 11
5156802979099 | 43 | 0.463744 | 11
10313605958198 | 44 | 0.463744 | 11
20627211916396 | 45 | 0.463744 | 11
41254423832793 | 46 | 0.463744 | 11
82508847665586 | 47 | 0.00598302 | 10
82508847665587 | 47 | 9.16173e-005 | 1
19211 | 15 | 1.18987 | 558
38422 | 16 | 1.18987 | 558
76845 | 17 | 1.18987 | 558
153690 | 18 | 1.18987 | 558
307380 | 19 | 0.930799 | 18
614760 | 20 | 0.930799 | 18
1229520 | 21 | 0.0401146 | 1
1229521 | 21 | 0.90199 | 17
2459042 | 22 | 0.90199 | 17
4918085 | 23 | 0.90199 | 17
9836170 | 24 | 0.90199 | 17
19672341 | 25 | 0.90199 | 17
39344682 | 26 | 0.90199 | 17
78689365 | 27 | 0.90199 | 17
157378730 | 28 | 0.90199 | 17
314757460 | 29 | 0.90199 | 16
629514920 | 30 | 0.90199 | 16
1259029840 | 31 | 0.90199 | 16
2518059680 | 32 | 0.90199 | 16
5036119360 | 33 | 0.90199 | 16
10072238721 | 34 | 0.90199 | 16
20144477442 | 35 | 0.00596181 | 5
20144477443 | 35 | 0.868609 | 11
40288954887 | 36 | 0.868609 | 11
80577909774 | 37 | 0.868609 | 11
161155819549 | 38 | 0.868609 | 11
322311639098 | 39 | 4.84627e-005 | 2
322311639099 | 39 | 0.0122113 | 9
314757461 | 29 | 0.00482951 | 1
307381 | 19 | 0.926183 | 540
614763 | 20 | 0.926183 | 540
1229526 | 21 | 0.862829 | 118
2459052 | 22 | 0.862829 | 118
4918105 | 23 | 0.862829 | 118
9836210 | 24 | 0.862829 | 118
19672420 | 25 | 0.862829 | 118
39344840 | 26 | 0.862829 | 117
78689680 | 27 | 0.700704 | 42
157379360 | 28 | 0.700704 | 42
314758720 | 29 | 0.700704 | 42
629517440 | 30 | 0.00594275 | 6
629517441 | 30 | 0.700704 | 36
1259034882 | 31 | 0.487846 | 34
2518069764 | 32 | 0.487846 | 34
5036139528 | 33 | 0.487846 | 34
10072279056 | 34 | 0.487846 | 34
20144558112 | 35 | 0.487846 | 34
40289116225 | 36 | 0.487846 | 34
80578232450 | 37 | 0.487846 | 34
161156464901 | 38 | 0.487846 | 34
322312929802 | 39 | 0.192962 | 33
644625859604 | 40 | 0.192962 | 33
1289251719208 | 41 | 0.0966508 | 5
1289251719209 | 41 | 0.109671 | 28
2578503438418 | 42 | 0.109671 | 28
5157006876837 | 43 | 0.109671 | 28
10314013753674 | 44 | 0.0544974 | 27
20628027507348 | 45 | 0.0544974 | 27
41256055014696 | 46 | 0.00630539 | 4
41256055014697 | 46 | 0.0400055 | 23
82512110029394 | 47 | 0.0400055 | 23
165024220058789 | 48 | 0.0400055 | 23
330048440117578 | 49 | 0.0400055 | 23
660096880235156 | 50 | 0.0400055 | 23
1320193760470313 | 51 | 0.0400055 | 23
2640387520940626 | 52 | 0.0400055 | 22
5280775041881252 | 53 | 0.0400055 | 19
10561550083762504 | 54 | 0.000595048 | 4
10561550083762505 | 54 | 0.0400055 | 15
21123100167525010 | 55 | 0.0400055 | 15
42246200335050020 | 56 | 0.0400055 | 15
84492400670100040 | 57 | 0.0400055 | 15
168984801340200080 | 58 | 0.0400055 | 15
337969602680400160 | 59 | 0.0400055 | 15
675939205360800320 | 60 | 0.0400055 | 15
1351878410721600640 | 61 | 0.0400055 | 15
2703756821443201280 | 62 | 0.0400055 | 15
5407513642886402560 | 63 | 0.0400055 | 15
-7631716787936746496 | 64 | 0.0400055 | 15
3183310497836058624 | 65 | 0.0400055 | 15
6366620995672117248 | 66 | 0.0400055 | 15
-5713502082365317120 | 67 | 0.0400055 | 15
7019739908978917377 | 68 | 0.0400055 | 15
-4407264255751716861 | 69 | 0.0400055 | 15
-8814528511503433722 | 70 | 0.0400055 | 15
817687050702684173 | 71 | 0.0400055 | 15
1635374101405368346 | 72 | 0.0400055 | 15
3270748202810736692 | 73 | 0.00401524 | 5
3270748202810736693 | 73 | 0.00558297 | 10
5280775041881253 | 53 | 0 | 3
2640387520940627 | 52 | 0.0161781 | 1
10314013753675 | 44 | 0.00516701 | 1
322312929803 | 39 | 0.00603163 | 1
1259034883 | 31 | 0.00559905 | 2
78689681 | 27 | 0.378781 | 75
157379362 | 28 | 0.260714 | 42
314758725 | 29 | 0.260714 | 42
629517450 | 30 | 0.221095 | 35
1259034900 | 31 | 0.221095 | 35
2518069800 | 32 | 0.0050865 | 8
2518069801 | 32 | 0.150845 | 27
5036139602 | 33 | 0.150845 | 27
10072279205 | 34 | 0.150845 | 27
20144558411 | 35 | 0.150845 | 27
40289116822 | 36 | 0.000120547 | 2
40289116823 | 36 | 0.145307 | 25
80578233647 | 37 | 0.145307 | 25
161156467295 | 38 | 0.145307 | 25
322312934591 | 39 | 0.145307 | 25
644625869182 | 40 | 0.145307 | 25
1289251738365 | 41 | 0.145307 | 25
2578503476730 | 42 | 0.145307 | 25
5157006953460 | 43 | 0.145307 | 25
10314013906921 | 44 | 0.145307 | 25
20628027813842 | 45 | 0.0473051 | 24
41256055627684 | 46 | 0.00626257 | 2
41256055627685 | 46 | 0.0159905 | 22
82512111255370 | 47 | 0.0159905 | 22
165024222510740 | 48 | 0.0159905 | 22
330048445021481 | 49 | 0.0159905 | 22
660096890042963 | 50 | 0.0159905 | 22
1320193780085927 | 51 | 0.0159905 | 22
2640387560171854 | 52 | 0.0159905 | 22
5280775120343708 | 53 | 0.0159905 | 22
10561550240687416 | 54 | 0.0159905 | 22
21123100481374832 | 55 | 0.0159905 | 22
42246200962749664 | 56 | 0.0159905 | 22
84492401925499329 | 57 | 0.0159905 | 22
168984803850998659 | 58 | 0.0159905 | 22
337969607701997318 | 59 | 0.00559247 | 1
337969607701997319 | 59 | 0.0159905 | 21
675939215403994639 | 60 | 0.0159905 | 21
1351878430807989278 | 61 | 0.0159905 | 21
2703756861615978556 | 62 | 0.0159905 | 21
5407513723231957112 | 63 | 0.0159905 | 21
-7631716627245637392 | 64 | 0.0159905 | 21
3183310819218276832 | 65 | 0.0159905 | 21
6366621638436553664 | 66 | 0.0159905 | 20
-5713500796836444288 | 67 | 0.00579667 | 2
-5713500796836444287 | 67 | 0.0152622 | 18
7019742480036663043 | 68 | 0.0152622 | 18
-4407259113636225530 | 69 | 0.0152622 | 18
-8814518227272451059 | 70 | 0.0152622 | 18
817707619164649498 | 71 | 0.00221086 | 1
817707619164649499 | 71 | 0.00651752 | 17
1635415238329298999 | 72 | 0.00651752 | 17
3270830476658597999 | 73 | 0.00651752 | 17
6541660953317195998 | 74 | 0.00580093 | 2
6541660953317195999 | 74 | 0.00622069 | 15
-5363422167075159617 | 75 | 0.00622069 | 15
7719899739559232382 | 76 | 0.00763652 | 4
7719899739559232383 | 76 | 0.00600925 | 11
-3006944594591086850 | 77 | 0.00641787 | 2
-3006944594591086849 | 77 | 0.00613485 | 9
6366621638436553665 | 66 | 0.00602104 | 1
20628027813843 | 45 | 0.000189186 | 1
629517451 | 30 | 6.29512e-005 | 7
157379363 | 28 | 0.229443 | 33
314758726 | 29 | 0.229443 | 33
629517453 | 30 | 0.229443 | 33
1259034906 | 31 | 0.229443 | 33
2518069813 | 32 | 0.229443 | 33
5036139626 | 33 | 0.229443 | 33
10072279252 | 34 | 0.229443 | 33
20144558505 | 35 | 0.229443 | 33
40289117011 | 36 | 0.229443 | 33
80578234022 | 37 | 0.229443 | 33
161156468045 | 38 | 0.229443 | 33
322312936091 | 39 | 0.229443 | 33
644625872182 | 40 | 0.229443 | 33
1289251744364 | 41 | 0.229443 | 33
2578503488729 | 42 | 0.229443 | 33
5157006977458 | 43 | 0.229443 | 33
10314013954917 | 44 | 0.229443 | 33
20628027909834 | 45 | 0.229443 | 33
41256055819668 | 46 | 0.229443 | 33
82512111639337 | 47 | 0.229443 | 33
165024223278675 | 48 | 0.229443 | 33
330048446557350 | 49 | 0.229443 | 33
660096893114700 | 50 | 0.229443 | 33
1320193786229401 | 51 | 0.229443 | 33
2640387572458803 | 52 | 0.229443 | 33
5280775144917607 | 53 | 0.229443 | 33
10561550289835214 | 54 | 0.229443 | 33
21123100579670428 | 55 | 0.00291731 | 7
21123100579670429 | 55 | 0.145129 | 26
42246201159340858 | 56 | 0.145129 | 26
84492402318681717 | 57 | 0.145129 | 26
168984804637363435 | 58 | 0.145129 | 26
337969609274726870 | 59 | 0.145129 | 26
675939218549453740 | 60 | 0.145129 | 26
1351878437098907481 | 61 | 0.145129 | 26
2703756874197814963 | 62 | 0.145129 | 26
5407513748395629926 | 63 | 0.00988577 | 1
5407513748395629927 | 63 | 0.0212448 | 25
-7631716576918291761 | 64 | 0.0212448 | 25
3183310919872968094 | 65 | 0.0212448 | 24
6366621839745936189 | 66 | 0.0212448 | 24
-5713500394217679238 | 67 | 0.0212448 | 24
7019743285274193140 | 68 | 0.0212448 | 24
-4407257503161165335 | 69 | 0.0212448 | 24
-8814515006322330669 | 70 | 0.0212448 | 24
817714061064890278 | 71 | 0.0212448 | 24
1635428122129780557 | 72 | 0.0212448 | 24
3270856244259561115 | 73 | 0.0212448 | 24
6541712488519122230 | 74 | 0.0212448 | 24
-5363319096671307156 | 75 | 0.0212448 | 24
7720105880366937305 | 76 | 0.0212448 | 24
-3006532312975677006 | 77 | 0.0212448 | 24
-6013064625951354012 | 78 | 0.00540788 | 23
6420614821806843593 | 79 | 0.00540788 | 23
-5605514430095864430 | 80 | 0.00511376 | 21
7235715213517822756 | 81 | 0.00310452 | 4
7235715213517822757 | 81 | 0.00450861 | 17
-3975313646673906101 | 82 | 0.00450861 | 17
-7950627293347812201 | 83 | 0.00450861 | 17
2545489487013927214 | 84 | 0.00450861 | 17
5090978974027854428 | 85 | 0.00128222 | 1
5090978974027854429 | 85 | 0.00450861 | 16
-8264786125653842758 | 86 | 0.00450861 | 16
1917171822401866100 | 87 | 0.00387585 | 15
3834343644803732201 | 88 | 0.00387585 | 15
7668687289607464402 | 89 | 0.00387585 | 15
-3109369494494622812 | 90 | 0.00387585 | 15
-6218738988989245624 | 91 | 0.00387585 | 15
6009266095731060368 | 92 | 0.00387585 | 15
-6428211882247430880 | 93 | 0.00611767 | 4
-6428211882247430879 | 93 | 0.00322728 | 11
5590320309214689859 | 94 | 0.00322728 | 11
-7266103455280171897 | 95 | 0.00322728 | 11
3914537163149207823 | 96 | 0.00322728 | 11
7829074326298415646 | 97 | 0.00322728 | 11
-2788595421112720323 | 98 | 0.00322728 | 11
-5577190842225440645 | 99 | 0.00322728 | 11
7292362389258670326 | 100 | 0.00525678 | 3
7292362389258670327 | 100 | 0.00242508 | 8
1917171822401866101 | 87 | 0.00300634 | 1
-5605514430095864429 | 80 | 0.00633119 | 2
-6013064625951354011 | 78 | 0.00720771 | 1
3183310919872968095 | 65 | 0.000638585 | 1
39344841 | 26 | 3.09765e-005 | 1
1229527 | 21 | 0.414853 | 422
2459055 | 22 | 0.414853 | 422
4918110 | 23 | 0.211064 | 29
9836220 | 24 | 0.211064 | 29
19672440 | 25 | 0.211064 | 29
39344880 | 26 | 0.211064 | 29
78689760 | 27 | 0.00408583 | 1
78689761 | 27 | 0.211064 | 28
157379522 | 28 | 3.13248e-005 | 1
157379523 | 28 | 0.167193 | 27
314759046 | 29 | 0.150443 | 26
629518093 | 30 | 0.150443 | 26
1259036187 | 31 | 0.150443 | 26
2518072374 | 32 | 0.150443 | 26
5036144749 | 33 | 0.150443 | 26
10072289499 | 34 | 0.150443 | 26
20144578999 | 35 | 0.150443 | 26
40289157999 | 36 | 0.150443 | 26
80578315998 | 37 | 0.150443 | 26
161156631997 | 38 | 0.150443 | 26
322313263995 | 39 | 0.150443 | 26
644626527991 | 40 | 0.150443 | 26
1289253055982 | 41 | 0.0950344 | 15
2578506111965 | 42 | 0.0950344 | 15
5157012223931 | 43 | 0.0950344 | 15
10314024447862 | 44 | -6.93926e-311 | 1
10314024447863 | 44 | 0.0903137 | 14
20628048895726 | 45 | 0.00660271 | 4
20628048895727 | 45 | 4.33831e-006 | 10
1289253055983 | 41 | 0.150443 | 11
2578506111966 | 42 | 0.00677505 | 10
2578506111967 | 42 | 0.00603405 | 1
314759047 | 29 | 2.74117e-006 | 1
4918111 | 23 | 0.414853 | 393
9836222 | 24 | 2.56357e-005 | 1
9836223 | 24 | 0.414853 | 392
19672447 | 25 | 0.414853 | 392
39344894 | 26 | 0.414853 | 392
78689788 | 27 | 0.383931 | 277
157379576 | 28 | 0.383931 | 277
314759152 | 29 | 0.383931 | 277
629518304 | 30 | 0.383931 | 277
1259036609 | 31 | 0.383931 | 277
2518073218 | 32 | 0.339712 | 214
5036146437 | 33 | 0.339712 | 214
10072292874 | 34 | 0.339712 | 214
20144585748 | 35 | 0.00833411 | 1
20144585749 | 35 | 0.243285 | 213
40289171499 | 36 | 0.243285 | 213
80578342998 | 37 | 0.243285 | 213
161156685996 | 38 | 0.243285 | 213
322313371992 | 39 | 0.197846 | 202
644626743984 | 40 | 0.197846 | 202
1289253487969 | 41 | 0.197846 | 202
2578506975938 | 42 | 0.187866 | 90
5157013951876 | 43 | 0.187866 | 90
10314027903752 | 44 | 0.103278 | 74
20628055807504 | 45 | 0.101804 | 27
41256111615008 | 46 | 0.101804 | 27
82512223230016 | 47 | 0.101804 | 27
165024446460032 | 48 | 0.101804 | 27
330048892920064 | 49 | 0.101804 | 27
660097785840128 | 50 | 0.0901636 | 17
1320195571680256 | 51 | 0.00587218 | 10
1320195571680257 | 51 | 0.00556808 | 7
660097785840129 | 50 | 0.00562101 | 10
20628055807505 | 45 | 0.0938677 | 47
41256111615011 | 46 | 0.0938677 | 47
82512223230023 | 47 | 0.0938677 | 47
165024446460046 | 48 | 0.0938677 | 47
330048892920092 | 49 | 0.0938677 | 36
660097785840185 | 50 | 0.0938677 | 36
1320195571680371 | 51 | 0.0938677 | 36
2640391143360743 | 52 | 0.0938677 | 36
5280782286721487 | 53 | 0.0938677 | 36
10561564573442974 | 54 | 0.0114265 | 13
21123129146885948 | 55 | 0.0111823 | 11
42246258293771897 | 56 | 0.0111823 | 11
84492516587543794 | 57 | 0.0111823 | 11
168985033175087589 | 58 | 0.0111823 | 11
337970066350175179 | 59 | 0.0111823 | 11
675940132700350358 | 60 | 0.0111823 | 11
1351880265400700717 | 61 | 0.0111823 | 11
2703760530801401434 | 62 | 0.0111823 | 11
5407521061602802868 | 63 | 0.00573922 | 2
5407521061602802869 | 63 | 0.00650506 | 9
21123129146885949 | 55 | 0.00235897 | 2
10561564573442975 | 54 | 0.0875922 | 23
21123129146885950 | 55 | 0.00658425 | 4
21123129146885951 | 55 | 0.0875922 | 19
42246258293771902 | 56 | 0.0875922 | 19
84492516587543804 | 57 | 0.0052703 | 3
84492516587543805 | 57 | 0.0823931 | 16
168985033175087611 | 58 | 0.0823931 | 16
337970066350175222 | 59 | 0.0823931 | 16
675940132700350445 | 60 | 0.0823931 | 16
1351880265400700890 | 61 | 0.0823931 | 15
2703760530801401780 | 62 | 0.0823931 | 15
5407521061602803560 | 63 | 0.0823931 | 15
-7631701950503944495 | 64 | 0.0823931 | 15
3183340172701662627 | 65 | 0.0823931 | 15
6366680345403325254 | 66 | 0.00548213 | 6
6366680345403325255 | 66 | 0.000910234 | 9
1351880265400700891 | 61 | 0.0051577 | 1
330048892920093 | 49 | 0.0247732 | 11
660097785840186 | 50 | 0.0247732 | 11
1320195571680373 | 51 | 0.0247732 | 11
2640391143360747 | 52 | 0.0247732 | 11
5280782286721495 | 53 | 0.0247732 | 11
10561564573442990 | 54 | 0.00257999 | 5
10561564573442991 | 54 | 0.0029839 | 6
10314027903753 | 44 | 0.160347 | 16
20628055807506 | 45 | 0.160347 | 16
41256111615013 | 46 | 0.160347 | 16
82512223230027 | 47 | 0.160347 | 16
165024446460054 | 48 | 0.160347 | 16
330048892920109 | 49 | 0.160347 | 16
660097785840219 | 50 | 0.160347 | 16
1320195571680439 | 51 | 0.160347 | 16
2640391143360878 | 52 | 0.160347 | 16
5280782286721756 | 53 | 0.160347 | 16
10561564573443512 | 54 | 0.160347 | 16
21123129146887024 | 55 | 0.00280065 | 8
21123129146887025 | 55 | 0.00649605 | 8
2578506975939 | 42 | 0.184554 | 112
5157013951878 | 43 | 0.184554 | 112
10314027903756 | 44 | 0.119762 | 47
20628055807513 | 45 | 0.119762 | 47
41256111615027 | 46 | 0.119762 | 47
82512223230055 | 47 | 0.119762 | 47
165024446460110 | 48 | 0.119762 | 47
330048892920220 | 49 | 0.119762 | 47
660097785840440 | 50 | 0.119762 | 47
1320195571680881 | 51 | 0.119762 | 47
2640391143361762 | 52 | 0.119762 | 47
5280782286723525 | 53 | 0.119762 | 47
10561564573447050 | 54 | 0.112796 | 24
21123129146894100 | 55 | 0.112796 | 24
42246258293788200 | 56 | 0.112796 | 24
84492516587576400 | 57 | 0.00754307 | 8
84492516587576401 | 57 | 0.112796 | 16
168985033175152803 | 58 | 0.112796 | 16
337970066350305606 | 59 | 0.112796 | 16
675940132700611212 | 60 | 0.112796 | 16
1351880265401222425 | 61 | 0.112796 | 16
2703760530802444851 | 62 | 0.112796 | 16
5407521061604889702 | 63 | 0.112796 | 16
-7631701950499772212 | 64 | 0.112796 | 16
3183340172710007193 | 65 | 0.112796 | 16
6366680345420014387 | 66 | 0.112796 | 16
-5713383382869522841 | 67 | 0.112796 | 16
7019977307970505934 | 68 | 0.112796 | 16
-4406789457768539748 | 69 | 0.112796 | 16
-8813578915537079496 | 70 | 0.112796 | 16
819586242635392625 | 71 | 0.112796 | 16
1639172485270785250 | 72 | 0.112796 | 16
3278344970541570500 | 73 | 0.0315 | 13
6556689941083141000 | 74 | 0.0129645 | 9
6556689941083141001 | 74 | 0.0091557 | 4
3278344970541570501 | 73 | -1.08692e-310 | 3
10561564573447051 | 54 | 0.118094 | 23
21123129146894102 | 55 | 0.00695406 | 1
21123129146894103 | 55 | 0.104469 | 22
42246258293788207 | 56 | 0.104469 | 22
84492516587576414 | 57 | 0.104469 | 22
168985033175152829 | 58 | 0.104469 | 22
337970066350305658 | 59 | 0.104469 | 22
675940132700611316 | 60 | 0.104469 | 22
1351880265401222632 | 61 | 0.104469 | 22
2703760530802445264 | 62 | 0.104469 | 21
5407521061604890528 | 63 | 0.104469 | 21
-7631701950499770560 | 64 | 0.000174607 | 2
-7631701950499770559 | 64 | 0.104469 | 19
3183340172710010499 | 65 | 0.104469 | 19
6366680345420020998 | 66 | 0.00486904 | 6
6366680345420020999 | 66 | 0.0386276 | 13
-5713383382869509618 | 67 | 0.0386276 | 13
7019977307970532380 | 68 | 0.0386276 | 13
-4406789457768486856 | 69 | 0.0386276 | 13
-8813578915536973712 | 70 | 0.0386276 | 13
819586242635604192 | 71 | 0.0386276 | 13
1639172485271208385 | 72 | 0.0386276 | 13
3278344970542416771 | 73 | 0.0386276 | 13
6556689941084833542 | 74 | 0.000755887 | 7
6556689941084833543 | 74 | 0.000189823 | 6
2703760530802445265 | 62 | 0.00584782 | 1
10314027903757 | 44 | 0.127469 | 65
20628055807514 | 45 | 0.127469 | 65
41256111615028 | 46 | 0.123845 | 57
82512223230057 | 47 | 0.123845 | 57
165024446460115 | 48 | 0.123845 | 57
330048892920230 | 49 | 0.123845 | 57
660097785840460 | 50 | 0.123845 | 57
1320195571680920 | 51 | 0.122351 | 56
2640391143361840 | 52 | 0.122351 | 56
5280782286723680 | 53 | 0.0052002 | 4
5280782286723681 | 53 | 0.11526 | 52
10561564573447362 | 54 | 0.11526 | 52
21123129146894725 | 55 | 0.11526 | 52
42246258293789450 | 56 | 0.11526 | 52
84492516587578901 | 57 | 0.11526 | 52
168985033175157803 | 58 | 0.11526 | 52
337970066350315607 | 59 | 0.11526 | 52
675940132700631214 | 60 | 0.00474479 | 8
675940132700631215 | 60 | 0.11526 | 44
1351880265401262430 | 61 | 5.46283e-005 | 5
1351880265401262431 | 61 | 0.11526 | 39
2703760530802524863 | 62 | 0.11526 | 39
5407521061605049726 | 63 | 0.11526 | 31
-7631701950499452164 | 64 | 0.11526 | 30
3183340172710647288 | 65 | 0.00216036 | 2
3183340172710647289 | 65 | 0.11526 | 28
6366680345421294578 | 66 | 0.000141404 | 10
6366680345421294579 | 66 | 0.104361 | 18
-5713383382866962458 | 67 | 0.104361 | 18
7019977307975626700 | 68 | 0.0849848 | 14
-4406789457758298215 | 69 | 0.0849848 | 14
-8813578915516596430 | 70 | 0.0849848 | 14
819586242676358756 | 71 | 0.0849848 | 14
1639172485352717513 | 72 | 0.0849848 | 14
3278344970705435027 | 73 | 0.0849848 | 14
6556689941410870054 | 74 | 0.0849848 | 14
-5333364190887811508 | 75 | 0.00312815 | 2
-5333364190887811507 | 75 | 0.0775838 | 12
7780015691933928602 | 76 | 0.0775838 | 12
-2886712689841694412 | 77 | 0.0775838 | 12
-5773425379683388824 | 78 | 0.00488473 | 1
-5773425379683388823 | 78 | 0.0761725 | 11
6899893314342773971 | 79 | 0.0761725 | 11
-4646957445024003674 | 80 | 0.00613485 | 9
-4646957445024003673 | 80 | 0.000918991 | 2
7019977307975626701 | 68 | 0.00471875 | 4
-7631701950499452163 | 64 | 0.005038 | 1
5407521061605049727 | 63 | 0.00519476 | 8
1320195571680921 | 51 | 0.00606452 | 1
41256111615029 | 46 | 0.00702054 | 8
322313371993 | 39 | 0.0533467 | 11
644626743986 | 40 | 0.00613458 | 6
644626743987 | 40 | 0.00575888 | 5
2518073219 | 32 | 0.125801 | 63
5036146438 | 33 | 0.00221031 | 3
5036146439 | 33 | 0.12484 | 60
10072292878 | 34 | 0.0997936 | 32
20144585756 | 35 | 0.0997936 | 32
40289171512 | 36 | 0.0997936 | 32
80578343025 | 37 | 0.0997936 | 32
161156686051 | 38 | 0.0997936 | 32
322313372103 | 39 | 0.0997936 | 32
644626744206 | 40 | 0.0997936 | 32
1289253488413 | 41 | 0.0997936 | 32
2578506976826 | 42 | 0.00742607 | 2
2578506976827 | 42 | 0.0991235 | 30
5157013953655 | 43 | 0.0991235 | 30
10314027907310 | 44 | 0.00517309 | 3
10314027907311 | 44 | 0.0322447 | 27
20628055814622 | 45 | 0.0322447 | 27
41256111629245 | 46 | 0.0322447 | 27
82512223258490 | 47 | 0.0322447 | 27
165024446516980 | 48 | 0.0322447 | 27
330048893033960 | 49 | 0.0322447 | 26
660097786067920 | 50 | 0.0322447 | 26
1320195572135841 | 51 | 0.0322447 | 26
2640391144271683 | 52 | 0.0322447 | 26
5280782288543367 | 53 | 0.0322447 | 26
10561564577086735 | 54 | 0.0322447 | 26
21123129154173470 | 55 | 0.0322447 | 26
42246258308346940 | 56 | 0.0322447 | 26
84492516616693881 | 57 | 0.0322447 | 26
168985033233387762 | 58 | 0.0322447 | 26
337970066466775525 | 59 | 0.0322447 | 26
675940132933551050 | 60 | 0.0322447 | 26
1351880265867102100 | 61 | 0.0322447 | 26
2703760531734204200 | 62 | 0.0322447 | 26
5407521063468408400 | 63 | 0.0322447 | 26
-7631701946772734815 | 64 | 0.0322447 | 26
3183340180164081986 | 65 | 0.0322447 | 26
6366680360328163972 | 66 | 0.0322447 | 26
-5713383353053223672 | 67 | 0.0322447 | 26
7019977367603104272 | 68 | 0.0322447 | 26
-4406789338503343072 | 69 | 0.0144151 | 22
-8813578677006686144 | 70 | 0.0144151 | 22
819586719696179328 | 71 | 0.0144151 | 22
1639173439392358656 | 72 | 0.0144151 | 22
3278346878784717312 | 73 | 0.00802728 | 17
6556693757569434625 | 74 | 0.00802728 | 17
-5333356558570682366 | 75 | 0.00802728 | 17
7780030956568186885 | 76 | 0.00802728 | 17
-2886682160573177846 | 77 | 0.00639852 | 7
-2886682160573177845 | 77 | 0.00692422 | 10
3278346878784717313 | 73 | 0.000848893 | 5
-4406789338503343071 | 69 | 0.0133402 | 4
330048893033961 | 49 | 0.00615719 | 1
10072292879 | 34 | 0.0857725 | 28
20144585759 | 35 | 0.0857725 | 28
40289171519 | 36 | 0.0857725 | 28
80578343039 | 37 | 0.0857725 | 28
161156686078 | 38 | 0.0857725 | 28
322313372156 | 39 | 0.0857725 | 28
644626744312 | 40 | 0.0857725 | 28
1289253488624 | 41 | 0.0857725 | 28
2578506977249 | 42 | 0.0857725 | 28
5157013954498 | 43 | 0.0857725 | 26
10314027908996 | 44 | 0.0857725 | 26
20628055817992 | 45 | 0.0857725 | 12
41256111635984 | 46 | 0.0857725 | 12
82512223271968 | 47 | 0.0857725 | 12
165024446543936 | 48 | 0.0857725 | 12
330048893087872 | 49 | 0.0857725 | 12
660097786175744 | 50 | 0.0438136 | 11
1320195572351488 | 51 | 0.0438136 | 11
2640391144702976 | 52 | 0.00476342 | 4
2640391144702977 | 52 | 0.00486687 | 7
660097786175745 | 50 | 0.0154983 | 1
20628055817993 | 45 | 0.0502953 | 14
41256111635987 | 46 | 0.0502953 | 14
82512223271975 | 47 | 0.0502953 | 14
165024446543950 | 48 | 0.00546529 | 1
165024446543951 | 48 | 0.0183723 | 13
330048893087902 | 49 | 0.0183723 | 13
660097786175805 | 50 | 0.0183723 | 13
1320195572351611 | 51 | 0.0183723 | 13
2640391144703223 | 52 | 0.0183723 | 13
5280782289406447 | 53 | 0.0183723 | 13
10561564578812894 | 54 | 0.0183723 | 13
21123129157625788 | 55 | 0.000123182 | 7
21123129157625789 | 55 | 0.00513549 | 6
5157013954499 | 43 | 0.00544996 | 2
78689789 | 27 | 0.209321 | 115
157379579 | 28 | 0.209321 | 115
314759159 | 29 | 0.209321 | 115
629518318 | 30 | 0.209321 | 110
1259036636 | 31 | 0.209321 | 110
2518073273 | 32 | 0.209321 | 110
5036146547 | 33 | 0.209321 | 110
10072293095 | 34 | 0.209321 | 110
20144586190 | 35 | 0.209321 | 110
40289172380 | 36 | 0.209321 | 110
80578344760 | 37 | 0.000198222 | 1
80578344761 | 37 | 0.209321 | 109
161156689522 | 38 | 0.0912038 | 13
322313379045 | 39 | 0.0912038 | 13
644626758090 | 40 | 0.00846539 | 9
644626758091 | 40 | 9.62926e-005 | 4
161156689523 | 38 | 0.176386 | 96
322313379047 | 39 | 0.176386 | 96
644626758094 | 40 | 0.176386 | 96
1289253516188 | 41 | 0.176386 | 96
2578507032376 | 42 | 0.176386 | 96
5157014064752 | 43 | 0.176386 | 96
10314028129504 | 44 | 0.146651 | 74
20628056259009 | 45 | 0.146651 | 74
41256112518019 | 46 | 0.146651 | 74
82512225036038 | 47 | 0.146651 | 74
165024450072076 | 48 | 0.146651 | 74
330048900144153 | 49 | 0.146651 | 74
660097800288306 | 50 | 0.119017 | 35
1320195600576613 | 51 | 0.119017 | 35
2640391201153226 | 52 | 0.119017 | 35
5280782402306452 | 53 | 0.0721692 | 11
10561564804612904 | 54 | 0.000272845 | 3
10561564804612905 | 54 | 0.00529027 | 8
5280782402306453 | 53 | 0.117592 | 24
10561564804612906 | 54 | 0.117402 | 23
21123129609225812 | 55 | 0.117402 | 23
42246259218451624 | 56 | 0.117402 | 23
84492518436903248 | 57 | 0.117402 | 19
168985036873806497 | 58 | 0.117402 | 19
337970073747612994 | 59 | 0.117402 | 19
675940147495225989 | 60 | 0.117402 | 19
1351880294990451978 | 61 | 0.117402 | 19
2703760589980903956 | 62 | 0.117402 | 19
5407521179961807912 | 63 | 0.117402 | 15
-7631701713785935792 | 64 | 0.117402 | 15
3183340646137680032 | 65 | 0.117402 | 15
6366681292275360064 | 66 | 0.117402 | 15
-5713381489158831488 | 67 | 0.117402 | 15
7019981095391888640 | 68 | 0.00597204 | 3
7019981095391888641 | 68 | 0.116686 | 12
-4406781882925774334 | 69 | 0.116686 | 12
-8813563765851548667 | 70 | 0.116686 | 12
819616542006454283 | 71 | 0.116686 | 12
1639233084012908566 | 72 | 0.000154021 | 1
1639233084012908567 | 72 | 0.116686 | 11
3278466168025817134 | 73 | 0.00512805 | 6
3278466168025817135 | 73 | 0.00477509 | 5
5407521179961807913 | 63 | 7.98923e-006 | 4
84492518436903249 | 57 | 0.000325642 | 4
10561564804612907 | 54 | 0.00521212 | 1
660097800288307 | 50 | 0.146651 | 39
1320195600576614 | 51 | 0.146651 | 39
2640391201153228 | 52 | 0.146651 | 39
5280782402306457 | 53 | 0.146651 | 39
10561564804612914 | 54 | 0 | 2
10561564804612915 | 54 | 0.138224 | 37
21123129609225831 | 55 | 0.138224 | 37
42246259218451662 | 56 | 0.138224 | 37
84492518436903325 | 57 | 0.138224 | 37
168985036873806651 | 58 | 0.138224 | 37
337970073747613302 | 59 | 0.138224 | 37
675940147495226605 | 60 | 0.138224 | 37
1351880294990453211 | 61 | 0.138224 | 37
2703760589980906423 | 62 | 0.138224 | 37
5407521179961812847 | 63 | 0.138224 | 37
-7631701713785925922 | 64 | 0.138224 | 37
3183340646137699772 | 65 | 0.138224 | 37
6366681292275399545 | 66 | 0.138224 | 37
-5713381489158752525 | 67 | 0.138224 | 37
7019981095392046566 | 68 | 0.138224 | 37
-4406781882925458484 | 69 | 0.138224 | 37
-8813563765850916968 | 70 | 0.138224 | 37
819616542007717681 | 71 | 0.138224 | 37
1639233084015435362 | 72 | 0.138224 | 37
3278466168030870724 | 73 | 0.0055512 | 5
3278466168030870725 | 73 | 0.0763265 | 32
6556932336061741451 | 74 | 0.0763265 | 32
-5332879401586068713 | 75 | 0.0763265 | 32
7780985270537414191 | 76 | 0.0763265 | 32
-2884773532634723234 | 77 | 0.0058143 | 1
-2884773532634723233 | 77 | 0.0420927 | 31
-5769547065269446466 | 78 | 0.0420927 | 31
6907649943170658685 | 79 | 0.0420927 | 31
-4631444187368234246 | 80 | 0.0053865 | 4
-4631444187368234245 | 80 | 0.0420927 | 27
9183855698973083126 | 81 | 0.0420927 | 27
-79032675763385364 | 82 | 0.0420927 | 27
-158065351526770727 | 83 | 0.0420927 | 27
-316130703053541453 | 84 | 0.0420927 | 27
-632261406107082906 | 85 | 0.0420927 | 27
-1264522812214165812 | 86 | 0.0420927 | 27
-2529045624428331624 | 87 | 0.0420927 | 27
-5058091248856663247 | 88 | 0.0420927 | 27
8330561575996225123 | 89 | 0.0420927 | 27
-1785620921717101370 | 90 | 0.00543886 | 2
-1785620921717101369 | 90 | 0.0332117 | 25
-3571241843434202737 | 91 | 0.0332117 | 25
-7142483686868405474 | 92 | 0.0332117 | 25
4161776699972740668 | 93 | 0.0332117 | 25
8323553399945481337 | 94 | 0.0332117 | 25
-1799637273818588941 | 95 | 0.0332117 | 25
-3599274547637177881 | 96 | 0.0332117 | 25
-7198549095274355762 | 97 | 0.0332117 | 25
4049645883160840092 | 98 | 0.0300703 | 24
8099291766321680184 | 99 | 0.0300703 | 24
-2248160541066191248 | 100 | 0.0165452 | 17
-4496321082132382496 | 101 | 0.0165452 | 17
-8992642164264764992 | 102 | 0.0165452 | 17
461459745180021632 | 103 | 0.0165452 | 17
922919490360043265 | 104 | 0.0165452 | 17
1845838980720086530 | 105 | 0.0129019 | 12
3691677961440173060 | 106 | 0.00670335 | 4
3691677961440173061 | 106 | 0.000360043 | 8
1845838980720086531 | 105 | 0.011348 | 5
-2248160541066191247 | 100 | 0.00453055 | 7
4049645883160840093 | 98 | 0.00754405 | 1
10314028129505 | 44 | 0.123492 | 22
20628056259010 | 45 | 0.123492 | 22
41256112518020 | 46 | 0.00032445 | 4
41256112518021 | 46 | 0.115423 | 18
82512225036042 | 47 | 0.115423 | 18
165024450072085 | 48 | 0.115423 | 18
330048900144171 | 49 | 0.115423 | 18
660097800288342 | 50 | 0.0028977 | 5
660097800288343 | 50 | 0.108397 | 13
1320195600576687 | 51 | 0.108397 | 13
2640391201153374 | 52 | 0.108397 | 13
5280782402306749 | 53 | 0.108397 | 13
10561564804613499 | 54 | 0.108397 | 13
21123129609226998 | 55 | 0.108397 | 13
42246259218453996 | 56 | 0.108397 | 13
84492518436907992 | 57 | 0.108397 | 13
168985036873815984 | 58 | 0.108397 | 13
337970073747631969 | 59 | 0.108397 | 13
675940147495263938 | 60 | 0.000363306 | 1
675940147495263939 | 60 | 0.0756929 | 12
1351880294990527878 | 61 | 0.0756929 | 12
2703760589981055756 | 62 | 0.0158483 | 11
5407521179962111512 | 63 | 0.0158483 | 11
-7631701713785328591 | 64 | 0.0158483 | 11
3183340646138894434 | 65 | 0.0158483 | 11
6366681292277788868 | 66 | 0.0158483 | 11
-5713381489153973880 | 67 | 0.0158483 | 11
7019981095401603857 | 68 | 0.0158483 | 11
-4406781882906343901 | 69 | 0.0158483 | 11
-8813563765812687802 | 70 | 0.0158483 | 11
819616542084176013 | 71 | 0.0158483 | 11
1639233084168352027 | 72 | 0.0158483 | 11
3278466168336704054 | 73 | 0.0158483 | 11
6556932336673408109 | 74 | 0.0158483 | 11
-5332879400362735398 | 75 | 0.00513605 | 10
-5332879400362735397 | 75 | 1.87855e-005 | 1
2703760589981055757 | 62 | 0.00688944 | 1
629518319 | 30 | 0.00551998 | 5
4803 | 13 | 1.76377 | 46
9606 | 14 | 1.76377 | 35
19212 | 15 | 1.76377 | 35
38424 | 16 | 0.00585193 | 10
38425 | 16 | 1.18415 | 25
76850 | 17 | 1.18415 | 25
153700 | 18 | 1.18415 | 25
307401 | 19 | 1.18415 | 25
614802 | 20 | 0.000158125 | 2
614803 | 20 | 1.11035 | 23
1229607 | 21 | 1.11035 | 23
2459214 | 22 | 0.00593811 | 2
2459215 | 22 | 1.11035 | 21
4918430 | 23 | 0.00031987 | 9
4918431 | 23 | 1.04928 | 12
9836862 | 24 | 0.00738713 | 8
9836863 | 24 | 0.000204998 | 4
9607 | 14 | 1.21627 | 11
19214 | 15 | 0.000194659 | 10
19215 | 15 | 0.00709465 | 1
5 | 3 | 2.42537 | 203
10 | 4 | 2.42537 | 203
20 | 5 | 0 | 5
21 | 5 | 2.42537 | 198
42 | 6 | 2.42537 | 198
85 | 7 | 2.42537 | 198
170 | 8 | 5.37704e-005 | 1
171 | 8 | 1.93577 | 197
343 | 9 | 1.93577 | 197
686 | 10 | 1.6548 | 169
1372 | 11 | 0.72621 | 37
2745 | 12 | 0.72621 | 37
5490 | 13 | 0.72621 | 37
10981 | 14 | 0.72621 | 37
21962 | 15 | 0.72621 | 24
43925 | 16 | 0.72621 | 24
87850 | 17 | 0.72621 | 24
175700 | 18 | 0.72621 | 24
351400 | 19 | 0.72621 | 24
702800 | 20 | 0.72621 | 24
1405600 | 21 | 0.72621 | 24
2811200 | 22 | 0.72621 | 24
5622401 | 23 | 0.72621 | 24
11244803 | 24 | 0.72621 | 24
22489607 | 25 | 0.72621 | 24
44979214 | 26 | 0.72621 | 24
89958428 | 27 | 0.72621 | 24
179916856 | 28 | 0.72621 | 24
359833712 | 29 | 0.72621 | 24
719667425 | 30 | 0.72621 | 24
1439334851 | 31 | 0.72621 | 24
2878669703 | 32 | 0.72621 | 24
5757339406 | 33 | 0.72621 | 24
11514678813 | 34 | 0.72621 | 24
23029357626 | 35 | 0.324779 | 21
46058715253 | 36 | 0.324779 | 21
92117430507 | 37 | 0.324779 | 21
184234861015 | 38 | 0.324779 | 21
368469722030 | 39 | 0.324779 | 18
736939444060 | 40 | 0.260773 | 17
1473878888120 | 41 | 0.260773 | 17
2947757776241 | 42 | 0.260773 | 17
5895515552483 | 43 | 0.260773 | 17
11791031104966 | 44 | 0.260773 | 15
23582062209933 | 45 | 0.260773 | 15
47164124419867 | 46 | 0.260773 | 15
94328248839734 | 47 | 0.22203 | 11
188656497679469 | 48 | 0.22203 | 11
377312995358938 | 49 | 0.00199777 | 8
377312995358939 | 49 | 0.00255618 | 3
94328248839735 | 47 | 0.00447349 | 4
11791031104967 | 44 | 0.00657827 | 2
736939444061 | 40 | 5.28606e-006 | 1
368469722031 | 39 | 0.000102162 | 3
23029357627 | 35 | 1.31041e-005 | 3
21963 | 15 | 0.48094 | 13
43926 | 16 | 0.00474152 | 8
43927 | 16 | 0.0101628 | 5
1373 | 11 | 1.37901 | 132
2747 | 12 | 1.37901 | 132
5495 | 13 | 1.37901 | 132
10991 | 14 | 1.37901 | 132
21983 | 15 | 1.37901 | 132
43967 | 16 | 1.37901 | 132
87935 | 17 | 1.37901 | 132
175870 | 18 | 0.864251 | 90
351740 | 19 | 0.864251 | 90
703481 | 20 | 0.864251 | 90
1406962 | 21 | 0.81162 | 68
2813925 | 22 | 0.81162 | 68
5627850 | 23 | 0.81162 | 68
11255700 | 24 | 0.81162 | 68
22511401 | 25 | 0.81162 | 68
45022802 | 26 | 0.81162 | 68
90045604 | 27 | 0.81162 | 68
180091208 | 28 | 0.736959 | 66
360182416 | 29 | 0.736959 | 66
720364833 | 30 | 0.736959 | 66
1440729666 | 31 | 0.736959 | 66
2881459333 | 32 | 0.736959 | 66
5762918667 | 33 | 0.736959 | 66
11525837335 | 34 | 0.736959 | 66
23051674670 | 35 | 0.736959 | 66
46103349341 | 36 | 0.736959 | 66
92206698683 | 37 | 0.736959 | 66
184413397367 | 38 | 0.736959 | 66
368826794734 | 39 | 0.736959 | 66
737653589469 | 40 | 0.736959 | 66
1475307178939 | 41 | 0.736959 | 66
2950614357879 | 42 | 0.736959 | 66
5901228715759 | 43 | 0.736959 | 66
11802457431518 | 44 | 0.736959 | 66
23604914863036 | 45 | 0.736959 | 66
47209829726072 | 46 | 0.736959 | 66
94419659452144 | 47 | 0.736959 | 66
188839318904288 | 48 | 0.736959 | 57
377678637808577 | 49 | 0.736959 | 57
755357275617154 | 50 | 0.736959 | 57
1510714551234308 | 51 | 0.736959 | 57
3021429102468616 | 52 | 0.736959 | 57
6042858204937233 | 53 | 0.736959 | 57
12085716409874466 | 54 | 0.704715 | 55
24171432819748933 | 55 | 0.704715 | 55
48342865639497867 | 56 | 0.704715 | 55
96685731278995734 | 57 | 0.505932 | 31
193371462557991469 | 58 | 0.505932 | 31
386742925115982939 | 59 | 0.505932 | 31
773485850231965878 | 60 | 0.505932 | 31
1546971700463931756 | 61 | 0.505932 | 31
3093943400927863512 | 62 | 0.505932 | 31
6187886801855727024 | 63 | 0.343481 | 17
-6070970469998097567 | 64 | 0.343481 | 17
6304803133713356483 | 65 | 0.343481 | 17
-5837137806282838650 | 66 | 0.343481 | 17
6772468461143874316 | 67 | 0.343481 | 17
-4901807151421802984 | 68 | 0.00771792 | 5
-4901807151421802983 | 68 | 0.336401 | 12
8643129770865945650 | 69 | 0.336401 | 12
-1160484531977660316 | 70 | 0.000447868 | 6
-1160484531977660315 | 70 | 0.0402638 | 6
6187886801855727025 | 63 | 0.36989 | 14
-6070970469998097566 | 64 | 0.000499981 | 1
-6070970469998097565 | 64 | 0.36989 | 13
6304803133713356487 | 65 | 0.36989 | 13
-5837137806282838642 | 66 | 0.36989 | 12
6772468461143874332 | 67 | 0.36989 | 12
-4901807151421802952 | 68 | 0.332562 | 11
8643129770865945712 | 69 | 0.00616514 | 1
8643129770865945713 | 69 | 0.000407299 | 10
-4901807151421802951 | 68 | 0.00687878 | 1
-5837137806282838641 | 66 | 0.00670129 | 1
96685731278995735 | 57 | 0.704715 | 24
193371462557991471 | 58 | 0.704715 | 24
386742925115982942 | 59 | 0.704715 | 24
773485850231965884 | 60 | 0.704715 | 24
1546971700463931769 | 61 | 0.704715 | 24
3093943400927863539 | 62 | 0.704715 | 24
6187886801855727078 | 63 | 0.00785314 | 8
6187886801855727079 | 63 | 0.551669 | 16
-6070970469998097457 | 64 | 0.551669 | 16
6304803133713356702 | 65 | 0.551669 | 16
-5837137806282838212 | 66 | 0.551669 | 16
6772468461143875192 | 67 | 0.00635607 | 5
6772468461143875193 | 67 | 0.475576 | 11
-4901807151421801230 | 68 | 0.00530711 | 10
-4901807151421801229 | 68 | 0.00549736 | 1
12085716409874467 | 54 | 4.26754e-005 | 2
188839318904289 | 48 | 0.00432135 | 9
180091209 | 28 | 0.00181195 | 2
1406963 | 21 | 0.467313 | 22
2813927 | 22 | 0.467313 | 22
5627855 | 23 | 0.467313 | 22
11255710 | 24 | 0.000682566 | 1
11255711 | 24 | 0.464989 | 21
22511423 | 25 | 0.464989 | 21
45022846 | 26 | 0.464989 | 21
90045693 | 27 | 0.464989 | 21
180091386 | 28 | 0.464989 | 21
360182772 | 29 | 0.464989 | 21
720365545 | 30 | 0.464989 | 21
1440731091 | 31 | 0.464989 | 21
2881462183 | 32 | 0.464989 | 21
5762924366 | 33 | 0.464989 | 21
11525848732 | 34 | 0.464989 | 21
23051697464 | 35 | 0.464989 | 21
46103394929 | 36 | 0.464989 | 21
92206789858 | 37 | 0.00580783 | 3
92206789859 | 37 | 0.221365 | 18
184413579719 | 38 | 0.221365 | 18
368827159438 | 39 | 0.00185301 | 3
368827159439 | 39 | 0.221365 | 15
737654318878 | 40 | 0.221365 | 15
1475308637756 | 41 | 0.221365 | 15
2950617275512 | 42 | 0.221365 | 15
5901234551025 | 43 | 0.221365 | 15
11802469102051 | 44 | 0.221365 | 15
23604938204103 | 45 | 0.221365 | 15
47209876408206 | 46 | 0.221365 | 15
94419752816413 | 47 | 0.221365 | 15
188839505632826 | 48 | 0.221365 | 15
377679011265652 | 49 | 0.00667833 | 1
377679011265653 | 49 | 0.103812 | 14
755358022531307 | 50 | 0.103812 | 14
1510716045062614 | 51 | 0.103812 | 14
3021432090125228 | 52 | 0.000871231 | 1
3021432090125229 | 52 | 0.0939276 | 13
6042864180250458 | 53 | 0.0939276 | 13
12085728360500917 | 54 | 0.0939276 | 13
24171456721001835 | 55 | 0.0939276 | 13
48342913442003670 | 56 | 0.0939276 | 13
96685826884007340 | 57 | 0.0939276 | 13
193371653768014680 | 58 | 2.62005e-005 | 3
193371653768014681 | 58 | 0.00636699 | 10
175871 | 18 | 1.37901 | 42
351742 | 19 | 1.37901 | 42
703485 | 20 | 1.37901 | 42
1406971 | 21 | 1.37901 | 42
2813942 | 22 | 1.37901 | 29
5627884 | 23 | 1.37901 | 29
11255768 | 24 | 1.37901 | 29
22511537 | 25 | 1.37901 | 29
45023075 | 26 | 1.37901 | 29
90046150 | 27 | 1.37901 | 29
180092301 | 28 | 1.37901 | 29
360184602 | 29 | 1.20345 | 17
720369205 | 30 | 1.20345 | 17
1440738411 | 31 | 1.20345 | 17
2881476823 | 32 | 1.20345 | 17
5762953647 | 33 | 1.20345 | 17
11525907295 | 34 | 1.20345 | 17
23051814591 | 35 | 1.20345 | 17
46103629183 | 36 | 1.20345 | 17
92207258366 | 37 | 0.000871255 | 8
92207258367 | 37 | 0.00485362 | 9
360184603 | 29 | 0.495435 | 12
720369207 | 30 | 0.495435 | 12
1440738415 | 31 | 0.495435 | 12
2881476831 | 32 | 0.495435 | 12
5762953663 | 33 | 0.495435 | 12
11525907326 | 34 | 0.495435 | 12
23051814653 | 35 | 0.495435 | 12
46103629307 | 36 | 0.495435 | 12
92207258614 | 37 | 0.495435 | 12
184414517228 | 38 | 0.000196424 | 1
184414517229 | 38 | 0.495435 | 11
368829034458 | 39 | 0.00471248 | 3
368829034459 | 39 | 0.00040125 | 8
2813943 | 22 | 0.621425 | 13
5627887 | 23 | 0.621425 | 13
11255774 | 24 | 0.621425 | 13
22511548 | 25 | 0.575878 | 11
45023097 | 26 | 0.575878 | 11
90046194 | 27 | 0.0130029 | 8
90046195 | 27 | -3.30251e-310 | 3
22511549 | 25 | 0.005241 | 2
687 | 10 | 1.79609 | 28
1374 | 11 | 1.79609 | 28
2749 | 12 | 1.79609 | 28
5498 | 13 | 1.79609 | 28
10996 | 14 | 1.79609 | 28
21992 | 15 | 0.50395 | 4
21993 | 15 | 0.997738 | 24
43987 | 16 | 0.997738 | 24
87975 | 17 | 0.997738 | 24
175951 | 18 | 0.997738 | 24
351902 | 19 | 0.997738 | 24
703804 | 20 | 0.997738 | 24
1407609 | 21 | 0.997738 | 24
2815219 | 22 | 0.997738 | 24
5630439 | 23 | 0.997738 | 24
11260878 | 24 | 0.997738 | 24
22521757 | 25 | 0.997738 | 24
45043514 | 26 | 0.997738 | 24
90087028 | 27 | 0.997738 | 24
180174056 | 28 | 0.997738 | 24
360348113 | 29 | 0.997738 | 24
720696226 | 30 | 0.997738 | 24
1441392452 | 31 | 0 | 1
1441392453 | 31 | 0.997738 | 23
2882784906 | 32 | 0.35852 | 1
2882784907 | 32 | 0.945872 | 22
5765569815 | 33 | 0.945872 | 22
11531139630 | 34 | 0.945872 | 22
23062279261 | 35 | 0.945872 | 22
46124558523 | 36 | 0.945872 | 22
92249117047 | 37 | 0.945872 | 22
184498234094 | 38 | 0.471767 | 1
184498234095 | 38 | 0.757111 | 21
368996468191 | 39 | 0.757111 | 21
737992936382 | 40 | 0.754542 | 19
1475985872764 | 41 | 0.754542 | 19
2951971745528 | 42 | 0.754542 | 19
5903943491057 | 43 | 0.754542 | 19
11807886982115 | 44 | 0.754542 | 19
23615773964230 | 45 | 0.754542 | 19
47231547928461 | 46 | 0.754542 | 19
94463095856923 | 47 | 0.754542 | 19
188926191713846 | 48 | 0.754542 | 19
377852383427692 | 49 | 0.347306 | 17
755704766855384 | 50 | 0.347306 | 17
1511409533710769 | 51 | 0.347306 | 17
3022819067421538 | 52 | 1.87066 | 10
3022819067421539 | 52 | 1.65871 | 7
377852383427693 | 49 | 0.511041 | 2
737992936383 | 40 | 2.93632 | 2
