ID | Depth | diameter | Number of points
0 | 0 | 29.316 | 1600
0 | 1 | 27.6185 | 488
0 | 2 | 27.6185 | 488
0 | 3 | 21.6087 | 199
1 | 4 | 21.6087 | 199
2 | 5 | 20.019 | 198
4 | 6 | 10.9088 | 65
8 | 7 | 4.6613e-310 | 3
9 | 7 | 7.65002 | 62
19 | 8 | 7.65002 | 62
38 | 9 | 6.80257 | 39
77 | 10 | 6.80257 | 39
154 | 11 | 6.80257 | 39
308 | 12 | 6.80257 | 39
616 | 13 | 6.80257 | 39
1232 | 14 | 6.80257 | 39
2464 | 15 | 6.80257 | 39
4928 | 16 | 6.80257 | 39
9856 | 17 | 6.80257 | 39
19713 | 18 | 6.80257 | 39
39427 | 19 | 6.80257 | 39
78854 | 20 | 6.80257 | 39
157709 | 21 | 6.80257 | 39
315418 | 22 | 6.80257 | 39
630837 | 23 | 6.80257 | 39
1261674 | 24 | 6.80257 | 39
2523349 | 25 | 6.80257 | 39
5046699 | 26 | 6.80257 | 39
10093399 | 27 | 6.80257 | 39
20186798 | 28 | 0.227995 | 7
20186799 | 28 | 5.26775 | 32
40373598 | 29 | 5.26775 | 32
80747197 | 30 | 5.26775 | 32
161494394 | 31 | 5.26775 | 32
322988789 | 32 | 5.26775 | 32
645977579 | 33 | 5.26775 | 32
1291955159 | 34 | 5.26775 | 32
2583910318 | 35 | 5.26775 | 32
5167820636 | 36 | 5.26775 | 32
10335641272 | 37 | 5.26775 | 32
20671282545 | 38 | 5.26775 | 32
41342565090 | 39 | 5.26775 | 32
82685130181 | 40 | 5.26775 | 32
165370260363 | 41 | 5.26775 | 32
330740520726 | 42 | 4.75753 | 17
661481041453 | 43 | 4.75753 | 17
1322962082907 | 44 | 4.75753 | 17
2645924165815 | 45 | 4.75753 | 17
5291848331630 | 46 | 3.90251 | 14
10583696663260 | 47 | 3.90251 | 14
21167393326521 | 48 | 3.90251 | 14
42334786653042 | 49 | 3.90251 | 14
84669573306085 | 50 | 3.90251 | 14
169339146612170 | 51 | 3.90251 | 14
338678293224341 | 52 | 3.90251 | 14
677356586448682 | 53 | 3.90251 | 14
1354713172897364 | 54 | 3.90251 | 14
2709426345794728 | 55 | 3.90251 | 14
5418852691589456 | 56 | 3.90251 | 14
10837705383178913 | 57 | 3.90251 | 14
21675410766357827 | 58 | 3.90251 | 14
43350821532715655 | 59 | 3.90251 | 14
86701643065431310 | 60 | 3.90251 | 14
173403286130862620 | 61 | 3.90251 | 14
346806572261725241 | 62 | 3.90251 | 14
693613144523450483 | 63 | 3.90251 | 14
1387226289046900966 | 64 | 3.90251 | 14
2774452578093801932 | 65 | 12.9092 | 2
2774452578093801933 | 65 | 3.90251 | 12
5548905156187603867 | 66 | 3.90251 | 12
-7348933761334343882 | 67 | 3.90251 | 12
3748876551040863853 | 68 | 3.90251 | 12
7497753102081727707 | 69 | 3.90251 | 12
-3451237869546096202 | 70 | 3.90251 | 12
-6902475739092192404 | 71 | 0.753575 | 10
-6902475739092192403 | 71 | 2.55704 | 2
5291848331631 | 46 | 4.6613e-310 | 3
330740520727 | 42 | 4.59513 | 15
661481041455 | 43 | 4.59513 | 15
1322962082911 | 44 | 4.59513 | 15
2645924165822 | 45 | 4.59513 | 15
5291848331645 | 46 | 4.59513 | 15
10583696663291 | 47 | 4.59513 | 15
21167393326583 | 48 | 4.59513 | 15
42334786653167 | 49 | 4.59513 | 15
84669573306335 | 50 | 4.59513 | 15
169339146612670 | 51 | 4.59513 | 15
338678293225341 | 52 | 4.59513 | 15
677356586450683 | 53 | 4.59513 | 15
1354713172901366 | 54 | 4.59513 | 15
2709426345802733 | 55 | 4.59513 | 15
5418852691605467 | 56 | 4.59513 | 15
10837705383210934 | 57 | 4.59513 | 15
21675410766421869 | 58 | 4.59513 | 15
43350821532843739 | 59 | 4.59513 | 15
86701643065687479 | 60 | 4.59513 | 15
173403286131374958 | 61 | 3.21143e-322 | 2
173403286131374959 | 61 | 3.11491 | 13
346806572262749919 | 62 | 3.11491 | 13
693613144525499838 | 63 | 3.11491 | 13
1387226289050999676 | 64 | 1.55069 | 9
1387226289050999677 | 64 | 0 | 4
39 | 9 | 7.02124 | 23
78 | 10 | 6.10611 | 17
156 | 11 | 6.10611 | 17
313 | 12 | 6.10611 | 17
626 | 13 | 5.04035 | 14
1252 | 14 | 4.6613e-310 | 1
1253 | 14 | 4.33473 | 13
2507 | 15 | 4.33473 | 13
5014 | 16 | 4.33473 | 13
10029 | 17 | 4.33473 | 13
20058 | 18 | 4.33473 | 13
40116 | 19 | 4.33473 | 13
80233 | 20 | 4.33473 | 13
160467 | 21 | 4.33473 | 13
320935 | 22 | 4.33473 | 13
641870 | 23 | 4.33473 | 13
1283740 | 24 | 4.6613e-310 | 7
1283741 | 24 | 4.6613e-310 | 6
627 | 13 | 4.6613e-310 | 3
79 | 10 | 4.6613e-310 | 6
5 | 6 | 20.019 | 133
11 | 7 | 20.019 | 133
23 | 8 | 20.019 | 133
47 | 9 | 20.019 | 133
94 | 10 | 19.2377 | 109
189 | 11 | 19.2377 | 109
379 | 12 | 19.2377 | 109
758 | 13 | 19.2377 | 109
1516 | 14 | 4.6613e-310 | 4
1517 | 14 | 18.8453 | 105
3035 | 15 | 18.8453 | 105
6070 | 16 | 18.8453 | 105
12140 | 17 | 17.1373 | 102
24281 | 18 | 17.1373 | 102
48563 | 19 | 17.1373 | 102
97126 | 20 | 17.1373 | 102
194253 | 21 | 17.1373 | 102
388506 | 22 | 17.1373 | 102
777013 | 23 | 17.1373 | 102
1554026 | 24 | 17.1373 | 102
3108052 | 25 | 17.1373 | 102
6216105 | 26 | 17.1373 | 102
12432211 | 27 | 17.1373 | 102
24864423 | 28 | 17.1373 | 102
49728846 | 29 | 17.1373 | 102
99457693 | 30 | 17.1373 | 102
198915386 | 31 | 17.1373 | 102
397830772 | 32 | 15.9387 | 99
795661545 | 33 | 15.9387 | 99
1591323091 | 34 | 15.9387 | 99
3182646182 | 35 | 15.9387 | 99
6365292364 | 36 | 15.9387 | 99
12730584728 | 37 | 15.9387 | 99
25461169457 | 38 | 15.9387 | 99
50922338915 | 39 | 15.9387 | 99
101844677831 | 40 | 15.9387 | 99
203689355662 | 41 | 15.9387 | 99
407378711325 | 42 | 15.9387 | 99
814757422650 | 43 | 8.90177 | 33
1629514845301 | 44 | 8.90177 | 33
3259029690602 | 45 | 8.90177 | 33
6518059381204 | 46 | 8.90177 | 33
13036118762409 | 47 | 8.90177 | 33
26072237524818 | 48 | 6.7311 | 15
52144475049636 | 49 | 6.7311 | 15
104288950099273 | 50 | 6.7311 | 15
208577900198547 | 51 | 6.7311 | 15
417155800397094 | 52 | 6.7311 | 15
834311600794188 | 53 | 6.7311 | 15
1668623201588376 | 54 | 6.7311 | 15
3337246403176752 | 55 | 4.6613e-310 | 9
3337246403176753 | 55 | 15.3313 | 6
26072237524819 | 48 | 8.87756 | 18
52144475049638 | 49 | 8.87756 | 18
104288950099276 | 50 | 5.37064 | 14
208577900198552 | 51 | 4.6613e-310 | 10
208577900198553 | 51 | 4.00193e-322 | 4
104288950099277 | 50 | 4.6613e-310 | 4
814757422651 | 43 | 10.7139 | 66
1629514845302 | 44 | 10.7139 | 66
3259029690605 | 45 | 10.7139 | 66
6518059381210 | 46 | 10.7139 | 62
13036118762420 | 47 | 10.7139 | 62
26072237524840 | 48 | 10.7139 | 62
52144475049680 | 49 | 10.7139 | 62
104288950099361 | 50 | 10.7139 | 62
208577900198722 | 51 | 10.7139 | 62
417155800397444 | 52 | 10.7139 | 62
834311600794889 | 53 | 10.7139 | 62
1668623201589778 | 54 | 10.7139 | 62
3337246403179556 | 55 | 10.7139 | 62
6674492806359113 | 56 | 10.7139 | 62
13348985612718226 | 57 | 10.7139 | 58
26697971225436453 | 58 | 10.7139 | 58
53395942450872906 | 59 | 10.7139 | 58
106791884901745812 | 60 | 10.7139 | 58
213583769803491625 | 61 | 10.7139 | 58
427167539606983251 | 62 | 10.7139 | 58
854335079213966502 | 63 | 10.7139 | 58
1708670158427933004 | 64 | 10.7139 | 58
3417340316855866009 | 65 | 10.7139 | 58
6834680633711732019 | 66 | 10.7139 | 58
-4777382806286087578 | 67 | 10.7139 | 58
8891978461137376461 | 68 | 10.7139 | 58
-662787151434798693 | 69 | 10.7139 | 58
-1325574302869597386 | 70 | 10.7139 | 57
-2651148605739194772 | 71 | 9.19916 | 51
-5302297211478389544 | 72 | 9.19916 | 51
7842149650752772529 | 73 | 9.19916 | 51
-2762444772204006557 | 74 | 9.19916 | 51
-5524889544408013114 | 75 | 9.19916 | 43
7396964984893525388 | 76 | 9.19916 | 43
-3652814103922500840 | 77 | 9.19916 | 43
-7305628207845001679 | 78 | 9.19916 | 43
3835487658019548258 | 79 | 8.8344 | 34
7670975316039096516 | 80 | 6.83452 | 30
-3104793441631358584 | 81 | 6.83452 | 30
-6209586883262717167 | 82 | 6.83452 | 30
6027570307184117283 | 83 | 6.83452 | 30
-6391603459341317050 | 84 | 6.83452 | 30
5663537155026917517 | 85 | 6.83452 | 30
-7119669763655716581 | 86 | 6.83452 | 30
4207404546398118455 | 87 | 6.83452 | 30
8414809092796236910 | 88 | 6.83452 | 30
-1617125888117077796 | 89 | 6.83452 | 30
-3234251776234155592 | 90 | 6.83452 | 30
-6468503552468311184 | 91 | 6.83452 | 30
5509736968772929248 | 92 | 6.83452 | 30
-7427270136163693119 | 93 | 6.83452 | 30
3592203801382165378 | 94 | 6.83452 | 30
7184407602764330756 | 95 | 1.21995 | 5
7184407602764330757 | 95 | 6.83452 | 25
-4077928868180890102 | 96 | 6.83452 | 24
-8155857736361780204 | 97 | 6.83452 | 24
2135028600985991209 | 98 | 6.83452 | 24
4270057201971982418 | 99 | 6.83452 | 24
8540114403943964836 | 100 | 6.83452 | 24
-1366515265821621944 | 101 | 6.83452 | 24
-2733030531643243887 | 102 | 6.83452 | 24
-5466061063286487774 | 103 | 6.83452 | 24
7514621947136576069 | 104 | 6.83452 | 24
-3417500179436399478 | 105 | 0.853986 | 6
-3417500179436399477 | 105 | 5.40115 | 18
-6835000358872798953 | 106 | 5.40115 | 18
4776743355963953710 | 107 | 5.40115 | 18
-8893257361781644195 | 108 | 5.40115 | 18
660229350146263226 | 109 | 4.73274 | 14
1320458700292526453 | 110 | 4.73274 | 14
2640917400585052906 | 111 | 4.73274 | 14
5281834801170105813 | 112 | 4.73274 | 14
-7883074471369339990 | 113 | 4.73274 | 14
2680595130970871637 | 114 | 4.73274 | 14
5361190261941743274 | 115 | 4.73274 | 14
-7724363549826065068 | 116 | 4.73274 | 14
2998016974057421480 | 117 | 4.73274 | 14
5996033948114842960 | 118 | 4.73274 | 14
-6454676177479865696 | 119 | 4.73274 | 14
5537391718749820225 | 120 | 4.73274 | 14
-7371960636209911166 | 121 | 4.73274 | 14
3702822801289729284 | 122 | 4.73274 | 14
7405645602579458569 | 123 | 4.73274 | 14
-3635452868550634477 | 124 | 4.73274 | 14
-7270905737101268953 | 125 | 4.73274 | 14
3904932599507013710 | 126 | 4.73274 | 14
7809865199014027420 | 127 | 4.73274 | 14
-2827013675681496775 | 128 | 4.73274 | 14
-5654027351362993550 | 129 | 4.73274 | 14
7138689370983564516 | 130 | 5.36259 | 1
7138689370983564517 | 130 | 3.75487 | 13
-4169365331742422581 | 131 | 3.75487 | 13
-8338730663484845162 | 132 | 3.75487 | 13
1769282746739861292 | 133 | 3.75487 | 13
3538565493479722584 | 134 | 3.75487 | 13
7077130986959445169 | 135 | 3.75487 | 13
-4292482099790661277 | 136 | 3.75487 | 13
-8584964199581322553 | 137 | 3.75487 | 13
1276815674546906510 | 138 | 3.75487 | 13
2553631349093813021 | 139 | 3.75487 | 13
5107262698187626042 | 140 | 3.75487 | 13
-8232218677334299531 | 141 | 3.75487 | 13
1982306719040952555 | 142 | 3.75487 | 13
3964613438081905110 | 143 | 3.75487 | 13
7929226876163810221 | 144 | 3.75487 | 13
-2588290321381931174 | 145 | 13.6966 | 2
-2588290321381931173 | 145 | 3.2464 | 11
-5176580642763862346 | 146 | 3.2464 | 11
8093582788181826925 | 147 | 3.2464 | 11
-2259578497345897766 | 148 | 3.2464 | 11
-4519156994691795532 | 149 | 3.2464 | 11
-9038313989383591064 | 150 | 3.2464 | 11
370116094942369489 | 151 | 3.2464 | 11
740232189884738979 | 152 | 3.2464 | 11
1480464379769477958 | 153 | 3.2464 | 11
2960928759538955917 | 154 | 3.2464 | 11
5921857519077911834 | 155 | 24.1884 | 10
5921857519077911835 | 155 | 0.160305 | 1
660229350146263227 | 109 | 4.6613e-310 | 4
-4077928868180890101 | 96 | 4.6613e-310 | 1
7670975316039096517 | 80 | 4.6613e-310 | 4
3835487658019548259 | 79 | 4.6613e-310 | 9
-5524889544408013113 | 75 | 4.6613e-310 | 8
-2651148605739194771 | 71 | 4.6613e-310 | 6
-1325574302869597385 | 70 | 4.6613e-310 | 1
13348985612718227 | 57 | 4.6613e-310 | 4
6518059381211 | 46 | 4.6613e-310 | 4
397830773 | 32 | 4.6613e-310 | 3
12141 | 17 | 4.6613e-310 | 3
95 | 10 | 10.619 | 24
190 | 11 | 10.619 | 24
380 | 12 | 10.619 | 24
761 | 13 | 10.619 | 24
1523 | 14 | 10.619 | 24
3046 | 15 | 10.619 | 24
6092 | 16 | 10.619 | 24
12184 | 17 | 6.99784 | 12
24368 | 18 | 4.6613e-310 | 10
24369 | 18 | 4.6613e-310 | 2
12185 | 17 | 7.14133 | 12
24371 | 18 | 7.14133 | 12
48743 | 19 | 7.14133 | 12
97486 | 20 | 7.14133 | 12
194972 | 21 | 4.6613e-310 | 5
194973 | 21 | 4.6613e-310 | 7
3 | 5 | 4.6613e-310 | 1
1 | 3 | 22.0146 | 289
2 | 4 | 12.9243 | 16
4 | 5 | 12.9243 | 16
8 | 6 | 12.9243 | 16
17 | 7 | 12.9243 | 16
35 | 8 | 12.9243 | 16
70 | 9 | 12.9243 | 16
140 | 10 | 12.9243 | 16
281 | 11 | 12.9243 | 16
563 | 12 | 12.9243 | 16
1126 | 13 | 4.6613e-310 | 3
1127 | 13 | 12.9243 | 13
2255 | 14 | 12.9243 | 13
4511 | 15 | 12.9243 | 13
9023 | 16 | 12.9243 | 13
18047 | 17 | 12.9243 | 13
36094 | 18 | 7.93512 | 12
72189 | 19 | 7.93512 | 12
144378 | 20 | 7.93512 | 12
288756 | 21 | 7.93512 | 12
577513 | 22 | 7.93512 | 12
1155026 | 23 | 7.93512 | 12
2310052 | 24 | 7.93512 | 12
4620105 | 25 | 7.93512 | 12
9240210 | 26 | 7.93512 | 12
18480421 | 27 | 7.93512 | 12
36960842 | 28 | 7.93512 | 12
73921684 | 29 | 4.6613e-310 | 2
73921685 | 29 | 4.6613e-310 | 10
36095 | 18 | 4.6613e-310 | 1
3 | 4 | 18.1712 | 273
7 | 5 | 18.1712 | 273
15 | 6 | 18.1712 | 273
30 | 7 | 18.1712 | 273
60 | 8 | 18.1712 | 273
120 | 9 | 14.6702 | 134
241 | 10 | 14.6702 | 134
482 | 11 | 14.6702 | 134
965 | 12 | 14.6702 | 134
1931 | 13 | 14.6702 | 134
3862 | 14 | 14.6702 | 134
7725 | 15 | 14.6702 | 134
15451 | 16 | 14.6702 | 134
30903 | 17 | 14.6702 | 134
61806 | 18 | 14.6702 | 134
123612 | 19 | 11.9743 | 71
247225 | 20 | 11.9743 | 71
494450 | 21 | 11.9743 | 71
988900 | 22 | 11.787 | 60
1977800 | 23 | 5.53109 | 11
3955600 | 24 | 4.6613e-310 | 6
3955601 | 24 | 20.673 | 5
1977801 | 23 | 7.58699 | 49
3955603 | 24 | 7.58699 | 49
7911207 | 25 | 7.58699 | 49
15822415 | 26 | 7.58699 | 49
31644831 | 27 | 7.58699 | 49
63289662 | 28 | 7.58699 | 49
126579325 | 29 | 7.58699 | 49
253158651 | 30 | 7.58699 | 49
506317302 | 31 | 7.58699 | 49
1012634604 | 32 | 7.1136 | 46
2025269209 | 33 | 7.1136 | 46
4050538419 | 34 | 7.1136 | 46
8101076838 | 35 | 7.1136 | 46
16202153677 | 36 | 7.1136 | 46
32404307355 | 37 | 7.1136 | 46
64808614710 | 38 | 7.1136 | 46
129617229420 | 39 | 7.1136 | 46
259234458841 | 40 | 7.1136 | 46
518468917682 | 41 | 4.73319 | 15
1036937835364 | 42 | 4.73319 | 15
2073875670728 | 43 | 74.3381 | 8
2073875670729 | 43 | 87.37 | 7
518468917683 | 41 | 3.51119 | 31
1036937835367 | 42 | 3.51119 | 31
2073875670735 | 43 | 3.51119 | 31
4147751341470 | 44 | 3.51119 | 26
8295502682941 | 45 | 3.51119 | 26
16591005365882 | 46 | 3.51119 | 26
33182010731765 | 47 | 3.51119 | 26
66364021463530 | 48 | 3.51119 | 26
132728042927060 | 49 | 3.51119 | 26
265456085854120 | 50 | 3.51119 | 26
530912171708241 | 51 | 3.51119 | 26
1061824343416483 | 52 | 3.51119 | 26
2123648686832966 | 53 | 3.51119 | 26
4247297373665933 | 54 | 3.51119 | 26
8494594747331866 | 55 | 2.90118 | 21
16989189494663732 | 56 | 2.90118 | 21
33978378989327465 | 57 | 2.90118 | 21
67956757978654930 | 58 | 2.90118 | 21
135913515957309860 | 59 | 2.90118 | 21
271827031914619720 | 60 | 2.90118 | 21
543654063829239441 | 61 | 2.90118 | 21
1087308127658478883 | 62 | 2.90118 | 21
2174616255316957767 | 63 | 2.90118 | 21
4349232510633915534 | 64 | 2.90118 | 21
8698465021267831069 | 65 | 2.90118 | 21
-1049814031173889477 | 66 | 2.90118 | 21
-2099628062347778954 | 67 | 2.90118 | 21
-4199256124695557908 | 68 | 2.90118 | 21
-8398512249391115816 | 69 | 2.90118 | 21
1649719574927319985 | 70 | 2.90118 | 21
3299439149854639970 | 71 | 2.90118 | 21
6598878299709279941 | 72 | 2.90118 | 21
-5248987474290991734 | 73 | 0.210911 | 10
-5248987474290991733 | 73 | 1.7127 | 11
7948769125127568151 | 74 | 1.7127 | 11
-2549205823454415314 | 75 | 1.7127 | 11
-5098411646908830628 | 76 | 1.7127 | 11
8249920779891890360 | 77 | 1.7127 | 11
-1946902513925770896 | 78 | 1.7127 | 11
-3893805027851541792 | 79 | 4.6613e-310 | 5
-3893805027851541791 | 79 | 0.249455 | 6
8494594747331867 | 55 | 4.6613e-310 | 5
4147751341471 | 44 | 4.6613e-310 | 5
1012634605 | 32 | 4.6613e-310 | 3
988901 | 22 | 2.84994 | 11
1977802 | 23 | 4.6613e-310 | 3
1977803 | 23 | 4.6613e-310 | 8
123613 | 19 | 4.38783 | 63
247227 | 20 | 4.38783 | 63
494454 | 21 | 4.28838 | 59
988908 | 22 | 4.24761 | 58
1977817 | 23 | 4.24761 | 58
3955634 | 24 | 4.24761 | 58
7911269 | 25 | 4.24761 | 58
15822538 | 26 | 4.24761 | 58
31645076 | 27 | 4.24761 | 58
63290152 | 28 | 4.24761 | 58
126580304 | 29 | 4.24761 | 58
253160608 | 30 | 4.24761 | 58
506321217 | 31 | 4.24761 | 58
1012642434 | 32 | 4.24761 | 58
2025284869 | 33 | 4.24761 | 58
4050569739 | 34 | 4.24761 | 58
8101139478 | 35 | 4.24761 | 58
16202278956 | 36 | 3.92965 | 38
32404557912 | 37 | 3.92965 | 38
64809115824 | 38 | 3.92965 | 38
129618231649 | 39 | 3.92965 | 38
259236463298 | 40 | 3.92965 | 38
518472926596 | 41 | 3.92965 | 38
1036945853193 | 42 | 3.92965 | 38
2073891706386 | 43 | 3.24313 | 4
2073891706387 | 43 | 3.5417 | 34
4147783412774 | 44 | 3.5417 | 34
8295566825548 | 45 | 3.5417 | 34
16591133651097 | 46 | 3.5417 | 34
33182267302194 | 47 | 3.09355 | 20
66364534604388 | 48 | 3.09355 | 20
132729069208776 | 49 | 3.09355 | 20
265458138417552 | 50 | 3.09355 | 20
530916276835105 | 51 | 3.09355 | 20
1061832553670211 | 52 | 3.09355 | 20
2123665107340422 | 53 | 3.09355 | 20
4247330214680845 | 54 | 3.09355 | 20
8494660429361691 | 55 | 3.09355 | 20
16989320858723382 | 56 | 3.09355 | 20
33978641717446764 | 57 | 3.09355 | 20
67957283434893529 | 58 | 3.09355 | 20
135914566869787058 | 59 | 3.09355 | 20
271829133739574116 | 60 | 3.09355 | 20
543658267479148233 | 61 | 3.09355 | 20
1087316534958296466 | 62 | 3.09355 | 20
2174633069916592933 | 63 | 3.09355 | 20
4349266139833185867 | 64 | 3.09355 | 20
8698532279666371734 | 65 | 3.09355 | 20
-1049679514376808147 | 66 | 3.09355 | 20
-2099359028753616294 | 67 | 3.09355 | 20
-4198718057507232588 | 68 | 3.09355 | 20
-8397436115014465175 | 69 | 3.09355 | 20
1651871843680621266 | 70 | 3.09355 | 20
3303743687361242532 | 71 | 1.08701 | 6
3303743687361242533 | 71 | 3.09355 | 14
6607487374722485066 | 72 | 3.09355 | 14
-5231769324264581483 | 73 | 3.09355 | 14
7983205425180388650 | 74 | 3.09355 | 14
-2480333223348774316 | 75 | 3.09355 | 14
-4960666446697548631 | 76 | 3.09355 | 14
8525411180314454355 | 77 | 3.09355 | 14
-1395921713080642905 | 78 | 3.09355 | 14
-2791843426161285810 | 79 | 3.09355 | 14
-5583686852322571620 | 80 | 3.09355 | 14
7279370369064408377 | 81 | 3.09355 | 14
-3888003335580734862 | 82 | 3.09355 | 14
-7776006671161469723 | 83 | 3.09355 | 14
2894730731386612170 | 84 | 3.09355 | 14
5789461462773224341 | 85 | 3.09355 | 14
-6867821148163102933 | 86 | 3.09355 | 14
4711101777383345750 | 87 | 0.560628 | 5
4711101777383345751 | 87 | 0.583593 | 9
33182267302195 | 47 | 2.79148 | 14
66364534604390 | 48 | 2.79148 | 14
132729069208781 | 49 | 2.79148 | 14
265458138417563 | 50 | 2.79148 | 14
530916276835126 | 51 | 4.6613e-310 | 5
530916276835127 | 51 | 4.6613e-310 | 9
16202278957 | 36 | 2.69505 | 20
32404557915 | 37 | 2.69505 | 20
64809115830 | 38 | 2.69505 | 20
129618231660 | 39 | 2.69505 | 20
259236463320 | 40 | 1.53368 | 12
518472926640 | 41 | 1.53368 | 12
1036945853281 | 42 | 1.53368 | 12
2073891706563 | 43 | 1.53368 | 12
4147783413127 | 44 | 1.53368 | 12
8295566826255 | 45 | 1.53368 | 12
16591133652511 | 46 | 1.53368 | 12
33182267305022 | 47 | 1.53368 | 12
66364534610045 | 48 | 1.53368 | 12
132729069220091 | 49 | 1.53368 | 12
265458138440182 | 50 | 1.53368 | 12
530916276880364 | 51 | 1.53368 | 12
1061832553760728 | 52 | 0.672053 | 3
1061832553760729 | 52 | 4.6613e-310 | 9
259236463321 | 40 | 4.6613e-310 | 8
988909 | 22 | 4.6613e-310 | 1
494455 | 21 | 4.6613e-310 | 4
121 | 9 | 16.9727 | 139
242 | 10 | 16.9727 | 139
484 | 11 | 16.9727 | 139
969 | 12 | 16.9727 | 139
1938 | 13 | 14.8801 | 74
3877 | 14 | 14.8801 | 74
7755 | 15 | 14.8801 | 74
15510 | 16 | 14.8801 | 74
31020 | 17 | 14.8801 | 74
62041 | 18 | 14.8801 | 74
124082 | 19 | 14.8801 | 74
248165 | 20 | 14.8801 | 74
496331 | 21 | 14.8801 | 74
992663 | 22 | 14.8801 | 74
1985327 | 23 | 14.8801 | 74
3970654 | 24 | 14.8801 | 67
7941308 | 25 | 14.3011 | 44
15882617 | 26 | 14.3011 | 44
31765235 | 27 | 14.3011 | 44
63530471 | 28 | 14.3011 | 44
127060942 | 29 | 14.3011 | 44
254121885 | 30 | 14.3011 | 44
508243771 | 31 | 14.3011 | 44
1016487543 | 32 | 14.3011 | 44
2032975086 | 33 | 14.3011 | 44
4065950172 | 34 | 14.3011 | 44
8131900344 | 35 | 14.3011 | 44
16263800688 | 36 | 14.3011 | 44
32527601376 | 37 | 14.3011 | 44
65055202753 | 38 | 14.3011 | 44
130110405506 | 39 | 14.3011 | 39
260220811013 | 40 | 14.3011 | 39
520441622027 | 41 | 14.3011 | 39
1040883244055 | 42 | 14.3011 | 39
2081766488110 | 43 | 4.44465 | 15
4163532976220 | 44 | 4.40854 | 14
8327065952440 | 45 | 0.370355 | 4
8327065952441 | 45 | 4.6613e-310 | 10
4163532976221 | 44 | 4.6613e-310 | 1
2081766488111 | 43 | 10.5857 | 24
4163532976222 | 44 | 4.80689 | 23
8327065952445 | 45 | 4.80689 | 23
16654131904891 | 46 | 4.80689 | 23
33308263809782 | 47 | 4.80689 | 23
66616527619565 | 48 | 4.80689 | 23
133233055239131 | 49 | 4.80689 | 23
266466110478262 | 50 | 4.80689 | 23
532932220956525 | 51 | 4.80689 | 23
1065864441913050 | 52 | 4.80689 | 23
2131728883826101 | 53 | 4.80689 | 23
4263457767652202 | 54 | 4.80689 | 23
8526915535304404 | 55 | 4.80689 | 23
17053831070608808 | 56 | 4.80689 | 23
34107662141217616 | 57 | 4.80689 | 23
68215324282435232 | 58 | 4.80689 | 23
136430648564870465 | 59 | 4.80689 | 23
272861297129740931 | 60 | 4.80689 | 23
545722594259481862 | 61 | 4.80689 | 23
1091445188518963724 | 62 | 4.80689 | 23
2182890377037927448 | 63 | 4.80689 | 23
4365780754075854896 | 64 | 4.80689 | 23
8731561508151709792 | 65 | 2.15853 | 2
8731561508151709793 | 65 | 4.51686 | 21
-983621057406132030 | 66 | 4.51686 | 21
-1967242114812264060 | 67 | 4.51686 | 21
-3934484229624528120 | 68 | 4.51686 | 21
-7868968459249056240 | 69 | 4.51686 | 21
2708807155211439137 | 70 | 4.51686 | 21
5417614310422878275 | 71 | 4.51686 | 21
-7611515452863795065 | 72 | 4.51686 | 21
3223713167981961486 | 73 | 4.51686 | 21
6447426335963922972 | 74 | 4.51686 | 21
-5551891401781705672 | 75 | 4.51686 | 21
7342961270146140272 | 76 | 4.51686 | 21
-3760821533417271071 | 77 | 4.51686 | 21
-7521643066834542142 | 78 | 4.51686 | 21
3403457940040467332 | 79 | 4.51686 | 21
6806915880080934665 | 80 | 4.51686 | 21
-4832912313547682286 | 81 | 4.51686 | 21
8780919446614187045 | 82 | 4.51686 | 21
-884905180481177526 | 83 | 4.51686 | 21
-1769810360962355051 | 84 | 4.51686 | 21
-3539620721924710101 | 85 | 4.51686 | 21
-7079241443849420202 | 86 | 3.43136 | 20
4288261186010711212 | 87 | 3.43136 | 20
8576522372021422424 | 88 | 3.43136 | 20
-1293699329666706767 | 89 | 3.43136 | 20
-2587398659333413534 | 90 | 3.43136 | 20
-5174797318666827068 | 91 | 3.43136 | 20
8097149436375897481 | 92 | 3.43136 | 20
-2252445200957756654 | 93 | 3.43136 | 20
-4504890401915513308 | 94 | 3.43136 | 20
-9009780803831026616 | 95 | 2.15968 | 18
427182466047498384 | 96 | 2.15968 | 18
854364932094996769 | 97 | 2.15968 | 18
1708729864189993538 | 98 | 1.60822 | 14
3417459728379987076 | 99 | 1.60822 | 14
6834919456759974153 | 100 | 1.60822 | 14
-4776905160189603310 | 101 | 1.60822 | 14
8892933753330344997 | 102 | 1.60822 | 14
-660876567048861621 | 103 | 1.60822 | 14
-1321753134097723241 | 104 | 1.60822 | 14
-2643506268195446481 | 105 | 1.60822 | 14
-5287012536390892961 | 106 | 1.60822 | 14
7872719000927765695 | 107 | 1.60822 | 14
-2701306071854020225 | 108 | 1.60822 | 14
-5402612143708040450 | 109 | 1.60822 | 14
7641519786293470717 | 110 | 1.60822 | 14
-3163704501122610182 | 111 | 0.247926 | 9
-3163704501122610181 | 111 | 0.435765 | 5
1708729864189993539 | 98 | 4.6613e-310 | 4
-9009780803831026615 | 95 | 4.6613e-310 | 2
-7079241443849420201 | 86 | 4.6613e-310 | 1
4163532976223 | 44 | 4.6613e-310 | 1
130110405507 | 39 | 4.6613e-310 | 5
7941309 | 25 | 11.1862 | 23
15882618 | 26 | 5.81807 | 22
31765236 | 27 | 4.6613e-310 | 2
31765237 | 27 | 3.94029 | 20
63530475 | 28 | 3.94029 | 20
127060950 | 29 | 3.94029 | 20
254121900 | 30 | 4.6613e-310 | 2
254121901 | 30 | 3.94029 | 18
508243803 | 31 | 3.94029 | 18
1016487606 | 32 | 4.6613e-310 | 1
1016487607 | 32 | 2.69169 | 17
2032975215 | 33 | 2.69169 | 17
4065950431 | 34 | 2.69169 | 17
8131900863 | 35 | 2.69169 | 17
16263801727 | 36 | 2.69169 | 17
32527603455 | 37 | 2.69169 | 17
65055206910 | 38 | 2.69169 | 17
130110413820 | 39 | 2.69169 | 17
260220827640 | 40 | 2.69169 | 17
520441655280 | 41 | 2.69169 | 17
1040883310561 | 42 | 2.69169 | 17
2081766621122 | 43 | 4.6613e-310 | 5
2081766621123 | 43 | 2.15212 | 12
4163533242246 | 44 | 2.15212 | 12
8327066484493 | 45 | 2.15212 | 12
16654132968987 | 46 | 2.15212 | 12
33308265937975 | 47 | 2.15212 | 12
66616531875950 | 48 | 4.6613e-310 | 10
66616531875951 | 48 | 28.1444 | 2
15882619 | 26 | 4.6613e-310 | 1
3970655 | 24 | 4.6613e-310 | 7
1939 | 13 | 12.1661 | 65
3879 | 14 | 12.1661 | 65
7759 | 15 | 12.1661 | 65
15518 | 16 | 12.1661 | 65
31036 | 17 | 7.83323 | 59
62072 | 18 | 4.6613e-310 | 5
62073 | 18 | 7.65406 | 54
124146 | 19 | 7.65406 | 54
248292 | 20 | 7.65406 | 54
496584 | 21 | 7.65406 | 54
993169 | 22 | 7.65406 | 54
1986339 | 23 | 7.65406 | 54
3972679 | 24 | 7.65406 | 54
7945358 | 25 | 7.65406 | 54
15890716 | 26 | 7.65406 | 54
31781432 | 27 | 4.6613e-310 | 5
31781433 | 27 | 7.53487 | 49
63562867 | 28 | 7.53487 | 49
127125734 | 29 | 7.53487 | 49
254251468 | 30 | 7.53487 | 49
508502936 | 31 | 7.53487 | 48
1017005873 | 32 | 7.53487 | 48
2034011747 | 33 | 7.53487 | 48
4068023495 | 34 | 7.53487 | 48
8136046991 | 35 | 7.53487 | 48
16272093983 | 36 | 7.53487 | 48
32544187967 | 37 | 7.53487 | 48
65088375935 | 38 | 7.53487 | 48
130176751870 | 39 | 4.81732 | 44
260353503740 | 40 | 4.81732 | 44
520707007480 | 41 | 4.35197 | 36
1041414014960 | 42 | 4.35197 | 36
2082828029920 | 43 | 4.35197 | 36
4165656059841 | 44 | 4.35197 | 36
8331312119683 | 45 | 4.35197 | 36
16662624239367 | 46 | 4.35197 | 36
33325248478734 | 47 | 4.35197 | 36
66650496957468 | 48 | 3.39106 | 34
133300993914936 | 49 | 3.39106 | 34
266601987829872 | 50 | 3.39106 | 34
533203975659745 | 51 | 3.39106 | 34
1066407951319490 | 52 | 3.00114 | 30
2132815902638980 | 53 | 3.00114 | 30
4265631805277960 | 54 | 3.00114 | 30
8531263610555920 | 55 | 3.00114 | 30
17062527221111840 | 56 | 3.00114 | 30
34125054442223681 | 57 | 3.00114 | 30
68250108884447362 | 58 | 4.6613e-310 | 7
68250108884447363 | 58 | 2.40348 | 23
136500217768894727 | 59 | 2.40348 | 23
273000435537789455 | 60 | 2.40348 | 23
546000871075578911 | 61 | 2.40348 | 23
1092001742151157822 | 62 | 2.40348 | 23
2184003484302315645 | 63 | 2.40348 | 23
4368006968604631290 | 64 | 1.63042e-322 | 6
4368006968604631291 | 64 | 2.40348 | 17
8736013937209262583 | 65 | 2.40348 | 17
-974716199291026450 | 66 | 0 | 1
-974716199291026449 | 66 | 2.1366 | 16
-1949432398582052898 | 67 | 2.1366 | 15
-3898864797164105795 | 68 | 2.1366 | 15
-7797729594328211590 | 69 | 2.1366 | 15
2851284885053128437 | 70 | 2.1366 | 15
5702569770106256874 | 71 | 2.1366 | 15
-7041604533497037867 | 72 | 2.1366 | 15
4363535006715475882 | 73 | 2.1366 | 15
8727070013430951764 | 74 | 2.1366 | 15
-992604046847648087 | 75 | 2.1366 | 15
-1985208093695296174 | 76 | 2.1366 | 15
-3970416187390592347 | 77 | 2.1366 | 15
-7940832374781184693 | 78 | 2.1366 | 15
2565079324147182230 | 79 | 0.426867 | 9
2565079324147182231 | 79 | 0.0470542 | 6
-1949432398582052897 | 67 | 4.6613e-310 | 1
1066407951319491 | 52 | 4.6613e-310 | 4
66650496957469 | 48 | 4.6613e-310 | 2
520707007481 | 41 | 4.6613e-310 | 8
130176751871 | 39 | 4.6613e-310 | 4
508502937 | 31 | 4.6613e-310 | 1
31037 | 17 | 4.6613e-310 | 6
1 | 1 | 26.5144 | 1112
2 | 2 | 26.5144 | 1112
4 | 3 | 26.5144 | 1112
8 | 4 | 26.5144 | 1112
17 | 5 | 26.5144 | 1112
34 | 6 | 26.5144 | 1112
68 | 7 | 26.5144 | 753
137 | 8 | 26.5144 | 753
274 | 9 | 25.8945 | 686
548 | 10 | 25.8945 | 686
1096 | 11 | 25.8945 | 686
2192 | 12 | 25.8945 | 686
4384 | 13 | 25.8945 | 686
8768 | 14 | 25.8945 | 686
17536 | 15 | 13.1815 | 203
35073 | 16 | 13.1815 | 203
70147 | 17 | 13.1815 | 203
140294 | 18 | 8.9696 | 94
280588 | 19 | 8.9696 | 94
561176 | 20 | 8.9696 | 94
1122352 | 21 | 8.9696 | 94
2244704 | 22 | 4.10384 | 18
4489409 | 23 | 4.10384 | 18
8978818 | 24 | 4.10384 | 18
17957636 | 25 | 4.10384 | 18
35915272 | 26 | 4.10384 | 18
71830544 | 27 | 3.26219 | 13
143661089 | 28 | 3.26219 | 13
287322178 | 29 | 3.26219 | 13
574644356 | 30 | 3.26219 | 13
1149288713 | 31 | 3.26219 | 13
2298577427 | 32 | 3.26219 | 13
4597154855 | 33 | 3.26219 | 13
9194309711 | 34 | 3.26219 | 13
18388619423 | 35 | 3.26219 | 13
36777238846 | 36 | 3.03988 | 12
73554477692 | 37 | 3.03988 | 12
147108955384 | 38 | 3.03988 | 12
294217910768 | 39 | 3.03988 | 12
588435821537 | 40 | 3.03988 | 12
1176871643074 | 41 | 1.7016 | 11
2353743286148 | 42 | 0.38691 | 5
2353743286149 | 42 | 1.05381 | 6
1176871643075 | 41 | 4.6613e-310 | 1
36777238847 | 36 | 4.6613e-310 | 1
71830545 | 27 | 4.6613e-310 | 5
2244705 | 22 | 8.9696 | 76
4489411 | 23 | 8.9696 | 76
8978822 | 24 | 7.73918 | 61
17957645 | 25 | 7.73918 | 61
35915290 | 26 | 3.53871 | 38
71830580 | 27 | 3.53871 | 38
143661160 | 28 | 3.53871 | 38
287322321 | 29 | 3.53871 | 38
574644642 | 30 | 1.98287 | 15
1149289284 | 31 | 1.98287 | 15
2298578568 | 32 | 1.98287 | 15
4597157136 | 33 | 1.98287 | 15
9194314272 | 34 | 1.98287 | 15
18388628545 | 35 | 1.98287 | 15
36777257090 | 36 | 1.98287 | 15
73554514180 | 37 | 1.98287 | 15
147109028360 | 38 | 1.98287 | 15
294218056720 | 39 | 1.98287 | 15
588436113440 | 40 | 4.6613e-310 | 9
588436113441 | 40 | 1.42639 | 6
574644643 | 30 | 3.48572 | 23
1149289286 | 31 | 4.6613e-310 | 10
1149289287 | 31 | 1.97056 | 13
2298578574 | 32 | 1.97056 | 13
4597157148 | 33 | 1.97056 | 13
9194314296 | 34 | 1.97056 | 13
18388628592 | 35 | 1.97056 | 13
36777257185 | 36 | 1.97056 | 13
73554514371 | 37 | 1.97056 | 13
147109028742 | 38 | 1.97056 | 13
294218057484 | 39 | 1.97056 | 13
588436114969 | 40 | 1.97056 | 13
1176872229939 | 41 | 1.97056 | 13
2353744459878 | 42 | 0 | 3
2353744459879 | 42 | 4.6613e-310 | 10
35915291 | 26 | 6.13747 | 23
71830582 | 27 | 6.13747 | 23
143661165 | 28 | 6.13747 | 23
287322330 | 29 | 6.13747 | 23
574644660 | 30 | 6.13747 | 23
1149289320 | 31 | 6.13747 | 23
2298578640 | 32 | 6.13747 | 23
4597157280 | 33 | 6.13747 | 23
9194314560 | 34 | 6.13747 | 23
18388629121 | 35 | 6.13747 | 23
36777258243 | 36 | 6.13747 | 23
73554516487 | 37 | 6.13747 | 23
147109032975 | 38 | 6.13747 | 23
294218065951 | 39 | 6.13747 | 23
588436131902 | 40 | 6.13747 | 23
1176872263804 | 41 | 6.13747 | 23
2353744527608 | 42 | 6.13747 | 23
4707489055216 | 43 | 3.63318 | 18
9414978110433 | 44 | 3.63318 | 18
18829956220867 | 45 | 3.63318 | 18
37659912441735 | 46 | 3.63318 | 18
75319824883471 | 47 | 3.63318 | 18
150639649766943 | 48 | 3.63318 | 18
301279299533886 | 49 | 3.63318 | 18
602558599067773 | 50 | 3.63318 | 18
1205117198135547 | 51 | 3.63318 | 18
2410234396271095 | 52 | 3.63318 | 18
4820468792542191 | 53 | 3.63318 | 18
9640937585084383 | 54 | 3.63318 | 18
19281875170168767 | 55 | 3.63318 | 18
38563750340337535 | 56 | 3.63318 | 18
77127500680675070 | 57 | 3.63318 | 18
154255001361350140 | 58 | 3.63318 | 18
308510002722700281 | 59 | 3.63318 | 18
617020005445400562 | 60 | 3.63318 | 18
1234040010890801124 | 61 | 3.63318 | 18
2468080021781602249 | 62 | 3.63318 | 18
4936160043563204499 | 63 | 3.63318 | 18
-8574423986583142618 | 64 | 6.59044 | 4
-8574423986583142617 | 64 | 2.02027 | 14
1297896100543266382 | 65 | 2.02027 | 14
2595792201086532764 | 66 | 1.99006 | 11
5191584402173065528 | 67 | 1.99006 | 11
-8063575269363420559 | 68 | 1.99006 | 11
2319593534982710498 | 69 | 1.99006 | 11
4639187069965420996 | 70 | 1.99006 | 11
-9168369933778709624 | 71 | 1.99006 | 11
110004206152132368 | 72 | 3.44185 | 4
110004206152132369 | 72 | 0.618337 | 7
2595792201086532765 | 66 | 4.6613e-310 | 3
4707489055217 | 43 | 4.6613e-310 | 5
8978823 | 24 | 8.12863 | 15
17957646 | 25 | 8.12863 | 15
35915293 | 26 | 8.12863 | 15
71830586 | 27 | 8.12863 | 15
143661172 | 28 | 8.12863 | 15
287322344 | 29 | 4.6613e-310 | 1
287322345 | 29 | 7.12842 | 14
574644691 | 30 | 7.12842 | 14
1149289383 | 31 | 7.12842 | 14
2298578767 | 32 | 7.12842 | 14
4597157534 | 33 | 7.12842 | 14
9194315069 | 34 | 7.12842 | 14
18388630139 | 35 | 7.12842 | 14
36777260278 | 36 | 7.12842 | 14
73554520556 | 37 | 4.6613e-310 | 3
73554520557 | 37 | 2.99525 | 11
147109041114 | 38 | 4.6613e-310 | 6
147109041115 | 38 | 4.6613e-310 | 5
140295 | 18 | 13.1447 | 109
280591 | 19 | 13.1447 | 109
561183 | 20 | 13.1447 | 109
1122367 | 21 | 13.1447 | 109
2244734 | 22 | 13.1447 | 42
4489468 | 23 | 10.8221 | 38
8978937 | 24 | 10.8221 | 38
17957874 | 25 | 10.8221 | 38
35915749 | 26 | 10.8221 | 38
71831498 | 27 | 10.8221 | 38
143662997 | 28 | 10.8221 | 38
287325994 | 29 | 4.97727 | 36
574651989 | 30 | 4.97727 | 36
1149303978 | 31 | 0 | 8
1149303979 | 31 | 3.86589 | 28
2298607959 | 32 | 3.86589 | 28
4597215919 | 33 | 3.86589 | 28
9194431839 | 34 | 3.86589 | 28
18388863678 | 35 | 3.86589 | 28
36777727356 | 36 | 3.86589 | 28
73555454712 | 37 | 3.86589 | 17
147110909424 | 38 | 3.86589 | 17
294221818848 | 39 | 3.86589 | 17
588443637696 | 40 | 3.86589 | 17
1176887275393 | 41 | 3.86589 | 17
2353774550786 | 42 | 3.86589 | 17
4707549101573 | 43 | 3.86589 | 17
9415098203146 | 44 | 3.86589 | 17
18830196406293 | 45 | 3.86589 | 17
37660392812587 | 46 | 3.86589 | 17
75320785625174 | 47 | 3.86589 | 17
150641571250348 | 48 | 2.57045 | 11
301283142500696 | 49 | 2.57045 | 11
602566285001392 | 50 | 2.57045 | 11
1205132570002784 | 51 | 2.57045 | 11
2410265140005569 | 52 | 2.57045 | 11
4820530280011139 | 53 | 2.57045 | 11
9641060560022279 | 54 | 2.57045 | 11
19282121120044559 | 55 | 2.57045 | 11
38564242240089118 | 56 | 2.57045 | 11
77128484480178237 | 57 | 2.57045 | 11
154256968960356474 | 58 | 2.57045 | 11
308513937920712949 | 59 | 2.57045 | 11
617027875841425898 | 60 | 2.57045 | 11
1234055751682851797 | 61 | 2.57045 | 11
2468111503365703594 | 62 | 2.42092e-322 | 8
2468111503365703595 | 62 | 2.42092e-322 | 3
150641571250349 | 48 | 4.6613e-310 | 6
73555454713 | 37 | 2.37178 | 11
147110909427 | 38 | 2.37178 | 11
294221818855 | 39 | 2.37178 | 11
588443637710 | 40 | 2.37178 | 11
1176887275421 | 41 | 2.37178 | 11
2353774550843 | 42 | 2.37178 | 11
4707549101687 | 43 | 2.37178 | 11
9415098203374 | 44 | 2.37178 | 11
18830196406748 | 45 | 2.37178 | 11
37660392813497 | 46 | 2.37178 | 11
75320785626995 | 47 | 2.37178 | 11
150641571253990 | 48 | 2.42092e-322 | 9
150641571253991 | 48 | 1.69548 | 2
287325995 | 29 | 4.6613e-310 | 2
4489469 | 23 | 4.6613e-310 | 4
2244735 | 22 | 8.57446 | 67
4489471 | 23 | 8.57446 | 67
8978942 | 24 | 8.57446 | 67
17957884 | 25 | 8.57446 | 67
35915768 | 26 | 2.53364 | 14
71831536 | 27 | 2.43435 | 13
143663073 | 28 | 2.43435 | 13
287326147 | 29 | 2.43435 | 13
574652295 | 30 | 2.43435 | 13
1149304590 | 31 | 2.43435 | 13
2298609181 | 32 | 2.43435 | 13
4597218362 | 33 | 2.02692 | 12
9194436725 | 34 | 2.02692 | 12
18388873450 | 35 | 2.02692 | 12
36777746901 | 36 | 2.02692 | 12
73555493802 | 37 | 3.05697 | 1
73555493803 | 37 | 1.86973 | 11
147110987606 | 38 | 4.81859 | 4
147110987607 | 38 | 6.38588 | 7
4597218363 | 33 | 2.42092e-322 | 1
71831537 | 27 | 4.6613e-310 | 1
35915769 | 26 | 6.81901 | 53
71831538 | 27 | 4.6613e-310 | 2
71831539 | 27 | 6.66464 | 51
143663079 | 28 | 6.66464 | 51
287326158 | 29 | 4.27239 | 39
574652316 | 30 | 4.27239 | 39
1149304632 | 31 | 4.27239 | 39
2298609264 | 32 | 4.27239 | 39
4597218528 | 33 | 4.27239 | 39
9194437056 | 34 | 4.27239 | 39
18388874112 | 35 | 4.27239 | 39
36777748225 | 36 | 4.27239 | 39
73555496450 | 37 | 4.27239 | 39
147110992900 | 38 | 4.27239 | 39
294221985801 | 39 | 4.27239 | 39
588443971602 | 40 | 4.27239 | 39
1176887943205 | 41 | 4.27239 | 39
2353775886411 | 42 | 4.27239 | 39
4707551772822 | 43 | 4.27239 | 39
9415103545644 | 44 | 4.27239 | 39
18830207091288 | 45 | 4.27239 | 39
37660414182576 | 46 | 4.6613e-310 | 3
37660414182577 | 46 | 3.79842 | 36
75320828365154 | 47 | 3.79842 | 36
150641656730309 | 48 | 3.79842 | 36
301283313460618 | 49 | 3.79842 | 36
602566626921236 | 50 | 3.79842 | 36
1205133253842472 | 51 | 3.79842 | 15
2410266507684945 | 52 | 3.79842 | 15
4820533015369890 | 53 | 3.79842 | 15
9641066030739781 | 54 | 3.79842 | 15
19282132061479562 | 55 | 2.75113 | 13
38564264122959125 | 56 | 2.75113 | 13
77128528245918250 | 57 | 2.75113 | 13
154257056491836501 | 58 | 2.75113 | 13
308514112983673002 | 59 | 0.732796 | 4
308514112983673003 | 59 | 2.38961 | 9
19282132061479563 | 55 | 4.6613e-310 | 2
1205133253842473 | 51 | 2.73572 | 21
2410266507684947 | 52 | 2.73572 | 21
4820533015369895 | 53 | 2.73572 | 21
9641066030739791 | 54 | 2.73572 | 21
19282132061479583 | 55 | 2.73572 | 21
38564264122959166 | 56 | 2.73572 | 21
77128528245918333 | 57 | 2.73572 | 21
154257056491836666 | 58 | 2.73572 | 21
308514112983673332 | 59 | 2.73572 | 21
617028225967346664 | 60 | 2.73572 | 21
1234056451934693328 | 61 | 2.73572 | 21
2468112903869386656 | 62 | 2.73572 | 21
4936225807738773312 | 63 | 2.73572 | 21
-8574292458232004991 | 64 | 2.73572 | 21
1298159157245541635 | 65 | 2.73572 | 21
2596318314491083270 | 66 | 2.64961 | 14
5192636628982166540 | 67 | 2.64961 | 14
-8061470815745218535 | 68 | 2.64961 | 14
2323802442219114546 | 69 | 2.64961 | 14
4647604884438229092 | 70 | 2.64961 | 14
-9151534304833093431 | 71 | 2.64961 | 14
143675464043364754 | 72 | 2.64961 | 14
287350928086729508 | 73 | 2.64961 | 13
574701856173459016 | 74 | 2.64961 | 13
1149403712346918032 | 75 | 2.64961 | 13
2298807424693836065 | 76 | 2.64961 | 13
4597614849387672130 | 77 | 2.64961 | 13
9195229698775344260 | 78 | 2.64961 | 11
-56284676158863096 | 79 | 4.6613e-310 | 4
-56284676158863095 | 79 | 4.6613e-310 | 7
9195229698775344261 | 78 | 4.6613e-310 | 2
287350928086729509 | 73 | 4.6613e-310 | 1
2596318314491083271 | 66 | 4.6613e-310 | 7
287326159 | 29 | 2.81756 | 12
574652319 | 30 | 2.81756 | 12
1149304638 | 31 | 2.81756 | 12
2298609276 | 32 | 2.81756 | 12
4597218552 | 33 | 2.81756 | 12
9194437104 | 34 | 2.81756 | 12
18388874209 | 35 | 2.81756 | 12
36777748418 | 36 | 2.81756 | 12
73555496837 | 37 | 2.81756 | 12
147110993675 | 38 | 2.81756 | 12
294221987350 | 39 | 2.81756 | 12
588443974701 | 40 | 2.81756 | 12
1176887949402 | 41 | 2.81756 | 12
2353775898805 | 42 | 2.81756 | 12
4707551797611 | 43 | 2.81756 | 12
9415103595222 | 44 | 2.81756 | 12
18830207190445 | 45 | 2.81756 | 12
37660414380891 | 46 | 2.81756 | 12
75320828761783 | 47 | 2.81756 | 12
150641657523567 | 48 | 2.81756 | 12
301283315047134 | 49 | 4.6613e-310 | 3
301283315047135 | 49 | 4.6613e-310 | 9
17537 | 15 | 24.2819 | 483
35075 | 16 | 24.2819 | 483
70151 | 17 | 24.2819 | 483
140302 | 18 | 24.2819 | 483
280604 | 19 | 24.2819 | 483
561208 | 20 | 24.2819 | 483
1122417 | 21 | 24.2819 | 483
2244834 | 22 | 24.2819 | 483
4489668 | 23 | 24.2819 | 483
8979337 | 24 | 24.2819 | 483
17958675 | 25 | 24.2819 | 483
35917350 | 26 | 8.44814 | 31
71834700 | 27 | 8.44814 | 31
143669400 | 28 | 8.44814 | 31
287338800 | 29 | 4.6613e-310 | 1
287338801 | 29 | 6.13993 | 30
574677603 | 30 | 6.13993 | 30
1149355207 | 31 | 6.13993 | 30
2298710414 | 32 | 0 | 5
2298710415 | 32 | 6.13993 | 25
4597420830 | 33 | 6.13993 | 25
9194841660 | 34 | 6.13993 | 25
18389683320 | 35 | 6.07716 | 17
36779366640 | 36 | 0.38568 | 10
36779366641 | 36 | 0.064314 | 7
18389683321 | 35 | 1.65026 | 8
35917351 | 26 | 17.4134 | 452
71834702 | 27 | 17.4134 | 452
143669405 | 28 | 17.4134 | 452
287338810 | 29 | 17.4134 | 452
574677620 | 30 | 17.4134 | 452
1149355241 | 31 | 17.4134 | 452
2298710483 | 32 | 17.4134 | 452
4597420967 | 33 | 17.4134 | 452
9194841935 | 34 | 17.4134 | 452
18389683870 | 35 | 12.2145 | 330
36779367740 | 36 | 8.20665 | 120
73558735481 | 37 | 8.20665 | 120
147117470962 | 38 | 8.20665 | 120
294234941925 | 39 | 8.20665 | 120
588469883850 | 40 | 8.20665 | 120
1176939767701 | 41 | 8.20665 | 120
2353879535402 | 42 | 6.67421 | 52
4707759070804 | 43 | 6.67421 | 50
9415518141609 | 44 | 6.67421 | 50
18831036283218 | 45 | 6.67421 | 50
37662072566436 | 46 | 6.67421 | 50
75324145132872 | 47 | 6.67421 | 50
150648290265745 | 48 | 6.67421 | 50
301296580531491 | 49 | 6.67421 | 50
602593161062983 | 50 | 6.67421 | 50
1205186322125966 | 51 | 6.67421 | 50
2410372644251932 | 52 | 6.67421 | 50
4820745288503864 | 53 | 4.32845 | 36
9641490577007728 | 54 | 4.6613e-310 | 5
9641490577007729 | 54 | 4.32845 | 31
19282981154015459 | 55 | 4.32845 | 31
38565962308030919 | 56 | 4.32845 | 31
77131924616061838 | 57 | 4.32845 | 31
154263849232123676 | 58 | 4.32845 | 31
308527698464247352 | 59 | 4.6613e-310 | 10
308527698464247353 | 59 | 2.25888 | 21
617055396928494706 | 60 | 2.25888 | 21
1234110793856989412 | 61 | 2.25888 | 21
2468221587713978824 | 62 | 2.64741 | 6
2468221587713978825 | 62 | 1.97022 | 15
4936443175427957651 | 63 | 1.97022 | 15
-8573857722853636314 | 64 | 1.97022 | 15
1299028628002278988 | 65 | 1.97022 | 15
2598057256004557976 | 66 | 1.97022 | 15
5196114512009115953 | 67 | 1.97022 | 15
-8054515049691319710 | 68 | 1.97022 | 15
2337713974326912196 | 69 | 3.46423 | 1
2337713974326912197 | 69 | 1.66502 | 14
4675427948653824395 | 70 | 1.66502 | 14
-9095888176401902826 | 71 | 1.66502 | 14
254967720905745964 | 72 | 1.66502 | 14
509935441811491928 | 73 | 1.66502 | 14
1019870883622983857 | 74 | 1.66502 | 14
2039741767245967714 | 75 | 1.66502 | 14
4079483534491935429 | 76 | 1.66502 | 14
8158967068983870858 | 77 | 1.66502 | 14
-2128809935741809900 | 78 | 1.66502 | 14
-4257619871483619800 | 79 | 1.66502 | 14
-8515239742967239599 | 80 | 1.66502 | 14
1416264587775072418 | 81 | 1.66502 | 14
2832529175550144837 | 82 | 1.66502 | 14
5665058351100289674 | 83 | 1.66502 | 14
-7116627371508972267 | 84 | 1.66502 | 14
4213489330691607082 | 85 | 1.66502 | 14
8426978661383214165 | 86 | 1.66502 | 14
-1592786750943123285 | 87 | 1.66502 | 14
-3185573501886246570 | 88 | 1.66502 | 14
-6371147003772493139 | 89 | 1.66502 | 14
5704450066164565338 | 90 | 1.66502 | 14
-7037843941380420940 | 91 | 1.66502 | 14
4371056190948709736 | 92 | 1.66502 | 14
8742112381897419473 | 93 | 1.66502 | 14
-962519309914712670 | 94 | 1.66502 | 14
-1925038619829425339 | 95 | 1.66502 | 14
-3850077239658850678 | 96 | 1.66502 | 14
-7700154479317701356 | 97 | 1.66502 | 13
3046435115074148904 | 98 | 10.2004 | 2
3046435115074148905 | 98 | 1.66502 | 11
6092870230148297810 | 99 | 1.66502 | 11
-6261003613412955996 | 100 | 1.66502 | 11
5924736846883639624 | 101 | 1.66502 | 11
-6597270379942272368 | 102 | 3.74414 | 5
-6597270379942272367 | 102 | 0.983327 | 6
-7700154479317701355 | 97 | 4.6613e-310 | 1
4820745288503865 | 53 | 2.3616 | 14
9641490577007730 | 54 | 2.3616 | 14
19282981154015460 | 55 | 4.6613e-310 | 1
19282981154015461 | 55 | 2.3616 | 13
38565962308030922 | 56 | 2.3616 | 13
77131924616061844 | 57 | 4.6613e-310 | 8
77131924616061845 | 57 | 4.6613e-310 | 5
4707759070805 | 43 | 4.6613e-310 | 2
2353879535403 | 42 | 7.79776 | 68
4707759070806 | 43 | 7.79776 | 68
9415518141612 | 44 | 7.79776 | 68
18831036283225 | 45 | 7.79776 | 68
37662072566450 | 46 | 7.79776 | 68
75324145132900 | 47 | 7.79776 | 68
150648290265800 | 48 | 7.79776 | 68
301296580531600 | 49 | 7.79776 | 68
602593161063200 | 50 | 7.79776 | 68
1205186322126401 | 51 | 7.79776 | 68
2410372644252802 | 52 | 7.79776 | 68
4820745288505604 | 53 | 7.79776 | 68
9641490577011208 | 54 | 7.79776 | 68
19282981154022417 | 55 | 7.79776 | 68
38565962308044834 | 56 | 7.79776 | 68
77131924616089669 | 57 | 7.79776 | 68
154263849232179339 | 58 | 7.79776 | 68
308527698464358678 | 59 | 7.23692 | 56
617055396928717356 | 60 | 7.23692 | 56
1234110793857434712 | 61 | 7.23692 | 56
2468221587714869424 | 62 | 7.23692 | 56
4936443175429738848 | 63 | 7.23692 | 56
-8573857722850073919 | 64 | 7.23692 | 56
1299028628009403778 | 65 | 4.6613e-310 | 6
1299028628009403779 | 65 | 6.89491 | 50
2598057256018807559 | 66 | 6.89491 | 50
5196114512037615119 | 67 | 6.89491 | 50
-8054515049634321377 | 68 | 6.89491 | 50
2337713974440908862 | 69 | 6.89491 | 50
4675427948881817724 | 70 | 6.89491 | 50
-9095888175945916168 | 71 | 3.84471 | 19
254967721817719280 | 72 | 4.6613e-310 | 4
254967721817719281 | 72 | 2.86358 | 15
509935443635438563 | 73 | 2.86358 | 15
1019870887270877127 | 74 | 2.86358 | 15
2039741774541754255 | 75 | 2.86358 | 15
4079483549083508510 | 76 | 2.86358 | 15
8158967098167017020 | 77 | 2.86358 | 15
-2128809877375517575 | 78 | 2.86358 | 15
-4257619754751035150 | 79 | 2.86358 | 15
-8515239509502070300 | 80 | 2.86358 | 15
1416265054705411016 | 81 | 2.86358 | 15
2832530109410822032 | 82 | 2.86358 | 15
5665060218821644064 | 83 | 7.23399 | 9
5665060218821644065 | 83 | 1.9496 | 6
-9095888175945916167 | 71 | 4.0031 | 31
254967721817719282 | 72 | 4.0031 | 31
509935443635438564 | 73 | 4.6613e-310 | 7
509935443635438565 | 73 | 3.65642 | 24
1019870887270877130 | 74 | 3.65642 | 24
2039741774541754260 | 75 | 3.65642 | 23
4079483549083508520 | 76 | 3.65642 | 23
8158967098167017041 | 77 | 3.65642 | 23
-2128809877375517533 | 78 | 3.65642 | 23
-4257619754751035066 | 79 | 3.65642 | 23
-8515239509502070132 | 80 | 3.65642 | 23
1416265054705411353 | 81 | 3.65642 | 23
2832530109410822707 | 82 | 3.65642 | 23
5665060218821645414 | 83 | 3.21143e-322 | 6
5665060218821645415 | 83 | 2.54736 | 17
-7116623636066260786 | 84 | 1.07189 | 3
-7116623636066260785 | 84 | 2.31592 | 14
4213496801577030047 | 85 | 2.31592 | 14
8426993603154060094 | 86 | 2.31592 | 14
-1592756867401431428 | 87 | 1.53665 | 5
-1592756867401431427 | 87 | 1.10265 | 9
2039741774541754261 | 75 | 4.6613e-310 | 1
308527698464358679 | 59 | 1.92018 | 12
617055396928717359 | 60 | 1.92018 | 12
1234110793857434718 | 61 | 1.92018 | 12
2468221587714869436 | 62 | 1.92018 | 12
4936443175429738872 | 63 | 1.92018 | 12
-8573857722850073871 | 64 | 1.92018 | 12
1299028628009403875 | 65 | 1.92018 | 12
2598057256018807750 | 66 | 1.92018 | 12
5196114512037615500 | 67 | 1.92018 | 12
-8054515049634320615 | 68 | 1.92018 | 12
2337713974440910386 | 69 | 1.92018 | 12
4675427948881820773 | 70 | 1.92018 | 12
-9095888175945910070 | 71 | 1.92018 | 12
254967721817731476 | 72 | 4.6613e-310 | 9
254967721817731477 | 72 | 2.92841 | 3
36779367741 | 36 | 9.52645 | 210
73558735483 | 37 | 9.52645 | 210
147117470966 | 38 | 6.42381 | 77
294234941933 | 39 | 6.42381 | 77
588469883866 | 40 | 6.42381 | 77
1176939767732 | 41 | 4.6613e-310 | 10
1176939767733 | 41 | 6.42381 | 67
2353879535466 | 42 | 6.42381 | 67
4707759070932 | 43 | 6.42381 | 67
9415518141864 | 44 | 6.35102 | 39
18831036283728 | 45 | 6.35102 | 39
37662072567457 | 46 | 6.35102 | 39
75324145134914 | 47 | 11.8446 | 8
75324145134915 | 47 | 6.351 | 31
150648290269831 | 48 | 6.351 | 31
301296580539663 | 49 | 6.351 | 31
602593161079326 | 50 | 6.351 | 31
1205186322158652 | 51 | 4.6613e-310 | 2
1205186322158653 | 51 | 5.833 | 29
2410372644317306 | 52 | 5.833 | 29
4820745288634612 | 53 | 5.833 | 29
9641490577269224 | 54 | 5.833 | 29
19282981154538448 | 55 | 5.833 | 29
38565962309076897 | 56 | 5.833 | 29
77131924618153794 | 57 | 5.833 | 29
154263849236307589 | 58 | 5.833 | 29
308527698472615178 | 59 | 5.833 | 24
617055396945230356 | 60 | 5.833 | 24
1234110793890460713 | 61 | 5.833 | 24
2468221587780921427 | 62 | 5.833 | 24
4936443175561842855 | 63 | 5.833 | 24
-8573857722585865906 | 64 | 5.833 | 24
1299028628537819804 | 65 | 5.833 | 24
2598057257075639609 | 66 | 5.833 | 24
5196114514151279219 | 67 | 5.833 | 24
-8054515045406993178 | 68 | 5.833 | 24
2337713982895565260 | 69 | 1.68989 | 13
4675427965791130520 | 70 | 4.79244e-322 | 3
4675427965791130521 | 70 | 4.6613e-310 | 10
2337713982895565261 | 69 | 3.6193 | 11
4675427965791130523 | 70 | 3.6193 | 11
-9095888142127290570 | 71 | 3.6193 | 11
254967789454970477 | 72 | 3.6193 | 11
509935578909940954 | 73 | 3.6193 | 11
1019871157819881908 | 74 | 26.4829 | 4
1019871157819881909 | 74 | 22.2556 | 7
308527698472615179 | 59 | 4.6613e-310 | 5
9415518141865 | 44 | 5.90267 | 28
18831036283731 | 45 | 5.90267 | 28
37662072567463 | 46 | 5.90267 | 28
75324145134926 | 47 | 5.90267 | 28
150648290269853 | 48 | 5.90267 | 28
301296580539707 | 49 | 5.90267 | 28
602593161079414 | 50 | 5.90267 | 28
1205186322158828 | 51 | 5.90267 | 28
2410372644317657 | 52 | 5.90267 | 28
4820745288635314 | 53 | 5.90267 | 28
9641490577270628 | 54 | 4.25971 | 24
19282981154541256 | 55 | 4.25971 | 24
38565962309082513 | 56 | 4.25971 | 24
77131924618165026 | 57 | 18.8415 | 4
77131924618165027 | 57 | 3.3514 | 20
154263849236330055 | 58 | 3.3514 | 20
308527698472660110 | 59 | 3.3514 | 20
617055396945320220 | 60 | 0.144977 | 1
617055396945320221 | 60 | 2.75236 | 19
1234110793890640443 | 61 | 2.75236 | 19
2468221587781280886 | 62 | 2.75236 | 19
4936443175562561772 | 63 | 0.431205 | 7
4936443175562561773 | 63 | 1.25699 | 12
-8573857722584428069 | 64 | 1.25699 | 12
1299028628540695479 | 65 | 1.25699 | 12
2598057257081390958 | 66 | 0 | 6
2598057257081390959 | 66 | 1.08636 | 6
9641490577270629 | 54 | 4.6613e-310 | 4
147117470967 | 38 | 7.39304 | 133
294234941934 | 39 | 4.37505 | 35
588469883868 | 40 | 4.37505 | 35
1176939767737 | 41 | 4.37505 | 35
2353879535474 | 42 | 4.37505 | 35
4707759070949 | 43 | 4.37505 | 35
9415518141898 | 44 | 4.37505 | 35
18831036283797 | 45 | 4.37505 | 35
37662072567595 | 46 | 4.37505 | 35
75324145135190 | 47 | 3.46546 | 16
150648290270380 | 48 | 4.6613e-310 | 5
150648290270381 | 48 | 3.34069 | 11
301296580540763 | 49 | 3.34069 | 11
602593161081526 | 50 | 2.37152e-322 | 5
602593161081527 | 50 | 4.6613e-310 | 6
75324145135191 | 47 | 2.14335 | 19
150648290270382 | 48 | 2.14335 | 19
301296580540764 | 49 | 2.14335 | 19
602593161081529 | 50 | 2.14335 | 19
1205186322163059 | 51 | 2.14335 | 19
2410372644326118 | 52 | 2.14335 | 19
4820745288652237 | 53 | 2.14335 | 19
9641490577304474 | 54 | 2.14335 | 19
19282981154608948 | 55 | 2.14335 | 19
38565962309217897 | 56 | 2.14335 | 19
77131924618435795 | 57 | 2.14335 | 19
154263849236871590 | 58 | 2.14335 | 19
308527698473743180 | 59 | 2.14335 | 19
617055396947486360 | 60 | 1.55494 | 16
1234110793894972721 | 61 | 1.55494 | 16
2468221587789945443 | 62 | 1.55494 | 16
4936443175579890887 | 63 | 1.55494 | 16
-8573857722549769841 | 64 | 1.55494 | 16
1299028628610011934 | 65 | 1.55494 | 16
2598057257220023868 | 66 | 0 | 8
2598057257220023869 | 66 | 0.00899807 | 8
617055396947486361 | 60 | 4.6613e-310 | 3
294234941935 | 39 | 6.05547 | 98
588469883870 | 40 | 6.05547 | 98
1176939767740 | 41 | 6.05547 | 98
2353879535480 | 42 | 4.60441 | 56
4707759070960 | 43 | 4.60441 | 56
9415518141920 | 44 | 4.60441 | 56
18831036283840 | 45 | 4.50835 | 34
37662072567680 | 46 | 4.50835 | 34
75324145135361 | 47 | 4.50835 | 34
150648290270722 | 48 | 4.50835 | 34
301296580541445 | 49 | 4.50835 | 34
602593161082890 | 50 | 1.82932 | 19
1205186322165780 | 51 | 1.58101e-322 | 7
1205186322165781 | 51 | 1.2043 | 12
2410372644331562 | 52 | 1.2043 | 12
4820745288663125 | 53 | 1.2043 | 12
9641490577326250 | 54 | 1.2043 | 12
19282981154652501 | 55 | 1.2043 | 12
38565962309305002 | 56 | 1.2043 | 12
77131924618610004 | 57 | 1.2043 | 12
154263849237220009 | 58 | 1.2043 | 12
308527698474440018 | 59 | 0.0887874 | 10
308527698474440019 | 59 | 1.03415 | 2
602593161082891 | 50 | 3.29234 | 15
1205186322165782 | 51 | 3.29234 | 15
2410372644331564 | 52 | 4.6613e-310 | 2
2410372644331565 | 52 | 3.14161 | 13
4820745288663130 | 53 | 4.6613e-310 | 6
4820745288663131 | 53 | 1.91601 | 7
18831036283841 | 45 | 3.7262 | 22
37662072567682 | 46 | 4.6613e-310 | 5
37662072567683 | 46 | 1.9173 | 17
75324145135366 | 47 | 1.9173 | 17
150648290270732 | 48 | 1.9173 | 17
301296580541464 | 49 | 1.9173 | 17
602593161082929 | 50 | 1.9173 | 17
1205186322165859 | 51 | 1.9173 | 17
2410372644331718 | 52 | 0.541269 | 1
2410372644331719 | 52 | 1.69926 | 16
4820745288663438 | 53 | 0.252763 | 9
4820745288663439 | 53 | 0.593646 | 7
2353879535481 | 42 | 4.40233 | 42
4707759070962 | 43 | 4.40233 | 42
9415518141925 | 44 | 4.40233 | 42
18831036283851 | 45 | 4.40233 | 42
37662072567702 | 46 | 4.40233 | 42
75324145135405 | 47 | 4.40233 | 42
150648290270810 | 48 | 4.30753 | 32
301296580541620 | 49 | 3.27694 | 27
602593161083241 | 50 | 3.27694 | 27
1205186322166482 | 51 | 3.27694 | 23
2410372644332964 | 52 | 3.27694 | 23
4820745288665928 | 53 | 3.27694 | 23
9641490577331857 | 54 | 3.27694 | 23
19282981154663714 | 55 | 3.27694 | 23
38565962309327428 | 56 | 3.27694 | 23
77131924618654856 | 57 | 3.27694 | 23
154263849237309713 | 58 | 3.27694 | 23
308527698474619426 | 59 | 3.27694 | 23
617055396949238852 | 60 | 3.27694 | 23
1234110793898477705 | 61 | 3.27694 | 23
2468221587796955410 | 62 | 1.40921 | 8
2468221587796955411 | 62 | 2.56476 | 15
4936443175593910822 | 63 | 2.56476 | 15
-8573857722521729972 | 64 | 2.56476 | 15
1299028628666091672 | 65 | 2.56476 | 15
2598057257332183345 | 66 | 2.56476 | 15
5196114514664366690 | 67 | 2.56476 | 15
-8054515044380818236 | 68 | 2.56476 | 15
2337713984947915144 | 69 | 2.56476 | 15
4675427969895830288 | 70 | 2.56476 | 15
-9095888133917891040 | 71 | 2.56476 | 15
254967805873769537 | 72 | 2.56476 | 15
509935611747539075 | 73 | 2.56476 | 15
1019871223495078150 | 74 | 2.56476 | 15
2039742446990156301 | 75 | 2.56476 | 15
4079484893980312603 | 76 | 2.56476 | 15
8158969787960625206 | 77 | 1.7481 | 1
8158969787960625207 | 77 | 2.56476 | 14
-2128804497788301201 | 78 | 2.56476 | 14
-4257608995576602402 | 79 | 2.56476 | 14
-8515217991153204804 | 80 | 2.56476 | 14
1416308091403142008 | 81 | 2.56476 | 14
2832616182806284017 | 82 | 2.56476 | 14
5665232365612568034 | 83 | 2.56476 | 14
-7116279342484415547 | 84 | 2.56476 | 14
4214185388740720523 | 85 | 2.56476 | 14
8428370777481441046 | 86 | 2.56476 | 14
-1590002518746669523 | 87 | 2.56476 | 14
-3180005037493339045 | 88 | 2.56476 | 14
-6360010074986678090 | 89 | 2.56476 | 14
5726723923736195437 | 90 | 2.56476 | 14
-6993296226237160742 | 91 | 2.56476 | 14
4460151621235230132 | 92 | 2.56476 | 14
8920303242470460264 | 93 | 2.56476 | 14
-606137588768631088 | 94 | 8.68619 | 7
-606137588768631087 | 94 | 4.6613e-310 | 7
1205186322166483 | 51 | 4.6613e-310 | 4
301296580541621 | 49 | 4.6613e-310 | 5
150648290270811 | 48 | 4.6613e-310 | 10
18389683871 | 35 | 11.643 | 122
36779367742 | 36 | 11.643 | 122
73558735484 | 37 | 11.643 | 103
147117470968 | 38 | 9.26082 | 77
294234941936 | 39 | 0.0783357 | 1
294234941937 | 39 | 7.68338 | 76
588469883875 | 40 | 7.68338 | 76
1176939767751 | 41 | 7.68338 | 76
2353879535503 | 42 | 7.68338 | 76
4707759071007 | 43 | 7.68338 | 76
9415518142014 | 44 | 7.68338 | 76
18831036284029 | 45 | 7.68338 | 76
37662072568058 | 46 | 7.68338 | 76
75324145136117 | 47 | 7.68338 | 76
150648290272234 | 48 | 4.6613e-310 | 7
150648290272235 | 48 | 5.55968 | 69
301296580544471 | 49 | 5.55968 | 69
602593161088943 | 50 | 5.55968 | 69
1205186322177887 | 51 | 5.55968 | 69
2410372644355775 | 52 | 5.55968 | 69
4820745288711551 | 53 | 5.55968 | 69
9641490577423102 | 54 | 1.65139 | 16
19282981154846205 | 55 | 1.65139 | 16
38565962309692411 | 56 | 1.65139 | 16
77131924619384822 | 57 | 1.65139 | 16
154263849238769644 | 58 | 1.65139 | 16
308527698477539288 | 59 | 1.65139 | 16
617055396955078576 | 60 | 1.65139 | 16
1234110793910157152 | 61 | 4.6613e-310 | 7
1234110793910157153 | 61 | 4.6613e-310 | 9
9641490577423103 | 54 | 4.2112 | 53
19282981154846206 | 55 | 4.2112 | 53
38565962309692412 | 56 | 4.2112 | 53
77131924619384824 | 57 | 1.87993 | 23
154263849238769649 | 58 | 1.87993 | 23
308527698477539299 | 59 | 1.87993 | 23
617055396955078599 | 60 | 1.87993 | 23
1234110793910157198 | 61 | 1.87993 | 23
2468221587820314396 | 62 | 1.87993 | 23
4936443175640628792 | 63 | 1.16958 | 9
4936443175640628793 | 63 | 1.66085 | 14
-8573857722428294029 | 64 | 1.66085 | 14
1299028628852963559 | 65 | 1.66085 | 14
2598057257705927118 | 66 | 0.654016 | 9
2598057257705927119 | 66 | 0.976819 | 5
77131924619384825 | 57 | 2.6262 | 30
154263849238769651 | 58 | 2.6262 | 30
308527698477539302 | 59 | 2.6262 | 30
617055396955078604 | 60 | 2.6262 | 30
1234110793910157209 | 61 | 2.6262 | 30
2468221587820314418 | 62 | 2.6262 | 30
4936443175640628837 | 63 | 2.6262 | 30
-8573857722428293941 | 64 | 2.6262 | 30
1299028628852963735 | 65 | 2.6262 | 30
2598057257705927471 | 66 | 2.6262 | 30
5196114515411854942 | 67 | 2.6262 | 30
-8054515042885841731 | 68 | 2.6262 | 30
2337713987937868154 | 69 | 2.6262 | 30
4675427975875736308 | 70 | 2.6262 | 30
-9095888121958079000 | 71 | 2.6262 | 20
254967829793393616 | 72 | 3.57511 | 3
254967829793393617 | 72 | 2.13368 | 17
509935659586787234 | 73 | 2.37636 | 8
509935659586787235 | 73 | 0.118576 | 9
-9095888121958078999 | 71 | 4.6613e-310 | 10
147117470969 | 38 | 9.0602 | 26
294234941939 | 39 | 9.0602 | 26
588469883879 | 40 | 9.0602 | 26
1176939767758 | 41 | 9.0602 | 26
2353879535516 | 42 | 9.0602 | 26
4707759071032 | 43 | 9.0602 | 26
9415518142065 | 44 | 9.0602 | 26
18831036284131 | 45 | 9.0602 | 26
37662072568263 | 46 | 9.0602 | 26
75324145136526 | 47 | 4.71384 | 24
150648290273052 | 48 | 4.6613e-310 | 1
150648290273053 | 48 | 3.54948 | 23
301296580546106 | 49 | 3.54948 | 23
602593161092213 | 50 | 3.54948 | 23
1205186322184426 | 51 | 3.4289 | 22
2410372644368852 | 52 | 3.4289 | 22
4820745288737704 | 53 | 3.4289 | 22
9641490577475408 | 54 | 3.4289 | 22
19282981154950816 | 55 | 3.4289 | 19
38565962309901633 | 56 | 3.4289 | 19
77131924619803267 | 57 | 3.4289 | 19
154263849239606535 | 58 | 3.4289 | 19
308527698479213071 | 59 | 3.4289 | 19
617055396958426142 | 60 | 4.6613e-310 | 2
617055396958426143 | 60 | 2.1172 | 17
1234110793916852286 | 61 | 0.42203 | 3
1234110793916852287 | 61 | 1.77233 | 14
2468221587833704574 | 62 | 1.77233 | 14
4936443175667409149 | 63 | 1.77233 | 14
-8573857722374733318 | 64 | 1.74004 | 13
1299028628960084980 | 65 | 8.18227 | 1
1299028628960084981 | 65 | 1.72477 | 12
2598057257920169962 | 66 | 1.72477 | 12
5196114515840339925 | 67 | 1.72477 | 12
-8054515042028871766 | 68 | 1.72477 | 12
2337713989651808085 | 69 | 1.72477 | 12
4675427979303616171 | 70 | 1.72477 | 12
-9095888115102319273 | 71 | 1.72477 | 12
254967843504913071 | 72 | 1.72477 | 12
509935687009826143 | 73 | 1.72477 | 12
1019871374019652287 | 74 | 1.72477 | 12
2039742748039304574 | 75 | 1.72477 | 12
4079485496078609148 | 76 | 1.72477 | 12
8158970992157218297 | 77 | 1.72477 | 12
-2128802089395115021 | 78 | 1.72477 | 12
-4257604178790230042 | 79 | 1.72477 | 12
-8515208357580460083 | 80 | 1.72477 | 12
1416327358548631450 | 81 | 2.42092e-322 | 2
1416327358548631451 | 81 | 8.54775 | 10
-8573857722374733317 | 64 | 4.6613e-310 | 1
19282981154950817 | 55 | 4.6613e-310 | 3
1205186322184427 | 51 | 4.6613e-310 | 1
75324145136527 | 47 | 4.6613e-310 | 2
73558735485 | 37 | 4.50626 | 19
147117470970 | 38 | 4.6613e-310 | 8
147117470971 | 38 | 4.50626 | 11
294234941942 | 39 | 4.50626 | 11
588469883884 | 40 | 4.50626 | 11
1176939767769 | 41 | 4.50626 | 11
2353879535538 | 42 | 4.6613e-310 | 2
2353879535539 | 42 | 4.6613e-310 | 9
275 | 9 | 11.5885 | 67
551 | 10 | 11.5885 | 67
1102 | 11 | 3.25913 | 21
2204 | 12 | 3.25913 | 21
4408 | 13 | 3.25913 | 21
8816 | 14 | 3.25913 | 21
17633 | 15 | 3.25913 | 21
35266 | 16 | 4.6613e-310 | 3
35267 | 16 | 2.79038 | 18
70534 | 17 | 2.79038 | 18
141068 | 18 | 2.79038 | 18
282136 | 19 | 2.79038 | 18
564272 | 20 | 2.79038 | 18
1128544 | 21 | 2.79038 | 18
2257088 | 22 | 2.79038 | 18
4514176 | 23 | 2.79038 | 18
9028353 | 24 | 2.79038 | 18
18056706 | 25 | 2.79038 | 18
36113413 | 26 | 2.79038 | 18
72226827 | 27 | 2.79038 | 18
144453654 | 28 | 2.79038 | 18
288907308 | 29 | 2.79038 | 18
577814617 | 30 | 2.79038 | 18
1155629235 | 31 | 2.79038 | 18
2311258471 | 32 | 2.79038 | 18
4622516942 | 33 | 2.79038 | 18
9245033885 | 34 | 2.79038 | 18
18490067770 | 35 | 2.79038 | 18
36980135541 | 36 | 2.79038 | 18
73960271083 | 37 | 2.79038 | 18
147920542166 | 38 | 2.79038 | 18
295841084332 | 39 | 2.79038 | 18
591682168664 | 40 | 2.79038 | 18
1183364337328 | 41 | 2.79038 | 18
2366728674657 | 42 | 2.79038 | 18
4733457349314 | 43 | 4.6613e-310 | 2
4733457349315 | 43 | 2.51486 | 16
9466914698630 | 44 | 2.51486 | 16
18933829397261 | 45 | 2.51486 | 16
37867658794522 | 46 | 2.00521 | 15
75735317589045 | 47 | 2.00521 | 15
151470635178090 | 48 | 2.00521 | 15
302941270356180 | 49 | 3.33173 | 1
302941270356181 | 49 | 1.83466 | 14
605882540712362 | 50 | 1.83466 | 14
1211765081424724 | 51 | 1.83466 | 14
2423530162849449 | 52 | 1.83466 | 14
4847060325698898 | 53 | 1.83466 | 14
9694120651397796 | 54 | 1.83466 | 14
19388241302795592 | 55 | 4.6613e-310 | 10
19388241302795593 | 55 | 4.6613e-310 | 4
37867658794523 | 46 | 4.6613e-310 | 1
1103 | 11 | 9.59463 | 46
2206 | 12 | 4.6613e-310 | 8
2207 | 12 | 8.71946 | 38
4414 | 13 | 8.71946 | 38
8829 | 14 | 8.71946 | 38
17659 | 15 | 8.71946 | 38
35318 | 16 | 8.71946 | 38
70637 | 17 | 8.71946 | 38
141274 | 18 | 8.71946 | 34
282548 | 19 | 8.71946 | 34
565096 | 20 | 8.71946 | 34
1130192 | 21 | 8.71946 | 34
2260384 | 22 | 8.71946 | 29
4520768 | 23 | 4.6613e-310 | 3
4520769 | 23 | 6.79921 | 26
9041539 | 24 | 6.79921 | 26
18083079 | 25 | 6.79921 | 26
36166159 | 26 | 6.79921 | 26
72332318 | 27 | 6.79921 | 26
144664637 | 28 | 6.79921 | 26
289329274 | 29 | 4.6613e-310 | 8
289329275 | 29 | 6.06699 | 18
578658551 | 30 | 6.06699 | 18
1157317102 | 31 | 6.06699 | 18
2314634204 | 32 | 5.88639 | 14
4629268408 | 33 | 5.88639 | 14
9258536816 | 34 | 5.88639 | 14
18517073632 | 35 | 1.63042e-322 | 8
18517073633 | 35 | 4.6613e-310 | 6
2314634205 | 32 | 1.00725 | 4
2260385 | 22 | 4.6613e-310 | 5
141275 | 18 | 4.6613e-310 | 4
69 | 7 | 19.3976 | 359
139 | 8 | 19.3976 | 359
278 | 9 | 18.5726 | 356
557 | 10 | 18.5726 | 356
1114 | 11 | 14.9785 | 180
2229 | 12 | 14.9785 | 180
4458 | 13 | 14.9785 | 180
8917 | 14 | 14.9785 | 180
17834 | 15 | 14.9785 | 180
35668 | 16 | 14.9785 | 180
71337 | 17 | 14.9785 | 180
142675 | 18 | 14.9785 | 180
285350 | 19 | 8.51256 | 131
570701 | 20 | 8.51256 | 131
1141402 | 21 | 8.51256 | 131
2282804 | 22 | 8.24229 | 54
4565609 | 23 | 8.24229 | 54
9131218 | 24 | 3.9821 | 30
18262437 | 25 | 3.9821 | 30
36524874 | 26 | 2.079 | 11
73049748 | 27 | 0 | 9
73049749 | 27 | 3.21143e-322 | 2
36524875 | 26 | 2.31644 | 19
73049751 | 27 | 2.31644 | 19
146099502 | 28 | 2.31644 | 19
292199005 | 29 | 2.31644 | 19
584398011 | 30 | 2.31644 | 19
1168796023 | 31 | 2.31644 | 19
2337592047 | 32 | 2.31644 | 19
4675184094 | 33 | 2.31644 | 19
9350368188 | 34 | 2.31644 | 19
18700736377 | 35 | 2.31644 | 19
37401472754 | 36 | 2.31644 | 19
74802945509 | 37 | 2.31644 | 19
149605891019 | 38 | 2.31644 | 19
299211782038 | 39 | 2.3106 | 1
299211782039 | 39 | 1.97417 | 18
598423564078 | 40 | 42.5142 | 8
598423564079 | 40 | 0.514766 | 10
9131219 | 24 | 3.4092 | 24
18262438 | 25 | 3.4092 | 24
36524876 | 26 | 3.4092 | 24
73049753 | 27 | 3.4092 | 24
146099506 | 28 | 3.4092 | 24
292199012 | 29 | 4.6613e-310 | 1
292199013 | 29 | 3.14741 | 23
584398027 | 30 | 3.14741 | 23
1168796054 | 31 | 3.14741 | 23
2337592108 | 32 | 1.63042e-322 | 8
2337592109 | 32 | 1.90288 | 15
4675184218 | 33 | 1.90288 | 15
9350368436 | 34 | 1.90288 | 15
18700736873 | 35 | 1.90288 | 15
37401473747 | 36 | 1.90288 | 15
74802947495 | 37 | 1.90288 | 15
149605894990 | 38 | 1.90288 | 14
299211789981 | 39 | 1.90288 | 14
598423579962 | 40 | 4.18242 | 6
598423579963 | 40 | 1.09283 | 8
149605894991 | 38 | 4.6613e-310 | 1
2282805 | 22 | 8.08479 | 77
4565611 | 23 | 8.08479 | 77
9131222 | 24 | 4.6613e-310 | 6
9131223 | 24 | 7.83323 | 71
18262447 | 25 | 7.83323 | 71
36524894 | 26 | 4.6613e-310 | 1
36524895 | 26 | 7.50165 | 70
73049790 | 27 | 7.50165 | 70
146099581 | 28 | 7.50165 | 70
292199162 | 29 | 7.50165 | 70
584398324 | 30 | 7.50165 | 70
1168796649 | 31 | 7.50165 | 70
2337593298 | 32 | 7.50165 | 70
4675186597 | 33 | 7.50165 | 70
9350373195 | 34 | 7.50165 | 70
18700746390 | 35 | 7.50165 | 70
37401492780 | 36 | 7.50165 | 70
74802985560 | 37 | 7.50165 | 70
149605971120 | 38 | 7.50165 | 70
299211942240 | 39 | 5.4823 | 13
598423884481 | 40 | 5.4823 | 13
1196847768962 | 41 | 4.6613e-310 | 5
1196847768963 | 41 | 0.456548 | 8
299211942241 | 39 | 7.11564 | 57
598423884482 | 40 | 7.11564 | 57
1196847768965 | 41 | 7.11564 | 57
2393695537931 | 42 | 7.11564 | 57
4787391075863 | 43 | 7.11564 | 57
9574782151726 | 44 | 7.11564 | 57
19149564303453 | 45 | 7.11564 | 57
38299128606907 | 46 | 7.11564 | 57
76598257213814 | 47 | 7.11564 | 57
153196514427629 | 48 | 7.11564 | 57
306393028855259 | 49 | 7.11564 | 57
612786057710519 | 50 | 7.11564 | 57
1225572115421038 | 51 | 7.11564 | 57
2451144230842077 | 52 | 7.11564 | 57
4902288461684154 | 53 | 3.67358 | 40
9804576923368308 | 54 | 3.67358 | 40
19609153846736616 | 55 | 3.67358 | 40
39218307693473233 | 56 | 3.67358 | 40
78436615386946467 | 57 | 3.67358 | 40
156873230773892935 | 58 | 3.67358 | 40
313746461547785870 | 59 | 3.67358 | 40
627492923095571741 | 60 | 3.67358 | 40
1254985846191143483 | 61 | 3.67358 | 40
2509971692382286967 | 62 | 3.67358 | 40
5019943384764573934 | 63 | 3.47725 | 19
-8406857304180403747 | 64 | 3.47725 | 19
1633029465348744123 | 65 | 3.47725 | 19
3266058930697488247 | 66 | 3.47725 | 19
6532117861394976494 | 67 | 3.47725 | 19
-5382508350919598628 | 68 | 1.8777 | 11
7681727371870354361 | 69 | 1.8777 | 11
-3083289329968842893 | 70 | 1.8777 | 11
-6166578659937685786 | 71 | 0.0570068 | 1
-6166578659937685785 | 71 | 0.115491 | 10
-5382508350919598627 | 68 | 4.6613e-310 | 8
5019943384764573935 | 63 | 3.00883 | 21
-8406857304180403746 | 64 | 3.00883 | 21
1633029465348744124 | 65 | 4.45911 | 6
1633029465348744125 | 65 | 1.71834 | 15
3266058930697488250 | 66 | 1.52377 | 13
6532117861394976501 | 67 | 1.52377 | 13
-5382508350919598614 | 68 | 1.52377 | 13
7681727371870354388 | 69 | 1.52377 | 13
-3083289329968842839 | 70 | 1.52377 | 13
-6166578659937685678 | 71 | 1.52377 | 13
6113586753834180260 | 72 | 1.52377 | 13
-6219570566041191096 | 73 | 2.02732 | 10
-6219570566041191095 | 73 | 2.21597 | 3
3266058930697488251 | 66 | 4.6613e-310 | 2
4902288461684155 | 53 | 4.03251 | 17
9804576923368310 | 54 | 4.03251 | 17
19609153846736621 | 55 | 4.03251 | 17
39218307693473243 | 56 | 4.03251 | 17
78436615386946486 | 57 | 4.6613e-310 | 7
78436615386946487 | 57 | 4.6613e-310 | 10
285351 | 19 | 8.21284 | 49
570702 | 20 | 8.21284 | 49
1141405 | 21 | 8.21284 | 49
2282810 | 22 | 8.21284 | 49
4565621 | 23 | 8.21284 | 49
9131243 | 24 | 8.21284 | 49
18262486 | 25 | 8.21284 | 49
36524973 | 26 | 8.21284 | 49
73049946 | 27 | 4.32868 | 22
146099893 | 28 | 4.32868 | 22
292199787 | 29 | 4.32868 | 22
584399574 | 30 | 4.32868 | 22
1168799148 | 31 | 4.32868 | 22
2337598296 | 32 | 4.32868 | 22
4675196593 | 33 | 4.32868 | 22
9350393186 | 34 | 4.32868 | 22
18700786373 | 35 | 4.32868 | 22
37401572747 | 36 | 4.32868 | 22
74803145494 | 37 | 4.32868 | 22
149606290988 | 38 | 2.73593 | 15
299212581976 | 39 | 2.73593 | 15
598425163952 | 40 | 2.73593 | 15
1196850327905 | 41 | 2.73593 | 15
2393700655810 | 42 | 2.73593 | 15
4787401311621 | 43 | 2.73593 | 15
9574802623243 | 44 | 2.73593 | 15
19149605246486 | 45 | 2.73593 | 15
38299210492972 | 46 | 2.73593 | 15
76598420985944 | 47 | 2.73593 | 15
153196841971889 | 48 | 2.73593 | 15
306393683943778 | 49 | 2.73593 | 15
612787367887557 | 50 | 2.73593 | 15
1225574735775114 | 51 | 2.73593 | 15
2451149471550229 | 52 | 2.73593 | 15
4902298943100458 | 53 | 2.73593 | 15
9804597886200916 | 54 | 2.73593 | 15
19609195772401833 | 55 | 2.73593 | 15
39218391544803666 | 56 | 2.73593 | 15
78436783089607332 | 57 | 2.73593 | 15
156873566179214664 | 58 | 2.73593 | 15
313747132358429329 | 59 | 2.73593 | 15
627494264716858659 | 60 | 2.73593 | 15
1254988529433717318 | 61 | 2.73593 | 15
2509977058867434636 | 62 | 2.73593 | 15
5019954117734869272 | 63 | 2.73593 | 15
-8406835838239813072 | 64 | 2.73593 | 15
1633072397229925472 | 65 | 2.73593 | 15
3266144794459850945 | 66 | 2.73593 | 15
6532289588919701890 | 67 | 2.73593 | 15
-5382164895870147836 | 68 | 3.21143e-322 | 2
-5382164895870147835 | 68 | 2.20507 | 13
7682414281969255946 | 69 | 2.20507 | 13
-3081915509771039724 | 70 | 2.20507 | 13
-6163831019542079447 | 71 | 2.20507 | 13
6119082034625392722 | 72 | 2.20507 | 13
-6208580004458766172 | 73 | 2.20507 | 13
6029584064792019272 | 74 | 2.20507 | 13
-6387575944125513072 | 75 | 2.20507 | 13
5671592185458525472 | 76 | 2.20507 | 13
-7103559702792500672 | 77 | 11.4341 | 9
-7103559702792500671 | 77 | 4.6613e-310 | 4
149606290989 | 38 | 4.6613e-310 | 7
73049947 | 27 | 6.00793 | 27
146099894 | 28 | 6.00793 | 27
292199788 | 29 | 6.00793 | 27
584399576 | 30 | 4.6613e-310 | 10
584399577 | 30 | 5.15163 | 17
1168799154 | 31 | 5.15163 | 17
2337598308 | 32 | 5.15163 | 17
4675196616 | 33 | 3.58097 | 16
9350393232 | 34 | 3.58097 | 16
18700786464 | 35 | 3.58097 | 16
37401572929 | 36 | 3.58097 | 16
74803145858 | 37 | 3.58097 | 16
149606291716 | 38 | 3.58097 | 16
299212583433 | 39 | 3.58097 | 16
598425166866 | 40 | 3.58097 | 16
1196850333732 | 41 | 3.58097 | 16
2393700667464 | 42 | 3.58097 | 16
4787401334928 | 43 | 3.58097 | 16
9574802669856 | 44 | 3.58097 | 16
19149605339713 | 45 | 3.58097 | 16
38299210679426 | 46 | 3.58097 | 16
76598421358852 | 47 | 3.58097 | 16
153196842717705 | 48 | 3.58097 | 16
306393685435410 | 49 | 3.58097 | 16
612787370870821 | 50 | 3.58097 | 16
1225574741741643 | 51 | 3.58097 | 16
2451149483483287 | 52 | 3.58097 | 16
4902298966966575 | 53 | 3.58097 | 16
9804597933933151 | 54 | 3.58097 | 16
19609195867866302 | 55 | 3.58097 | 16
39218391735732605 | 56 | 3.58097 | 16
78436783471465210 | 57 | 3.58097 | 16
156873566942930421 | 58 | 3.58097 | 16
313747133885860842 | 59 | 3.58097 | 16
627494267771721684 | 60 | 3.58097 | 16
1254988535543443368 | 61 | 3.58097 | 16
2509977071086886736 | 62 | 3.58097 | 16
5019954142173773472 | 63 | 2.72407 | 15
-8406835789362004672 | 64 | 2.72407 | 15
1633072494985542272 | 65 | 2.72407 | 15
3266144989971084545 | 66 | 2.72407 | 15
6532289979942169090 | 67 | 2.72407 | 15
-5382164113825213436 | 68 | 1.63042e-322 | 7
-5382164113825213435 | 68 | 1.16463 | 8
5019954142173773473 | 63 | 4.6613e-310 | 1
4675196617 | 33 | 4.6613e-310 | 1
1115 | 11 | 16.2351 | 176
2230 | 12 | 16.2351 | 176
4460 | 13 | 16.2351 | 176
8921 | 14 | 16.2351 | 176
17842 | 15 | 11.2047 | 95
35684 | 16 | 11.2047 | 95
71369 | 17 | 11.2047 | 95
142739 | 18 | 11.2047 | 95
285478 | 19 | 11.2047 | 95
570956 | 20 | 11.2047 | 95
1141912 | 21 | 11.2047 | 95
2283825 | 22 | 11.2047 | 95
4567650 | 23 | 11.2047 | 95
9135301 | 24 | 11.2047 | 95
18270603 | 25 | 11.2047 | 95
36541206 | 26 | 11.2047 | 95
73082413 | 27 | 11.2047 | 95
146164827 | 28 | 11.2047 | 95
292329654 | 29 | 11.2047 | 95
584659308 | 30 | 6.8803 | 44
1169318617 | 31 | 6.8803 | 44
2338637235 | 32 | 6.8803 | 44
4677274471 | 33 | 6.8803 | 44
9354548943 | 34 | 6.8803 | 44
18709097886 | 35 | 6.8803 | 44
37418195773 | 36 | 6.8803 | 44
74836391546 | 37 | 6.8803 | 44
149672783093 | 38 | 6.8803 | 44
299345566186 | 39 | 6.8803 | 44
598691132373 | 40 | 6.8803 | 44
1197382264747 | 41 | 6.8803 | 44
2394764529494 | 42 | 2.28483 | 11
4789529058989 | 43 | 2.28483 | 11
9579058117979 | 44 | 2.28483 | 11
19158116235958 | 45 | 2.28483 | 11
38316232471916 | 46 | 2.28483 | 11
76632464943832 | 47 | 0.953135 | 9
76632464943833 | 47 | 0.530794 | 2
2394764529495 | 42 | 5.486 | 33
4789529058991 | 43 | 5.486 | 33
9579058117982 | 44 | 5.486 | 33
19158116235964 | 45 | 4.6613e-310 | 7
19158116235965 | 45 | 5.486 | 26
38316232471930 | 46 | 5.486 | 26
76632464943860 | 47 | 5.486 | 26
153264929887720 | 48 | 5.486 | 26
306529859775441 | 49 | 5.486 | 26
613059719550882 | 50 | 5.486 | 26
1226119439101764 | 51 | 5.486 | 26
2452238878203529 | 52 | 5.486 | 26
4904477756407059 | 53 | 5.486 | 26
9808955512814119 | 54 | 5.486 | 26
19617911025628238 | 55 | 5.486 | 26
39235822051256476 | 56 | 5.486 | 26
78471644102512952 | 57 | 5.486 | 26
156943288205025904 | 58 | 5.486 | 26
313886576410051809 | 59 | 5.486 | 26
627773152820103619 | 60 | 5.486 | 26
1255546305640207238 | 61 | 5.486 | 26
2511092611280414477 | 62 | 5.486 | 26
5022185222560828955 | 63 | 5.486 | 26
-8402373628587893705 | 64 | 5.486 | 26
1641996816533764207 | 65 | 5.486 | 26
3283993633067528415 | 66 | 5.486 | 26
6567987266135056831 | 67 | 5.486 | 26
-5310769541439437954 | 68 | 5.486 | 26
7825204990830675709 | 69 | 5.486 | 26
-2796334092048200197 | 70 | 5.486 | 26
-5592668184096400394 | 71 | 4.42035 | 24
7261407705516750828 | 72 | 4.42035 | 24
-3923928662676049959 | 73 | 4.42035 | 24
-7847857325352099918 | 74 | 4.0998 | 23
2751029423005351780 | 75 | 4.0998 | 23
5502058846010703561 | 76 | 4.0998 | 23
-7442626381688144493 | 77 | 4.0998 | 23
3561491310333262631 | 78 | 4.0998 | 23
7122982620666525262 | 79 | 4.0998 | 23
-4200778832376501092 | 80 | 4.0998 | 23
-8401557664753002183 | 81 | 4.0998 | 23
1643628744203547250 | 82 | 4.0998 | 23
3287257488407094500 | 83 | 4.0998 | 23
6574514976814189000 | 84 | 4.0998 | 23
-5297714120081173615 | 85 | 4.0998 | 23
7851315833547204386 | 86 | 4.0998 | 23
-2744112406615142843 | 87 | 4.0998 | 23
-5488224813230285686 | 88 | 4.0998 | 23
7470294447248980244 | 89 | 4.05141 | 22
-3506155179211591127 | 90 | 4.05141 | 22
-7012310358423182253 | 91 | 4.05141 | 22
4422123356863187110 | 92 | 21.4788 | 6
4422123356863187111 | 92 | 2.89831 | 16
8844246713726374222 | 93 | 2.89831 | 16
-758250646256803171 | 94 | 2.89831 | 16
-1516501292513606342 | 95 | 2.48382 | 15
-3033002585027212683 | 96 | 2.48382 | 15
-6066005170054425365 | 97 | 2.48382 | 15
6314733733600700886 | 98 | 2.48382 | 15
-5817276606508149844 | 99 | 2.48382 | 15
6812190860693251928 | 100 | 2.48382 | 15
-4822362352323047760 | 101 | 0.375824 | 2
-4822362352323047759 | 101 | 2.29663 | 13
8802019369063456099 | 102 | 2.29663 | 13
-842705335582639418 | 103 | 2.29663 | 13
-1685410671165278836 | 104 | 4.6613e-310 | 2
-1685410671165278835 | 104 | 2.25386 | 11
-3370821342330557669 | 105 | 2.25386 | 11
-6741642684661115337 | 106 | 2.25386 | 11
4963458704387320942 | 107 | 2.25386 | 11
-8519826664934909731 | 108 | 2.25386 | 11
1407090743839732154 | 109 | 2.25386 | 11
2814181487679464308 | 110 | 2.25386 | 11
5628362975358928617 | 111 | 2.25386 | 11
-7190018122991694381 | 112 | 2.25386 | 11
4066707827726162854 | 113 | 2.25386 | 11
8133415655452325708 | 114 | 2.25386 | 11
-2179912762804900200 | 115 | 2.25386 | 11
-4359825525609800400 | 116 | 2.25386 | 11
-8719651051219600800 | 117 | 2.25386 | 11
1007441971270350016 | 118 | 2.25386 | 11
2014883942540700032 | 119 | 2.25386 | 11
4029767885081400065 | 120 | 2.25386 | 11
8059535770162800131 | 121 | 2.25386 | 11
-2327672533383951354 | 122 | 2.25386 | 11
-4655345066767902708 | 123 | 2.25386 | 11
9136053940173746201 | 124 | 2.25386 | 11
-174636193362059214 | 125 | 2.25386 | 11
-349272386724118427 | 126 | 2.25386 | 11
-698544773448236853 | 127 | 2.25386 | 11
-1397089546896473706 | 128 | 8.42291 | 1
-1397089546896473705 | 128 | 26.4369 | 10
-1516501292513606341 | 95 | 4.6613e-310 | 1
7470294447248980245 | 89 | 4.6613e-310 | 1
-7847857325352099917 | 74 | 4.6613e-310 | 1
-5592668184096400393 | 71 | 4.6613e-310 | 2
584659309 | 30 | 7.76494 | 51
1169318619 | 31 | 7.76494 | 51
2338637238 | 32 | 7.76494 | 51
4677274477 | 33 | 7.76494 | 51
9354548954 | 34 | 7.76494 | 51
18709097908 | 35 | 4.6613e-310 | 3
18709097909 | 35 | 6.61219 | 48
37418195818 | 36 | 6.61219 | 48
74836391637 | 37 | 6.61219 | 48
149672783274 | 38 | 4.6613e-310 | 6
149672783275 | 38 | 6.21347 | 42
299345566551 | 39 | 6.21347 | 42
598691133102 | 40 | 6.21347 | 42
1197382266204 | 41 | 6.21347 | 42
2394764532409 | 42 | 6.21347 | 42
4789529064818 | 43 | 6.21347 | 42
9579058129636 | 44 | 6.21347 | 42
19158116259273 | 45 | 6.21347 | 42
38316232518546 | 46 | 5.57655 | 36
76632465037092 | 47 | 5.57655 | 36
153264930074184 | 48 | 5.57655 | 36
306529860148369 | 49 | 5.57655 | 36
613059720296739 | 50 | 5.57655 | 36
1226119440593478 | 51 | 5.57655 | 36
2452238881186957 | 52 | 5.57655 | 36
4904477762373914 | 53 | 4.58408 | 32
9808955524747829 | 54 | 4.58408 | 32
19617911049495659 | 55 | 4.58408 | 32
39235822098991319 | 56 | 4.58408 | 32
78471644197982638 | 57 | 2.62547 | 12
156943288395965277 | 58 | 2.62547 | 12
313886576791930554 | 59 | 4.6613e-310 | 7
313886576791930555 | 59 | 4.6613e-310 | 5
78471644197982639 | 57 | 3.24609 | 20
156943288395965278 | 58 | 3.24609 | 20
313886576791930556 | 59 | 2.9447 | 18
627773153583861112 | 60 | 2.9447 | 18
1255546307167722224 | 61 | 2.9447 | 18
2511092614335444448 | 62 | 2.9447 | 18
5022185228670888896 | 63 | 5.45381 | 5
5022185228670888897 | 63 | 2.8878 | 13
-8402373616367773822 | 64 | 2.8878 | 13
1641996840974003972 | 65 | 2.8878 | 13
3283993681948007944 | 66 | 0 | 8
3283993681948007945 | 66 | 4.27713 | 5
313886576791930557 | 59 | 4.6613e-310 | 2
4904477762373915 | 53 | 4.6613e-310 | 4
38316232518547 | 46 | 4.6613e-310 | 6
17843 | 15 | 9.20226 | 81
35687 | 16 | 9.20226 | 81
71375 | 17 | 9.20226 | 81
142750 | 18 | 8.74967 | 20
285501 | 19 | 8.74967 | 20
571003 | 20 | 8.74967 | 20
1142007 | 21 | 8.74967 | 20
2284015 | 22 | 8.74967 | 20
4568030 | 23 | 7.17479 | 18
9136060 | 24 | 7.17479 | 18
18272120 | 25 | 7.17479 | 18
36544240 | 26 | 4.6613e-310 | 10
36544241 | 26 | 4.6613e-310 | 8
4568031 | 23 | 4.6613e-310 | 2
142751 | 18 | 8.93525 | 61
285503 | 19 | 8.93525 | 61
571007 | 20 | 8.93525 | 61
1142014 | 21 | 8.81 | 15
2284028 | 22 | 4.6613e-310 | 5
2284029 | 22 | 4.6613e-310 | 10
1142015 | 21 | 7.99012 | 46
2284030 | 22 | 7.99012 | 46
4568060 | 23 | 7.99012 | 46
9136120 | 24 | 7.99012 | 46
18272240 | 25 | 7.99012 | 46
36544481 | 26 | 7.99012 | 46
73088962 | 27 | 7.99012 | 46
146177925 | 28 | 7.99012 | 46
292355850 | 29 | 7.99012 | 46
584711700 | 30 | 4.6613e-310 | 8
584711701 | 30 | 7.56035 | 38
1169423403 | 31 | 7.56035 | 38
2338846806 | 32 | 3.78702 | 17
4677693613 | 33 | 3.78702 | 17
9355387226 | 34 | 3.78702 | 17
18710774452 | 35 | 4.6613e-310 | 4
18710774453 | 35 | 3.13277 | 13
37421548906 | 36 | 3.13277 | 13
74843097813 | 37 | 3.13277 | 13
149686195626 | 38 | 3.13277 | 13
299372391252 | 39 | 3.13277 | 13
598744782504 | 40 | 3.13277 | 13
1197489565009 | 41 | 3.13277 | 13
2394979130019 | 42 | 3.13277 | 13
4789958260038 | 43 | 3.13277 | 13
9579916520077 | 44 | 3.13277 | 13
19159833040154 | 45 | 3.13277 | 13
38319666080308 | 46 | 3.13277 | 13
76639332160616 | 47 | 3.13277 | 13
153278664321233 | 48 | 3.13277 | 13
306557328642466 | 49 | 3.13277 | 13
613114657284932 | 50 | 3.13277 | 13
1226229314569864 | 51 | 3.13277 | 13
2452458629139729 | 52 | 3.13277 | 13
4904917258279458 | 53 | 4.72796 | 5
4904917258279459 | 53 | 2.23936 | 8
2338846807 | 32 | 4.92633 | 21
4677693614 | 33 | 4.78766 | 17
9355387228 | 34 | 4.78766 | 17
18710774457 | 35 | 4.78766 | 17
37421548914 | 36 | 4.78766 | 17
74843097828 | 37 | 4.78766 | 17
149686195656 | 38 | 3.12866 | 16
299372391312 | 39 | 3.12866 | 16
598744782625 | 40 | 3.12866 | 16
1197489565250 | 41 | 3.12866 | 16
2394979130501 | 42 | 3.12866 | 16
4789958261002 | 43 | 0.00114238 | 4
4789958261003 | 43 | 2.53421 | 12
9579916522007 | 44 | 2.53421 | 12
19159833044014 | 45 | 2.19553 | 11
38319666088029 | 46 | 2.19553 | 11
76639332176058 | 47 | 4.6613e-310 | 5
76639332176059 | 47 | 4.6613e-310 | 6
19159833044015 | 45 | 4.6613e-310 | 1
149686195657 | 38 | 4.6613e-310 | 1
4677693615 | 33 | 4.6613e-310 | 4
279 | 9 | 4.6613e-310 | 3
