ID | Depth | diameter | Number of points
0 | 0 | 29.316 | 1600
0 | 1 | 29.316 | 1600
0 | 2 | 29.316 | 1600
0 | 3 | 29.316 | 1594
1 | 4 | 29.316 | 1594
2 | 5 | 29.316 | 1594
5 | 6 | 29.316 | 1594
10 | 7 | 29.316 | 1594
20 | 8 | 29.316 | 1594
41 | 9 | 29.316 | 1594
82 | 10 | 29.316 | 1594
164 | 11 | 29.316 | 1594
328 | 12 | 4.6613e-310 | 5
329 | 12 | 29.316 | 1589
658 | 13 | 26.9603 | 345
1316 | 14 | 26.8649 | 342
2632 | 15 | 26.8649 | 342
5265 | 16 | 26.8649 | 342
10530 | 17 | 26.7204 | 336
21060 | 18 | 26.7204 | 336
42120 | 19 | 26.7204 | 336
84241 | 20 | 26.7204 | 336
168482 | 21 | 16.7317 | 166
336965 | 22 | 16.7317 | 166
673930 | 23 | 16.7317 | 166
1347860 | 24 | 16.7317 | 166
2695721 | 25 | 16.7317 | 166
5391443 | 26 | 16.7317 | 166
10782886 | 27 | 16.7317 | 166
21565773 | 28 | 16.7317 | 166
43131546 | 29 | 16.3693 | 101
86263092 | 30 | 16.3693 | 101
172526184 | 31 | 11.235 | 40
345052368 | 32 | 11.235 | 26
690104736 | 33 | 11.235 | 26
1380209473 | 34 | 11.235 | 26
2760418946 | 35 | 11.235 | 26
5520837892 | 36 | 11.235 | 26
11041675785 | 37 | 11.235 | 26
22083351570 | 38 | 7.99704 | 11
44166703141 | 39 | 7.99704 | 11
88333406283 | 40 | 7.99704 | 11
176666812566 | 41 | 3.21143e-322 | 1
176666812567 | 41 | 14.3708 | 10
22083351571 | 38 | 5.06653 | 15
44166703143 | 39 | 5.06653 | 15
88333406286 | 40 | 5.06653 | 15
176666812572 | 41 | 5.06653 | 15
353333625144 | 42 | 5.06653 | 15
706667250288 | 43 | 5.06653 | 15
1413334500577 | 44 | 5.06653 | 15
2826669001155 | 45 | 5.06653 | 15
5653338002310 | 46 | 1.22829 | 7
5653338002311 | 46 | 10.7505 | 8
345052369 | 32 | 8.51988 | 14
690104738 | 33 | 8.51988 | 14
1380209476 | 34 | 8.51988 | 14
2760418952 | 35 | 8.51988 | 14
5520837905 | 36 | 8.51988 | 14
11041675810 | 37 | 4.6613e-310 | 1
11041675811 | 37 | 4.50349 | 13
22083351622 | 38 | 4.50349 | 13
44166703245 | 39 | 4.50349 | 13
88333406490 | 40 | 4.50349 | 13
176666812981 | 41 | 4.50349 | 13
353333625963 | 42 | 4.50349 | 13
706667251927 | 43 | 4.50349 | 13
1413334503855 | 44 | 4.50349 | 13
2826669007710 | 45 | 4.50349 | 13
5653338015420 | 46 | 4.50349 | 13
11306676030840 | 47 | 4.50349 | 13
22613352061680 | 48 | 4.50349 | 13
45226704123361 | 49 | 4.50349 | 13
90453408246723 | 50 | 4.50349 | 13
180906816493447 | 51 | 4.50349 | 13
361813632986894 | 52 | 4.50349 | 13
723627265973788 | 53 | 4.50349 | 13
1447254531947577 | 54 | 4.50349 | 13
2894509063895155 | 55 | 4.50349 | 13
5789018127790310 | 56 | 4.50349 | 13
11578036255580620 | 57 | 4.50349 | 13
23156072511161241 | 58 | 4.50349 | 13
46312145022322483 | 59 | 4.50349 | 13
92624290044644966 | 60 | 1.09236 | 10
92624290044644967 | 60 | 1.83108 | 3
172526185 | 31 | 5.11259 | 61
345052371 | 32 | 5.11259 | 61
690104742 | 33 | 5.11259 | 61
1380209485 | 34 | 5.11259 | 61
2760418971 | 35 | 5.11259 | 61
5520837943 | 36 | 5.11259 | 61
11041675887 | 37 | 5.11259 | 61
22083351775 | 38 | 5.11259 | 61
44166703550 | 39 | 5.11259 | 61
88333407100 | 40 | 5.11259 | 61
176666814200 | 41 | 5.11259 | 54
353333628401 | 42 | 5.11259 | 54
706667256802 | 43 | 5.11259 | 54
1413334513604 | 44 | 5.11259 | 54
2826669027208 | 45 | 8.83285 | 1
2826669027209 | 45 | 5.11259 | 53
5653338054418 | 46 | 5.11259 | 53
11306676108836 | 47 | 5.11259 | 53
22613352217673 | 48 | 5.11259 | 53
45226704435346 | 49 | 5.11259 | 53
90453408870692 | 50 | 0.0132024 | 1
90453408870693 | 50 | 5.11259 | 52
180906817741387 | 51 | 5.11259 | 52
361813635482775 | 52 | 5.11259 | 52
723627270965550 | 53 | 5.11259 | 49
1447254541931101 | 54 | 5.11259 | 49
2894509083862202 | 55 | 5.11259 | 49
5789018167724404 | 56 | 5.11259 | 49
11578036335448809 | 57 | 5.11259 | 49
23156072670897618 | 58 | 3.08517 | 19
46312145341795236 | 59 | 3.08517 | 19
92624290683590473 | 60 | 3.08517 | 19
185248581367180946 | 61 | 3.08517 | 19
370497162734361892 | 62 | 1.63042e-322 | 8
370497162734361893 | 62 | 2.1028 | 11
740994325468723786 | 63 | 1.60196 | 8
740994325468723787 | 63 | 1.18221 | 3
23156072670897619 | 58 | 3.39439 | 30
46312145341795238 | 59 | 3.39439 | 30
92624290683590476 | 60 | 3.39439 | 30
185248581367180952 | 61 | 3.39439 | 30
370497162734361904 | 62 | 3.39439 | 30
740994325468723808 | 63 | 3.39439 | 30
1481988650937447617 | 64 | 3.39439 | 30
2963977301874895234 | 65 | 3.39439 | 30
5927954603749790469 | 66 | 3.39439 | 30
-6590834866209970678 | 67 | 3.12779 | 26
5265074341289610260 | 68 | 3.12779 | 26
-7916595391130331095 | 69 | 3.12779 | 26
2613553291448889426 | 70 | 4.6613e-310 | 2
2613553291448889427 | 70 | 2.8079 | 24
5227106582897778855 | 71 | 2.8079 | 24
-7992530907913993905 | 72 | 2.8079 | 24
2461682257881563806 | 73 | 2.8079 | 24
4923364515763127612 | 74 | 10.7029 | 2
4923364515763127613 | 74 | 2.32523 | 22
-8600015042183296390 | 75 | 2.32523 | 22
1246713989342958836 | 76 | 5.58294e-322 | 4
1246713989342958837 | 76 | 2.15613 | 18
2493427978685917674 | 77 | 2.15613 | 18
4986855957371835349 | 78 | 2.15613 | 18
-8473032158965880918 | 79 | 2.15613 | 18
1500679755777789780 | 80 | 2.15613 | 18
3001359511555579560 | 81 | 2.15613 | 18
6002719023111159120 | 82 | 2.15613 | 18
-6441306027487233376 | 83 | 2.15613 | 18
5564132018735084865 | 84 | 2.15613 | 18
-7318480036239381886 | 85 | 2.15613 | 18
3809784001230787845 | 86 | 2.15613 | 18
7619568002461575691 | 87 | 2.15613 | 18
-3207608068786400233 | 88 | 2.15613 | 18
-6415216137572800466 | 89 | 2.15613 | 18
5616311798563950684 | 90 | 2.15613 | 18
-7214120476581650248 | 91 | 2.15613 | 18
4018503120546251120 | 92 | 21.5964 | 1
4018503120546251121 | 92 | 1.8614 | 17
8037006241092502242 | 93 | 1.8614 | 17
-2372731591524547132 | 94 | 5.85748 | 4
-2372731591524547131 | 94 | 1.51204 | 13
-4745463183049094262 | 95 | 0.609611 | 3
-4745463183049094261 | 95 | 4.6613e-310 | 10
-6590834866209970677 | 67 | 4.6613e-310 | 4
723627270965551 | 53 | 4.6613e-310 | 3
176666814201 | 41 | 4.6613e-310 | 7
43131547 | 29 | 13.1888 | 65
86263094 | 30 | 4.6613e-310 | 4
86263095 | 30 | 13.1888 | 61
172526190 | 31 | 13.1888 | 61
345052381 | 32 | 13.1888 | 61
690104763 | 33 | 13.1888 | 61
1380209526 | 34 | 13.1888 | 61
2760419053 | 35 | 13.1888 | 61
5520838106 | 36 | 13.1888 | 61
11041676213 | 37 | 13.1888 | 61
22083352427 | 38 | 13.1888 | 61
44166704855 | 39 | 13.1888 | 61
88333409710 | 40 | 13.1888 | 61
176666819420 | 41 | 13.1888 | 61
353333638840 | 42 | 13.1888 | 61
706667277681 | 43 | 13.1888 | 61
1413334555362 | 44 | 13.1888 | 61
2826669110724 | 45 | 13.1888 | 61
5653338221448 | 46 | 13.1888 | 61
11306676442896 | 47 | 13.1888 | 61
22613352885792 | 48 | 13.1888 | 55
45226705771585 | 49 | 13.1888 | 55
90453411543171 | 50 | 13.1888 | 55
180906823086342 | 51 | 13.1888 | 55
361813646172685 | 52 | 13.1888 | 55
723627292345370 | 53 | 13.1888 | 55
1447254584690741 | 54 | 13.1888 | 55
2894509169381482 | 55 | 13.1888 | 55
5789018338762965 | 56 | 13.1888 | 55
11578036677525930 | 57 | 13.1888 | 55
23156073355051860 | 58 | 13.1888 | 55
46312146710103720 | 59 | 13.1888 | 55
92624293420207441 | 60 | 13.1888 | 55
185248586840414883 | 61 | 13.1888 | 55
370497173680829767 | 62 | 13.1888 | 55
740994347361659535 | 63 | 13.1888 | 55
1481988694723319070 | 64 | 6.95061e-310 | 2
1481988694723319071 | 64 | 5.20119 | 53
2963977389446638143 | 65 | 5.20119 | 53
5927954778893276286 | 66 | 5.20119 | 53
-6590834515922999043 | 67 | 5.20119 | 53
5265075041863553531 | 68 | 5.20119 | 53
-7916593989982444553 | 69 | 5.20119 | 53
2613556093744662511 | 70 | 5.20119 | 53
5227112187489325023 | 71 | 5.20119 | 53
-7992519698730901570 | 72 | 5.20119 | 53
2461704676247748477 | 73 | 5.20119 | 53
4923409352495496955 | 74 | 5.20119 | 53
-8599925368718557706 | 75 | 5.20119 | 53
1246893336272436204 | 76 | 5.20119 | 53
2493786672544872409 | 77 | 5.20119 | 53
4987573345089744819 | 78 | 5.20119 | 53
-8471597383530061977 | 79 | 5.20119 | 53
1503549306649427663 | 80 | 5.20119 | 53
3007098613298855326 | 81 | 4.6613e-310 | 2
3007098613298855327 | 81 | 5.20119 | 51
6014197226597710654 | 82 | 5.20119 | 51
-6418349620514130307 | 83 | 5.20119 | 51
5610044832681291002 | 84 | 5.20119 | 51
-7226654408346969611 | 85 | 5.20119 | 51
3993435257015612395 | 86 | 5.20119 | 51
7986870514031224791 | 87 | 5.20119 | 51
-2473003045647102033 | 88 | 5.20119 | 51
-4946006091294204066 | 89 | 5.20119 | 51
8554731891121143484 | 90 | 5.20119 | 51
-1337280291467264647 | 91 | 5.20119 | 51
-2674560582934529293 | 92 | 5.20119 | 51
-5349121165869058586 | 93 | 1.63042e-322 | 5
-5349121165869058585 | 93 | 5.20119 | 46
7748501741971434446 | 94 | 4.83221 | 44
-2949740589766682724 | 95 | 7.95446e-322 | 6
-2949740589766682723 | 95 | 4.48908 | 38
-5899481179533365446 | 96 | 4.48908 | 38
6647781714642820725 | 97 | 4.48908 | 38
-5151180644423910166 | 98 | 4.48908 | 38
8144382784861731285 | 99 | 4.48908 | 38
-2157978503986089045 | 100 | 4.48908 | 38
-4315957007972178090 | 101 | 4.48908 | 38
-8631914015944356180 | 102 | 4.48908 | 38
1182916041820839257 | 103 | 4.48908 | 38
2365832083641678515 | 104 | 4.48908 | 38
4731664167283357030 | 105 | 4.48908 | 38
-8983415739142837556 | 106 | 4.48908 | 38
479912595423876504 | 107 | 4.48908 | 38
959825190847753009 | 108 | 4.48908 | 38
1919650381695506018 | 109 | 4.48908 | 38
3839300763391012037 | 110 | 4.48908 | 38
7678601526782024075 | 111 | 4.48908 | 38
-3089541020145503465 | 112 | 4.48908 | 38
-6179082040291006929 | 113 | 4.48908 | 38
6088579993127537758 | 114 | 4.48908 | 38
-6269584087454476099 | 115 | 4.48908 | 38
5907575898800599418 | 116 | 10.098 | 1
5907575898800599419 | 116 | 4.48908 | 37
-6631592276108352778 | 117 | 4.48908 | 37
5183559521492846060 | 118 | 1.96677 | 13
-8079625030723859496 | 119 | 1.96677 | 13
2287494012261832624 | 120 | 1.96677 | 13
4574988024523665248 | 121 | 0.677268 | 4
4574988024523665249 | 121 | 14.6853 | 9
5183559521492846061 | 118 | 2.99743 | 24
-8079625030723859494 | 119 | 2.99743 | 24
2287494012261832628 | 120 | 2.99743 | 24
4574988024523665256 | 121 | 2.99743 | 24
9149976049047330512 | 122 | 2.99743 | 24
-146791975614890591 | 123 | 2.99743 | 24
-293583951229781182 | 124 | 2.99743 | 24
-587167902459562364 | 125 | 2.99743 | 24
-1174335804919124727 | 126 | 2.99743 | 24
-2348671609838249454 | 127 | 2.99743 | 24
-4697343219676498907 | 128 | 2.99743 | 24
9052057634356553802 | 129 | 2.99743 | 24
-342628804996444012 | 130 | 2.2697 | 16
-685257609992888023 | 131 | 2.2697 | 16
-1370515219985776045 | 132 | 2.2697 | 16
-2741030439971552090 | 133 | 0.093308 | 9
-2741030439971552089 | 133 | 3.12996 | 7
-342628804996444011 | 130 | 4.6613e-310 | 8
7748501741971434447 | 94 | 4.6613e-310 | 2
22613352885793 | 48 | 4.6613e-310 | 6
168483 | 21 | 21.6941 | 170
336966 | 22 | 21.6941 | 170
673932 | 23 | 21.6941 | 170
1347864 | 24 | 21.6941 | 170
2695728 | 25 | 21.6941 | 170
5391457 | 26 | 21.6941 | 170
10782915 | 27 | 21.6941 | 170
21565830 | 28 | 21.6941 | 170
43131661 | 29 | 21.6941 | 170
86263322 | 30 | 21.6941 | 170
172526645 | 31 | 21.6941 | 170
345053290 | 32 | 17.4449 | 149
690106580 | 33 | 17.4449 | 149
1380213160 | 34 | 17.4449 | 149
2760426321 | 35 | 17.4449 | 149
5520852642 | 36 | 17.4449 | 149
11041705285 | 37 | 17.4449 | 149
22083410571 | 38 | 17.4449 | 149
44166821142 | 39 | 17.4449 | 149
88333642284 | 40 | 17.4449 | 149
176667284568 | 41 | 17.4449 | 149
353334569136 | 42 | 17.4449 | 149
706669138272 | 43 | 17.4449 | 149
1413338276544 | 44 | 16.3062 | 134
2826676553089 | 45 | 16.3062 | 134
5653353106178 | 46 | 16.3062 | 134
11306706212356 | 47 | 16.3062 | 134
22613412424712 | 48 | 16.3062 | 134
45226824849425 | 49 | 16.3062 | 134
90453649698851 | 50 | 16.3062 | 134
180907299397702 | 51 | 16.3062 | 134
361814598795404 | 52 | 16.3062 | 134
723629197590809 | 53 | 16.3062 | 134
1447258395181618 | 54 | 16.3062 | 134
2894516790363237 | 55 | 16.3062 | 134
5789033580726474 | 56 | 16.3062 | 134
11578067161452948 | 57 | 16.3062 | 134
23156134322905896 | 58 | 7.77996 | 15
46312268645811792 | 59 | 7.77996 | 15
92624537291623584 | 60 | 7.77996 | 15
185249074583247169 | 61 | 7.77996 | 15
370498149166494338 | 62 | 7.77996 | 15
740996298332988676 | 63 | 1.58101e-322 | 10
740996298332988677 | 63 | 1.58101e-322 | 5
23156134322905897 | 58 | 13.0266 | 119
46312268645811794 | 59 | 13.0266 | 119
92624537291623588 | 60 | 13.0266 | 119
185249074583247176 | 61 | 13.0266 | 119
370498149166494352 | 62 | 13.0266 | 116
740996298332988704 | 63 | 13.0266 | 116
1481992596665977408 | 64 | 13.0266 | 116
2963985193331954817 | 65 | 13.0266 | 116
5927970386663909634 | 66 | 13.0266 | 116
-6590803300381732348 | 67 | 13.0266 | 116
5265137472946086921 | 68 | 13.0266 | 116
-7916469127817377773 | 69 | 13.0266 | 116
2613805818074796071 | 70 | 13.0266 | 116
5227611636149592143 | 71 | 13.0266 | 116
-7991520801410367330 | 72 | 13.0266 | 116
2463702470888816957 | 73 | 13.0266 | 116
4927404941777633915 | 74 | 13.0266 | 116
-8591934190154283785 | 75 | 13.0266 | 116
1262875693400984047 | 76 | 13.0266 | 116
2525751386801968095 | 77 | 13.0266 | 116
5051502773603936190 | 78 | 13.0266 | 116
-8343738526501679235 | 79 | 13.0266 | 116
1759267020706193146 | 80 | 13.0266 | 116
3518534041412386293 | 81 | 13.0266 | 116
7037068082824772586 | 82 | 13.0266 | 116
-4372607908060006444 | 83 | 13.0266 | 116
-8745215816120012888 | 84 | 10.7411 | 49
956312441469525840 | 85 | 10.7411 | 49
1912624882939051680 | 86 | 10.7411 | 49
3825249765878103360 | 87 | 10.7411 | 49
7650499531756206720 | 88 | 10.7411 | 49
-3145745010197138175 | 89 | 10.7411 | 49
-6291490020394276350 | 90 | 10.7411 | 49
5863764032920998917 | 91 | 10.7411 | 49
-6719216007867553781 | 92 | 10.7411 | 49
5008312057974444055 | 93 | 10.7411 | 49
-8430119957760663506 | 94 | 10.7411 | 49
1586504158188224605 | 95 | 10.7411 | 49
3173008316376449210 | 96 | 54.3684 | 7
3173008316376449211 | 96 | 10.7411 | 42
6346016632752898422 | 97 | 8.49536 | 31
-5754710808203754772 | 98 | 8.49536 | 31
6937322457302042072 | 99 | 8.49536 | 31
-4572099159105467472 | 100 | 8.49536 | 31
-9144198318210934944 | 101 | 8.49536 | 31
158347437287681728 | 102 | 8.49536 | 31
316694874575363456 | 103 | 8.49536 | 31
633389749150726912 | 104 | 8.49536 | 31
1266779498301453825 | 105 | 8.49536 | 31
2533558996602907650 | 106 | 8.49536 | 31
5067117993205815301 | 107 | 8.49536 | 31
-8312508087297921013 | 108 | 8.49536 | 31
1821727899113709590 | 109 | 8.49536 | 31
3643455798227419181 | 110 | 8.49536 | 31
7286911596454838363 | 111 | 8.49536 | 31
-3872920880799874890 | 112 | 8.49536 | 31
-7745841761599749779 | 113 | 8.49536 | 31
2955060550510052058 | 114 | 8.49536 | 31
5910121101020104117 | 115 | 8.49536 | 31
-6626501871669343382 | 116 | 8.49536 | 31
5193740330370864852 | 117 | 8.28798 | 20
-8059263412967821912 | 118 | 8.28798 | 20
2328217247773907793 | 119 | 8.28798 | 20
4656434495547815586 | 120 | 8.28798 | 20
-9133875082613920444 | 121 | 4.18151 | 13
178993908481710728 | 122 | 3.22478 | 12
357987816963421456 | 123 | 3.22478 | 12
715975633926842912 | 124 | 3.22478 | 12
1431951267853685824 | 125 | 20.9808 | 7
1431951267853685825 | 125 | 52.5947 | 5
178993908481710729 | 122 | 4.6613e-310 | 1
-9133875082613920443 | 121 | 4.6613e-310 | 7
5193740330370864853 | 117 | 4.84923 | 11
-8059263412967821910 | 118 | 4.84923 | 11
2328217247773907797 | 119 | 4.84923 | 11
4656434495547815595 | 120 | 4.84923 | 11
-9133875082613920426 | 121 | 48.6979 | 10
-9133875082613920425 | 121 | 28.0134 | 1
6346016632752898423 | 97 | 9.54992 | 11
-5754710808203754770 | 98 | 9.54992 | 11
6937322457302042076 | 99 | 9.54992 | 11
-4572099159105467464 | 100 | 4.6613e-310 | 6
-4572099159105467463 | 100 | 4.6613e-310 | 5
-8745215816120012887 | 84 | 12.0381 | 67
956312441469525842 | 85 | 12.0381 | 67
1912624882939051684 | 86 | 12.0381 | 67
3825249765878103368 | 87 | 12.0381 | 14
7650499531756206736 | 88 | 12.0381 | 14
-3145745010197138144 | 89 | 12.0381 | 14
-6291490020394276288 | 90 | 22.7349 | 7
-6291490020394276287 | 90 | 0.197329 | 7
3825249765878103369 | 87 | 8.55206 | 53
7650499531756206738 | 88 | 8.55206 | 53
-3145745010197138139 | 89 | 8.55206 | 53
-6291490020394276278 | 90 | 8.55206 | 53
5863764032920999061 | 91 | 8.55206 | 53
-6719216007867553493 | 92 | 8.55206 | 53
5008312057974444630 | 93 | 8.55206 | 53
-8430119957760662356 | 94 | 8.55206 | 53
1586504158188226905 | 95 | 8.55206 | 53
3173008316376453810 | 96 | 4.6613e-310 | 2
3173008316376453811 | 96 | 8.55206 | 51
6346016632752907623 | 97 | 8.55206 | 51
-5754710808203736369 | 98 | 8.55206 | 51
6937322457302078878 | 99 | 8.55206 | 51
-4572099159105393859 | 100 | 8.55206 | 51
-9144198318210787718 | 101 | 8.55206 | 51
158347437287976181 | 102 | 8.55206 | 51
316694874575952362 | 103 | 8.55206 | 51
633389749151904724 | 104 | 8.55206 | 51
1266779498303809448 | 105 | 8.55206 | 51
2533558996607618896 | 106 | 8.55206 | 51
5067117993215237792 | 107 | 8.55206 | 51
-8312508087279076031 | 108 | 8.55206 | 51
1821727899151399554 | 109 | 3.53041 | 16
3643455798302799108 | 110 | 3.53041 | 16
7286911596605598216 | 111 | 3.53041 | 16
-3872920880498355184 | 112 | 3.53041 | 16
-7745841760996710368 | 113 | 0 | 7
-7745841760996710367 | 113 | 3.18342 | 9
1821727899151399555 | 109 | 5.20773 | 35
3643455798302799110 | 110 | 5.20773 | 35
7286911596605598220 | 111 | 1.63042e-322 | 1
7286911596605598221 | 111 | 5.20773 | 34
-3872920880498355173 | 112 | 5.20773 | 34
-7745841760996710346 | 113 | 1.8901 | 7
-7745841760996710345 | 113 | 4.52279 | 27
2955060551716130926 | 114 | 4.52279 | 27
5910121103432261853 | 115 | 4.52279 | 27
-6626501866845027910 | 116 | 4.52279 | 27
5193740340019495796 | 117 | 4.52279 | 27
-8059263393670560023 | 118 | 4.52279 | 27
2328217286368431571 | 119 | 4.52279 | 27
4656434572736863143 | 120 | 4.52279 | 27
-9133874928235825329 | 121 | 4.52279 | 27
178994217237900959 | 122 | 4.52279 | 27
357988434475801918 | 123 | 4.52279 | 27
715976868951603837 | 124 | 4.52279 | 27
1431953737903207674 | 125 | 4.52279 | 27
2863907475806415348 | 126 | 4.52279 | 23
5727814951612830696 | 127 | 2.20399 | 11
-6991114170483890224 | 128 | 10.244 | 10
-6991114170483890223 | 128 | 2.63438 | 1
5727814951612830697 | 127 | 1.47196 | 12
-6991114170483890222 | 128 | 1.47196 | 12
4464515732741771173 | 129 | 1.47196 | 12
8929031465483542347 | 130 | 1.47196 | 12
-588681142742466922 | 131 | 1.47196 | 12
-1177362285484933843 | 132 | 1.47196 | 12
-2354724570969867685 | 133 | 1.47196 | 12
-4709449141939735370 | 134 | 1.47196 | 12
9027845789830080876 | 135 | 1.47196 | 12
-391052494049389864 | 136 | 1.47196 | 12
-782104988098779728 | 137 | 1.47196 | 12
-1564209976197559456 | 138 | 1.47196 | 12
-3128419952395118911 | 139 | 1.47196 | 12
-6256839904790237822 | 140 | 1.47196 | 12
5933064264129075973 | 141 | 1.47196 | 12
-6580615545451399670 | 142 | 84.3891 | 10
-6580615545451399669 | 142 | 8.21282 | 2
2863907475806415349 | 126 | 4.6613e-310 | 4
370498149166494353 | 62 | 4.6613e-310 | 3
1413338276545 | 44 | 6.62793 | 15
2826676553091 | 45 | 6.62793 | 15
5653353106183 | 46 | 6.62793 | 15
11306706212366 | 47 | 6.62793 | 15
22613412424732 | 48 | 6.62793 | 15
45226824849464 | 49 | 6.62793 | 15
90453649698928 | 50 | 6.62793 | 15
180907299397856 | 51 | 6.62793 | 15
361814598795712 | 52 | 6.62793 | 15
723629197591424 | 53 | 6.62793 | 15
1447258395182848 | 54 | 4.6613e-310 | 2
1447258395182849 | 54 | 4.43745 | 13
2894516790365698 | 55 | 4.43745 | 13
5789033580731397 | 56 | 4.43745 | 13
11578067161462795 | 57 | 4.43745 | 13
23156134322925591 | 58 | 4.43745 | 13
46312268645851182 | 59 | 4.43745 | 13
92624537291702364 | 60 | 4.43745 | 13
185249074583404729 | 61 | 4.43745 | 13
370498149166809459 | 62 | 4.43745 | 13
740996298333618919 | 63 | 4.43745 | 13
1481992596667237839 | 64 | 4.43745 | 13
2963985193334475678 | 65 | 4.6613e-310 | 5
2963985193334475679 | 65 | 4.6613e-310 | 8
345053291 | 32 | 12.4035 | 21
690106583 | 33 | 12.4035 | 21
1380213167 | 34 | 12.4035 | 21
2760426335 | 35 | 12.4035 | 21
5520852670 | 36 | 12.4035 | 21
11041705340 | 37 | 12.4035 | 21
22083410681 | 38 | 12.4035 | 21
44166821363 | 39 | 12.4035 | 21
88333642726 | 40 | 7.59618 | 16
176667285453 | 41 | 7.59618 | 16
353334570906 | 42 | 7.59618 | 16
706669141812 | 43 | 7.59618 | 16
1413338283625 | 44 | 7.59618 | 16
2826676567250 | 45 | 6.09553 | 15
5653353134500 | 46 | 5.04035 | 12
11306706269000 | 47 | 5.04035 | 12
22613412538000 | 48 | 4.6613e-310 | 10
22613412538001 | 48 | 4.6613e-310 | 2
5653353134501 | 46 | 4.6613e-310 | 3
2826676567251 | 45 | 4.6613e-310 | 1
88333642727 | 40 | 4.6613e-310 | 5
10531 | 17 | 4.6613e-310 | 6
1317 | 14 | 4.6613e-310 | 3
659 | 13 | 27.0659 | 1244
1318 | 14 | 26.4925 | 1221
2636 | 15 | 26.4925 | 1221
5272 | 16 | 26.4925 | 1156
10545 | 17 | 26.4925 | 1156
21090 | 18 | 26.038 | 1087
42180 | 19 | 26.038 | 1087
84361 | 20 | 26.038 | 1087
168722 | 21 | 26.038 | 1087
337444 | 22 | 26.038 | 1087
674888 | 23 | 26.038 | 1087
1349776 | 24 | 26.038 | 1087
2699552 | 25 | 26.038 | 1087
5399105 | 26 | 26.038 | 1087
10798211 | 27 | 26.038 | 1087
21596423 | 28 | 26.038 | 1087
43192847 | 29 | 26.038 | 1087
86385695 | 30 | 26.038 | 1087
172771390 | 31 | 26.038 | 879
345542781 | 32 | 26.038 | 879
691085563 | 33 | 26.038 | 879
1382171126 | 34 | 26.038 | 879
2764342252 | 35 | 8.40745 | 71
5528684504 | 36 | 8.40745 | 71
11057369008 | 37 | 8.40745 | 71
22114738017 | 38 | 8.40745 | 71
44229476035 | 39 | 8.40745 | 71
88458952071 | 40 | 8.40745 | 71
176917904142 | 41 | 8.40745 | 71
353835808284 | 42 | 8.40745 | 71
707671616569 | 43 | 8.40745 | 71
1415343233139 | 44 | 8.40745 | 71
2830686466278 | 45 | 3.48403 | 1
2830686466279 | 45 | 7.7874 | 70
5661372932558 | 46 | 7.7874 | 70
11322745865116 | 47 | 7.7874 | 70
22645491730232 | 48 | 2.06025e-321 | 5
22645491730233 | 48 | 7.11864 | 65
45290983460466 | 49 | 5.3396 | 54
90581966920932 | 50 | 5.3396 | 54
181163933841864 | 51 | 5.3396 | 54
362327867683728 | 52 | 0.552394 | 7
362327867683729 | 52 | 4.83755 | 47
724655735367458 | 53 | 5.5251 | 2
724655735367459 | 53 | 4.83755 | 45
1449311470734918 | 54 | 4.83755 | 45
2898622941469837 | 55 | 4.83755 | 45
5797245882939675 | 56 | 4.83755 | 45
11594491765879350 | 57 | 4.83755 | 45
23188983531758700 | 58 | 4.6613e-310 | 10
23188983531758701 | 58 | 3.87004 | 35
46377967063517402 | 59 | 3.10513 | 15
92755934127034804 | 60 | 3.10513 | 15
185511868254069608 | 61 | 5.69547 | 10
185511868254069609 | 61 | 5.54551 | 5
46377967063517403 | 59 | 3.80654 | 20
92755934127034807 | 60 | 3.80654 | 20
185511868254069614 | 61 | 3.80654 | 20
371023736508139228 | 62 | 3.80654 | 20
742047473016278456 | 63 | 3.80654 | 20
1484094946032556912 | 64 | 14.4898 | 2
1484094946032556913 | 64 | 3.36157 | 18
2968189892065113827 | 65 | 3.36157 | 18
5936379784130227655 | 66 | 3.36157 | 18
-6573984505449096306 | 67 | 2.82059 | 12
5298775062811359005 | 68 | 2.82059 | 12
-7849193948086833606 | 69 | 0.271232 | 6
-7849193948086833605 | 69 | 0.339438 | 6
-6573984505449096305 | 67 | 4.6613e-310 | 6
45290983460467 | 49 | 1.68283 | 11
90581966920935 | 50 | 1.68283 | 11
181163933841871 | 51 | 1.68283 | 11
362327867683742 | 52 | 4.6613e-310 | 8
362327867683743 | 52 | 4.6613e-310 | 3
2764342253 | 35 | 25.9923 | 808
5528684506 | 36 | 25.9923 | 808
11057369012 | 37 | 25.9923 | 808
22114738024 | 38 | 23.6627 | 642
44229476048 | 39 | 23.6627 | 642
88458952097 | 40 | 23.6627 | 642
176917904195 | 41 | 23.6627 | 642
353835808390 | 42 | 10.3685 | 169
707671616780 | 43 | 10.3685 | 159
1415343233560 | 44 | 9.32709 | 97
2830686467120 | 45 | 9.32709 | 97
5661372934241 | 46 | 9.32709 | 97
11322745868482 | 47 | 9.32709 | 97
22645491736965 | 48 | 9.32709 | 97
45290983473930 | 49 | 9.32709 | 97
90581966947861 | 50 | 9.32709 | 97
181163933895722 | 51 | 9.32709 | 97
362327867791444 | 52 | 9.32709 | 97
724655735582888 | 53 | 9.32709 | 97
1449311471165776 | 54 | 9.32709 | 97
2898622942331552 | 55 | 9.32709 | 97
5797245884663104 | 56 | 0 | 5
5797245884663105 | 56 | 9.32709 | 92
11594491769326211 | 57 | 9.32709 | 92
23188983538652423 | 58 | 9.32709 | 92
46377967077304846 | 59 | 9.32709 | 92
92755934154609692 | 60 | 9.32709 | 92
185511868309219384 | 61 | 7.01813 | 91
371023736618438768 | 62 | 7.01813 | 91
742047473236877537 | 63 | 7.01813 | 91
1484094946473755074 | 64 | 7.01813 | 91
2968189892947510149 | 65 | 7.01813 | 91
5936379785895020298 | 66 | 7.01813 | 91
-6573984501919511020 | 67 | 7.01813 | 91
5298775069870529576 | 68 | 7.01813 | 91
-7849193933968492463 | 69 | 7.01813 | 91
2748356205772566691 | 70 | 7.01813 | 91
5496712411545133382 | 71 | 7.01813 | 91
-7453319250619284851 | 72 | 7.01813 | 91
3540105572470981914 | 73 | 7.01813 | 91
7080211144941963829 | 74 | 7.01813 | 91
-4286321783825623958 | 75 | 7.01813 | 91
-8572643567651247916 | 76 | 7.01813 | 91
1301456938407055784 | 77 | 7.01813 | 91
2602913876814111568 | 78 | 7.01813 | 91
5205827753628223136 | 79 | 7.01813 | 91
-8035088566453105344 | 80 | 7.01813 | 91
2376566940803340929 | 81 | 7.01813 | 91
4753133881606681859 | 82 | 7.01813 | 91
-8940476310496187897 | 83 | 7.01813 | 91
565791452717175822 | 84 | 7.01813 | 91
1131582905434351644 | 85 | 7.01813 | 91
2263165810868703289 | 86 | 7.01813 | 91
4526331621737406579 | 87 | 7.01813 | 91
9052663243474813159 | 88 | 7.01813 | 91
-341417586759925297 | 89 | 7.01813 | 91
-682835173519850594 | 90 | 7.01813 | 91
-1365670347039701188 | 91 | 7.01813 | 91
-2731340694079402376 | 92 | 7.01813 | 91
-5462681388158804752 | 93 | 7.01813 | 91
7521381297391942113 | 94 | 7.01813 | 91
-3403981478925667390 | 95 | 7.01813 | 91
-6807962957851334780 | 96 | 7.01813 | 91
4830818158006882056 | 97 | 7.01813 | 91
-8785107757695787503 | 98 | 7.01813 | 91
876528558317976610 | 99 | 3.54193 | 11
1753057116635953220 | 100 | 3.54193 | 11
3506114233271906440 | 101 | 3.54193 | 11
7012228466543812881 | 102 | 3.54193 | 11
-4422287140621925853 | 103 | 3.54193 | 11
-8844574281243851705 | 104 | 3.54193 | 11
757595511221848206 | 105 | 14.4516 | 1
757595511221848207 | 105 | 2.69266e-321 | 10
876528558317976611 | 99 | 5.26443 | 80
1753057116635953223 | 100 | 5.26443 | 80
3506114233271906446 | 101 | 5.26443 | 80
7012228466543812893 | 102 | 5.26443 | 80
-4422287140621925830 | 103 | 5.26443 | 80
-8844574281243851660 | 104 | 5.26443 | 80
757595511221848296 | 105 | 5.26443 | 80
1515191022443696592 | 106 | 5.26443 | 80
3030382044887393184 | 107 | 5.26443 | 80
6060764089774786368 | 108 | 5.26443 | 80
-6325215894159978880 | 109 | 5.26443 | 80
5796312285389593856 | 110 | 5.26443 | 80
-6854119502930363904 | 111 | 5.26443 | 80
4738505067848823809 | 112 | 5.26443 | 80
-8969733938011903997 | 113 | 5.26443 | 80
507276197685743623 | 114 | 5.26443 | 80
1014552395371487247 | 115 | 5.26443 | 80
2029104790742974494 | 116 | 5.26443 | 80
4058209581485948988 | 117 | 5.26443 | 80
8116419162971897976 | 118 | 5.26443 | 80
-2213905747765755664 | 119 | 5.26443 | 80
-4427811495531511328 | 120 | 6.95061e-310 | 2
-4427811495531511327 | 120 | 5.26443 | 78
-8855622991063022654 | 121 | 5.26443 | 78
735498091583506308 | 122 | 5.26443 | 78
1470996183167012616 | 123 | 5.26443 | 78
2941992366334025233 | 124 | 5.26443 | 78
5883984732668050466 | 125 | 5.26443 | 78
-6678774608373450683 | 126 | 5.26443 | 78
5089194856962650251 | 127 | 5.26443 | 78
-8268354359784251114 | 128 | 5.26443 | 78
1910035354141049388 | 129 | 5.26443 | 78
3820070708282098776 | 130 | 3.33538 | 42
7640141416564197553 | 131 | 3.33538 | 42
-3166461240581156510 | 132 | 2.76589 | 39
-6332922481162313020 | 133 | 2.76589 | 25
5780899111384925576 | 134 | 2.76589 | 25
-6884945850939700463 | 135 | 2.76589 | 25
4676852371830150691 | 136 | 2.76589 | 25
-9093039330049250234 | 137 | 2.76589 | 25
260665413611051149 | 138 | 2.76589 | 25
521330827222102298 | 139 | 2.76589 | 25
1042661654444204596 | 140 | 2.76589 | 25
2085323308888409193 | 141 | 2.76589 | 25
4170646617776818386 | 142 | 2.76589 | 25
8341293235553636772 | 143 | 2.76589 | 25
-1764157602602278071 | 144 | 2.76589 | 25
-3528315205204556142 | 145 | 2.76589 | 25
-7056630410409112284 | 146 | 2.76589 | 25
4333483252891327049 | 147 | 2.76589 | 25
8666966505782654098 | 148 | 2.76589 | 25
-1112811062144243420 | 149 | 2.76589 | 25
-2225622124288486839 | 150 | 2.76589 | 25
-4451244248576973677 | 151 | 2.76589 | 25
-8902488497153947353 | 152 | 2.76589 | 25
641767079401656910 | 153 | 2.76589 | 25
1283534158803313820 | 154 | 2.76589 | 25
2567068317606627641 | 155 | 2.76589 | 25
5134136635213255282 | 156 | 2.23054 | 18
-8178470803283041051 | 157 | 2.23054 | 18
2089802467143469515 | 158 | 2.23054 | 18
4179604934286939031 | 159 | 2.23054 | 18
8359209868573878062 | 160 | 2.23054 | 18
-1728324336561795492 | 161 | 2.23054 | 18
-3456648673123590983 | 162 | 2.23054 | 18
-6913297346247181965 | 163 | 2.23054 | 18
4620149381215187686 | 164 | 1.38783 | 1
4620149381215187687 | 164 | 2.09656 | 17
-9206445311279176241 | 165 | 2.09656 | 17
33853451151199134 | 166 | 1.70365 | 15
67706902302398268 | 167 | 0 | 3
67706902302398269 | 167 | 1.70365 | 12
135413804604796539 | 168 | 1.70365 | 12
270827609209593078 | 169 | 1.70365 | 12
541655218419186157 | 170 | 1.70365 | 12
1083310436838372314 | 171 | 1.70365 | 12
2166620873676744628 | 172 | 1.70365 | 12
4333241747353489257 | 173 | 1.70365 | 12
8666483494706978514 | 174 | 1.70365 | 12
-1113777084295594587 | 175 | 1.70365 | 12
-2227554168591189173 | 176 | 1.70365 | 12
-4455108337182378346 | 177 | 0 | 4
-4455108337182378345 | 177 | 0 | 8
33853451151199135 | 166 | 4.6613e-310 | 2
5134136635213255283 | 156 | 4.6613e-310 | 7
-6332922481162313019 | 133 | 2.47681 | 14
5780899111384925579 | 134 | 2.47681 | 14
-6884945850939700458 | 135 | 2.47681 | 14
4676852371830150701 | 136 | 2.47681 | 14
-9093039330049250214 | 137 | 1.97535 | 11
260665413611051189 | 138 | 1.97535 | 11
521330827222102379 | 139 | 1.97535 | 11
1042661654444204758 | 140 | 4.6613e-310 | 3
1042661654444204759 | 140 | 4.6613e-310 | 8
-9093039330049250213 | 137 | 4.6613e-310 | 3
-3166461240581156509 | 132 | 4.6613e-310 | 3
3820070708282098777 | 130 | 3.57967 | 36
7640141416564197554 | 131 | 3.57967 | 36
-3166461240581156508 | 132 | 3.35254 | 19
-6332922481162313016 | 133 | 3.35254 | 19
5780899111384925584 | 134 | 3.35254 | 19
-6884945850939700448 | 135 | 3.35254 | 19
4676852371830150721 | 136 | 3.35254 | 19
-9093039330049250174 | 137 | 3.35254 | 19
260665413611051268 | 138 | 3.35254 | 19
521330827222102536 | 139 | 3.35254 | 19
1042661654444205073 | 140 | 3.35254 | 19
2085323308888410146 | 141 | 3.35254 | 19
4170646617776820293 | 142 | 3.35254 | 19
8341293235553640586 | 143 | 3.35254 | 19
-1764157602602270444 | 144 | 3.21143e-322 | 2
-1764157602602270443 | 144 | 3.0677 | 17
-3528315205204540885 | 145 | 3.0677 | 17
-7056630410409081770 | 146 | 0 | 5
-7056630410409081769 | 146 | 1.76512 | 12
4333483252891388078 | 147 | 1.76512 | 12
8666966505782776157 | 148 | 1.76512 | 12
-1112811062143999301 | 149 | 1.76512 | 12
-2225622124287998601 | 150 | 1.76512 | 12
-4451244248575997202 | 151 | 1.76512 | 12
-8902488497151994404 | 152 | 3.21143e-322 | 5
-8902488497151994403 | 152 | 6.95061e-310 | 7
-3166461240581156507 | 132 | 3.21978 | 17
-6332922481162313013 | 133 | 3.21978 | 17
5780899111384925591 | 134 | 3.21978 | 17
-6884945850939700434 | 135 | 3.21978 | 17
4676852371830150749 | 136 | 3.21978 | 17
-9093039330049250117 | 137 | 3.21978 | 17
260665413611051383 | 138 | 3.21978 | 17
521330827222102767 | 139 | 3.21978 | 17
1042661654444205534 | 140 | 4.6613e-310 | 10
1042661654444205535 | 140 | 2.58319 | 7
185511868309219385 | 61 | 4.6613e-310 | 1
1415343233561 | 44 | 9.71095 | 62
2830686467122 | 45 | 9.71095 | 62
5661372934245 | 46 | 9.71095 | 62
11322745868491 | 47 | 9.71095 | 62
22645491736982 | 48 | 9.71095 | 62
45290983473965 | 49 | 9.71095 | 62
90581966947930 | 50 | 9.71095 | 62
181163933895861 | 51 | 9.71095 | 62
362327867791723 | 52 | 9.71095 | 62
724655735583447 | 53 | 9.71095 | 62
1449311471166895 | 54 | 9.71095 | 62
2898622942333791 | 55 | 9.71095 | 62
5797245884667583 | 56 | 9.71095 | 62
11594491769335167 | 57 | 9.71095 | 62
23188983538670334 | 58 | 9.71095 | 62
46377967077340668 | 59 | 9.71095 | 62
92755934154681336 | 60 | 9.71095 | 41
185511868309362673 | 61 | 9.71095 | 41
371023736618725346 | 62 | 9.71095 | 41
742047473237450692 | 63 | 9.71095 | 41
1484094946474901384 | 64 | 3.07708 | 31
2968189892949802768 | 65 | 3.07708 | 31
5936379785899605537 | 66 | 3.07708 | 31
-6573984501910340541 | 67 | 3.07708 | 31
5298775069888870535 | 68 | 3.07708 | 31
-7849193933931810546 | 69 | 1.63042e-322 | 7
-7849193933931810545 | 69 | 2.82786 | 24
2748356205845930526 | 70 | 2.82786 | 24
5496712411691861052 | 71 | 2.82786 | 24
-7453319250325829512 | 72 | 2.82786 | 24
3540105573057892593 | 73 | 2.82786 | 24
7080211146115785187 | 74 | 2.82786 | 24
-4286321781477981241 | 75 | 2.82786 | 24
-8572643562955962481 | 76 | 2.82786 | 24
1301456947797626654 | 77 | 1.82993 | 2
1301456947797626655 | 77 | 2.82786 | 22
2602913895595253311 | 78 | 2.82786 | 22
5205827791190506623 | 79 | 2.82786 | 22
-8035088491328538370 | 80 | 2.82786 | 22
2376567091052474877 | 81 | 2.82786 | 22
4753134182104949755 | 82 | 2.82786 | 22
-8940475709499652106 | 83 | 2.82786 | 22
565792654710247404 | 84 | 0.828059 | 7
565792654710247405 | 84 | 2.82786 | 15
1131585309420494811 | 85 | 2.82786 | 15
2263170618840989622 | 86 | 2.82786 | 15
4526341237681979244 | 87 | 2.82786 | 15
9052682475363958488 | 88 | 6.95061e-310 | 8
9052682475363958489 | 88 | 3.00886e-321 | 7
1484094946474901385 | 64 | 4.6613e-310 | 10
92755934154681337 | 60 | 2.2735 | 21
185511868309362674 | 61 | 2.2735 | 21
371023736618725348 | 62 | 2.2735 | 21
742047473237450697 | 63 | 2.2735 | 21
1484094946474901394 | 64 | 2.2735 | 21
2968189892949802788 | 65 | 4.6613e-310 | 5
2968189892949802789 | 65 | 1.86608 | 16
5936379785899605578 | 66 | 1.86608 | 16
-6573984501910340460 | 67 | 1.86608 | 16
5298775069888870697 | 68 | 1.86608 | 16
-7849193933931810222 | 69 | 1.86608 | 16
2748356205845931172 | 70 | 1.86608 | 16
5496712411691862344 | 71 | 1.7395 | 15
-7453319250325826927 | 72 | 1.7395 | 15
3540105573057897762 | 73 | 1.7395 | 15
7080211146115795525 | 74 | 1.7395 | 15
-4286321781477960565 | 75 | 1.7395 | 15
-8572643562955921129 | 76 | 1.7395 | 15
1301456947797709359 | 77 | 1.7395 | 15
2602913895595418719 | 78 | 1.7395 | 15
5205827791190837439 | 79 | 1.7395 | 15
-8035088491327876738 | 80 | 1.7395 | 15
2376567091053798140 | 81 | 4.6613e-310 | 3
2376567091053798141 | 81 | 1.69878 | 12
4753134182107596282 | 82 | 4.6613e-310 | 1
4753134182107596283 | 82 | 1.2528 | 11
-8940475709494359050 | 83 | 1.2528 | 11
565792654720833516 | 84 | 4.6613e-310 | 4
565792654720833517 | 84 | 4.6613e-310 | 7
5496712411691862345 | 71 | 4.6613e-310 | 1
707671616781 | 43 | 4.6613e-310 | 10
353835808391 | 42 | 17.972 | 473
707671616782 | 43 | 17.972 | 473
1415343233565 | 44 | 17.972 | 473
2830686467130 | 45 | 17.972 | 473
5661372934260 | 46 | 17.972 | 473
11322745868521 | 47 | 17.972 | 473
22645491737042 | 48 | 17.972 | 473
45290983474084 | 49 | 17.972 | 369
90581966948168 | 50 | 17.972 | 369
181163933896336 | 51 | 16.6429 | 336
362327867792672 | 52 | 16.6429 | 336
724655735585344 | 53 | 16.6429 | 336
1449311471170689 | 54 | 16.6429 | 336
2898622942341379 | 55 | 16.6429 | 336
5797245884682758 | 56 | 16.6429 | 336
11594491769365517 | 57 | 16.6429 | 336
23188983538731035 | 58 | 16.6429 | 336
46377967077462070 | 59 | 8.31132 | 33
92755934154924140 | 60 | 8.31132 | 33
185511868309848280 | 61 | 8.31132 | 33
371023736619696561 | 62 | 8.31132 | 33
742047473239393123 | 63 | 8.31132 | 33
1484094946478786246 | 64 | 8.31132 | 33
2968189892957572493 | 65 | 8.31132 | 33
5936379785915144986 | 66 | 8.31132 | 33
-6573984501879261644 | 67 | 8.31132 | 33
5298775069951028328 | 68 | 8.31132 | 33
-7849193933807494960 | 69 | 5.44761 | 14
2748356206094561697 | 70 | 5.44761 | 14
5496712412189123395 | 71 | 5.44761 | 14
-7453319249331304825 | 72 | 5.44761 | 14
3540105575046941966 | 73 | 5.44761 | 14
7080211150093883932 | 74 | 5.44761 | 14
-4286321773521783752 | 75 | 54.189 | 1
-4286321773521783751 | 75 | 3.87678 | 13
-8572643547043567502 | 76 | 3.87678 | 13
1301456979622416612 | 77 | 3.87678 | 13
2602913959244833224 | 78 | 3.87678 | 13
5205827918489666448 | 79 | 43.9605 | 8
5205827918489666449 | 79 | 49.7833 | 5
-7849193933807494959 | 69 | 2.6642 | 19
2748356206094561699 | 70 | 2.6642 | 19
5496712412189123398 | 71 | 2.52605 | 17
-7453319249331304819 | 72 | 2.52605 | 17
3540105575046941978 | 73 | 2.52605 | 17
7080211150093883956 | 74 | 2.52605 | 16
-4286321773521783703 | 75 | 2.52605 | 16
-8572643547043567405 | 76 | 2.52605 | 16
1301456979622416807 | 77 | 2.52605 | 16
2602913959244833614 | 78 | 0 | 8
2602913959244833615 | 78 | 0.115187 | 8
7080211150093883957 | 74 | 4.6613e-310 | 1
5496712412189123399 | 71 | 4.6613e-310 | 2
46377967077462071 | 59 | 12.2256 | 303
92755934154924143 | 60 | 12.2256 | 303
185511868309848286 | 61 | 12.2256 | 303
371023736619696572 | 62 | 5.55201 | 19
742047473239393144 | 63 | 5.55201 | 19
1484094946478786288 | 64 | 5.55201 | 19
2968189892957572576 | 65 | 5.55201 | 19
5936379785915145152 | 66 | 0.320509 | 9
5936379785915145153 | 66 | 1.24949 | 10
371023736619696573 | 62 | 12.2256 | 284
742047473239393147 | 63 | 12.2256 | 284
1484094946478786295 | 64 | 12.2256 | 284
2968189892957572591 | 65 | 12.2256 | 284
5936379785915145182 | 66 | 12.2256 | 284
-6573984501879261252 | 67 | 12.2256 | 284
5298775069951029112 | 68 | 12.2256 | 284
-7849193933807493391 | 69 | 12.2256 | 284
2748356206094564834 | 70 | 12.2256 | 284
5496712412189129668 | 71 | 11.2766 | 73
-7453319249331292280 | 72 | 11.2766 | 73
3540105575046967057 | 73 | 11.2766 | 73
7080211150093934115 | 74 | 11.2766 | 73
-4286321773521683386 | 75 | 9.89908 | 66
-8572643547043366772 | 76 | 9.89908 | 66
1301456979622818072 | 77 | 9.89908 | 66
2602913959245636144 | 78 | 9.89908 | 66
5205827918491272288 | 79 | 46.9249 | 1
5205827918491272289 | 79 | 9.28575 | 65
-8035088236727007038 | 80 | 9.28575 | 65
2376567600255537540 | 81 | 9.28575 | 65
4753135200511075080 | 82 | 9.28575 | 65
-8940473672687401456 | 83 | 9.28575 | 65
565796728334748704 | 84 | 9.28575 | 65
1131593456669497409 | 85 | 9.28575 | 65
2263186913338994818 | 86 | 16.4434 | 6
2263186913338994819 | 86 | 9.28575 | 59
4526373826677989639 | 87 | 9.28575 | 59
9052747653355979278 | 88 | 9.28575 | 59
-341248766997593060 | 89 | 9.28575 | 59
-682497533995186119 | 90 | 9.28575 | 59
-1364995067990372237 | 91 | 9.28575 | 59
-2729990135980744474 | 92 | 3.21143e-322 | 3
-2729990135980744473 | 92 | 9.28575 | 56
-5459980271961488946 | 93 | 7.5385 | 47
7526783529786573724 | 94 | 7.5385 | 43
-3393177014136404168 | 95 | 7.5385 | 43
-6786354028272808336 | 96 | 7.5385 | 43
4874036017163934945 | 97 | 7.5385 | 43
-8698672039381681725 | 98 | 7.5385 | 43
1049399994946188166 | 99 | 6.64214 | 42
2098799989892376333 | 100 | 6.64214 | 42
4197599979784752667 | 101 | 6.64214 | 42
8395199959569505335 | 102 | 6.64214 | 42
-1656344154570540945 | 103 | 6.64214 | 42
-3312688309141081889 | 104 | 6.64214 | 42
-6625376618282163777 | 105 | 6.64214 | 42
5195990837145224062 | 106 | 6.64214 | 42
-8054762399419103491 | 107 | 6.64214 | 42
2337219274871344634 | 108 | 6.64214 | 42
4674438549742689268 | 109 | 6.64214 | 42
-9097866974224173080 | 110 | 3.02948 | 9
-9097866974224173079 | 110 | 6.64214 | 33
251010125261205458 | 111 | 6.64214 | 33
502020250522410916 | 112 | 6.64214 | 33
1004040501044821833 | 113 | 6.64214 | 33
2008081002089643666 | 114 | 6.64214 | 33
4016162004179287332 | 115 | 6.64214 | 33
8032324008358574665 | 116 | 6.64214 | 33
-2382096056992402285 | 117 | 6.64214 | 33
-4764192113984804570 | 118 | 6.64214 | 33
8918359845739942477 | 119 | 6.64214 | 33
-610024382229666661 | 120 | 6.64214 | 33
-1220048764459333321 | 121 | 6.64214 | 33
-2440097528918666641 | 122 | 6.64214 | 33
-4880195057837333282 | 123 | 3.86777 | 25
8686353958034885052 | 124 | 3.86777 | 25
-1074036157639781512 | 125 | 3.86777 | 25
-2148072315279563023 | 126 | 3.86777 | 25
-4296144630559126046 | 127 | 3.86777 | 25
-8592289261118252091 | 128 | 3.86777 | 25
1262165551473047434 | 129 | 3.60986 | 24
2524331102946094869 | 130 | 3.60986 | 24
5048662205892189738 | 131 | 3.60986 | 24
-8349419661925172140 | 132 | 3.60986 | 24
1747904749859207336 | 133 | 3.60986 | 24
3495809499718414672 | 134 | 3.60986 | 24
6991618999436829345 | 135 | 3.60986 | 24
-4463506074835892926 | 136 | 3.60986 | 24
-8927012149671785852 | 137 | 3.60986 | 24
592719774365979913 | 138 | 3.60986 | 24
1185439548731959826 | 139 | 3.60986 | 24
2370879097463919652 | 140 | 3.60986 | 24
4741758194927839304 | 141 | 3.49946 | 23
-8963227683853873007 | 142 | 3.49946 | 23
520288706001805603 | 143 | 3.49946 | 23
1040577412003611207 | 144 | 3.49946 | 23
2081154824007222415 | 145 | 3.49946 | 23
4162309648014444831 | 146 | 3.49946 | 23
8324619296028889662 | 147 | 2.06025e-321 | 8
8324619296028889663 | 147 | 1.68067 | 15
-1797505481651772289 | 148 | 1.68067 | 15
-3595010963303544577 | 149 | 1.68067 | 15
-7190021926607089154 | 150 | 1.38521 | 11
4066700220495373309 | 151 | 1.38521 | 11
8133400440990746619 | 152 | 1.38521 | 11
-2179943191728058378 | 153 | 1.38521 | 11
-4359886383456116756 | 154 | 1.38521 | 11
-8719772766912233511 | 155 | 1.38521 | 11
1007198539885084594 | 156 | 1.38521 | 11
2014397079770169189 | 157 | 1.38521 | 11
4028794159540338378 | 158 | 1.38521 | 11
8057588319080676757 | 159 | 1.38521 | 11
-2331567435548198102 | 160 | 1.38521 | 11
-4663134871096396203 | 161 | 1.38521 | 11
9120474331516759211 | 162 | 1.38521 | 11
-205795410676033194 | 163 | 1.38521 | 11
-411590821352066388 | 164 | 0 | 10
-411590821352066387 | 164 | 0 | 1
-7190021926607089153 | 150 | 4.6613e-310 | 4
4741758194927839305 | 141 | 4.6613e-310 | 1
1262165551473047435 | 129 | 4.6613e-310 | 1
-4880195057837333281 | 123 | 4.6613e-310 | 8
1049399994946188167 | 99 | 4.6613e-310 | 1
7526783529786573725 | 94 | 4.6613e-310 | 4
-5459980271961488945 | 93 | 4.6613e-310 | 9
-4286321773521683385 | 75 | 4.6613e-310 | 7
5496712412189129669 | 71 | 11.5453 | 211
-7453319249331292277 | 72 | 11.5453 | 211
3540105575046967062 | 73 | 11.5453 | 211
7080211150093934124 | 74 | 10.5824 | 21
-4286321773521683368 | 75 | 10.5824 | 21
-8572643547043366736 | 76 | 10.5824 | 21
1301456979622818145 | 77 | 10.5824 | 21
2602913959245636290 | 78 | 8.87705 | 20
5205827918491272581 | 79 | 8.87705 | 20
-8035088236727006454 | 80 | 8.87705 | 20
2376567600255538709 | 81 | 8.87705 | 20
4753135200511077419 | 82 | 8.87705 | 20
-8940473672687396778 | 83 | 8.87705 | 20
565796728334758061 | 84 | 8.87705 | 20
1131593456669516122 | 85 | 8.87705 | 20
2263186913339032245 | 86 | 8.87705 | 20
4526373826678064491 | 87 | 8.87705 | 20
9052747653356128983 | 88 | 8.87705 | 20
-341248766997293649 | 89 | 8.87705 | 20
-682497533994587298 | 90 | 7.58511 | 18
-1364995067989174595 | 91 | 7.58511 | 18
-2729990135978349189 | 92 | 7.58511 | 18
-5459980271956698378 | 93 | 6.80844 | 15
7526783529796154861 | 94 | 6.80844 | 15
-3393177014117241894 | 95 | 6.80844 | 15
-6786354028234483787 | 96 | 6.80844 | 15
4874036017240584042 | 97 | 6.80844 | 15
-8698672039228383531 | 98 | 6.80844 | 15
1049399995252784554 | 99 | 3.72031e-321 | 9
1049399995252784555 | 99 | 6.95061e-310 | 6
-5459980271956698377 | 93 | 4.6613e-310 | 3
-682497533994587297 | 90 | 4.6613e-310 | 2
2602913959245636291 | 78 | 4.6613e-310 | 1
7080211150093934125 | 74 | 11.0595 | 190
-4286321773521683366 | 75 | 8.49745 | 174
-8572643547043366731 | 76 | 8.49745 | 174
1301456979622818155 | 77 | 8.49745 | 174
2602913959245636310 | 78 | 7.64965 | 163
5205827918491272620 | 79 | 7.64965 | 163
-8035088236727006376 | 80 | 7.64965 | 163
2376567600255538864 | 81 | 5.97974 | 71
4753135200511077729 | 82 | 5.97974 | 71
-8940473672687396158 | 83 | 5.97974 | 71
565796728334759301 | 84 | 5.97974 | 71
1131593456669518602 | 85 | 5.97974 | 71
2263186913339037205 | 86 | 5.97974 | 71
4526373826678074411 | 87 | 5.97974 | 71
9052747653356148822 | 88 | 5.97974 | 71
-341248766997253971 | 89 | 5.97974 | 71
-682497533994507941 | 90 | 5.97974 | 71
-1364995067989015882 | 91 | 5.97974 | 71
-2729990135978031763 | 92 | 5.97974 | 71
-5459980271956063526 | 93 | 5.97974 | 66
7526783529797424565 | 94 | 5.97974 | 66
-3393177014114702486 | 95 | 3.5594 | 39
-6786354028229404971 | 96 | 3.5594 | 39
4874036017250741675 | 97 | 3.5594 | 39
-8698672039208068266 | 98 | 3.5594 | 39
1049399995293415084 | 99 | 3.5594 | 39
2098799990586830168 | 100 | 3.5594 | 39
4197599981173660336 | 101 | 3.47128 | 36
8395199962347320673 | 102 | 3.47128 | 36
-1656344149014910269 | 103 | 3.47128 | 36
-3312688298029820537 | 104 | 3.47128 | 36
-6625376596059641074 | 105 | 2.89956 | 34
5195990881590269468 | 106 | 2.89956 | 34
-8054762310529012679 | 107 | 2.89956 | 34
2337219452651526258 | 108 | 2.89956 | 34
4674438905303052516 | 109 | 3.05019 | 3
4674438905303052517 | 109 | 2.89956 | 31
-9097866263103446582 | 110 | 2.89956 | 31
251011547502658452 | 111 | 1.82022 | 13
502023095005316904 | 112 | 1.82022 | 13
1004046190010633809 | 113 | 1.82022 | 13
2008092380021267619 | 114 | 1.82022 | 13
4016184760042535239 | 115 | 1.82022 | 13
8032369520085070478 | 116 | 1.82022 | 13
-2382005033539410660 | 117 | 1.82022 | 13
-4764010067078821319 | 118 | 1.82022 | 13
8918723939551908978 | 119 | 1.66916 | 12
-609296194605733660 | 120 | 1.66916 | 12
-1218592389211467319 | 121 | 1.66916 | 12
-2437184778422934638 | 122 | 5.00912 | 2
-2437184778422934637 | 122 | 3.52473 | 10
8918723939551908979 | 119 | 4.6613e-310 | 1
251011547502658453 | 111 | 2.44536 | 18
502023095005316906 | 112 | 2.44536 | 18
1004046190010633813 | 113 | 2.44536 | 18
2008092380021267627 | 114 | 2.44536 | 18
4016184760042535255 | 115 | 2.44536 | 18
8032369520085070511 | 116 | 2.44536 | 18
-2382005033539410594 | 117 | 2.44536 | 18
-4764010067078821187 | 118 | 2.44536 | 18
8918723939551909242 | 119 | 2.44536 | 18
-609296194605733132 | 120 | 2.07818 | 12
-1218592389211466264 | 121 | 2.07818 | 12
-2437184778422932527 | 122 | 2.07818 | 12
-4874369556845865054 | 123 | 2.07818 | 12
8698004960017821508 | 124 | 2.07818 | 12
-1050734153673908600 | 125 | 12.9731 | 10
-1050734153673908599 | 125 | 7.83383 | 2
-609296194605733131 | 120 | 4.6613e-310 | 6
-6625376596059641073 | 105 | 4.6613e-310 | 2
4197599981173660337 | 101 | 4.6613e-310 | 3
-3393177014114702485 | 95 | 3.88073 | 27
-6786354028229404970 | 96 | 3.88073 | 27
4874036017250741676 | 97 | 3.88073 | 27
-8698672039208068264 | 98 | 4.6613e-310 | 9
-8698672039208068263 | 98 | 3.18029 | 18
1049399995293415091 | 99 | 3.18029 | 18
2098799990586830182 | 100 | 3.18029 | 18
4197599981173660364 | 101 | 3.18029 | 18
8395199962347320729 | 102 | 3.18029 | 18
-1656344149014910158 | 103 | 3.18029 | 18
-3312688298029820315 | 104 | 3.18029 | 18
-6625376596059640629 | 105 | 3.18029 | 18
5195990881590270359 | 106 | 3.18029 | 18
-8054762310529010898 | 107 | 3.18029 | 18
2337219452651529821 | 108 | 3.18029 | 18
4674438905303059642 | 109 | 3.18029 | 18
-9097866263103432331 | 110 | 3.18029 | 18
251011547502686954 | 111 | 3.18029 | 18
502023095005373909 | 112 | 3.18029 | 18
1004046190010747818 | 113 | 3.18029 | 18
2008092380021495636 | 114 | 3.18029 | 18
4016184760042991272 | 115 | 3.18029 | 18
8032369520085982545 | 116 | 3.18029 | 18
-2382005033537586526 | 117 | 3.18029 | 18
-4764010067075173052 | 118 | 3.18029 | 18
8918723939559205513 | 119 | 3.18029 | 18
-609296194591140590 | 120 | 3.18029 | 18
-1218592389182281179 | 121 | 3.18029 | 18
-2437184778364562358 | 122 | 3.18029 | 18
-4874369556729124716 | 123 | 3.18029 | 18
8698004960251302184 | 124 | 3.18029 | 18
-1050734153206947248 | 125 | 3.18029 | 18
-2101468306413894496 | 126 | 10.1143 | 5
-2101468306413894495 | 126 | 1.68885 | 13
-4202936612827788990 | 127 | 0.569437 | 7
-4202936612827788989 | 127 | 0.0195925 | 6
-5459980271956063525 | 93 | 4.6613e-310 | 5
2376567600255538865 | 81 | 5.98295 | 92
4753135200511077730 | 82 | 5.98295 | 92
-8940473672687396156 | 83 | 5.98295 | 92
565796728334759304 | 84 | 5.98295 | 92
1131593456669518609 | 85 | 5.98295 | 92
2263186913339037218 | 86 | 5.98295 | 92
4526373826678074436 | 87 | 5.98295 | 92
9052747653356148872 | 88 | 5.98295 | 92
-341248766997253871 | 89 | 5.98295 | 92
-682497533994507742 | 90 | 5.98295 | 92
-1364995067989015483 | 91 | 5.98295 | 92
-2729990135978030966 | 92 | 5.98295 | 92
-5459980271956061932 | 93 | 5.98295 | 92
7526783529797427753 | 94 | 5.98295 | 92
-3393177014114696109 | 95 | 5.98295 | 92
-6786354028229392218 | 96 | 5.98295 | 92
4874036017250767180 | 97 | 5.98295 | 92
-8698672039208017255 | 98 | 5.98295 | 92
1049399995293517107 | 99 | 5.98295 | 92
2098799990587034215 | 100 | 5.98295 | 92
4197599981174068431 | 101 | 5.98295 | 92
8395199962348136863 | 102 | 5.98295 | 92
-1656344149013277890 | 103 | 5.98295 | 92
-3312688298026555780 | 104 | 3.43739 | 12
-6625376596053111559 | 105 | 3.43739 | 12
5195990881603328498 | 106 | 3.43739 | 12
-8054762310502894619 | 107 | 3.43739 | 12
2337219452703762378 | 108 | 3.43739 | 12
4674438905407524756 | 109 | 3.43739 | 12
-9097866262894502103 | 110 | 3.43739 | 12
251011547920547411 | 111 | 3.43739 | 12
502023095841094823 | 112 | 3.43739 | 12
1004046191682189646 | 113 | 3.43739 | 12
2008092383364379293 | 114 | 3.43739 | 12
4016184766728758586 | 115 | 3.43739 | 12
8032369533457517172 | 116 | 3.43739 | 12
-2382005006794517271 | 117 | 3.43739 | 12
-4764010013589034542 | 118 | 12.0828 | 4
-4764010013589034541 | 118 | 0.388187 | 8
-3312688298026555779 | 104 | 4.72339 | 80
-6625376596053111558 | 105 | 4.72339 | 80
5195990881603328501 | 106 | 4.72339 | 80
-8054762310502894613 | 107 | 4.72339 | 80
2337219452703762391 | 108 | 4.72339 | 80
4674438905407524782 | 109 | 4.72339 | 80
-9097866262894502051 | 110 | 4.72339 | 80
251011547920547515 | 111 | 4.72339 | 80
502023095841095031 | 112 | 4.72339 | 80
1004046191682190062 | 113 | 4.72339 | 80
2008092383364380124 | 114 | 4.72339 | 80
4016184766728760249 | 115 | 4.72339 | 80
8032369533457520499 | 116 | 4.72339 | 80
-2382005006794510617 | 117 | 4.72339 | 80
-4764010013589021233 | 118 | 4.72339 | 80
8918724046531509150 | 119 | 3.61036 | 45
-609295980646533316 | 120 | 3.61036 | 45
-1218591961293066632 | 121 | 3.61036 | 45
-2437183922586133264 | 122 | 3.46546 | 40
-4874367845172266528 | 123 | 3.46546 | 40
8698008383365018561 | 124 | 3.46546 | 40
-1050727306979514493 | 125 | 3.46546 | 40
-2101454613959028986 | 126 | 2.30085 | 19
-4202909227918057971 | 127 | 2.30085 | 19
-8405818455836115942 | 128 | 2.30085 | 19
1635107162037319732 | 129 | 2.30085 | 19
3270214324074639464 | 130 | 2.30085 | 19
6540428648149278928 | 131 | 2.30085 | 19
-5365886777410993760 | 132 | 2.24482 | 17
7714970518887564096 | 133 | 2.24482 | 17
-3016803035934423424 | 134 | 2.24482 | 17
-6033606071868846847 | 135 | 2.24482 | 17
6379531929971857922 | 136 | 2.24482 | 17
-5687680213765835772 | 137 | 2.24482 | 17
7071383646177880073 | 138 | 2.24482 | 17
-4303976781353791470 | 139 | 2.24482 | 17
-8607953562707582940 | 140 | 2.24482 | 17
1230836948294385736 | 141 | 2.16411 | 13
2461673896588771473 | 142 | 2.16411 | 13
4923347793177542946 | 143 | 2.16411 | 13
-8600048487354465724 | 144 | 15.5661 | 4
-8600048487354465723 | 144 | 1.69259 | 9
1230836948294385737 | 141 | 4.6613e-310 | 4
-5365886777410993759 | 132 | 4.6613e-310 | 2
-2101454613959028985 | 126 | 1.78783 | 21
-4202909227918057970 | 127 | 1.78783 | 21
-8405818455836115939 | 128 | 1.78783 | 21
1635107162037319738 | 129 | 1.78783 | 21
3270214324074639477 | 130 | 1.78783 | 21
6540428648149278954 | 131 | 4.6613e-310 | 5
6540428648149278955 | 131 | 1.47445 | 16
-5365886777410993705 | 132 | 1.47445 | 16
7714970518887564206 | 133 | 1.47445 | 16
-3016803035934423203 | 134 | 1.47445 | 16
-6033606071868846406 | 135 | 1.47445 | 16
6379531929971858804 | 136 | 1.47445 | 16
-5687680213765834008 | 137 | 4.6613e-310 | 1
-5687680213765834007 | 137 | 1.36753 | 15
7071383646177883603 | 138 | 1.36753 | 15
-4303976781353784409 | 139 | 1.36753 | 15
-8607953562707568818 | 140 | 1.36753 | 15
1230836948294413980 | 141 | 1.36753 | 15
2461673896588827960 | 142 | 1.36753 | 15
4923347793177655920 | 143 | 2.96883 | 9
4923347793177655921 | 143 | 3.24107e-321 | 6
-2437183922586133263 | 122 | 4.6613e-310 | 5
8918724046531509151 | 119 | 3.10506 | 35
-609295980646533314 | 120 | 3.10506 | 35
-1218591961293066627 | 121 | 3.10506 | 35
-2437183922586133253 | 122 | 3.10506 | 35
-4874367845172266506 | 123 | 1.46229 | 23
8698008383365018604 | 124 | 2.88337 | 1
8698008383365018605 | 124 | 1.46057 | 22
-1050727306979514405 | 125 | 1.46057 | 22
-2101454613959028810 | 126 | 1.58101e-322 | 5
-2101454613959028809 | 126 | 1.36335 | 17
-4202909227918057618 | 127 | 1.36335 | 17
-8405818455836115236 | 128 | 1.36335 | 17
1635107162037321145 | 129 | 1.36335 | 17
3270214324074642291 | 130 | 1.36335 | 17
6540428648149284582 | 131 | 1.36335 | 17
-5365886777410982451 | 132 | 1.36335 | 17
7714970518887586714 | 133 | 1.36335 | 17
-3016803035934378188 | 134 | 1.36335 | 17
-6033606071868756375 | 135 | 1.36335 | 17
6379531929972038867 | 136 | 1.36335 | 17
-5687680213765473881 | 137 | 1.36335 | 17
7071383646178603854 | 138 | 1.18467 | 12
-4303976781352343908 | 139 | 1.18467 | 12
-8607953562704687816 | 140 | 1.18467 | 12
1230836948300175984 | 141 | 1.18467 | 12
2461673896600351969 | 142 | 1.18467 | 12
4923347793200703938 | 143 | 1.18467 | 12
-8600048487308143739 | 144 | 1.18467 | 12
1246647099093264138 | 145 | 1.18467 | 12
2493294198186528276 | 146 | 1.18467 | 12
4986588396373056552 | 147 | 1.18467 | 12
-8473567280963438511 | 148 | 1.18467 | 12
1499609511782674594 | 149 | 1.18467 | 12
2999219023565349189 | 150 | 1.18467 | 12
5998438047130698379 | 151 | 1.18467 | 12
-6449867979448154857 | 152 | 1.18467 | 12
5547008114813241902 | 153 | 1.18467 | 12
-7352727844083067812 | 154 | 1.18467 | 12
3741288385543415992 | 155 | 4.59476 | 5
3741288385543415993 | 155 | 0.334941 | 7
7071383646178603855 | 138 | 4.6613e-310 | 5
-4874367845172266505 | 123 | 1.73215 | 12
8698008383365018606 | 124 | 1.73215 | 12
-1050727306979514403 | 125 | 1.73215 | 12
-2101454613959028805 | 126 | 1.73215 | 12
-4202909227918057610 | 127 | 1.73215 | 12
-8405818455836115219 | 128 | 1.73215 | 12
1635107162037321178 | 129 | 4.6613e-310 | 1
1635107162037321179 | 129 | 1.73215 | 11
3270214324074642358 | 130 | 4.6613e-310 | 9
3270214324074642359 | 130 | 4.6613e-310 | 2
2602913959245636311 | 78 | 3.11565 | 11
5205827918491272623 | 79 | 3.11565 | 11
-8035088236727006369 | 80 | 3.11565 | 11
2376567600255538878 | 81 | 4.6613e-310 | 3
2376567600255538879 | 81 | 4.6613e-310 | 8
-4286321773521683365 | 75 | 3.23141 | 16
-8572643547043366730 | 76 | 3.23141 | 16
1301456979622818156 | 77 | 4.6613e-310 | 7
1301456979622818157 | 77 | 4.6613e-310 | 9
181163933896337 | 51 | 10.6258 | 33
362327867792674 | 52 | 4.6613e-310 | 9
362327867792675 | 52 | 9.94054 | 24
724655735585351 | 53 | 9.94054 | 24
1449311471170703 | 54 | 9.94054 | 24
2898622942341407 | 55 | 9.94054 | 24
5797245884682814 | 56 | 9.94054 | 24
11594491769365629 | 57 | 9.94054 | 24
23188983538731259 | 58 | 9.94054 | 24
46377967077462519 | 59 | 9.94054 | 24
92755934154925038 | 60 | 9.94054 | 24
185511868309850076 | 61 | 9.94054 | 24
371023736619700152 | 62 | 9.94054 | 24
742047473239400305 | 63 | 9.94054 | 24
1484094946478800610 | 64 | 9.94054 | 12
2968189892957601221 | 65 | 9.94054 | 12
5936379785915202443 | 66 | 9.94054 | 12
-6573984501879146730 | 67 | 9.94054 | 11
5298775069951258156 | 68 | 9.94054 | 11
-7849193933807035303 | 69 | 9.94054 | 11
2748356206095481011 | 70 | 9.94054 | 11
5496712412190962022 | 71 | 4.6613e-310 | 9
5496712412190962023 | 71 | 4.6613e-310 | 2
-6573984501879146729 | 67 | 4.6613e-310 | 1
1484094946478800611 | 64 | 2.30563 | 12
2968189892957601223 | 65 | 2.30563 | 12
5936379785915202447 | 66 | 2.30563 | 12
-6573984501879146721 | 67 | 2.30563 | 12
5298775069951258174 | 68 | 4.6613e-310 | 1
5298775069951258175 | 68 | 2.11719 | 11
-7849193933807035266 | 69 | 2.11719 | 11
2748356206095481084 | 70 | 2.11719 | 11
5496712412190962168 | 71 | 2.11719 | 11
-7453319249327627280 | 72 | 2.11719 | 11
3540105575054297057 | 73 | 2.11719 | 11
7080211150108594114 | 74 | 4.6613e-310 | 4
7080211150108594115 | 74 | 4.6613e-310 | 7
45290983474085 | 49 | 9.15435 | 104
90581966948171 | 50 | 9.15435 | 104
181163933896342 | 51 | 9.15435 | 104
362327867792684 | 52 | 9.15435 | 104
724655735585369 | 53 | 9.15435 | 104
1449311471170739 | 54 | 9.15435 | 104
2898622942341478 | 55 | 9.15435 | 104
5797245884682956 | 56 | 9.15435 | 104
11594491769365913 | 57 | 9.15435 | 104
23188983538731826 | 58 | 9.15435 | 104
46377967077463652 | 59 | 9.15435 | 104
92755934154927305 | 60 | 9.15435 | 104
185511868309854610 | 61 | 9.15435 | 104
371023736619709221 | 62 | 9.15435 | 104
742047473239418442 | 63 | 8.05208 | 74
1484094946478836885 | 64 | 8.05208 | 74
2968189892957673770 | 65 | 6.40966 | 61
5936379785915347541 | 66 | 6.40966 | 61
-6573984501878856533 | 67 | 6.40966 | 61
5298775069951838550 | 68 | 5.93949 | 57
-7849193933805874515 | 69 | 5.93949 | 57
2748356206097802586 | 70 | 5.93949 | 57
5496712412195605172 | 71 | 5.93949 | 57
-7453319249318341271 | 72 | 5.93949 | 57
3540105575072869074 | 73 | 5.93949 | 57
7080211150145738149 | 74 | 5.93949 | 57
-4286321773418075318 | 75 | 5.93949 | 57
-8572643546836150636 | 76 | 5.93949 | 57
1301456980037250344 | 77 | 5.93949 | 57
2602913960074500688 | 78 | 5.93949 | 57
5205827920149001376 | 79 | 5.93949 | 57
-8035088233411548863 | 80 | 5.93949 | 57
2376567606886453891 | 81 | 5.93949 | 57
4753135213772907782 | 82 | 5.93949 | 57
-8940473646163736051 | 83 | 5.93949 | 57
565796781382079514 | 84 | 4.13276 | 31
1131593562764159028 | 85 | 4.13276 | 31
2263187125528318056 | 86 | 4.13276 | 31
4526374251056636113 | 87 | 4.13276 | 31
9052748502113272226 | 88 | 4.13276 | 31
-341247069483007164 | 89 | 2.88369 | 14
-682494138966014327 | 90 | 2.88369 | 14
-1364988277932028653 | 91 | 2.88369 | 14
-2729976555864057305 | 92 | 2.88369 | 14
-5459953111728114609 | 93 | 2.88369 | 14
7526837850253322398 | 94 | 2.42283 | 12
-3393068373202906820 | 95 | 0.321907 | 1
-3393068373202906819 | 95 | 2.42283 | 11
-6786136746405813638 | 96 | 2.42283 | 11
4874470580897924340 | 97 | 2.42283 | 11
-8697802911913702936 | 98 | 2.0927 | 3
-8697802911913702935 | 98 | 4.6613e-310 | 8
7526837850253322399 | 94 | 4.6613e-310 | 2
-341247069483007163 | 89 | 2.45648 | 17
-682494138966014326 | 90 | 4.6613e-310 | 4
-682494138966014325 | 90 | 2.20251 | 13
-1364988277932028650 | 91 | 2.20251 | 13
-2729976555864057299 | 92 | 2.20251 | 13
-5459953111728114597 | 93 | 2.20251 | 13
7526837850253322423 | 94 | 2.20251 | 13
-3393068373202906769 | 95 | 2.20251 | 13
-6786136746405813537 | 96 | 2.20251 | 13
4874470580897924543 | 97 | 2.20251 | 13
-8697802911913702530 | 98 | 2.20251 | 13
1051138249882146557 | 99 | 2.20251 | 13
2102276499764293114 | 100 | 2.20251 | 13
4204552999528586228 | 101 | 2.20251 | 13
8409105999057172456 | 102 | 2.20251 | 13
-1628532075595206704 | 103 | 2.20251 | 13
-3257064151190413407 | 104 | 2.20251 | 13
-6514128302380826814 | 105 | 2.20251 | 13
5418487468947897989 | 106 | 2.20251 | 13
-7609769135813755637 | 107 | 2.20251 | 13
3227205802082040343 | 108 | 2.20251 | 13
6454411604164080686 | 109 | 2.20251 | 13
-5537920865381390243 | 110 | 2.20251 | 13
7370902342946771130 | 111 | 2.20251 | 13
-3704939387816009356 | 112 | 2.20251 | 13
-7409878775632018711 | 113 | 2.20251 | 13
3626986522445514195 | 114 | 2.20251 | 13
7253973044891028391 | 115 | 2.20251 | 13
-3938797983927494834 | 116 | 1.92419 | 12
-7877595967854989668 | 117 | 0 | 6
-7877595967854989667 | 117 | 5.68292 | 6
-3938797983927494833 | 116 | 4.6613e-310 | 1
565796781382079515 | 84 | 4.36897 | 26
1131593562764159030 | 85 | 4.36897 | 26
2263187125528318061 | 86 | 4.36897 | 26
4526374251056636122 | 87 | 4.36897 | 26
9052748502113272245 | 88 | 4.36897 | 26
-341247069483007126 | 89 | 4.36897 | 26
-682494138966014251 | 90 | 4.36897 | 26
-1364988277932028502 | 91 | 4.36897 | 25
-2729976555864057003 | 92 | 4.36897 | 25
-5459953111728114005 | 93 | 4.36897 | 25
7526837850253323606 | 94 | 4.36897 | 25
-3393068373202904403 | 95 | 4.36897 | 25
-6786136746405808805 | 96 | 4.36897 | 25
4874470580897934006 | 97 | 4.36897 | 25
-8697802911913683604 | 98 | 4.36897 | 25
1051138249882184409 | 99 | 4.36897 | 25
2102276499764368818 | 100 | 4.36897 | 22
4204552999528737636 | 101 | 4.36897 | 22
8409105999057475273 | 102 | 4.36897 | 22
-1628532075594601069 | 103 | 4.36897 | 22
-3257064151189202137 | 104 | 4.36897 | 22
-6514128302378404274 | 105 | 2.82893 | 19
5418487468952743068 | 106 | 4.6613e-310 | 8
5418487468952743069 | 106 | 2.21741 | 11
-7609769135804065478 | 107 | 2.21741 | 11
3227205802101420660 | 108 | 2.21741 | 11
6454411604202841321 | 109 | 2.21741 | 11
-5537920865303868974 | 110 | 2.21741 | 11
7370902343101813668 | 111 | 2.21741 | 11
-3704939387505924279 | 112 | 2.21741 | 11
-7409878775011848558 | 113 | 2.21741 | 11
3626986523685854500 | 114 | 0 | 1
3626986523685854501 | 114 | 3.83528 | 10
-6514128302378404273 | 105 | 4.6613e-310 | 3
2102276499764368819 | 100 | 4.6613e-310 | 3
-1364988277932028501 | 91 | 4.6613e-310 | 1
5298775069951838551 | 68 | 4.6613e-310 | 4
2968189892957673771 | 65 | 2.06578 | 13
5936379785915347542 | 66 | 2.06578 | 13
-6573984501878856532 | 67 | 2.06578 | 13
5298775069951838552 | 68 | 2.06578 | 13
-7849193933805874512 | 69 | 2.06578 | 13
2748356206097802593 | 70 | 2.06578 | 13
5496712412195605186 | 71 | 2.06578 | 13
-7453319249318341244 | 72 | 2.06578 | 13
3540105575072869129 | 73 | 2.06578 | 13
7080211150145738258 | 74 | 2.06578 | 13
-4286321773418075099 | 75 | 2.06578 | 13
-8572643546836150198 | 76 | 2.06578 | 13
1301456980037251220 | 77 | 2.06578 | 13
2602913960074502440 | 78 | 1.56836 | 11
5205827920149004880 | 79 | 1.56836 | 11
-8035088233411541856 | 80 | 4.6613e-310 | 9
-8035088233411541855 | 80 | 4.6613e-310 | 2
2602913960074502441 | 78 | 4.6613e-310 | 2
742047473239418443 | 63 | 4.32493 | 30
1484094946478836886 | 64 | 4.32493 | 30
2968189892957673773 | 65 | 4.32493 | 30
5936379785915347547 | 66 | 4.32493 | 30
-6573984501878856521 | 67 | 4.32493 | 30
5298775069951838574 | 68 | 2.2536 | 21
-7849193933805874468 | 69 | 2.09198 | 17
2748356206097802680 | 70 | 2.09198 | 17
5496712412195605361 | 71 | 2.09198 | 17
-7453319249318340894 | 72 | 2.00017 | 14
3540105575072869829 | 73 | 2.00017 | 14
7080211150145739659 | 74 | 2.00017 | 14
-4286321773418072297 | 75 | 2.00017 | 14
-8572643546836144593 | 76 | 2.00017 | 14
1301456980037262430 | 77 | 2.00017 | 14
2602913960074524861 | 78 | 2.00017 | 14
5205827920149049722 | 79 | 1.82971 | 13
-8035088233411452172 | 80 | 6.54205 | 8
-8035088233411452171 | 80 | 1.92697 | 5
5205827920149049723 | 79 | 4.6613e-310 | 1
-7453319249318340893 | 72 | 4.6613e-310 | 3
-7849193933805874467 | 69 | 4.6613e-310 | 4
5298775069951838575 | 68 | 4.6613e-310 | 9
22114738025 | 38 | 13.8288 | 166
44229476050 | 39 | 9.45883 | 21
88458952101 | 40 | 9.45883 | 21
176917904203 | 41 | 9.45883 | 21
353835808406 | 42 | 9.45883 | 21
707671616813 | 43 | 9.45883 | 21
1415343233627 | 44 | 9.45883 | 21
2830686467254 | 45 | 9.45883 | 21
5661372934508 | 46 | 9.45883 | 21
11322745869016 | 47 | 9.45883 | 21
22645491738032 | 48 | 9.45883 | 21
45290983476064 | 49 | 4.6613e-310 | 6
45290983476065 | 49 | 4.8335 | 15
90581966952131 | 50 | 4.8335 | 15
181163933904262 | 51 | 0.421081 | 4
181163933904263 | 51 | 4.21653 | 11
362327867808527 | 52 | 4.21653 | 11
724655735617054 | 53 | 4.21653 | 11
1449311471234108 | 54 | 4.21653 | 11
2898622942468216 | 55 | 2.37152e-322 | 3
2898622942468217 | 55 | 4.6613e-310 | 8
44229476051 | 39 | 11.1867 | 145
88458952102 | 40 | 11.1867 | 145
176917904205 | 41 | 11.1867 | 145
353835808410 | 42 | 11.1867 | 145
707671616820 | 43 | 5.95862 | 91
1415343233641 | 44 | 5.95862 | 91
2830686467282 | 45 | 4.94176 | 74
5661372934564 | 46 | 4.94176 | 74
11322745869128 | 47 | 4.94176 | 74
22645491738256 | 48 | 4.94176 | 74
45290983476512 | 49 | 4.94176 | 74
90581966953025 | 50 | 4.94176 | 74
181163933906051 | 51 | 4.94176 | 74
362327867812102 | 52 | 4.54396 | 61
724655735624204 | 53 | 4.54396 | 61
1449311471248408 | 54 | 4.54396 | 61
2898622942496816 | 55 | 4.54396 | 61
5797245884993633 | 56 | 4.54396 | 61
11594491769987266 | 57 | 4.54396 | 61
23188983539974532 | 58 | 4.54396 | 61
46377967079949064 | 59 | 4.00963 | 30
92755934159898128 | 60 | 1.58101e-322 | 1
92755934159898129 | 60 | 3.02845 | 29
185511868319796258 | 61 | 3.02845 | 29
371023736639592517 | 62 | 3.02845 | 29
742047473279185035 | 63 | 3.02845 | 29
1484094946558370071 | 64 | 3.02845 | 29
2968189893116740143 | 65 | 3.02845 | 29
5936379786233480286 | 66 | 12.7134 | 9
5936379786233480287 | 66 | 2.2287 | 20
-6573984501242591041 | 67 | 2.2287 | 20
5298775071224369535 | 68 | 2.2287 | 20
-7849193931260812545 | 69 | 2.2287 | 20
2748356211187926526 | 70 | 2.00128 | 16
5496712422375853053 | 71 | 2.00128 | 16
-7453319228957845510 | 72 | 2.00128 | 15
3540105615793860596 | 73 | 6.95061e-310 | 10
3540105615793860597 | 73 | 1.27156 | 5
-7453319228957845509 | 72 | 4.6613e-310 | 1
2748356211187926527 | 70 | 4.6613e-310 | 4
46377967079949065 | 59 | 3.12713 | 31
92755934159898130 | 60 | 3.12713 | 31
185511868319796260 | 61 | 3.12713 | 31
371023736639592521 | 62 | 3.12713 | 31
742047473279185042 | 63 | 2.67902 | 24
1484094946558370084 | 64 | 2.14257 | 19
2968189893116740169 | 65 | 2.14257 | 19
5936379786233480338 | 66 | 4.6613e-310 | 10
5936379786233480339 | 66 | 4.6613e-310 | 9
1484094946558370085 | 64 | 4.6613e-310 | 5
742047473279185043 | 63 | 4.6613e-310 | 7
362327867812103 | 52 | 1.6592 | 13
724655735624206 | 53 | 1.6592 | 13
1449311471248413 | 54 | 1.6592 | 13
2898622942496827 | 55 | 1.6592 | 13
5797245884993654 | 56 | 1.6592 | 13
11594491769987309 | 57 | 1.6592 | 13
23188983539974618 | 58 | 1.6592 | 13
46377967079949236 | 59 | 1.6592 | 13
92755934159898472 | 60 | 1.6592 | 13
185511868319796944 | 61 | 1.6592 | 13
371023736639593889 | 62 | 1.6592 | 13
742047473279187779 | 63 | 1.6592 | 13
1484094946558375558 | 64 | 1.0223 | 3
1484094946558375559 | 64 | 4.6613e-310 | 10
2830686467283 | 45 | 4.68943 | 17
5661372934566 | 46 | 4.68943 | 17
11322745869133 | 47 | 4.68943 | 17
22645491738266 | 48 | 4.68943 | 14
45290983476532 | 49 | 4.68943 | 14
90581966953064 | 50 | 4.68943 | 14
181163933906128 | 51 | 4.68943 | 14
362327867812257 | 52 | 4.68943 | 14
724655735624514 | 53 | 4.68943 | 14
1449311471249029 | 54 | 4.68943 | 14
2898622942498058 | 55 | 0.0274277 | 2
2898622942498059 | 55 | 3.10715 | 12
5797245884996118 | 56 | 4.6613e-310 | 8
5797245884996119 | 56 | 0.382421 | 4
22645491738267 | 48 | 4.6613e-310 | 3
707671616821 | 43 | 9.85925 | 54
1415343233642 | 44 | 9.85925 | 54
2830686467285 | 45 | 9.85925 | 54
5661372934570 | 46 | 2.66481 | 13
11322745869140 | 47 | 2.66481 | 13
22645491738280 | 48 | 1.58101e-322 | 10
22645491738281 | 48 | -0.692878 | 3
5661372934571 | 46 | 9.85925 | 41
11322745869143 | 47 | 9.85925 | 41
22645491738286 | 48 | 9.85925 | 41
45290983476573 | 49 | 9.85925 | 41
90581966953146 | 50 | 9.85925 | 41
181163933906293 | 51 | 9.85925 | 41
362327867812587 | 52 | 9.85925 | 41
724655735625174 | 53 | 9.85925 | 41
1449311471250349 | 54 | 9.85925 | 41
2898622942500699 | 55 | 9.85925 | 41
5797245885001398 | 56 | 9.85925 | 41
11594491770002797 | 57 | 9.85925 | 41
23188983540005594 | 58 | 9.85925 | 41
46377967080011189 | 59 | 9.85925 | 41
92755934160022379 | 60 | 9.85925 | 41
185511868320044759 | 61 | 9.85925 | 41
371023736640089518 | 62 | 9.85925 | 41
742047473280179037 | 63 | 9.85925 | 41
1484094946560358074 | 64 | 9.85925 | 41
2968189893120716148 | 65 | 9.85925 | 33
5936379786241432296 | 66 | 9.85925 | 33
-6573984501226687024 | 67 | 9.85925 | 33
5298775071256177568 | 68 | 9.85925 | 33
-7849193931197196480 | 69 | 9.85925 | 33
2748356211315158656 | 70 | 9.85925 | 33
5496712422630317313 | 71 | 9.85925 | 33
-7453319228448916989 | 72 | 9.85925 | 33
3540105616811717638 | 73 | 9.74265 | 22
7080211233623435277 | 74 | 9.74265 | 22
-4286321606462681062 | 75 | 9.74265 | 22
-8572643212925362123 | 76 | 9.74265 | 22
1301457647858827370 | 77 | 9.74265 | 22
2602915295717654740 | 78 | 9.74265 | 22
5205830591435309481 | 79 | 9.74265 | 22
-8035082890838932654 | 80 | 9.74265 | 22
2376578292031686308 | 81 | 9.74265 | 22
4753156584063372617 | 82 | 9.74265 | 22
-8940430905582806381 | 83 | 9.74265 | 22
565882262543938854 | 84 | 9.74265 | 22
1131764525087877708 | 85 | 9.74265 | 22
2263529050175755417 | 86 | 9.74265 | 22
4527058100351510835 | 87 | 9.74265 | 22
9054116200703021670 | 88 | 9.74265 | 22
-338511672303508275 | 89 | 9.74265 | 22
-677023344607016549 | 90 | 9.74265 | 22
-1354046689214033098 | 91 | 9.74265 | 22
-2708093378428066196 | 92 | 50.2721 | 9
-2708093378428066195 | 92 | 9.4494 | 13
-5416186756856132390 | 93 | 9.4494 | 13
7614370559997286837 | 94 | 9.4494 | 13
-3218002953714977941 | 95 | 9.4494 | 13
-6436005907429955882 | 96 | 82.8099 | 3
-6436005907429955881 | 96 | 4.6613e-310 | 10
3540105616811717639 | 73 | 5.19406 | 11
7080211233623435278 | 74 | 5.19406 | 11
-4286321606462681060 | 75 | 5.19406 | 11
-8572643212925362119 | 76 | 5.19406 | 11
1301457647858827378 | 77 | 5.19406 | 11
2602915295717654756 | 78 | 5.19406 | 11
5205830591435309513 | 79 | 5.19406 | 11
-8035082890838932589 | 80 | 5.19406 | 11
2376578292031686438 | 81 | 4.6613e-310 | 1
2376578292031686439 | 81 | 4.6613e-310 | 10
2968189893120716149 | 65 | 4.6613e-310 | 8
172771391 | 31 | 16.0148 | 208
345542782 | 32 | 14.2931 | 144
691085565 | 33 | 14.2931 | 144
1382171130 | 34 | 14.2931 | 144
2764342261 | 35 | 14.2931 | 144
5528684522 | 36 | 14.2931 | 144
11057369044 | 37 | 14.2931 | 144
22114738089 | 38 | 14.2931 | 144
44229476178 | 39 | 14.2931 | 144
88458952357 | 40 | 14.2931 | 144
176917904715 | 41 | 14.2931 | 144
353835809430 | 42 | 5.73723 | 29
707671618860 | 43 | 5.73723 | 29
1415343237720 | 44 | 3.49429 | 12
2830686475440 | 45 | 3.49429 | 12
5661372950881 | 46 | 3.49429 | 12
11322745901762 | 47 | 3.49429 | 12
22645491803524 | 48 | 3.49429 | 12
45290983607049 | 49 | 3.49429 | 12
90581967214099 | 50 | 3.49429 | 12
181163934428198 | 51 | 3.49429 | 12
362327868856397 | 52 | 3.49429 | 12
724655737712794 | 53 | 4.00193e-322 | 6
724655737712795 | 53 | 2.35916 | 6
1415343237721 | 44 | 3.89123 | 17
2830686475442 | 45 | 3.89123 | 17
5661372950885 | 46 | 3.89123 | 17
11322745901770 | 47 | 0 | 7
11322745901771 | 47 | 0.138164 | 10
353835809431 | 42 | 9.61773 | 115
707671618863 | 43 | 9.61773 | 115
1415343237727 | 44 | 9.61773 | 115
2830686475455 | 45 | 9.61773 | 115
5661372950911 | 46 | 9.61773 | 115
11322745901823 | 47 | 9.61773 | 115
22645491803646 | 48 | 9.15896 | 114
45290983607292 | 49 | 9.15896 | 114
90581967214584 | 50 | 6.95061e-310 | 5
90581967214585 | 50 | 9.15896 | 109
181163934429171 | 51 | 9.15896 | 109
362327868858343 | 52 | 9.15896 | 109
724655737716687 | 53 | 9.15896 | 109
1449311475433375 | 54 | 9.15896 | 109
2898622950866750 | 55 | 9.15896 | 109
5797245901733501 | 56 | 9.15896 | 109
11594491803467003 | 57 | 9.15896 | 109
23188983606934006 | 58 | 9.15896 | 109
46377967213868012 | 59 | 8.79335 | 101
92755934427736025 | 60 | 8.79335 | 101
185511868855472051 | 61 | 8.79335 | 101
371023737710944103 | 62 | 8.79335 | 101
742047475421888206 | 63 | 8.08927 | 76
1484094950843776412 | 64 | 8.08927 | 76
2968189901687552825 | 65 | 8.08927 | 76
5936379803375105650 | 66 | 8.08927 | 76
-6573984466959340315 | 67 | 8.08927 | 76
5298775139790870986 | 68 | 8.08927 | 76
-7849193794127809643 | 69 | 8.08927 | 76
2748356485453932330 | 70 | 8.08927 | 76
5496712970907864660 | 71 | 8.08927 | 76
-7453318131893822296 | 72 | 3.95003 | 17
3540107809921907025 | 73 | 3.95003 | 17
7080215619843814050 | 74 | 3.95003 | 17
-4286312834021923516 | 75 | 3.95003 | 17
-8572625668043847031 | 76 | 3.95003 | 17
1301492737621857555 | 77 | 3.95003 | 17
2602985475243715110 | 78 | 3.95003 | 17
5205970950487430220 | 79 | 3.95003 | 17
-8034802172734691175 | 80 | 3.95003 | 17
2377139728240169267 | 81 | 3.95003 | 17
4754279456480338535 | 82 | 3.95003 | 17
-8938185160748874546 | 83 | 3.95003 | 17
570373752211802524 | 84 | 3.95003 | 17
1140747504423605049 | 85 | 3.95003 | 17
2281495008847210099 | 86 | 3.95003 | 17
4562990017694420198 | 87 | 3.95003 | 17
9125980035388840396 | 88 | 3.95003 | 17
-194784002931870823 | 89 | 3.95003 | 17
-389568005863741646 | 90 | 0.711557 | 4
-389568005863741645 | 90 | 3.95003 | 13
-779136011727483290 | 91 | 3.95003 | 13
-1558272023454966580 | 92 | 7.11455e-322 | 3
-1558272023454966579 | 92 | 4.6613e-310 | 10
-7453318131893822295 | 72 | 7.36587 | 59
3540107809921907026 | 73 | 7.36587 | 59
7080215619843814052 | 74 | 4.34574 | 25
-4286312834021923512 | 75 | 2.35877 | 6
-4286312834021923511 | 75 | 3.83928 | 19
-8572625668043847022 | 76 | 3.83928 | 19
1301492737621857573 | 77 | 3.83928 | 19
2602985475243715146 | 78 | 2.64173 | 10
2602985475243715147 | 78 | 2.37152e-322 | 9
7080215619843814053 | 74 | 6.382 | 34
-4286312834021923510 | 75 | 4.6613e-310 | 7
-4286312834021923509 | 75 | 5.60587 | 27
-8572625668043847017 | 76 | 5.60587 | 27
1301492737621857583 | 77 | 5.60587 | 27
2602985475243715167 | 78 | 5.60587 | 27
5205970950487430334 | 79 | 5.60587 | 27
-8034802172734690947 | 80 | 5.60587 | 27
2377139728240169722 | 81 | 5.60587 | 27
4754279456480339444 | 82 | 5.60587 | 22
-8938185160748872728 | 83 | 0 | 7
-8938185160748872727 | 83 | 5.01685 | 15
570373752211806163 | 84 | 5.01685 | 15
1140747504423612327 | 85 | 5.01685 | 15
2281495008847224655 | 86 | 5.01685 | 15
4562990017694449310 | 87 | 9.71703 | 6
4562990017694449311 | 87 | 13.5907 | 9
4754279456480339445 | 82 | 4.6613e-310 | 5
742047475421888207 | 63 | 2.82088 | 25
1484094950843776414 | 64 | 2.82088 | 25
2968189901687552828 | 65 | 2.82088 | 25
5936379803375105657 | 66 | 2.82088 | 25
-6573984466959340302 | 67 | 1.89204 | 14
5298775139790871013 | 68 | 1.89204 | 14
-7849193794127809589 | 69 | 1.89204 | 14
2748356485453932439 | 70 | 1.89204 | 14
5496712970907864878 | 71 | 1.89204 | 14
-7453318131893821860 | 72 | 4.6613e-310 | 1
-7453318131893821859 | 72 | 1.89204 | 13
3540107809921907898 | 73 | 1.89204 | 13
7080215619843815796 | 74 | 1.89204 | 13
-4286312834021920024 | 75 | 1.89204 | 13
-8572625668043840048 | 76 | 0.640781 | 4
-8572625668043840047 | 76 | 1.02766e-321 | 9
-6573984466959340301 | 67 | 1.36143 | 11
5298775139790871015 | 68 | 1.36143 | 11
-7849193794127809585 | 69 | 1.36143 | 11
2748356485453932447 | 70 | 1.36143 | 11
5496712970907864894 | 71 | 4.6613e-310 | 8
5496712970907864895 | 71 | 1.02766e-321 | 3
46377967213868013 | 59 | 4.6613e-310 | 8
22645491803647 | 48 | 4.6613e-310 | 1
345542783 | 32 | 9.842 | 64
691085566 | 33 | 9.842 | 64
1382171132 | 34 | 9.842 | 64
2764342265 | 35 | 9.842 | 64
5528684530 | 36 | 9.842 | 64
11057369060 | 37 | 9.842 | 64
22114738120 | 38 | 9.842 | 64
44229476241 | 39 | 9.842 | 64
88458952482 | 40 | 9.842 | 64
176917904964 | 41 | 3.21143e-322 | 9
176917904965 | 41 | 8.59928 | 55
353835809930 | 42 | 6.3427 | 22
707671619860 | 43 | 6.3427 | 22
1415343239720 | 44 | 6.3427 | 22
2830686479440 | 45 | 6.3427 | 22
5661372958881 | 46 | 6.3427 | 22
11322745917762 | 47 | 6.3427 | 22
22645491835524 | 48 | 6.3427 | 22
45290983671049 | 49 | 6.3427 | 22
90581967342099 | 50 | 6.3427 | 22
181163934684198 | 51 | 6.3427 | 22
362327869368396 | 52 | 6.3427 | 22
724655738736792 | 53 | 4.42033 | 14
1449311477473584 | 54 | 4.42033 | 14
2898622954947169 | 55 | 4.42033 | 14
5797245909894339 | 56 | 4.42033 | 14
11594491819788678 | 57 | 18.0081 | 5
11594491819788679 | 57 | 0.764365 | 9
724655738736793 | 53 | 4.6613e-310 | 8
353835809931 | 42 | 5.69813 | 33
707671619862 | 43 | 5.69813 | 33
1415343239724 | 44 | 5.69813 | 33
2830686479448 | 45 | 5.69813 | 33
5661372958897 | 46 | 5.69813 | 33
11322745917795 | 47 | 5.69813 | 33
22645491835591 | 48 | 5.69813 | 33
45290983671183 | 49 | 5.69813 | 33
90581967342366 | 50 | 4.92016 | 32
181163934684733 | 51 | 4.92016 | 32
362327869369467 | 52 | 4.92016 | 32
724655738738935 | 53 | 4.92016 | 32
1449311477477871 | 54 | 4.92016 | 32
2898622954955743 | 55 | 4.92016 | 32
5797245909911486 | 56 | 4.92016 | 32
11594491819822972 | 57 | 4.92016 | 32
23188983639645944 | 58 | 4.92016 | 32
46377967279291888 | 59 | 4.92016 | 32
92755934558583776 | 60 | 4.92016 | 27
185511869117167552 | 61 | 12.3873 | 2
185511869117167553 | 61 | 4.17982 | 25
371023738234335106 | 62 | 4.17982 | 25
742047476468670213 | 63 | 4.17982 | 25
1484094952937340427 | 64 | 4.17982 | 25
2968189905874680855 | 65 | 4.17982 | 25
5936379811749361710 | 66 | 4.17982 | 17
-6573984450210828196 | 67 | 4.17982 | 17
5298775173287895224 | 68 | 4.17982 | 17
-7849193727133761167 | 69 | 4.17982 | 17
2748356619442029282 | 70 | 4.17982 | 17
5496713238884058564 | 71 | 4.17982 | 17
-7453317595941434488 | 72 | 4.17982 | 11
3540108881826682641 | 73 | 4.17982 | 11
7080217763653365282 | 74 | 4.17982 | 11
-4286308546402821051 | 75 | 4.17982 | 11
-8572617092805642102 | 76 | 4.17982 | 11
1301509888098267413 | 77 | 4.17982 | 11
2603019776196534827 | 78 | 4.17982 | 11
5206039552393069655 | 79 | 4.17982 | 11
-8034664968923412305 | 80 | 4.17982 | 11
2377414135862727007 | 81 | 4.17982 | 11
4754828271725454015 | 82 | 4.17982 | 11
-8937087530258643585 | 83 | 4.17982 | 11
572569013192264447 | 84 | 4.17982 | 11
1145138026384528894 | 85 | 4.17982 | 11
2290276052769057788 | 86 | 7.27641 | 2
2290276052769057789 | 86 | 1.58101e-322 | 9
-7453317595941434487 | 72 | 4.6613e-310 | 6
5936379811749361711 | 66 | 4.6613e-310 | 8
92755934558583777 | 60 | 4.6613e-310 | 5
90581967342367 | 50 | 4.6613e-310 | 1
21091 | 18 | 8.64203 | 69
42183 | 19 | 8.64203 | 69
84367 | 20 | 8.64203 | 69
168734 | 21 | 8.64203 | 69
337468 | 22 | 8.64203 | 69
674936 | 23 | 8.64203 | 69
1349873 | 24 | 8.64203 | 69
2699746 | 25 | 8.64203 | 69
5399493 | 26 | 8.64203 | 69
10798986 | 27 | 6.95061e-310 | 10
10798987 | 27 | 7.88238 | 59
21597975 | 28 | 7.88238 | 59
43195950 | 29 | 7.88238 | 59
86391901 | 30 | 7.88238 | 59
172783803 | 31 | 7.88238 | 59
345567606 | 32 | 7.88238 | 59
691135212 | 33 | 7.88238 | 59
1382270425 | 34 | 7.88238 | 59
2764540851 | 35 | 7.88238 | 59
5529081703 | 36 | 7.88238 | 59
11058163407 | 37 | 7.88238 | 59
22116326814 | 38 | 7.88238 | 59
44232653628 | 39 | 7.88238 | 59
88465307257 | 40 | 7.88238 | 59
176930614515 | 41 | 7.88238 | 59
353861229031 | 42 | 7.88238 | 59
707722458062 | 43 | 4.45159 | 31
1415444916125 | 44 | 4.45159 | 31
2830889832250 | 45 | 1.63042e-322 | 8
2830889832251 | 45 | 4.06515 | 23
5661779664502 | 46 | 4.06515 | 23
11323559329004 | 47 | 4.06515 | 23
22647118658009 | 48 | 4.06515 | 23
45294237316019 | 49 | 4.06515 | 23
90588474632038 | 50 | 4.06515 | 23
181176949264076 | 51 | 4.06515 | 22
362353898528153 | 52 | 4.06515 | 22
724707797056306 | 53 | 4.06515 | 22
1449415594112612 | 54 | 1.58101e-322 | 10
1449415594112613 | 54 | 4.06515 | 12
2898831188225226 | 55 | 1.63042e-322 | 4
2898831188225227 | 55 | 1.58101e-322 | 8
181176949264077 | 51 | 1.63042e-322 | 1
707722458063 | 43 | 4.5579 | 28
1415444916126 | 44 | 4.5579 | 28
2830889832252 | 45 | 4.5579 | 28
5661779664504 | 46 | 4.5579 | 28
11323559329009 | 47 | 4.5579 | 28
22647118658018 | 48 | 3.77889 | 11
45294237316037 | 49 | 3.77889 | 11
90588474632075 | 50 | 3.77889 | 11
181176949264151 | 51 | 3.77889 | 11
362353898528303 | 52 | 3.77889 | 11
724707797056607 | 53 | 3.77889 | 11
1449415594113214 | 54 | 3.77889 | 11
2898831188226429 | 55 | 3.77889 | 11
5797662376452859 | 56 | 3.77889 | 11
11595324752905718 | 57 | 3.77889 | 11
23190649505811437 | 58 | 3.77889 | 11
46381299011622874 | 59 | 2.37152e-322 | 8
46381299011622875 | 59 | 2.37152e-322 | 3
22647118658019 | 48 | 3.98809 | 17
45294237316038 | 49 | 3.98809 | 17
90588474632077 | 50 | 3.98809 | 17
181176949264155 | 51 | 3.98809 | 17
362353898528310 | 52 | 3.98809 | 17
724707797056620 | 53 | 3.98809 | 17
1449415594113240 | 54 | 3.98809 | 17
2898831188226480 | 55 | 3.98809 | 17
5797662376452961 | 56 | 3.98809 | 17
11595324752905923 | 57 | 3.98809 | 17
23190649505811846 | 58 | 3.98809 | 17
46381299011623692 | 59 | 3.18438 | 15
92762598023247385 | 60 | 3.18438 | 15
185525196046494770 | 61 | 1.63042e-322 | 10
185525196046494771 | 61 | 1.58101e-322 | 5
46381299011623693 | 59 | 4.6613e-310 | 2
5273 | 16 | 8.25943 | 65
10547 | 17 | 8.25943 | 65
21094 | 18 | 8.25943 | 65
42189 | 19 | 8.25943 | 65
84378 | 20 | 8.25943 | 65
168756 | 21 | 8.25943 | 65
337512 | 22 | 8.25943 | 65
675025 | 23 | 8.25943 | 65
1350051 | 24 | 8.25943 | 65
2700102 | 25 | 8.25943 | 65
5400204 | 26 | 8.25943 | 65
10800408 | 27 | -0.0377882 | 5
10800409 | 27 | 7.95823 | 60
21600819 | 28 | 7.95823 | 60
43201638 | 29 | 4.6613e-310 | 5
43201639 | 29 | 7.11544 | 55
86403278 | 30 | 7.11544 | 55
172806556 | 31 | 7.11544 | 55
345613112 | 32 | 7.11544 | 55
691226225 | 33 | 7.11544 | 55
1382452451 | 34 | 7.11544 | 55
2764904902 | 35 | 7.11544 | 54
5529809804 | 36 | 5.71188 | 19
11059619609 | 37 | 5.71188 | 19
22119239218 | 38 | 4.32987 | 13
44238478437 | 39 | 4.32987 | 13
88476956875 | 40 | 4.32987 | 13
176953913751 | 41 | 4.32987 | 13
353907827503 | 42 | 4.32987 | 13
707815655007 | 43 | 4.32987 | 13
1415631310014 | 44 | 4.32987 | 13
2831262620028 | 45 | 4.32987 | 13
5662525240057 | 46 | 4.32987 | 13
11325050480115 | 47 | 4.32987 | 13
22650100960230 | 48 | 4.32987 | 13
45300201920461 | 49 | 4.32987 | 13
90600403840922 | 50 | 4.32987 | 13
181200807681844 | 51 | 4.32987 | 13
362401615363688 | 52 | 4.32987 | 13
724803230727377 | 53 | 4.32987 | 13
1449606461454755 | 54 | 4.32987 | 13
2899212922909510 | 55 | 4.32987 | 13
5798425845819021 | 56 | 4.32987 | 13
11596851691638042 | 57 | 4.32987 | 13
23193703383276085 | 58 | 4.32987 | 13
46387406766552171 | 59 | 4.32987 | 13
92774813533104343 | 60 | 4.32987 | 13
185549627066208687 | 61 | 4.32987 | 13
371099254132417374 | 62 | 4.32987 | 13
742198508264834748 | 63 | 4.32987 | 13
1484397016529669497 | 64 | 4.32987 | 13
2968794033059338995 | 65 | 4.32987 | 13
5937588066118677990 | 66 | 3.45587 | 11
-6571567941472195636 | 67 | 3.45587 | 11
5303608190765160345 | 68 | 3.45587 | 11
-7839527692179230925 | 69 | 3.45587 | 11
2767688689351089766 | 70 | 3.45587 | 11
5535377378702179533 | 71 | 3.45587 | 11
-7375989316305192549 | 72 | 3.45587 | 11
3694765441099166519 | 73 | 3.45587 | 11
7389530882198333038 | 74 | 1.58101e-322 | 9
7389530882198333039 | 74 | 1.58101e-322 | 2
5937588066118677991 | 66 | 1.58101e-322 | 2
22119239219 | 38 | 4.6613e-310 | 6
5529809805 | 36 | 4.01727 | 35
11059619611 | 37 | 4.01727 | 35
22119239223 | 38 | 4.01727 | 35
44238478447 | 39 | 4.01727 | 35
88476956894 | 40 | 4.01727 | 35
176953913789 | 41 | 4.01727 | 35
353907827579 | 42 | 4.01727 | 35
707815655159 | 43 | 4.01727 | 35
1415631310318 | 44 | 4.01727 | 35
2831262620637 | 45 | 4.01727 | 35
5662525241274 | 46 | 4.01727 | 35
11325050482549 | 47 | 4.01727 | 35
22650100965099 | 48 | 4.01727 | 35
45300201930198 | 49 | 4.01727 | 35
90600403860396 | 50 | 4.01727 | 35
181200807720793 | 51 | 4.01727 | 35
362401615441587 | 52 | 4.01727 | 35
724803230883174 | 53 | 4.01727 | 35
1449606461766349 | 54 | 4.01727 | 35
2899212923532699 | 55 | 4.01727 | 35
5798425847065398 | 56 | 4.01727 | 35
11596851694130796 | 57 | 3.92063 | 29
23193703388261593 | 58 | 3.92063 | 29
46387406776523187 | 59 | 3.92063 | 29
92774813553046375 | 60 | 3.92063 | 29
185549627106092751 | 61 | 3.92063 | 29
371099254212185502 | 62 | 1.58101e-322 | 7
371099254212185503 | 62 | 3.4689 | 22
742198508424371007 | 63 | 3.4689 | 22
1484397016848742014 | 64 | 3.4689 | 22
2968794033697484028 | 65 | 3.4689 | 22
5937588067394968056 | 66 | 2.9586 | 19
-6571567938919615503 | 67 | 2.9586 | 19
5303608195870320610 | 68 | 2.9586 | 19
-7839527681968910396 | 69 | 2.9586 | 19
2767688709771730825 | 70 | 2.9586 | 19
5535377419543461650 | 71 | 1.63042e-322 | 9
5535377419543461651 | 71 | 1.63042e-322 | 10
5937588067394968057 | 66 | 1.58101e-322 | 3
11596851694130797 | 57 | 1.58101e-322 | 6
2764904903 | 35 | 4.6613e-310 | 1
1319 | 14 | 9.77519 | 23
2639 | 15 | 9.77519 | 23
5278 | 16 | 8.53175 | 20
10556 | 17 | 8.53175 | 20
21113 | 18 | 8.53175 | 20
42226 | 19 | 8.53175 | 20
84452 | 20 | 4.6613e-310 | 3
84453 | 20 | 6.32836 | 17
168907 | 21 | 6.32836 | 17
337814 | 22 | 6.32836 | 17
675629 | 23 | 6.32836 | 17
1351258 | 24 | 6.32836 | 17
2702517 | 25 | 6.32836 | 17
5405034 | 26 | 4.6613e-310 | 3
5405035 | 26 | 5.75376 | 14
10810070 | 27 | 5.2317 | 12
21620140 | 28 | 4.10557 | 4
21620141 | 28 | 2.98109 | 8
10810071 | 27 | 8.02581 | 2
5279 | 16 | 4.6613e-310 | 3
1 | 3 | 4.6613e-310 | 6
