ID | Depth | diameter | Number of points
0 | 0 | 29.316 | 1600
0 | 1 | 29.316 | 1600
1 | 2 | 29.316 | 1600
3 | 3 | 29.316 | 1600
7 | 4 | 29.316 | 1600
14 | 5 | 27.6917 | 718
29 | 6 | 27.6917 | 718
59 | 7 | 27.6917 | 718
119 | 8 | 27.6917 | 718
239 | 9 | 27.6917 | 718
478 | 10 | 27.6917 | 718
956 | 11 | 27.6917 | 718
1912 | 12 | 22.309 | 275
3824 | 13 | 11.0859 | 29
7648 | 14 | 11.0859 | 29
15297 | 15 | 11.0859 | 29
30595 | 16 | 11.0859 | 29
61190 | 17 | 11.0859 | 29
122380 | 18 | 11.0859 | 29
244761 | 19 | 11.0859 | 29
489522 | 20 | 11.0859 | 29
979044 | 21 | 9.52967 | 24
1958089 | 22 | 9.52967 | 24
3916179 | 23 | 9.52967 | 24
7832358 | 24 | 9.52967 | 24
15664716 | 25 | 9.52967 | 24
31329432 | 26 | 9.52967 | 24
62658864 | 27 | 9.52967 | 24
125317729 | 28 | 9.52967 | 24
250635458 | 29 | 9.52967 | 24
501270917 | 30 | 9.52967 | 24
1002541835 | 31 | 9.52967 | 24
2005083671 | 32 | 9.52967 | 24
4010167342 | 33 | 6.34348 | 17
8020334685 | 34 | 6.34348 | 17
16040669371 | 35 | 6.34348 | 17
32081338743 | 36 | 6.34348 | 17
64162677486 | 37 | 4.68058e-310 | 10
64162677487 | 37 | 4.48536 | 7
4010167343 | 33 | 4.68058e-310 | 7
979045 | 21 | 4.68058e-310 | 5
3825 | 13 | 19.4384 | 246
7650 | 14 | 19.224 | 125
15301 | 15 | 19.224 | 125
30602 | 16 | 19.224 | 125
61205 | 17 | 19.224 | 125
122410 | 18 | 19.224 | 125
244821 | 19 | 19.224 | 125
489642 | 20 | 19.224 | 125
979284 | 21 | 19.224 | 125
1958568 | 22 | 6.98184 | 12
3917136 | 23 | 6.98184 | 12
7834272 | 24 | 3.80733 | 11
15668544 | 25 | 6.9319e-310 | 4
15668545 | 25 | 4.68058e-310 | 7
7834273 | 24 | 4.68058e-310 | 1
1958569 | 22 | 16.6301 | 113
3917139 | 23 | 16.6301 | 113
7834278 | 24 | 6.11416 | 24
15668557 | 25 | 6.11416 | 24
31337115 | 26 | 6.11416 | 24
62674230 | 27 | 6.11416 | 22
125348460 | 28 | 6.11416 | 22
250696921 | 29 | 6.11416 | 22
501393843 | 30 | 6.11416 | 22
1002787686 | 31 | 6.11416 | 22
2005575373 | 32 | 6.11416 | 22
4011150746 | 33 | 6.11416 | 22
8022301493 | 34 | 6.11416 | 22
16044602986 | 35 | 6.11416 | 22
32089205973 | 36 | 6.11416 | 22
64178411946 | 37 | 6.11416 | 22
128356823893 | 38 | 6.11416 | 22
256713647786 | 39 | 6.11416 | 22
513427295572 | 40 | 6.11416 | 22
1026854591144 | 41 | 6.11416 | 22
2053709182289 | 42 | 6.11416 | 22
4107418364578 | 43 | 6.11416 | 22
8214836729157 | 44 | 6.11416 | 22
16429673458314 | 45 | 9.54993 | 10
16429673458315 | 45 | 3.46901 | 12
32859346916630 | 46 | 3.46901 | 12
65718693833260 | 47 | 9.0439 | 2
65718693833261 | 47 | 9.15128 | 10
62674231 | 27 | 4.68058e-310 | 2
7834279 | 24 | 12.7304 | 89
15668559 | 25 | 12.7304 | 89
31337118 | 26 | 12.7304 | 89
62674236 | 27 | 12.7304 | 89
125348472 | 28 | 12.7304 | 89
250696945 | 29 | 12.7304 | 89
501393891 | 30 | 12.7304 | 89
1002787782 | 31 | 9.29584 | 1
1002787783 | 31 | 11.6295 | 88
2005575566 | 32 | 11.6295 | 88
4011151133 | 33 | 11.6295 | 88
8022302266 | 34 | 11.6295 | 88
16044604533 | 35 | 11.6295 | 88
32089209067 | 36 | 11.6295 | 88
64178418134 | 37 | 11.6295 | 88
128356836269 | 38 | 11.6295 | 88
256713672539 | 39 | 11.6295 | 88
513427345079 | 40 | 11.6295 | 88
1026854690159 | 41 | 11.6295 | 88
2053709380319 | 42 | 11.6295 | 88
4107418760638 | 43 | 11.6295 | 88
8214837521276 | 44 | 11.6295 | 88
16429675042552 | 45 | 11.6295 | 88
32859350085104 | 46 | 11.6295 | 88
65718700170208 | 47 | 1.46589 | 3
65718700170209 | 47 | 11.6295 | 85
131437400340418 | 48 | 11.6295 | 85
262874800680836 | 49 | 10.271 | 45
525749601361672 | 50 | 10.271 | 45
1051499202723344 | 51 | 10.271 | 45
2102998405446688 | 52 | 10.271 | 45
4205996810893377 | 53 | 10.271 | 45
8411993621786754 | 54 | 8.52697 | 34
16823987243573509 | 55 | 8.52697 | 34
33647974487147019 | 56 | 8.52697 | 34
67295948974294038 | 57 | 3.85209 | 1
67295948974294039 | 57 | 8.41352 | 33
134591897948588078 | 58 | 8.41352 | 33
269183795897176157 | 59 | 8.41352 | 33
538367591794352314 | 60 | 8.41352 | 33
1076735183588704629 | 61 | 8.41352 | 33
2153470367177409258 | 62 | 8.41352 | 33
4306940734354818516 | 63 | 3.85913 | 19
8613881468709637033 | 64 | 3.85913 | 19
-1218981136290277549 | 65 | 3.85913 | 19
-2437962272580555098 | 66 | 3.85913 | 19
-4875924545161110196 | 67 | 2.64771 | 12
8694894983387331225 | 68 | 2.64771 | 12
-1056954106934889165 | 69 | 2.64771 | 12
-2113908213869778330 | 70 | 3.07251 | 9
-2113908213869778329 | 70 | 1.85022 | 3
-4875924545161110195 | 67 | 4.68058e-310 | 7
4306940734354818517 | 63 | 8.12527 | 14
8613881468709637034 | 64 | 4.68058e-310 | 8
8613881468709637035 | 64 | 4.68058e-310 | 6
8411993621786755 | 54 | 1.69872 | 11
16823987243573510 | 55 | 1.69872 | 11
33647974487147020 | 56 | 1.69872 | 11
67295948974294040 | 57 | 4.68058e-310 | 4
67295948974294041 | 57 | 4.68058e-310 | 7
262874800680837 | 49 | 7.44013 | 40
525749601361675 | 50 | 7.44013 | 40
1051499202723350 | 51 | 7.44013 | 40
2102998405446700 | 52 | 2.44034 | 1
2102998405446701 | 52 | 7.11877 | 39
4205996810893402 | 53 | 7.11877 | 39
8411993621786804 | 54 | 4.77037 | 19
16823987243573608 | 55 | 4.77037 | 19
33647974487147217 | 56 | 4.77037 | 19
67295948974294435 | 57 | 4.77037 | 19
134591897948588870 | 58 | 4.77037 | 19
269183795897177740 | 59 | 4.77037 | 19
538367591794355480 | 60 | 4.77037 | 19
1076735183588710960 | 61 | 4.77037 | 19
2153470367177421920 | 62 | 4.77037 | 19
4306940734354843841 | 63 | 4.77037 | 19
8613881468709687682 | 64 | 4.77037 | 19
-1218981136290176251 | 65 | 4.77037 | 19
-2437962272580352501 | 66 | 4.77037 | 19
-4875924545160705002 | 67 | 4.77037 | 19
8694894983388141612 | 68 | 4.77037 | 19
-1056954106933268392 | 69 | 2.60153 | 13
-2113908213866536783 | 70 | 2.60153 | 13
-4227816427733073565 | 71 | 2.60153 | 13
-8455632855466147129 | 72 | 2.60153 | 13
1535478362777257358 | 73 | 2.60153 | 13
3070956725554514717 | 74 | 2.60153 | 13
6141913451109029434 | 75 | 2.46429 | 8
6141913451109029435 | 75 | 0 | 5
-1056954106933268391 | 69 | 4.68058e-310 | 6
8411993621786805 | 54 | 2.68359 | 20
16823987243573611 | 55 | 2.68359 | 20
33647974487147222 | 56 | 2.68359 | 20
67295948974294445 | 57 | 2.68359 | 20
134591897948588890 | 58 | 2.68359 | 20
269183795897177781 | 59 | 2.68359 | 20
538367591794355563 | 60 | 2.68359 | 20
1076735183588711126 | 61 | 2.68359 | 20
2153470367177422252 | 62 | 2.68359 | 20
4306940734354844504 | 63 | 2.68359 | 20
8613881468709689009 | 64 | 2.68359 | 20
-1218981136290173598 | 65 | 2.68359 | 20
-2437962272580347195 | 66 | 2.68359 | 20
-4875924545160694389 | 67 | 2.68359 | 20
8694894983388162839 | 68 | 2.68359 | 20
-1056954106933225938 | 69 | 2.68359 | 20
-2113908213866451875 | 70 | 2.68359 | 20
-4227816427732903749 | 71 | 2.68359 | 20
-8455632855465807498 | 72 | 2.68359 | 20
1535478362777936620 | 73 | 5.61002 | 1
1535478362777936621 | 73 | 2.31064 | 19
3070956725555873242 | 74 | 2.31064 | 19
6141913451111746485 | 75 | 2.31064 | 19
-6162917171486058646 | 76 | 114.374 | 3
-6162917171486058645 | 76 | 1.5687 | 16
6120909730737434326 | 77 | 1.5687 | 16
-6204924612234682964 | 78 | 1.5687 | 16
6036894849240185689 | 79 | 1.5687 | 16
-6372954375229180238 | 80 | 1.5687 | 16
5700835323251191141 | 81 | 1.5687 | 16
-7045073427207169333 | 82 | 1.5687 | 16
4356597219295212950 | 83 | 1.5687 | 14
8713194438590425900 | 84 | 0.428348 | 3
8713194438590425901 | 84 | 1.16166 | 11
-1020355196528699814 | 85 | 1.16166 | 11
-2040710393057399628 | 86 | 1.16166 | 11
-4081420786114799255 | 87 | 1.16166 | 11
-8162841572229598510 | 88 | 1.16166 | 11
2121060929250354596 | 89 | 1.16166 | 11
4242121858500709192 | 90 | 6.37345e-322 | 6
4242121858500709193 | 90 | 1.28615 | 5
4356597219295212951 | 83 | 4.68058e-310 | 2
7651 | 14 | 19.3059 | 121
15303 | 15 | 19.3059 | 121
30606 | 16 | 7.73117 | 18
61213 | 17 | 7.73117 | 18
122427 | 18 | 7.73117 | 18
244854 | 19 | 7.73117 | 18
489708 | 20 | 7.73117 | 18
979417 | 21 | 7.73117 | 18
1958835 | 22 | 7.73117 | 18
3917671 | 23 | 7.73117 | 18
7835343 | 24 | 7.73117 | 18
15670687 | 25 | 7.73117 | 18
31341375 | 26 | 7.73117 | 18
62682751 | 27 | 7.73117 | 18
125365502 | 28 | 7.73117 | 18
250731005 | 29 | 7.73117 | 18
501462011 | 30 | 7.73117 | 18
1002924023 | 31 | 7.73117 | 18
2005848046 | 32 | 7.73117 | 18
4011696093 | 33 | 7.73117 | 18
8023392187 | 34 | 7.73117 | 18
16046784374 | 35 | 7.73117 | 18
32093568749 | 36 | 7.73117 | 18
64187137498 | 37 | 4.68058e-310 | 10
64187137499 | 37 | 4.68058e-310 | 8
30607 | 16 | 14.4972 | 103
61215 | 17 | 14.4972 | 103
122430 | 18 | 14.4972 | 103
244860 | 19 | 7.67358 | 16
489721 | 20 | 7.67358 | 16
979442 | 21 | 7.67358 | 16
1958885 | 22 | 7.67358 | 16
3917770 | 23 | 7.67358 | 16
7835541 | 24 | 7.67358 | 16
15671082 | 25 | 7.67358 | 16
31342165 | 26 | 7.67358 | 16
62684330 | 27 | 4.68058e-310 | 10
62684331 | 27 | 4.68058e-310 | 6
244861 | 19 | 12.6164 | 87
489722 | 20 | 12.6164 | 87
979444 | 21 | 12.6164 | 87
1958888 | 22 | 10.804 | 40
3917777 | 23 | 10.804 | 40
7835554 | 24 | 10.804 | 40
15671108 | 25 | 10.804 | 40
31342216 | 26 | 10.804 | 40
62684433 | 27 | 10.804 | 40
125368867 | 28 | 10.804 | 40
250737734 | 29 | 10.804 | 40
501475468 | 30 | 10.804 | 40
1002950937 | 31 | 10.804 | 40
2005901875 | 32 | 10.804 | 40
4011803751 | 33 | 10.804 | 40
8023607503 | 34 | 10.804 | 40
16047215007 | 35 | 10.804 | 40
32094430015 | 36 | 10.804 | 40
64188860030 | 37 | 10.804 | 40
128377720060 | 38 | 10.804 | 40
256755440120 | 39 | 10.804 | 40
513510880241 | 40 | 10.804 | 40
1027021760483 | 41 | 10.804 | 40
2054043520967 | 42 | 10.804 | 40
4108087041934 | 43 | 41.6999 | 3
4108087041935 | 43 | 10.804 | 37
8216174083871 | 44 | 10.804 | 37
16432348167742 | 45 | 4.74676 | 24
32864696335485 | 46 | 4.74676 | 24
65729392670970 | 47 | 4.74676 | 23
131458785341941 | 48 | 4.74676 | 23
262917570683882 | 49 | 4.74676 | 23
525835141367765 | 50 | 4.74676 | 23
1051670282735530 | 51 | 4.74676 | 23
2103340565471060 | 52 | 4.1159 | 22
4206681130942120 | 53 | 4.1159 | 22
8413362261884241 | 54 | 4.1159 | 22
16826724523768482 | 55 | 4.45922 | 9
16826724523768483 | 55 | 1.58266 | 13
33653449047536967 | 56 | 1.58266 | 13
67306898095073934 | 57 | 1.58266 | 13
134613796190147868 | 58 | 1.58266 | 13
269227592380295737 | 59 | 1.58266 | 13
538455184760591474 | 60 | 0.222341 | 5
538455184760591475 | 60 | 0.472493 | 8
2103340565471061 | 52 | 4.68058e-310 | 1
65729392670971 | 47 | 4.68058e-310 | 1
16432348167743 | 45 | 3.32837 | 13
32864696335486 | 46 | 4.68058e-310 | 10
32864696335487 | 46 | 4.68058e-310 | 3
1958889 | 22 | 8.19467 | 47
3917778 | 23 | 8.19467 | 47
7835556 | 24 | 6.25385 | 37
15671112 | 25 | 6.25385 | 37
31342224 | 26 | 6.25385 | 37
62684448 | 27 | 6.25385 | 37
125368896 | 28 | 6.25385 | 37
250737792 | 29 | 6.25385 | 37
501475584 | 30 | 6.25385 | 37
1002951168 | 31 | 6.25385 | 37
2005902337 | 32 | 6.25385 | 37
4011804675 | 33 | 6.25385 | 37
8023609350 | 34 | 6.25385 | 37
16047218700 | 35 | 6.25385 | 37
32094437401 | 36 | 6.25385 | 37
64188874802 | 37 | 0.67821 | 6
64188874803 | 37 | 5.35358 | 31
128377749606 | 38 | 5.35358 | 31
256755499212 | 39 | 5.35358 | 31
513510998424 | 40 | 5.35358 | 31
1027021996848 | 41 | 5.35358 | 31
2054043993696 | 42 | 5.35358 | 31
4108087987392 | 43 | 5.35358 | 31
8216175974785 | 44 | 5.35358 | 31
16432351949570 | 45 | 4.68058e-310 | 8
16432351949571 | 45 | 3.44972 | 23
32864703899142 | 46 | 3.44972 | 23
65729407798284 | 47 | 3.44972 | 23
131458815596568 | 48 | 3.44972 | 23
262917631193137 | 49 | 3.44972 | 23
525835262386275 | 50 | 3.44972 | 23
1051670524772551 | 51 | 3.44972 | 23
2103341049545102 | 52 | 3.44972 | 23
4206682099090204 | 53 | 3.44972 | 23
8413364198180408 | 54 | 3.44972 | 23
16826728396360817 | 55 | 3.44972 | 23
33653456792721635 | 56 | 3.44972 | 23
67306913585443270 | 57 | 3.44972 | 23
134613827170886541 | 58 | 3.44972 | 23
269227654341773083 | 59 | 3.44972 | 23
538455308683546166 | 60 | 3.44972 | 23
1076910617367092332 | 61 | 3.44972 | 23
2153821234734184664 | 62 | 3.44972 | 23
4307642469468369328 | 63 | 3.44972 | 23
8615284938936738656 | 64 | 3.44972 | 23
-1216174195836074304 | 65 | 3.44972 | 23
-2432348391672148608 | 66 | 0.0139042 | 10
-2432348391672148607 | 66 | 2.1659 | 13
-4864696783344297213 | 67 | 2.1659 | 13
8717350507020957191 | 68 | 2.1659 | 13
-1012043059667637234 | 69 | 3.01444 | 5
-1012043059667637233 | 69 | 3.247 | 8
7835557 | 24 | 4.68058e-310 | 10
1913 | 12 | 27.2029 | 443
3826 | 13 | 27.2029 | 443
7652 | 14 | 27.2029 | 443
15305 | 15 | 27.2029 | 443
30610 | 16 | 27.2029 | 443
61221 | 17 | 27.2029 | 443
122443 | 18 | 27.2029 | 443
244887 | 19 | 27.2029 | 443
489774 | 20 | 27.2029 | 443
979548 | 21 | 27.2029 | 443
1959096 | 22 | 27.2029 | 443
3918193 | 23 | 27.2029 | 443
7836387 | 24 | 27.2029 | 443
15672775 | 25 | 27.2029 | 443
31345550 | 26 | 27.2029 | 443
62691101 | 27 | 27.2029 | 443
125382203 | 28 | 27.2029 | 443
250764407 | 29 | 27.2029 | 443
501528814 | 30 | 21.8178 | 67
1003057628 | 31 | 21.8178 | 67
2006115257 | 32 | 21.8178 | 67
4012230514 | 33 | 21.8178 | 67
8024461028 | 34 | 15.7297 | 45
16048922057 | 35 | 15.7297 | 45
32097844114 | 36 | 15.7297 | 27
64195688228 | 37 | 3.01444 | 3
64195688229 | 37 | 3.73757 | 24
128391376458 | 38 | 5.10629 | 1
128391376459 | 38 | 2.4277 | 23
256782752919 | 39 | 2.4277 | 23
513565505838 | 40 | 2.4277 | 23
1027131011676 | 41 | 1.81865 | 12
2054262023352 | 42 | 4.68058e-310 | 1
2054262023353 | 42 | 1.41791 | 11
4108524046707 | 43 | 1.41791 | 11
8217048093414 | 44 | 0 | 1
8217048093415 | 44 | 0.529814 | 10
1027131011677 | 41 | 2.01925 | 11
2054262023355 | 42 | 2.01925 | 11
4108524046711 | 43 | 2.01925 | 11
8217048093423 | 44 | 2.01925 | 11
16434096186846 | 45 | 2.89572 | 2
16434096186847 | 45 | 1.82316 | 9
32097844115 | 36 | 14.5369 | 18
64195688230 | 37 | 14.5369 | 18
128391376461 | 38 | 14.5369 | 18
256782752923 | 39 | 14.5369 | 18
513565505846 | 40 | 14.5369 | 18
1027131011693 | 41 | 14.5369 | 18
2054262023386 | 42 | 14.5369 | 18
4108524046772 | 43 | 14.5369 | 18
8217048093545 | 44 | 14.5369 | 18
16434096187090 | 45 | 14.5369 | 18
32868192374180 | 46 | 14.5369 | 18
65736384748360 | 47 | 4.68058e-310 | 2
65736384748361 | 47 | 14.491 | 16
131472769496722 | 48 | 14.491 | 16
262945538993444 | 49 | 0.00979019 | 2
262945538993445 | 49 | 2.17205 | 14
525891077986891 | 50 | 2.17205 | 14
1051782155973783 | 51 | 2.17205 | 14
2103564311947567 | 52 | 2.17205 | 14
4207128623895134 | 53 | 2.17205 | 14
8414257247790268 | 54 | 2.17205 | 14
16828514495580536 | 55 | 2.17205 | 14
33657028991161073 | 56 | 2.17205 | 14
67314057982322146 | 57 | 2.17205 | 14
134628115964644292 | 58 | 2.17205 | 14
269256231929288585 | 59 | 2.17205 | 14
538512463858577171 | 60 | 2.17205 | 14
1077024927717154343 | 61 | 2.17205 | 14
2154049855434308686 | 62 | 5.46047 | 10
2154049855434308687 | 62 | 23.8413 | 4
8024461029 | 34 | 3.3227 | 22
16048922058 | 35 | 3.3227 | 22
32097844117 | 36 | 3.3227 | 22
64195688234 | 37 | 3.3227 | 22
128391376468 | 38 | 3.3227 | 22
256782752936 | 39 | 3.3227 | 20
513565505872 | 40 | 3.3227 | 20
1027131011745 | 41 | 3.3227 | 20
2054262023490 | 42 | 3.3227 | 20
4108524046981 | 43 | 3.3227 | 20
8217048093962 | 44 | 4.68058e-310 | 8
8217048093963 | 44 | 2.70525 | 12
16434096187926 | 45 | 4.68058e-310 | 5
16434096187927 | 45 | 4.68058e-310 | 7
256782752937 | 39 | 4.68058e-310 | 2
501528815 | 30 | 26.5617 | 376
1003057631 | 31 | 26.5617 | 376
2006115262 | 32 | 26.5617 | 376
4012230524 | 33 | 26.5617 | 376
8024461049 | 34 | 26.5617 | 376
16048922099 | 35 | 26.5617 | 376
32097844198 | 36 | 26.5617 | 376
64195688396 | 37 | 26.5617 | 376
128391376792 | 38 | 26.5617 | 376
256782753584 | 39 | 26.5617 | 376
513565507168 | 40 | 26.5617 | 376
1027131014336 | 41 | 26.5617 | 376
2054262028672 | 42 | 20.4459 | 69
4108524057344 | 43 | 3.21793 | 17
8217048114688 | 44 | 3.21793 | 17
16434096229376 | 45 | 0.837224 | 5
16434096229377 | 45 | 3.21793 | 12
32868192458755 | 46 | 3.21793 | 12
65736384917511 | 47 | 3.21793 | 12
131472769835022 | 48 | 3.21793 | 12
262945539670045 | 49 | 3.21793 | 12
525891079340090 | 50 | 3.21793 | 12
1051782158680180 | 51 | 3.21793 | 12
2103564317360360 | 52 | 3.21793 | 12
4207128634720720 | 53 | 2.80409 | 11
8414257269441440 | 54 | 2.80409 | 11
16828514538882881 | 55 | 2.80409 | 11
33657029077765763 | 56 | 2.80409 | 11
67314058155531526 | 57 | 2.80409 | 11
134628116311063053 | 58 | 2.80409 | 11
269256232622126106 | 59 | 2.80409 | 11
538512465244252213 | 60 | 2.80409 | 11
1077024930488504426 | 61 | 2.80409 | 11
2154049860977008852 | 62 | 2.80409 | 11
4308099721954017705 | 63 | 2.80409 | 11
8616199443908035410 | 64 | 2.80409 | 11
-1214345185893480795 | 65 | 2.80409 | 11
-2428690371786961590 | 66 | 4.68058e-310 | 2
-2428690371786961589 | 66 | 0.754272 | 9
4207128634720721 | 53 | 4.68058e-310 | 1
4108524057345 | 43 | 8.0173 | 52
8217048114691 | 44 | 8.0173 | 52
16434096229382 | 45 | 8.0173 | 52
32868192458765 | 46 | 8.0173 | 52
65736384917531 | 47 | 8.0173 | 52
131472769835062 | 48 | 8.0173 | 52
262945539670124 | 49 | 2.92569 | 33
525891079340248 | 50 | 2.29135 | 29
1051782158680497 | 51 | 2.29135 | 29
2103564317360994 | 52 | 2.29135 | 29
4207128634721989 | 53 | 2.29135 | 29
8414257269443979 | 54 | 2.29135 | 29
16828514538887958 | 55 | 2.29135 | 29
33657029077775916 | 56 | 2.29135 | 29
67314058155551832 | 57 | 2.29135 | 29
134628116311103665 | 58 | 2.29135 | 29
269256232622207330 | 59 | 2.14354 | 19
538512465244414661 | 60 | 2.14354 | 19
1077024930488829323 | 61 | 2.14354 | 19
2154049860977658647 | 62 | 2.14354 | 19
4308099721955317294 | 63 | 0.811926 | 1
4308099721955317295 | 63 | 1.82336 | 18
8616199443910634591 | 64 | 1.82336 | 18
-1214345185888282434 | 65 | 1.82336 | 18
-2428690371776564868 | 66 | 4.68058e-310 | 1
-2428690371776564867 | 66 | 1.82336 | 17
-4857380743553129734 | 67 | 1.82336 | 17
8731982586603292149 | 68 | 1.82336 | 17
-982778900502967318 | 69 | 1.82336 | 17
-1965557801005934636 | 70 | 1.82336 | 17
-3931115602011869272 | 71 | 3.53866 | 1
-3931115602011869271 | 71 | 1.82336 | 16
-7862231204023738542 | 72 | 0.391156 | 4
-7862231204023738541 | 72 | 1.49448 | 12
2722281665662074534 | 73 | 1.49448 | 12
5444563331324149068 | 74 | 1.49448 | 12
-7557617411061253480 | 75 | 1.49448 | 12
3331509251587044656 | 76 | 1.49448 | 12
6663018503174089312 | 77 | 1.49448 | 12
-5120707067361372992 | 78 | 1.49448 | 12
8205329938986805633 | 79 | 1.49448 | 12
-2036084195735940350 | 80 | 1.26975 | 11
-4072168391471880699 | 81 | 1.26975 | 11
-8144336782943761397 | 82 | 1.26975 | 11
2158070507822028823 | 83 | 1.26975 | 11
4316141015644057647 | 84 | 1.26975 | 11
8632282031288115294 | 85 | 1.26975 | 11
-1182180011133321028 | 86 | 1.26975 | 11
-2364360022266642055 | 87 | 1.26975 | 11
-4728720044533284109 | 88 | 1.26975 | 11
8989303984642983399 | 89 | 1.26975 | 11
-468136104423584818 | 90 | 1.26975 | 11
-936272208847169635 | 91 | 1.26975 | 11
-1872544417694339269 | 92 | 1.26975 | 11
-3745088835388678537 | 93 | 1.26975 | 11
-7490177670777357074 | 94 | 1.26975 | 11
3466388732154837468 | 95 | 1.26975 | 11
6932777464309674937 | 96 | 1.26975 | 11
-4581189145090201741 | 97 | 1.26975 | 11
-9162378290180403482 | 98 | 1.26975 | 11
121987493348744653 | 99 | 1.26975 | 11
243974986697489307 | 100 | 1.26975 | 11
487949973394978614 | 101 | 101.571 | 5
487949973394978615 | 101 | 4.37756 | 6
-2036084195735940349 | 80 | 4.68058e-310 | 1
269256232622207331 | 59 | 4.68058e-310 | 10
525891079340249 | 50 | 4.68058e-310 | 4
262945539670125 | 49 | 3.27844 | 19
525891079340250 | 50 | 3.27844 | 19
1051782158680500 | 51 | 4.68058e-310 | 8
1051782158680501 | 51 | 3.27844 | 11
2103564317361003 | 52 | 3.27844 | 11
4207128634722006 | 53 | 4.68058e-310 | 5
4207128634722007 | 53 | 4.68058e-310 | 6
2054262028673 | 42 | 25.9091 | 307
4108524057347 | 43 | 25.9091 | 307
8217048114695 | 44 | 25.9091 | 307
16434096229391 | 45 | 25.9091 | 307
32868192458782 | 46 | 25.9091 | 307
65736384917565 | 47 | 25.9091 | 307
131472769835130 | 48 | 25.9091 | 307
262945539670260 | 49 | 3.21143e-322 | 1
262945539670261 | 49 | 24.497 | 306
525891079340522 | 50 | 24.497 | 306
1051782158681045 | 51 | 24.497 | 306
2103564317362090 | 52 | 24.497 | 306
4207128634724181 | 53 | 24.497 | 306
8414257269448363 | 54 | 24.497 | 306
16828514538896727 | 55 | 24.497 | 306
33657029077793454 | 56 | 24.497 | 218
67314058155586909 | 57 | 24.497 | 218
134628116311173818 | 58 | 24.497 | 218
269256232622347636 | 59 | 24.497 | 218
538512465244695272 | 60 | 24.497 | 218
1077024930489390544 | 61 | 24.497 | 218
2154049860978781088 | 62 | 24.497 | 218
4308099721957562177 | 63 | 24.497 | 218
8616199443915124355 | 64 | 24.497 | 218
-1214345185879302906 | 65 | 24.497 | 218
-2428690371758605812 | 66 | 24.497 | 218
-4857380743517211624 | 67 | 4.68058e-310 | 2
-4857380743517211623 | 67 | 21.5799 | 216
8731982586675128370 | 68 | 21.5799 | 216
-982778900359294875 | 69 | 21.5799 | 216
-1965557800718589749 | 70 | 21.5799 | 216
-3931115601437179497 | 71 | 21.5799 | 216
-7862231202874358994 | 72 | 21.5799 | 216
2722281667960833628 | 73 | 11.5396 | 105
5444563335921667256 | 74 | 11.5396 | 105
-7557617401866217104 | 75 | 11.5396 | 105
3331509269977117408 | 76 | 11.5396 | 105
6663018539954234816 | 77 | 10.9165 | 26
-5120706993801081983 | 78 | 10.9165 | 26
8205330086107387650 | 79 | 10.9165 | 26
-2036083901494776316 | 80 | 10.9165 | 26
-4072167802989552631 | 81 | 10.9165 | 26
-8144335605979105261 | 82 | 10.9165 | 26
2158072861751341094 | 83 | 10.9165 | 26
4316145723502682189 | 84 | 10.9165 | 26
8632291447005364379 | 85 | 10.9165 | 26
-1182161179698822858 | 86 | 10.9165 | 26
-2364322359397645716 | 87 | 10.9165 | 26
-4728644718795291432 | 88 | 62.9034 | 4
-4728644718795291431 | 88 | 8.2025 | 22
8989454636118968754 | 89 | 8.2025 | 22
-467834801471614108 | 90 | 8.2025 | 22
-935669602943228216 | 91 | 8.2025 | 22
-1871339205886456432 | 92 | 8.2025 | 20
-3742678411772912863 | 93 | 8.2025 | 20
-7485356823545825725 | 94 | 8.2025 | 20
3476030426617900166 | 95 | 8.2025 | 20
6952060853235800333 | 96 | 8.2025 | 20
-4542622367237950949 | 97 | 8.2025 | 20
-9085244734475901898 | 98 | 8.2025 | 20
276254604757747821 | 99 | 8.2025 | 20
552509209515495642 | 100 | 0.20774 | 1
552509209515495643 | 100 | 8.00121 | 19
1105018419030991286 | 101 | 8.00121 | 19
2210036838061982572 | 102 | 5.24384 | 16
4420073676123965145 | 103 | 5.24384 | 16
8840147352247930290 | 104 | 0.244887 | 1
8840147352247930291 | 104 | 5.24384 | 15
-766449369213691033 | 105 | 5.24384 | 15
-1532898738427382066 | 106 | 5.24384 | 15
-3065797476854764131 | 107 | 5.24384 | 15
-6131594953709528262 | 108 | 5.24384 | 15
6183554166290495093 | 109 | 5.24384 | 15
-6079635741128561429 | 110 | 5.24384 | 15
6287472591452428759 | 111 | 5.24384 | 15
-5871798890804694098 | 112 | 1.63042e-322 | 1
-5871798890804694097 | 112 | 4.30038 | 14
6703146292100163423 | 113 | 4.30038 | 14
-5040451489509224769 | 114 | 4.30038 | 14
8365841094691102078 | 115 | 4.30038 | 14
-1715061884327347459 | 116 | 4.30038 | 14
-3430123768654694918 | 117 | 4.30038 | 14
-6860247537309389836 | 118 | 4.87928 | 8
-6860247537309389835 | 118 | 69.3069 | 6
2210036838061982573 | 102 | 4.68058e-310 | 3
-1871339205886456431 | 92 | 4.68058e-310 | 2
6663018539954234817 | 77 | 11.5396 | 79
-5120706993801081982 | 78 | 8.49616 | 63
8205330086107387653 | 79 | 8.49616 | 63
-2036083901494776309 | 80 | 8.49616 | 63
-4072167802989552618 | 81 | 8.49616 | 63
-8144335605979105236 | 82 | 8.49616 | 63
2158072861751341144 | 83 | 8.49616 | 63
4316145723502682288 | 84 | 8.49616 | 63
8632291447005364577 | 85 | 8.49616 | 63
-1182161179698822461 | 86 | 8.49616 | 63
-2364322359397644922 | 87 | 8.49616 | 63
-4728644718795289843 | 88 | 8.49616 | 63
8989454636118971931 | 89 | 8.49616 | 63
-467834801471607753 | 90 | 8.49616 | 63
-935669602943215505 | 91 | 8.49616 | 63
-1871339205886431010 | 92 | 8.49616 | 63
-3742678411772862019 | 93 | 8.49616 | 63
-7485356823545724038 | 94 | 1.63042e-322 | 10
-7485356823545724037 | 94 | 6.96523 | 53
3476030426618103542 | 95 | 6.96523 | 53
6952060853236207085 | 96 | 6.96523 | 53
-4542622367237137446 | 97 | 6.96523 | 53
-9085244734474274892 | 98 | 6.96523 | 53
276254604761001832 | 99 | 6.96523 | 53
552509209522003664 | 100 | 6.96523 | 53
1105018419044007329 | 101 | 6.96523 | 53
2210036838088014659 | 102 | 6.96523 | 53
4420073676176029318 | 103 | 6.96523 | 53
8840147352352058637 | 104 | 6.96523 | 53
-766449369005434342 | 105 | 6.96523 | 53
-1532898738010868683 | 106 | 6.96523 | 53
-3065797476021737366 | 107 | 6.96523 | 53
-6131594952043474731 | 108 | 6.96523 | 53
6183554169622602154 | 109 | 6.96523 | 53
-6079635734464347308 | 110 | 6.96523 | 53
6287472604780857000 | 111 | 2.18009 | 5
6287472604780857001 | 111 | 5.8632 | 48
-5871798864147837613 | 112 | 5.8632 | 48
6703146345413876390 | 113 | 5.8632 | 48
-5040451382881798835 | 114 | 5.8632 | 48
8365841307945953947 | 115 | 5.8632 | 48
-1715061457817643722 | 116 | 5.8632 | 48
-3430122915635287443 | 117 | 5.8632 | 48
-6860245831270574886 | 118 | 5.8632 | 48
4726252411168401845 | 119 | 5.8632 | 48
-8994239251372747925 | 120 | 5.8632 | 48
458265570964055767 | 121 | 5.8632 | 48
916531141928111535 | 122 | 5.8632 | 48
1833062283856223071 | 123 | 5.8632 | 48
3666124567712446142 | 124 | 5.46578 | 46
7332249135424892285 | 125 | 5.46578 | 46
-3782245802859767045 | 126 | 5.46578 | 46
-7564491605719534089 | 127 | 5.46578 | 46
3317760862270483439 | 128 | 5.46578 | 46
6635521724540966878 | 129 | 5.46578 | 46
-5175700624627617860 | 130 | 5.46578 | 46
8095342824454315896 | 131 | 5.46578 | 46
-2256058424800919824 | 132 | 5.46578 | 46
-4512116849601839648 | 133 | 5.46578 | 46
-9024233699203679296 | 134 | 5.46578 | 46
398276675302193025 | 135 | 5.46578 | 46
796553350604386050 | 136 | 2.29485 | 20
1593106701208772100 | 137 | 2.29485 | 20
3186213402417544200 | 138 | 2.29485 | 20
6372426804835088400 | 139 | 2.29485 | 20
-5701890464039374816 | 140 | 2.29485 | 18
7042963145630801984 | 141 | 2.29485 | 18
-4360817782447947647 | 142 | 2.29485 | 18
-8721635564895895294 | 143 | 2.29485 | 18
1003472943917761028 | 144 | 2.29485 | 18
2006945887835522057 | 145 | 2.29485 | 18
4013891775671044114 | 146 | 2.29485 | 18
8027783551342088229 | 147 | 2.29485 | 18
-2391176971025375158 | 148 | 1.64324 | 13
-4782353942050750316 | 149 | 1.64324 | 13
8882036189608050985 | 150 | 1.64324 | 13
-682671694493449646 | 151 | 1.64324 | 13
-1365343388986899291 | 152 | 1.64324 | 13
-2730686777973798582 | 153 | 83.0809 | 1
-2730686777973798581 | 153 | 1.64324 | 12
-5461373555947597161 | 154 | 1.64324 | 12
7523996961814357294 | 155 | 1.64324 | 12
-3398750150080837028 | 156 | 1.64324 | 12
-6797500300161674056 | 157 | 52.1213 | 8
-6797500300161674055 | 157 | 108.621 | 4
-2391176971025375157 | 148 | 4.68058e-310 | 5
-5701890464039374815 | 140 | 4.68058e-310 | 2
796553350604386051 | 136 | 3.28825 | 26
1593106701208772102 | 137 | 3.28825 | 26
3186213402417544204 | 138 | 3.28825 | 26
6372426804835088408 | 139 | 4.68058e-310 | 6
6372426804835088409 | 139 | 2.0319 | 20
-5701890464039374798 | 140 | 4.68058e-310 | 8
-5701890464039374797 | 140 | 1.78744 | 12
7042963145630802022 | 141 | 1.78744 | 12
-4360817782447947572 | 142 | 4.68058e-310 | 4
-4360817782447947571 | 142 | 4.68058e-310 | 8
3666124567712446143 | 124 | 4.68058e-310 | 2
-5120706993801081981 | 78 | 10.6096 | 16
8205330086107387655 | 79 | 10.6096 | 16
-2036083901494776306 | 80 | 10.6096 | 16
-4072167802989552612 | 81 | 10.6096 | 16
-8144335605979105224 | 82 | 10.6096 | 16
2158072861751341168 | 83 | 10.6096 | 16
4316145723502682337 | 84 | 10.6096 | 16
8632291447005364674 | 85 | 4.68058e-310 | 4
8632291447005364675 | 85 | 7.92569 | 12
-1182161179698822265 | 86 | 7.92569 | 12
-2364322359397644529 | 87 | 7.92569 | 12
-4728644718795289058 | 88 | 7.92569 | 12
8989454636118973500 | 89 | 7.92569 | 12
-467834801471604616 | 90 | 7.92569 | 12
-935669602943209232 | 91 | 7.92569 | 12
-1871339205886418464 | 92 | 7.92569 | 12
-3742678411772836927 | 93 | 7.92569 | 12
-7485356823545673854 | 94 | 4.68058e-310 | 5
-7485356823545673853 | 94 | 4.68058e-310 | 7
2722281667960833629 | 73 | 11.9477 | 111
5444563335921667258 | 74 | 11.9477 | 111
-7557617401866217100 | 75 | 11.9477 | 111
3331509269977117416 | 76 | 6.96826 | 14
6663018539954234832 | 77 | 6.96826 | 14
-5120706993801081951 | 78 | 6.96826 | 14
8205330086107387714 | 79 | 6.96826 | 14
-2036083901494776188 | 80 | 6.96826 | 14
-4072167802989552375 | 81 | 6.96826 | 14
-8144335605979104749 | 82 | 6.96826 | 14
2158072861751342119 | 83 | 6.96826 | 14
4316145723502684238 | 84 | 6.96826 | 14
8632291447005368476 | 85 | 6.96826 | 14
-1182161179698814664 | 86 | 6.96826 | 14
-2364322359397629328 | 87 | 6.96826 | 14
-4728644718795258655 | 88 | 6.96826 | 14
8989454636119034306 | 89 | 6.96826 | 14
-467834801471483003 | 90 | 6.96826 | 14
-935669602942966006 | 91 | 6.96826 | 14
-1871339205885932012 | 92 | 6.96826 | 14
-3742678411771864024 | 93 | 6.96826 | 14
-7485356823543728048 | 94 | 6.96826 | 14
3476030426622095521 | 95 | 6.96826 | 14
6952060853244191043 | 96 | 6.96826 | 14
-4542622367221169529 | 97 | 6.96826 | 14
-9085244734442339058 | 98 | 6.96826 | 14
276254604824873501 | 99 | 6.96826 | 14
552509209649747003 | 100 | 6.96826 | 14
1105018419299494006 | 101 | 6.96826 | 14
2210036838598988012 | 102 | 6.96826 | 14
4420073677197976025 | 103 | 6.96826 | 14
8840147354395952051 | 104 | 6.96826 | 14
-766449364917647514 | 105 | 2.34582 | 13
-1532898729835295027 | 106 | 2.34582 | 13
-3065797459670590054 | 107 | 6.9319e-310 | 8
-3065797459670590053 | 107 | 4.68058e-310 | 5
-766449364917647513 | 105 | 4.68058e-310 | 1
3331509269977117417 | 76 | 11.6554 | 97
6663018539954234834 | 77 | 4.68058e-310 | 2
6663018539954234835 | 77 | 11.6554 | 95
-5120706993801081945 | 78 | 11.6554 | 95
8205330086107387727 | 79 | 11.6554 | 95
-2036083901494776162 | 80 | 11.6554 | 95
-4072167802989552323 | 81 | 11.6554 | 95
-8144335605979104646 | 82 | 7.11327 | 12
2158072861751342325 | 83 | 7.11327 | 12
4316145723502684651 | 84 | 7.11327 | 12
8632291447005369303 | 85 | 7.11327 | 12
-1182161179698813010 | 86 | 7.11327 | 12
-2364322359397626019 | 87 | 7.11327 | 12
-4728644718795252037 | 88 | 7.11327 | 12
8989454636119047542 | 89 | 7.11327 | 12
-467834801471456532 | 90 | 7.05492 | 8
-467834801471456531 | 90 | 1.11165e-321 | 4
-8144335605979104645 | 82 | 11.3801 | 83
2158072861751342326 | 83 | 11.3801 | 83
4316145723502684652 | 84 | 8.27499 | 64
8632291447005369304 | 85 | 7.14135 | 48
-1182161179698813008 | 86 | 7.14135 | 48
-2364322359397626016 | 87 | 7.14135 | 45
-4728644718795252032 | 88 | 6.66631 | 31
8989454636119047552 | 89 | 6.66631 | 31
-467834801471456511 | 90 | 6.66631 | 31
-935669602942913022 | 91 | 6.66631 | 31
-1871339205885826043 | 92 | 6.66631 | 31
-3742678411771652086 | 93 | 6.66631 | 31
-7485356823543304172 | 94 | 2.39847 | 28
3476030426622943272 | 95 | 1.6374 | 13
6952060853245886544 | 96 | 1.6374 | 13
-4542622367217778527 | 97 | 1.6374 | 13
-9085244734435557054 | 98 | 1.6374 | 13
276254604838437508 | 99 | 0.596846 | 1
276254604838437509 | 99 | 1.6374 | 12
552509209676875018 | 100 | 1.6374 | 12
1105018419353750036 | 101 | 1.6374 | 12
2210036838707500072 | 102 | 1.6374 | 12
4420073677415000144 | 103 | 1.6374 | 12
8840147354830000289 | 104 | 1.6374 | 12
-766449364049551037 | 105 | 1.6374 | 12
-1532898728099102074 | 106 | 1.6374 | 12
-3065797456198204148 | 107 | 41.1736 | 6
-3065797456198204147 | 107 | 3.52517 | 6
3476030426622943273 | 95 | 1.10655 | 15
6952060853245886547 | 96 | 1.10655 | 15
-4542622367217778522 | 97 | 1.10655 | 15
-9085244734435557044 | 98 | 1.10655 | 15
276254604838437529 | 99 | 1.10655 | 15
552509209676875058 | 100 | 1.10655 | 15
1105018419353750117 | 101 | 1.10655 | 15
2210036838707500235 | 102 | 1.10655 | 15
4420073677415000471 | 103 | 1.10655 | 15
8840147354830000942 | 104 | 1.10655 | 15
-766449364049549732 | 105 | 1.10655 | 15
-1532898728099099463 | 106 | 1.10655 | 15
-3065797456198198926 | 107 | 6.9319e-310 | 2
-3065797456198198925 | 107 | 1.09189 | 13
-6131594912396397850 | 108 | 1.09189 | 13
6183554248916755917 | 109 | 1.09189 | 13
-6079635575876039781 | 110 | 1.09189 | 13
6287472921957472054 | 111 | 1.09189 | 13
-5871798229794607507 | 112 | 1.09189 | 13
6703147614120336602 | 113 | 1.09189 | 13
-5040448845468878411 | 114 | 1.09189 | 13
8365846382771794795 | 115 | 1.09189 | 13
-1715051308165962025 | 116 | 1.09189 | 13
-3430102616331924050 | 117 | 1.09189 | 13
-6860205232663848100 | 118 | 1.09189 | 13
4726333608381855416 | 119 | 1.09189 | 13
-8994076856945840784 | 120 | 1.09189 | 13
458590359817870049 | 121 | 1.09189 | 13
917180719635740098 | 122 | 39.2131 | 5
917180719635740099 | 122 | 48.6379 | 8
-7485356823543304171 | 94 | 4.68058e-310 | 3
-4728644718795252031 | 88 | 3.28651 | 14
8989454636119047554 | 89 | 3.28651 | 14
-467834801471456508 | 90 | 4.68058e-310 | 5
-467834801471456507 | 90 | 4.68058e-310 | 9
-2364322359397626015 | 87 | 4.68058e-310 | 3
8632291447005369305 | 85 | 2.6211 | 16
-1182161179698813005 | 86 | 2.6211 | 16
-2364322359397626009 | 87 | 2.6211 | 16
-4728644718795252018 | 88 | 2.6211 | 16
8989454636119047581 | 89 | 2.6211 | 16
-467834801471456454 | 90 | 2.6211 | 16
-935669602942912908 | 91 | 2.6211 | 16
-1871339205885825815 | 92 | 2.6211 | 16
-3742678411771651629 | 93 | 2.6211 | 16
-7485356823543303257 | 94 | 2.6211 | 16
3476030426622945103 | 95 | 2.6211 | 16
6952060853245890206 | 96 | 2.6211 | 16
-4542622367217771204 | 97 | 2.6211 | 16
-9085244734435542407 | 98 | 2.6211 | 16
276254604838466803 | 99 | 2.6211 | 16
552509209676933607 | 100 | 2.6211 | 16
1105018419353867214 | 101 | 2.6211 | 16
2210036838707734428 | 102 | 1.12183 | 3
2210036838707734429 | 102 | 2.36289 | 13
4420073677415468858 | 103 | 2.36289 | 13
8840147354830937717 | 104 | 2.36289 | 13
-766449364047676181 | 105 | 2.36289 | 13
-1532898728095352361 | 106 | 2.36289 | 13
-3065797456190704721 | 107 | 2.36289 | 13
-6131594912381409441 | 108 | 2.36289 | 13
6183554248946732734 | 109 | 2.36289 | 13
-6079635575816086148 | 110 | 2.36289 | 13
6287472922077379321 | 111 | 2.36289 | 13
-5871798229554792974 | 112 | 2.36289 | 13
6703147614599965669 | 113 | 2.36289 | 13
-5040448844509620278 | 114 | 1.65033 | 11
8365846384690311060 | 115 | 4.68058e-310 | 10
8365846384690311061 | 115 | 4.68058e-310 | 1
-5040448844509620277 | 114 | 4.68058e-310 | 2
4316145723502684653 | 84 | 4.87159 | 19
8632291447005369306 | 85 | 2.96097 | 11
-1182161179698813004 | 86 | 2.96097 | 11
-2364322359397626008 | 87 | 2.96097 | 11
-4728644718795252015 | 88 | 2.96097 | 11
8989454636119047587 | 89 | 2.96097 | 11
-467834801471456442 | 90 | 2.96097 | 11
-935669602942912883 | 91 | 2.96097 | 11
-1871339205885825765 | 92 | 2.96097 | 11
-3742678411771651530 | 93 | 2.96097 | 11
-7485356823543303059 | 94 | 2.96097 | 11
3476030426622945498 | 95 | 2.96097 | 11
6952060853245890996 | 96 | 2.96097 | 11
-4542622367217769624 | 97 | 2.96097 | 11
-9085244734435539247 | 98 | 2.96097 | 11
276254604838473123 | 99 | 2.96097 | 11
552509209676946247 | 100 | 2.96097 | 11
1105018419353892494 | 101 | 2.96097 | 11
2210036838707784988 | 102 | 2.96097 | 11
4420073677415569977 | 103 | 2.96097 | 11
8840147354831139954 | 104 | 2.96097 | 11
-766449364047271708 | 105 | 2.96097 | 11
-1532898728094543415 | 106 | 2.96097 | 11
-3065797456189086830 | 107 | 2.96097 | 11
-6131594912378173659 | 108 | 2.96097 | 11
6183554248953204299 | 109 | 2.96097 | 11
-6079635575803143018 | 110 | 2.96097 | 11
6287472922103265581 | 111 | 2.96097 | 11
-5871798229503020454 | 112 | 2.96097 | 11
6703147614703510708 | 113 | 2.96097 | 11
-5040448844302530200 | 114 | 2.96097 | 11
8365846385104491216 | 115 | 4.68058e-310 | 7
8365846385104491217 | 115 | 4.68058e-310 | 4
8632291447005369307 | 85 | 4.68058e-310 | 8
33657029077793455 | 56 | 18.0873 | 88
67314058155586911 | 57 | 18.0873 | 88
134628116311173822 | 58 | 18.0873 | 88
269256232622347645 | 59 | 18.0873 | 88
538512465244695290 | 60 | 18.0873 | 82
1077024930489390580 | 61 | 18.0873 | 82
2154049860978781161 | 62 | 18.0873 | 82
4308099721957562322 | 63 | 18.0873 | 82
8616199443915124645 | 64 | 18.0873 | 82
-1214345185879302325 | 65 | 18.0873 | 82
-2428690371758604650 | 66 | 18.0873 | 82
-4857380743517209300 | 67 | 18.0873 | 82
8731982586675133017 | 68 | 18.0873 | 82
-982778900359285582 | 69 | 18.0873 | 82
-1965557800718571164 | 70 | 18.0873 | 82
-3931115601437142327 | 71 | 18.0873 | 82
-7862231202874284654 | 72 | 18.0873 | 82
2722281667960982308 | 73 | 16.9902 | 75
5444563335921964616 | 74 | 16.9902 | 75
-7557617401865622383 | 75 | 16.9902 | 75
3331509269978306850 | 76 | 3.73786 | 14
6663018539956613700 | 77 | 4.68058e-310 | 10
6663018539956613701 | 77 | 1.58101e-322 | 4
3331509269978306851 | 76 | 12.9564 | 61
6663018539956613703 | 77 | 12.9564 | 61
-5120706993796324209 | 78 | 12.9564 | 61
8205330086116903198 | 79 | 9.59081 | 48
-2036083901475745220 | 80 | 9.59081 | 48
-4072167802951490439 | 81 | 9.59081 | 48
-8144335605902980878 | 82 | 9.59081 | 48
2158072861903589860 | 83 | 9.59081 | 48
4316145723807179721 | 84 | 9.59081 | 48
8632291447614359442 | 85 | 4.43767 | 31
-1182161178480832731 | 86 | 4.43767 | 31
-2364322356961665462 | 87 | 4.43767 | 31
-4728644713923330923 | 88 | 4.43767 | 31
8989454645862889770 | 89 | 4.43767 | 31
-467834781983772075 | 90 | 4.43767 | 31
-935669563967544149 | 91 | 4.43767 | 31
-1871339127935088298 | 92 | 4.43767 | 31
-3742678255870176596 | 93 | 4.43767 | 31
-7485356511740353192 | 94 | 2.31737 | 19
3476031050228845233 | 95 | 2.31737 | 19
6952062100457690466 | 96 | 2.31737 | 19
-4542619872794170684 | 97 | 0.138801 | 5
-4542619872794170683 | 97 | 1.6528 | 14
-9085239745588341365 | 98 | 1.6528 | 14
276264582532868886 | 99 | 1.6528 | 14
552529165065737773 | 100 | 1.6528 | 14
1105058330131475547 | 101 | 1.6528 | 14
2210116660262951095 | 102 | 1.6528 | 14
4420233320525902190 | 103 | 1.6528 | 14
8840466641051804381 | 104 | 1.6528 | 14
-765810791605942854 | 105 | 1.6528 | 14
-1531621583211885707 | 106 | 1.6528 | 14
-3063243166423771414 | 107 | 1.6528 | 14
-6126486332847542828 | 108 | 1.6528 | 14
6193771408014465960 | 109 | 1.6528 | 14
-6059201257680619695 | 110 | 1.6528 | 14
6328341558348312226 | 111 | 1.6528 | 14
-5790060957012927164 | 112 | 1.6528 | 14
6866622159683697288 | 113 | 1.6528 | 14
-4713499754342157039 | 114 | 1.6528 | 14
9019744565025237539 | 115 | 1.6528 | 14
-407254943659076538 | 116 | 243.829 | 3
-407254943659076537 | 116 | 1.6528 | 11
-814509887318153073 | 117 | 1.6528 | 11
-1629019774636306146 | 118 | 1.6528 | 11
-3258039549272612292 | 119 | 1.6528 | 11
-6516079098545224584 | 120 | 1.6528 | 11
5414585876619102448 | 121 | 1.6528 | 11
-7617572320471346719 | 122 | 1.6528 | 11
3211599432766858178 | 123 | 1.6528 | 11
6423198865533716356 | 124 | 4.39304 | 9
6423198865533716357 | 124 | 48.6226 | 2
-7485356511740353191 | 94 | 2.13349 | 12
3476031050228845234 | 95 | 2.13349 | 12
6952062100457690468 | 96 | 2.13349 | 12
-4542619872794170680 | 97 | 4.68058e-310 | 6
-4542619872794170679 | 97 | 4.68058e-310 | 6
8632291447614359443 | 85 | 7.17032 | 17
-1182161178480832730 | 86 | 7.17032 | 17
-2364322356961665460 | 87 | 7.17032 | 17
-4728644713923330919 | 88 | 7.17032 | 17
8989454645862889779 | 89 | 7.17032 | 17
-467834781983772057 | 90 | 7.17032 | 17
-935669563967544114 | 91 | 4.68058e-310 | 8
-935669563967544113 | 91 | 4.68058e-310 | 9
8205330086116903199 | 79 | 5.44978 | 13
-2036083901475745217 | 80 | 5.44978 | 13
-4072167802951490433 | 81 | 5.44978 | 13
-8144335605902980865 | 82 | 5.44978 | 13
2158072861903589887 | 83 | 5.44978 | 13
4316145723807179774 | 84 | 5.44978 | 13
8632291447614359548 | 85 | 5.44978 | 13
-1182161178480832519 | 86 | 5.44978 | 13
-2364322356961665037 | 87 | 5.44978 | 13
-4728644713923330074 | 88 | 4.68058e-310 | 10
-4728644713923330073 | 88 | 4.68058e-310 | 3
2722281667960982309 | 73 | 4.68058e-310 | 7
538512465244695291 | 60 | 4.68058e-310 | 6
15 | 5 | 28.6928 | 882
31 | 6 | 28.6928 | 882
62 | 7 | 28.6928 | 882
124 | 8 | 28.6928 | 882
248 | 9 | 0.159867 | 4
249 | 9 | 28.6928 | 878
498 | 10 | 23.929 | 132
997 | 11 | 23.929 | 132
1994 | 12 | 23.929 | 132
3989 | 13 | 23.929 | 132
7979 | 14 | 23.929 | 132
15958 | 15 | 23.929 | 132
31917 | 16 | 23.929 | 132
63834 | 17 | 23.929 | 132
127668 | 18 | 10.2961 | 24
255336 | 19 | 10.2961 | 24
510672 | 20 | 10.2961 | 24
1021344 | 21 | 10.2961 | 24
2042688 | 22 | 10.2961 | 24
4085376 | 23 | 10.2961 | 24
8170752 | 24 | 10.2961 | 24
16341504 | 25 | 10.2961 | 24
32683009 | 26 | 10.2961 | 24
65366019 | 27 | 10.2961 | 24
130732039 | 28 | 10.2961 | 24
261464079 | 29 | 10.2961 | 24
522928159 | 30 | 10.2961 | 24
1045856318 | 31 | 8.61486 | 17
2091712637 | 32 | 8.61486 | 17
4183425275 | 33 | 8.61486 | 17
8366850550 | 34 | 8.61486 | 17
16733701101 | 35 | 8.61486 | 17
33467402202 | 36 | 8.61486 | 17
66934804404 | 37 | 8.61486 | 17
133869608809 | 38 | 8.61486 | 17
267739217618 | 39 | 7.89363 | 13
535478435237 | 40 | 7.89363 | 13
1070956870474 | 41 | 7.89363 | 13
2141913740948 | 42 | 7.89363 | 13
4283827481897 | 43 | 7.89363 | 13
8567654963794 | 44 | 7.89363 | 13
17135309927589 | 45 | 7.89363 | 13
34270619855179 | 46 | 7.89363 | 13
68541239710359 | 47 | 7.89363 | 13
137082479420718 | 48 | 7.89363 | 13
274164958841436 | 49 | 1.63042e-322 | 7
274164958841437 | 49 | 1.63042e-322 | 6
267739217619 | 39 | 1.63042e-322 | 4
1045856319 | 31 | 4.68058e-310 | 7
127669 | 18 | 18.7432 | 108
255338 | 19 | 18.7432 | 108
510676 | 20 | 18.7432 | 108
1021353 | 21 | 18.7432 | 108
2042706 | 22 | 18.7432 | 108
4085412 | 23 | 18.7432 | 108
8170825 | 24 | 18.7432 | 108
16341650 | 25 | 18.7432 | 108
32683300 | 26 | 18.7432 | 108
65366600 | 27 | 15.9759 | 101
130733200 | 28 | 15.9759 | 101
261466400 | 29 | 15.9759 | 101
522932800 | 30 | 15.9759 | 101
1045865601 | 31 | 15.9759 | 101
2091731203 | 32 | 15.9759 | 101
4183462407 | 33 | 15.9759 | 101
8366924814 | 34 | 15.9759 | 101
16733849628 | 35 | 15.9759 | 100
33467699257 | 36 | 15.9759 | 100
66935398514 | 37 | 15.9759 | 100
133870797028 | 38 | 15.9759 | 100
267741594056 | 39 | 15.9759 | 100
535483188113 | 40 | 15.9759 | 100
1070966376226 | 41 | 1.58101e-322 | 10
1070966376227 | 41 | 15.9759 | 90
2141932752454 | 42 | 15.9759 | 90
4283865504908 | 43 | 15.9759 | 90
8567731009817 | 44 | 15.9759 | 90
17135462019634 | 45 | 15.9759 | 90
34270924039268 | 46 | 15.9759 | 90
68541848078537 | 47 | 15.9759 | 90
137083696157074 | 48 | 14.8739 | 72
274167392314149 | 49 | 14.8739 | 72
548334784628299 | 50 | 14.8739 | 72
1096669569256599 | 51 | 14.8739 | 72
2193339138513198 | 52 | 14.8739 | 72
4386678277026396 | 53 | 14.8739 | 72
8773356554052792 | 54 | 14.8739 | 72
17546713108105584 | 55 | 14.8739 | 72
35093426216211169 | 56 | 14.8739 | 72
70186852432422338 | 57 | 10.4048 | 27
140373704864844676 | 58 | 6.68413 | 1
140373704864844677 | 58 | 8.0053 | 26
280747409729689355 | 59 | 8.0053 | 26
561494819459378710 | 60 | 4.31145 | 11
1122989638918757421 | 61 | 4.31145 | 11
2245979277837514843 | 62 | 4.31145 | 11
4491958555675029686 | 63 | 4.31145 | 11
8983917111350059373 | 64 | 4.31145 | 11
-478909851009432869 | 65 | 4.31145 | 11
-957819702018865737 | 66 | 4.31145 | 11
-1915639404037731474 | 67 | 4.31145 | 11
-3831278808075462947 | 68 | 4.31145 | 11
-7662557616150925893 | 69 | 4.31145 | 11
3121628841407699831 | 70 | 4.31145 | 11
6243257682815399662 | 71 | 3.21143e-322 | 5
6243257682815399663 | 71 | 3.21143e-322 | 6
561494819459378711 | 60 | 8.0053 | 15
1122989638918757422 | 61 | 4.68058e-310 | 10
1122989638918757423 | 61 | 4.68058e-310 | 5
70186852432422339 | 57 | 5.10401 | 45
140373704864844678 | 58 | 5.10401 | 45
280747409729689357 | 59 | 5.10401 | 45
561494819459378714 | 60 | 5.10401 | 45
1122989638918757429 | 61 | 5.10401 | 45
2245979277837514858 | 62 | 5.10401 | 45
4491958555675029717 | 63 | 5.10401 | 45
8983917111350059434 | 64 | 5.10401 | 45
-478909851009432747 | 65 | 5.10401 | 45
-957819702018865494 | 66 | 2.81796 | 12
-1915639404037730987 | 67 | 2.81796 | 12
-3831278808075461974 | 68 | 2.45513 | 11
-7662557616150923947 | 69 | 2.45513 | 11
3121628841407703723 | 70 | 2.45513 | 11
6243257682815407446 | 71 | 2.29922 | 2
6243257682815407447 | 71 | 0 | 9
-3831278808075461973 | 68 | 4.68058e-310 | 1
-957819702018865493 | 66 | 3.71897 | 33
-1915639404037730986 | 67 | 3.71897 | 33
-3831278808075461972 | 68 | 3.05904 | 18
-7662557616150923944 | 69 | 3.05904 | 18
3121628841407703728 | 70 | 3.05904 | 18
6243257682815407456 | 71 | 3.05904 | 18
-5960228708078736704 | 72 | 3.05904 | 18
6526286657552078209 | 73 | 3.05904 | 18
-5394170758605395198 | 74 | 3.05904 | 18
7658402556498761221 | 75 | 3.05904 | 18
-3129938960712029174 | 76 | 0.173492 | 2
-3129938960712029173 | 76 | 2.50069 | 16
-6259877921424058346 | 77 | 2.50069 | 16
5926988230861434924 | 78 | 2.50069 | 16
-6592767611986681768 | 79 | 1.85919 | 15
5261208849736188080 | 80 | 1.85919 | 15
-7924326374237175455 | 81 | 1.85919 | 15
2598091325235200707 | 82 | 1.85919 | 15
5196182650470401414 | 83 | 0.398497 | 8
5196182650470401415 | 83 | 0.249455 | 7
-6592767611986681767 | 79 | 4.68058e-310 | 1
-3831278808075461971 | 68 | 2.92605 | 15
-7662557616150923942 | 69 | 2.92605 | 15
3121628841407703733 | 70 | 2.92605 | 15
6243257682815407467 | 71 | 2.92605 | 15
-5960228708078736681 | 72 | 2.92605 | 15
6526286657552078255 | 73 | 2.92605 | 15
-5394170758605395106 | 74 | 3.33084 | 10
-5394170758605395105 | 74 | 3.14765 | 5
137083696157075 | 48 | 2.88192 | 18
274167392314151 | 49 | 2.88192 | 18
548334784628303 | 50 | 2.88192 | 18
1096669569256606 | 51 | 2.88192 | 18
2193339138513213 | 52 | 2.88192 | 18
4386678277026426 | 53 | 2.88192 | 18
8773356554052853 | 54 | 2.88192 | 18
17546713108105707 | 55 | 2.88192 | 18
35093426216211415 | 56 | 2.88192 | 18
70186852432422831 | 57 | 2.88192 | 18
140373704864845662 | 58 | 2.88192 | 18
280747409729691324 | 59 | 2.88192 | 18
561494819459382648 | 60 | 2.88192 | 18
1122989638918765296 | 61 | 2.88192 | 18
2245979277837530592 | 62 | 2.88192 | 18
4491958555675061185 | 63 | 2.88192 | 18
8983917111350122371 | 64 | 2.88192 | 18
-478909851009306873 | 65 | 2.88192 | 18
-957819702018613746 | 66 | 2.88192 | 18
-1915639404037227491 | 67 | 2.88192 | 18
-3831278808074454982 | 68 | 2.88192 | 18
-7662557616148909963 | 69 | 2.88192 | 18
3121628841411731691 | 70 | 2.88192 | 18
6243257682823463383 | 71 | 2.88192 | 18
-5960228708062624849 | 72 | 2.88192 | 18
6526286657584301918 | 73 | 2.88192 | 18
-5394170758540947780 | 74 | 2.88192 | 18
7658402556627656056 | 75 | 2.88192 | 18
-3129938960454239503 | 76 | 2.88192 | 18
-6259877920908479005 | 77 | 2.88192 | 18
5926988231892593606 | 78 | 2.88192 | 18
-6592767609924364404 | 79 | 2.88192 | 18
5261208853860822809 | 80 | 2.88192 | 18
-7924326365987905998 | 81 | 2.88192 | 18
2598091341733739620 | 82 | 2.88192 | 18
5196182683467479241 | 83 | 2.88192 | 18
-8054378706774593133 | 84 | 2.88192 | 18
2337986660160365350 | 85 | 2.88192 | 18
4675973320320730700 | 86 | 0.146433 | 7
4675973320320730701 | 86 | 1.24793 | 11
-9094797433068090213 | 87 | 1.24793 | 11
257149207573371191 | 88 | 1.24793 | 11
514298415146742383 | 89 | 1.24793 | 11
1028596830293484767 | 90 | 1.24793 | 11
2057193660586969535 | 91 | 1.24793 | 11
4114387321173939070 | 92 | 1.24793 | 11
8228774642347878140 | 93 | 1.24793 | 11
-1989194789013795335 | 94 | 1.24793 | 11
-3978389578027590669 | 95 | 1.24793 | 11
-7956779156055181338 | 96 | 1.24793 | 11
2533185761599188940 | 97 | 1.24793 | 11
5066371523198377880 | 98 | 7.0526 | 1
5066371523198377881 | 98 | 1.72383 | 10
16733849629 | 35 | 4.68058e-310 | 1
65366601 | 27 | 4.68058e-310 | 7
499 | 10 | 26.0847 | 746
998 | 11 | 26.0847 | 746
1997 | 12 | 26.0847 | 746
3994 | 13 | 26.0847 | 746
7988 | 14 | 26.0847 | 746
15976 | 15 | 23.4908 | 665
31952 | 16 | 20.1519 | 312
63904 | 17 | 20.1016 | 282
127809 | 18 | 20.1016 | 282
255618 | 19 | 20.1016 | 282
511236 | 20 | 20.1016 | 282
1022472 | 21 | 20.1016 | 282
2044945 | 22 | 20.1016 | 282
4089890 | 23 | 20.1016 | 282
8179780 | 24 | 16.9764 | 74
16359560 | 25 | 16.9764 | 74
32719121 | 26 | 16.9764 | 74
65438242 | 27 | 16.9764 | 74
130876484 | 28 | 16.9764 | 74
261752968 | 29 | 16.9764 | 74
523505937 | 30 | 16.9764 | 74
1047011874 | 31 | 16.9764 | 74
2094023748 | 32 | 16.9764 | 74
4188047497 | 33 | 16.9764 | 74
8376094994 | 34 | 16.9764 | 74
16752189988 | 35 | 16.9764 | 74
33504379976 | 36 | 12.7761 | 72
67008759953 | 37 | 12.7761 | 72
134017519906 | 38 | 12.7761 | 72
268035039813 | 39 | 12.7761 | 72
536070079627 | 40 | 12.7761 | 72
1072140159255 | 41 | 12.7761 | 72
2144280318510 | 42 | 12.7761 | 72
4288560637021 | 43 | 12.7761 | 72
8577121274042 | 44 | 12.7761 | 72
17154242548084 | 45 | 9.38955 | 47
34308485096168 | 46 | 9.38955 | 47
68616970192337 | 47 | 9.38955 | 47
137233940384675 | 48 | 9.38955 | 47
274467880769350 | 49 | 9.38955 | 47
548935761538700 | 50 | 9.38955 | 47
1097871523077400 | 51 | 9.38955 | 47
2195743046154800 | 52 | 9.38955 | 47
4391486092309601 | 53 | 9.38955 | 47
8782972184619203 | 54 | 9.38955 | 47
17565944369238407 | 55 | 9.38955 | 47
35131888738476815 | 56 | 9.38955 | 47
70263777476953630 | 57 | 9.38955 | 47
140527554953907260 | 58 | 9.38955 | 47
281055109907814520 | 59 | 9.38955 | 47
562110219815629041 | 60 | 9.38955 | 47
1124220439631258082 | 61 | 9.38955 | 47
2248440879262516164 | 62 | 9.38955 | 47
4496881758525032328 | 63 | 9.38955 | 47
8993763517050064657 | 64 | 9.38955 | 47
-459217039609422302 | 65 | 9.38955 | 47
-918434079218844603 | 66 | 9.38955 | 47
-1836868158437689206 | 67 | 9.38955 | 47
-3673736316875378412 | 68 | 9.38955 | 47
-7347472633750756823 | 69 | 9.38955 | 47
3751798806208037971 | 70 | 9.38955 | 47
7503597612416075942 | 71 | 9.38955 | 47
-3439548848877399731 | 72 | 9.38955 | 47
-6879097697754799461 | 73 | 9.38955 | 47
4688548678199952694 | 74 | 9.38955 | 47
-9069646717309646227 | 75 | 9.38955 | 47
307450639090259162 | 76 | 9.38955 | 40
614901278180518324 | 77 | 9.38955 | 40
1229802556361036649 | 78 | 9.38955 | 40
2459605112722073298 | 79 | 9.38955 | 40
4919210225444146596 | 80 | 9.38955 | 40
-8608323622821258423 | 81 | 9.38955 | 40
1230096828067034771 | 82 | 9.38955 | 40
2460193656134069543 | 83 | 9.38955 | 40
4920387312268139086 | 84 | 9.38955 | 40
-8605969449173273444 | 85 | 9.38955 | 40
1234805175363004728 | 86 | 9.09348 | 27
2469610350726009456 | 87 | 9.09348 | 27
4939220701452018913 | 88 | 9.09348 | 27
-8568302670805513790 | 89 | 0 | 6
-8568302670805513789 | 89 | 8.09836 | 21
1310138732098524038 | 90 | 8.09836 | 21
2620277464197048076 | 91 | 0 | 5
2620277464197048077 | 91 | 6.3136 | 16
5240554928394096154 | 92 | 0.783188 | 1
5240554928394096155 | 92 | 6.3136 | 15
-7965634216921359305 | 93 | 6.3136 | 15
2515475639866833007 | 94 | 6.3136 | 15
5030951279733666015 | 95 | 6.3136 | 15
-8384841514242219586 | 96 | 6.3136 | 15
1677061045225112444 | 97 | 3.5115 | 10
1677061045225112445 | 97 | 5.2688 | 5
1234805175363004729 | 86 | 8.09187 | 13
2469610350726009459 | 87 | 8.09187 | 13
4939220701452018918 | 88 | 8.09187 | 13
-8568302670805513780 | 89 | 8.09187 | 13
1310138732098524057 | 90 | 8.09187 | 13
2620277464197048114 | 91 | 4.68058e-310 | 9
2620277464197048115 | 91 | 6.9319e-310 | 4
307450639090259163 | 76 | 8.07652 | 7
17154242548085 | 45 | 7.06873 | 25
34308485096170 | 46 | 7.06873 | 25
68616970192340 | 47 | 4.68058e-310 | 3
68616970192341 | 47 | 6.92387 | 22
137233940384682 | 48 | 5.40418 | 14
274467880769364 | 49 | 5.40418 | 14
548935761538728 | 50 | 5.40418 | 14
1097871523077457 | 51 | 5.40418 | 14
2195743046154915 | 52 | 5.40418 | 14
4391486092309830 | 53 | 5.40418 | 14
8782972184619660 | 54 | 5.40418 | 14
17565944369239320 | 55 | 5.40418 | 14
35131888738478640 | 56 | 5.40418 | 14
70263777476957281 | 57 | 5.40418 | 14
140527554953914563 | 58 | 5.40418 | 14
281055109907829126 | 59 | 5.40418 | 14
562110219815658252 | 60 | 5.40418 | 14
1124220439631316504 | 61 | 5.40418 | 14
2248440879262633008 | 62 | 5.40418 | 14
4496881758525266017 | 63 | 5.40418 | 14
8993763517050532034 | 64 | 6.9319e-310 | 4
8993763517050532035 | 64 | 21.2406 | 10
137233940384683 | 48 | 4.68058e-310 | 8
33504379977 | 36 | 4.68058e-310 | 2
8179781 | 24 | 10.027 | 208
16359562 | 25 | 4.3652 | 21
32719124 | 26 | 4.3652 | 21
65438248 | 27 | 4.3652 | 21
130876496 | 28 | 4.3652 | 21
261752993 | 29 | 4.3652 | 21
523505986 | 30 | 4.3652 | 21
1047011973 | 31 | 4.3652 | 21
2094023946 | 32 | 4.68058e-310 | 1
2094023947 | 32 | 3.07064 | 20
4188047895 | 33 | 3.07064 | 20
8376095790 | 34 | 3.07064 | 20
16752191580 | 35 | 3.07064 | 20
33504383160 | 36 | 3.07064 | 20
67008766321 | 37 | 3.07064 | 20
134017532643 | 38 | 3.07064 | 20
268035065287 | 39 | 3.07064 | 20
536070130575 | 40 | 3.07064 | 20
1072140261151 | 41 | 3.07064 | 20
2144280522302 | 42 | 3.07064 | 20
4288561044604 | 43 | 4.68058e-310 | 1
4288561044605 | 43 | 3.07064 | 19
8577122089210 | 44 | 3.07064 | 19
17154244178420 | 45 | 3.07064 | 19
34308488356841 | 46 | 3.07064 | 19
68616976713682 | 47 | 3.07064 | 19
137233953427364 | 48 | 3.07064 | 19
274467906854729 | 49 | 3.07064 | 19
548935813709458 | 50 | 6.57003 | 1
548935813709459 | 50 | 2.42961 | 18
1097871627418918 | 51 | 2.42961 | 18
2195743254837837 | 52 | 2.42961 | 18
4391486509675674 | 53 | 1.22227 | 5
4391486509675675 | 53 | 1.77332 | 13
8782973019351350 | 54 | 1.77332 | 13
17565946038702700 | 55 | 2.18448 | 9
17565946038702701 | 55 | 0.0194787 | 4
16359563 | 25 | 9.22172 | 187
32719126 | 26 | 9.22172 | 187
65438252 | 27 | 6.25602 | 102
130876505 | 28 | 6.25602 | 102
261753010 | 29 | 4.68058e-310 | 2
261753011 | 29 | 6.25602 | 100
523506022 | 30 | 6.25602 | 100
1047012044 | 31 | 6.25602 | 100
2094024088 | 32 | 5.02235 | 19
4188048177 | 33 | 5.02235 | 19
8376096355 | 34 | 5.02235 | 19
16752192711 | 35 | 5.02235 | 19
33504385422 | 36 | 5.02235 | 19
67008770844 | 37 | 5.02235 | 19
134017541688 | 38 | 5.02235 | 14
268035083376 | 39 | 5.02235 | 14
536070166753 | 40 | 5.02235 | 14
1072140333506 | 41 | 5.02235 | 14
2144280667013 | 42 | 5.02235 | 14
4288561334026 | 43 | 5.02235 | 14
8577122668053 | 44 | 5.02235 | 14
17154245336106 | 45 | 5.02235 | 14
34308490672212 | 46 | 3.86433 | 13
68616981344425 | 47 | 3.86433 | 13
137233962688850 | 48 | 4.68058e-310 | 8
137233962688851 | 48 | 5.66239 | 5
34308490672213 | 46 | 4.68058e-310 | 1
134017541689 | 38 | 4.68058e-310 | 5
2094024089 | 32 | 5.2786 | 81
4188048178 | 33 | 4.68058e-310 | 6
4188048179 | 33 | 4.87537 | 75
8376096358 | 34 | 3.64509 | 65
16752192716 | 35 | 3.64509 | 65
33504385433 | 36 | 3.64509 | 65
67008770866 | 37 | 3.64509 | 65
134017541733 | 38 | 3.64509 | 65
268035083466 | 39 | 3.64509 | 65
536070166933 | 40 | 3.64509 | 65
1072140333867 | 41 | 3.64509 | 65
2144280667735 | 42 | 3.64509 | 65
4288561335470 | 43 | 2.07666 | 18
8577122670940 | 44 | 0.96133 | 6
8577122670941 | 44 | 1.53093 | 12
17154245341883 | 45 | 1.53093 | 12
34308490683767 | 46 | 1.53093 | 12
68616981367534 | 47 | 1.53093 | 12
137233962735069 | 48 | 1.53093 | 12
274467925470139 | 49 | 1.53093 | 12
548935850940278 | 50 | 1.53093 | 12
1097871701880556 | 51 | 1.53093 | 12
2195743403761113 | 52 | 1.53093 | 12
4391486807522226 | 53 | 12.0988 | 7
4391486807522227 | 53 | 11.2054 | 5
4288561335471 | 43 | 2.73638 | 47
8577122670942 | 44 | 2.73638 | 47
17154245341884 | 45 | 2.73638 | 47
34308490683769 | 46 | 2.73638 | 47
68616981367538 | 47 | 2.73638 | 47
137233962735076 | 48 | 2.73638 | 47
274467925470152 | 49 | 1.80146 | 13
548935850940304 | 50 | 4.68058e-310 | 6
548935850940305 | 50 | 0.480752 | 7
274467925470153 | 49 | 2.32451 | 34
548935850940307 | 50 | 2.32451 | 34
1097871701880614 | 51 | 2.32451 | 34
2195743403761228 | 52 | 2.32451 | 34
4391486807522456 | 53 | 2.18213 | 29
8782973615044913 | 54 | 2.18213 | 29
17565947230089826 | 55 | 2.18213 | 29
35131894460179652 | 56 | 2.18213 | 29
70263788920359304 | 57 | 2.18213 | 29
140527577840718609 | 58 | 2.18213 | 29
281055155681437218 | 59 | 0.21438 | 9
281055155681437219 | 59 | 1.875 | 20
562110311362874439 | 60 | 1.875 | 20
1124220622725748879 | 61 | 1.875 | 20
2248441245451497758 | 62 | 1.875 | 20
4496882490902995516 | 63 | 1.875 | 20
8993764981805991032 | 64 | 1.875 | 20
-459214110097569552 | 65 | 1.875 | 20
-918428220195139104 | 66 | 1.875 | 20
-1836856440390278208 | 67 | 1.04405 | 11
-3673712880780556416 | 68 | 1.04405 | 11
-7347425761561112831 | 69 | 1.04405 | 11
3751892550587325954 | 70 | 1.8089 | 3
3751892550587325955 | 70 | 4.68058e-310 | 8
-1836856440390278207 | 67 | 4.68058e-310 | 9
4391486807522457 | 53 | 4.68058e-310 | 5
8376096359 | 34 | 4.68058e-310 | 10
65438253 | 27 | 6.09502 | 85
130876506 | 28 | 6.09502 | 85
261753012 | 29 | 6.09502 | 85
523506024 | 30 | 6.09502 | 85
1047012049 | 31 | 6.09502 | 85
2094024099 | 32 | 6.09502 | 85
4188048199 | 33 | 6.09502 | 85
8376096398 | 34 | 6.09502 | 85
16752192796 | 35 | 6.09502 | 85
33504385592 | 36 | 6.09502 | 85
67008771184 | 37 | 4.20448 | 11
134017542369 | 38 | 4.20448 | 11
268035084739 | 39 | 4.20448 | 11
536070169479 | 40 | 4.20448 | 11
1072140338958 | 41 | 4.20448 | 11
2144280677916 | 42 | 4.20448 | 11
4288561355833 | 43 | 4.20448 | 11
8577122711667 | 44 | 4.20448 | 11
17154245423334 | 45 | 4.20448 | 11
34308490846669 | 46 | 4.20448 | 11
68616981693338 | 47 | 4.20448 | 11
137233963386676 | 48 | 4.20448 | 11
274467926773352 | 49 | 4.20448 | 11
548935853546704 | 50 | 1.03065 | 3
548935853546705 | 50 | 4.68058e-310 | 8
67008771185 | 37 | 5.57538 | 74
134017542370 | 38 | 5.57538 | 74
268035084741 | 39 | 5.57538 | 74
536070169483 | 40 | 5.57538 | 74
1072140338966 | 41 | 5.09828 | 69
2144280677932 | 42 | 5.09828 | 69
4288561355865 | 43 | 5.09828 | 69
8577122711730 | 44 | 5.09828 | 69
17154245423461 | 45 | 5.09828 | 69
34308490846922 | 46 | 5.09828 | 69
68616981693844 | 47 | 3.50041 | 19
137233963387689 | 48 | 3.50041 | 19
274467926775378 | 49 | 3.50041 | 19
548935853550756 | 50 | 3.50041 | 19
1097871707101512 | 51 | 3.50041 | 19
2195743414203024 | 52 | 3.50041 | 19
4391486828406048 | 53 | 0.283481 | 10
4391486828406049 | 53 | 4.68058e-310 | 9
68616981693845 | 47 | 3.51736 | 50
137233963387691 | 48 | 3.51736 | 50
274467926775383 | 49 | 3.51736 | 50
548935853550766 | 50 | 3.09154 | 39
1097871707101532 | 51 | 3.09154 | 39
2195743414203064 | 52 | 3.09154 | 39
4391486828406129 | 53 | 3.09154 | 39
8782973656812259 | 54 | 3.09154 | 39
17565947313624519 | 55 | 3.09154 | 39
35131894627249039 | 56 | 3.09154 | 39
70263789254498079 | 57 | 3.09154 | 39
140527578508996158 | 58 | 1.83193 | 21
281055157017992316 | 59 | 1.83193 | 21
562110314035984633 | 60 | 1.83193 | 21
1124220628071969267 | 61 | 1.83193 | 21
2248441256143938534 | 62 | 0 | 2
2248441256143938535 | 62 | 1.81185 | 19
4496882512287877070 | 63 | 1.81185 | 19
8993765024575754140 | 64 | 1.81185 | 17
-459214024558043336 | 65 | 1.81185 | 17
-918428049116086671 | 66 | 1.81185 | 17
-1836856098232173342 | 67 | 4.68058e-310 | 8
-1836856098232173341 | 67 | 0.147287 | 9
8993765024575754141 | 64 | 4.68058e-310 | 2
140527578508996159 | 58 | 1.63585 | 18
281055157017992318 | 59 | 1.63585 | 18
562110314035984637 | 60 | 1.63585 | 18
1124220628071969274 | 61 | 1.63585 | 18
2248441256143938548 | 62 | 1.08917 | 11
4496882512287877096 | 63 | 1.08917 | 11
8993765024575754193 | 64 | 1.08917 | 11
-459214024558043230 | 65 | 1.91551 | 8
-459214024558043229 | 65 | 1.27403 | 3
2248441256143938549 | 62 | 4.68058e-310 | 7
548935853550767 | 50 | 3.02639 | 11
1097871707101535 | 51 | 3.02639 | 11
2195743414203070 | 52 | 3.02639 | 11
4391486828406141 | 53 | 3.02639 | 11
8782973656812282 | 54 | 3.02639 | 11
17565947313624565 | 55 | 3.02639 | 11
35131894627249130 | 56 | 3.02639 | 11
70263789254498261 | 57 | 3.02639 | 11
140527578508996522 | 58 | 3.02639 | 11
281055157017993044 | 59 | 0.299169 | 6
281055157017993045 | 59 | 1.14534 | 5
1072140338967 | 41 | 4.68058e-310 | 5
63905 | 17 | 19.4017 | 30
127810 | 18 | 19.4017 | 30
255621 | 19 | 19.4017 | 30
511242 | 20 | 19.4017 | 30
1022484 | 21 | 19.4017 | 30
2044969 | 22 | 19.4017 | 30
4089939 | 23 | 19.4017 | 30
8179878 | 24 | 19.4017 | 30
16359757 | 25 | 19.4017 | 30
32719515 | 26 | 19.4017 | 30
65439030 | 27 | 4.68058e-310 | 1
65439031 | 27 | 13.0861 | 29
130878063 | 28 | 13.0861 | 29
261756126 | 29 | 13.0861 | 29
523512252 | 30 | 13.0861 | 29
1047024504 | 31 | 4.68058e-310 | 1
1047024505 | 31 | 13.0586 | 28
2094049011 | 32 | 13.0586 | 28
4188098022 | 33 | 13.0586 | 28
8376196044 | 34 | 13.0586 | 28
16752392089 | 35 | 13.0586 | 28
33504784178 | 36 | 1.89139 | 3
33504784179 | 36 | 8.75814 | 25
67009568359 | 37 | 8.75814 | 25
134019136719 | 38 | 8.75814 | 25
268038273438 | 39 | 8.75814 | 25
536076546876 | 40 | 8.00168 | 23
1072153093753 | 41 | 8.00168 | 23
2144306187507 | 42 | 8.00168 | 23
4288612375014 | 43 | 4.68058e-310 | 7
4288612375015 | 43 | 5.25412 | 16
8577224750031 | 44 | 5.25412 | 16
17154449500063 | 45 | 5.25412 | 16
34308899000126 | 46 | 5.25412 | 16
68617798000252 | 47 | 5.25412 | 16
137235596000504 | 48 | 5.25412 | 16
274471192001008 | 49 | 1.97873 | 8
274471192001009 | 49 | 1.70455 | 8
536076546877 | 40 | 4.68058e-310 | 2
31953 | 16 | 19.777 | 353
63906 | 17 | 19.777 | 353
127813 | 18 | 19.777 | 353
255627 | 19 | 19.777 | 353
511255 | 20 | 19.777 | 353
1022511 | 21 | 19.777 | 353
2045023 | 22 | 19.777 | 353
4090046 | 23 | 19.777 | 353
8180092 | 24 | 12.3948 | 191
16360184 | 25 | 12.3948 | 191
32720368 | 26 | 12.3948 | 191
65440737 | 27 | 12.3948 | 191
130881474 | 28 | 12.3948 | 191
261762949 | 29 | 12.3948 | 191
523525898 | 30 | 12.3948 | 191
1047051797 | 31 | 12.3948 | 191
2094103594 | 32 | 12.3948 | 191
4188207188 | 33 | 12.3948 | 191
8376414376 | 34 | 12.3948 | 191
16752828752 | 35 | 12.3948 | 191
33505657505 | 36 | 12.3948 | 191
67011315010 | 37 | 12.3948 | 191
134022630020 | 38 | 10.4168 | 12
268045260040 | 39 | 4.68058e-310 | 3
268045260041 | 39 | 2.37152e-322 | 9
134022630021 | 38 | 11.8881 | 179
268045260042 | 39 | 11.8881 | 179
536090520084 | 40 | 11.8881 | 179
1072181040168 | 41 | 11.8881 | 179
2144362080337 | 42 | 11.8881 | 179
4288724160674 | 43 | 11.8881 | 179
8577448321348 | 44 | 3.00278 | 1
8577448321349 | 44 | 11.8881 | 178
17154896642698 | 45 | 11.8881 | 178
34309793285397 | 46 | 11.8881 | 178
68619586570795 | 47 | 11.8881 | 178
137239173141590 | 48 | 11.8881 | 178
274478346283180 | 49 | 11.8881 | 178
548956692566360 | 50 | 11.8881 | 178
1097913385132721 | 51 | 11.8881 | 178
2195826770265442 | 52 | 11.8881 | 178
4391653540530885 | 53 | 11.8881 | 178
8783307081061770 | 54 | 11.8881 | 178
17566614162123540 | 55 | 10.9178 | 150
35133228324247080 | 56 | 10.9178 | 150
70266456648494161 | 57 | 10.9178 | 150
140532913296988323 | 58 | 10.9178 | 150
281065826593976646 | 59 | 10.9178 | 150
562131653187953292 | 60 | 10.9178 | 150
1124263306375906584 | 61 | 9.73301 | 47
2248526612751813169 | 62 | 9.73301 | 47
4497053225503626338 | 63 | 8.94373 | 38
8994106451007252677 | 64 | 8.94373 | 38
-458531171695046261 | 65 | 8.94373 | 38
-917062343390092521 | 66 | 8.94373 | 38
-1834124686780185042 | 67 | 8.94373 | 38
-3668249373560370084 | 68 | 8.94373 | 38
-7336498747120740168 | 69 | 3.16552 | 16
3773746579468071280 | 70 | 3.16552 | 16
7547493158936142560 | 71 | 2.60288 | 14
-3351757755837266495 | 72 | 2.60288 | 14
-6703515511674532990 | 73 | 2.60288 | 14
5039713050360485636 | 74 | 0 | 1
5039713050360485637 | 74 | 2.26274 | 13
-8367317972988580342 | 75 | 4.68058e-310 | 6
-8367317972988580341 | 75 | 4.68058e-310 | 7
7547493158936142561 | 71 | 4.68058e-310 | 2
-7336498747120740167 | 69 | 8.25442 | 22
3773746579468071282 | 70 | 8.25442 | 22
7547493158936142564 | 71 | 8.25442 | 22
-3351757755837266488 | 72 | 8.25442 | 22
-6703515511674532976 | 73 | 8.25442 | 22
5039713050360485665 | 74 | 8.25442 | 22
-8367317972988580286 | 75 | 0.167861 | 8
-8367317972988580285 | 75 | 8.07701 | 14
1712108127732391046 | 76 | 8.07701 | 14
3424216255464782093 | 77 | 8.07701 | 14
6848432510929564186 | 78 | 0.39505 | 10
6848432510929564187 | 78 | 3.15872 | 4
4497053225503626339 | 63 | 4.68058e-310 | 9
1124263306375906585 | 61 | 8.83444 | 103
2248526612751813171 | 62 | 8.83444 | 103
4497053225503626342 | 63 | 8.83444 | 103
8994106451007252684 | 64 | 4.68058e-310 | 8
8994106451007252685 | 64 | 7.96717 | 95
-458531171695046245 | 65 | 7.96717 | 95
-917062343390092490 | 66 | 7.96717 | 95
-1834124686780184979 | 67 | 7.96717 | 95
-3668249373560369957 | 68 | 7.96717 | 95
-7336498747120739914 | 69 | 3.84248 | 21
3773746579468071788 | 70 | 3.84248 | 21
7547493158936143576 | 71 | 3.84248 | 21
-3351757755837264464 | 72 | 3.84248 | 21
-6703515511674528928 | 73 | 3.84248 | 21
5039713050360493760 | 74 | 3.84248 | 21
-8367317972988564096 | 75 | 3.80707 | 11
1712108127732423424 | 76 | 3.80707 | 11
3424216255464846848 | 77 | 4.79244e-322 | 1
3424216255464846849 | 77 | 0 | 10
-8367317972988564095 | 75 | 4.68058e-310 | 10
-7336498747120739913 | 69 | 7.29138 | 74
3773746579468071791 | 70 | 7.29138 | 74
7547493158936143583 | 71 | 7.29138 | 74
-3351757755837264450 | 72 | 4.89837 | 36
-6703515511674528899 | 73 | 4.89837 | 36
5039713050360493818 | 74 | 2.99081 | 15
-8367317972988563980 | 75 | 2.99081 | 15
1712108127732423656 | 76 | 2.99081 | 15
3424216255464847313 | 77 | 2.99081 | 15
6848432510929694626 | 78 | 2.99081 | 15
-4749879051850162364 | 79 | 2.99081 | 15
8946985970009226888 | 80 | 1.63042e-322 | 6
8946985970009226889 | 80 | 1.61574 | 9
5039713050360493819 | 74 | 2.32293 | 21
-8367317972988563977 | 75 | 2.32293 | 21
1712108127732423663 | 76 | 2.32293 | 21
3424216255464847326 | 77 | 2.32293 | 21
6848432510929694653 | 78 | 2.32293 | 21
-4749879051850162310 | 79 | 2.32293 | 21
8946985970009226996 | 80 | 2.32293 | 21
-552772133691097624 | 81 | 0.797312 | 7
-552772133691097623 | 81 | 1.99698 | 14
-1105544267382195245 | 82 | 1.99698 | 14
-2211088534764390490 | 83 | 1.86643 | 13
-4422177069528780980 | 84 | 1.86643 | 13
-8844354139057561959 | 85 | 1.86643 | 13
758035795594427699 | 86 | 1.86643 | 13
1516071591188855399 | 87 | 1.86643 | 13
3032143182377710799 | 88 | 1.86643 | 13
6064286364755421598 | 89 | 1.86643 | 13
-6318171344198708419 | 90 | 1.86643 | 13
5810401385312134778 | 91 | 1.86643 | 13
-6825941303085282059 | 92 | 1.86643 | 13
4794861467538987498 | 93 | 1.86643 | 13
-8857021138631576619 | 94 | 1.86643 | 13
732701796446398378 | 95 | 1.59233 | 11
1465403592892796756 | 96 | 1.59233 | 11
2930807185785593512 | 97 | 1.59233 | 11
5861614371571187024 | 98 | 1.59233 | 11
-6723515330567177568 | 99 | 6.01878 | 3
-6723515330567177567 | 99 | 4.68058e-310 | 8
732701796446398379 | 95 | 4.68058e-310 | 2
-2211088534764390489 | 83 | 4.68058e-310 | 1
-3351757755837264449 | 72 | 5.82276 | 38
-6703515511674528898 | 73 | 5.82276 | 38
5039713050360493820 | 74 | 5.82276 | 38
-8367317972988563976 | 75 | 5.82276 | 37
1712108127732423664 | 76 | 5.82276 | 37
3424216255464847328 | 77 | 2.82041 | 15
6848432510929694657 | 78 | 2.82041 | 15
-4749879051850162301 | 79 | 2.82041 | 15
8946985970009227014 | 80 | 2.82041 | 15
-552772133691097588 | 81 | 2.82041 | 15
-1105544267382195175 | 82 | 2.82041 | 15
-2211088534764390350 | 83 | 2.48914 | 2
-2211088534764390349 | 83 | 2.51815 | 13
-4422177069528780698 | 84 | 6.18574 | 10
-4422177069528780697 | 84 | 5.32137 | 3
3424216255464847329 | 77 | 3.45677 | 22
6848432510929694658 | 78 | 3.45677 | 22
-4749879051850162299 | 79 | 3.45677 | 22
8946985970009227019 | 80 | 3.45677 | 22
-552772133691097577 | 81 | 3.45677 | 22
-1105544267382195154 | 82 | 3.45677 | 22
-2211088534764390307 | 83 | 3.45677 | 22
-4422177069528780614 | 84 | 3.45677 | 22
-8844354139057561228 | 85 | 3.45677 | 22
758035795594429161 | 86 | 3.45677 | 22
1516071591188858322 | 87 | 3.45677 | 22
3032143182377716644 | 88 | 3.45677 | 22
6064286364755433289 | 89 | 3.45677 | 22
-6318171344198685038 | 90 | 3.45677 | 22
5810401385312181541 | 91 | 3.45677 | 22
-6825941303085188533 | 92 | 3.45677 | 22
4794861467539174550 | 93 | 3.45677 | 22
-8857021138631202516 | 94 | 3.45677 | 22
732701796447146584 | 95 | 3.45677 | 22
1465403592894293169 | 96 | 3.45677 | 22
2930807185788586338 | 97 | 3.45677 | 22
5861614371577172676 | 98 | 3.45677 | 22
-6723515330555206264 | 99 | 3.45677 | 22
4999713412599139088 | 100 | 3.45677 | 22
-8447317248511273439 | 101 | 3.45677 | 22
1552109576687004738 | 102 | 3.45677 | 22
3104219153374009476 | 103 | 3.45677 | 22
6208438306748018953 | 104 | 3.45677 | 22
-6029867460213513710 | 105 | 2.34494 | 15
6387009153282524196 | 106 | 2.34494 | 15
-5672725767144503224 | 107 | 1.08756 | 10
-5672725767144503223 | 107 | 1.29386 | 5
-6029867460213513709 | 105 | 4.68058e-310 | 7
-8367317972988563975 | 75 | 4.68058e-310 | 1
17566614162123541 | 55 | 4.36587 | 28
35133228324247083 | 56 | 4.36587 | 28
70266456648494166 | 57 | 4.68058e-310 | 8
70266456648494167 | 57 | 4.36587 | 20
140532913296988334 | 58 | 4.36587 | 20
281065826593976668 | 59 | 4.68058e-310 | 1
281065826593976669 | 59 | 3.20443 | 19
562131653187953338 | 60 | 3.20443 | 19
1124263306375906676 | 61 | 3.20443 | 19
2248526612751813352 | 62 | 3.20443 | 19
4497053225503626705 | 63 | 3.20443 | 19
8994106451007253411 | 64 | 3.20443 | 19
-458531171695044794 | 65 | 3.20443 | 19
-917062343390089587 | 66 | 3.20443 | 19
-1834124686780179174 | 67 | 3.20443 | 19
-3668249373560358347 | 68 | 3.20443 | 19
-7336498747120716693 | 69 | 3.20443 | 19
3773746579468118230 | 70 | 3.20443 | 19
7547493158936236461 | 71 | 3.20443 | 19
-3351757755837078694 | 72 | 3.20443 | 19
-6703515511674157388 | 73 | 3.20443 | 19
5039713050361236841 | 74 | 3.20443 | 19
-8367317972987077934 | 75 | 3.20443 | 19
1712108127735395748 | 76 | 3.20443 | 19
3424216255470791497 | 77 | 3.20443 | 19
6848432510941582995 | 78 | 3.20443 | 19
-4749879051826385625 | 79 | 3.20443 | 19
8946985970056780366 | 80 | 1.63042e-322 | 6
8946985970056780367 | 80 | 2.10934 | 13
-552772133595990882 | 81 | 2.10934 | 13
-1105544267191981764 | 82 | 2.10934 | 13
-2211088534383963528 | 83 | 1.25514 | 9
-2211088534383963527 | 83 | 0.514439 | 4
8180093 | 24 | 11.1408 | 162
16360186 | 25 | 11.1408 | 102
32720372 | 26 | 11.1408 | 102
65440745 | 27 | 11.1408 | 102
130881490 | 28 | 11.1408 | 91
261762981 | 29 | 11.1408 | 91
523525963 | 30 | 11.1408 | 91
1047051926 | 31 | 11.1408 | 91
2094103853 | 32 | 11.1408 | 91
4188207706 | 33 | 10.8154 | 85
8376415412 | 34 | 10.8154 | 85
16752830824 | 35 | 8.95037 | 16
33505661648 | 36 | 8.95037 | 16
67011323296 | 37 | 3.42112 | 11
134022646592 | 38 | 3.42112 | 11
268045293184 | 39 | 3.42112 | 11
536090586368 | 40 | 3.42112 | 11
1072181172736 | 41 | 3.42112 | 11
2144362345472 | 42 | 3.42112 | 11
4288724690945 | 43 | 3.42112 | 11
8577449381890 | 44 | 1.63042e-322 | 5
8577449381891 | 44 | 1.63042e-322 | 6
67011323297 | 37 | 4.68058e-310 | 5
16752830825 | 35 | 9.7114 | 69
33505661650 | 36 | 8.59046 | 52
67011323300 | 37 | 4.22206 | 48
134022646601 | 38 | 4.22206 | 48
268045293203 | 39 | 4.22206 | 48
536090586406 | 40 | 4.22206 | 48
1072181172812 | 41 | 2.98291 | 30
2144362345624 | 42 | 2.78212 | 29
4288724691249 | 43 | 2.78212 | 29
8577449382498 | 44 | 2.49324 | 14
17154898764996 | 45 | 1.60395 | 11
34309797529992 | 46 | 1.60395 | 11
68619595059985 | 47 | 1.60395 | 11
137239190119970 | 48 | 2.37152e-322 | 2
137239190119971 | 48 | 2.37152e-322 | 9
17154898764997 | 45 | 2.37152e-322 | 3
8577449382499 | 44 | 2.66117 | 15
17154898764998 | 45 | 2.66117 | 15
34309797529996 | 46 | 2.66117 | 15
68619595059992 | 47 | 2.66117 | 15
137239190119984 | 48 | 2.66117 | 15
274478380239968 | 49 | 2.66117 | 15
548956760479936 | 50 | 2.66117 | 15
1097913520959872 | 51 | 0 | 10
1097913520959873 | 51 | 0.0720769 | 5
2144362345625 | 42 | 4.68058e-310 | 1
1072181172813 | 41 | 3.83926 | 18
2144362345626 | 42 | 4.68058e-310 | 2
2144362345627 | 42 | 3.08841 | 16
4288724691255 | 43 | 3.08841 | 16
8577449382511 | 44 | 3.08841 | 16
17154898765022 | 45 | 3.08841 | 16
34309797530044 | 46 | 3.08841 | 16
68619595060089 | 47 | 3.08841 | 16
137239190120178 | 48 | 3.08841 | 16
274478380240356 | 49 | 3.08841 | 16
548956760480713 | 50 | 3.08841 | 16
1097913520961427 | 51 | 3.08841 | 16
2195827041922855 | 52 | 3.08841 | 16
4391654083845710 | 53 | 3.08841 | 16
8783308167691420 | 54 | 3.08841 | 16
17566616335382840 | 55 | 1.2722 | 5
17566616335382841 | 55 | 2.65066 | 11
35133232670765682 | 56 | 2.65066 | 11
70266465341531365 | 57 | 2.65066 | 11
140532930683062730 | 58 | 2.65066 | 11
281065861366125460 | 59 | 0.182052 | 8
281065861366125461 | 59 | 0.58672 | 3
67011323301 | 37 | 4.68058e-310 | 4
33505661651 | 36 | 3.28324 | 17
67011323303 | 37 | 3.28324 | 17
134022646606 | 38 | 4.68058e-310 | 7
134022646607 | 38 | 4.68058e-310 | 10
4188207707 | 33 | 4.68058e-310 | 6
130881491 | 28 | 3.32392 | 11
261762983 | 29 | 3.32392 | 11
523525967 | 30 | 3.32392 | 11
1047051934 | 31 | 4.68058e-310 | 6
1047051935 | 31 | 4.68058e-310 | 5
16360187 | 25 | 7.39312 | 60
32720374 | 26 | 5.80586 | 58
65440749 | 27 | 5.80586 | 58
130881499 | 28 | 5.80586 | 58
261762999 | 29 | 5.80586 | 58
523525998 | 30 | 5.80586 | 58
1047051996 | 31 | 5.80586 | 58
2094103992 | 32 | 5.80586 | 58
4188207984 | 33 | 2.9456 | 17
8376415969 | 34 | 2.9456 | 17
16752831939 | 35 | 2.9456 | 17
33505663878 | 36 | 2.9456 | 17
67011327757 | 37 | 2.9456 | 17
134022655515 | 38 | 2.9456 | 17
268045311031 | 39 | 2.9456 | 17
536090622062 | 40 | 2.9456 | 17
1072181244124 | 41 | 2.9456 | 17
2144362488249 | 42 | 2.9456 | 17
4288724976499 | 43 | 2.9456 | 17
8577449952999 | 44 | 2.9456 | 17
17154899905998 | 45 | 2.9456 | 17
34309799811996 | 46 | 2.9456 | 17
68619599623992 | 47 | 2.9456 | 17
137239199247984 | 48 | 2.9456 | 17
274478398495969 | 49 | 2.9456 | 17
548956796991938 | 50 | 2.9456 | 17
1097913593983877 | 51 | 2.9456 | 17
2195827187967755 | 52 | 2.9456 | 17
4391654375935511 | 53 | 2.9456 | 17
8783308751871022 | 54 | 1.86768 | 11
17566617503742044 | 55 | 1.86768 | 11
35133235007484088 | 56 | 1.86768 | 11
70266470014968177 | 57 | 1.86768 | 11
140532940029936354 | 58 | 1.86768 | 11
281065880059872708 | 59 | 1.86768 | 11
562131760119745417 | 60 | 1.86768 | 11
1124263520239490834 | 61 | 1.86768 | 11
2248527040478981668 | 62 | 2.42092e-322 | 9
2248527040478981669 | 62 | 1.19768 | 2
8783308751871023 | 54 | 4.68058e-310 | 6
4188207985 | 33 | 5.80586 | 41
8376415971 | 34 | 5.80586 | 41
16752831942 | 35 | 5.80586 | 41
33505663884 | 36 | 5.80586 | 41
67011327769 | 37 | 5.80586 | 41
134022655538 | 38 | 5.80586 | 41
268045311076 | 39 | 5.80586 | 41
536090622152 | 40 | 5.80586 | 41
1072181244305 | 41 | 5.80586 | 41
2144362488610 | 42 | 5.80586 | 41
4288724977221 | 43 | 5.80586 | 41
8577449954443 | 44 | 5.80586 | 41
17154899908886 | 45 | 5.80586 | 41
34309799817772 | 46 | 5.80586 | 41
68619599635544 | 47 | 5.80586 | 41
137239199271088 | 48 | 5.41557 | 27
274478398542177 | 49 | 5.41557 | 27
548956797084354 | 50 | 5.41557 | 27
1097913594168708 | 51 | 5.41557 | 26
2195827188337416 | 52 | 5.41557 | 26
4391654376674833 | 53 | 5.41557 | 26
8783308753349667 | 54 | 5.41557 | 26
17566617506699335 | 55 | 5.41557 | 26
35133235013398670 | 56 | 5.41557 | 26
70266470026797340 | 57 | 5.41557 | 26
140532940053594680 | 58 | 5.41557 | 26
281065880107189360 | 59 | 5.41557 | 26
562131760214378721 | 60 | 5.41557 | 26
1124263520428757442 | 61 | 5.41557 | 26
2248527040857514885 | 62 | 5.41557 | 26
4497054081715029770 | 63 | 5.41557 | 26
8994108163430059541 | 64 | 5.41557 | 26
-458527746849432534 | 65 | 2.42092e-322 | 1
-458527746849432533 | 65 | 3.60134 | 25
-917055493698865066 | 66 | 3.60134 | 25
-1834110987397730132 | 67 | 3.60134 | 25
-3668221974795460264 | 68 | 3.60134 | 25
-7336443949590920528 | 69 | 3.60134 | 25
3773856174527710560 | 70 | 3.60134 | 25
7547712349055421121 | 71 | 3.60134 | 25
-3351319375598709374 | 72 | 3.60134 | 25
-6702638751197418748 | 73 | 3.60134 | 25
5041466571314714120 | 74 | 3.60134 | 25
-8363810931080123376 | 75 | 3.60134 | 25
1719122211549304865 | 76 | 3.60134 | 25
3438244423098609731 | 77 | 3.60134 | 25
6876488846197219462 | 78 | 3.60134 | 25
-4693766381315112692 | 79 | 3.60134 | 25
9059211311079326232 | 80 | 3.60134 | 25
-328321451550899152 | 81 | 3.60134 | 25
-656642903101798303 | 82 | 3.60134 | 25
-1313285806203596606 | 83 | 3.60134 | 25
-2626571612407193212 | 84 | 3.60134 | 25
-5253143224814386424 | 85 | 3.30917 | 16
7940457624080778768 | 86 | 3.30917 | 16
-2565828825547994080 | 87 | 3.30917 | 11
-5131657651095988159 | 88 | 3.30917 | 11
8183428771517575298 | 89 | 2.0807 | 10
8183428771517575299 | 89 | 0.788716 | 1
-2565828825547994079 | 87 | 4.68058e-310 | 5
-5253143224814386423 | 85 | 4.68058e-310 | 9
1097913594168709 | 51 | 4.68058e-310 | 1
137239199271089 | 48 | 2.56619 | 14
274478398542179 | 49 | 2.56619 | 14
548956797084358 | 50 | 4.68058e-310 | 10
548956797084359 | 50 | 4.68058e-310 | 4
32720375 | 26 | 4.68058e-310 | 2
15977 | 15 | 14.3266 | 81
31955 | 16 | 14.3266 | 81
63911 | 17 | 14.3266 | 81
127822 | 18 | 4.68058e-310 | 7
127823 | 18 | 12.9175 | 74
255646 | 19 | 11.3752 | 63
511292 | 20 | 11.3752 | 63
1022585 | 21 | 11.3752 | 63
2045170 | 22 | 9.81195 | 46
4090340 | 23 | 4.68058e-310 | 8
4090341 | 23 | 9.81195 | 38
8180683 | 24 | 9.81195 | 38
16361366 | 25 | 4.68058e-310 | 4
16361367 | 25 | 7.88022 | 34
32722734 | 26 | 7.88022 | 34
65445468 | 27 | 7.88022 | 34
130890936 | 28 | 7.88022 | 34
261781872 | 29 | 4.68058e-310 | 8
261781873 | 29 | 7.58885 | 26
523563746 | 30 | 7.58885 | 26
1047127492 | 31 | 1.58101e-322 | 3
1047127493 | 31 | 6.78208 | 23
2094254986 | 32 | 6.78208 | 23
4188509972 | 33 | 6.78208 | 23
8377019945 | 34 | 6.78208 | 23
16754039890 | 35 | 4.68058e-310 | 6
16754039891 | 35 | 6.58832 | 17
33508079782 | 36 | 2.59798 | 11
67016159564 | 37 | 2.59798 | 11
134032319129 | 38 | 2.59798 | 11
268064638259 | 39 | 2.59798 | 11
536129276519 | 40 | 2.59798 | 11
1072258553038 | 41 | 2.59798 | 11
2144517106076 | 42 | 2.59798 | 11
4289034212153 | 43 | 2.59798 | 11
8578068424306 | 44 | 3.383 | 10
8578068424307 | 44 | 12.9743 | 1
33508079783 | 36 | 4.68058e-310 | 6
2045171 | 22 | 5.44935 | 17
4090343 | 23 | 5.44935 | 17
8180686 | 24 | 5.44935 | 17
16361372 | 25 | 5.44935 | 17
32722744 | 26 | 4.68058e-310 | 7
32722745 | 26 | 4.68058e-310 | 10
255647 | 19 | 2.48067 | 11
511294 | 20 | 4.68058e-310 | 1
511295 | 20 | 4.68058e-310 | 10
