ID | Depth | diameter | Number of points
0 | 0 | 29.316 | 1600
0 | 1 | 29.316 | 1193
0 | 2 | 29.316 | 1193
0 | 3 | 29.316 | 1193
0 | 4 | 28.7302 | 681
0 | 5 | 28.7302 | 681
0 | 6 | 28.7302 | 681
0 | 7 | 28.7302 | 681
0 | 8 | 4.6613e-310 | 7
1 | 8 | 28.7302 | 674
2 | 9 | 28.7302 | 674
4 | 10 | 26.5685 | 147
8 | 11 | 4.6613e-310 | 10
9 | 11 | 26.3 | 137
18 | 12 | 26.3 | 137
36 | 13 | 26.3 | 137
72 | 14 | 4.6613e-310 | 7
73 | 14 | 26.3 | 130
146 | 15 | 9.11445 | 53
293 | 16 | 9.11445 | 53
586 | 17 | 4.6613e-310 | 2
587 | 17 | 9.11445 | 51
1174 | 18 | 9.11445 | 51
2349 | 19 | 9.11445 | 51
4698 | 20 | 9.11445 | 51
9396 | 21 | 4.03897 | 16
18793 | 22 | 4.03897 | 16
37586 | 23 | 4.03897 | 16
75173 | 24 | 4.03897 | 16
150346 | 25 | 4.03897 | 16
300692 | 26 | 4.03897 | 16
601385 | 27 | 4.03897 | 16
1202771 | 28 | 4.03897 | 16
2405543 | 29 | 4.03897 | 16
4811086 | 30 | 4.03897 | 16
9622172 | 31 | 4.03897 | 16
19244344 | 32 | 4.03897 | 14
38488688 | 33 | 4.03897 | 14
76977376 | 34 | 4.03897 | 14
153954753 | 35 | 4.03897 | 14
307909506 | 36 | 4.03897 | 14
615819012 | 37 | 4.03897 | 14
1231638024 | 38 | 4.03897 | 14
2463276049 | 39 | 4.03897 | 14
4926552098 | 40 | 4.03897 | 14
9853104197 | 41 | 4.03897 | 14
19706208394 | 42 | 3.10314 | 12
39412416788 | 43 | 1.63042e-322 | 8
39412416789 | 43 | 1.58101e-322 | 4
19706208395 | 42 | 1.63042e-322 | 2
19244345 | 32 | 1.63042e-322 | 2
9397 | 21 | 6.15433 | 35
18795 | 22 | 6.15433 | 35
37590 | 23 | 6.15433 | 35
75180 | 24 | 6.15433 | 35
150360 | 25 | 4.06115 | 15
300721 | 26 | 4.06115 | 15
601442 | 27 | 4.06115 | 15
1202884 | 28 | 2.79853 | 11
2405769 | 29 | 2.79853 | 11
4811538 | 30 | 1.63042e-322 | 4
4811539 | 30 | 1.63042e-322 | 7
1202885 | 28 | 1.63042e-322 | 4
150361 | 25 | 3.28026 | 20
300722 | 26 | 3.28026 | 20
601444 | 27 | 3.28026 | 20
1202888 | 28 | 3.28026 | 20
2405777 | 29 | 3.28026 | 20
4811554 | 30 | 2.95618 | 19
9623108 | 31 | 2.95618 | 19
19246216 | 32 | 2.95618 | 19
38492432 | 33 | 2.72876 | 16
76984864 | 34 | 2.72876 | 16
153969728 | 35 | 1.63042e-322 | 9
153969729 | 35 | 1.63042e-322 | 7
38492433 | 33 | 1.63042e-322 | 3
4811555 | 30 | 1.63042e-322 | 1
147 | 15 | 20.1823 | 77
295 | 16 | 20.1823 | 77
590 | 17 | 20.1823 | 77
1181 | 18 | 20.1823 | 77
2363 | 19 | 20.1823 | 77
4726 | 20 | 19.0728 | 36
9452 | 21 | 19.0728 | 36
18904 | 22 | 19.0728 | 36
37808 | 23 | 19.0728 | 36
75616 | 24 | 12.5597 | 34
151233 | 25 | 12.5597 | 34
302467 | 26 | 12.5597 | 34
604935 | 27 | 12.5597 | 34
1209871 | 28 | 12.5597 | 34
2419743 | 29 | 12.5597 | 34
4839487 | 30 | 12.5597 | 34
9678974 | 31 | 12.5597 | 34
19357949 | 32 | 12.5597 | 34
38715899 | 33 | 12.5597 | 34
77431799 | 34 | 12.5597 | 34
154863598 | 35 | 12.5597 | 20
309727196 | 36 | 1.58101e-322 | 5
309727197 | 36 | 5.75054 | 15
619454395 | 37 | 5.75054 | 15
1238908791 | 38 | 5.75054 | 15
2477817583 | 39 | 5.75054 | 15
4955635166 | 40 | 1.63042e-322 | 2
4955635167 | 40 | 5.48377 | 13
9911270334 | 41 | 5.48377 | 13
19822540669 | 42 | 5.48377 | 13
39645081339 | 43 | 5.48377 | 13
79290162678 | 44 | 3.85761 | 11
158580325357 | 45 | 3.85761 | 11
317160650714 | 46 | 3.85761 | 11
634321301428 | 47 | 3.85761 | 11
1268642602856 | 48 | 3.85761 | 11
2537285205712 | 49 | 3.85761 | 11
5074570411424 | 50 | 3.85761 | 11
10149140822849 | 51 | 3.85761 | 11
20298281645698 | 52 | 3.85761 | 11
40596563291396 | 53 | 3.85761 | 11
81193126582792 | 54 | 3.85761 | 11
162386253165584 | 55 | 1.63042e-322 | 5
162386253165585 | 55 | 1.58101e-322 | 6
79290162679 | 44 | 1.63042e-322 | 2
154863599 | 35 | 7.52301 | 14
309727199 | 36 | 7.52301 | 14
619454399 | 37 | 7.52301 | 14
1238908798 | 38 | 7.52301 | 14
2477817596 | 39 | 1.58101e-322 | 6
2477817597 | 39 | 1.63042e-322 | 8
75617 | 24 | 1.63042e-322 | 2
4727 | 20 | 17.4705 | 41
9455 | 21 | 17.4705 | 41
18910 | 22 | 17.4705 | 41
37821 | 23 | 17.4705 | 41
75642 | 24 | 8.05621 | 38
151284 | 25 | 8.05621 | 38
302568 | 26 | 8.05621 | 38
605137 | 27 | 8.05621 | 38
1210275 | 28 | 8.05621 | 38
2420550 | 29 | 8.05621 | 38
4841101 | 30 | 8.05621 | 38
9682203 | 31 | 8.05621 | 38
19364407 | 32 | 8.05621 | 38
38728815 | 33 | 8.05621 | 38
77457630 | 34 | 6.4165 | 18
154915261 | 35 | 6.4165 | 18
309830522 | 36 | 6.4165 | 18
619661044 | 37 | 6.4165 | 17
1239322088 | 38 | 6.4165 | 17
2478644176 | 39 | 4.30434 | 11
4957288353 | 40 | 4.30434 | 11
9914576706 | 41 | 4.30434 | 11
19829153412 | 42 | 1.58101e-322 | 8
19829153413 | 42 | 1.58101e-322 | 3
2478644177 | 39 | 1.58101e-322 | 6
619661045 | 37 | 1.63042e-322 | 1
77457631 | 34 | 6.89638 | 20
154915262 | 35 | 6.89638 | 20
309830524 | 36 | 6.89638 | 20
619661048 | 37 | 6.89638 | 20
1239322096 | 38 | 6.89638 | 20
2478644193 | 39 | 6.89638 | 20
4957288386 | 40 | 6.89638 | 20
9914576772 | 41 | 6.89638 | 20
19829153544 | 42 | 6.89638 | 20
39658307089 | 43 | 6.89638 | 20
79316614179 | 44 | 6.89638 | 20
158633228358 | 45 | 4.42438 | 12
317266456716 | 46 | 1.63042e-322 | 3
317266456717 | 46 | 1.63042e-322 | 9
158633228359 | 45 | 1.58101e-322 | 8
75643 | 24 | 1.63042e-322 | 3
5 | 10 | 28.2066 | 527
10 | 11 | 28.2066 | 472
21 | 12 | 28.2066 | 472
43 | 13 | 28.2066 | 472
86 | 14 | 28.2066 | 472
173 | 15 | 28.2066 | 472
346 | 16 | 28.2066 | 472
693 | 17 | 28.2066 | 472
1386 | 18 | 28.2066 | 472
2772 | 19 | 28.2066 | 472
5545 | 20 | 28.2066 | 472
11091 | 21 | 28.2066 | 472
22183 | 22 | 28.2066 | 472
44367 | 23 | 28.2066 | 472
88734 | 24 | 28.2066 | 472
177469 | 25 | 28.2066 | 472
354938 | 26 | 28.2066 | 472
709877 | 27 | 28.2066 | 472
1419755 | 28 | 28.2066 | 472
2839511 | 29 | 28.2066 | 472
5679022 | 30 | 28.2066 | 472
11358045 | 31 | 28.2066 | 472
22716090 | 32 | 28.2066 | 472
45432180 | 33 | 21.5511 | 371
90864361 | 34 | 21.5511 | 371
181728722 | 35 | 19.0484 | 215
363457444 | 36 | 6.95061e-310 | 4
363457445 | 36 | 14.0713 | 211
726914891 | 37 | 14.0713 | 211
1453829782 | 38 | 14.0713 | 211
2907659564 | 39 | 5.02894 | 23
5815319128 | 40 | 5.02894 | 23
11630638257 | 41 | 5.02894 | 23
23261276514 | 42 | 5.02894 | 23
46522553028 | 43 | 5.02894 | 23
93045106057 | 44 | 5.02894 | 23
186090212114 | 45 | 5.02894 | 23
372180424229 | 46 | 5.02894 | 23
744360848459 | 47 | 5.02894 | 23
1488721696918 | 48 | 5.02894 | 23
2977443393836 | 49 | 5.02894 | 23
5954886787673 | 50 | 5.02894 | 23
11909773575347 | 51 | 5.02894 | 23
23819547150695 | 52 | 5.02894 | 23
47639094301390 | 53 | 36.6174 | 1
47639094301391 | 53 | 5.02894 | 22
95278188602783 | 54 | 5.02894 | 22
190556377205566 | 55 | 5.02894 | 22
381112754411132 | 56 | 5.02894 | 22
762225508822265 | 57 | 5.02894 | 22
1524451017644531 | 58 | 5.02894 | 22
3048902035289062 | 59 | 5.02894 | 22
6097804070578125 | 60 | 5.02894 | 22
12195608141156251 | 61 | 5.02894 | 22
24391216282312503 | 62 | 5.02894 | 22
48782432564625007 | 63 | 5.02894 | 22
97564865129250014 | 64 | 5.02894 | 22
195129730258500029 | 65 | 5.02894 | 22
390259460517000058 | 66 | 5.02894 | 22
780518921034000117 | 67 | 5.02894 | 22
1561037842068000234 | 68 | 5.02894 | 22
3122075684136000469 | 69 | 5.02894 | 22
6244151368272000938 | 70 | 2.29335 | 3
6244151368272000939 | 70 | 2.79583 | 19
-5958441337165549737 | 71 | 2.79583 | 19
6529861399378452142 | 72 | 2.79583 | 19
-5387021274952647331 | 73 | 2.79583 | 19
7672701523804256955 | 74 | 2.79583 | 19
-3101341026101037706 | 75 | 2.79583 | 19
-6202682052202075411 | 76 | 2.79583 | 19
6041379969305400794 | 77 | 7.58442 | 1
6041379969305400795 | 77 | 2.79583 | 18
-6363984135098750026 | 78 | 2.79583 | 18
5718775803512051564 | 79 | 2.79583 | 18
-7009192466685448487 | 80 | 2.79583 | 18
4428359140338654642 | 81 | 2.79583 | 18
8856718280677309284 | 82 | 2.79583 | 18
-733307512354933048 | 83 | 1.85649 | 13
-1466615024709866095 | 84 | 1.85649 | 13
-2933230049419732189 | 85 | 1.85649 | 13
-5866460098839464378 | 86 | 97.7179 | 7
-5866460098839464377 | 86 | 4.33331 | 6
-733307512354933047 | 83 | 4.6613e-310 | 5
2907659565 | 39 | 12.5936 | 188
5815319131 | 40 | 12.5936 | 188
11630638263 | 41 | 12.5936 | 188
23261276526 | 42 | 12.5936 | 188
46522553053 | 43 | 12.5936 | 188
93045106106 | 44 | 12.5936 | 188
186090212212 | 45 | 12.5936 | 188
372180424425 | 46 | 12.5936 | 188
744360848850 | 47 | 12.5936 | 188
1488721697701 | 48 | 12.5936 | 188
2977443395402 | 49 | 12.5936 | 160
5954886790804 | 50 | 12.5936 | 160
11909773581609 | 51 | 12.5936 | 160
23819547163219 | 52 | 12.5936 | 160
47639094326439 | 53 | 12.5936 | 160
95278188652878 | 54 | 12.5936 | 160
190556377305757 | 55 | 12.5936 | 160
381112754611514 | 56 | 12.5936 | 160
762225509223029 | 57 | 12.5936 | 160
1524451018446058 | 58 | 8.12286 | 34
3048902036892116 | 59 | 7.62159 | 24
6097804073784233 | 60 | 7.62159 | 24
12195608147568466 | 61 | 7.62159 | 24
24391216295136933 | 62 | 7.62159 | 24
48782432590273866 | 63 | 7.62159 | 24
97564865180547733 | 64 | 7.62159 | 24
195129730361095467 | 65 | 7.62159 | 24
390259460722190934 | 66 | 7.62159 | 24
780518921444381868 | 67 | 7.62159 | 24
1561037842888763736 | 68 | 7.62159 | 24
3122075685777527473 | 69 | 7.62159 | 24
6244151371555054947 | 70 | 7.62159 | 24
-5958441330599441722 | 71 | 7.62159 | 24
6529861412510668172 | 72 | 7.62159 | 24
-5387021248688215272 | 73 | 7.62159 | 24
7672701576333121072 | 74 | 7.62159 | 24
-3101340921043309471 | 75 | 7.62159 | 24
-6202681842086618942 | 76 | 7.62159 | 24
6041380389536313733 | 77 | 7.62159 | 24
-6363983294636924149 | 78 | 7.62159 | 24
5718777484435703318 | 79 | 7.62159 | 24
-7009189104838144980 | 80 | 7.62159 | 24
4428365864033261656 | 81 | 7.62159 | 24
8856731728066523313 | 82 | 7.62159 | 24
-733280617576504990 | 83 | 7.62159 | 24
-1466561235153009980 | 84 | 7.62159 | 24
-2933122470306019960 | 85 | 7.62159 | 24
-5866244940612039919 | 86 | 7.62159 | 24
6714254192485471778 | 87 | 6.75497 | 16
-5018235688738608059 | 88 | 6.75497 | 16
8410272696232335498 | 89 | 0.0640273 | 7
8410272696232335499 | 89 | 0.576371 | 9
6714254192485471779 | 87 | 4.6613e-310 | 8
3048902036892117 | 59 | 4.6613e-310 | 10
1524451018446059 | 58 | 12.2988 | 126
3048902036892119 | 59 | 12.2988 | 126
6097804073784239 | 60 | 12.2988 | 126
12195608147568479 | 61 | 12.2988 | 126
24391216295136959 | 62 | 12.2988 | 126
48782432590273919 | 63 | 12.2988 | 126
97564865180547838 | 64 | 12.2988 | 126
195129730361095676 | 65 | 12.2988 | 126
390259460722191353 | 66 | 12.2988 | 126
780518921444382707 | 67 | 12.2988 | 126
1561037842888765414 | 68 | 12.2988 | 126
3122075685777530829 | 69 | 12.2988 | 126
6244151371555061658 | 70 | 12.2988 | 126
-5958441330599428300 | 71 | 7.42747 | 69
6529861412510695016 | 72 | 7.42747 | 69
-5387021248688161584 | 73 | 7.42747 | 69
7672701576333228448 | 74 | 0.922346 | 1
7672701576333228449 | 74 | 7.42747 | 68
-3101340921043094717 | 75 | 7.42747 | 68
-6202681842086189433 | 76 | 7.42747 | 68
6041380389537172750 | 77 | 7.42747 | 68
-6363983294635206115 | 78 | 7.42747 | 68
5718777484439139387 | 79 | 7.42747 | 68
-7009189104831272841 | 80 | 7.42747 | 68
4428365864047005934 | 81 | 7.42747 | 68
8856731728094011868 | 82 | 7.42747 | 41
-733280617521527880 | 83 | 7.42747 | 41
-1466561235043055760 | 84 | 7.42747 | 41
-2933122470086111519 | 85 | 7.42747 | 41
-5866244940172223038 | 86 | 7.42747 | 41
6714254193365105540 | 87 | 17.1576 | 5
6714254193365105541 | 87 | 5.93529 | 36
-5018235686979340533 | 88 | 5.93529 | 36
8410272699750870551 | 89 | 5.93529 | 36
-1626198674207810514 | 90 | 6.39766 | 7
-1626198674207810513 | 90 | 3.83882 | 29
-3252397348415621026 | 91 | 3.83882 | 29
-6504794696831242052 | 92 | 3.83882 | 29
5437154680047067512 | 93 | 3.83882 | 29
-7572434713615416592 | 94 | 3.83882 | 29
3301874646478718433 | 95 | 3.83882 | 29
6603749292957436866 | 96 | 3.83882 | 29
-5239245487794677884 | 97 | 3.83882 | 29
7968253098120195848 | 98 | 3.83882 | 29
-2510237877469159919 | 99 | 3.83882 | 29
-5020475754938319838 | 100 | 3.83882 | 29
8405792563832911940 | 101 | 3.39817 | 23
-1635158946043727736 | 102 | 3.39817 | 23
-3270317892087455472 | 103 | 3.39817 | 23
-6540635784174910943 | 104 | 3.39817 | 23
5365472505359729731 | 105 | 3.39817 | 23
-7715799062990092154 | 106 | 3.39817 | 23
3015145947729367308 | 107 | 3.07647 | 21
6030291895458734616 | 108 | 3.07647 | 21
-6386160282792082384 | 109 | 3.07647 | 21
5674423508125386848 | 110 | 3.07647 | 21
-7097897057458777919 | 111 | 3.07647 | 21
4250949958791995778 | 112 | 3.07647 | 21
8501899917583991557 | 113 | 3.07647 | 21
-1442944238541568502 | 114 | 3.07647 | 21
-2885888477083137004 | 115 | 3.07647 | 21
-5771776954166274008 | 116 | 3.07647 | 21
6903190165377003600 | 117 | 3.07647 | 21
-4640363742955544415 | 118 | 3.07647 | 21
9166016587798462787 | 119 | 3.07647 | 21
-114710898112626041 | 120 | 3.07647 | 21
-229421796225252082 | 121 | 3.07647 | 13
-458843592450504164 | 122 | 3.07647 | 13
-917687184901008328 | 123 | 3.07647 | 13
-1835374369802016655 | 124 | 3.07647 | 13
-3670748739604033310 | 125 | 35.5778 | 6
-3670748739604033309 | 125 | 54.1531 | 7
-229421796225252081 | 121 | 4.6613e-310 | 8
3015145947729367309 | 107 | 4.6613e-310 | 2
8405792563832911941 | 101 | 4.6613e-310 | 6
8856731728094011869 | 82 | 5.5665 | 27
-733280617521527877 | 83 | 5.5665 | 27
-1466561235043055753 | 84 | 5.5665 | 27
-2933122470086111505 | 85 | 5.5665 | 27
-5866244940172223010 | 86 | 5.5665 | 27
6714254193365105596 | 87 | 4.6613e-310 | 5
6714254193365105597 | 87 | 4.88643 | 22
-5018235686979340421 | 88 | 4.88643 | 22
8410272699750870775 | 89 | 4.88643 | 22
-1626198674207810065 | 90 | 4.88643 | 22
-3252397348415620130 | 91 | 4.88643 | 22
-6504794696831240260 | 92 | 4.88643 | 22
5437154680047071096 | 93 | 3.1678 | 14
-7572434713615409423 | 94 | 3.1678 | 14
3301874646478732771 | 95 | 3.1678 | 14
6603749292957465542 | 96 | 4.6613e-310 | 3
6603749292957465543 | 96 | 2.35501 | 11
-5239245487794620529 | 97 | 2.35501 | 11
7968253098120310558 | 98 | 2.35501 | 11
-2510237877468930500 | 99 | 7.64998 | 2
-2510237877468930499 | 99 | 6.37345e-322 | 9
5437154680047071097 | 93 | 4.6613e-310 | 8
-5958441330599428299 | 71 | 12.2988 | 57
6529861412510695019 | 72 | 12.2988 | 57
-5387021248688161577 | 73 | 12.2988 | 57
7672701576333228463 | 74 | 12.2988 | 57
-3101340921043094689 | 75 | 12.2988 | 57
-6202681842086189378 | 76 | 12.2988 | 57
6041380389537172860 | 77 | 12.2988 | 57
-6363983294635205895 | 78 | 12.2988 | 57
5718777484439139827 | 79 | 12.2988 | 57
-7009189104831271962 | 80 | 12.2988 | 57
4428365864047007692 | 81 | 9.8984 | 37
8856731728094015385 | 82 | 9.8984 | 37
-733280617521520846 | 83 | 9.8984 | 37
-1466561235043041691 | 84 | 9.8984 | 37
-2933122470086083382 | 85 | 9.8984 | 37
-5866244940172166764 | 86 | 9.8984 | 37
6714254193365218089 | 87 | 9.8984 | 37
-5018235686979115438 | 88 | 9.8984 | 37
8410272699751320740 | 89 | 9.8984 | 37
-1626198674206910135 | 90 | 9.8984 | 37
-3252397348413820270 | 91 | 9.8984 | 37
-6504794696827640539 | 92 | 9.8984 | 37
5437154680054270538 | 93 | 5.37663 | 36
-7572434713601010540 | 94 | 5.37663 | 36
3301874646507530536 | 95 | 4.73882 | 34
6603749293015061073 | 96 | 4.73882 | 34
-5239245487679429469 | 97 | 4.73882 | 34
7968253098350692678 | 98 | 4.73882 | 34
-2510237877008166260 | 99 | 4.3874 | 33
-5020475754016332519 | 100 | 4.3874 | 33
8405792565676886578 | 101 | 4.3874 | 33
-1635158942355778459 | 102 | 4.3874 | 33
-3270317884711556918 | 103 | 4.3874 | 33
-6540635769423113836 | 104 | 4.3874 | 33
5365472534863323945 | 105 | 4.3874 | 33
-7715799003982903726 | 106 | 4.3874 | 33
3015146065743744164 | 107 | 4.3874 | 33
6030292131487488329 | 108 | 4.3874 | 33
-6386159810734574958 | 109 | 4.3874 | 33
5674424452240401701 | 110 | 4.3874 | 33
-7097895169228748213 | 111 | 4.3874 | 33
4250953735252055190 | 112 | 4.3874 | 33
8501907470504110381 | 113 | 4.3874 | 33
-1442929132701330854 | 114 | 4.3874 | 33
-2885858265402661708 | 115 | 4.3874 | 33
-5771716530805323416 | 116 | 4.3874 | 33
6903311012098904784 | 117 | 13.5714 | 3
6903311012098904785 | 117 | 4.33079 | 30
-4640122049511742046 | 118 | 4.33079 | 30
9166499974686067524 | 119 | 1.36177 | 7
9166499974686067525 | 119 | 3.1099 | 23
-113744124337416565 | 120 | 3.1099 | 23
-227488248674833129 | 121 | 3.1099 | 23
-454976497349666257 | 122 | 3.1099 | 23
-909952994699332513 | 123 | 3.1099 | 23
-1819905989398665026 | 124 | 3.1099 | 23
-3639811978797330052 | 125 | 3.1099 | 23
-7279623957594660104 | 126 | 3.1099 | 23
3887496158520231409 | 127 | 3.1099 | 23
7774992317040462818 | 128 | 3.1099 | 23
-2896759439628625980 | 129 | 2.72512 | 7
-2896759439628625979 | 129 | 1.63738 | 16
-5793518879257251958 | 130 | 1.63738 | 16
6859706315195047701 | 131 | 1.63738 | 16
-4727331443319456213 | 132 | 1.63738 | 16
8992081187070639190 | 133 | 1.63738 | 16
-462581699568273236 | 134 | 1.63738 | 16
-925163399136546471 | 135 | 1.63738 | 16
-1850326798273092942 | 136 | 1.63738 | 16
-3700653596546185884 | 137 | 1.36753 | 13
-7401307193092371767 | 138 | 1.36753 | 13
3644129687524808082 | 139 | 1.36753 | 13
7288259375049616164 | 140 | 90.7489 | 2
7288259375049616165 | 140 | 0.970531 | 11
-3870225323610319285 | 141 | 0.970531 | 11
-7740450647220638569 | 142 | 0.970531 | 11
2965842779268274479 | 143 | 0.970531 | 11
5931685558536548958 | 144 | 29.2433 | 4
5931685558536548959 | 144 | 18.0006 | 7
-3700653596546185883 | 137 | 4.6613e-310 | 3
-2510237877008166259 | 99 | 4.6613e-310 | 1
3301874646507530537 | 95 | 4.6613e-310 | 2
5437154680054270539 | 93 | 4.6613e-310 | 1
4428365864047007693 | 81 | 3.24611 | 20
8856731728094015386 | 82 | 3.24611 | 20
-733280617521520844 | 83 | 2.60845 | 18
-1466561235043041687 | 84 | 2.60845 | 18
-2933122470086083373 | 85 | 2.60845 | 18
-5866244940172166745 | 86 | 2.60845 | 18
6714254193365218126 | 87 | 2.60845 | 18
-5018235686979115363 | 88 | 2.60845 | 18
8410272699751320891 | 89 | 2.60845 | 18
-1626198674206909834 | 90 | 2.60845 | 18
-3252397348413819667 | 91 | 2.60845 | 18
-6504794696827639333 | 92 | 2.60845 | 18
5437154680054272950 | 93 | 2.60845 | 18
-7572434713601005716 | 94 | 2.60845 | 18
3301874646507540185 | 95 | 2.60845 | 18
6603749293015080370 | 96 | 4.6613e-310 | 10
6603749293015080371 | 96 | 4.6613e-310 | 8
-733280617521520843 | 83 | 4.6613e-310 | 2
2977443395403 | 49 | 10.3995 | 28
5954886790807 | 50 | 10.3995 | 28
11909773581614 | 51 | 10.3995 | 28
23819547163228 | 52 | 10.3995 | 28
47639094326456 | 53 | 9.50668 | 27
95278188652912 | 54 | 4.6613e-310 | 8
95278188652913 | 54 | 6.9657 | 19
190556377305826 | 55 | 6.9657 | 19
381112754611652 | 56 | 6.9657 | 19
762225509223305 | 57 | 6.9657 | 19
1524451018446611 | 58 | 6.9657 | 19
3048902036893222 | 59 | 6.9657 | 19
6097804073786445 | 60 | 6.9657 | 19
12195608147572890 | 61 | 6.9657 | 19
24391216295145781 | 62 | 6.9657 | 19
48782432590291563 | 63 | 6.9657 | 19
97564865180583126 | 64 | 6.9657 | 19
195129730361166252 | 65 | 6.9657 | 19
390259460722332505 | 66 | 6.9657 | 19
780518921444665011 | 67 | 6.9657 | 19
1561037842889330022 | 68 | 6.9657 | 19
3122075685778660045 | 69 | 6.9657 | 19
6244151371557320091 | 70 | 6.9657 | 19
-5958441330594911433 | 71 | 6.9657 | 19
6529861412519728751 | 72 | 6.9657 | 19
-5387021248670094114 | 73 | 6.9657 | 19
7672701576369363389 | 74 | 6.9657 | 19
-3101340920970824838 | 75 | 5.45053 | 17
-6202681841941649676 | 76 | 5.45053 | 17
6041380389826252265 | 77 | 5.45053 | 17
-6363983294057047086 | 78 | 4.1931 | 15
5718777485595457445 | 79 | 4.1931 | 15
-7009189102518636726 | 80 | 4.1931 | 15
4428365868672278165 | 81 | 4.1931 | 15
8856731737344556330 | 82 | 4.1931 | 15
-733280599020438955 | 83 | 4.1931 | 15
-1466561198040877910 | 84 | 3.50605 | 14
-2933122396081755819 | 85 | 3.50605 | 14
-5866244792163511638 | 86 | 3.50605 | 14
6714254489382528340 | 87 | 4.6613e-310 | 3
6714254489382528341 | 87 | 2.4998 | 11
-5018235094944494934 | 88 | 2.4998 | 11
8410273883820561748 | 89 | 2.4998 | 11
-1626196306068428119 | 90 | 2.4998 | 11
-3252392612136856237 | 91 | 2.4998 | 11
-6504785224273712474 | 92 | 4.00193e-322 | 6
-6504785224273712473 | 92 | 1.30602 | 5
-1466561198040877909 | 84 | 4.6613e-310 | 1
-6363983294057047085 | 78 | 4.6613e-310 | 2
-3101340920970824837 | 75 | 4.6613e-310 | 2
47639094326457 | 53 | 4.6613e-310 | 1
181728723 | 35 | 13.3194 | 156
363457447 | 36 | 13.3194 | 156
726914895 | 37 | 13.3194 | 156
1453829791 | 38 | 13.3194 | 156
2907659582 | 39 | 13.3194 | 156
5815319165 | 40 | 13.3194 | 156
11630638331 | 41 | 13.3194 | 156
23261276662 | 42 | 10.4444 | 146
46522553324 | 43 | 10.4444 | 146
93045106648 | 44 | 10.4444 | 146
186090213297 | 45 | 10.4444 | 146
372180426595 | 46 | 10.4444 | 146
744360853190 | 47 | 8.81618 | 59
1488721706381 | 48 | 8.81618 | 59
2977443412762 | 49 | 8.81618 | 59
5954886825525 | 50 | 8.81618 | 59
11909773651050 | 51 | 1.26975e-321 | 1
11909773651051 | 51 | 8.79141 | 58
23819547302103 | 52 | 8.79141 | 58
47639094604206 | 53 | 7.13903 | 14
95278189208413 | 54 | 7.13903 | 14
190556378416827 | 55 | 7.13903 | 14
381112756833655 | 56 | 7.13903 | 14
762225513667311 | 57 | 7.13903 | 14
1524451027334623 | 58 | 7.13903 | 14
3048902054669246 | 59 | 7.13903 | 14
6097804109338493 | 60 | 7.13903 | 14
12195608218676986 | 61 | 6.60612 | 12
24391216437353973 | 62 | 6.60612 | 12
48782432874707946 | 63 | 6.60612 | 12
97564865749415892 | 64 | 6.60612 | 12
195129731498831785 | 65 | 6.60612 | 12
390259462997663570 | 66 | 4.6613e-310 | 7
390259462997663571 | 66 | 43.6847 | 5
12195608218676987 | 61 | 4.6613e-310 | 2
47639094604207 | 53 | 8.45674 | 44
95278189208415 | 54 | 8.45674 | 44
190556378416830 | 55 | 8.45674 | 44
381112756833660 | 56 | 8.45674 | 44
762225513667320 | 57 | 8.45674 | 44
1524451027334641 | 58 | 8.45674 | 44
3048902054669282 | 59 | 8.45674 | 44
6097804109338564 | 60 | 4.39146 | 27
12195608218677128 | 61 | 4.39146 | 27
24391216437354256 | 62 | 4.39146 | 27
48782432874708512 | 63 | 4.39146 | 27
97564865749417024 | 64 | 4.39146 | 27
195129731498834049 | 65 | 4.39146 | 27
390259462997668099 | 66 | 4.39146 | 27
780518925995336198 | 67 | 3.39425 | 18
1561037851990672396 | 68 | 0.456976 | 7
1561037851990672397 | 68 | 3.39425 | 11
3122075703981344794 | 69 | 3.39425 | 11
6244151407962689588 | 70 | 3.39425 | 11
-5958441257784172440 | 71 | 3.39425 | 11
6529861558141206736 | 72 | 3.39425 | 11
-5387020957427138143 | 73 | 3.39425 | 11
7672702158855275331 | 74 | 3.39425 | 11
-3101339755999000954 | 75 | 3.39425 | 11
-6202679511998001908 | 76 | 3.21143e-322 | 3
-6202679511998001907 | 76 | 4.6613e-310 | 8
780518925995336199 | 67 | 4.6613e-310 | 9
6097804109338565 | 60 | 5.20739 | 17
12195608218677131 | 61 | 5.20739 | 17
24391216437354262 | 62 | 5.20739 | 17
48782432874708524 | 63 | 5.20739 | 17
97564865749417048 | 64 | 4.6613e-310 | 10
97564865749417049 | 64 | 4.6613e-310 | 7
744360853191 | 47 | 8.26921 | 87
1488721706382 | 48 | 8.26921 | 87
2977443412764 | 49 | 8.26921 | 87
5954886825528 | 50 | 8.26921 | 87
11909773651057 | 51 | 8.26921 | 87
23819547302114 | 52 | 8.26921 | 87
47639094604228 | 53 | 8.26921 | 87
95278189208457 | 54 | 8.26921 | 87
190556378416914 | 55 | 8.26921 | 87
381112756833828 | 56 | 8.26921 | 87
762225513667656 | 57 | 8.26921 | 87
1524451027335313 | 58 | 8.26921 | 87
3048902054670626 | 59 | 8.26921 | 87
6097804109341252 | 60 | 7.44194 | 84
12195608218682504 | 61 | 7.44194 | 84
24391216437365008 | 62 | 7.44194 | 84
48782432874730016 | 63 | 7.44194 | 84
97564865749460033 | 64 | 7.44194 | 84
195129731498920067 | 65 | 7.44194 | 84
390259462997840135 | 66 | 7.44194 | 84
780518925995680270 | 67 | 7.37575 | 78
1561037851991360541 | 68 | 7.37575 | 78
3122075703982721083 | 69 | 7.37575 | 78
6244151407965442167 | 70 | 7.37575 | 78
-5958441257778667282 | 71 | 6.95061e-310 | 1
-5958441257778667281 | 71 | 7.37575 | 77
6529861558152217054 | 72 | 6.95061e-310 | 6
6529861558152217055 | 72 | 7.37575 | 71
-5387020957405117505 | 73 | 7.37575 | 71
7672702158899316606 | 74 | 7.37575 | 71
-3101339755910918404 | 75 | 5.29382 | 53
-6202679511821836807 | 76 | 5.29382 | 53
6041385050065878002 | 77 | 5.29382 | 53
-6363973973577795611 | 78 | 5.29382 | 53
5718796126553960394 | 79 | 5.29382 | 53
-7009151820601630828 | 80 | 16.911 | 8
-7009151820601630827 | 80 | 4.87909 | 45
4428440432506289963 | 81 | 4.87909 | 45
8856880865012579926 | 82 | 4.79244e-322 | 4
8856880865012579927 | 82 | 4.72393 | 41
-732982343684391761 | 83 | 4.72393 | 41
-1465964687368783522 | 84 | 4.72393 | 41
-2931929374737567044 | 85 | 3.21355 | 13
-5863858749475134088 | 86 | 3.21355 | 13
6719026574759283440 | 87 | 3.21355 | 13
-5008690924190984735 | 88 | 3.21355 | 13
8429362225327582147 | 89 | 3.21355 | 13
-1588019623054387322 | 90 | 2.81393 | 12
-3176039246108774643 | 91 | 2.81393 | 12
-6352078492217549285 | 92 | 2.81393 | 12
5742587089274453047 | 93 | 2.81393 | 12
-6961569895160645522 | 94 | 2.81393 | 12
4523604283388260573 | 95 | 2.81393 | 12
9047208566776521146 | 96 | 11.779 | 2
9047208566776521147 | 96 | 5.8959 | 10
-1588019623054387321 | 90 | 4.6613e-310 | 1
-2931929374737567043 | 85 | 4.22444 | 28
-5863858749475134086 | 86 | 4.22444 | 28
6719026574759283444 | 87 | 4.22444 | 28
-5008690924190984728 | 88 | 2.91344 | 20
8429362225327582161 | 89 | 2.91344 | 20
-1588019623054387293 | 90 | 2.91344 | 20
-3176039246108774586 | 91 | 2.91344 | 20
-6352078492217549172 | 92 | 0.0767731 | 8
-6352078492217549171 | 92 | 2.27908 | 12
5742587089274453275 | 93 | 2.27908 | 12
-6961569895160645066 | 94 | 2.27908 | 12
4523604283388261484 | 95 | 2.27908 | 12
9047208566776522969 | 96 | 2.27908 | 12
-352326940156505678 | 97 | 4.21232 | 7
-352326940156505677 | 97 | 8.2364 | 5
-5008690924190984727 | 88 | 4.6613e-310 | 8
-3101339755910918403 | 75 | 4.81631 | 18
-6202679511821836805 | 76 | 4.81631 | 18
6041385050065878007 | 77 | 4.81631 | 18
-6363973973577795602 | 78 | 4.81631 | 18
5718796126553960413 | 79 | 4.81631 | 18
-7009151820601630790 | 80 | 4.6613e-310 | 8
-7009151820601630789 | 80 | 4.6613e-310 | 10
780518925995680271 | 67 | 4.6613e-310 | 6
6097804109341253 | 60 | 4.6613e-310 | 3
23261276663 | 42 | 4.6613e-310 | 10
45432181 | 33 | 18.8625 | 101
90864363 | 34 | 18.8625 | 101
181728726 | 35 | 18.8625 | 101
363457452 | 36 | 18.8625 | 101
726914905 | 37 | 18.8625 | 101
1453829810 | 38 | 13.295 | 92
2907659621 | 39 | 13.295 | 92
5815319243 | 40 | 13.295 | 92
11630638487 | 41 | 13.295 | 92
23261276975 | 42 | 13.295 | 92
46522553950 | 43 | 13.295 | 92
93045107900 | 44 | 7.16395e-322 | 6
93045107901 | 44 | 9.39378 | 86
186090215803 | 45 | 9.39378 | 86
372180431606 | 46 | 9.39378 | 86
744360863212 | 47 | 9.39378 | 86
1488721726424 | 48 | 9.39378 | 86
2977443452848 | 49 | 9.39378 | 86
5954886905696 | 50 | 2.97188 | 19
11909773811392 | 51 | 2.97188 | 19
23819547622784 | 52 | 2.97188 | 19
47639095245569 | 53 | 2.97188 | 19
95278190491139 | 54 | 2.97188 | 19
190556380982279 | 55 | 2.97188 | 19
381112761964559 | 56 | 2.97188 | 19
762225523929119 | 57 | 2.97188 | 19
1524451047858239 | 58 | 2.97188 | 19
3048902095716478 | 59 | 2.97188 | 19
6097804191432957 | 60 | 2.97188 | 19
12195608382865915 | 61 | 2.97188 | 19
24391216765731830 | 62 | 2.97188 | 19
48782433531463660 | 63 | 0 | 6
48782433531463661 | 63 | 2.95096 | 13
97564867062927322 | 64 | 2.95096 | 13
195129734125854644 | 65 | 2.95096 | 13
390259468251709289 | 66 | 2.95096 | 13
780518936503418578 | 67 | 2.30355 | 12
1561037873006837156 | 68 | 2.30355 | 12
3122075746013674312 | 69 | 2.30355 | 12
6244151492027348625 | 70 | 2.30355 | 12
-5958441089654854365 | 71 | 2.30355 | 12
6529861894399842887 | 72 | 2.30355 | 12
-5387020284909865842 | 73 | 1.63042e-322 | 4
-5387020284909865841 | 73 | 4.6613e-310 | 8
780518936503418579 | 67 | 4.6613e-310 | 1
5954886905697 | 50 | 8.99898 | 67
11909773811394 | 51 | 8.99898 | 67
23819547622788 | 52 | 7.04857 | 23
47639095245576 | 53 | 2.04504 | 13
95278190491152 | 54 | 2.04504 | 13
190556380982305 | 55 | 2.04504 | 13
381112761964610 | 56 | 4.6613e-310 | 2
381112761964611 | 56 | 1.71615 | 11
762225523929222 | 57 | 1.71615 | 11
1524451047858444 | 58 | 1.71615 | 11
3048902095716889 | 59 | 1.71615 | 11
6097804191433778 | 60 | 1.71615 | 11
12195608382867557 | 61 | 1.71615 | 11
24391216765735114 | 62 | 1.71615 | 11
48782433531470228 | 63 | 1.71615 | 11
97564867062940456 | 64 | 4.6613e-310 | 2
97564867062940457 | 64 | 4.6613e-310 | 9
47639095245577 | 53 | 4.6613e-310 | 10
23819547622789 | 52 | 8.36388 | 44
47639095245579 | 53 | 8.36388 | 44
95278190491158 | 54 | 8.36388 | 44
190556380982317 | 55 | 8.36388 | 44
381112761964634 | 56 | 8.36388 | 44
762225523929269 | 57 | 8.36388 | 44
1524451047858538 | 58 | 8.36388 | 44
3048902095717077 | 59 | 8.36388 | 44
6097804191434154 | 60 | 8.36388 | 44
12195608382868308 | 61 | 6.9621 | 22
24391216765736616 | 62 | 6.95061e-310 | 3
24391216765736617 | 62 | 4.79992 | 19
48782433531473234 | 63 | 4.79992 | 19
97564867062946469 | 64 | 4.79992 | 19
195129734125892939 | 65 | 4.79992 | 19
390259468251785878 | 66 | 4.79992 | 19
780518936503571756 | 67 | 4.79992 | 19
1561037873007143513 | 68 | 4.79992 | 19
3122075746014287027 | 69 | 4.79992 | 19
6244151492028574054 | 70 | 4.79992 | 19
-5958441089652403508 | 71 | 4.79992 | 19
6529861894404744600 | 72 | 4.79992 | 19
-5387020284900062416 | 73 | 3.62644 | 12
7672703503909426785 | 74 | 3.62644 | 12
-3101337065890698045 | 75 | 3.62644 | 12
-6202674131781396089 | 76 | 3.62644 | 12
6041395810146759438 | 77 | 3.62644 | 12
-6363952453416032740 | 78 | 3.62644 | 12
5718839166877486136 | 79 | 3.62644 | 12
-7009065739954579343 | 80 | 3.62644 | 12
4428612593800392931 | 81 | 3.62644 | 12
8857225187600785862 | 82 | 3.62644 | 12
-732293698507979892 | 83 | 39.9026 | 7
-732293698507979891 | 83 | 7.56131 | 5
-5387020284900062415 | 73 | 4.6613e-310 | 7
12195608382868309 | 61 | 8.36388 | 22
24391216765736618 | 62 | 8.36388 | 19
48782433531473236 | 63 | 4.69923 | 18
97564867062946472 | 64 | 4.69923 | 18
195129734125892945 | 65 | 4.69923 | 18
390259468251785890 | 66 | 4.69923 | 18
780518936503571781 | 67 | 4.69923 | 18
1561037873007143563 | 68 | 4.69923 | 18
3122075746014287126 | 69 | 4.69923 | 18
6244151492028574252 | 70 | 4.69923 | 18
-5958441089652403112 | 71 | 4.69923 | 18
6529861894404745392 | 72 | 4.69923 | 18
-5387020284900060831 | 73 | 4.69923 | 18
7672703503909429955 | 74 | 4.69923 | 18
-3101337065890691705 | 75 | 4.69923 | 18
-6202674131781383410 | 76 | 4.69923 | 18
6041395810146784796 | 77 | 4.6613e-310 | 2
6041395810146784797 | 77 | 3.04447 | 16
-6363952453415982022 | 78 | 3.04447 | 16
5718839166877587572 | 79 | 3.04447 | 16
-7009065739954376471 | 80 | 3.04447 | 16
4428612593800798675 | 81 | 3.04447 | 16
8857225187601597351 | 82 | 3.04447 | 16
-732293698506356914 | 83 | 1.09128 | 4
-732293698506356913 | 83 | 2.1386 | 12
-1464587397012713826 | 84 | 0.848999 | 4
-1464587397012713825 | 84 | 1.09128 | 8
48782433531473237 | 63 | 4.6613e-310 | 1
24391216765736619 | 62 | 4.6613e-310 | 3
1453829811 | 38 | 4.6613e-310 | 9
11 | 11 | 15.9367 | 55
23 | 12 | 15.9367 | 55
47 | 13 | 15.9367 | 55
95 | 14 | 15.9367 | 55
191 | 15 | 15.9367 | 55
382 | 16 | 15.9367 | 55
765 | 17 | 15.9367 | 55
1531 | 18 | 15.9367 | 55
3063 | 19 | 15.9367 | 55
6126 | 20 | 15.9367 | 55
12252 | 21 | 15.9367 | 55
24504 | 22 | 15.9367 | 55
49009 | 23 | 15.9367 | 55
98018 | 24 | 15.9367 | 55
196037 | 25 | 15.9367 | 55
392075 | 26 | 15.9367 | 55
784150 | 27 | 10.7845 | 54
1568301 | 28 | 10.7845 | 54
3136603 | 29 | 10.7845 | 54
6273207 | 30 | 10.7845 | 54
12546415 | 31 | 10.7845 | 54
25092831 | 32 | 10.7845 | 54
50185662 | 33 | 10.7845 | 54
100371325 | 34 | 10.7845 | 54
200742650 | 35 | 10.7845 | 54
401485301 | 36 | 10.7845 | 54
802970602 | 37 | 10.7845 | 54
1605941204 | 38 | 10.7845 | 54
3211882408 | 39 | 7.23352 | 49
6423764816 | 40 | 7.23352 | 49
12847529633 | 41 | 7.23352 | 49
25695059267 | 42 | 7.23352 | 49
51390118535 | 43 | 7.23352 | 49
102780237070 | 44 | 7.23352 | 49
205560474141 | 45 | 7.23352 | 49
411120948282 | 46 | 7.23352 | 49
822241896565 | 47 | 7.23352 | 49
1644483793130 | 48 | 5.07679 | 28
3288967586260 | 49 | 5.07679 | 28
6577935172520 | 50 | 5.07679 | 28
13155870345040 | 51 | 1.63042e-322 | 5
13155870345041 | 51 | 4.85544 | 23
26311740690082 | 52 | 4.29146 | 20
52623481380165 | 53 | 4.29146 | 20
105246962760330 | 54 | 4.29146 | 20
210493925520660 | 55 | 1.63042e-322 | 1
210493925520661 | 55 | 2.83926 | 19
420987851041322 | 56 | 2.83926 | 19
841975702082645 | 57 | 2.83926 | 19
1683951404165291 | 58 | 2.83926 | 19
3367902808330582 | 59 | 2.83926 | 19
6735805616661165 | 60 | 2.83926 | 19
13471611233322331 | 61 | 2.83926 | 19
26943222466644663 | 62 | 2.83926 | 19
53886444933289326 | 63 | 2.83926 | 11
107772889866578653 | 64 | 2.83926 | 11
215545779733157307 | 65 | 2.83926 | 11
431091559466314615 | 66 | 2.83926 | 11
862183118932629231 | 67 | 2.83926 | 11
1724366237865258463 | 68 | 2.83926 | 11
3448732475730516927 | 69 | 2.83926 | 11
6897464951461033854 | 70 | 2.83926 | 11
-4651814170787483907 | 71 | 2.83926 | 11
9143115732134583803 | 72 | 2.83926 | 11
-160512609440384010 | 73 | 2.83926 | 11
-321025218880768020 | 74 | 1.63042e-322 | 10
-321025218880768019 | 74 | 1.63042e-322 | 1
53886444933289327 | 63 | 1.63042e-322 | 8
26311740690083 | 52 | 1.63042e-322 | 3
1644483793131 | 48 | 3.59488 | 21
3288967586263 | 49 | 3.59488 | 21
6577935172527 | 50 | 3.59488 | 21
13155870345055 | 51 | 3.59488 | 21
26311740690110 | 52 | 2.82089 | 19
52623481380220 | 53 | 2.82089 | 19
105246962760440 | 54 | 2.82089 | 19
210493925520881 | 55 | 2.82089 | 19
420987851041763 | 56 | 2.82089 | 19
841975702083526 | 57 | 2.14652 | 14
1683951404167052 | 58 | 1.88976 | 11
3367902808334104 | 59 | 1.88976 | 11
6735805616668208 | 60 | 1.88976 | 11
13471611233336417 | 61 | 1.88976 | 11
26943222466672834 | 62 | 1.88976 | 11
53886444933345668 | 63 | 1.88976 | 11
107772889866691336 | 64 | 1.88976 | 11
215545779733382672 | 65 | 1.88976 | 11
431091559466765345 | 66 | 1.88976 | 11
862183118933530691 | 67 | 1.88976 | 11
1724366237867061382 | 68 | 1.63042e-322 | 6
1724366237867061383 | 68 | 1.63042e-322 | 5
1683951404167053 | 58 | 1.63042e-322 | 3
841975702083527 | 57 | 1.63042e-322 | 5
26311740690111 | 52 | 1.63042e-322 | 2
3211882409 | 39 | 1.63042e-322 | 5
784151 | 27 | 4.6613e-310 | 1
1 | 4 | 26.703 | 512
3 | 5 | 26.703 | 512
6 | 6 | 13.7202 | 135
12 | 7 | 13.7202 | 135
24 | 8 | 13.0157 | 131
48 | 9 | 13.0157 | 131
96 | 10 | 13.0157 | 131
192 | 11 | 8.38352 | 75
384 | 12 | 8.38352 | 75
769 | 13 | 8.38352 | 75
1538 | 14 | 4.62837 | 39
3076 | 15 | 3.74891 | 23
6153 | 16 | 3.74891 | 23
12306 | 17 | 3.10683 | 21
24612 | 18 | 3.10683 | 21
49224 | 19 | 3.10683 | 21
98449 | 20 | 3.10683 | 21
196898 | 21 | 3.10683 | 21
393797 | 22 | 3.10683 | 21
787595 | 23 | 3.10683 | 21
1575191 | 24 | 3.10683 | 21
3150382 | 25 | 3.10683 | 21
6300764 | 26 | 3.10683 | 21
12601529 | 27 | 3.10683 | 21
25203058 | 28 | 3.10683 | 21
50406116 | 29 | 3.10683 | 21
100812232 | 30 | 3.10683 | 21
201624464 | 31 | 3.10683 | 21
403248928 | 32 | 3.10683 | 21
806497857 | 33 | 3.10683 | 21
1612995714 | 34 | 3.10683 | 21
3225991429 | 35 | 3.10683 | 21
6451982858 | 36 | 1.5687 | 18
12903965717 | 37 | 1.5687 | 18
25807931434 | 38 | 1.5687 | 18
51615862869 | 39 | 1.5687 | 18
103231725738 | 40 | 1.5687 | 18
206463451476 | 41 | 1.35921 | 13
412926902952 | 42 | 1.35921 | 13
825853805904 | 43 | 1.35921 | 13
1651707611808 | 44 | 1.35921 | 13
3303415223617 | 45 | 1.35921 | 13
6606830447234 | 46 | 1.58101e-322 | 1
6606830447235 | 46 | 1.35921 | 12
13213660894471 | 47 | 1.35921 | 12
26427321788942 | 48 | 1.35921 | 12
52854643577885 | 49 | 1.35921 | 12
105709287155771 | 50 | 1.35921 | 12
211418574311542 | 51 | 1.35921 | 12
422837148623084 | 52 | 1.35921 | 12
845674297246169 | 53 | 1.35921 | 12
1691348594492339 | 54 | 1.35921 | 12
3382697188984679 | 55 | 1.35921 | 12
6765394377969358 | 56 | 1.35921 | 12
13530788755938717 | 57 | 1.35921 | 12
27061577511877435 | 58 | 1.35921 | 12
54123155023754870 | 59 | 1.35921 | 12
108246310047509740 | 60 | 1.35921 | 12
216492620095019481 | 61 | 1.35921 | 12
432985240190038962 | 62 | 1.63042e-322 | 9
432985240190038963 | 62 | 1.58101e-322 | 3
206463451477 | 41 | 1.58101e-322 | 5
6451982859 | 36 | 1.63042e-322 | 3
12307 | 17 | 1.58101e-322 | 2
3077 | 15 | 3.82385 | 16
6154 | 16 | 1.63042e-322 | 1
6155 | 16 | 3.64389 | 15
12310 | 17 | 1.63042e-322 | 1
12311 | 17 | 3.51047 | 14
24623 | 18 | 3.51047 | 14
49246 | 19 | 3.51047 | 14
98492 | 20 | 3.51047 | 14
196984 | 21 | 3.51047 | 14
393969 | 22 | 3.51047 | 14
787939 | 23 | 3.51047 | 14
1575878 | 24 | 3.51047 | 12
3151756 | 25 | 3.51047 | 12
6303512 | 26 | 3.51047 | 12
12607025 | 27 | 3.51047 | 12
25214050 | 28 | 3.51047 | 12
50428100 | 29 | 3.51047 | 12
100856200 | 30 | 3.51047 | 12
201712400 | 31 | 3.51047 | 12
403424800 | 32 | 3.51047 | 12
806849601 | 33 | 3.51047 | 12
1613699203 | 34 | 3.51047 | 12
3227398406 | 35 | 3.38716 | 11
6454796812 | 36 | 3.38716 | 11
12909593625 | 37 | 3.38716 | 11
25819187250 | 38 | 3.38716 | 11
51638374500 | 39 | 3.38716 | 11
103276749001 | 40 | 3.38716 | 11
206553498002 | 41 | 3.38716 | 11
413106996005 | 42 | 3.38716 | 11
826213992011 | 43 | 3.38716 | 11
1652427984022 | 44 | 3.38716 | 11
3304855968045 | 45 | 3.38716 | 11
6609711936090 | 46 | 3.38716 | 11
13219423872181 | 47 | 3.38716 | 11
26438847744362 | 48 | 1.58101e-322 | 5
26438847744363 | 48 | 1.63042e-322 | 6
3227398407 | 35 | 1.58101e-322 | 1
1575879 | 24 | 1.63042e-322 | 2
1539 | 14 | 4.75428 | 36
3078 | 15 | 4.75428 | 36
6156 | 16 | 4.37528 | 32
12313 | 17 | 4.37528 | 32
24626 | 18 | 4.37528 | 32
49253 | 19 | 4.37528 | 32
98506 | 20 | 1.58101e-322 | 2
98507 | 20 | 3.86994 | 30
197015 | 21 | 3.86994 | 30
394030 | 22 | 3.86994 | 30
788061 | 23 | 3.86994 | 30
1576122 | 24 | 3.86994 | 30
3152244 | 25 | 3.86994 | 30
6304488 | 26 | 3.86994 | 30
12608977 | 27 | 3.86994 | 30
25217954 | 28 | 3.71343 | 29
50435908 | 29 | 3.13057 | 25
100871817 | 30 | 3.13057 | 25
201743634 | 31 | 3.13057 | 25
403487269 | 32 | 3.13057 | 25
806974539 | 33 | 3.13057 | 25
1613949078 | 34 | 3.13057 | 25
3227898156 | 35 | 3.13057 | 25
6455796313 | 36 | 3.13057 | 25
12911592627 | 37 | 3.13057 | 25
25823185254 | 38 | 3.13057 | 25
51646370509 | 39 | 3.13057 | 25
103292741019 | 40 | 3.13057 | 25
206585482038 | 41 | 1.63042e-322 | 3
206585482039 | 41 | 3.13057 | 22
413170964079 | 42 | 3.13057 | 22
826341928158 | 43 | 3.13057 | 22
1652683856316 | 44 | 1.63042e-322 | 5
1652683856317 | 44 | 2.7431 | 17
3305367712634 | 45 | 2.7431 | 17
6610735425268 | 46 | 2.7431 | 17
13221470850537 | 47 | 2.7431 | 17
26442941701075 | 48 | 2.7431 | 17
52885883402151 | 49 | 2.7431 | 17
105771766804303 | 50 | 2.7431 | 17
211543533608606 | 51 | 2.7431 | 17
423087067217212 | 52 | 1.63042e-322 | 5
423087067217213 | 52 | 2.39459 | 12
846174134434427 | 53 | 2.39459 | 12
1692348268868854 | 54 | 2.39459 | 12
3384696537737708 | 55 | 2.39459 | 12
6769393075475416 | 56 | 2.39459 | 12
13538786150950832 | 57 | 2.39459 | 12
27077572301901665 | 58 | 2.39459 | 12
54155144603803331 | 59 | 2.39459 | 12
108310289207606663 | 60 | 2.39459 | 12
216620578415213326 | 61 | 2.39459 | 12
433241156830426653 | 62 | 2.39459 | 12
866482313660853306 | 63 | 1.63353 | 11
1732964627321706613 | 64 | 1.63353 | 11
3465929254643413227 | 65 | 1.63353 | 11
6931858509286826454 | 66 | 1.63042e-322 | 2
6931858509286826455 | 66 | 1.63042e-322 | 9
866482313660853307 | 63 | 1.63042e-322 | 1
50435909 | 29 | 1.63042e-322 | 4
25217955 | 28 | 1.63042e-322 | 1
6157 | 16 | 1.63042e-322 | 4
193 | 11 | 5.10958 | 56
387 | 12 | 5.10958 | 56
775 | 13 | 5.10958 | 56
1551 | 14 | 5.10958 | 56
3103 | 15 | 5.10958 | 56
6207 | 16 | 5.10958 | 56
12414 | 17 | 5.10958 | 56
24828 | 18 | 5.10958 | 56
49657 | 19 | 5.10958 | 56
99315 | 20 | 5.10958 | 56
198630 | 21 | 5.10958 | 56
397260 | 22 | 5.10958 | 56
794521 | 23 | 5.10958 | 56
1589042 | 24 | 5.10958 | 56
3178085 | 25 | 5.10958 | 56
6356171 | 26 | 5.10958 | 56
12712343 | 27 | 5.10958 | 56
25424686 | 28 | 5.10958 | 56
50849373 | 29 | 5.10958 | 56
101698747 | 30 | 5.10958 | 56
203397494 | 31 | 5.10958 | 56
406794988 | 32 | 5.10958 | 56
813589976 | 33 | 5.10958 | 56
1627179953 | 34 | 5.10958 | 56
3254359906 | 35 | 1.63042e-322 | 6
3254359907 | 35 | 4.69944 | 50
6508719815 | 36 | 4.69944 | 50
13017439630 | 37 | 4.69944 | 50
26034879260 | 38 | 2.09889 | 12
52069758520 | 39 | 2.09889 | 12
104139517040 | 40 | 2.09889 | 12
208279034081 | 41 | 2.09889 | 12
416558068163 | 42 | 2.09889 | 12
833116136327 | 43 | 2.09889 | 12
1666232272654 | 44 | 2.09889 | 12
3332464545309 | 45 | 2.09889 | 12
6664929090618 | 46 | 2.09889 | 12
13329858181237 | 47 | 2.09889 | 12
26659716362475 | 48 | 2.09889 | 12
53319432724950 | 49 | 1.58101e-322 | 5
53319432724951 | 49 | 1.63042e-322 | 7
26034879261 | 38 | 3.46682 | 38
52069758523 | 39 | 3.46682 | 38
104139517047 | 40 | 3.46682 | 38
208279034094 | 41 | 3.46682 | 38
416558068189 | 42 | 3.46682 | 38
833116136379 | 43 | 3.46682 | 38
1666232272758 | 44 | 3.46682 | 38
3332464545517 | 45 | 3.46682 | 38
6664929091034 | 46 | 2.57553 | 23
13329858182069 | 47 | 2.57553 | 23
26659716364139 | 48 | 2.57553 | 23
53319432728278 | 49 | 2.57553 | 23
106638865456557 | 50 | 2.57553 | 23
213277730913114 | 51 | 2.57553 | 23
426555461826228 | 52 | 2.57553 | 23
853110923652456 | 53 | 2.57553 | 23
1706221847304912 | 54 | 2.57553 | 23
3412443694609825 | 55 | 2.57553 | 23
6824887389219651 | 56 | 2.57553 | 23
13649774778439302 | 57 | 2.57553 | 23
27299549556878604 | 58 | 2.57553 | 23
54599099113757208 | 59 | 2.57553 | 23
109198198227514416 | 60 | 2.57553 | 23
218396396455028833 | 61 | 2.57553 | 23
436792792910057666 | 62 | 2.57553 | 23
873585585820115332 | 63 | 2.57553 | 23
1747171171640230664 | 64 | 2.57553 | 23
3494342343280461329 | 65 | 2.57553 | 23
6988684686560922658 | 66 | 2.57553 | 23
-4469374700587706300 | 67 | 2.57553 | 23
-8938749401175412599 | 68 | 2.57553 | 23
569245271358726419 | 69 | 2.57553 | 23
1138490542717452838 | 70 | 2.57553 | 23
2276981085434905676 | 71 | 1.58101e-322 | 8
2276981085434905677 | 71 | 1.92723 | 15
4553962170869811355 | 72 | 1.92723 | 15
9107924341739622711 | 73 | 1.92723 | 15
-230895390230306194 | 74 | 1.92723 | 15
-461790780460612388 | 75 | 1.92723 | 15
-923581560921224776 | 76 | 1.63042e-322 | 6
-923581560921224775 | 76 | 1.58101e-322 | 9
6664929091035 | 46 | 2.2723 | 15
13329858182071 | 47 | 2.2723 | 15
26659716364142 | 48 | 2.2723 | 15
53319432728284 | 49 | 2.04835 | 13
106638865456569 | 50 | 2.04835 | 13
213277730913139 | 51 | 2.04835 | 13
426555461826279 | 52 | 2.04835 | 13
853110923652558 | 53 | 2.04835 | 13
1706221847305117 | 54 | 2.04835 | 13
3412443694610235 | 55 | 2.04835 | 13
6824887389220470 | 56 | 2.04835 | 13
13649774778440941 | 57 | 2.04835 | 13
27299549556881882 | 58 | 2.04835 | 13
54599099113763764 | 59 | 1.63042e-322 | 4
54599099113763765 | 59 | 1.63042e-322 | 9
53319432728285 | 49 | 1.63042e-322 | 2
25 | 8 | 4.6613e-310 | 4
7 | 6 | 26.703 | 377
14 | 7 | 26.703 | 377
28 | 8 | 26.703 | 377
56 | 9 | 20.8318 | 139
112 | 10 | 20.8318 | 139
224 | 11 | 20.1546 | 133
449 | 12 | 20.1546 | 133
899 | 13 | 20.1546 | 133
1799 | 14 | 20.1546 | 133
3598 | 15 | 20.1546 | 133
7197 | 16 | 20.1546 | 133
14394 | 17 | 5.49433 | 16
28788 | 18 | 5.49433 | 16
57576 | 19 | 5.49433 | 16
115152 | 20 | 1.58101e-322 | 9
115153 | 20 | 1.58101e-322 | 7
14395 | 17 | 16.7095 | 117
28790 | 18 | 16.7095 | 117
57580 | 19 | 16.7095 | 117
115161 | 20 | 16.7095 | 117
230323 | 21 | 16.7095 | 117
460646 | 22 | 16.7095 | 117
921293 | 23 | 16.7095 | 117
1842586 | 24 | 16.7095 | 117
3685172 | 25 | 16.7095 | 117
7370344 | 26 | 10.0438 | 75
14740689 | 27 | 10.0438 | 75
29481378 | 28 | 10.0438 | 75
58962756 | 29 | 10.0438 | 75
117925513 | 30 | 10.0438 | 75
235851027 | 31 | 10.0438 | 75
471702054 | 32 | 10.0438 | 75
943404109 | 33 | 10.0438 | 75
1886808218 | 34 | 10.0438 | 75
3773616436 | 35 | 10.0438 | 75
7547232872 | 36 | 10.0438 | 75
15094465745 | 37 | 10.0438 | 75
30188931490 | 38 | 10.0438 | 75
60377862980 | 39 | 4.48992 | 26
120755725960 | 40 | 1.63042e-322 | 5
120755725961 | 40 | 4.48992 | 21
241511451922 | 41 | 4.48992 | 21
483022903844 | 42 | 4.48992 | 21
966045807689 | 43 | 4.48992 | 21
1932091615379 | 44 | 4.48992 | 21
3864183230759 | 45 | 4.48992 | 21
7728366461518 | 46 | 4.48992 | 21
15456732923037 | 47 | 4.48992 | 21
30913465846074 | 48 | 4.48992 | 21
61826931692148 | 49 | 4.48992 | 21
123653863384296 | 50 | 3.45067 | 17
247307726768593 | 51 | 3.45067 | 17
494615453537186 | 52 | 3.45067 | 17
989230907074372 | 53 | 1.63042e-322 | 4
989230907074373 | 53 | 2.32869 | 13
1978461814148747 | 54 | 2.32869 | 13
3956923628297494 | 55 | 2.32869 | 13
7913847256594989 | 56 | 2.32869 | 13
15827694513189978 | 57 | 2.32869 | 13
31655389026379956 | 58 | 2.32869 | 13
63310778052759912 | 59 | 2.32869 | 13
126621556105519824 | 60 | 1.63042e-322 | 10
126621556105519825 | 60 | 1.63042e-322 | 3
123653863384297 | 50 | 1.63042e-322 | 4
60377862981 | 39 | 6.01311 | 49
120755725963 | 40 | 6.01311 | 49
241511451927 | 41 | 6.01311 | 49
483022903854 | 42 | 6.01311 | 49
966045807709 | 43 | 6.01311 | 49
1932091615419 | 44 | 6.01311 | 49
3864183230838 | 45 | 4.30515 | 18
7728366461677 | 46 | 4.30515 | 18
15456732923354 | 47 | 1.63042e-322 | 2
15456732923355 | 47 | 3.94624 | 16
30913465846711 | 48 | 3.94624 | 16
61826931693422 | 49 | 3.31095 | 12
123653863386844 | 50 | 3.31095 | 12
247307726773689 | 51 | 3.31095 | 12
494615453547379 | 52 | 3.31095 | 12
989230907094759 | 53 | 3.31095 | 12
1978461814189519 | 54 | 3.31095 | 12
3956923628379038 | 55 | 1.63042e-322 | 6
3956923628379039 | 55 | 1.63042e-322 | 6
61826931693423 | 49 | 1.63042e-322 | 4
3864183230839 | 45 | 6.01311 | 31
7728366461679 | 46 | 6.01311 | 31
15456732923359 | 47 | 6.01311 | 31
30913465846719 | 48 | 6.01311 | 31
61826931693438 | 49 | 6.01311 | 31
123653863386876 | 50 | 6.01311 | 31
247307726773753 | 51 | 6.01311 | 31
494615453547506 | 52 | 6.01311 | 31
989230907095013 | 53 | 6.01311 | 31
1978461814190026 | 54 | 6.01311 | 31
3956923628380053 | 55 | 6.01311 | 31
7913847256760106 | 56 | 1.63042e-322 | 9
7913847256760107 | 56 | 4.9469 | 22
15827694513520214 | 57 | 4.9469 | 22
31655389027040429 | 58 | 4.9469 | 22
63310778054080859 | 59 | 4.9469 | 22
126621556108161719 | 60 | 4.9469 | 22
253243112216323439 | 61 | 4.9469 | 22
506486224432646879 | 62 | 4.9469 | 22
1012972448865293758 | 63 | 4.9469 | 22
2025944897730587517 | 64 | 4.9469 | 22
4051889795461175034 | 65 | 1.63042e-322 | 4
4051889795461175035 | 65 | 4.24178 | 18
8103779590922350071 | 66 | 4.24178 | 18
-2239184891864851473 | 67 | 4.24178 | 18
-4478369783729702946 | 68 | 4.24178 | 18
-8956739567459405892 | 69 | 1.63042e-322 | 2
-8956739567459405891 | 69 | 4.24178 | 16
533264938790739834 | 70 | 4.24178 | 16
1066529877581479668 | 71 | 3.63453 | 12
2133059755162959336 | 72 | 3.63453 | 12
4266119510325918673 | 73 | 3.63453 | 12
8532239020651837346 | 74 | 3.63453 | 12
-1382266032405876924 | 75 | 3.63453 | 12
-2764532064811753848 | 76 | 3.63453 | 12
-5529064129623507696 | 77 | 3.63453 | 12
7388615814462536225 | 78 | 3.63453 | 12
-3669512444784479166 | 79 | 3.63453 | 12
-7339024889568958332 | 80 | 1.58101e-322 | 7
-7339024889568958331 | 80 | 1.63042e-322 | 5
1066529877581479669 | 71 | 1.63042e-322 | 4
7370345 | 26 | 9.57016 | 42
14740691 | 27 | 9.57016 | 42
29481383 | 28 | 9.57016 | 42
58962767 | 29 | 9.57016 | 42
117925534 | 30 | 9.09145 | 27
235851068 | 31 | 9.09145 | 27
471702136 | 32 | 2.78975 | 17
943404272 | 33 | 2.78975 | 17
1886808545 | 34 | 2.78975 | 17
3773617090 | 35 | 2.78975 | 14
7547234181 | 36 | 2.78975 | 14
15094468362 | 37 | 1.58101e-322 | 7
15094468363 | 37 | 1.58101e-322 | 7
3773617091 | 35 | 1.58101e-322 | 3
471702137 | 32 | 1.63042e-322 | 10
117925535 | 30 | 5.41009 | 15
235851070 | 31 | 5.41009 | 15
471702140 | 32 | 1.58101e-322 | 6
471702141 | 32 | 1.58101e-322 | 9
225 | 11 | 4.6613e-310 | 6
57 | 9 | 20.8943 | 238
115 | 10 | 20.8943 | 238
230 | 11 | 20.8943 | 238
460 | 12 | 20.8943 | 238
921 | 13 | 20.8943 | 238
1843 | 14 | 20.8943 | 238
3686 | 15 | 20.8582 | 128
7372 | 16 | 20.8582 | 128
14745 | 17 | 20.8582 | 128
29491 | 18 | 20.8582 | 128
58982 | 19 | 20.8582 | 128
117965 | 20 | 20.8582 | 128
235930 | 21 | 20.8582 | 128
471860 | 22 | 20.8582 | 54
943720 | 23 | 20.8582 | 54
1887441 | 24 | 20.8582 | 54
3774882 | 25 | 20.8582 | 54
7549764 | 26 | 20.8582 | 54
15099528 | 27 | 20.8582 | 54
30199057 | 28 | 20.8582 | 54
60398114 | 29 | 20.8582 | 54
120796229 | 30 | 20.8582 | 54
241592458 | 31 | 20.8582 | 54
483184916 | 32 | 9.76746 | 53
966369832 | 33 | 9.76746 | 53
1932739664 | 34 | 6.17827 | 36
3865479328 | 35 | 6.17827 | 36
7730958657 | 36 | 6.17827 | 36
15461917314 | 37 | 6.17827 | 36
30923834629 | 38 | 6.17827 | 36
61847669258 | 39 | 6.17827 | 36
123695338517 | 40 | 6.17827 | 36
247390677034 | 41 | 6.17827 | 36
494781354068 | 42 | 6.17827 | 36
989562708136 | 43 | 6.17827 | 36
1979125416272 | 44 | 6.17827 | 36
3958250832545 | 45 | 6.17827 | 36
7916501665091 | 46 | 6.17827 | 36
15833003330182 | 47 | 6.17827 | 36
31666006660365 | 48 | 6.17827 | 36
63332013320731 | 49 | 6.17827 | 36
126664026641463 | 50 | 6.17827 | 36
253328053282927 | 51 | 6.17827 | 36
506656106565855 | 52 | 6.17827 | 36
1013312213131710 | 53 | 6.17827 | 36
2026624426263421 | 54 | 6.17827 | 36
4053248852526842 | 55 | 6.17827 | 36
8106497705053684 | 56 | 6.17827 | 36
16212995410107368 | 57 | 6.17827 | 36
32425990820214737 | 58 | 6.17827 | 36
64851981640429474 | 59 | 6.17827 | 36
129703963280858948 | 60 | 6.17827 | 36
259407926561717896 | 61 | 6.17827 | 36
518815853123435793 | 62 | 6.17827 | 36
1037631706246871587 | 63 | 6.17827 | 36
2075263412493743175 | 64 | 6.17827 | 36
4150526824987486350 | 65 | 6.17827 | 36
8301053649974972701 | 66 | 6.17827 | 36
-1844636773759606214 | 67 | 6.17827 | 31
-3689273547519212427 | 68 | 6.17827 | 31
-7378547095038424854 | 69 | 1.63042e-322 | 10
-7378547095038424853 | 69 | 3.6431 | 21
3689649883632701911 | 70 | 3.6431 | 21
7379299767265403822 | 71 | 3.33955 | 19
-3688144539178743971 | 72 | 3.33955 | 19
-7376289078357487941 | 73 | 3.33955 | 19
3694165916994575735 | 74 | 3.33955 | 19
7388331833989151471 | 75 | 3.33955 | 19
-3670080405731248673 | 76 | 3.33955 | 19
-7340160811462497346 | 77 | 3.33955 | 19
3766422450784556924 | 78 | 3.33955 | 19
7532844901569113849 | 79 | 3.33955 | 19
-3381054270571323917 | 80 | 3.33955 | 19
-6762108541142647833 | 81 | 3.33955 | 19
4922526991424255950 | 82 | 3.33955 | 19
-8601690090861039715 | 83 | 3.33955 | 19
1243363891987472187 | 84 | 3.33955 | 19
2486727783974944374 | 85 | 3.33955 | 19
4973455567949888748 | 86 | 3.33955 | 19
-8499832937809774120 | 87 | 3.33955 | 19
1447078198090003376 | 88 | 3.33955 | 19
2894156396180006753 | 89 | 3.33955 | 19
5788312792360013506 | 90 | 3.11183 | 17
-6870118488989524604 | 91 | 3.11183 | 17
4706507095730502408 | 92 | 3.11183 | 17
-9033729882248546800 | 93 | 3.11183 | 17
379284309212458016 | 94 | 3.11183 | 17
758568618424916033 | 95 | 3.11183 | 17
1517137236849832066 | 96 | 3.11183 | 17
3034274473699664132 | 97 | 3.11183 | 17
6068548947399328264 | 98 | 3.11183 | 17
-6309646178910895087 | 99 | 3.11183 | 17
5827451715887761443 | 100 | 3.11183 | 17
-6791840641934028729 | 101 | 3.11183 | 17
4863062789841494158 | 102 | 3.11183 | 17
-8720618494026563299 | 103 | 3.11183 | 17
1005507085656425019 | 104 | 3.11183 | 17
2011014171312850039 | 105 | 3.11183 | 17
4022028342625700079 | 106 | 3.11183 | 17
8044056685251400158 | 107 | 3.11183 | 17
-2358630703206751300 | 108 | 3.11183 | 17
-4717261406413502599 | 109 | 3.11183 | 17
9012221260882546419 | 110 | 3.11183 | 17
-422301551944458777 | 111 | 3.11183 | 17
-844603103888917554 | 112 | 3.11183 | 17
-1689206207777835108 | 113 | 3.11183 | 17
-3378412415555670216 | 114 | 0.0428068 | 10
-3378412415555670215 | 114 | 4.6613e-310 | 7
5788312792360013507 | 90 | 4.6613e-310 | 2
7379299767265403823 | 71 | 4.6613e-310 | 2
-1844636773759606213 | 67 | 4.6613e-310 | 5
1932739665 | 34 | 9.76746 | 17
3865479330 | 35 | 9.76746 | 17
7730958660 | 36 | 9.76746 | 17
15461917321 | 37 | 9.76746 | 17
30923834642 | 38 | 9.76746 | 17
61847669284 | 39 | 9.76746 | 15
123695338568 | 40 | 9.76746 | 15
247390677136 | 41 | 4.6613e-310 | 1
247390677137 | 41 | 3.45161 | 14
494781354275 | 42 | 3.45161 | 14
989562708550 | 43 | 3.45161 | 14
1979125417101 | 44 | 3.45161 | 14
3958250834202 | 45 | 3.45161 | 14
7916501668404 | 46 | 3.45161 | 14
15833003336809 | 47 | 3.45161 | 14
31666006673618 | 48 | 3.45161 | 14
63332013347236 | 49 | 3.45161 | 14
126664026694473 | 50 | 3.45161 | 14
253328053388947 | 51 | 3.45161 | 14
506656106777894 | 52 | 3.45161 | 14
1013312213555788 | 53 | 3.45161 | 14
2026624427111576 | 54 | 2.77653 | 11
4053248854223152 | 55 | 2.77653 | 11
8106497708446305 | 56 | 2.77653 | 11
16212995416892610 | 57 | 2.77653 | 11
32425990833785220 | 58 | 2.77653 | 11
64851981667570441 | 59 | 2.77653 | 11
129703963335140883 | 60 | 2.77653 | 11
259407926670281766 | 61 | 2.77653 | 11
518815853340563533 | 62 | 2.77653 | 11
1037631706681127066 | 63 | 2.77653 | 11
2075263413362254133 | 64 | 2.77653 | 11
4150526826724508266 | 65 | 2.77653 | 11
8301053653449016532 | 66 | 2.77653 | 11
-1844636766811518551 | 67 | 2.77653 | 11
-3689273533623037101 | 68 | 2.77653 | 11
-7378547067246074202 | 69 | 4.6613e-310 | 2
-7378547067246074201 | 69 | 4.6613e-310 | 9
2026624427111577 | 54 | 4.6613e-310 | 3
61847669285 | 39 | 4.6613e-310 | 2
483184917 | 32 | 4.6613e-310 | 1
471861 | 22 | 11.3328 | 74
943722 | 23 | 11.3328 | 74
1887445 | 24 | 11.3328 | 74
3774890 | 25 | 11.3328 | 74
7549780 | 26 | 11.3328 | 74
15099560 | 27 | 11.3328 | 74
30199121 | 28 | 11.3328 | 74
60398242 | 29 | 10.3319 | 71
120796484 | 30 | 10.3319 | 71
241592969 | 31 | 10.3319 | 71
483185938 | 32 | 5.77276 | 23
966371877 | 33 | 5.77276 | 23
1932743755 | 34 | 5.77276 | 23
3865487510 | 35 | 4.75582 | 12
7730975020 | 36 | 4.75582 | 12
15461950041 | 37 | 4.75582 | 12
30923900083 | 38 | 4.75582 | 12
61847800166 | 39 | 4.75582 | 12
123695600333 | 40 | 4.75582 | 12
247391200667 | 41 | 4.75582 | 12
494782401334 | 42 | 4.6613e-310 | 1
494782401335 | 42 | 3.47771 | 11
989564802670 | 43 | 0.270747 | 2
989564802671 | 43 | 0.371434 | 9
3865487511 | 35 | 4.08422 | 11
7730975023 | 36 | 4.08422 | 11
15461950046 | 37 | 4.08422 | 11
30923900092 | 38 | 4.08422 | 11
61847800185 | 39 | 4.08422 | 11
123695600371 | 40 | 4.08422 | 11
247391200742 | 41 | 4.08422 | 11
494782401485 | 42 | 4.08422 | 11
989564802971 | 43 | 4.08422 | 11
1979129605942 | 44 | 4.08422 | 11
3958259211884 | 45 | 4.6613e-310 | 3
3958259211885 | 45 | 4.6613e-310 | 8
483185939 | 32 | 5.74873 | 48
966371878 | 33 | 5.74873 | 48
1932743756 | 34 | 5.74873 | 48
3865487513 | 35 | 5.74873 | 48
7730975026 | 36 | 4.74028 | 34
15461950052 | 37 | 4.74028 | 34
30923900105 | 38 | 4.74028 | 34
61847800211 | 39 | 4.74028 | 34
123695600423 | 40 | 4.74028 | 34
247391200847 | 41 | 4.74028 | 34
494782401694 | 42 | 4.6613e-310 | 8
494782401695 | 42 | 3.24412 | 26
989564803390 | 43 | 3.24412 | 26
1979129606780 | 44 | 3.03056 | 22
3958259213560 | 45 | 3.03056 | 22
7916518427121 | 46 | 3.03056 | 22
15833036854242 | 47 | 3.03056 | 22
31666073708484 | 48 | 3.03056 | 22
63332147416969 | 49 | 3.03056 | 22
126664294833939 | 50 | 3.03056 | 22
253328589667879 | 51 | 3.03056 | 22
506657179335758 | 52 | 4.6613e-310 | 1
506657179335759 | 52 | 3.03056 | 21
1013314358671518 | 53 | 3.03056 | 21
2026628717343036 | 54 | 4.6613e-310 | 8
2026628717343037 | 54 | 2.26289 | 13
4053257434686075 | 55 | 2.26289 | 13
8106514869372151 | 56 | 2.26289 | 13
16213029738744302 | 57 | 2.26289 | 13
32426059477488604 | 58 | 4.6613e-310 | 6
32426059477488605 | 58 | 4.6613e-310 | 7
1979129606781 | 44 | 4.6613e-310 | 4
7730975027 | 36 | 1.64866 | 14
15461950054 | 37 | 1.64866 | 14
30923900108 | 38 | 1.64866 | 14
61847800216 | 39 | 1.64866 | 14
123695600432 | 40 | 1.64866 | 14
247391200865 | 41 | 1.64866 | 14
494782401730 | 42 | 1.64866 | 14
989564803460 | 43 | 1.64866 | 14
1979129606921 | 44 | 1.64866 | 14
3958259213843 | 45 | 1.64866 | 14
7916518427686 | 46 | 4.6613e-310 | 9
7916518427687 | 46 | 4.6613e-310 | 5
60398243 | 29 | 4.6613e-310 | 3
3687 | 15 | 13.8147 | 110
7374 | 16 | 13.8147 | 110
14749 | 17 | 13.8147 | 110
29498 | 18 | 13.8147 | 110
58996 | 19 | 13.8147 | 110
117992 | 20 | 13.8147 | 110
235985 | 21 | 13.8147 | 110
471971 | 22 | 13.8147 | 110
943942 | 23 | 12.614 | 101
1887884 | 24 | 12.614 | 101
3775769 | 25 | 12.614 | 101
7551538 | 26 | 12.614 | 88
15103076 | 27 | 12.614 | 88
30206153 | 28 | 12.614 | 88
60412306 | 29 | 12.614 | 88
120824613 | 30 | 12.614 | 88
241649226 | 31 | 12.614 | 88
483298453 | 32 | 12.614 | 88
966596906 | 33 | 8.65557 | 23
1933193813 | 34 | 8.65557 | 23
3866387626 | 35 | 8.65557 | 23
7732775252 | 36 | 8.65557 | 23
15465550505 | 37 | 8.65557 | 23
30931101010 | 38 | 8.65557 | 23
61862202020 | 39 | 8.65557 | 23
123724404040 | 40 | 8.65557 | 23
247448808080 | 41 | 8.65557 | 23
494897616161 | 42 | 8.65557 | 23
989795232322 | 43 | 8.65557 | 23
1979590464645 | 44 | 8.65557 | 23
3959180929290 | 45 | 8.65557 | 23
7918361858581 | 46 | 8.65557 | 23
15836723717162 | 47 | 8.65557 | 23
31673447434324 | 48 | 8.65557 | 23
63346894868648 | 49 | 8.65557 | 23
126693789737296 | 50 | 8.65557 | 23
253387579474593 | 51 | 8.65557 | 23
506775158949187 | 52 | 8.65557 | 23
1013550317898375 | 53 | 8.65557 | 23
2027100635796750 | 54 | 8.65557 | 23
4054201271593501 | 55 | 8.65557 | 23
8108402543187003 | 56 | 8.65557 | 23
16216805086374007 | 57 | 8.65557 | 23
32433610172748015 | 58 | 8.65557 | 23
64867220345496030 | 59 | 4.6613e-310 | 4
64867220345496031 | 59 | 2.47459 | 19
129734440690992063 | 60 | 2.47459 | 19
259468881381984127 | 61 | 2.47459 | 19
518937762763968255 | 62 | 2.47459 | 19
1037875525527936511 | 63 | 2.47459 | 19
2075751051055873022 | 64 | 2.47459 | 19
4151502102111746045 | 65 | 2.47459 | 19
8303004204223492090 | 66 | 2.47459 | 19
-1840735665262567436 | 67 | 2.47459 | 19
-3681471330525134872 | 68 | 4.6613e-310 | 4
-3681471330525134871 | 68 | 1.58052 | 15
-7362942661050269742 | 69 | 4.6613e-310 | 2
-7362942661050269741 | 69 | 1.58052 | 13
3720858751609012134 | 70 | 1.63042e-322 | 4
3720858751609012135 | 70 | 1.63042e-322 | 9
966596907 | 33 | 12.4562 | 65
1933193815 | 34 | 12.4562 | 65
3866387631 | 35 | 12.4562 | 65
7732775262 | 36 | 12.4562 | 65
15465550524 | 37 | 12.4562 | 65
30931101048 | 38 | 11.5375 | 14
61862202097 | 39 | 11.5375 | 14
123724404195 | 40 | 11.5375 | 14
247448808391 | 41 | 11.5375 | 14
494897616783 | 42 | 11.5375 | 14
989795233567 | 43 | 11.5375 | 14
1979590467134 | 44 | 11.5375 | 14
3959180934269 | 45 | 11.5375 | 14
7918361868539 | 46 | 11.5375 | 14
15836723737078 | 47 | 11.5375 | 14
31673447474157 | 48 | 11.5375 | 14
63346894948314 | 49 | 11.5375 | 14
126693789896629 | 50 | 11.5375 | 14
253387579793258 | 51 | 11.5375 | 14
506775159586516 | 52 | 11.5375 | 14
1013550319173032 | 53 | 1.63042e-322 | 8
1013550319173033 | 53 | 1.63042e-322 | 6
30931101049 | 38 | 9.53782 | 51
61862202098 | 39 | 9.53782 | 51
123724404196 | 40 | 9.53782 | 51
247448808392 | 41 | 9.53782 | 51
494897616784 | 42 | 9.53782 | 51
989795233568 | 43 | 9.53782 | 51
1979590467137 | 44 | 9.53782 | 51
3959180934274 | 45 | 9.53782 | 51
7918361868549 | 46 | 9.53782 | 51
15836723737098 | 47 | 9.53782 | 51
31673447474197 | 48 | 9.53782 | 51
63346894948394 | 49 | 9.53782 | 51
126693789896788 | 50 | 9.53782 | 51
253387579793577 | 51 | 9.53782 | 51
506775159587154 | 52 | 9.53782 | 51
1013550319174308 | 53 | 9.53782 | 51
2027100638348616 | 54 | 9.53782 | 51
4054201276697232 | 55 | 9.53782 | 51
8108402553394464 | 56 | 9.53782 | 51
16216805106788929 | 57 | 9.53782 | 51
32433610213577858 | 58 | 9.53782 | 51
64867220427155716 | 59 | 9.53782 | 51
129734440854311433 | 60 | 9.53782 | 51
259468881708622867 | 61 | 9.53782 | 51
518937763417245735 | 62 | 9.53782 | 51
1037875526834491471 | 63 | 9.53782 | 51
2075751053668982942 | 64 | 9.53782 | 51
4151502107337965885 | 65 | 9.53782 | 51
8303004214675931771 | 66 | 9.53782 | 51
-1840735644357688074 | 67 | 8.36026 | 11
-3681471288715376148 | 68 | 8.36026 | 11
-7362942577430752296 | 69 | 4.6613e-310 | 10
-7362942577430752295 | 69 | 4.6613e-310 | 1
-1840735644357688073 | 67 | 8.66607 | 40
-3681471288715376145 | 68 | 8.66607 | 40
-7362942577430752290 | 69 | 8.66607 | 40
3720858918848047037 | 70 | 8.66607 | 40
7441717837696094075 | 71 | 8.66607 | 40
-3563308398317363466 | 72 | 1.63042e-322 | 3
-3563308398317363465 | 72 | 8.20957 | 37
-7126616796634726930 | 73 | 8.20957 | 37
4193510480440097756 | 74 | 8.20957 | 37
8387020960880195512 | 75 | 8.20957 | 37
-1672702151949160591 | 76 | 8.20957 | 37
-3345404303898321181 | 77 | 8.20957 | 37
-6690808607796642362 | 78 | 2.99758 | 36
5065126858116266893 | 79 | 2.99758 | 36
-8316490357477017830 | 80 | 2.64933 | 31
1813763358755515957 | 81 | 2.64933 | 31
3627526717511031915 | 82 | 2.64933 | 31
7255053435022063831 | 83 | 2.64933 | 31
-3936637203665423953 | 84 | 2.64933 | 31
-7873274407330847905 | 85 | 2.64933 | 31
2700195259047855806 | 86 | 2.64933 | 31
5400390518095711612 | 87 | 2.64933 | 31
-7645963037518128391 | 88 | 2.64933 | 31
3154817998673294834 | 89 | 2.64933 | 31
6309635997346589669 | 90 | 2.64933 | 31
-5827472079016372278 | 91 | 2.11891 | 17
6791799915676807060 | 92 | 2.11891 | 17
-4863144242355937496 | 93 | 2.11891 | 17
8720455588997676624 | 94 | 2.11891 | 15
-1005832895714198368 | 95 | 2.11891 | 15
-2011665791428396736 | 96 | 3.21143e-322 | 6
-2011665791428396735 | 96 | 3.21143e-322 | 9
8720455588997676625 | 94 | 4.6613e-310 | 2
-5827472079016372277 | 91 | 1.6161 | 14
6791799915676807063 | 92 | 1.6161 | 14
-4863144242355937490 | 93 | 3.21143e-322 | 9
-4863144242355937489 | 93 | 3.21143e-322 | 5
-8316490357477017829 | 80 | 4.6613e-310 | 5
-6690808607796642361 | 78 | 4.6613e-310 | 1
7551539 | 26 | 2.73146 | 13
15103078 | 27 | 2.73146 | 13
30206157 | 28 | 2.73146 | 13
60412314 | 29 | 2.73146 | 13
120824628 | 30 | 2.73146 | 13
241649256 | 31 | 2.12016 | 12
483298512 | 32 | 2.12016 | 12
966597024 | 33 | 2.12016 | 12
1933194048 | 34 | 4.6613e-310 | 4
1933194049 | 34 | 1.58101e-322 | 8
241649257 | 31 | 4.6613e-310 | 1
943943 | 23 | 4.6613e-310 | 9
1 | 1 | 25.4259 | 407
2 | 2 | 25.4259 | 407
5 | 3 | 25.4259 | 407
11 | 4 | 25.4259 | 407
23 | 5 | 25.4259 | 407
46 | 6 | 23.1242 | 402
93 | 7 | 23.1242 | 402
186 | 8 | 16.9423 | 136
373 | 9 | 16.9423 | 136
747 | 10 | 16.9423 | 136
1494 | 11 | 16.9423 | 136
2988 | 12 | 11.9982 | 116
5977 | 13 | 11.9982 | 116
11954 | 14 | 11.9982 | 116
23909 | 15 | 11.9982 | 116
47818 | 16 | 11.9982 | 116
95637 | 17 | 11.9982 | 116
191274 | 18 | 11.9982 | 116
382548 | 19 | 11.9982 | 116
765096 | 20 | 11.9982 | 116
1530192 | 21 | 11.9982 | 116
3060385 | 22 | 11.9982 | 116
6120771 | 23 | 11.9982 | 116
12241543 | 24 | 11.9982 | 116
24483086 | 25 | 11.9982 | 116
48966173 | 26 | 11.9982 | 116
97932347 | 27 | 11.9982 | 116
195864694 | 28 | 11.9982 | 116
391729388 | 29 | 11.9982 | 116
783458776 | 30 | 11.9982 | 116
1566917552 | 31 | 11.9982 | 116
3133835105 | 32 | 11.9982 | 116
6267670210 | 33 | 11.9982 | 116
12535340420 | 34 | 11.9982 | 116
25070680841 | 35 | 11.9982 | 116
50141361682 | 36 | 11.9982 | 116
100282723364 | 37 | 11.9982 | 56
200565446728 | 38 | 11.9982 | 56
401130893456 | 39 | 4.6613e-310 | 8
401130893457 | 39 | 10.3892 | 48
802261786914 | 40 | 8.95275 | 36
1604523573828 | 41 | 8.95275 | 36
3209047147657 | 42 | 8.95275 | 36
6418094295315 | 43 | 8.95275 | 36
12836188590631 | 44 | 8.95275 | 36
25672377181262 | 45 | 8.95275 | 36
51344754362525 | 46 | 8.95275 | 36
102689508725050 | 47 | 8.95275 | 36
205379017450101 | 48 | 8.95275 | 36
410758034900203 | 49 | 8.95275 | 36
821516069800407 | 50 | 8.95275 | 36
1643032139600814 | 51 | 8.95275 | 36
3286064279201629 | 52 | 8.95275 | 36
6572128558403258 | 53 | 4.83715 | 16
13144257116806517 | 54 | 4.83715 | 16
26288514233613035 | 55 | 4.83715 | 16
52577028467226071 | 56 | 4.83715 | 16
105154056934452142 | 57 | 1.58101e-322 | 1
105154056934452143 | 57 | 4.4645 | 15
210308113868904286 | 58 | 1.63042e-322 | 5
210308113868904287 | 58 | 1.58101e-322 | 10
6572128558403259 | 53 | 4.73873 | 20
13144257116806519 | 54 | 4.73873 | 20
26288514233613039 | 55 | 4.73873 | 20
52577028467226079 | 56 | 4.73873 | 20
105154056934452158 | 57 | 4.73873 | 20
210308113868904316 | 58 | 4.73873 | 20
420616227737808633 | 59 | 4.73873 | 20
841232455475617266 | 60 | 4.73873 | 20
1682464910951234532 | 61 | 4.73873 | 20
3364929821902469064 | 62 | 4.73873 | 20
6729859643804938129 | 63 | 4.73873 | 20
-4987024786099675358 | 64 | 4.73873 | 20
8472694501510200900 | 65 | 1.63042e-322 | 1
8472694501510200901 | 65 | 4.72108 | 19
-1501355070689149814 | 66 | 4.72108 | 19
-3002710141378299628 | 67 | 4.72108 | 19
-6005420282756599256 | 68 | 1.58101e-322 | 7
-6005420282756599255 | 68 | 3.36627 | 12
6435903508196353106 | 69 | 3.36627 | 12
-5574937057316845404 | 70 | 3.36627 | 12
7296869959075860809 | 71 | 3.36627 | 12
-3853004155557829997 | 72 | 3.36627 | 12
-7706008311115659994 | 73 | 3.36627 | 12
3034727451478231629 | 74 | 3.36627 | 12
6069454902956463258 | 75 | 1.63042e-322 | 6
6069454902956463259 | 75 | 1.58101e-322 | 6
802261786915 | 40 | 9.99577 | 12
1604523573831 | 41 | 9.99577 | 12
3209047147663 | 42 | 9.99577 | 12
6418094295326 | 43 | 1.63042e-322 | 3
6418094295327 | 43 | 1.63042e-322 | 9
100282723365 | 37 | 8.59552 | 60
200565446730 | 38 | 8.59552 | 60
401130893461 | 39 | 8.59552 | 60
802261786922 | 40 | 8.59552 | 60
1604523573844 | 41 | 8.59552 | 60
3209047147688 | 42 | 6.95022 | 45
6418094295377 | 43 | 6.95022 | 45
12836188590755 | 44 | 6.95022 | 45
25672377181510 | 45 | 6.95022 | 45
51344754363020 | 46 | 6.95022 | 45
102689508726040 | 47 | 6.95022 | 45
205379017452080 | 48 | 1.63042e-322 | 6
205379017452081 | 48 | 5.37179 | 39
410758034904162 | 49 | 5.37179 | 39
821516069808324 | 50 | 5.37179 | 39
1643032139616648 | 51 | 1.63042e-322 | 2
1643032139616649 | 51 | 5.26836 | 37
3286064279233298 | 52 | 5.26836 | 37
6572128558466597 | 53 | 5.26836 | 37
13144257116933194 | 54 | 5.26836 | 37
26288514233866389 | 55 | 5.26836 | 37
52577028467732778 | 56 | 5.26836 | 37
105154056935465556 | 57 | 4.2444 | 25
210308113870931112 | 58 | 3.59173 | 13
420616227741862224 | 59 | 3.59173 | 13
841232455483724449 | 60 | 3.59173 | 13
1682464910967448898 | 61 | 3.59173 | 13
3364929821934897796 | 62 | 3.59173 | 13
6729859643869795593 | 63 | 3.59173 | 13
-4987024785969960429 | 64 | 3.59173 | 13
8472694501769630758 | 65 | 1.58101e-322 | 2
8472694501769630759 | 65 | 2.93276 | 11
-1501355070170290097 | 66 | 2.93276 | 11
-3002710140340580193 | 67 | 2.93276 | 11
-6005420280681160386 | 68 | 2.93276 | 11
6435903512347230844 | 69 | 2.93276 | 11
-5574937049015089928 | 70 | 1.63042e-322 | 1
-5574937049015089927 | 70 | 1.58101e-322 | 10
210308113870931113 | 58 | 3.42991 | 12
420616227741862226 | 59 | 3.42991 | 12
841232455483724452 | 60 | 3.42991 | 12
1682464910967448904 | 61 | 3.42991 | 12
3364929821934897808 | 62 | 3.42991 | 12
6729859643869795616 | 63 | 3.42991 | 12
-4987024785969960384 | 64 | 3.42991 | 12
8472694501769630848 | 65 | 1.63042e-322 | 7
8472694501769630849 | 65 | 1.63042e-322 | 5
105154056935465557 | 57 | 3.05047 | 12
210308113870931114 | 58 | 2.26493 | 11
420616227741862229 | 59 | 2.26493 | 11
841232455483724459 | 60 | 2.26493 | 11
1682464910967448919 | 61 | 2.26493 | 11
3364929821934897838 | 62 | 1.63042e-322 | 7
3364929821934897839 | 62 | 1.58101e-322 | 4
210308113870931115 | 58 | 1.63042e-322 | 1
3209047147689 | 42 | 3.43669 | 15
6418094295378 | 43 | 3.43669 | 15
12836188590757 | 44 | 3.43669 | 15
25672377181514 | 45 | 1.63042e-322 | 8
25672377181515 | 45 | 1.63042e-322 | 7
2989 | 12 | 6.66587 | 20
5978 | 13 | 6.66587 | 20
11957 | 14 | 6.66587 | 20
23915 | 15 | 6.66587 | 20
47831 | 16 | 6.66587 | 20
95663 | 17 | 6.66587 | 20
191327 | 18 | 6.66587 | 20
382654 | 19 | 6.66587 | 20
765308 | 20 | 6.66587 | 20
1530617 | 21 | 6.66587 | 20
3061235 | 22 | 6.66587 | 20
6122470 | 23 | 1.58101e-322 | 2
6122471 | 23 | 6.10054 | 18
12244942 | 24 | 1.58101e-322 | 9
12244943 | 24 | 1.63042e-322 | 9
187 | 8 | 18.3907 | 266
375 | 9 | 18.3907 | 266
751 | 10 | 18.3907 | 266
1503 | 11 | 18.3907 | 266
3006 | 12 | 18.3907 | 266
6013 | 13 | 18.3907 | 266
12026 | 14 | 18.3907 | 266
24052 | 15 | 18.3907 | 266
48105 | 16 | 18.3907 | 266
96211 | 17 | 18.3907 | 266
192422 | 18 | 14.0927 | 160
384844 | 19 | 11.525 | 99
769688 | 20 | 11.525 | 99
1539376 | 21 | 11.525 | 99
3078752 | 22 | 11.525 | 99
6157505 | 23 | 11.525 | 99
12315011 | 24 | 11.525 | 99
24630023 | 25 | 11.525 | 99
49260046 | 26 | 11.525 | 99
98520092 | 27 | 11.525 | 99
197040185 | 28 | 11.525 | 99
394080371 | 29 | 11.525 | 99
788160742 | 30 | 11.525 | 99
1576321485 | 31 | 11.525 | 99
3152642971 | 32 | 11.525 | 99
6305285943 | 33 | 11.525 | 99
12610571887 | 34 | 11.525 | 99
25221143775 | 35 | 11.525 | 99
50442287550 | 36 | 11.525 | 67
100884575101 | 37 | 11.525 | 67
201769150202 | 38 | 4.73491 | 12
403538300404 | 39 | 4.73491 | 12
807076600808 | 40 | 4.73491 | 12
1614153201616 | 41 | 4.73491 | 12
3228306403233 | 42 | 4.73491 | 12
6456612806467 | 43 | 4.73491 | 12
12913225612934 | 44 | 4.73491 | 12
25826451225868 | 45 | 4.73491 | 12
51652902451737 | 46 | 4.73491 | 12
103305804903474 | 47 | 4.73491 | 12
206611609806949 | 48 | 4.73491 | 12
413223219613898 | 49 | 4.73491 | 12
826446439227796 | 50 | 4.6613e-310 | 2
826446439227797 | 50 | 4.6613e-310 | 10
201769150203 | 38 | 6.99986 | 55
403538300407 | 39 | 6.99986 | 55
807076600815 | 40 | 6.99986 | 55
1614153201631 | 41 | 6.99986 | 55
3228306403262 | 42 | 6.99986 | 55
6456612806524 | 43 | 6.99986 | 55
12913225613049 | 44 | 6.99986 | 55
25826451226099 | 45 | 6.99986 | 55
51652902452199 | 46 | 6.99986 | 55
103305804904399 | 47 | 6.99986 | 55
206611609808799 | 48 | 6.99986 | 55
413223219617599 | 49 | 6.99986 | 55
826446439235198 | 50 | 4.44196 | 48
1652892878470397 | 51 | 4.44196 | 48
3305785756940795 | 52 | 4.44196 | 48
6611571513881590 | 53 | 4.44196 | 48
13223143027763181 | 54 | 4.44196 | 48
26446286055526362 | 55 | 4.44196 | 48
52892572111052725 | 56 | 4.44196 | 48
105785144222105450 | 57 | 4.44196 | 48
211570288444210900 | 58 | 4.44196 | 48
423140576888421800 | 59 | 4.44196 | 48
846281153776843600 | 60 | 4.44196 | 48
1692562307553687200 | 61 | 4.44196 | 48
3385124615107374401 | 62 | 4.44196 | 48
6770249230214748802 | 63 | 4.44196 | 48
-4906245613280054012 | 64 | 4.44196 | 48
8634252847149443593 | 65 | 4.44196 | 48
-1178238379410664429 | 66 | 4.44196 | 48
-2356476758821328857 | 67 | 4.44196 | 48
-4712953517642657714 | 68 | 4.44196 | 48
9020837038424236188 | 69 | 4.44196 | 48
-405069996861079240 | 70 | 3.17723 | 11
-810139993722158479 | 71 | 3.17723 | 11
-1620279987444316958 | 72 | 3.17723 | 11
-3240559974888633915 | 73 | 3.17723 | 11
-6481119949777267830 | 74 | 3.17723 | 11
5484504174155015957 | 75 | 3.17723 | 11
-7477735725399519702 | 76 | 4.6613e-310 | 2
-7477735725399519701 | 76 | 4.6613e-310 | 9
-405069996861079239 | 70 | 4.44196 | 37
-810139993722158478 | 71 | 4.44196 | 37
-1620279987444316956 | 72 | 4.44196 | 37
-3240559974888633912 | 73 | 4.44196 | 37
-6481119949777267823 | 74 | 4.44196 | 37
5484504174155015971 | 75 | 4.44196 | 37
-7477735725399519673 | 76 | 4.44196 | 37
3491272622910512270 | 77 | 4.6613e-310 | 2
3491272622910512271 | 77 | 3.9816 | 35
6982545245821024542 | 78 | 3.9816 | 35
-4481653582067502532 | 79 | 3.9816 | 35
-8963307164135005063 | 80 | 3.9816 | 35
520129745439541491 | 81 | 3.9816 | 35
1040259490879082982 | 82 | 3.30651 | 17
2080518981758165965 | 83 | 3.30651 | 17
4161037963516331930 | 84 | 3.30651 | 17
8322075927032663861 | 85 | 3.30651 | 17
-1802592219644223893 | 86 | 3.30651 | 17
-3605184439288447786 | 87 | 3.30651 | 17
-7210368878576895572 | 88 | 3.30651 | 17
4026006316555760472 | 89 | 3.30651 | 17
8052012633111520944 | 90 | 3.30651 | 17
-2342718807486509727 | 91 | 3.30651 | 17
-4685437614973019453 | 92 | 3.30651 | 17
9075868843763512710 | 93 | 3.30651 | 17
-295006386182526195 | 94 | 3.30651 | 17
-590012772365052390 | 95 | 2.1053 | 12
-1180025544730104780 | 96 | 2.1053 | 12
-2360051089460209560 | 97 | 2.1053 | 12
-4720102178920419120 | 98 | 2.1053 | 12
9006539715868713377 | 99 | 2.1053 | 12
-433664641972124861 | 100 | 2.1053 | 12
-867329283944249721 | 101 | 2.1053 | 12
-1734658567888499441 | 102 | 2.1053 | 12
-3469317135776998882 | 103 | 2.1053 | 12
-6938634271553997764 | 104 | 2.1053 | 12
4569475530601556089 | 105 | 2.1053 | 12
9138951061203112178 | 106 | 2.1053 | 12
-168841951303327259 | 107 | 2.1053 | 12
-337683902606654518 | 108 | 2.1053 | 12
-675367805213309036 | 109 | 2.1053 | 12
-1350735610426618072 | 110 | 2.1053 | 12
-2701471220853236144 | 111 | 2.1053 | 12
-5402942441706472288 | 112 | 2.1053 | 12
7640859190296607040 | 113 | 4.18354 | 1
7640859190296607041 | 113 | 1.82194 | 11
-3165025693116337533 | 114 | 1.82194 | 11
-6330051386232675066 | 115 | 1.82194 | 11
5786641301244201484 | 116 | 0.323513 | 5
5786641301244201485 | 116 | 3.57132 | 6
-590012772365052389 | 95 | 0.0121247 | 5
1040259490879082983 | 82 | 3.9816 | 18
2080518981758165967 | 83 | 3.9816 | 18
4161037963516331935 | 84 | 3.9816 | 18
8322075927032663871 | 85 | 3.9816 | 18
-1802592219644223874 | 86 | 3.9816 | 18
-3605184439288447747 | 87 | 3.9816 | 18
-7210368878576895493 | 88 | 3.9816 | 18
4026006316555760631 | 89 | 3.9816 | 18
8052012633111521263 | 90 | 3.9816 | 18
-2342718807486509089 | 91 | 3.9816 | 18
-4685437614973018178 | 92 | 1.88023 | 12
9075868843763515260 | 93 | 1.88023 | 12
-295006386182521095 | 94 | 1.88023 | 12
-590012772365042189 | 95 | 1.88023 | 12
-1180025544730084377 | 96 | 1.88023 | 12
-2360051089460168754 | 97 | 2.37152e-322 | 4
-2360051089460168753 | 97 | 2.37152e-322 | 8
-4685437614973018177 | 92 | 4.6613e-310 | 6
826446439235199 | 50 | 4.6613e-310 | 7
50442287551 | 36 | 8.39267 | 32
100884575103 | 37 | 8.39267 | 32
201769150206 | 38 | 4.6613e-310 | 4
201769150207 | 38 | 4.87921 | 28
403538300415 | 39 | 4.87921 | 28
807076600831 | 40 | 4.87921 | 28
1614153201662 | 41 | 4.87921 | 28
3228306403324 | 42 | 4.87921 | 28
6456612806649 | 43 | 4.87921 | 28
12913225613298 | 44 | 2.97906 | 26
25826451226596 | 45 | 2.97906 | 26
51652902453193 | 46 | 2.97906 | 26
103305804906386 | 47 | 2.60874 | 24
206611609812772 | 48 | 2.60874 | 24
413223219625545 | 49 | 2.60874 | 24
826446439251090 | 50 | 2.60874 | 24
1652892878502181 | 51 | 2.60874 | 24
3305785757004362 | 52 | 2.60874 | 24
6611571514008724 | 53 | 2.60874 | 24
13223143028017448 | 54 | 2.60874 | 24
26446286056034897 | 55 | 2.60874 | 24
52892572112069794 | 56 | 2.60874 | 24
105785144224139589 | 57 | 2.60874 | 24
211570288448279179 | 58 | 2.60874 | 24
423140576896558358 | 59 | 2.60874 | 24
846281153793116717 | 60 | 2.60874 | 24
1692562307586233434 | 61 | 2.60874 | 24
3385124615172466869 | 62 | 2.60874 | 24
6770249230344933739 | 63 | 2.60874 | 24
-4906245613019684137 | 64 | 2.60874 | 24
8634252847670183343 | 65 | 2.60874 | 24
-1178238378369184929 | 66 | 2.60874 | 24
-2356476756738369858 | 67 | 2.60874 | 24
-4712953513476739716 | 68 | 2.37152e-322 | 10
-4712953513476739715 | 68 | 2.08172 | 14
9020837046756072186 | 69 | 1.88574 | 13
-405069980197407244 | 70 | 1.88574 | 13
-810139960394814488 | 71 | 1.88574 | 13
-1620279920789628976 | 72 | 2.37152e-322 | 2
-1620279920789628975 | 72 | 1.54451 | 11
-3240559841579257950 | 73 | 1.54451 | 11
-6481119683158515900 | 74 | 1.54451 | 11
5484504707392519817 | 75 | 1.54451 | 11
-7477734658924511982 | 76 | 2.37152e-322 | 8
-7477734658924511981 | 76 | 2.37152e-322 | 3
9020837046756072187 | 69 | 4.6613e-310 | 1
103305804906387 | 47 | 4.6613e-310 | 2
12913225613299 | 44 | 4.6613e-310 | 2
384845 | 19 | 11.0079 | 61
769690 | 20 | 11.0079 | 61
1539380 | 21 | 11.0079 | 61
3078761 | 22 | 11.0079 | 61
6157523 | 23 | 11.0079 | 61
12315047 | 24 | 11.0079 | 61
24630095 | 25 | 11.0079 | 61
49260191 | 26 | 11.0079 | 61
98520382 | 27 | 11.0079 | 61
197040765 | 28 | 11.0079 | 61
394081531 | 29 | 11.0079 | 61
788163062 | 30 | 7.74261 | 30
1576326125 | 31 | 7.74261 | 30
3152652250 | 32 | 5.06464 | 29
6305304501 | 33 | 5.06464 | 29
12610609003 | 34 | 5.06464 | 29
25221218006 | 35 | 4.6613e-310 | 6
25221218007 | 35 | 4.08495 | 23
50442436015 | 36 | 4.08495 | 23
100884872031 | 37 | 4.08495 | 23
201769744062 | 38 | 4.08495 | 23
403539488124 | 39 | 4.08495 | 23
807078976248 | 40 | 4.08495 | 20
1614157952497 | 41 | 4.08495 | 20
3228315904995 | 42 | 4.08495 | 20
6456631809991 | 43 | 4.08495 | 20
12913263619983 | 44 | 4.08495 | 20
25826527239966 | 45 | 4.08495 | 20
51653054479932 | 46 | 4.08495 | 20
103306108959864 | 47 | 4.08495 | 20
206612217919729 | 48 | 4.08495 | 20
413224435839458 | 49 | 4.08495 | 20
826448871678916 | 50 | 4.6613e-310 | 10
826448871678917 | 50 | 4.6613e-310 | 10
807078976249 | 40 | 4.6613e-310 | 3
3152652251 | 32 | 4.6613e-310 | 1
788163063 | 30 | 4.28519 | 31
1576326127 | 31 | 4.28519 | 31
3152652255 | 32 | 4.28519 | 31
6305304510 | 33 | 4.0261 | 30
12610609020 | 34 | 3.60087 | 25
25221218040 | 35 | 3.13792 | 20
50442436080 | 36 | 3.13792 | 20
100884872160 | 37 | 3.13792 | 20
201769744320 | 38 | 4.6613e-310 | 3
201769744321 | 38 | 2.41924 | 17
403539488643 | 39 | 2.41924 | 17
807078977286 | 40 | 2.41924 | 17
1614157954572 | 41 | 2.41924 | 17
3228315909145 | 42 | 2.41924 | 17
6456631818290 | 43 | 4.6613e-310 | 2
6456631818291 | 43 | 2.09383 | 15
12913263636583 | 44 | 2.09383 | 15
25826527273166 | 45 | 1.77914 | 12
51653054546332 | 46 | 1.77914 | 12
103306109092665 | 47 | 1.77914 | 12
206612218185330 | 48 | 1.77914 | 12
413224436370660 | 49 | 0.0377633 | 10
413224436370661 | 49 | 0 | 2
25826527273167 | 45 | 0.514439 | 3
25221218041 | 35 | 1.21243 | 5
12610609021 | 34 | 0.0377633 | 5
6305304511 | 33 | 0.171944 | 1
192423 | 18 | 8.91575 | 106
384846 | 19 | 8.91575 | 106
769693 | 20 | 8.91575 | 106
1539386 | 21 | 8.91575 | 106
3078772 | 22 | 8.91575 | 106
6157544 | 23 | 8.91575 | 106
12315089 | 24 | 8.91575 | 106
24630178 | 25 | 8.23155 | 101
49260357 | 26 | 8.23155 | 101
98520714 | 27 | 8.23155 | 101
197041428 | 28 | 8.23155 | 101
394082856 | 29 | 8.23155 | 101
788165712 | 30 | 2.72588 | 25
1576331425 | 31 | 2.72588 | 25
3152662851 | 32 | 2.72588 | 25
6305325703 | 33 | 2.72588 | 25
12610651406 | 34 | 2.72588 | 25
25221302812 | 35 | 2.72588 | 25
50442605625 | 36 | 2.72588 | 25
100885211250 | 37 | 4.6613e-310 | 8
100885211251 | 37 | 1.94478 | 17
201770422503 | 38 | 1.94478 | 17
403540845007 | 39 | 1.94478 | 17
807081690015 | 40 | 1.94478 | 17
1614163380031 | 41 | 1.94478 | 17
3228326760063 | 42 | 1.94478 | 17
6456653520126 | 43 | 1.94478 | 17
12913307040253 | 44 | 1.94478 | 17
25826614080506 | 45 | 1.94478 | 17
51653228161012 | 46 | 1.80408 | 14
103306456322024 | 47 | 4.6613e-310 | 10
103306456322025 | 47 | 4.6613e-310 | 4
51653228161013 | 46 | 2.37152e-322 | 3
788165713 | 30 | 6.86542 | 76
1576331426 | 31 | 6.86542 | 76
3152662853 | 32 | 6.86542 | 76
6305325706 | 33 | 4.6613e-310 | 1
6305325707 | 33 | 6.80561 | 75
12610651415 | 34 | 6.80561 | 75
25221302830 | 35 | 6.80561 | 75
50442605661 | 36 | 6.80561 | 75
100885211322 | 37 | 6.80561 | 75
201770422644 | 38 | 6.80561 | 75
403540845288 | 39 | 6.80561 | 75
807081690577 | 40 | 6.80561 | 75
1614163381154 | 41 | 6.80561 | 75
3228326762308 | 42 | 6.80561 | 75
6456653524617 | 43 | 6.80561 | 75
12913307049235 | 44 | 6.80561 | 75
25826614098471 | 45 | 6.80561 | 75
51653228196943 | 46 | 6.80561 | 75
103306456393887 | 47 | 6.80561 | 75
206612912787774 | 48 | 6.80561 | 75
413225825575549 | 49 | 6.80561 | 75
826451651151098 | 50 | 6.80561 | 75
1652903302302196 | 51 | 2.57688 | 26
3305806604604392 | 52 | 1.45493 | 16
6611613209208784 | 53 | 1.45493 | 16
13223226418417568 | 54 | 1.45493 | 16
26446452836835136 | 55 | 1.45493 | 16
52892905673670272 | 56 | 1.45493 | 16
105785811347340545 | 57 | 1.45493 | 16
211571622694681090 | 58 | 1.45493 | 16
423143245389362180 | 59 | 1.45493 | 16
846286490778724360 | 60 | 1.45493 | 16
1692572981557448721 | 61 | 1.45493 | 16
3385145963114897442 | 62 | 1.18775 | 14
6770291926229794885 | 63 | 1.18775 | 14
-4906160221249961846 | 64 | 1.18775 | 14
8634423631209627924 | 65 | 1.18775 | 14
-1177896811290295768 | 66 | 1.18775 | 14
-2355793622580591535 | 67 | 1.18775 | 14
-4711587245161183070 | 68 | 1.18775 | 14
9023569583387185476 | 69 | 1.18775 | 14
-399604906935180663 | 70 | 1.18775 | 14
-799209813870361326 | 71 | 1.18775 | 14
-1598419627740722652 | 72 | 1.18775 | 14
-3196839255481445304 | 73 | 1.18775 | 14
-6393678510962890608 | 74 | 1.18775 | 14
5659387051783770401 | 75 | 1.18775 | 14
-7127969970142010813 | 76 | 1.18775 | 14
4190804133425529991 | 77 | 1.18775 | 14
8381608266851059982 | 78 | 1.18775 | 14
-1683527540007431651 | 79 | 1.18775 | 14
-3367055080014863302 | 80 | 1.18775 | 14
-6734110160029726603 | 81 | 1.18775 | 14
4978523753650098410 | 82 | 2.37152e-322 | 5
4978523753650098411 | 82 | 2.37152e-322 | 9
3385145963114897443 | 62 | 4.6613e-310 | 2
3305806604604393 | 52 | 4.6613e-310 | 10
1652903302302197 | 51 | 5.49196 | 49
3305806604604395 | 52 | 5.49196 | 49
6611613209208790 | 53 | 5.49196 | 49
13223226418417581 | 54 | 5.49196 | 49
26446452836835162 | 55 | 5.49196 | 49
52892905673670324 | 56 | 5.49196 | 49
105785811347340648 | 57 | 4.16041 | 46
211571622694681296 | 58 | 4.16041 | 46
423143245389362592 | 59 | 4.16041 | 46
846286490778725184 | 60 | 3.40132 | 41
1692572981557450369 | 61 | 3.40132 | 41
3385145963114900739 | 62 | 3.40132 | 41
6770291926229801478 | 63 | 3.40132 | 41
-4906160221249948660 | 64 | 3.40132 | 41
8634423631209654297 | 65 | 3.40132 | 41
-1177896811290243022 | 66 | 3.40132 | 41
-2355793622580486043 | 67 | 3.40132 | 41
-4711587245160972086 | 68 | 3.40132 | 41
9023569583387607444 | 69 | 3.25981 | 37
-399604906934336727 | 70 | 3.25981 | 37
-799209813868673454 | 71 | 2.68898 | 21
-1598419627737346908 | 72 | 2.37152e-322 | 7
-1598419627737346907 | 72 | 1.57671 | 14
-3196839255474693814 | 73 | 1.57671 | 14
-6393678510949387627 | 74 | 1.57671 | 14
5659387051810776362 | 75 | 1.57671 | 14
-7127969970087998892 | 76 | 1.57671 | 14
4190804133533553832 | 77 | 1.57671 | 14
8381608267067107664 | 78 | 2.37152e-322 | 4
8381608267067107665 | 78 | 2.37152e-322 | 10
-799209813868673453 | 71 | 2.59255 | 16
-1598419627737346906 | 72 | 2.59255 | 16
-3196839255474693811 | 73 | 2.59255 | 16
-6393678510949387622 | 74 | 2.59255 | 16
5659387051810776372 | 75 | 2.37152e-322 | 7
5659387051810776373 | 75 | 2.37152e-322 | 9
9023569583387607445 | 69 | 4.6613e-310 | 4
846286490778725185 | 60 | 4.6613e-310 | 5
105785811347340649 | 57 | 4.6613e-310 | 3
24630179 | 25 | 4.6613e-310 | 5
47 | 6 | 4.6613e-310 | 5
