ID | Depth | diameter | Number of points
0 | 0 | 29.316 | 1600
0 | 1 | 29.316 | 1600
1 | 2 | 29.316 | 1600
2 | 3 | 8.39027 | 58
5 | 4 | 8.39027 | 58
10 | 5 | 8.39027 | 58
20 | 6 | 8.39027 | 58
40 | 7 | 8.39027 | 58
81 | 8 | 8.39027 | 58
162 | 9 | 8.39027 | 58
324 | 10 | 3.8199 | 13
648 | 11 | 3.02346 | 12
1296 | 12 | 3.02346 | 12
2592 | 13 | 3.02346 | 12
5185 | 14 | 3.02346 | 12
10371 | 15 | 3.02346 | 12
20742 | 16 | 4.6613e-310 | 1
20743 | 16 | 2.52553 | 11
41486 | 17 | 1.63042e-322 | 1
41487 | 17 | 1.63042e-322 | 10
649 | 11 | 4.6613e-310 | 1
325 | 10 | 6.43796 | 45
650 | 11 | 6.43796 | 45
1301 | 12 | 6.43796 | 45
2603 | 13 | 6.43796 | 45
5206 | 14 | 6.43796 | 38
10412 | 15 | 6.43796 | 38
20825 | 16 | 6.43796 | 38
41651 | 17 | 6.43796 | 38
83303 | 18 | 6.43796 | 38
166607 | 19 | 6.43796 | 38
333215 | 20 | 6.43796 | 38
666431 | 21 | 6.43796 | 38
1332863 | 22 | 6.43796 | 38
2665727 | 23 | 6.43796 | 38
5331454 | 24 | 6.43796 | 38
10662908 | 25 | 6.43796 | 38
21325816 | 26 | 6.43796 | 38
42651633 | 27 | 6.43796 | 38
85303267 | 28 | 6.43796 | 38
170606534 | 29 | 3.56206 | 14
341213068 | 30 | 3.56206 | 14
682426137 | 31 | 3.56206 | 14
1364852274 | 32 | 3.56206 | 14
2729704548 | 33 | 3.56206 | 14
5459409096 | 34 | 1.58101e-322 | 6
5459409097 | 34 | 1.58101e-322 | 8
170606535 | 29 | 5.63761 | 24
341213071 | 30 | 5.63761 | 24
682426142 | 31 | 4.09152 | 20
1364852285 | 32 | 4.09152 | 20
2729704571 | 33 | 4.09152 | 20
5459409142 | 34 | 4.09152 | 20
10918818284 | 35 | 3.87632 | 15
21837636568 | 36 | 3.87632 | 15
43675273136 | 37 | 3.87632 | 15
87350546272 | 38 | 3.87632 | 15
174701092545 | 39 | 3.87632 | 15
349402185091 | 40 | 3.87632 | 15
698804370182 | 41 | 3.87632 | 15
1397608740365 | 42 | 3.87632 | 15
2795217480730 | 43 | 2.39192 | 13
5590434961461 | 44 | 2.39192 | 13
11180869922922 | 45 | 2.39192 | 13
22361739845844 | 46 | 2.39192 | 13
44723479691689 | 47 | 2.39192 | 13
89446959383378 | 48 | 2.39192 | 13
178893918766756 | 49 | 2.39192 | 13
357787837533513 | 50 | 2.39192 | 13
715575675067027 | 51 | 2.39192 | 13
1431151350134054 | 52 | 2.39192 | 13
2862302700268109 | 53 | 2.39192 | 13
5724605400536219 | 54 | 2.39192 | 13
11449210801072439 | 55 | 2.39192 | 13
22898421602144879 | 56 | 2.39192 | 13
45796843204289758 | 57 | 1.58101e-322 | 10
45796843204289759 | 57 | 1.58101e-322 | 3
2795217480731 | 43 | 1.63042e-322 | 2
10918818285 | 35 | 1.63042e-322 | 5
682426143 | 31 | 1.63042e-322 | 4
5207 | 14 | 1.58101e-322 | 7
3 | 3 | 29.316 | 1542
6 | 4 | 29.316 | 1542
12 | 5 | 29.316 | 1542
24 | 6 | 29.316 | 1542
48 | 7 | 29.316 | 1542
96 | 8 | 25.0301 | 288
193 | 9 | 25.0301 | 288
387 | 10 | 25.0301 | 288
775 | 11 | 25.0301 | 288
1550 | 12 | 19.1107 | 245
3101 | 13 | 19.1107 | 245
6203 | 14 | 19.1107 | 245
12407 | 15 | 19.1107 | 245
24815 | 16 | 19.1107 | 245
49630 | 17 | 12.1775 | 89
99261 | 18 | 12.1775 | 89
198523 | 19 | 12.1775 | 89
397047 | 20 | 12.1775 | 89
794095 | 21 | 12.1775 | 89
1588190 | 22 | 12.1775 | 89
3176380 | 23 | 12.1775 | 89
6352760 | 24 | 4.6613e-310 | 1
6352761 | 24 | 12.0657 | 88
12705522 | 25 | 10.7504 | 66
25411044 | 26 | 10.7504 | 66
50822088 | 27 | 3.6124 | 21
101644176 | 28 | 3.6124 | 21
203288352 | 29 | 4.6613e-310 | 5
203288353 | 29 | 3.36645 | 16
406576706 | 30 | 3.36645 | 16
813153413 | 31 | 3.36645 | 16
1626306826 | 32 | 3.36645 | 16
3252613652 | 33 | 3.36645 | 16
6505227304 | 34 | 3.36645 | 16
13010454609 | 35 | 3.36645 | 16
26020909218 | 36 | 3.36645 | 16
52041818436 | 37 | 3.36645 | 16
104083636873 | 38 | 3.36645 | 16
208167273747 | 39 | 3.36645 | 16
416334547494 | 40 | 3.36645 | 16
832669094988 | 41 | 3.36645 | 16
1665338189976 | 42 | 2.75974 | 14
3330676379952 | 43 | 0 | 4
3330676379953 | 43 | 1.02924 | 10
1665338189977 | 42 | 1.79359 | 2
50822089 | 27 | 7.36927 | 45
101644178 | 28 | 7.36927 | 45
203288356 | 29 | 7.36927 | 45
406576712 | 30 | 7.36927 | 45
813153424 | 31 | 7.36927 | 45
1626306849 | 32 | 7.36927 | 45
3252613698 | 33 | 7.36927 | 45
6505227397 | 34 | 7.36927 | 45
13010454795 | 35 | 7.36927 | 45
26020909590 | 36 | 7.36927 | 45
52041819181 | 37 | 7.36927 | 45
104083638363 | 38 | 7.36927 | 45
208167276727 | 39 | 7.36927 | 45
416334553454 | 40 | 7.36927 | 45
832669106908 | 41 | 7.36927 | 45
1665338213816 | 42 | 5.65296 | 44
3330676427632 | 43 | 5.24939 | 35
6661352855265 | 44 | 5.24939 | 35
13322705710531 | 45 | 5.24939 | 35
26645411421062 | 46 | 5.24939 | 35
53290822842125 | 47 | 5.24939 | 35
106581645684251 | 48 | 5.24939 | 35
213163291368502 | 49 | 5.24939 | 35
426326582737005 | 50 | 5.24939 | 35
852653165474011 | 51 | 5.24939 | 35
1705306330948022 | 52 | 5.24939 | 35
3410612661896044 | 53 | 5.24939 | 34
6821225323792089 | 54 | 5.24939 | 34
13642450647584178 | 55 | 5.24939 | 34
27284901295168357 | 56 | 5.24939 | 34
54569802590336715 | 57 | 5.24939 | 34
109139605180673431 | 58 | 5.24939 | 34
218279210361346862 | 59 | 5.24939 | 34
436558420722693724 | 60 | 5.24939 | 34
873116841445387448 | 61 | 5.24939 | 34
1746233682890774896 | 62 | 3.27769 | 15
3492467365781549793 | 63 | 3.27769 | 15
6984934731563099586 | 64 | 3.27769 | 15
-4476874610583352444 | 65 | 3.27769 | 15
-8953749221166704888 | 66 | 4.6613e-310 | 3
-8953749221166704887 | 66 | 2.47601 | 12
539245631376141842 | 67 | 2.37152e-322 | 2
539245631376141843 | 67 | 2.37152e-322 | 10
1746233682890774897 | 62 | 5.19496 | 19
3492467365781549794 | 63 | 5.19496 | 19
6984934731563099588 | 64 | 5.19496 | 19
-4476874610583352440 | 65 | 5.19496 | 19
-8953749221166704880 | 66 | 2.37152e-322 | 5
-8953749221166704879 | 66 | 3.98487 | 14
539245631376141858 | 67 | 3.45877 | 12
1078491262752283717 | 68 | 3.45877 | 12
2156982525504567434 | 69 | 3.45877 | 12
4313965051009134868 | 70 | 3.45877 | 12
8627930102018269736 | 71 | 3.45877 | 12
-1190883869673012144 | 72 | 3.45877 | 12
-2381767739346024288 | 73 | 3.45877 | 12
-4763535478692048576 | 74 | 3.45877 | 12
8919673116325454464 | 75 | 3.45877 | 12
-607397841058642687 | 76 | 3.45877 | 12
-1214795682117285373 | 77 | 3.45877 | 12
-2429591364234570745 | 78 | 3.45877 | 12
-4859182728469141490 | 79 | 3.45877 | 12
8728378616771268636 | 80 | 0 | 5
8728378616771268637 | 80 | 4.4314 | 7
539245631376141859 | 67 | 4.6613e-310 | 2
3410612661896045 | 53 | 4.6613e-310 | 1
3330676427633 | 43 | 4.6613e-310 | 9
1665338213817 | 42 | 4.6613e-310 | 1
12705523 | 25 | 4.99479 | 22
25411046 | 26 | 4.99479 | 22
50822092 | 27 | 4.99479 | 22
101644184 | 28 | 4.99479 | 12
203288368 | 29 | 4.99479 | 12
406576736 | 30 | 4.99479 | 12
813153473 | 31 | 4.99479 | 12
1626306946 | 32 | 4.99479 | 12
3252613893 | 33 | 4.99479 | 12
6505227787 | 34 | 4.99479 | 12
13010455575 | 35 | 4.99479 | 12
26020911150 | 36 | 4.99479 | 12
52041822300 | 37 | 4.99479 | 12
104083644600 | 38 | 4.99479 | 12
208167289200 | 39 | 1.80768 | 8
208167289201 | 39 | 1.2172 | 4
101644185 | 28 | 4.6613e-310 | 10
49631 | 17 | 19.1107 | 156
99262 | 18 | 5.80557 | 12
198525 | 19 | 5.80557 | 12
397050 | 20 | 5.80557 | 12
794100 | 21 | 5.80557 | 12
1588200 | 22 | 5.80557 | 12
3176400 | 23 | 5.80557 | 12
6352800 | 24 | 5.80557 | 12
12705601 | 25 | 5.80557 | 12
25411202 | 26 | 5.80557 | 12
50822404 | 27 | 5.80557 | 12
101644809 | 28 | 5.80557 | 12
203289619 | 29 | 5.80557 | 12
406579239 | 30 | 5.80557 | 12
813158479 | 31 | 5.80557 | 12
1626316958 | 32 | 5.80557 | 12
3252633916 | 33 | 5.80557 | 12
6505267832 | 34 | 5.80557 | 12
13010535665 | 35 | 5.80557 | 12
26021071330 | 36 | 5.80557 | 12
52042142661 | 37 | 5.80557 | 12
104084285323 | 38 | 5.80557 | 12
208168570646 | 39 | 4.6613e-310 | 7
208168570647 | 39 | 4.6613e-310 | 5
99263 | 18 | 18.1943 | 144
198526 | 19 | 15.4894 | 142
397052 | 20 | 15.4894 | 142
794104 | 21 | 15.4894 | 142
1588209 | 22 | 15.4894 | 142
3176419 | 23 | 15.4894 | 142
6352838 | 24 | 9.17306 | 42
12705676 | 25 | 9.17306 | 42
25411352 | 26 | 9.17306 | 42
50822704 | 27 | 9.17306 | 42
101645409 | 28 | 9.17306 | 42
203290819 | 29 | 9.17306 | 42
406581638 | 30 | 9.17306 | 42
813163277 | 31 | 9.17306 | 42
1626326554 | 32 | 9.17306 | 42
3252653108 | 33 | 9.17306 | 42
6505306217 | 34 | 9.17306 | 42
13010612435 | 35 | 9.17306 | 42
26021224870 | 36 | 8.75086 | 37
52042449740 | 37 | 8.75086 | 37
104084899480 | 38 | 2.59523 | 25
208169798960 | 39 | 2.59523 | 25
416339597920 | 40 | 2.59523 | 25
832679195840 | 41 | 2.59523 | 25
1665358391680 | 42 | 4.85461 | 9
1665358391681 | 42 | 1.92312 | 16
3330716783362 | 43 | 1.92312 | 16
6661433566724 | 44 | 1.92312 | 16
13322867133448 | 45 | 1.92312 | 16
26645734266896 | 46 | 1.92312 | 16
53291468533793 | 47 | 1.92312 | 16
106582937067587 | 48 | 1.92312 | 16
213165874135175 | 49 | 1.92312 | 16
426331748270350 | 50 | 1.92312 | 16
852663496540700 | 51 | 1.92312 | 16
1705326993081400 | 52 | 1.92312 | 16
3410653986162800 | 53 | 1.92312 | 16
6821307972325601 | 54 | 1.92312 | 16
13642615944651203 | 55 | 1.92312 | 16
27285231889302406 | 56 | 1.92312 | 16
54570463778604812 | 57 | 1.92312 | 16
109140927557209625 | 58 | 1.92312 | 16
218281855114419250 | 59 | 1.92312 | 16
436563710228838501 | 60 | 1.92312 | 16
873127420457677003 | 61 | 1.92312 | 16
1746254840915354006 | 62 | 1.92312 | 16
3492509681830708013 | 63 | 1.92312 | 16
6985019363661416027 | 64 | 1.92312 | 16
-4476705346386719561 | 65 | 1.92312 | 16
-8953410692773439122 | 66 | 1.58101e-322 | 7
-8953410692773439121 | 66 | 1.63042e-322 | 9
104084899481 | 38 | 8.62374 | 12
208169798962 | 39 | 8.62374 | 12
416339597924 | 40 | 8.62374 | 12
832679195848 | 41 | 8.62374 | 12
1665358391696 | 42 | 4.6613e-310 | 5
1665358391697 | 42 | 4.6613e-310 | 7
26021224871 | 36 | 4.6613e-310 | 5
6352839 | 24 | 13.6849 | 100
12705678 | 25 | 13.6849 | 100
25411356 | 26 | 13.6849 | 100
50822712 | 27 | 13.6849 | 100
101645424 | 28 | 13.6849 | 100
203290848 | 29 | 13.6849 | 100
406581696 | 30 | 13.6849 | 100
813163392 | 31 | 13.6849 | 100
1626326784 | 32 | 13.6849 | 100
3252653568 | 33 | 13.6849 | 100
6505307136 | 34 | 13.6849 | 100
13010614273 | 35 | 13.6849 | 100
26021228546 | 36 | 13.6849 | 100
52042457092 | 37 | 13.6849 | 100
104084914185 | 38 | 13.6849 | 100
208169828370 | 39 | 13.6849 | 100
416339656741 | 40 | 13.6849 | 100
832679313482 | 41 | 13.6849 | 100
1665358626964 | 42 | 13.6849 | 100
3330717253928 | 43 | 10.4786 | 58
6661434507856 | 44 | 10.4786 | 58
13322869015713 | 45 | 10.4786 | 58
26645738031426 | 46 | 10.4786 | 58
53291476062852 | 47 | 10.4786 | 58
106582952125705 | 48 | 10.4786 | 58
213165904251410 | 49 | 10.4786 | 58
426331808502820 | 50 | 10.4786 | 58
852663617005640 | 51 | 10.4786 | 58
1705327234011281 | 52 | 10.4786 | 58
3410654468022562 | 53 | 10.4786 | 58
6821308936045124 | 54 | 10.4786 | 58
13642617872090248 | 55 | 10.4786 | 58
27285235744180496 | 56 | 10.4786 | 58
54570471488360992 | 57 | 10.4786 | 58
109140942976721984 | 58 | 10.4786 | 58
218281885953443969 | 59 | 10.4786 | 58
436563771906887939 | 60 | 10.4786 | 58
873127543813775878 | 61 | 10.4786 | 58
1746255087627551757 | 62 | 10.4786 | 58
3492510175255103514 | 63 | 10.4786 | 58
6985020350510207028 | 64 | 10.4219 | 35
-4476703372689137560 | 65 | 10.4219 | 35
-8953406745378275119 | 66 | 10.4219 | 35
539930582953001379 | 67 | 10.4219 | 35
1079861165906002758 | 68 | 10.4219 | 35
2159722331812005516 | 69 | 6.71582 | 24
4319444663624011033 | 70 | 6.71582 | 24
8638889327248022066 | 71 | 6.71582 | 24
-1168965419213507483 | 72 | 6.71582 | 24
-2337930838427014965 | 73 | 6.71582 | 24
-4675861676854029929 | 74 | 6.71582 | 24
9095020720001491758 | 75 | 6.71582 | 24
-256702633706568099 | 76 | 6.71582 | 24
-513405267413136197 | 77 | 6.71582 | 24
-1026810534826272394 | 78 | 4.56559 | 17
-2053621069652544788 | 79 | 4.56559 | 17
-4107242139305089575 | 80 | 4.56559 | 17
-8214484278610179149 | 81 | 4.56559 | 17
2017775516489193318 | 82 | 0.295374 | 2
2017775516489193319 | 82 | 4.56559 | 15
4035551032978386639 | 83 | 4.56559 | 15
8071102065956773278 | 84 | 4.56559 | 15
-2304539941796005059 | 85 | 4.56559 | 15
-4609079883592010117 | 86 | 4.56559 | 15
-9218159767184020233 | 87 | 4.56559 | 15
10424539341511150 | 88 | 4.56559 | 15
20849078683022301 | 89 | 4.56559 | 15
41698157366044602 | 90 | 4.56559 | 15
83396314732089205 | 91 | 4.56559 | 15
166792629464178411 | 92 | 4.56559 | 15
333585258928356822 | 93 | 4.56559 | 15
667170517856713645 | 94 | 4.56559 | 15
1334341035713427290 | 95 | 4.56559 | 15
2668682071426854580 | 96 | 4.56559 | 15
5337364142853709160 | 97 | 4.56559 | 15
-7772015788002133296 | 98 | 4.56559 | 15
2902712497705285024 | 99 | 0.997745 | 10
2902712497705285025 | 99 | 0.62411 | 5
-1026810534826272393 | 78 | 4.6613e-310 | 7
2159722331812005517 | 69 | 4.18291 | 11
4319444663624011035 | 70 | 4.18291 | 11
8638889327248022071 | 71 | 4.18291 | 11
-1168965419213507474 | 72 | 4.6613e-310 | 7
-1168965419213507473 | 72 | 4.6613e-310 | 4
6985020350510207029 | 64 | 3.45238 | 23
-4476703372689137558 | 65 | 4.6613e-310 | 2
-4476703372689137557 | 65 | 3.45238 | 21
-8953406745378275113 | 66 | 3.45238 | 21
539930582953001391 | 67 | 3.45238 | 21
1079861165906002783 | 68 | 3.45238 | 21
2159722331812005566 | 69 | 2.40718 | 14
4319444663624011133 | 70 | 2.40718 | 14
8638889327248022266 | 71 | 2.40718 | 14
-1168965419213507083 | 72 | 2.40718 | 14
-2337930838427014165 | 73 | 2.40718 | 14
-4675861676854028329 | 74 | 2.40718 | 14
9095020720001494958 | 75 | 2.26149 | 13
-256702633706561700 | 76 | 2.26149 | 13
-513405267413123399 | 77 | 2.26149 | 13
-1026810534826246798 | 78 | 2.26149 | 13
-2053621069652493595 | 79 | 2.26149 | 13
-4107242139304987189 | 80 | 2.26149 | 13
-8214484278609974378 | 81 | 2.26149 | 13
2017775516489602861 | 82 | 2.26149 | 13
4035551032979205723 | 83 | 2.26149 | 13
8071102065958411447 | 84 | 2.26149 | 13
-2304539941792728721 | 85 | 2.26149 | 13
-4609079883585457441 | 86 | 2.26149 | 13
-9218159767170914881 | 87 | 2.26149 | 13
10424539367721855 | 88 | 2.26149 | 13
20849078735443710 | 89 | 2.26149 | 13
41698157470887420 | 90 | 2.26149 | 13
83396314941774841 | 91 | 2.26149 | 13
166792629883549682 | 92 | 1.75284 | 1
166792629883549683 | 92 | 2.26149 | 12
333585259767099367 | 93 | 2.26149 | 12
667170519534198735 | 94 | 2.26149 | 12
1334341039068397470 | 95 | 2.26149 | 12
2668682078136794940 | 96 | 1.82408 | 4
2668682078136794941 | 96 | 1.40099 | 8
9095020720001494959 | 75 | 4.6613e-310 | 1
2159722331812005567 | 69 | 4.6613e-310 | 7
3330717253929 | 43 | 6.0488 | 42
6661434507858 | 44 | 6.0488 | 42
13322869015716 | 45 | 6.0488 | 42
26645738031432 | 46 | 6.0488 | 42
53291476062865 | 47 | 6.0488 | 42
106582952125731 | 48 | 6.0488 | 42
213165904251462 | 49 | 6.0488 | 42
426331808502925 | 50 | 6.0488 | 42
852663617005850 | 51 | 2.97905 | 14
1705327234011701 | 52 | 2.97905 | 14
3410654468023402 | 53 | 2.97905 | 14
6821308936046805 | 54 | 2.97905 | 14
13642617872093611 | 55 | 2.97905 | 14
27285235744187222 | 56 | 2.97905 | 14
54570471488374445 | 57 | 2.97905 | 14
109140942976748890 | 58 | 0.0578694 | 7
109140942976748891 | 58 | 0.100335 | 7
852663617005851 | 51 | 4.57251 | 28
1705327234011702 | 52 | 4.57251 | 28
3410654468023404 | 53 | 4.57251 | 28
6821308936046808 | 54 | 4.57251 | 28
13642617872093616 | 55 | 4.57251 | 28
27285235744187233 | 56 | 4.57251 | 28
54570471488374466 | 57 | 4.57251 | 28
109140942976748933 | 58 | 4.57251 | 28
218281885953497867 | 59 | 4.57251 | 28
436563771906995734 | 60 | 4.57251 | 28
873127543813991469 | 61 | 4.57251 | 28
1746255087627982939 | 62 | 4.57251 | 28
3492510175255965879 | 63 | 4.57251 | 28
6985020350511931759 | 64 | 4.57251 | 28
-4476703372685688098 | 65 | 1.07702 | 2
-4476703372685688097 | 65 | 4.57251 | 26
-8953406745371376193 | 66 | 4.57251 | 26
539930582966799230 | 67 | 3.79121 | 24
1079861165933598461 | 68 | 3.79121 | 24
2159722331867196923 | 69 | 3.79121 | 24
4319444663734393846 | 70 | 1.17754 | 12
8638889327468787693 | 71 | 1.17754 | 12
-1168965418771976229 | 72 | 1.17754 | 12
-2337930837543952457 | 73 | 1.17754 | 12
-4675861675087904914 | 74 | 1.17754 | 12
9095020723533741788 | 75 | 1.17754 | 12
-256702626642068039 | 76 | 1.17754 | 12
-513405253284136078 | 77 | 1.17754 | 12
-1026810506568272155 | 78 | 1.17754 | 12
-2053621013136544310 | 79 | 4.6613e-310 | 4
-2053621013136544309 | 79 | 4.6613e-310 | 8
4319444663734393847 | 70 | 2.5114 | 12
8638889327468787694 | 71 | 4.6613e-310 | 7
8638889327468787695 | 71 | 4.6613e-310 | 5
539930582966799231 | 67 | 4.6613e-310 | 2
198527 | 19 | 4.6613e-310 | 2
1551 | 12 | 13.5394 | 43
3103 | 13 | 13.5394 | 43
6206 | 14 | 13.5394 | 43
12413 | 15 | 13.5394 | 43
24827 | 16 | 13.5394 | 43
49654 | 17 | 13.5394 | 43
99309 | 18 | 13.5394 | 43
198619 | 19 | 13.5394 | 43
397238 | 20 | 4.6613e-310 | 1
397239 | 20 | 13.5394 | 42
794478 | 21 | 6.52059 | 11
1588956 | 22 | 0.0100007 | 3
1588957 | 22 | 4.6613e-310 | 8
794479 | 21 | 12.8651 | 31
1588959 | 22 | 12.8651 | 31
3177918 | 23 | 12.8651 | 31
6355836 | 24 | 12.8651 | 31
12711673 | 25 | 12.8651 | 31
25423346 | 26 | 12.8651 | 31
50846693 | 27 | 12.8651 | 31
101693387 | 28 | 12.8651 | 31
203386775 | 29 | 12.8651 | 31
406773551 | 30 | 12.8651 | 31
813547102 | 31 | 0.130531 | 4
813547103 | 31 | 9.74714 | 27
1627094206 | 32 | 9.74714 | 27
3254188413 | 33 | 9.74714 | 27
6508376826 | 34 | 9.74714 | 27
13016753653 | 35 | 9.74714 | 27
26033507306 | 36 | 9.74714 | 27
52067014612 | 37 | 6.02245 | 24
104134029224 | 38 | 6.02245 | 24
208268058448 | 39 | 5.84057 | 23
416536116896 | 40 | 4.22523 | 18
833072233793 | 41 | 4.22523 | 18
1666144467587 | 42 | 4.22523 | 18
3332288935174 | 43 | 4.22523 | 18
6664577870348 | 44 | 4.22523 | 18
13329155740697 | 45 | 4.22523 | 18
26658311481395 | 46 | 4.22523 | 18
53316622962790 | 47 | 4.22523 | 18
106633245925580 | 48 | 4.22523 | 18
213266491851161 | 49 | 4.22523 | 18
426532983702323 | 50 | 4.22523 | 18
853065967404647 | 51 | 4.22523 | 18
1706131934809294 | 52 | 4.22523 | 18
3412263869618589 | 53 | 4.22523 | 18
6824527739237178 | 54 | 4.22523 | 18
13649055478474357 | 55 | 4.22523 | 18
27298110956948715 | 56 | 4.22523 | 18
54596221913897430 | 57 | 4.6613e-310 | 9
54596221913897431 | 57 | 0.377064 | 9
416536116897 | 40 | 4.6613e-310 | 5
208268058449 | 39 | 4.6613e-310 | 1
52067014613 | 37 | 4.6613e-310 | 3
97 | 8 | 28.9488 | 1254
195 | 9 | 28.9488 | 1254
390 | 10 | 28.9488 | 1254
780 | 11 | 28.9488 | 1254
1561 | 12 | 28.9488 | 1254
3123 | 13 | 28.9488 | 1254
6246 | 14 | 28.9488 | 1254
12492 | 15 | 28.9488 | 1217
24984 | 16 | 28.9488 | 1217
49969 | 17 | 28.9488 | 1217
99938 | 18 | 28.6867 | 772
199876 | 19 | 20.2132 | 569
399752 | 20 | 20.2132 | 569
799505 | 21 | 20.2132 | 569
1599011 | 22 | 20.2132 | 569
3198022 | 23 | 20.2132 | 569
6396045 | 24 | 20.2132 | 569
12792091 | 25 | 20.2132 | 569
25584182 | 26 | 20.2132 | 569
51168364 | 27 | 15.3271 | 327
102336729 | 28 | 15.3271 | 327
204673459 | 29 | 15.3271 | 327
409346919 | 30 | 15.3271 | 327
818693839 | 31 | 15.3271 | 327
1637387678 | 32 | 8.39887 | 20
3274775357 | 33 | 8.39887 | 20
6549550715 | 34 | 8.39887 | 20
13099101430 | 35 | 8.39887 | 20
26198202860 | 36 | 8.39887 | 20
52396405721 | 37 | 8.39887 | 20
104792811442 | 38 | 8.39887 | 20
209585622884 | 39 | 0.455995 | 2
209585622885 | 39 | 7.34998 | 18
419171245771 | 40 | 7.34998 | 18
838342491542 | 41 | 7.34998 | 18
1676684983085 | 42 | 7.34998 | 18
3353369966170 | 43 | 7.34998 | 18
6706739932340 | 44 | 7.34998 | 18
13413479864681 | 45 | 7.34998 | 18
26826959729363 | 46 | 7.34998 | 18
53653919458726 | 47 | 7.34998 | 18
107307838917453 | 48 | 7.34998 | 18
214615677834906 | 49 | 7.34998 | 18
429231355669813 | 50 | 7.34998 | 18
858462711339626 | 51 | 7.34998 | 18
1716925422679252 | 52 | 7.34998 | 18
3433850845358505 | 53 | 7.34998 | 18
6867701690717010 | 54 | 7.34998 | 18
13735403381434021 | 55 | 7.34998 | 18
27470806762868042 | 56 | 7.34998 | 18
54941613525736084 | 57 | 48.466 | 2
54941613525736085 | 57 | 7.20014 | 16
109883227051472170 | 58 | 2.6858 | 14
219766454102944340 | 59 | 2.6858 | 14
439532908205888680 | 60 | 2.6858 | 14
879065816411777360 | 61 | 2.6858 | 14
1758131632823554721 | 62 | 2.6858 | 14
3516263265647109443 | 63 | 2.6858 | 14
7032526531294218886 | 64 | 2.6858 | 14
-4381691011121113843 | 65 | 2.6858 | 14
-8763382022242227686 | 66 | 2.6858 | 14
919980029225096244 | 67 | 2.6858 | 14
1839960058450192489 | 68 | 2.6858 | 14
3679920116900384978 | 69 | 2.6858 | 14
7359840233800769957 | 70 | 2.6858 | 14
-3727063606108011702 | 71 | 2.6858 | 14
-7454127212216023404 | 72 | 4.6613e-310 | 8
-7454127212216023403 | 72 | 103.175 | 6
109883227051472171 | 58 | 4.6613e-310 | 2
1637387679 | 32 | 15.3271 | 307
3274775358 | 33 | 11.1579 | 99
6549550716 | 34 | 10.176 | 89
13099101433 | 35 | 10.176 | 89
26198202866 | 36 | 10.176 | 89
52396405732 | 37 | 10.176 | 89
104792811465 | 38 | 10.176 | 89
209585622930 | 39 | 10.176 | 89
419171245860 | 40 | 10.176 | 89
838342491720 | 41 | 2.62521 | 13
1676684983440 | 42 | 2.62521 | 13
3353369966880 | 43 | 8.57183 | 10
3353369966881 | 43 | 4.75374 | 3
838342491721 | 41 | 9.01232 | 76
1676684983442 | 42 | 9.01232 | 76
3353369966884 | 43 | 8.48852 | 65
6706739933768 | 44 | 8.48852 | 65
13413479867537 | 45 | 8.48852 | 65
26826959735074 | 46 | 8.48852 | 65
53653919470149 | 47 | 8.48852 | 65
107307838940299 | 48 | 8.48852 | 65
214615677880598 | 49 | 8.48852 | 65
429231355761196 | 50 | 8.48852 | 65
858462711522393 | 51 | 8.48852 | 65
1716925423044787 | 52 | 8.48852 | 65
3433850846089574 | 53 | 8.48852 | 65
6867701692179149 | 54 | 8.48852 | 65
13735403384358298 | 55 | 8.48852 | 65
27470806768716596 | 56 | 7.83062 | 61
54941613537433192 | 57 | 7.83062 | 61
109883227074866384 | 58 | 7.83062 | 61
219766454149732768 | 59 | 7.83062 | 61
439532908299465536 | 60 | 7.83062 | 61
879065816598931073 | 61 | 7.83062 | 61
1758131633197862147 | 62 | 7.83062 | 61
3516263266395724295 | 63 | 7.83062 | 61
7032526532791448590 | 64 | 7.80058 | 60
-4381691008126654436 | 65 | 7.80058 | 60
-8763382016253308872 | 66 | 7.80058 | 60
919980041202933872 | 67 | 7.80058 | 60
1839960082405867744 | 68 | 7.80058 | 60
3679920164811735488 | 69 | 7.80058 | 60
7359840329623470977 | 70 | 7.80058 | 60
-3727063414462609662 | 71 | 6.13828 | 48
-7454126828925219323 | 72 | 6.13828 | 48
3538490415859112970 | 73 | 6.13828 | 48
7076980831718225941 | 74 | 6.13828 | 48
-4292782410273099734 | 75 | 6.13828 | 48
-8585564820546199467 | 76 | 6.13828 | 48
1275614432617152683 | 77 | 6.13828 | 48
2551228865234305367 | 78 | 6.13828 | 48
5102457730468610735 | 79 | 6.13828 | 48
-8241828612772330146 | 80 | 6.13828 | 48
1963086848164891325 | 81 | 6.13828 | 48
3926173696329782650 | 82 | 6.13828 | 48
7852347392659565300 | 83 | 6.13828 | 48
-2742049288390421015 | 84 | 6.13828 | 48
-5484098576780842029 | 85 | 6.13828 | 48
7478546920147867558 | 86 | 6.13828 | 48
-3489650233413816500 | 87 | 6.13828 | 48
-6979300466827633000 | 88 | 6.13828 | 48
4488143140054285616 | 89 | 3.17009 | 24
8976286280108571233 | 90 | 3.17009 | 24
-494171513492409150 | 91 | 3.59206 | 9
-494171513492409149 | 91 | 2.17553 | 15
-988343026984818298 | 92 | 2.17553 | 15
-1976686053969636596 | 93 | 2.17553 | 15
-3953372107939273192 | 94 | 2.17553 | 15
-7906744215878546383 | 95 | 2.17553 | 15
2633255641952458850 | 96 | 2.17553 | 15
5266511283904917700 | 97 | 2.17553 | 15
-7913721505899716216 | 98 | 2.17553 | 15
2619301061910119185 | 99 | 2.17553 | 15
5238602123820238371 | 100 | 2.17553 | 15
-7969539826069074874 | 101 | 2.17553 | 15
2507664421571401868 | 102 | 2.17553 | 15
5015328843142803736 | 103 | 2.17553 | 15
-8416086387423944144 | 104 | 2.17553 | 15
1614571298861663329 | 105 | 2.17553 | 15
3229142597723326658 | 106 | 2.17553 | 13
6458285195446653317 | 107 | 2.17553 | 13
-5530173682816244981 | 108 | 2.17553 | 13
7386396708077061654 | 109 | 2.17553 | 13
-3673950657555428308 | 110 | 1.44428 | 11
-7347901315110856615 | 111 | 1.44428 | 11
3750941443487838386 | 112 | 1.44428 | 11
7501882886975676773 | 113 | 1.44428 | 11
-3442978299758198070 | 114 | 1.44428 | 11
-6885956599516396140 | 115 | 1.44428 | 11
4674830874676759336 | 116 | 76.6403 | 1
4674830874676759337 | 116 | 114.431 | 10
-3673950657555428307 | 110 | 4.6613e-310 | 2
3229142597723326659 | 106 | 4.6613e-310 | 2
4488143140054285617 | 89 | 3.38964 | 24
8976286280108571234 | 90 | 3.38964 | 24
-494171513492409148 | 91 | 3.38964 | 24
-988343026984818295 | 92 | 3.38964 | 24
-1976686053969636589 | 93 | 3.38964 | 24
-3953372107939273177 | 94 | 3.38964 | 24
-7906744215878546354 | 95 | 3.38964 | 24
2633255641952458908 | 96 | 3.38964 | 24
5266511283904917816 | 97 | 3.38964 | 24
-7913721505899715984 | 98 | 4.6613e-310 | 1
-7913721505899715983 | 98 | 3.14365 | 23
2619301061910119651 | 99 | 3.14365 | 23
5238602123820239302 | 100 | 4.6613e-310 | 9
5238602123820239303 | 100 | 3.0533 | 14
-7969539826069073010 | 101 | 3.0533 | 14
2507664421571405597 | 102 | 3.0533 | 14
5015328843142811194 | 103 | 3.0533 | 14
-8416086387423929227 | 104 | 3.0533 | 14
1614571298861693162 | 105 | 3.0533 | 14
3229142597723386324 | 106 | 3.0533 | 14
6458285195446772648 | 107 | 3.0533 | 14
-5530173682816006320 | 108 | 3.0533 | 14
7386396708077538976 | 109 | 3.0533 | 14
-3673950657554473664 | 110 | 4.6613e-310 | 4
-3673950657554473663 | 110 | 6.66465 | 10
-3727063414462609661 | 71 | 2.49371 | 12
-7454126828925219321 | 72 | 2.49371 | 12
3538490415859112975 | 73 | 2.49371 | 12
7076980831718225951 | 74 | 2.49371 | 12
-4292782410273099714 | 75 | 2.49371 | 12
-8585564820546199427 | 76 | 2.49371 | 12
1275614432617152763 | 77 | 2.49371 | 12
2551228865234305526 | 78 | 2.49371 | 12
5102457730468611053 | 79 | 2.49371 | 12
-8241828612772329509 | 80 | 2.49371 | 12
1963086848164892599 | 81 | 2.49371 | 12
3926173696329785198 | 82 | 2.49371 | 12
7852347392659570396 | 83 | 2.49371 | 12
-2742049288390410824 | 84 | 2.49371 | 12
-5484098576780821647 | 85 | 2.49371 | 12
7478546920147908322 | 86 | 2.49371 | 12
-3489650233413734971 | 87 | 2.49371 | 12
-6979300466827469941 | 88 | 2.49371 | 12
4488143140054611734 | 89 | 2.49371 | 12
8976286280109223468 | 90 | 2.49371 | 12
-494171513491104679 | 91 | 2.49371 | 12
-988343026982209357 | 92 | 2.49371 | 12
-1976686053964418714 | 93 | 2.49371 | 12
-3953372107928837428 | 94 | 4.6613e-310 | 1
-3953372107928837427 | 94 | 2.3608 | 11
-7906744215857674853 | 95 | 2.3608 | 11
2633255641994201910 | 96 | 2.3608 | 11
5266511283988403821 | 97 | 2.3608 | 11
-7913721505732743974 | 98 | 2.3608 | 11
2619301062244063668 | 99 | 2.3608 | 11
5238602124488127337 | 100 | 2.3608 | 11
-7969539824733296942 | 101 | 2.3608 | 11
2507664424242957733 | 102 | 2.3608 | 11
5015328848485915467 | 103 | 2.3608 | 11
-8416086376737720681 | 104 | 2.3608 | 11
1614571320234110254 | 105 | 4.6613e-310 | 9
1614571320234110255 | 105 | 4.6613e-310 | 2
7032526532791448591 | 64 | 4.6613e-310 | 1
27470806768716597 | 56 | 4.6613e-310 | 4
3353369966885 | 43 | 7.54788 | 11
6706739933770 | 44 | 7.54788 | 11
13413479867541 | 45 | 7.54788 | 11
26826959735082 | 46 | 7.54788 | 11
53653919470164 | 47 | 7.54788 | 11
107307838940329 | 48 | 7.54788 | 11
214615677880658 | 49 | 7.54788 | 11
429231355761317 | 50 | 7.54788 | 11
858462711522635 | 51 | 7.54788 | 11
1716925423045270 | 52 | 7.54788 | 11
3433850846090540 | 53 | 7.54788 | 11
6867701692181080 | 54 | 7.54788 | 11
13735403384362160 | 55 | 7.54788 | 11
27470806768724321 | 56 | 7.54788 | 11
54941613537448642 | 57 | 7.54788 | 11
109883227074897284 | 58 | 7.54788 | 11
219766454149794568 | 59 | 7.54788 | 11
439532908299589137 | 60 | 7.54788 | 11
879065816599178274 | 61 | 7.54788 | 11
1758131633198356549 | 62 | 7.54788 | 11
3516263266396713098 | 63 | 7.54788 | 11
7032526532793426197 | 64 | 7.54788 | 11
-4381691008122699221 | 65 | 7.54788 | 11
-8763382016245398442 | 66 | 7.54788 | 11
919980041218754733 | 67 | 7.54788 | 11
1839960082437509467 | 68 | 7.54788 | 11
3679920164875018935 | 69 | 7.54788 | 11
7359840329750037870 | 70 | 7.54788 | 11
-3727063414209475875 | 71 | 7.54788 | 11
-7454126828418951749 | 72 | 7.54788 | 11
3538490416871648118 | 73 | 7.54788 | 11
7076980833743296236 | 74 | 7.54788 | 11
-4292782406222959143 | 75 | 7.54788 | 11
-8585564812445918285 | 76 | 7.54788 | 11
1275614448817715046 | 77 | 4.6613e-310 | 8
1275614448817715047 | 77 | 4.6613e-310 | 3
6549550717 | 34 | 4.6613e-310 | 10
3274775359 | 33 | 11.7996 | 208
6549550719 | 34 | 11.7996 | 208
13099101438 | 35 | 11.7996 | 208
26198202876 | 36 | 9.41305 | 112
52396405752 | 37 | 9.41305 | 112
104792811505 | 38 | 9.41305 | 112
209585623011 | 39 | 9.41305 | 112
419171246023 | 40 | 9.41305 | 112
838342492046 | 41 | 9.41305 | 112
1676684984093 | 42 | 9.41305 | 112
3353369968186 | 43 | 6.84669 | 40
6706739936372 | 44 | 6.84669 | 40
13413479872744 | 45 | 6.84669 | 40
26826959745489 | 46 | 6.84669 | 40
53653919490978 | 47 | 6.84669 | 40
107307838981956 | 48 | 6.84669 | 40
214615677963912 | 49 | 5.00393 | 22
429231355927824 | 50 | 14.3555 | 1
429231355927825 | 50 | 4.39111 | 21
858462711855650 | 51 | 4.39111 | 21
1716925423711300 | 52 | 4.39111 | 21
3433850847422601 | 53 | 4.39111 | 21
6867701694845202 | 54 | 4.39111 | 21
13735403389690404 | 55 | 4.39111 | 21
27470806779380808 | 56 | 0.169562 | 7
27470806779380809 | 56 | 3.01694 | 14
54941613558761618 | 57 | 2.70168 | 11
109883227117523237 | 58 | 2.70168 | 11
219766454235046474 | 59 | 2.70168 | 11
439532908470092948 | 60 | 1.03092 | 9
439532908470092949 | 60 | 1.69791 | 2
54941613558761619 | 57 | 4.6613e-310 | 3
214615677963913 | 49 | 6.62379 | 18
429231355927826 | 50 | 6.62379 | 18
858462711855653 | 51 | 6.62379 | 18
1716925423711306 | 52 | 6.62379 | 18
3433850847422612 | 53 | 4.6613e-310 | 1
3433850847422613 | 53 | 3.56714 | 17
6867701694845226 | 54 | 3.56714 | 17
13735403389690453 | 55 | 3.56714 | 17
27470806779380906 | 56 | 3.56714 | 17
54941613558761813 | 57 | 3.56714 | 17
109883227117523626 | 58 | 3.56714 | 17
219766454235047253 | 59 | 3.56714 | 17
439532908470094506 | 60 | 3.56714 | 17
879065816940189013 | 61 | 3.56714 | 17
1758131633880378027 | 62 | 3.56714 | 17
3516263267760756055 | 63 | 3.56714 | 17
7032526535521512111 | 64 | 3.56714 | 17
-4381691002666527393 | 65 | 3.56714 | 17
-8763382005333054785 | 66 | 3.56714 | 17
919980063043442046 | 67 | 3.56714 | 17
1839960126086884092 | 68 | 3.56714 | 17
3679920252173768184 | 69 | 3.56714 | 17
7359840504347536369 | 70 | 3.56714 | 17
-3727063065014478877 | 71 | 3.56714 | 17
-7454126130028957754 | 72 | 3.56714 | 17
3538491813651636108 | 73 | 3.56714 | 17
7076983627303272216 | 74 | 3.56714 | 17
-4292776819103007183 | 75 | 3.56714 | 17
-8585553638206014365 | 76 | 3.56714 | 17
1275636797297522886 | 77 | 0 | 5
1275636797297522887 | 77 | 2.07833 | 12
2551273594595045775 | 78 | 2.07833 | 12
5102547189190091550 | 79 | 2.07833 | 12
-8241649695329368516 | 80 | 2.07833 | 12
1963444683050814585 | 81 | 2.07833 | 12
3926889366101629171 | 82 | 2.07833 | 12
7853778732203258342 | 83 | 2.07833 | 12
-2739186609303034932 | 84 | 2.07833 | 12
-5478373218606069864 | 85 | 2.07833 | 12
7489997636497411889 | 86 | 2.07833 | 12
-3466748800714727838 | 87 | 43.8957 | 8
-3466748800714727837 | 87 | 77.3936 | 4
3353369968187 | 43 | 9.15199 | 72
6706739936375 | 44 | 9.15199 | 72
13413479872750 | 45 | 9.15199 | 72
26826959745500 | 46 | 9.15199 | 72
53653919491000 | 47 | 9.15199 | 72
107307838982001 | 48 | 9.15199 | 72
214615677964003 | 49 | 9.15199 | 72
429231355928006 | 50 | 9.15199 | 72
858462711856013 | 51 | 9.15199 | 72
1716925423712027 | 52 | 9.15199 | 72
3433850847424055 | 53 | 9.15199 | 72
6867701694848111 | 54 | 9.15199 | 72
13735403389696222 | 55 | 9.15199 | 72
27470806779392445 | 56 | 9.15199 | 72
54941613558784891 | 57 | 9.15199 | 72
109883227117569783 | 58 | 9.15199 | 72
219766454235139566 | 59 | 9.15199 | 72
439532908470279132 | 60 | 9.15199 | 72
879065816940558265 | 61 | 9.15199 | 72
1758131633881116531 | 62 | 9.15199 | 72
3516263267762233062 | 63 | 9.15199 | 72
7032526535524466124 | 64 | 4.6613e-310 | 1
7032526535524466125 | 64 | 9.15199 | 71
-4381691002660619365 | 65 | 9.15199 | 71
-8763382005321238730 | 66 | 9.15199 | 71
919980063067074157 | 67 | 9.15199 | 71
1839960126134148314 | 68 | 5.38069 | 41
3679920252268296628 | 69 | 5.38069 | 41
7359840504536593257 | 70 | 5.38069 | 41
-3727063064636365101 | 71 | 5.38069 | 41
-7454126129272730202 | 72 | 5.38069 | 41
3538491815164091213 | 73 | 5.38069 | 41
7076983630328182426 | 74 | 3.67538 | 32
-4292776813053186763 | 75 | 3.67538 | 32
-8585553626106373525 | 76 | 3.67538 | 32
1275636821496804567 | 77 | 3.67538 | 32
2551273642993609134 | 78 | 3.67538 | 32
5102547285987218269 | 79 | 3.67538 | 32
-8241649501735115078 | 80 | 3.67538 | 16
1963445070239321460 | 81 | 3.67538 | 16
3926890140478642920 | 82 | 0.425699 | 1
3926890140478642921 | 82 | 3.52737 | 15
7853780280957285842 | 83 | 3.52737 | 15
-2739183511794979931 | 84 | 3.52737 | 15
-5478367023589959862 | 85 | 1.9742 | 1
-5478367023589959861 | 85 | 3.19622 | 14
7490010026529631894 | 86 | 1.34386e-321 | 10
7490010026529631895 | 86 | 0.875713 | 4
-8241649501735115077 | 80 | 2.72822 | 16
1963445070239321462 | 81 | 4.6613e-310 | 3
1963445070239321463 | 81 | 2.22827 | 13
3926890140478642926 | 82 | 2.22827 | 13
7853780280957285852 | 83 | 2.08941 | 12
-2739183511794979911 | 84 | 2.08941 | 12
-5478367023589959822 | 85 | 2.36606 | 2
-5478367023589959821 | 85 | 3.21143e-322 | 10
7853780280957285853 | 83 | 4.6613e-310 | 1
7076983630328182427 | 74 | 4.6613e-310 | 9
1839960126134148315 | 68 | 4.02551 | 30
3679920252268296630 | 69 | 4.02551 | 30
7359840504536593261 | 70 | 4.02551 | 30
-3727063064636365093 | 71 | 4.02551 | 30
-7454126129272730185 | 72 | 4.02551 | 30
3538491815164091246 | 73 | 3.76143 | 27
7076983630328182492 | 74 | 3.76143 | 27
-4292776813053186632 | 75 | 3.76143 | 27
-8585553626106373263 | 76 | 3.76143 | 27
1275636821496805090 | 77 | 3.76143 | 27
2551273642993610180 | 78 | 3.76143 | 27
5102547285987220361 | 79 | 3.76143 | 27
-8241649501735110894 | 80 | 3.76143 | 27
1963445070239329829 | 81 | 3.76143 | 27
3926890140478659658 | 82 | 3.76143 | 27
7853780280957319316 | 83 | 3.76143 | 27
-2739183511794912983 | 84 | 3.76143 | 27
-5478367023589825965 | 85 | 3.76143 | 27
7490010026529899686 | 86 | 3.76143 | 27
-3466724020649752244 | 87 | 2.86082 | 12
-6933448041299504488 | 88 | 2.86082 | 12
4579847991110542640 | 89 | 2.86082 | 12
9159695982221085280 | 90 | 2.86082 | 12
-127352109267381055 | 91 | 2.86082 | 12
-254704218534762109 | 92 | 2.86082 | 12
-509408437069524217 | 93 | 2.86082 | 12
-1018816874139048434 | 94 | 2.86082 | 12
-2037633748278096868 | 95 | 1.60559 | 7
-2037633748278096867 | 95 | 44.3651 | 5
-3466724020649752243 | 87 | 3.58143 | 15
-6933448041299504486 | 88 | 3.58143 | 15
4579847991110542644 | 89 | 1.48294 | 11
9159695982221085288 | 90 | 1.48294 | 11
-127352109267381039 | 91 | 1.48294 | 11
-254704218534762077 | 92 | 1.48294 | 11
-509408437069524154 | 93 | 1.48294 | 11
-1018816874139048308 | 94 | 1.48294 | 11
-2037633748278096616 | 95 | 5.25664 | 1
-2037633748278096615 | 95 | 2.80356 | 10
4579847991110542645 | 89 | 4.6613e-310 | 4
3538491815164091247 | 73 | 4.6613e-310 | 3
26198202877 | 36 | 10.9027 | 96
52396405755 | 37 | 10.9027 | 96
104792811510 | 38 | 8.86817 | 37
209585623020 | 39 | 8.86817 | 37
419171246040 | 40 | 3.8345 | 23
838342492080 | 41 | 6.95061e-310 | 1
838342492081 | 41 | 3.8345 | 22
1676684984162 | 42 | 3.8345 | 22
3353369968324 | 43 | 3.8345 | 22
6706739936649 | 44 | 3.8345 | 22
13413479873298 | 45 | 3.8345 | 22
26826959746596 | 46 | 2.12814 | 14
53653919493193 | 47 | 2.12814 | 14
107307838986387 | 48 | 2.12814 | 14
214615677972774 | 49 | 2.12814 | 14
429231355945548 | 50 | 2.12814 | 14
858462711891096 | 51 | 47.4281 | 7
858462711891097 | 51 | 59.1578 | 7
26826959746597 | 46 | 4.6613e-310 | 8
419171246041 | 40 | 7.31009 | 14
838342492083 | 41 | 7.31009 | 14
1676684984166 | 42 | 7.31009 | 14
3353369968332 | 43 | 4.6613e-310 | 2
3353369968333 | 43 | 2.48628 | 12
6706739936666 | 44 | 2.48628 | 12
13413479873332 | 45 | 2.48628 | 12
26826959746664 | 46 | 2.48628 | 12
53653919493328 | 47 | 2.10308 | 11
107307838986657 | 48 | 2.10308 | 11
214615677973314 | 49 | 2.10308 | 11
429231355946629 | 50 | 2.10308 | 11
858462711893259 | 51 | 2.10308 | 11
1716925423786519 | 52 | 2.10308 | 11
3433850847573039 | 53 | 2.10308 | 11
6867701695146078 | 54 | 2.10308 | 11
13735403390292156 | 55 | 2.10308 | 11
27470806780584312 | 56 | 57.5588 | 10
27470806780584313 | 56 | 64.4923 | 1
53653919493329 | 47 | 4.6613e-310 | 1
104792811511 | 38 | 10.5858 | 59
209585623023 | 39 | 10.5858 | 59
419171246047 | 40 | 10.5858 | 59
838342492094 | 41 | 9.25258 | 55
1676684984188 | 42 | 9.25258 | 55
3353369968376 | 43 | 4.21462 | 34
6706739936753 | 44 | 4.21462 | 34
13413479873506 | 45 | 3.50665 | 28
26826959747012 | 46 | 3.50665 | 28
53653919494025 | 47 | 3.50665 | 28
107307838988051 | 48 | 3.50665 | 28
214615677976102 | 49 | 3.50665 | 28
429231355952205 | 50 | 3.50665 | 28
858462711904410 | 51 | 3.50665 | 28
1716925423808820 | 52 | 3.50665 | 28
3433850847617640 | 53 | 2.86533 | 20
6867701695235281 | 54 | 2.86533 | 20
13735403390470563 | 55 | 2.86533 | 20
27470806780941126 | 56 | 2.86533 | 20
54941613561882252 | 57 | 2.86533 | 20
109883227123764505 | 58 | 2.86533 | 20
219766454247529010 | 59 | 2.86533 | 20
439532908495058020 | 60 | 2.46409 | 16
879065816990116040 | 61 | 0.0487954 | 1
879065816990116041 | 61 | 2.07397 | 15
1758131633980232083 | 62 | 2.07397 | 15
3516263267960464166 | 63 | 2.07397 | 15
7032526535920928332 | 64 | 13.4708 | 1
7032526535920928333 | 64 | 1.95006 | 14
-4381691001867694950 | 65 | 0 | 4
-4381691001867694949 | 65 | 56.8523 | 10
439532908495058021 | 60 | 4.6613e-310 | 4
3433850847617641 | 53 | 4.6613e-310 | 8
13413479873507 | 45 | 4.6613e-310 | 6
3353369968377 | 43 | 5.06737 | 21
6706739936755 | 44 | 5.06737 | 21
13413479873511 | 45 | 5.06737 | 21
26826959747023 | 46 | 5.06737 | 21
53653919494046 | 47 | 5.06737 | 21
107307838988092 | 48 | 5.06737 | 21
214615677976185 | 49 | 5.06737 | 21
429231355952371 | 50 | 5.06737 | 21
858462711904742 | 51 | 5.06737 | 21
1716925423809484 | 52 | 5.06737 | 21
3433850847618968 | 53 | 5.06737 | 19
6867701695237937 | 54 | 5.06737 | 19
13735403390475874 | 55 | 5.06737 | 19
27470806780951748 | 56 | 5.06737 | 19
54941613561903497 | 57 | 5.06737 | 19
109883227123806995 | 58 | 5.06737 | 19
219766454247613990 | 59 | 5.06737 | 19
439532908495227981 | 60 | 5.06737 | 19
879065816990455963 | 61 | 5.06737 | 19
1758131633980911927 | 62 | 5.06737 | 19
3516263267961823855 | 63 | 5.06737 | 19
7032526535923647711 | 64 | 5.06737 | 19
-4381691001862256193 | 65 | 5.06737 | 19
-8763382003724512385 | 66 | 5.06737 | 19
919980066260526846 | 67 | 3.77048 | 13
1839960132521053692 | 68 | 3.77048 | 13
3679920265042107384 | 69 | 3.77048 | 13
7359840530084214768 | 70 | 3.77048 | 13
-3727063013541122079 | 71 | 3.77048 | 13
-7454126027082244158 | 72 | 4.6613e-310 | 5
-7454126027082244157 | 72 | 6.37345e-322 | 8
919980066260526847 | 67 | 4.6613e-310 | 6
3433850847618969 | 53 | 4.6613e-310 | 2
838342492095 | 41 | 4.6613e-310 | 4
51168365 | 27 | 10.7988 | 242
102336730 | 28 | 7.44918 | 65
204673460 | 29 | 7.44918 | 65
409346920 | 30 | 5.43635 | 46
818693840 | 31 | 5.43635 | 46
1637387680 | 32 | 5.43635 | 46
3274775361 | 33 | 5.43635 | 46
6549550723 | 34 | 5.43635 | 46
13099101447 | 35 | 5.43635 | 46
26198202894 | 36 | 5.43635 | 46
52396405789 | 37 | 5.43635 | 46
104792811579 | 38 | 5.43635 | 46
209585623159 | 39 | 5.43635 | 46
419171246319 | 40 | 5.43635 | 46
838342492638 | 41 | 5.43635 | 46
1676684985276 | 42 | 5.43635 | 46
3353369970552 | 43 | 6.37345e-322 | 2
3353369970553 | 43 | 5.43635 | 44
6706739941107 | 44 | 5.43635 | 44
13413479882214 | 45 | 4.79072 | 43
26826959764428 | 46 | 4.79072 | 40
53653919528857 | 47 | 4.79072 | 40
107307839057714 | 48 | 4.79072 | 40
214615678115428 | 49 | 4.79072 | 40
429231356230856 | 50 | 4.2481 | 31
858462712461712 | 51 | 4.2481 | 31
1716925424923425 | 52 | 4.2481 | 31
3433850849846851 | 53 | 4.2481 | 31
6867701699693702 | 54 | 4.2481 | 31
13735403399387404 | 55 | 4.2481 | 31
27470806798774809 | 56 | 4.2481 | 31
54941613597549618 | 57 | 4.2481 | 31
109883227195099237 | 58 | 4.2481 | 31
219766454390198475 | 59 | 4.2481 | 31
439532908780396950 | 60 | 2.64013 | 8
439532908780396951 | 60 | 2.7593 | 23
879065817560793902 | 61 | 2.7593 | 23
1758131635121587805 | 62 | 2.7593 | 23
3516263270243175611 | 63 | 2.7593 | 23
7032526540486351223 | 64 | 2.7593 | 23
-4381690992736849170 | 65 | 2.7593 | 23
-8763381985473698340 | 66 | 0.190365 | 1
-8763381985473698339 | 66 | 2.64136 | 22
919980102762154938 | 67 | 2.64136 | 22
1839960205524309876 | 68 | 2.64136 | 22
3679920411048619752 | 69 | 1.88109 | 8
3679920411048619753 | 69 | 2.0651 | 14
7359840822097239507 | 70 | 2.0651 | 14
-3727062429515072602 | 71 | 2.0651 | 14
-7454124859030145203 | 72 | 2.0651 | 14
3538494355649261211 | 73 | 2.0651 | 14
7076988711298522423 | 74 | 2.0651 | 14
-4292766651112506769 | 75 | 2.0651 | 14
-8585533302225013538 | 76 | 2.0651 | 14
1275677469259524540 | 77 | 2.0651 | 14
2551354938519049081 | 78 | 2.0651 | 14
5102709877038098162 | 79 | 2.0651 | 14
-8241324319633355292 | 80 | 2.0651 | 14
1964095434442841032 | 81 | 2.0651 | 14
3928190868885682064 | 82 | 4.6613e-310 | 9
3928190868885682065 | 82 | 10.1184 | 5
429231356230857 | 50 | 4.6613e-310 | 9
26826959764429 | 46 | 4.6613e-310 | 3
13413479882215 | 45 | 4.6613e-310 | 1
409346921 | 30 | 3.90002 | 19
818693842 | 31 | 3.90002 | 19
1637387684 | 32 | 3.90002 | 19
3274775369 | 33 | 3.90002 | 19
6549550739 | 34 | 3.90002 | 19
13099101478 | 35 | 3.90002 | 19
26198202957 | 36 | 3.90002 | 19
52396405914 | 37 | 3.90002 | 19
104792811829 | 38 | 3.90002 | 19
209585623658 | 39 | 3.09036 | 15
419171247316 | 40 | 4.6613e-310 | 9
419171247317 | 40 | 4.6613e-310 | 6
209585623659 | 39 | 4.6613e-310 | 4
102336731 | 28 | 9.43458 | 177
204673462 | 29 | 7.30884 | 88
409346924 | 30 | 7.30884 | 88
818693848 | 31 | 7.30884 | 88
1637387697 | 32 | 7.30884 | 88
3274775395 | 33 | 7.30884 | 88
6549550790 | 34 | 7.30884 | 88
13099101580 | 35 | 7.30884 | 88
26198203160 | 36 | 6.798 | 80
52396406320 | 37 | 6.798 | 80
104792812641 | 38 | 6.798 | 80
209585625282 | 39 | 6.798 | 80
419171250564 | 40 | 6.798 | 80
838342501128 | 41 | 6.798 | 80
1676685002256 | 42 | 6.798 | 80
3353370004512 | 43 | 6.798 | 80
6706740009025 | 44 | 6.798 | 80
13413480018051 | 45 | 6.798 | 80
26826960036103 | 46 | 6.798 | 80
53653920072207 | 47 | 6.798 | 80
107307840144415 | 48 | 6.798 | 80
214615680288830 | 49 | 6.798 | 80
429231360577660 | 50 | 6.798 | 80
858462721155321 | 51 | 6.798 | 80
1716925442310642 | 52 | 6.798 | 80
3433850884621285 | 53 | 6.798 | 80
6867701769242570 | 54 | 6.798 | 80
13735403538485140 | 55 | 6.798 | 80
27470807076970280 | 56 | 6.798 | 80
54941614153940561 | 57 | 6.798 | 80
109883228307881122 | 58 | 6.798 | 80
219766456615762245 | 59 | 6.798 | 80
439532913231524490 | 60 | 6.798 | 80
879065826463048981 | 61 | 6.798 | 80
1758131652926097962 | 62 | 6.798 | 80
3516263305852195924 | 63 | 6.798 | 80
7032526611704391848 | 64 | 6.798 | 77
-4381690850300767919 | 65 | 6.798 | 77
-8763381700601535838 | 66 | 4.82172 | 49
919980672506479941 | 67 | 4.82172 | 49
1839961345012959883 | 68 | 4.82172 | 49
3679922690025919766 | 69 | 4.82172 | 49
7359845380051839532 | 70 | 4.82172 | 49
-3727053313605872552 | 71 | 4.82172 | 49
-7454106627211745104 | 72 | 4.82172 | 49
3538530819286061408 | 73 | 4.82172 | 49
7077061638572122816 | 74 | 3.21016 | 23
-4292620796565305983 | 75 | 3.21016 | 23
-8585241593130611965 | 76 | 3.21016 | 23
1276260887448327686 | 77 | 3.21016 | 23
2552521774896655373 | 78 | 3.21016 | 23
5105043549793310747 | 79 | 3.21016 | 23
-8236656974122930121 | 80 | 3.21016 | 23
1973430125463691374 | 81 | 3.21016 | 23
3946860250927382749 | 82 | 3.21016 | 23
7893720501854765499 | 83 | 3.21016 | 23
-2659303070000020618 | 84 | 3.21016 | 23
-5318606140000041235 | 85 | 3.21016 | 23
7809531793709469147 | 86 | 3.21016 | 23
-2827680486290613322 | 87 | 7.72754 | 2
-2827680486290613321 | 87 | 2.75967 | 21
-5655360972581226642 | 88 | 0.0825635 | 1
-5655360972581226641 | 88 | 2.75967 | 20
7136022128547098334 | 89 | 2.75967 | 20
-4174699816615354948 | 90 | 1.78143 | 13
-8349399633230709895 | 91 | 1.78143 | 13
1747944807248131827 | 92 | 1.78143 | 13
3495889614496263654 | 93 | 0.770869 | 2
3495889614496263655 | 93 | 1.50036 | 11
6991779228992527311 | 94 | 1.50036 | 11
-4463185615724496994 | 95 | 1.50036 | 11
-8926371231448993988 | 96 | 1.50036 | 11
594001610811563640 | 97 | 1.50036 | 11
1188003221623127280 | 98 | 1.50036 | 11
2376006443246254560 | 99 | 1.50036 | 11
4752012886492509120 | 100 | 1.50036 | 11
-8942718300724533376 | 101 | 1.50036 | 11
561307472260484864 | 102 | 1.50036 | 11
1122614944520969729 | 103 | 1.50036 | 11
2245229889041939458 | 104 | 6.33415 | 7
2245229889041939459 | 104 | 14.4236 | 4
-4174699816615354947 | 90 | 4.6613e-310 | 7
7077061638572122817 | 74 | 4.0081 | 26
-4292620796565305981 | 75 | 4.0081 | 26
-8585241593130611961 | 76 | 4.0081 | 26
1276260887448327694 | 77 | 4.0081 | 26
2552521774896655388 | 78 | 4.0081 | 26
5105043549793310777 | 79 | 4.0081 | 26
-8236656974122930062 | 80 | 4.0081 | 26
1973430125463691493 | 81 | 4.0081 | 26
3946860250927382987 | 82 | 4.0081 | 26
7893720501854765975 | 83 | 4.0081 | 26
-2659303070000019666 | 84 | 4.6613e-310 | 8
-2659303070000019665 | 84 | 3.35311 | 18
-5318606140000039330 | 85 | 3.35311 | 18
7809531793709472957 | 86 | 3.35311 | 18
-2827680486290605702 | 87 | 3.35311 | 18
-5655360972581211403 | 88 | 3.35311 | 18
7136022128547128810 | 89 | 3.35311 | 18
-4174699816615293995 | 90 | 3.35311 | 18
-8349399633230587990 | 91 | 3.35311 | 18
1747944807248375637 | 92 | 3.35311 | 18
3495889614496751274 | 93 | 4.6613e-310 | 2
3495889614496751275 | 93 | 3.35311 | 16
6991779228993502551 | 94 | 3.35311 | 16
-4463185615722546513 | 95 | 3.35311 | 16
-8926371231445093025 | 96 | 3.35311 | 16
594001610819365566 | 97 | 3.35311 | 16
1188003221638731132 | 98 | 3.35311 | 16
2376006443277462264 | 99 | 3.35311 | 16
4752012886554924528 | 100 | 3.35311 | 16
-8942718300599702560 | 101 | 1.42855 | 8
-8942718300599702559 | 101 | 1.30617 | 8
-8763381700601535837 | 66 | 4.5097 | 28
919980672506479942 | 67 | 2.66566 | 14
1839961345012959884 | 68 | 4.6613e-310 | 4
1839961345012959885 | 68 | 4.6613e-310 | 10
919980672506479943 | 67 | 3.19617 | 14
1839961345012959886 | 68 | 3.19617 | 14
3679922690025919773 | 69 | 3.19617 | 14
7359845380051839546 | 70 | 3.19617 | 14
-3727053313605872523 | 71 | 3.19617 | 14
-7454106627211745046 | 72 | 3.19617 | 14
3538530819286061524 | 73 | 3.19617 | 14
7077061638572123048 | 74 | 4.6613e-310 | 4
7077061638572123049 | 74 | 4.6613e-310 | 10
7032526611704391849 | 64 | 4.6613e-310 | 3
26198203161 | 36 | 4.6613e-310 | 8
204673463 | 29 | 7.16067 | 89
409346926 | 30 | 4.9878 | 61
818693852 | 31 | 4.9878 | 61
1637387704 | 32 | 4.83154 | 53
3274775408 | 33 | 4.83154 | 53
6549550817 | 34 | 4.83154 | 53
13099101635 | 35 | 4.83154 | 53
26198203270 | 36 | 4.83154 | 53
52396406540 | 37 | 4.83154 | 53
104792813080 | 38 | 3.70249 | 28
209585626160 | 39 | 3.70249 | 28
419171252321 | 40 | 3.70249 | 28
838342504643 | 41 | 3.70249 | 28
1676685009286 | 42 | 3.70249 | 28
3353370018572 | 43 | 3.70249 | 28
6706740037145 | 44 | 3.70249 | 28
13413480074290 | 45 | 3.70249 | 28
26826960148580 | 46 | 3.70249 | 28
53653920297161 | 47 | 3.70249 | 28
107307840594322 | 48 | 3.70249 | 28
214615681188644 | 49 | 3.70249 | 28
429231362377288 | 50 | 3.70249 | 28
858462724754577 | 51 | 3.70249 | 28
1716925449509155 | 52 | 3.70249 | 28
3433850899018311 | 53 | 3.70249 | 28
6867701798036623 | 54 | 3.70249 | 28
13735403596073247 | 55 | 3.70249 | 28
27470807192146495 | 56 | 3.70249 | 28
54941614384292991 | 57 | 3.70249 | 28
109883228768585982 | 58 | 3.70249 | 28
219766457537171964 | 59 | 3.70249 | 28
439532915074343928 | 60 | 2.8391 | 21
879065830148687856 | 61 | 6.95061e-310 | 1
879065830148687857 | 61 | 2.8391 | 20
1758131660297375714 | 62 | 2.8391 | 20
3516263320594751429 | 63 | 2.8391 | 20
7032526641189502859 | 64 | 2.8391 | 20
-4381690791330545898 | 65 | 2.8391 | 20
-8763381582661091796 | 66 | 1.37017 | 11
919980908387368025 | 67 | 1.37017 | 11
1839961816774736050 | 68 | 1.37017 | 11
3679923633549472101 | 69 | 1.37017 | 11
7359847267098944202 | 70 | 1.37017 | 11
-3727049539511663211 | 71 | 1.37017 | 11
-7454099079023326421 | 72 | 1.37017 | 11
3538545915662898774 | 73 | 1.37017 | 11
7077091831325797549 | 74 | 1.37017 | 11
-4292560411057956518 | 75 | 3.21143e-322 | 2
-4292560411057956517 | 75 | 1.58101e-322 | 9
-8763381582661091795 | 66 | 4.6613e-310 | 9
439532915074343929 | 60 | 4.6613e-310 | 7
104792813081 | 38 | 4.68583 | 25
209585626162 | 39 | 2.66385 | 15
419171252324 | 40 | 2.66385 | 15
838342504648 | 41 | 2.66385 | 14
1676685009296 | 42 | 4.6613e-310 | 5
1676685009297 | 42 | 4.6613e-310 | 9
838342504649 | 41 | 4.6613e-310 | 1
209585626163 | 39 | 4.6613e-310 | 10
1637387705 | 32 | 4.6613e-310 | 8
409346927 | 30 | 4.68955 | 28
818693854 | 31 | 4.68955 | 28
1637387709 | 32 | 4.68955 | 28
3274775418 | 33 | 4.68955 | 28
6549550836 | 34 | 4.68955 | 28
13099101672 | 35 | 3.13526 | 25
26198203344 | 36 | 3.13526 | 25
52396406689 | 37 | 3.13526 | 25
104792813378 | 38 | 3.13526 | 24
209585626756 | 39 | 3.13526 | 24
419171253512 | 40 | 3.13526 | 24
838342507025 | 41 | 3.13526 | 24
1676685014050 | 42 | 2.79425 | 23
3353370028100 | 43 | 4.6613e-310 | 1
3353370028101 | 43 | 2.37793 | 22
6706740056202 | 44 | 2.37793 | 22
13413480112404 | 45 | 2.37793 | 22
26826960224808 | 46 | 1.80408 | 18
53653920449616 | 47 | 1.80408 | 18
107307840899233 | 48 | 1.80408 | 18
214615681798466 | 49 | 1.80408 | 18
429231363596932 | 50 | 1.80408 | 18
858462727193865 | 51 | 1.80408 | 18
1716925454387730 | 52 | 0.500834 | 3
1716925454387731 | 52 | 1.667 | 15
3433850908775463 | 53 | 1.667 | 15
6867701817550926 | 54 | 0.446879 | 1
6867701817550927 | 54 | 1.33568 | 14
13735403635101854 | 55 | 1.33568 | 14
27470807270203709 | 56 | 1.33568 | 14
54941614540407418 | 57 | 1.33568 | 14
109883229080814836 | 58 | 1.33568 | 14
219766458161629673 | 59 | 1.33568 | 14
439532916323259347 | 60 | 1.33568 | 14
879065832646518694 | 61 | 1.33568 | 14
1758131665293037388 | 62 | 1.33568 | 14
3516263330586074776 | 63 | 1.33568 | 14
7032526661172149552 | 64 | 1.33568 | 14
-4381690751365252512 | 65 | 1.33568 | 14
-8763381502730505023 | 66 | 1.33568 | 14
919981068248541570 | 67 | 2.32004 | 3
919981068248541571 | 67 | 1.16775 | 11
1839962136497083142 | 68 | 1.16775 | 11
3679924272994166284 | 69 | 1.16775 | 11
7359848545988332569 | 70 | 1.16775 | 11
-3727046981732886478 | 71 | 1.16775 | 11
-7454093963465772955 | 72 | 1.16775 | 11
3538556146778005706 | 73 | 1.16775 | 11
7077112293556011413 | 74 | 1.16775 | 11
-4292519486597528789 | 75 | 1.16775 | 11
-8585038973195057578 | 76 | 1.16775 | 11
1276666127319436460 | 77 | 1.16775 | 11
2553332254638872920 | 78 | 1.16775 | 11
5106664509277745840 | 79 | 1.16775 | 11
-8233415055154059935 | 80 | 1.16775 | 11
1979913963401431746 | 81 | 1.16775 | 11
3959827926802863493 | 82 | 1.16775 | 11
7919655853605726986 | 83 | 1.16775 | 11
-2607432366498097644 | 84 | 1.16775 | 11
-5214864732996195288 | 85 | 4.29788 | 4
-5214864732996195287 | 85 | 6.95061e-310 | 7
26826960224809 | 46 | 4.6613e-310 | 4
1676685014051 | 42 | 4.6613e-310 | 1
104792813379 | 38 | 4.6613e-310 | 1
13099101673 | 35 | 4.6613e-310 | 3
199877 | 19 | 22.9268 | 203
399754 | 20 | 22.9268 | 203
799509 | 21 | 22.9268 | 203
1599019 | 22 | 22.9268 | 203
3198039 | 23 | 22.9268 | 203
6396078 | 24 | 22.9268 | 203
12792156 | 25 | 22.9268 | 203
25584313 | 26 | 22.9268 | 203
51168626 | 27 | 22.9268 | 203
102337252 | 28 | 19.3367 | 81
204674504 | 29 | 19.3367 | 81
409349008 | 30 | 4.33473 | 19
818698016 | 31 | 4.33473 | 19
1637396033 | 32 | 4.33473 | 19
3274792067 | 33 | 4.33473 | 19
6549584134 | 34 | 4.33473 | 19
13099168268 | 35 | 4.33473 | 19
26198336537 | 36 | 4.33473 | 19
52396673074 | 37 | 4.33473 | 19
104793346148 | 38 | 4.33473 | 18
209586692296 | 39 | 4.6613e-310 | 1
209586692297 | 39 | 3.91552 | 17
419173384594 | 40 | 3.91552 | 17
838346769189 | 41 | 3.91552 | 17
1676693538379 | 42 | 3.91552 | 17
3353387076758 | 43 | 3.91552 | 17
6706774153517 | 44 | 3.91552 | 17
13413548307034 | 45 | 3.91552 | 17
26827096614068 | 46 | 1.00579 | 5
26827096614069 | 46 | 2.25709 | 12
53654193228139 | 47 | 2.25709 | 12
107308386456279 | 48 | 2.25709 | 12
214616772912558 | 49 | 2.37152e-322 | 2
214616772912559 | 49 | 1.63042e-322 | 10
104793346149 | 38 | 4.6613e-310 | 1
409349009 | 30 | 14.1338 | 62
818698018 | 31 | 14.1338 | 62
1637396037 | 32 | 14.1338 | 62
3274792074 | 33 | 14.1338 | 62
6549584148 | 34 | 14.1338 | 62
13099168297 | 35 | 14.1338 | 62
26198336594 | 36 | 11.047 | 25
52396673188 | 37 | 11.047 | 25
104793346376 | 38 | 9.13562 | 24
209586692752 | 39 | 9.13562 | 24
419173385505 | 40 | 9.13562 | 24
838346771010 | 41 | 4.62739 | 17
1676693542020 | 42 | 0.337868 | 1
1676693542021 | 42 | 4.08068 | 16
3353387084042 | 43 | 4.08068 | 16
6706774168084 | 44 | 4.08068 | 16
13413548336168 | 45 | 4.08068 | 16
26827096672336 | 46 | 4.03668 | 13
53654193344672 | 47 | 1.8177 | 4
53654193344673 | 47 | 6.61337 | 9
26827096672337 | 46 | 1.81751 | 3
838346771011 | 41 | 4.6613e-310 | 7
104793346377 | 38 | 4.6613e-310 | 1
26198336595 | 36 | 8.41589 | 37
52396673191 | 37 | 8.41589 | 37
104793346383 | 38 | 8.41589 | 37
209586692767 | 39 | 8.41589 | 37
419173385535 | 40 | 8.41589 | 37
838346771071 | 41 | 8.41589 | 37
1676693542143 | 42 | 8.41589 | 37
3353387084286 | 43 | 8.41589 | 37
6706774168572 | 44 | 8.41589 | 37
13413548337144 | 45 | 2.37152e-322 | 2
13413548337145 | 45 | 7.88932 | 35
26827096674291 | 46 | 7.88932 | 35
53654193348583 | 47 | 7.88932 | 35
107308386697166 | 48 | 4.6613e-310 | 1
107308386697167 | 48 | 3.18875 | 34
214616773394334 | 49 | 2.89408 | 32
429233546788668 | 50 | 2.76935 | 31
858467093577337 | 51 | 2.76935 | 31
1716934187154674 | 52 | 2.76935 | 31
3433868374309349 | 53 | 2.76935 | 31
6867736748618699 | 54 | 2.76935 | 31
13735473497237399 | 55 | 2.76935 | 31
27470946994474798 | 56 | 2.76935 | 31
54941893988949596 | 57 | 2.76935 | 31
109883787977899192 | 58 | 2.76935 | 31
219767575955798384 | 59 | 2.76935 | 31
439535151911596768 | 60 | 2.76935 | 31
879070303823193537 | 61 | 2.76935 | 31
1758140607646387075 | 62 | 2.76935 | 31
3516281215292774150 | 63 | 2.76935 | 31
7032562430585548301 | 64 | 2.76935 | 31
-4381619212538455014 | 65 | 2.76935 | 31
-8763238425076910028 | 66 | 1.58101e-322 | 10
-8763238425076910027 | 66 | 1.98911 | 21
920267223555731562 | 67 | 1.98911 | 21
1840534447111463124 | 68 | 1.98911 | 21
3681068894222926248 | 69 | 1.98911 | 21
7362137788445852496 | 70 | 1.98911 | 21
-3722468496817846624 | 71 | 0.331332 | 4
-3722468496817846623 | 71 | 1.98911 | 17
-7444936993635693246 | 72 | 1.98911 | 17
3556870086438165124 | 73 | 1.98911 | 17
7113740172876330249 | 74 | 1.98911 | 17
-4219263727956891118 | 75 | 1.86706 | 4
-4219263727956891117 | 75 | 1.52115 | 13
-8438527455913782233 | 76 | 1.52115 | 13
1569689161881987151 | 77 | 1.52115 | 13
3139378323763974302 | 78 | 1.52115 | 13
6278756647527948604 | 79 | 302.999 | 4
6278756647527948605 | 79 | 339.328 | 9
429233546788669 | 50 | 4.6613e-310 | 1
214616773394335 | 49 | 4.6613e-310 | 2
102337253 | 28 | 20.7724 | 122
204674506 | 29 | 20.7724 | 122
409349013 | 30 | 20.7724 | 122
818698026 | 31 | 19.5919 | 49
1637396052 | 32 | 19.5919 | 49
3274792104 | 33 | 13.2868 | 48
6549584208 | 34 | 12.8315 | 24
13099168416 | 35 | 12.8315 | 24
26198336833 | 36 | 12.8315 | 24
52396673667 | 37 | 12.8315 | 24
104793347334 | 38 | 12.8315 | 24
209586694668 | 39 | 12.8315 | 24
419173389337 | 40 | 12.8315 | 24
838346778675 | 41 | 12.8315 | 24
1676693557351 | 42 | 12.8315 | 24
3353387114703 | 43 | 12.8315 | 24
6706774229407 | 44 | 12.8315 | 24
13413548458815 | 45 | 12.8315 | 24
26827096917630 | 46 | 12.8315 | 24
53654193835260 | 47 | 12.8315 | 24
107308387670521 | 48 | 12.8315 | 24
214616775341043 | 49 | 12.8315 | 24
429233550682087 | 50 | 12.8315 | 24
858467101364174 | 51 | 12.5949 | 15
1716934202728349 | 52 | 12.5949 | 15
3433868405456699 | 53 | 12.5949 | 15
6867736810913398 | 54 | 12.5949 | 15
13735473621826796 | 55 | 12.5949 | 15
27470947243653593 | 56 | 12.5949 | 15
54941894487307186 | 57 | 12.5949 | 15
109883788974614373 | 58 | 12.5949 | 15
219767577949228746 | 59 | 12.5949 | 15
439535155898457492 | 60 | 12.5949 | 15
879070311796914984 | 61 | 1.63042e-322 | 3
879070311796914985 | 61 | 12.5949 | 12
1758140623593829971 | 62 | 12.5949 | 12
3516281247187659942 | 63 | 12.5949 | 12
7032562494375319885 | 64 | 12.5949 | 12
-4381619084958911846 | 65 | 12.5949 | 12
-8763238169917823691 | 66 | 12.5949 | 12
920267733873904235 | 67 | 12.5949 | 12
1840535467747808470 | 68 | 12.5949 | 12
3681070935495616941 | 69 | 12.5949 | 12
7362141870991233883 | 70 | 12.5949 | 12
-3722460331727083849 | 71 | 12.5949 | 12
-7444920663454167697 | 72 | 12.5949 | 12
3556902746801216223 | 73 | 12.5949 | 12
7113805493602432447 | 74 | 12.5949 | 12
-4219133086504686721 | 75 | 12.5949 | 12
-8438266173009373442 | 76 | 12.5949 | 12
1570211727690804732 | 77 | 12.5949 | 12
3140423455381609465 | 78 | 12.5949 | 12
6280846910763218930 | 79 | 12.5949 | 12
-5885050252183113756 | 80 | 1.58101e-322 | 2
-5885050252183113755 | 80 | 1.58101e-322 | 10
858467101364175 | 51 | 4.6613e-310 | 9
6549584209 | 34 | 9.05003 | 24
13099168418 | 35 | 4.6613e-310 | 2
13099168419 | 35 | 9.05003 | 22
26198336839 | 36 | 9.05003 | 22
52396673679 | 37 | 9.05003 | 22
104793347358 | 38 | 3.21975 | 12
209586694716 | 39 | 3.21975 | 12
419173389433 | 40 | 3.21975 | 12
838346778866 | 41 | 3.21975 | 12
1676693557732 | 42 | 3.21975 | 12
3353387115465 | 43 | 3.21975 | 12
6706774230931 | 44 | 3.21975 | 12
13413548461862 | 45 | 3.21975 | 12
26827096923724 | 46 | 3.21975 | 12
53654193847448 | 47 | 4.6613e-310 | 1
53654193847449 | 47 | 2.68953 | 11
107308387694899 | 48 | 2.68953 | 11
214616775389798 | 49 | 2.68953 | 11
429233550779597 | 50 | 2.68953 | 11
858467101559194 | 51 | 4.6613e-310 | 10
858467101559195 | 51 | 4.6613e-310 | 1
104793347359 | 38 | 4.6613e-310 | 10
3274792105 | 33 | 4.6613e-310 | 1
818698027 | 31 | 16.3775 | 73
1637396055 | 32 | 16.3775 | 73
3274792110 | 33 | 16.3775 | 73
6549584220 | 34 | 16.3775 | 73
13099168440 | 35 | 5.74838 | 15
26198336880 | 36 | 5.74838 | 15
52396673760 | 37 | 5.74838 | 15
104793347520 | 38 | 5.74838 | 15
209586695041 | 39 | 5.74838 | 15
419173390083 | 40 | 5.74838 | 15
838346780166 | 41 | 1.63042e-322 | 3
838346780167 | 41 | 5.11568 | 12
1676693560335 | 42 | 5.11568 | 12
3353387120671 | 43 | 5.11568 | 12
6706774241343 | 44 | 5.11568 | 12
13413548482686 | 45 | 9.08468 | 6
13413548482687 | 45 | 1.63042e-322 | 6
13099168441 | 35 | 16.3775 | 58
26198336882 | 36 | 12.6567 | 50
52396673765 | 37 | 12.6567 | 50
104793347530 | 38 | 12.6567 | 50
209586695061 | 39 | 12.6567 | 50
419173390122 | 40 | 12.6567 | 50
838346780245 | 41 | 12.6567 | 50
1676693560490 | 42 | 12.6567 | 50
3353387120980 | 43 | 12.6567 | 50
6706774241961 | 44 | 12.6567 | 50
13413548483923 | 45 | 12.6567 | 50
26827096967847 | 46 | 12.6567 | 50
53654193935695 | 47 | 12.6567 | 50
107308387871390 | 48 | 7.97261 | 26
214616775742781 | 49 | 7.97261 | 26
429233551485563 | 50 | 7.97261 | 26
858467102971126 | 51 | 5.47519 | 16
1716934205942252 | 52 | 5.47519 | 16
3433868411884505 | 53 | 5.47519 | 16
6867736823769010 | 54 | 7.5129 | 2
6867736823769011 | 54 | 5.47519 | 14
13735473647538022 | 55 | 5.47519 | 14
27470947295076044 | 56 | 5.47519 | 14
54941894590152089 | 57 | 5.47519 | 14
109883789180304178 | 58 | 31.2945 | 3
109883789180304179 | 58 | 4.41512 | 11
219767578360608358 | 59 | 4.75607 | 10
219767578360608359 | 59 | 37.6612 | 1
858467102971127 | 51 | 4.6613e-310 | 10
107308387871391 | 48 | 8.00016 | 24
214616775742782 | 49 | 8.00016 | 24
429233551485564 | 50 | 5.6167 | 13
858467102971128 | 51 | 5.6167 | 13
1716934205942256 | 52 | 5.6167 | 13
3433868411884512 | 53 | 5.6167 | 13
6867736823769024 | 54 | 5.6167 | 13
13735473647538049 | 55 | 5.6167 | 13
27470947295076099 | 56 | 5.6167 | 13
54941894590152199 | 57 | 5.6167 | 13
109883789180304399 | 58 | 5.6167 | 13
219767578360608799 | 59 | 5.6167 | 13
439535156721217598 | 60 | 5.6167 | 13
879070313442435197 | 61 | 5.6167 | 13
1758140626884870395 | 62 | 5.6167 | 13
3516281253769740790 | 63 | 35.1235 | 10
3516281253769740791 | 63 | 5.75679 | 3
429233551485565 | 50 | 4.93651 | 11
858467102971130 | 51 | 4.93651 | 11
1716934205942261 | 52 | 4.93651 | 11
3433868411884522 | 53 | 4.93651 | 11
6867736823769044 | 54 | 4.93651 | 11
13735473647538088 | 55 | 4.93651 | 11
27470947295076177 | 56 | 4.93651 | 11
54941894590152354 | 57 | 4.93651 | 11
109883789180304709 | 58 | 4.93651 | 11
219767578360609418 | 59 | 4.93651 | 11
439535156721218836 | 60 | 4.93651 | 11
879070313442437672 | 61 | 4.93651 | 11
1758140626884875344 | 62 | 14.3708 | 10
1758140626884875345 | 62 | 23.0671 | 1
26198336883 | 36 | 4.6613e-310 | 8
99939 | 18 | 26.461 | 445
199878 | 19 | 26.461 | 443
399757 | 20 | 26.461 | 443
799514 | 21 | 26.461 | 443
1599029 | 22 | 26.461 | 443
3198058 | 23 | 26.461 | 443
6396116 | 24 | 26.461 | 413
12792233 | 25 | 26.461 | 413
25584466 | 26 | 16.7967 | 129
51168933 | 27 | 16.7967 | 129
102337867 | 28 | 16.7967 | 129
204675734 | 29 | 16.7967 | 129
409351468 | 30 | 16.7967 | 129
818702936 | 31 | 6.95061e-310 | 2
818702937 | 31 | 16.5206 | 127
1637405874 | 32 | 16.5206 | 127
3274811748 | 33 | 16.5206 | 127
6549623497 | 34 | 16.5206 | 127
13099246995 | 35 | 16.5206 | 127
26198493991 | 36 | 16.5206 | 127
52396987982 | 37 | 16.5206 | 127
104793975964 | 38 | 16.5206 | 127
209587951929 | 39 | 16.5206 | 127
419175903858 | 40 | 14.5599 | 112
838351807716 | 41 | 13.873 | 60
1676703615433 | 42 | 13.873 | 60
3353407230866 | 43 | 13.873 | 60
6706814461733 | 44 | 13.873 | 60
13413628923466 | 45 | 13.873 | 56
26827257846932 | 46 | 12.9509 | 52
53654515693865 | 47 | 12.9509 | 52
107309031387731 | 48 | 12.9509 | 52
214618062775463 | 49 | 12.9509 | 52
429236125550926 | 50 | 12.9509 | 52
858472251101853 | 51 | 12.9509 | 52
1716944502203707 | 52 | 12.9509 | 52
3433889004407415 | 53 | 12.9509 | 52
6867778008814831 | 54 | 12.9509 | 52
13735556017629662 | 55 | 12.9509 | 52
27471112035259325 | 56 | 12.9509 | 52
54942224070518650 | 57 | 10.9722 | 15
109884448141037300 | 58 | 10.9722 | 15
219768896282074601 | 59 | 10.9722 | 15
439537792564149203 | 60 | 10.9722 | 15
879075585128298406 | 61 | 1.20535 | 3
879075585128298407 | 61 | 1.47358 | 12
1758151170256596814 | 62 | 1.47358 | 12
3516302340513193629 | 63 | 1.47358 | 12
7032604681026387259 | 64 | 1.47358 | 12
-4381534711656777098 | 65 | 1.47358 | 12
-8763069423313554195 | 66 | 1.47358 | 12
920605227082443226 | 67 | 4.6613e-310 | 8
920605227082443227 | 67 | 0.799256 | 4
54942224070518651 | 57 | 12.6887 | 37
109884448141037302 | 58 | 12.6887 | 37
219768896282074605 | 59 | 12.6887 | 37
439537792564149210 | 60 | 12.6887 | 37
879075585128298420 | 61 | 3.02279 | 15
1758151170256596840 | 62 | 3.02279 | 15
3516302340513193681 | 63 | 3.02279 | 15
7032604681026387362 | 64 | 3.02279 | 15
-4381534711656776892 | 65 | 3.02279 | 15
-8763069423313553784 | 66 | 3.02279 | 15
920605227082444048 | 67 | 0.214878 | 8
920605227082444049 | 67 | 127.319 | 7
879075585128298421 | 61 | 2.75109 | 22
1758151170256596843 | 62 | 2.75109 | 22
3516302340513193687 | 63 | 2.75109 | 22
7032604681026387374 | 64 | 2.75109 | 22
-4381534711656776868 | 65 | 2.75109 | 22
-8763069423313553735 | 66 | 2.75109 | 22
920605227082444146 | 67 | 2.75109 | 22
1841210454164888293 | 68 | 2.75109 | 22
3682420908329776587 | 69 | 2.75109 | 22
7364841816659553174 | 70 | 2.5021 | 1
7364841816659553175 | 70 | 1.86644 | 21
-3717060440390445265 | 71 | 1.86644 | 21
-7434120880780890530 | 72 | 1.86644 | 21
3578502312147770557 | 73 | 1.86644 | 21
7157004624295541114 | 74 | 1.86644 | 21
-4132734825118469387 | 75 | 1.86644 | 21
-8265469650236938774 | 76 | 1.86644 | 21
1915804773235674069 | 77 | 1.86644 | 21
3831609546471348139 | 78 | 1.86644 | 21
7663219092942696279 | 79 | 1.86644 | 21
-3120305887824159057 | 80 | 1.86644 | 21
-6240611775648318114 | 81 | 1.86644 | 21
5965520522412915388 | 82 | 1.5818 | 17
-6515703028883720839 | 83 | 1.5818 | 17
5415338015942109938 | 84 | 1.5818 | 17
-7616068041825331740 | 85 | 1.47864 | 14
3214607990058888136 | 86 | 7.16395e-322 | 5
3214607990058888137 | 86 | 0.269184 | 9
-7616068041825331739 | 85 | 0.0224783 | 3
5965520522412915389 | 82 | 4.6613e-310 | 4
26827257846933 | 46 | 4.6613e-310 | 4
13413628923467 | 45 | 4.6613e-310 | 4
838351807717 | 41 | 14.5599 | 52
1676703615434 | 42 | 14.5599 | 52
3353407230868 | 43 | 14.5599 | 52
6706814461737 | 44 | 14.5599 | 52
13413628923474 | 45 | 14.5599 | 52
26827257846948 | 46 | 14.5599 | 52
53654515693896 | 47 | 14.5599 | 52
107309031387792 | 48 | 14.5599 | 52
214618062775584 | 49 | 14.5599 | 52
429236125551168 | 50 | 14.5599 | 24
858472251102336 | 51 | 14.5599 | 24
1716944502204673 | 52 | 14.5599 | 24
3433889004409347 | 53 | 14.5599 | 24
6867778008818694 | 54 | 14.5599 | 24
13735556017637388 | 55 | 2.44051 | 2
13735556017637389 | 55 | 5.21033 | 22
27471112035274778 | 56 | 5.21033 | 22
54942224070549556 | 57 | 5.21033 | 22
109884448141099113 | 58 | 5.21033 | 22
219768896282198226 | 59 | 5.21033 | 22
439537792564396452 | 60 | 5.21033 | 22
879075585128792905 | 61 | 5.21033 | 22
1758151170257585811 | 62 | 5.21033 | 22
3516302340515171622 | 63 | 5.21033 | 22
7032604681030343244 | 64 | 5.21033 | 22
-4381534711648865127 | 65 | 5.21033 | 22
-8763069423297730253 | 66 | 5.21033 | 22
920605227114091110 | 67 | 0.321091 | 6
920605227114091111 | 67 | 3.67167 | 16
1841210454228182223 | 68 | 3.67167 | 16
3682420908456364447 | 69 | 3.67167 | 16
7364841816912728894 | 70 | 0.1372 | 3
7364841816912728895 | 70 | 2.70394 | 13
-3717060439884093826 | 71 | 2.70394 | 13
-7434120879768187652 | 72 | 2.70394 | 13
3578502314173176313 | 73 | 2.70394 | 13
7157004628346352627 | 74 | 2.70394 | 13
-4132734817016846361 | 75 | 2.70394 | 13
-8265469634033692722 | 76 | 2.70394 | 13
1915804805642166173 | 77 | 2.70394 | 13
3831609611284332346 | 78 | 2.70394 | 13
7663219222568664692 | 79 | 1.58101e-322 | 3
7663219222568664693 | 79 | 4.6613e-310 | 10
429236125551169 | 50 | 5.51001 | 28
858472251102338 | 51 | 5.51001 | 28
1716944502204676 | 52 | 4.6613e-310 | 4
1716944502204677 | 52 | 3.48335 | 24
3433889004409355 | 53 | 3.48335 | 24
6867778008818710 | 54 | 3.48335 | 24
13735556017637420 | 55 | 3.31288 | 22
27471112035274840 | 56 | 3.31288 | 22
54942224070549681 | 57 | 3.31288 | 22
109884448141099363 | 58 | 3.31288 | 22
219768896282198726 | 59 | 3.31288 | 22
439537792564397453 | 60 | 3.31288 | 22
879075585128794906 | 61 | 3.31288 | 22
1758151170257589813 | 62 | 3.31288 | 22
3516302340515179626 | 63 | 3.31288 | 22
7032604681030359252 | 64 | 7.49383 | 5
7032604681030359253 | 64 | 2.31737 | 17
-4381534711648833109 | 65 | 2.31737 | 17
-8763069423297666217 | 66 | 2.31737 | 17
920605227114219182 | 67 | 2.31737 | 17
1841210454228438365 | 68 | 2.31737 | 17
3682420908456876730 | 69 | 2.31737 | 17
7364841816913753460 | 70 | 2.31737 | 17
-3717060439882044696 | 71 | 2.31737 | 17
-7434120879764089391 | 72 | 2.31737 | 17
3578502314181372834 | 73 | 1.6528 | 12
7157004628362745669 | 74 | 1.6528 | 12
-4132734816984060277 | 75 | 1.6528 | 12
-8265469633968120554 | 76 | 1.6528 | 12
1915804805773310509 | 77 | 1.6528 | 12
3831609611546621018 | 78 | 1.6528 | 12
7663219223093242037 | 79 | 1.6528 | 12
-3120305627523067541 | 80 | 1.6528 | 12
-6240611255046135081 | 81 | 1.6528 | 12
5965521563617281454 | 82 | 1.6528 | 12
-6515700946474988708 | 83 | 1.6528 | 12
5415342180759574201 | 84 | 1.6528 | 12
-7616059712190403214 | 85 | 1.71117 | 2
-7616059712190403213 | 85 | 6.95061e-310 | 10
3578502314181372835 | 73 | 4.6613e-310 | 5
13735556017637421 | 55 | 4.6613e-310 | 2
419175903859 | 40 | 3.25385 | 15
838351807719 | 41 | 3.25385 | 15
1676703615438 | 42 | 3.25385 | 15
3353407230876 | 43 | 4.6613e-310 | 2
3353407230877 | 43 | 3.25385 | 13
6706814461754 | 44 | 4.6613e-310 | 2
6706814461755 | 44 | 1.41456 | 11
13413628923510 | 45 | 1.41456 | 11
26827257847020 | 46 | 1.41456 | 11
53654515694040 | 47 | 4.6613e-310 | 3
53654515694041 | 47 | 4.6613e-310 | 8
25584467 | 26 | 20.1416 | 284
51168935 | 27 | 20.1416 | 284
102337871 | 28 | 20.1416 | 284
204675742 | 29 | 20.1416 | 284
409351485 | 30 | 20.1416 | 284
818702970 | 31 | 20.1416 | 284
1637405940 | 32 | 20.1416 | 284
3274811880 | 33 | 20.1416 | 284
6549623760 | 34 | 6.95061e-310 | 1
6549623761 | 34 | 19.9325 | 283
13099247522 | 35 | 19.9325 | 283
26198495045 | 36 | 19.9325 | 283
52396990090 | 37 | 9.28346 | 172
104793980181 | 38 | 9.28346 | 172
209587960362 | 39 | 9.28346 | 172
419175920724 | 40 | 9.28346 | 172
838351841449 | 41 | 9.28346 | 172
1676703682898 | 42 | 9.28346 | 172
3353407365796 | 43 | 2.87433 | 11
6706814731593 | 44 | 2.87433 | 11
13413629463187 | 45 | 2.87433 | 11
26827258926374 | 46 | 6.95061e-310 | 8
26827258926375 | 46 | 15.2051 | 3
3353407365797 | 43 | 9.10035 | 161
6706814731595 | 44 | 9.10035 | 161
13413629463190 | 45 | 9.10035 | 161
26827258926380 | 46 | 9.10035 | 161
53654517852760 | 47 | 6.95061e-310 | 2
53654517852761 | 47 | 9.10035 | 159
107309035705522 | 48 | 9.10035 | 159
214618071411044 | 49 | 9.10035 | 159
429236142822088 | 50 | 9.10035 | 159
858472285644177 | 51 | 9.10035 | 159
1716944571288355 | 52 | 9.10035 | 159
3433889142576710 | 53 | 9.10035 | 159
6867778285153420 | 54 | 9.10035 | 159
13735556570306840 | 55 | 5.70384 | 30
27471113140613681 | 56 | 5.70384 | 30
54942226281227362 | 57 | 5.70384 | 30
109884452562454724 | 58 | 5.70384 | 30
219768905124909448 | 59 | 5.70384 | 30
439537810249818896 | 60 | 6.27985 | 4
439537810249818897 | 60 | 5.70384 | 26
879075620499637795 | 61 | 5.70384 | 26
1758151240999275591 | 62 | 5.70384 | 26
3516302481998551183 | 63 | 5.70384 | 26
7032604963997102366 | 64 | 5.70384 | 26
-4381534145715346884 | 65 | 3.7249 | 25
-8763068291430693767 | 66 | 3.7249 | 25
920607490848164083 | 67 | 3.7249 | 25
1841214981696328167 | 68 | 3.7249 | 25
3682429963392656334 | 69 | 3.7249 | 25
7364859926785312669 | 70 | 3.7249 | 25
-3717024220138926278 | 71 | 3.7249 | 25
-7434048440277852556 | 72 | 3.7249 | 25
3578647193153846505 | 73 | 3.7249 | 25
7157294386307693011 | 74 | 3.7249 | 25
-4132155301094165594 | 75 | 3.7249 | 25
-8264310602188331187 | 76 | 3.7249 | 25
1918122869332889242 | 77 | 3.7249 | 25
3836245738665778485 | 78 | 3.7249 | 25
7672491477331556971 | 79 | 3.7249 | 25
-3101761119046437674 | 80 | 2.50596 | 20
-6203522238092875347 | 81 | 2.50596 | 20
6039699597523800922 | 82 | 0.580963 | 5
6039699597523800923 | 82 | 2.50596 | 15
-6367344878661949770 | 83 | 2.50596 | 15
5712054316385652077 | 84 | 2.50596 | 15
-7022635440938247461 | 85 | 2.50596 | 15
4401473191833056695 | 86 | 2.50596 | 15
8802946383666113391 | 87 | 2.50596 | 15
-840851306377324833 | 88 | 2.50596 | 15
-1681702612754649665 | 89 | 2.50596 | 15
-3363405225509299330 | 90 | 2.50596 | 15
-6726810451018598660 | 91 | 7.6257 | 4
-6726810451018598659 | 91 | 2.50596 | 11
4993123171672354298 | 92 | 18.8198 | 7
4993123171672354299 | 92 | 21.6626 | 4
-3101761119046437673 | 80 | 4.6613e-310 | 5
-4381534145715346883 | 65 | 4.6613e-310 | 1
13735556570306841 | 55 | 8.45528 | 129
27471113140613682 | 56 | 8.45528 | 129
54942226281227364 | 57 | 8.45528 | 129
109884452562454729 | 58 | 8.45528 | 129
219768905124909458 | 59 | 6.33443 | 85
439537810249818917 | 60 | 6.33443 | 85
879075620499637834 | 61 | 5.40326 | 77
1758151240999275668 | 62 | 5.40326 | 77
3516302481998551336 | 63 | 5.40326 | 77
7032604963997102672 | 64 | 5.40326 | 77
-4381534145715346272 | 65 | 4.65512 | 58
-8763068291430692544 | 66 | 4.65512 | 58
920607490848166529 | 67 | 4.65512 | 58
1841214981696333058 | 68 | 4.65512 | 58
3682429963392666116 | 69 | 4.65512 | 58
7364859926785332233 | 70 | 4.65512 | 58
-3717024220138887150 | 71 | 4.65512 | 58
-7434048440277774300 | 72 | 4.65512 | 58
3578647193154003017 | 73 | 4.65512 | 58
7157294386308006035 | 74 | 4.65512 | 58
-4132155301093539545 | 75 | 4.65512 | 58
-8264310602187079090 | 76 | 4.65512 | 58
1918122869335393437 | 77 | 4.65512 | 58
3836245738670786875 | 78 | 4.65512 | 58
7672491477341573751 | 79 | 4.65512 | 58
-3101761119026404114 | 80 | 3.73179 | 35
-6203522238052808227 | 81 | 3.73179 | 35
6039699597603935163 | 82 | 3.73179 | 35
-6367344878501681290 | 83 | 3.73179 | 35
5712054316706189037 | 84 | 3.73179 | 35
-7022635440297173542 | 85 | 2.72878 | 25
4401473193115204533 | 86 | 2.72878 | 25
8802946386230409067 | 87 | 2.72878 | 25
-840851301248733481 | 88 | 2.72878 | 25
-1681702602497466961 | 89 | 2.72878 | 25
-3363405204994933922 | 90 | 2.39039 | 19
-6726810409989867843 | 91 | 2.39039 | 19
4993123253729815931 | 92 | 2.39039 | 19
-8460497566249919753 | 93 | 2.39039 | 19
1525748941209712110 | 94 | 2.39039 | 19
3051497882419424220 | 95 | 2.39039 | 19
6102995764838848440 | 96 | 2.39039 | 19
-6240752544031854736 | 97 | 0.231736 | 3
-6240752544031854735 | 97 | 2.00279 | 16
5965238985645842147 | 98 | 2.00279 | 16
-6516266102417867322 | 99 | 2.00279 | 16
5414211868873816972 | 100 | 2.00279 | 16
-7618320335961917671 | 101 | 2.00279 | 16
3210103401785716275 | 102 | 2.00279 | 16
6420206803571432550 | 103 | 2.00279 | 16
-5606330466566686516 | 104 | 2.00279 | 16
7234083140576178584 | 105 | 2.00279 | 16
-3978577792557194447 | 106 | 2.00279 | 16
-7957155585114388894 | 107 | 0.756597 | 1
-7957155585114388893 | 107 | 2.00279 | 15
2532432903480773830 | 108 | 2.00279 | 15
5064865806961547660 | 109 | 1.22122 | 11
-8317012459786456296 | 110 | 0.478622 | 8
-8317012459786456295 | 110 | 2.94874 | 3
5064865806961547661 | 109 | 4.6613e-310 | 4
-3363405204994933921 | 90 | 4.6613e-310 | 6
-7022635440297173541 | 85 | 4.6613e-310 | 10
-3101761119026404113 | 80 | 3.88376 | 23
-6203522238052808225 | 81 | 3.88376 | 23
6039699597603935166 | 82 | 3.88376 | 23
-6367344878501681284 | 83 | 3.88376 | 23
5712054316706189048 | 84 | 3.88376 | 23
-7022635440297173519 | 85 | 3.88376 | 23
4401473193115204579 | 86 | 3.88376 | 23
8802946386230409159 | 87 | 3.88376 | 23
-840851301248733297 | 88 | 3.88376 | 23
-1681702602497466593 | 89 | 3.88376 | 23
-3363405204994933185 | 90 | 3.88376 | 23
-6726810409989866370 | 91 | 2.45731 | 19
4993123253729818876 | 92 | 4.6613e-310 | 6
4993123253729818877 | 92 | 2.45731 | 13
-8460497566249913862 | 93 | 4.6613e-310 | 6
-8460497566249913861 | 93 | 4.6613e-310 | 7
-6726810409989866369 | 91 | 4.6613e-310 | 4
-4381534145715346271 | 65 | 4.17576 | 19
-8763068291430692542 | 66 | 4.17576 | 19
920607490848166533 | 67 | 4.17576 | 19
1841214981696333067 | 68 | 4.17576 | 19
3682429963392666134 | 69 | 4.17576 | 19
7364859926785332268 | 70 | 4.17576 | 19
-3717024220138887080 | 71 | 4.6613e-310 | 7
-3717024220138887079 | 71 | 4.01435 | 12
-7434048440277774158 | 72 | 4.6613e-310 | 5
-7434048440277774157 | 72 | 4.6613e-310 | 7
879075620499637835 | 61 | 4.6613e-310 | 8
219768905124909459 | 59 | 6.03139 | 44
439537810249818918 | 60 | 6.03139 | 44
879075620499637836 | 61 | 6.03139 | 44
1758151240999275672 | 62 | 6.03139 | 44
3516302481998551344 | 63 | 6.03139 | 44
7032604963997102688 | 64 | 5.00717 | 33
-4381534145715346239 | 65 | 5.00717 | 33
-8763068291430692477 | 66 | 5.00717 | 33
920607490848166662 | 67 | 5.00717 | 33
1841214981696333325 | 68 | 5.00717 | 33
3682429963392666650 | 69 | 5.00717 | 33
7364859926785333300 | 70 | 3.07068 | 13
-3717024220138885015 | 71 | 3.07068 | 13
-7434048440277770030 | 72 | 1.01857 | 8
-7434048440277770029 | 72 | 0.46231 | 5
7364859926785333301 | 70 | 2.13316 | 20
-3717024220138885013 | 71 | 2.13316 | 20
-7434048440277770025 | 72 | 2.13316 | 20
3578647193154011566 | 73 | 1.77802 | 16
7157294386308023133 | 74 | 1.77802 | 16
-4132155301093505349 | 75 | 1.77802 | 16
-8264310602187010698 | 76 | 1.77802 | 16
1918122869335530220 | 77 | 0.0110625 | 9
1918122869335530221 | 77 | 0.150451 | 7
3578647193154011567 | 73 | 4.6613e-310 | 4
7032604963997102689 | 64 | 3.12779 | 11
-4381534145715346238 | 65 | 3.12779 | 11
-8763068291430692475 | 66 | 3.12779 | 11
920607490848166667 | 67 | 3.12779 | 11
1841214981696333335 | 68 | 3.12779 | 11
3682429963392666671 | 69 | 3.12779 | 11
7364859926785333343 | 70 | 3.12779 | 11
-3717024220138884930 | 71 | 2.19152 | 7
-3717024220138884929 | 71 | 1.24212 | 4
52396990091 | 37 | 14.5483 | 111
104793980182 | 38 | 14.5483 | 111
209587960365 | 39 | 14.5483 | 111
419175920731 | 40 | 14.5483 | 111
838351841462 | 41 | 6.17114 | 13
1676703682924 | 42 | 6.17114 | 13
3353407365848 | 43 | 6.17114 | 13
6706814731697 | 44 | 6.17114 | 13
13413629463394 | 45 | 6.17114 | 13
26827258926788 | 46 | 4.00193e-322 | 1
26827258926789 | 46 | 5.95341 | 12
53654517853578 | 47 | 5.95341 | 12
107309035707156 | 48 | 5.95341 | 12
214618071414313 | 49 | 5.95341 | 12
429236142828626 | 50 | 5.95341 | 12
858472285657253 | 51 | 5.95341 | 12
1716944571314506 | 52 | 5.95341 | 12
3433889142629013 | 53 | 5.95341 | 12
6867778285258026 | 54 | 5.95341 | 12
13735556570516052 | 55 | 5.95341 | 12
27471113141032105 | 56 | 5.95341 | 12
54942226282064211 | 57 | 5.95341 | 12
109884452564128423 | 58 | 5.95341 | 12
219768905128256846 | 59 | 5.95341 | 12
439537810256513692 | 60 | 5.95341 | 12
879075620513027384 | 61 | 5.19654 | 11
1758151241026054769 | 62 | 5.19654 | 11
3516302482052109538 | 63 | 5.19654 | 11
7032604964104219076 | 64 | 12.8074 | 10
7032604964104219077 | 64 | 1.58101e-322 | 1
879075620513027385 | 61 | 4.6613e-310 | 1
838351841463 | 41 | 13.409 | 98
1676703682927 | 42 | 13.409 | 98
3353407365855 | 43 | 13.409 | 98
6706814731710 | 44 | 13.409 | 98
13413629463420 | 45 | 13.409 | 98
26827258926841 | 46 | 13.409 | 98
53654517853683 | 47 | 13.409 | 98
107309035707366 | 48 | 13.409 | 98
214618071414732 | 49 | 8.64348 | 77
429236142829464 | 50 | 8.64348 | 77
858472285658928 | 51 | 8.64348 | 77
1716944571317856 | 52 | 8.64348 | 77
3433889142635712 | 53 | 5.90025 | 41
6867778285271425 | 54 | 5.90025 | 41
13735556570542850 | 55 | 4.22982 | 17
27471113141085701 | 56 | 4.22982 | 17
54942226282171402 | 57 | 7.18547 | 5
54942226282171403 | 57 | 3.03048 | 12
109884452564342807 | 58 | 3.03048 | 12
219768905128685615 | 59 | 3.03048 | 12
439537810257371231 | 60 | 3.03048 | 12
879075620514742462 | 61 | 7.8451 | 2
879075620514742463 | 61 | 7.45869 | 10
13735556570542851 | 55 | 4.70084 | 24
27471113141085702 | 56 | 4.70084 | 24
54942226282171405 | 57 | 4.70084 | 24
109884452564342810 | 58 | 4.70084 | 24
219768905128685621 | 59 | 4.70084 | 24
439537810257371243 | 60 | 4.70084 | 24
879075620514742487 | 61 | 4.70084 | 24
1758151241029484974 | 62 | 4.70084 | 24
3516302482058969949 | 63 | 4.70084 | 24
7032604964117939898 | 64 | 4.21745 | 11
-4381534145473671820 | 65 | 4.21745 | 11
-8763068290947343640 | 66 | 4.21745 | 11
920607491814864336 | 67 | 4.21745 | 11
1841214983629728673 | 68 | 4.21745 | 11
3682429967259457346 | 69 | 4.21745 | 11
7364859934518914692 | 70 | 4.21745 | 11
-3717024204671722231 | 71 | 4.21745 | 11
-7434048409343444462 | 72 | 4.21745 | 11
3578647255022662692 | 73 | 4.95604 | 2
3578647255022662693 | 73 | 149.981 | 9
7032604964117939899 | 64 | 2.87129 | 13
-4381534145473671818 | 65 | 2.616 | 12
-8763068290947343636 | 66 | 2.616 | 12
920607491814864345 | 67 | 2.616 | 12
1841214983629728690 | 68 | 4.6613e-310 | 4
1841214983629728691 | 68 | 4.6613e-310 | 8
-4381534145473671817 | 65 | 4.6613e-310 | 1
3433889142635713 | 53 | 5.89482 | 36
6867778285271427 | 54 | 5.89482 | 36
13735556570542855 | 55 | 5.89482 | 36
27471113141085710 | 56 | 5.89482 | 36
54942226282171421 | 57 | 5.89482 | 36
109884452564342842 | 58 | 5.89482 | 36
219768905128685685 | 59 | 5.89482 | 36
439537810257371370 | 60 | 5.89482 | 36
879075620514742741 | 61 | 5.89482 | 36
1758151241029485482 | 62 | 5.89482 | 36
3516302482058970964 | 63 | 1.63042e-322 | 9
3516302482058970965 | 63 | 4.16562 | 27
7032604964117941930 | 64 | 0.672189 | 5
7032604964117941931 | 64 | 3.09322 | 22
-4381534145473667753 | 65 | 3.09322 | 22
-8763068290947335506 | 66 | 3.09322 | 22
920607491814880604 | 67 | 3.09322 | 22
1841214983629761208 | 68 | 3.09322 | 22
3682429967259522416 | 69 | 5.90301 | 10
3682429967259522417 | 69 | 2.76137 | 12
7364859934519044834 | 70 | 2.76137 | 12
-3717024204671461947 | 71 | 2.76137 | 12
-7434048409342923893 | 72 | 2.76137 | 12
3578647255023703830 | 73 | 2.76137 | 12
7157294510047407660 | 74 | 2.76137 | 12
-4132155053614736296 | 75 | 2.95647 | 1
-4132155053614736295 | 75 | 2.76137 | 11
-8264310107229472589 | 76 | 2.76137 | 11
1918123859250606438 | 77 | 42.9621 | 10
1918123859250606439 | 77 | 17.687 | 1
214618071414733 | 49 | 11.3618 | 21
429236142829466 | 50 | 2.9346 | 16
858472285658933 | 51 | 2.9346 | 16
1716944571317867 | 52 | 2.9346 | 16
3433889142635735 | 53 | 2.9346 | 16
6867778285271470 | 54 | 2.9346 | 16
13735556570542941 | 55 | 2.9346 | 16
27471113141085882 | 56 | 2.90699 | 15
54942226282171765 | 57 | 2.90699 | 15
109884452564343530 | 58 | 2.90699 | 14
219768905128687060 | 59 | 4.6613e-310 | 10
219768905128687061 | 59 | 4.6613e-310 | 4
109884452564343531 | 58 | 4.6613e-310 | 1
27471113141085883 | 56 | 4.6613e-310 | 1
429236142829467 | 50 | 4.6613e-310 | 5
6396117 | 24 | 21.2499 | 30
12792234 | 25 | 4.6613e-310 | 3
12792235 | 25 | 20.3983 | 27
25584471 | 26 | 20.3983 | 27
51168942 | 27 | 20.3983 | 27
102337885 | 28 | 20.3983 | 27
204675770 | 29 | 4.31227 | 21
409351541 | 30 | 4.31227 | 21
818703082 | 31 | 2.21288 | 12
1637406164 | 32 | 2.21288 | 12
3274812328 | 33 | 2.21288 | 12
6549624657 | 34 | 2.21288 | 12
13099249314 | 35 | 2.21288 | 12
26198498628 | 36 | 4.6613e-310 | 5
26198498629 | 36 | 4.6613e-310 | 7
818703083 | 31 | 4.6613e-310 | 9
204675771 | 29 | 4.6613e-310 | 6
199879 | 19 | 4.6613e-310 | 2
12493 | 15 | 15.8879 | 37
24986 | 16 | 12.7145 | 29
49972 | 17 | 12.7145 | 27
99944 | 18 | 12.7145 | 27
199888 | 19 | 12.7145 | 27
399777 | 20 | 12.7145 | 27
799554 | 21 | 12.7145 | 27
1599108 | 22 | 6.95061e-310 | 4
1599109 | 22 | 10.2319 | 23
3198218 | 23 | 9.5182 | 17
6396437 | 24 | 9.5182 | 17
12792874 | 25 | 9.5182 | 17
25585748 | 26 | 9.5182 | 17
51171497 | 27 | 9.5182 | 17
102342995 | 28 | 9.5182 | 17
204685990 | 29 | 8.21515 | 16
409371980 | 30 | 8.21515 | 16
818743960 | 31 | 8.21515 | 16
1637487920 | 32 | 8.21515 | 16
3274975841 | 33 | 8.21515 | 16
6549951683 | 34 | 8.21515 | 16
13099903367 | 35 | 8.21515 | 16
26199806734 | 36 | 8.21515 | 16
52399613469 | 37 | 8.21515 | 16
104799226939 | 38 | 8.21515 | 16
209598453879 | 39 | 8.21515 | 16
419196907758 | 40 | 1.63042e-322 | 7
419196907759 | 40 | 1.63042e-322 | 9
204685991 | 29 | 4.6613e-310 | 1
3198219 | 23 | 4.6613e-310 | 6
49973 | 17 | 4.6613e-310 | 2
24987 | 16 | 4.6613e-310 | 8
