ID | Depth | diameter | Number of points
0 | 0 | 29.316 | 1600
1 | 1 | 29.316 | 1600
3 | 2 | 29.316 | 1600
7 | 3 | 29.316 | 1600
14 | 4 | 28.9488 | 1317
28 | 5 | 27.784 | 1307
57 | 6 | 27.784 | 1307
114 | 7 | 27.784 | 1307
229 | 8 | 27.784 | 1307
458 | 9 | 27.784 | 1307
917 | 10 | 27.784 | 1307
1834 | 11 | 25.6888 | 843
3668 | 12 | 8.9114 | 58
7336 | 13 | 8.9114 | 58
14672 | 14 | 7.51788 | 43
29344 | 15 | 7.51788 | 43
58689 | 16 | 7.51788 | 43
117379 | 17 | 7.51788 | 43
234759 | 18 | 7.51788 | 43
469518 | 19 | 7.51788 | 43
939036 | 20 | 7.51788 | 43
1878072 | 21 | 7.51788 | 43
3756144 | 22 | 7.51788 | 43
7512289 | 23 | 7.51788 | 43
15024578 | 24 | 7.51788 | 43
30049156 | 25 | 7.51788 | 43
60098312 | 26 | 7.51788 | 43
120196625 | 27 | 7.51788 | 43
240393250 | 28 | 7.51788 | 43
480786500 | 29 | 6.37225 | 39
961573000 | 30 | 6.37225 | 39
1923146000 | 31 | 1.63042e-322 | 2
1923146001 | 31 | 5.32058 | 37
3846292002 | 32 | 5.32058 | 37
7692584004 | 33 | 5.32058 | 37
15385168008 | 34 | 5.32058 | 37
30770336016 | 35 | 2.50811 | 16
61540672032 | 36 | 2.18823 | 13
123081344064 | 37 | 2.18823 | 13
246162688129 | 38 | 2.18823 | 13
492325376258 | 39 | 1.63042e-322 | 10
492325376259 | 39 | 1.63042e-322 | 3
61540672033 | 36 | 1.63042e-322 | 3
30770336017 | 35 | 3.80068 | 21
61540672034 | 36 | 3.56689 | 20
123081344069 | 37 | 3.56689 | 20
246162688139 | 38 | 3.56689 | 20
492325376278 | 39 | 3.56689 | 20
984650752557 | 40 | 3.56689 | 20
1969301505114 | 41 | 3.56689 | 20
3938603010228 | 42 | 3.56689 | 20
7877206020457 | 43 | 3.56689 | 20
15754412040915 | 44 | 3.56689 | 20
31508824081830 | 45 | 3.56689 | 20
63017648163660 | 46 | 3.56689 | 20
126035296327320 | 47 | 3.56689 | 20
252070592654640 | 48 | 3.56689 | 20
504141185309280 | 49 | 3.56689 | 20
1008282370618560 | 50 | 3.56689 | 20
2016564741237121 | 51 | 3.56689 | 20
4033129482474243 | 52 | 3.56689 | 20
8066258964948486 | 53 | 3.56689 | 20
16132517929896973 | 54 | 3.56689 | 20
32265035859793947 | 55 | 3.56689 | 20
64530071719587895 | 56 | 3.56689 | 20
129060143439175791 | 57 | 3.56689 | 20
258120286878351582 | 58 | 3.56689 | 20
516240573756703165 | 59 | 3.56689 | 20
1032481147513406331 | 60 | 3.56689 | 20
2064962295026812663 | 61 | 3.56689 | 20
4129924590053625326 | 62 | 3.56689 | 20
8259849180107250652 | 63 | 3.56689 | 20
-1927045713495050311 | 64 | 3.56689 | 20
-3854091426990100622 | 65 | 3.56689 | 20
-7708182853980201243 | 66 | 3.56689 | 20
3030378365749149130 | 67 | 3.56689 | 20
6060756731498298261 | 68 | 3.56689 | 20
-6325230610712955093 | 69 | 3.56689 | 20
5796282852283641430 | 70 | 3.56689 | 20
-6854178369142268756 | 71 | 2.39881 | 17
4738387335425014104 | 72 | 2.39881 | 17
-8969969402859523408 | 73 | 1.58101e-322 | 9
-8969969402859523407 | 73 | 1.63042e-322 | 8
-6854178369142268755 | 71 | 1.63042e-322 | 3
61540672035 | 36 | 1.20437 | 1
480786501 | 29 | 1.58101e-322 | 4
14673 | 14 | 2.55249 | 15
29346 | 15 | 2.55249 | 15
58692 | 16 | 2.55249 | 15
117384 | 17 | 1.63042e-322 | 7
117385 | 17 | 1.58101e-322 | 8
3669 | 12 | 22.7969 | 785
7338 | 13 | 22.7969 | 785
14676 | 14 | 22.7969 | 785
29353 | 15 | 22.7969 | 785
58706 | 16 | 12.6401 | 65
117412 | 17 | 12.6401 | 65
234824 | 18 | 12.046 | 53
469648 | 19 | 12.046 | 53
939296 | 20 | 6.1274 | 33
1878592 | 21 | 6.1274 | 33
3757184 | 22 | 6.1274 | 33
7514368 | 23 | 6.1274 | 33
15028737 | 24 | 6.1274 | 33
30057474 | 25 | 6.1274 | 31
60114949 | 26 | 6.1274 | 31
120229899 | 27 | 6.1274 | 31
240459798 | 28 | 6.1274 | 31
480919596 | 29 | 6.1274 | 31
961839192 | 30 | 6.1274 | 31
1923678385 | 31 | 6.1274 | 31
3847356770 | 32 | 6.1274 | 31
7694713540 | 33 | 6.1274 | 31
15389427080 | 34 | 6.1274 | 31
30778854161 | 35 | 6.1274 | 31
61557708323 | 36 | 6.1274 | 31
123115416646 | 37 | 6.1274 | 31
246230833292 | 38 | 6.1274 | 31
492461666585 | 39 | 6.1274 | 31
984923333171 | 40 | 6.1274 | 31
1969846666342 | 41 | 6.1274 | 31
3939693332685 | 42 | 6.1274 | 31
7879386665370 | 43 | 6.1274 | 31
15758773330740 | 44 | 3.27516 | 13
31517546661480 | 45 | 3.27516 | 13
63035093322960 | 46 | 3.27516 | 13
126070186645920 | 47 | 3.27516 | 13
252140373291840 | 48 | 3.27516 | 13
504280746583681 | 49 | 3.27516 | 13
1008561493167362 | 50 | 3.27516 | 13
2017122986334725 | 51 | 3.27516 | 13
4034245972669451 | 52 | 3.27516 | 13
8068491945338902 | 53 | 4.6613e-310 | 9
8068491945338903 | 53 | 4.6613e-310 | 4
15758773330741 | 44 | 3.24936 | 18
31517546661483 | 45 | 3.24936 | 18
63035093322967 | 46 | 3.24936 | 18
126070186645935 | 47 | 3.24936 | 18
252140373291871 | 48 | 3.24936 | 18
504280746583742 | 49 | 4.6613e-310 | 3
504280746583743 | 49 | 2.62211 | 15
1008561493167486 | 50 | 2.62211 | 15
2017122986334973 | 51 | 2.62211 | 15
4034245972669947 | 52 | 2.62211 | 15
8068491945339894 | 53 | 2.62211 | 15
16136983890679789 | 54 | 2.62211 | 15
32273967781359579 | 55 | 2.62211 | 15
64547935562719158 | 56 | 2.62211 | 15
129095871125438317 | 57 | 2.62211 | 15
258191742250876635 | 58 | 2.62211 | 15
516383484501753271 | 59 | 2.62211 | 15
1032766969003506543 | 60 | 2.62211 | 15
2065533938007013087 | 61 | 2.62211 | 15
4131067876014026174 | 62 | 4.6613e-310 | 9
4131067876014026175 | 62 | 4.6613e-310 | 6
30057475 | 25 | 4.6613e-310 | 2
939297 | 20 | 7.23745 | 20
1878594 | 21 | 7.23745 | 20
3757188 | 22 | 4.6613e-310 | 2
3757189 | 22 | 7.23745 | 18
7514379 | 23 | 7.23745 | 18
15028758 | 24 | 4.6613e-310 | 2
15028759 | 24 | 5.96601 | 16
30057519 | 25 | 5.96601 | 16
60115038 | 26 | 5.96601 | 16
120230077 | 27 | 5.96601 | 16
240460155 | 28 | 5.96601 | 16
480920311 | 29 | 5.96601 | 16
961840623 | 30 | 5.96601 | 16
1923681247 | 31 | 5.96601 | 16
3847362494 | 32 | 2.37152e-322 | 5
3847362495 | 32 | 4.94579 | 11
7694724990 | 33 | 4.94579 | 11
15389449981 | 34 | 4.94579 | 11
30778899962 | 35 | 4.94579 | 11
61557799924 | 36 | 4.94579 | 11
123115599848 | 37 | 4.94579 | 11
246231199697 | 38 | 4.94579 | 11
492462399394 | 39 | 4.94579 | 11
984924798788 | 40 | 4.94579 | 11
1969849597577 | 41 | 4.94579 | 11
3939699195154 | 42 | 4.94579 | 11
7879398390308 | 43 | 4.94579 | 11
15758796780617 | 44 | 4.94579 | 11
31517593561235 | 45 | 4.94579 | 11
63035187122471 | 46 | 4.94579 | 11
126070374244942 | 47 | 8.22924 | 10
126070374244943 | 47 | 12.9058 | 1
234825 | 18 | 5.33196 | 12
469650 | 19 | 5.33196 | 12
939300 | 20 | 4.6613e-310 | 10
939301 | 20 | 4.6613e-310 | 2
58707 | 16 | 22.7681 | 720
117414 | 17 | 22.7681 | 720
234829 | 18 | 22.7681 | 720
469658 | 19 | 22.6014 | 480
939316 | 20 | 11.2278 | 140
1878632 | 21 | 5.21447 | 34
3757264 | 22 | 5.21447 | 34
7514528 | 23 | 5.21447 | 34
15029056 | 24 | 15.6307 | 3
15029057 | 24 | 4.75664 | 31
30058114 | 25 | 0.502487 | 1
30058115 | 25 | 3.86603 | 30
60116230 | 26 | 3.86603 | 30
120232460 | 27 | 3.86603 | 30
240464920 | 28 | 0 | 1
240464921 | 28 | 3.62114 | 29
480929843 | 29 | 3.62114 | 29
961859687 | 30 | 3.62114 | 29
1923719374 | 31 | 3.62114 | 29
3847438748 | 32 | 1.88567 | 16
7694877496 | 33 | 1.88567 | 16
15389754992 | 34 | 1.88567 | 12
30779509985 | 35 | 1.88567 | 12
61559019971 | 36 | 1.88567 | 12
123118039943 | 37 | 1.88567 | 12
246236079887 | 38 | 1.88567 | 12
492472159774 | 39 | 4.6613e-310 | 4
492472159775 | 39 | 4.6613e-310 | 8
15389754993 | 34 | 4.6613e-310 | 4
3847438749 | 32 | 2.4782 | 13
7694877498 | 33 | 1.73565 | 11
15389754996 | 34 | 1.73565 | 11
30779509992 | 35 | 1.73565 | 11
61559019984 | 36 | 1.73565 | 11
123118039969 | 37 | 1.73565 | 11
246236079938 | 38 | 1.63598 | 1
246236079939 | 38 | 1.64989 | 10
7694877499 | 33 | 4.6613e-310 | 2
1878633 | 21 | 8.30925 | 106
3757266 | 22 | 8.30925 | 106
7514532 | 23 | 8.30925 | 106
15029064 | 24 | 5.09585 | 39
30058128 | 25 | 5.09585 | 39
60116257 | 26 | 5.09585 | 39
120232514 | 27 | 5.09585 | 39
240465028 | 28 | 4.6613e-310 | 3
240465029 | 28 | 3.97643 | 36
480930059 | 29 | 3.97643 | 36
961860118 | 30 | 3.97643 | 36
1923720236 | 31 | 3.97643 | 36
3847440472 | 32 | 3.97643 | 36
7694880944 | 33 | 3.97643 | 30
15389761888 | 34 | 2.16924 | 12
30779523777 | 35 | 2.16924 | 12
61559047554 | 36 | 2.16924 | 12
123118095108 | 37 | 2.16924 | 12
246236190216 | 38 | 2.16924 | 12
492472380433 | 39 | 2.16924 | 12
984944760866 | 40 | 2.16924 | 12
1969889521732 | 41 | 8.84095 | 10
1969889521733 | 41 | 5.81919 | 2
15389761889 | 34 | 2.54791 | 18
30779523779 | 35 | 2.54791 | 18
61559047558 | 36 | 2.54791 | 18
123118095116 | 37 | 2.02423 | 15
246236190233 | 38 | 2.02423 | 15
492472380467 | 39 | 2.02423 | 15
984944760935 | 40 | 2.02423 | 15
1969889521871 | 41 | 2.02423 | 15
3939779043742 | 42 | 2.02423 | 15
7879558087485 | 43 | 2.02423 | 15
15759116174970 | 44 | 2.02423 | 15
31518232349940 | 45 | 2.35877 | 1
31518232349941 | 45 | 2.02423 | 14
63036464699882 | 46 | 2.02423 | 14
126072929399764 | 47 | 2.02423 | 14
252145858799528 | 48 | 2.02423 | 14
504291717599056 | 49 | 2.02423 | 14
1008583435198112 | 50 | 2.02423 | 14
2017166870396224 | 51 | 2.02423 | 14
4034333740792449 | 52 | 2.02423 | 14
8068667481584899 | 53 | 2.02423 | 14
16137334963169798 | 54 | 3.21143e-322 | 7
16137334963169799 | 54 | 3.21143e-322 | 7
123118095117 | 37 | 4.6613e-310 | 3
7694880945 | 33 | 4.6613e-310 | 6
15029065 | 24 | 6.49675 | 67
30058130 | 25 | 6.49675 | 67
60116260 | 26 | 6.49675 | 67
120232521 | 27 | 6.49675 | 67
240465042 | 28 | 4.6613e-310 | 10
240465043 | 28 | 5.63023 | 57
480930087 | 29 | 5.63023 | 57
961860174 | 30 | 5.63023 | 57
1923720349 | 31 | 5.63023 | 57
3847440699 | 32 | 5.63023 | 57
7694881398 | 33 | 5.63023 | 57
15389762796 | 34 | 4.7801 | 49
30779525592 | 35 | 4.3509 | 38
61559051185 | 36 | 4.3509 | 38
123118102371 | 37 | 4.3509 | 38
246236204743 | 38 | 4.3509 | 38
492472409486 | 39 | 4.3509 | 38
984944818972 | 40 | 2.52107 | 3
984944818973 | 40 | 4.0564 | 35
1969889637947 | 41 | 4.0564 | 35
3939779275894 | 42 | 4.0564 | 35
7879558551789 | 43 | 4.0564 | 35
15759117103579 | 44 | 4.0564 | 35
31518234207158 | 45 | 4.0564 | 35
63036468414316 | 46 | 4.0564 | 35
126072936828633 | 47 | 4.0564 | 35
252145873657267 | 48 | 4.0564 | 35
504291747314534 | 49 | 3.25674 | 32
1008583494629069 | 50 | 3.25674 | 32
2017166989258139 | 51 | 3.25674 | 32
4034333978516278 | 52 | 1.58101e-322 | 2
4034333978516279 | 52 | 3.25674 | 30
8068667957032559 | 53 | 3.25674 | 30
16137335914065118 | 54 | 1.58101e-322 | 5
16137335914065119 | 54 | 2.92269 | 25
32274671828130238 | 55 | 2.92269 | 25
64549343656260477 | 56 | 2.92269 | 25
129098687312520954 | 57 | 3.21143e-322 | 2
129098687312520955 | 57 | 2.92269 | 23
258197374625041910 | 58 | 2.92269 | 23
516394749250083820 | 59 | 2.92269 | 23
1032789498500167640 | 60 | 1.58101e-322 | 4
1032789498500167641 | 60 | 2.92269 | 19
2065578997000335282 | 61 | 2.10141 | 16
4131157994000670564 | 62 | 2.10141 | 16
8262315988001341128 | 63 | 4.04706 | 5
8262315988001341129 | 63 | 2.10141 | 11
-1922112097706869358 | 64 | 0.0722089 | 8
-1922112097706869357 | 64 | 1.56874 | 3
2065578997000335283 | 61 | 4.6613e-310 | 3
504291747314535 | 49 | 4.6613e-310 | 3
30779525593 | 35 | 3.94837 | 11
61559051187 | 36 | 3.94837 | 11
123118102374 | 37 | 3.94837 | 11
246236204748 | 38 | 3.94837 | 11
492472409496 | 39 | 3.94837 | 11
984944818993 | 40 | 3.94837 | 11
1969889637987 | 41 | 3.94837 | 11
3939779275974 | 42 | 3.94837 | 11
7879558551949 | 43 | 3.94837 | 11
15759117103899 | 44 | 3.94837 | 11
31518234207799 | 45 | 3.94837 | 11
63036468415598 | 46 | 3.94837 | 11
126072936831196 | 47 | 3.94837 | 11
252145873662393 | 48 | 3.94837 | 11
504291747324787 | 49 | 3.94837 | 11
1008583494649575 | 50 | 3.94837 | 11
2017166989299150 | 51 | 3.94837 | 11
4034333978598301 | 52 | 3.94837 | 11
8068667957196603 | 53 | 3.94837 | 11
16137335914393207 | 54 | 3.94837 | 11
32274671828786415 | 55 | 3.94837 | 11
64549343657572830 | 56 | 3.94837 | 11
129098687315145660 | 57 | 3.94837 | 11
258197374630291320 | 58 | 0.691871 | 3
258197374630291321 | 58 | 4.6613e-310 | 8
15389762797 | 34 | 4.6613e-310 | 8
939317 | 20 | 22.6014 | 340
1878635 | 21 | 22.6014 | 340
3757270 | 22 | 22.6014 | 340
7514541 | 23 | 22.6014 | 340
15029082 | 24 | 15.3769 | 184
30058164 | 25 | 12.4182 | 49
60116328 | 26 | 12.4182 | 49
120232656 | 27 | 12.4182 | 49
240465313 | 28 | 12.4182 | 49
480930627 | 29 | 12.4182 | 49
961861254 | 30 | 12.4182 | 49
1923722508 | 31 | 12.4182 | 49
3847445016 | 32 | 12.4182 | 49
7694890033 | 33 | 12.4182 | 49
15389780067 | 34 | 12.4182 | 49
30779560134 | 35 | 11.7492 | 47
61559120268 | 36 | 4.6613e-310 | 10
61559120269 | 36 | 7.94371 | 37
123118240538 | 37 | 7.79487 | 22
246236481076 | 38 | 7.79487 | 22
492472962153 | 39 | 7.79487 | 22
984945924306 | 40 | 0.0189407 | 10
984945924307 | 40 | 7.31215 | 12
1969891848614 | 41 | 7.31215 | 12
3939783697229 | 42 | 7.31215 | 12
7879567394458 | 43 | 7.31215 | 12
15759134788916 | 44 | 7.31215 | 12
31518269577832 | 45 | 2.81687 | 4
31518269577833 | 45 | 2.89021 | 8
123118240539 | 37 | 3.97685 | 15
246236481078 | 38 | 3.97685 | 15
492472962156 | 39 | 3.97685 | 15
984945924312 | 40 | 3.97685 | 15
1969891848624 | 41 | 3.97685 | 15
3939783697248 | 42 | 3.03768 | 14
7879567394497 | 43 | 3.03768 | 14
15759134788994 | 44 | 3.03768 | 14
31518269577988 | 45 | 2.6587 | 6
31518269577989 | 45 | 2.21259 | 8
3939783697249 | 42 | 4.6613e-310 | 1
30779560135 | 35 | 4.6613e-310 | 2
30058165 | 25 | 13.7984 | 135
60116331 | 26 | 13.7984 | 135
120232663 | 27 | 13.7984 | 135
240465326 | 28 | 13.7984 | 135
480930653 | 29 | 13.7984 | 135
961861307 | 30 | 13.7984 | 135
1923722614 | 31 | 13.7984 | 135
3847445229 | 32 | 13.7984 | 135
7694890459 | 33 | 13.7984 | 135
15389780918 | 34 | 13.7984 | 135
30779561836 | 35 | 13.7984 | 135
61559123673 | 36 | 13.7984 | 135
123118247346 | 37 | 13.7984 | 135
246236494693 | 38 | 13.7984 | 135
492472989386 | 39 | 10.1564 | 123
984945978773 | 40 | 10.1564 | 123
1969891957547 | 41 | 10.1564 | 123
3939783915094 | 42 | 10.1564 | 123
7879567830188 | 43 | 10.1564 | 123
15759135660377 | 44 | 10.1564 | 123
31518271320755 | 45 | 10.1564 | 123
63036542641510 | 46 | 10.1564 | 123
126073085283020 | 47 | 10.1564 | 123
252146170566040 | 48 | 10.1564 | 123
504292341132081 | 49 | 10.1564 | 123
1008584682264162 | 50 | 9.99186 | 63
2017169364528324 | 51 | 7.51738 | 34
4034338729056649 | 52 | 7.51738 | 34
8068677458113299 | 53 | 7.51738 | 34
16137354916226598 | 54 | 7.51738 | 34
32274709832453196 | 55 | 7.51738 | 34
64549419664906392 | 56 | 7.51738 | 34
129098839329812785 | 57 | 7.51738 | 34
258197678659625570 | 58 | 7.51738 | 34
516395357319251140 | 59 | 7.51738 | 34
1032790714638502281 | 60 | 7.51738 | 34
2065581429277004562 | 61 | 7.51738 | 34
4131162858554009124 | 62 | 7.51738 | 34
8262325717108018249 | 63 | 7.51738 | 34
-1922092639493515117 | 64 | 7.51738 | 34
-3844185278987030234 | 65 | 0 | 2
-3844185278987030233 | 65 | 3.35827 | 32
-7688370557974060466 | 66 | 3.35827 | 32
3070002957761430685 | 67 | 3.35827 | 32
6140005915522861371 | 68 | 3.35827 | 32
-6166732242663828874 | 69 | 3.35827 | 32
6113279588381893868 | 70 | 3.35827 | 32
-6220184896945763880 | 71 | 3.35827 | 32
6006374279818023857 | 72 | 3.35827 | 32
-6433995514073503902 | 73 | 3.35827 | 32
5578753045562543812 | 74 | 3.35827 | 32
-7289237982584463991 | 75 | 3.35827 | 32
3868268108540623634 | 76 | 3.35827 | 32
7736536217081247269 | 77 | 3.35827 | 32
-2973671639547057078 | 78 | 3.35827 | 32
-5947343279094114156 | 79 | 3.35827 | 32
6552057515521323304 | 80 | 3.35827 | 32
-5342629042666905008 | 81 | 4.00193e-322 | 9
-5342629042666905007 | 81 | 2.75559 | 23
7761485988375741603 | 82 | 2.75559 | 23
-2923772096958068410 | 83 | 2.75559 | 23
-5847544193916136820 | 84 | 2.75559 | 23
6751655685877277976 | 85 | 2.75559 | 23
-4943432701954995663 | 86 | 2.75559 | 23
8559878669799560291 | 87 | 2.75559 | 23
-1326986734110431033 | 88 | 2.75559 | 23
-2653973468220862065 | 89 | 2.75559 | 23
-5307946936441724130 | 90 | 2.75559 | 23
7830850200826103357 | 91 | 2.75559 | 23
-2785043672057344901 | 92 | 2.75559 | 23
-5570087344114689801 | 93 | 2.75559 | 23
7306569385480172015 | 94 | 2.75559 | 23
-3833605302749207585 | 95 | 2.75559 | 23
-7667210605498415170 | 96 | 2.75559 | 23
3112322862712721276 | 97 | 2.75559 | 23
6224645725425442553 | 98 | 2.75559 | 23
-5997452622858666510 | 99 | 2.75559 | 23
6451838827992218596 | 100 | 2.75559 | 22
-5543066417725114423 | 101 | 2.75559 | 22
7360611238259322770 | 102 | 2.75559 | 22
-3725521597190906076 | 103 | 2.75559 | 22
-7451043194381812152 | 104 | 2.75559 | 22
3544657684945927313 | 105 | 2.75559 | 22
7089315369891854626 | 106 | 2.75559 | 22
-4268113333925842364 | 107 | 2.75559 | 22
-8536226667851684728 | 108 | 2.75559 | 22
1374290738006182160 | 109 | 2.75559 | 22
2748581476012364320 | 110 | 1.53826 | 15
5497162952024728641 | 111 | 1.53826 | 15
-7452418169660094333 | 112 | 1.53826 | 15
3541907734389362950 | 113 | 1.53826 | 15
7083815468778725901 | 114 | 1.53826 | 15
-4279113136152099814 | 115 | 1.53826 | 15
-8558226272304199628 | 116 | 1.53826 | 15
1330291529101152360 | 117 | 0.177517 | 1
1330291529101152361 | 117 | 1.53826 | 14
2660583058202304723 | 118 | 1.53826 | 14
5321166116404609446 | 119 | 1.53826 | 14
-7804411840900332724 | 120 | 2.5242 | 4
-7804411840900332723 | 120 | 1.54589 | 10
2748581476012364321 | 110 | 4.6613e-310 | 7
6451838827992218597 | 100 | 4.6613e-310 | 1
2017169364528325 | 51 | 4.20374 | 29
4034338729056650 | 52 | 4.20374 | 29
8068677458113300 | 53 | 4.20374 | 29
16137354916226600 | 54 | 2.28795 | 11
32274709832453201 | 55 | 2.28795 | 11
64549419664906402 | 56 | 2.28795 | 11
129098839329812804 | 57 | 4.6613e-310 | 10
129098839329812805 | 57 | 4.6613e-310 | 1
16137354916226601 | 54 | 3.49255 | 18
32274709832453202 | 55 | 3.49255 | 18
64549419664906404 | 56 | 3.49255 | 18
129098839329812808 | 57 | 3.49255 | 18
258197678659625616 | 58 | 3.49255 | 18
516395357319251233 | 59 | 3.49255 | 18
1032790714638502466 | 60 | 3.49255 | 18
2065581429277004932 | 61 | 3.49255 | 18
4131162858554009865 | 62 | 3.49255 | 18
8262325717108019730 | 63 | 3.49255 | 18
-1922092639493512155 | 64 | 3.49255 | 18
-3844185278987024310 | 65 | 3.49255 | 18
-7688370557974048620 | 66 | 4.6613e-310 | 10
-7688370557974048619 | 66 | 4.6613e-310 | 8
1008584682264163 | 50 | 3.63867 | 60
2017169364528326 | 51 | 3.63867 | 60
4034338729056652 | 52 | 3.63867 | 60
8068677458113305 | 53 | 3.63867 | 60
16137354916226610 | 54 | 3.63867 | 60
32274709832453221 | 55 | 3.63867 | 60
64549419664906442 | 56 | 3.63867 | 60
129098839329812884 | 57 | 3.63867 | 60
258197678659625769 | 58 | 3.63867 | 60
516395357319251538 | 59 | 3.56263 | 47
1032790714638503077 | 60 | 3.56263 | 47
2065581429277006155 | 61 | 3.56263 | 47
4131162858554012311 | 62 | 3.56263 | 47
8262325717108024622 | 63 | 3.56263 | 47
-1922092639493502371 | 64 | 3.56263 | 47
-3844185278987004741 | 65 | 3.56263 | 47
-7688370557974009481 | 66 | 3.56263 | 47
3070002957761532655 | 67 | 3.56263 | 47
6140005915523065311 | 68 | 3.56263 | 47
-6166732242663420994 | 69 | 3.56263 | 47
6113279588382709629 | 70 | 3.56263 | 47
-6220184896944132358 | 71 | 3.56263 | 47
6006374279821286900 | 72 | 3.33971 | 45
-6433995514066977815 | 73 | 3.33971 | 45
5578753045575595987 | 74 | 3.33971 | 45
-7289237982558359642 | 75 | 2.1535 | 14
3868268108592832332 | 76 | 2.1535 | 14
7736536217185664665 | 77 | 2.1535 | 14
-2973671639338222285 | 78 | 2.1535 | 14
-5947343278676444570 | 79 | 2.1535 | 14
6552057516356662477 | 80 | 2.1535 | 14
-5342629040996226662 | 81 | 2.1535 | 14
7761485991717098292 | 82 | 1.24026 | 4
7761485991717098293 | 82 | 0.919723 | 10
-7289237982558359641 | 75 | 2.19465 | 31
3868268108592832334 | 76 | 2.19465 | 31
7736536217185664668 | 77 | 2.19465 | 31
-2973671639338222279 | 78 | 2.19465 | 31
-5947343278676444557 | 79 | 2.19465 | 31
6552057516356662502 | 80 | 1.69948 | 23
-5342629040996226611 | 81 | 1.69948 | 23
7761485991717098395 | 82 | 1.69948 | 23
-2923772090275354825 | 83 | 1.69948 | 23
-5847544180550709650 | 84 | 1.69948 | 23
6751655712608132317 | 85 | 1.69948 | 23
-4943432648493286982 | 86 | 0.627875 | 3
-4943432648493286981 | 86 | 1.58823 | 20
8559878776722977654 | 87 | 0.950021 | 3
8559878776722977655 | 87 | 1.50598 | 17
-1326986520263596305 | 88 | 1.50598 | 17
-2653973040527192610 | 89 | 1.50598 | 13
-5307946081054385220 | 90 | 1.50598 | 13
7830851911600781176 | 91 | 4.6613e-310 | 8
7830851911600781177 | 91 | 0 | 5
-2653973040527192609 | 89 | 4.6613e-310 | 4
6552057516356662503 | 80 | 4.6613e-310 | 8
6006374279821286901 | 72 | 4.6613e-310 | 2
516395357319251539 | 59 | 2.09901 | 13
1032790714638503078 | 60 | 2.09901 | 13
2065581429277006156 | 61 | 4.6613e-310 | 6
2065581429277006157 | 61 | 4.6613e-310 | 7
492472989387 | 39 | 3.456 | 12
984945978774 | 40 | 3.456 | 12
1969891957549 | 41 | 3.456 | 12
3939783915099 | 42 | 3.456 | 12
7879567830198 | 43 | 3.456 | 12
15759135660397 | 44 | 3.456 | 12
31518271320794 | 45 | 4.6613e-310 | 7
31518271320795 | 45 | 4.6613e-310 | 5
15029083 | 24 | 13.2162 | 156
30058166 | 25 | 13.2162 | 156
60116332 | 26 | 8.81422 | 109
120232664 | 27 | 8.81422 | 109
240465328 | 28 | 8.62629 | 94
480930656 | 29 | 8.62629 | 94
961861312 | 30 | 4.6613e-310 | 3
961861313 | 30 | 8.09658 | 91
1923722627 | 31 | 8.09658 | 91
3847445254 | 32 | 8.09658 | 84
7694890509 | 33 | 8.09658 | 84
15389781018 | 34 | 4.12419 | 16
30779562036 | 35 | 4.12419 | 16
61559124072 | 36 | 4.12419 | 16
123118248144 | 37 | 4.12419 | 16
246236496288 | 38 | 4.12419 | 16
492472992576 | 39 | 4.12419 | 16
984945985152 | 40 | 4.12419 | 12
1969891970304 | 41 | 4.12419 | 12
3939783940609 | 42 | 4.12419 | 12
7879567881218 | 43 | 4.12419 | 12
15759135762437 | 44 | 4.12419 | 12
31518271524874 | 45 | 4.12419 | 12
63036543049748 | 46 | 4.12419 | 12
126073086099496 | 47 | 4.12419 | 12
252146172198992 | 48 | 4.6613e-310 | 7
252146172198993 | 48 | 6.52633 | 5
984945985153 | 40 | 4.6613e-310 | 4
15389781019 | 34 | 7.88934 | 68
30779562039 | 35 | 7.88934 | 68
61559124078 | 36 | 4.75603 | 36
123118248156 | 37 | 4.75603 | 36
246236496313 | 38 | 4.75603 | 36
492472992626 | 39 | 4.14841 | 15
984945985253 | 40 | 4.14841 | 15
1969891970506 | 41 | 4.14841 | 15
3939783941013 | 42 | 4.14841 | 15
7879567882026 | 43 | 4.14841 | 15
15759135764053 | 44 | 4.14841 | 15
31518271528106 | 45 | 4.14841 | 15
63036543056213 | 46 | 4.14841 | 15
126073086112426 | 47 | 4.14841 | 15
252146172224852 | 48 | 4.14841 | 15
504292344449705 | 49 | 4.14841 | 15
1008584688899410 | 50 | 4.14841 | 15
2017169377798821 | 51 | 4.14841 | 15
4034338755597642 | 52 | 3.05973 | 11
8068677511195284 | 53 | 3.05973 | 11
16137355022390569 | 54 | 3.05973 | 11
32274710044781139 | 55 | 3.05973 | 11
64549420089562278 | 56 | 0.906009 | 10
64549420089562279 | 56 | 1.89283 | 1
4034338755597643 | 52 | 4.6613e-310 | 4
492472992627 | 39 | 4.17336 | 21
984945985254 | 40 | 4.17336 | 21
1969891970509 | 41 | 4.17336 | 21
3939783941018 | 42 | 4.17336 | 21
7879567882036 | 43 | 3.90721 | 20
15759135764073 | 44 | 3.90721 | 20
31518271528146 | 45 | 3.90721 | 20
63036543056293 | 46 | 3.90721 | 20
126073086112586 | 47 | 3.90721 | 20
252146172225173 | 48 | 3.90721 | 20
504292344450347 | 49 | 3.90721 | 20
1008584688900694 | 50 | 13.0252 | 10
1008584688900695 | 50 | 0.619676 | 10
7879567882037 | 43 | 4.6613e-310 | 1
61559124079 | 36 | 4.22196 | 32
123118248159 | 37 | 4.22196 | 32
246236496319 | 38 | 4.22196 | 32
492472992638 | 39 | 4.22196 | 32
984945985277 | 40 | 4.22196 | 32
1969891970554 | 41 | 4.22196 | 32
3939783941109 | 42 | 4.22196 | 32
7879567882219 | 43 | 4.22196 | 32
15759135764439 | 44 | 4.22196 | 32
31518271528879 | 45 | 4.22196 | 32
63036543057758 | 46 | 2.75074 | 15
126073086115516 | 47 | 2.75074 | 15
252146172231032 | 48 | 2.75074 | 15
504292344462064 | 49 | 6.95061e-310 | 7
504292344462065 | 49 | 4.02921 | 8
63036543057759 | 46 | 3.6753 | 17
126073086115518 | 47 | 3.6753 | 17
252146172231037 | 48 | 3.6753 | 17
504292344462075 | 49 | 3.6753 | 17
1008584688924150 | 50 | 1.8638 | 13
2017169377848301 | 51 | 1.8638 | 13
4034338755696602 | 52 | 2.82331 | 5
4034338755696603 | 52 | 3.85526 | 8
1008584688924151 | 50 | 4.6613e-310 | 4
3847445255 | 32 | 4.6613e-310 | 7
240465329 | 28 | 6.00954 | 15
480930659 | 29 | 6.00954 | 15
961861318 | 30 | 6.00954 | 15
1923722636 | 31 | 6.00954 | 15
3847445272 | 32 | 6.00954 | 15
7694890545 | 33 | 6.00954 | 15
15389781090 | 34 | 6.00954 | 15
30779562180 | 35 | 6.00954 | 15
61559124360 | 36 | 2.73331 | 12
123118248720 | 37 | 2.73331 | 12
246236497441 | 38 | 2.73331 | 12
492472994882 | 39 | 2.73331 | 12
984945989765 | 40 | 2.73331 | 12
1969891979531 | 41 | 2.73331 | 12
3939783959063 | 42 | 2.73331 | 12
7879567918127 | 43 | 2.73331 | 12
15759135836255 | 44 | 2.73331 | 12
31518271672511 | 45 | 2.73331 | 12
63036543345022 | 46 | 2.73331 | 12
126073086690044 | 47 | 0.492645 | 5
126073086690045 | 47 | 1.55069 | 7
61559124361 | 36 | 4.6613e-310 | 3
60116333 | 26 | 9.24839 | 47
120232666 | 27 | 5.69427 | 11
240465332 | 28 | 5.69427 | 11
480930664 | 29 | 5.69427 | 11
961861329 | 30 | 5.69427 | 11
1923722658 | 31 | 5.69427 | 11
3847445316 | 32 | 4.6613e-310 | 3
3847445317 | 32 | 4.6613e-310 | 8
120232667 | 27 | 6.08004 | 36
240465335 | 28 | 6.08004 | 36
480930670 | 29 | 6.08004 | 36
961861340 | 30 | 6.08004 | 36
1923722680 | 31 | 6.08004 | 36
3847445360 | 32 | 6.08004 | 36
7694890721 | 33 | 6.08004 | 36
15389781442 | 34 | 6.08004 | 36
30779562884 | 35 | 6.08004 | 36
61559125768 | 36 | 6.08004 | 36
123118251536 | 37 | 6.08004 | 36
246236503073 | 38 | 6.08004 | 36
492473006146 | 39 | 6.08004 | 35
984946012292 | 40 | 6.08004 | 35
1969892024584 | 41 | 6.08004 | 35
3939784049168 | 42 | 4.6613e-310 | 2
3939784049169 | 42 | 6.08004 | 33
7879568098338 | 43 | 6.08004 | 33
15759136196676 | 44 | 3.82264 | 23
31518272393352 | 45 | 3.82264 | 23
63036544786704 | 46 | 3.82264 | 23
126073089573408 | 47 | 3.82264 | 23
252146179146817 | 48 | 3.82264 | 23
504292358293635 | 49 | 3.82264 | 23
1008584716587270 | 50 | 3.82264 | 23
2017169433174540 | 51 | 3.82264 | 23
4034338866349080 | 52 | 3.82264 | 23
8068677732698161 | 53 | 3.82264 | 23
16137355465396322 | 54 | 3.82264 | 19
32274710930792644 | 55 | 2.99487 | 17
64549421861585288 | 56 | 2.99487 | 17
129098843723170577 | 57 | 2.99487 | 17
258197687446341155 | 58 | 2.99487 | 17
516395374892682311 | 59 | 2.99487 | 17
1032790749785364622 | 60 | 2.99487 | 17
2065581499570729244 | 61 | 2.99487 | 17
4131162999141458488 | 62 | 2.99487 | 17
8262325998282916976 | 63 | 2.99487 | 17
-1922092077143717664 | 64 | 2.99487 | 17
-3844184154287435328 | 65 | 2.99487 | 17
-7688368308574870656 | 66 | 2.99487 | 17
3070007456559810305 | 67 | 2.99487 | 17
6140014913119620610 | 68 | 2.99487 | 17
-6166714247470310396 | 69 | 2.99487 | 17
6113315578768930824 | 70 | 2.99487 | 17
-6220112916171689967 | 71 | 2.99487 | 17
6006518241366171682 | 72 | 2.99487 | 17
-6433707590977208251 | 73 | 2.99487 | 17
5579328891755135115 | 74 | 2.99487 | 17
-7288086290199281385 | 75 | 2.99487 | 17
3870571493310988847 | 76 | 2.99487 | 17
7741142986621977694 | 77 | 2.99487 | 17
-2964458100465596228 | 78 | 2.99487 | 17
-5928916200931192456 | 79 | 0.207225 | 5
-5928916200931192455 | 79 | 2.98613 | 12
6588911671847166706 | 80 | 2.98613 | 12
-5268920730015218204 | 81 | 2.98613 | 12
7908902613679115209 | 82 | 2.98613 | 12
-2628938846351321198 | 83 | 2.98613 | 12
-5257877692702642395 | 84 | 2.98613 | 12
7930988688304266826 | 85 | 2.98613 | 12
-2584766697101017963 | 86 | 2.98613 | 12
-5169533394202035926 | 87 | 2.98613 | 12
8107677285305479764 | 88 | 2.98613 | 12
-2231389503098592088 | 89 | 3.30331 | 6
-2231389503098592087 | 89 | 0.317134 | 6
32274710930792645 | 55 | 4.6613e-310 | 2
16137355465396323 | 54 | 4.6613e-310 | 4
15759136196677 | 44 | 4.6613e-310 | 10
492473006147 | 39 | 4.6613e-310 | 1
469659 | 19 | 16.3526 | 240
939318 | 20 | 16.3526 | 240
1878636 | 21 | 16.3526 | 240
3757273 | 22 | 16.3526 | 240
7514546 | 23 | 16.3526 | 179
15029092 | 24 | 16.3526 | 179
30058184 | 25 | 16.3526 | 179
60116369 | 26 | 16.3526 | 179
120232739 | 27 | 16.3526 | 179
240465479 | 28 | 16.3526 | 179
480930959 | 29 | 16.3526 | 179
961861919 | 30 | 16.3526 | 179
1923723838 | 31 | 16.3526 | 179
3847447677 | 32 | 16.3526 | 179
7694895354 | 33 | 16.3526 | 179
15389790709 | 34 | 16.3526 | 179
30779581419 | 35 | 16.3526 | 179
61559162838 | 36 | 16.3526 | 179
123118325676 | 37 | 15.979 | 22
246236651353 | 38 | 15.979 | 22
492473302706 | 39 | 15.979 | 22
984946605412 | 40 | 15.979 | 22
1969893210825 | 41 | 15.979 | 22
3939786421650 | 42 | 7.78617 | 11
7879572843301 | 43 | 7.78617 | 11
15759145686602 | 44 | 7.78617 | 11
31518291373204 | 45 | 4.6613e-310 | 2
31518291373205 | 45 | 4.6613e-310 | 9
3939786421651 | 42 | 7.62857 | 11
7879572843303 | 43 | 7.62857 | 11
15759145686607 | 44 | 7.62857 | 11
31518291373215 | 45 | 7.62857 | 11
63036582746431 | 46 | 7.62857 | 11
126073165492862 | 47 | 11.1669 | 8
126073165492863 | 47 | 0 | 3
123118325677 | 37 | 15.7274 | 157
246236651354 | 38 | 15.7274 | 157
492473302708 | 39 | 15.7274 | 157
984946605416 | 40 | 15.7274 | 157
1969893210833 | 41 | 15.7274 | 157
3939786421666 | 42 | 12.7937 | 137
7879572843332 | 43 | 11.9975 | 45
15759145686664 | 44 | 11.9975 | 45
31518291373328 | 45 | 11.9975 | 45
63036582746656 | 46 | 11.9975 | 45
126073165493312 | 47 | 11.9975 | 45
252146330986625 | 48 | 11.9975 | 45
504292661973250 | 49 | 11.9975 | 45
1008585323946501 | 50 | 11.9975 | 45
2017170647893002 | 51 | 11.9975 | 45
4034341295786004 | 52 | 11.9975 | 45
8068682591572008 | 53 | 11.9975 | 45
16137365183144016 | 54 | 11.9975 | 45
32274730366288033 | 55 | 11.9975 | 45
64549460732576067 | 56 | 11.9975 | 45
129098921465152134 | 57 | 4.64742 | 18
258197842930304269 | 58 | 4.64742 | 18
516395685860608539 | 59 | 4.64742 | 18
1032791371721217078 | 60 | 4.64742 | 18
2065582743442434156 | 61 | 5.6668 | 8
2065582743442434157 | 61 | 15.811 | 10
129098921465152135 | 57 | 9.09298 | 27
258197842930304271 | 58 | 9.09298 | 27
516395685860608542 | 59 | 7.57477 | 13
1032791371721217084 | 60 | 5.64612 | 10
1032791371721217085 | 60 | 13.0756 | 3
516395685860608543 | 59 | 4.94093 | 14
1032791371721217086 | 60 | 0.635136 | 3
1032791371721217087 | 60 | 3.36852 | 11
2065582743442434174 | 61 | 3.36852 | 11
4131165486884868348 | 62 | 3.36852 | 11
8262330973769736697 | 63 | 3.36852 | 11
-1922082126170078221 | 64 | 3.36852 | 11
-3844164252340156441 | 65 | 3.36852 | 11
-7688328504680312882 | 66 | 3.36852 | 11
3070087064348925852 | 67 | 3.36852 | 11
6140174128697851705 | 68 | 3.36852 | 11
-6166395816313848205 | 69 | 3.36852 | 11
6113952441081855206 | 70 | 3.36852 | 11
-6218839191545841204 | 71 | 3.36852 | 11
6009065690617869208 | 72 | 3.36852 | 11
-6428612692473813200 | 73 | 3.36852 | 11
5589518688761925216 | 74 | 3.36852 | 11
-7267706696185701184 | 75 | 11.1194 | 2
-7267706696185701183 | 75 | 141.491 | 9
7879572843333 | 43 | 12.7937 | 92
15759145686666 | 44 | 12.7937 | 92
31518291373332 | 45 | 12.7937 | 92
63036582746665 | 46 | 12.7937 | 92
126073165493330 | 47 | 12.7937 | 92
252146330986660 | 48 | 10.3925 | 66
504292661973320 | 49 | 10.3925 | 66
1008585323946640 | 50 | 10.3925 | 66
2017170647893280 | 51 | 10.3925 | 66
4034341295786561 | 52 | 10.3925 | 66
8068682591573123 | 53 | 10.3925 | 66
16137365183146246 | 54 | 10.3925 | 66
32274730366292492 | 55 | 10.1034 | 36
64549460732584985 | 56 | 10.1034 | 36
129098921465169971 | 57 | 10.1034 | 36
258197842930339943 | 58 | 10.1034 | 36
516395685860679886 | 59 | 10.1034 | 36
1032791371721359772 | 60 | 10.1034 | 36
2065582743442719544 | 61 | 10.1034 | 36
4131165486885439088 | 62 | 10.1034 | 36
8262330973770878177 | 63 | 10.1034 | 36
-1922082126167795261 | 64 | 10.1034 | 36
-3844164252335590522 | 65 | 10.1034 | 24
-7688328504671181044 | 66 | 10.1034 | 24
3070087064367189529 | 67 | 10.1034 | 24
6140174128734379058 | 68 | 10.1034 | 24
-6166395816240793500 | 69 | 9.68263 | 21
6113952441227964617 | 70 | 9.68263 | 21
-6218839191253622382 | 71 | 9.68263 | 21
6009065691202306853 | 72 | 9.68263 | 21
-6428612691304937909 | 73 | 9.68263 | 21
5589518691099675799 | 74 | 9.68263 | 21
-7267706691510200017 | 75 | 9.68263 | 21
3911330690689151582 | 76 | 9.68263 | 21
7822661381378303165 | 77 | 9.68263 | 21
-2801421310952945285 | 78 | 9.68263 | 21
-5602842621905890569 | 79 | 9.68263 | 21
7241058829897770479 | 80 | 9.68263 | 21
-3964626413914010658 | 81 | 9.68263 | 21
-7929252827828021315 | 82 | 9.68263 | 21
2588238418053508987 | 83 | 9.68263 | 21
5176476836107017975 | 84 | 9.68263 | 21
-8093790401495515665 | 85 | 9.68263 | 21
2259163270718520286 | 86 | 9.68263 | 21
4518326541437040572 | 87 | 5.93836 | 20
9036653082874081145 | 88 | 5.93836 | 20
-373437907961389326 | 89 | 5.93836 | 20
-746875815922778652 | 90 | 14.6855 | 9
-746875815922778651 | 90 | 3.01345 | 11
-1493751631845557301 | 91 | 3.01345 | 11
-2987503263691114601 | 92 | 3.01345 | 11
-5975006527382229201 | 93 | 3.01345 | 11
6496731018945093215 | 94 | 3.01345 | 11
-5453282035819365185 | 95 | 3.01345 | 11
7540180002070821246 | 96 | 3.01345 | 11
-3366384069567909123 | 97 | 3.01345 | 11
-6732768139135818246 | 98 | 7.3804 | 2
-6732768139135818245 | 98 | 4.45598 | 9
4518326541437040573 | 87 | 4.6613e-310 | 1
-6166395816240793499 | 69 | 4.6613e-310 | 3
-3844164252335590521 | 65 | 2.54248 | 12
-7688328504671181042 | 66 | 2.54248 | 12
3070087064367189532 | 67 | 2.54248 | 12
6140174128734379064 | 68 | 4.6613e-310 | 1
6140174128734379065 | 68 | 2.46769 | 11
-6166395816240793486 | 69 | 4.6613e-310 | 5
-6166395816240793485 | 69 | 4.6613e-310 | 6
32274730366292493 | 55 | 10.242 | 30
64549460732584987 | 56 | 10.242 | 30
129098921465169974 | 57 | 8.09306 | 12
258197842930339948 | 58 | 8.09306 | 12
516395685860679896 | 59 | 4.6613e-310 | 5
516395685860679897 | 59 | 4.6613e-310 | 7
129098921465169975 | 57 | 7.34808 | 18
258197842930339951 | 58 | 7.34808 | 18
516395685860679903 | 59 | 7.34808 | 18
1032791371721359806 | 60 | 7.34808 | 18
2065582743442719612 | 61 | 7.34808 | 18
4131165486885439225 | 62 | 7.34808 | 18
8262330973770878450 | 63 | 7.34808 | 18
-1922082126167794716 | 64 | 7.34808 | 18
-3844164252335589432 | 65 | 4.6613e-310 | 8
-3844164252335589431 | 65 | 4.6613e-310 | 10
252146330986661 | 48 | 7.18056 | 26
504292661973322 | 49 | 7.18056 | 26
1008585323946645 | 50 | 7.18056 | 26
2017170647893290 | 51 | 7.18056 | 26
4034341295786581 | 52 | 7.18056 | 26
8068682591573162 | 53 | 2.73123 | 18
16137365183146324 | 54 | 2.3335 | 17
32274730366292648 | 55 | 2.3335 | 17
64549460732585296 | 56 | 2.3335 | 17
129098921465170592 | 57 | 2.3335 | 17
258197842930341185 | 58 | 2.3335 | 17
516395685860682370 | 59 | 2.3335 | 17
1032791371721364741 | 60 | 2.3335 | 17
2065582743442729483 | 61 | 2.3335 | 17
4131165486885458967 | 62 | 2.3335 | 17
8262330973770917934 | 63 | 2.3335 | 17
-1922082126167715747 | 64 | 2.3335 | 17
-3844164252335431493 | 65 | 2.3335 | 17
-7688328504670862985 | 66 | 2.3335 | 17
3070087064367825646 | 67 | 2.32823 | 14
6140174128735651293 | 68 | 2.32823 | 14
-6166395816238249030 | 69 | 2.32823 | 14
6113952441233053557 | 70 | 2.32823 | 14
-6218839191243444502 | 71 | 2.32823 | 14
6009065691222662613 | 72 | 2.32823 | 14
-6428612691264226389 | 73 | 2.32823 | 14
5589518691181098839 | 74 | 2.32823 | 14
-7267706691347353938 | 75 | 2.32823 | 14
3911330691014843741 | 76 | 2.32823 | 14
7822661382029687483 | 77 | 2.32823 | 14
-2801421309650176650 | 78 | 2.32823 | 14
-5602842619300353300 | 79 | 2.32823 | 14
7241058835108845016 | 80 | 2.32823 | 14
-3964626403491861584 | 81 | 2.32823 | 14
-7929252806983723168 | 82 | 3.21143e-322 | 9
-7929252806983723167 | 82 | 1.70112 | 5
3070087064367825647 | 67 | 4.6613e-310 | 3
16137365183146325 | 54 | 4.6613e-310 | 1
8068682591573163 | 53 | 4.6613e-310 | 8
3939786421667 | 42 | 7.10565 | 20
7879572843335 | 43 | 7.10565 | 20
15759145686671 | 44 | 7.10565 | 20
31518291373343 | 45 | 7.10565 | 20
63036582746687 | 46 | 7.10565 | 20
126073165493375 | 47 | 7.10565 | 20
252146330986751 | 48 | 7.10565 | 20
504292661973503 | 49 | 7.10565 | 20
1008585323947007 | 50 | 7.10565 | 20
2017170647894015 | 51 | 7.10565 | 20
4034341295788030 | 52 | 7.10565 | 20
8068682591576061 | 53 | 7.10565 | 20
16137365183152123 | 54 | 7.10565 | 20
32274730366304246 | 55 | 7.10565 | 20
64549460732608493 | 56 | 7.10565 | 20
129098921465216987 | 57 | 7.10565 | 20
258197842930433975 | 58 | 7.10565 | 20
516395685860867950 | 59 | 7.10565 | 20
1032791371721735901 | 60 | 7.10565 | 20
2065582743443471802 | 61 | 6.71735 | 16
4131165486886943604 | 62 | 3.3871 | 15
8262330973773887209 | 63 | 3.3871 | 15
-1922082126161777198 | 64 | 3.3871 | 15
-3844164252323554395 | 65 | 3.3871 | 15
-7688328504647108790 | 66 | 3.3871 | 15
3070087064415334037 | 67 | 3.3871 | 15
6140174128830668075 | 68 | 3.3871 | 15
-6166395816048215466 | 69 | 2.42092e-322 | 6
-6166395816048215465 | 69 | 39.3539 | 9
4131165486886943605 | 62 | 4.6613e-310 | 1
2065582743443471803 | 61 | 4.6613e-310 | 4
7514547 | 23 | 12.2397 | 61
15029094 | 24 | 6.09822 | 59
30058189 | 25 | 6.09822 | 59
60116379 | 26 | 6.09822 | 59
120232759 | 27 | 6.09822 | 59
240465519 | 28 | 6.09822 | 59
480931038 | 29 | 6.09822 | 59
961862077 | 30 | 6.09822 | 59
1923724154 | 31 | 4.6613e-310 | 1
1923724155 | 31 | 5.83463 | 58
3847448310 | 32 | 5.83463 | 58
7694896621 | 33 | 5.83463 | 58
15389793242 | 34 | 5.83463 | 58
30779586484 | 35 | 5.83463 | 58
61559172968 | 36 | 5.05935 | 49
123118345936 | 37 | 4.50992 | 23
246236691873 | 38 | 4.50992 | 23
492473383746 | 39 | 4.50992 | 23
984946767493 | 40 | 4.50992 | 23
1969893534986 | 41 | 14.8285 | 9
1969893534987 | 41 | 2.45274 | 14
3939787069974 | 42 | 2.45274 | 14
7879574139948 | 43 | 2.45274 | 14
15759148279897 | 44 | 2.45274 | 14
31518296559794 | 45 | 2.45274 | 14
63036593119589 | 46 | 2.45274 | 14
126073186239179 | 47 | 2.45274 | 14
252146372478359 | 48 | 2.45274 | 14
504292744956718 | 49 | 2.45274 | 14
1008585489913437 | 50 | 2.45274 | 14
2017170979826874 | 51 | 2.45274 | 14
4034341959653748 | 52 | 2.45274 | 14
8068683919307496 | 53 | 0.0279327 | 2
8068683919307497 | 53 | 2.39213 | 12
16137367838614995 | 54 | 2.39213 | 12
32274735677229990 | 55 | 2.39213 | 12
64549471354459980 | 56 | 12.9787 | 2
64549471354459981 | 56 | 2.72809 | 10
123118345937 | 37 | 3.96356 | 26
246236691874 | 38 | 3.96356 | 26
492473383748 | 39 | 3.96356 | 26
984946767496 | 40 | 3.96356 | 26
1969893534993 | 41 | 3.96356 | 26
3939787069987 | 42 | 3.96356 | 26
7879574139975 | 43 | 3.96356 | 26
15759148279951 | 44 | 3.96356 | 26
31518296559902 | 45 | 2.83354 | 9
31518296559903 | 45 | 2.87601 | 17
63036593119806 | 46 | 2.87601 | 17
126073186239612 | 47 | 2.87601 | 17
252146372479225 | 48 | 2.87601 | 17
504292744958451 | 49 | 2.87601 | 17
1008585489916902 | 50 | 2.87601 | 17
2017170979833804 | 51 | 2.87601 | 17
4034341959667608 | 52 | 2.87601 | 17
8068683919335217 | 53 | 2.87601 | 17
16137367838670434 | 54 | 2.87601 | 17
32274735677340869 | 55 | 2.87601 | 17
64549471354681738 | 56 | 2.87601 | 17
129098942709363476 | 57 | 2.70471 | 15
258197885418726952 | 58 | 4.6613e-310 | 3
258197885418726953 | 58 | 2.70471 | 12
516395770837453906 | 59 | 2.70471 | 12
1032791541674907812 | 60 | 2.70471 | 12
2065583083349815625 | 61 | 2.70471 | 12
4131166166699631250 | 62 | 2.70471 | 12
8262332333399262500 | 63 | 3.21143e-322 | 4
8262332333399262501 | 63 | 0.422301 | 8
129098942709363477 | 57 | 4.6613e-310 | 2
61559172969 | 36 | 4.6613e-310 | 9
15029095 | 24 | 4.6613e-310 | 2
1835 | 11 | 25.8535 | 464
3671 | 12 | 25.8535 | 464
7343 | 13 | 25.8535 | 464
14686 | 14 | 25.8535 | 464
29373 | 15 | 25.8535 | 464
58746 | 16 | 25.8535 | 464
117493 | 17 | 25.8535 | 464
234986 | 18 | 25.8535 | 464
469972 | 19 | 16.8399 | 46
939944 | 20 | 16.8399 | 46
1879889 | 21 | 16.8399 | 46
3759778 | 22 | 15.0131 | 37
7519556 | 23 | 15.0131 | 37
15039112 | 24 | 8.83885 | 19
30078224 | 25 | 4.6613e-310 | 1
30078225 | 25 | 8.20651 | 18
60156450 | 26 | 8.20651 | 18
120312900 | 27 | 5.71996 | 14
240625800 | 28 | 5.71996 | 14
481251600 | 29 | 1.58101e-322 | 9
481251601 | 29 | 6.95061e-310 | 5
120312901 | 27 | 4.6613e-310 | 4
15039113 | 24 | 6.51722 | 18
30078227 | 25 | 6.51722 | 18
60156454 | 26 | 6.95061e-310 | 10
60156455 | 26 | 4.6613e-310 | 8
3759779 | 22 | 4.6613e-310 | 9
469973 | 19 | 25.8535 | 418
939946 | 20 | 25.8535 | 418
1879892 | 21 | 25.8535 | 418
3759784 | 22 | 25.8535 | 418
7519568 | 23 | 25.8535 | 418
15039136 | 24 | 4.6613e-310 | 6
15039137 | 24 | 25.5167 | 412
30078275 | 25 | 25.5167 | 412
60156551 | 26 | 25.5167 | 412
120313103 | 27 | 25.5167 | 412
240626206 | 28 | 25.5167 | 412
481252413 | 29 | 25.5167 | 412
962504826 | 30 | 13.1843 | 22
1925009653 | 31 | 13.1843 | 22
3850019306 | 32 | 5.39744 | 12
7700038613 | 33 | 5.39744 | 12
15400077227 | 34 | 5.39744 | 12
30800154455 | 35 | 5.39744 | 12
61600308910 | 36 | 5.39744 | 12
123200617821 | 37 | 5.39744 | 12
246401235642 | 38 | 5.39744 | 12
492802471285 | 39 | 5.39744 | 12
985604942571 | 40 | 5.39744 | 12
1971209885143 | 41 | 5.39744 | 12
3942419770286 | 42 | 5.39744 | 12
7884839540572 | 43 | 5.39744 | 12
15769679081144 | 44 | 5.39744 | 12
31539358162288 | 45 | 5.39744 | 12
63078716324577 | 46 | 5.39744 | 12
126157432649154 | 47 | 16.3825 | 8
126157432649155 | 47 | 1.59316 | 4
3850019307 | 32 | 4.6613e-310 | 10
962504827 | 30 | 23.88 | 390
1925009655 | 31 | 23.88 | 390
3850019311 | 32 | 23.88 | 390
7700038623 | 33 | 23.88 | 390
15400077246 | 34 | 23.88 | 390
30800154493 | 35 | 23.88 | 390
61600308986 | 36 | 23.88 | 390
123200617972 | 37 | 23.88 | 279
246401235944 | 38 | 23.88 | 279
492802471889 | 39 | 23.88 | 279
985604943778 | 40 | 23.88 | 279
1971209887556 | 41 | 23.88 | 279
3942419775112 | 42 | 23.88 | 279
7884839550225 | 43 | 23.88 | 279
15769679100451 | 44 | 23.88 | 279
31539358200902 | 45 | 23.88 | 279
63078716401804 | 46 | 23.88 | 205
126157432803609 | 47 | 23.88 | 205
252314865607218 | 48 | 23.88 | 205
504629731214436 | 49 | 23.88 | 205
1009259462428872 | 50 | 23.88 | 205
2018518924857744 | 51 | 23.88 | 205
4037037849715488 | 52 | 19.0978 | 40
8074075699430977 | 53 | 19.0978 | 40
16148151398861955 | 54 | 19.0978 | 40
32296302797723910 | 55 | 19.0978 | 40
64592605595447820 | 56 | 19.0978 | 40
129185211190895640 | 57 | 16.9489 | 33
258370422381791281 | 58 | 16.9489 | 33
516740844763582562 | 59 | 16.9489 | 31
1033481689527165124 | 60 | 16.9489 | 31
2066963379054330248 | 61 | 16.9489 | 31
4133926758108660496 | 62 | 16.9489 | 31
8267853516217320993 | 63 | 16.9489 | 31
-1911037041274909630 | 64 | 16.9489 | 31
-3822074082549819260 | 65 | 16.9489 | 17
-7644148165099638520 | 66 | 8.87078 | 8
-7644148165099638519 | 66 | 6.12479 | 9
-3822074082549819259 | 65 | 9.89305 | 14
-7644148165099638518 | 66 | 9.89305 | 14
3158447743510274581 | 67 | 9.89305 | 14
6316895487020549163 | 68 | 9.89305 | 14
-5812953099668453290 | 69 | 9.89305 | 14
6820837874372645036 | 70 | 9.89305 | 14
-4805068324964261544 | 71 | 9.89305 | 14
8836607423781028528 | 72 | 4.58811 | 11
-773529226147494560 | 73 | 4.58811 | 11
-1547058452294989120 | 74 | 4.58811 | 11
-3094116904589978240 | 75 | 2.36137 | 3
-3094116904589978239 | 75 | 173.883 | 8
8836607423781028529 | 72 | 4.6613e-310 | 3
516740844763582563 | 59 | 4.6613e-310 | 2
129185211190895641 | 57 | 4.6613e-310 | 7
4037037849715489 | 52 | 19.1268 | 165
8074075699430979 | 53 | 19.1268 | 165
16148151398861959 | 54 | 19.1268 | 165
32296302797723919 | 55 | 19.1268 | 165
64592605595447839 | 56 | 19.1268 | 165
129185211190895678 | 57 | 19.1268 | 165
258370422381791357 | 58 | 19.1268 | 165
516740844763582714 | 59 | 19.1268 | 165
1033481689527165429 | 60 | 19.1268 | 165
2066963379054330859 | 61 | 19.1268 | 165
4133926758108661719 | 62 | 19.1268 | 165
8267853516217323439 | 63 | 19.1268 | 165
-1911037041274904738 | 64 | 19.1268 | 165
-3822074082549809476 | 65 | 19.1268 | 165
-7644148165099618952 | 66 | 12.238 | 127
3158447743510313712 | 67 | 12.238 | 127
6316895487020627424 | 68 | 9.37007 | 126
-5812953099668296767 | 69 | 9.37007 | 126
6820837874372958082 | 70 | 9.37007 | 126
-4805068324963635452 | 71 | 7.52487 | 109
8836607423782280712 | 72 | 7.52487 | 109
-773529226144990191 | 73 | 7.52487 | 109
-1547058452289980382 | 74 | 2.61361e-321 | 3
-1547058452289980381 | 74 | 7.27065 | 106
-3094116904579960762 | 75 | 7.27065 | 106
-6188233809159921523 | 76 | 7.27065 | 106
6070276455389708571 | 77 | 7.27065 | 106
-6306191162930134474 | 78 | 3.96694 | 12
5834361747849282669 | 79 | 3.96694 | 12
-6778020578010986278 | 80 | 3.96694 | 12
4890702917687579061 | 81 | 3.96694 | 12
-8665338238334393494 | 82 | 3.96694 | 12
1116067597040764629 | 83 | 3.96694 | 12
2232135194081529258 | 84 | 3.96694 | 12
4464270388163058517 | 85 | 3.96694 | 12
8928540776326117034 | 86 | 3.96694 | 12
-589662521057317548 | 87 | 3.96694 | 12
-1179325042114635095 | 88 | 3.96694 | 12
-2358650084229270189 | 89 | 3.96694 | 12
-4717300168458540378 | 90 | 17.9394 | 1
-4717300168458540377 | 90 | 3.96694 | 11
9012143736792470863 | 91 | 3.96694 | 11
-422456600124609890 | 92 | 6.0026 | 2
-422456600124609889 | 92 | 4.6613e-310 | 9
-6306191162930134473 | 78 | 7.2123 | 94
5834361747849282670 | 79 | 7.2123 | 94
-6778020578010986275 | 80 | 7.2123 | 94
4890702917687579067 | 81 | 7.2123 | 94
-8665338238334393482 | 82 | 3.64704 | 24
1116067597040764652 | 83 | 3.64704 | 24
2232135194081529305 | 84 | 3.64704 | 24
4464270388163058611 | 85 | 3.64704 | 24
8928540776326117222 | 86 | 3.64704 | 24
-589662521057317171 | 87 | 3.64704 | 24
-1179325042114634342 | 88 | 3.64704 | 24
-2358650084229268683 | 89 | 3.64704 | 24
-4717300168458537365 | 90 | 3.64704 | 24
9012143736792476887 | 91 | 3.64704 | 24
-422456600124597842 | 92 | 3.64704 | 24
-844913200249195684 | 93 | 3.64704 | 24
-1689826400498391367 | 94 | 3.64704 | 24
-3379652800996782734 | 95 | 15.3393 | 6
-3379652800996782733 | 95 | 2.28878 | 18
-6759305601993565466 | 96 | 2.28878 | 18
4928132869722420685 | 97 | 2.28878 | 18
-8590478334264710246 | 98 | 2.28878 | 18
1265787405180131124 | 99 | 2.28878 | 18
2531574810360262248 | 100 | 8.49528 | 5
2531574810360262249 | 100 | 2.28878 | 13
5063149620720524498 | 101 | 4.6613e-310 | 1
5063149620720524499 | 101 | 2.00854 | 12
-8320444832268502618 | 102 | 2.00854 | 12
1805854409172546381 | 103 | 2.00854 | 12
3611708818345092763 | 104 | 2.00854 | 12
7223417636690185526 | 105 | 2.00854 | 12
-3999908800329180563 | 106 | 2.00854 | 12
-7999817600658361126 | 107 | 2.00854 | 12
2447108872392829364 | 108 | 2.00854 | 12
4894217744785658728 | 109 | 2.00854 | 12
-8658308584138234159 | 110 | 2.00854 | 12
1130126905433083298 | 111 | 2.00854 | 12
2260253810866166597 | 112 | 2.00854 | 12
4520507621732333194 | 113 | 2.00854 | 12
9041015243464666388 | 114 | 1.68679 | 10
9041015243464666389 | 114 | 1.21181 | 2
-8665338238334393481 | 82 | 6.80119 | 70
1116067597040764654 | 83 | 1.56323 | 14
2232135194081529308 | 84 | 1.56323 | 14
4464270388163058617 | 85 | 1.56323 | 14
8928540776326117234 | 86 | 4.79244e-322 | 3
8928540776326117235 | 86 | 1.23161 | 11
-589662521057317146 | 87 | 1.23161 | 11
-1179325042114634292 | 88 | 1.23161 | 11
-2358650084229268584 | 89 | 1.23161 | 11
-4717300168458537168 | 90 | 1.23161 | 11
9012143736792477280 | 91 | 4.6613e-310 | 10
9012143736792477281 | 91 | 12.6879 | 1
1116067597040764655 | 83 | 5.74416 | 56
2232135194081529310 | 84 | 4.6613e-310 | 1
2232135194081529311 | 84 | 5.74416 | 55
4464270388163058622 | 85 | 5.74416 | 55
8928540776326117245 | 86 | 5.74416 | 55
-589662521057317125 | 87 | 5.74416 | 55
-1179325042114634249 | 88 | 5.74416 | 55
-2358650084229268498 | 89 | 5.74416 | 55
-4717300168458536996 | 90 | 5.74416 | 55
9012143736792477624 | 91 | 5.74416 | 55
-422456600124596367 | 92 | 5.74416 | 55
-844913200249192734 | 93 | 4.54275 | 41
-1689826400498385468 | 94 | 4.54275 | 41
-3379652800996770936 | 95 | 1.74949 | 15
-6759305601993541871 | 96 | 1.74949 | 15
4928132869722467875 | 97 | 1.74949 | 15
-8590478334264615865 | 98 | 1.74949 | 15
1265787405180319887 | 99 | 1.74949 | 15
2531574810360639774 | 100 | 1.74949 | 15
5063149620721279548 | 101 | 0.758628 | 8
5063149620721279549 | 101 | 3.02208 | 7
-3379652800996770935 | 95 | 2.97859 | 26
-6759305601993541869 | 96 | 2.97859 | 26
4928132869722467879 | 97 | 2.97859 | 26
-8590478334264615858 | 98 | 23.9021 | 2
-8590478334264615857 | 98 | 2.40203 | 24
1265787405180319902 | 99 | 2.40203 | 24
2531574810360639804 | 100 | 2.27849 | 19
5063149620721279608 | 101 | 5.07576 | 2
5063149620721279609 | 101 | 1.77009 | 17
-8320444832266992398 | 102 | 1.77009 | 17
1805854409175566821 | 103 | 1.77009 | 17
3611708818351133643 | 104 | 1.77009 | 17
7223417636702267286 | 105 | 4.6613e-310 | 5
7223417636702267287 | 105 | 1.24283 | 12
-3999908800305017042 | 106 | 1.24283 | 12
-7999817600610034084 | 107 | 1.24283 | 12
2447108872489483449 | 108 | 1.24283 | 12
4894217744978966899 | 109 | 1.24283 | 12
-8658308583751617818 | 110 | 1.24283 | 12
1130126906206315981 | 111 | 1.24283 | 12
2260253812412631962 | 112 | 14.2713 | 2
2260253812412631963 | 112 | 4.6613e-310 | 10
2531574810360639805 | 100 | 4.6613e-310 | 5
-844913200249192733 | 93 | 1.92961 | 14
-1689826400498385466 | 94 | 1.92961 | 14
-3379652800996770932 | 95 | 1.92961 | 14
-6759305601993541863 | 96 | 1.92961 | 14
4928132869722467891 | 97 | 1.92961 | 14
-8590478334264615833 | 98 | 1.92961 | 14
1265787405180319950 | 99 | 1.92961 | 14
2531574810360639901 | 100 | 1.92961 | 14
5063149620721279802 | 101 | 1.64844 | 12
-8320444832266992011 | 102 | 1.64844 | 12
1805854409175567595 | 103 | 1.64844 | 12
3611708818351135190 | 104 | 1.64844 | 12
7223417636702270381 | 105 | 1.64844 | 12
-3999908800305010853 | 106 | 1.64844 | 12
-7999817600610021705 | 107 | 1.64844 | 12
2447108872489508207 | 108 | 1.64844 | 12
4894217744979016414 | 109 | 12.1601 | 3
4894217744979016415 | 109 | 4.6613e-310 | 9
5063149620721279803 | 101 | 4.6613e-310 | 2
-4805068324963635451 | 71 | 2.3218 | 17
8836607423782280714 | 72 | 2.3218 | 17
-773529226144990188 | 73 | 2.3218 | 17
-1547058452289980376 | 74 | 2.3218 | 17
-3094116904579960752 | 75 | 2.3218 | 17
-6188233809159921504 | 76 | 1.78389 | 15
6070276455389708608 | 77 | 1.78389 | 15
-6306191162930134399 | 78 | 1.78389 | 15
5834361747849282819 | 79 | 1.78389 | 15
-6778020578010985978 | 80 | 1.78389 | 15
4890702917687579660 | 81 | 1.78389 | 15
-8665338238334392295 | 82 | 1.78389 | 15
1116067597040767027 | 83 | 1.78389 | 15
2232135194081534054 | 84 | 1.78389 | 13
4464270388163068109 | 85 | 1.78389 | 13
8928540776326136218 | 86 | 4.6613e-310 | 5
8928540776326136219 | 86 | 4.6613e-310 | 8
2232135194081534055 | 84 | 4.6613e-310 | 2
-6188233809159921503 | 76 | 4.6613e-310 | 2
6316895487020627425 | 68 | 4.6613e-310 | 1
-7644148165099618951 | 66 | 12.9901 | 38
3158447743510313715 | 67 | 12.9901 | 38
6316895487020627431 | 68 | 12.9901 | 38
-5812953099668296754 | 69 | 12.9901 | 38
6820837874372958108 | 70 | 12.9901 | 38
-4805068324963635399 | 71 | 12.9901 | 38
8836607423782280818 | 72 | 7.06701 | 28
-773529226144989980 | 73 | 7.06701 | 28
-1547058452289979960 | 74 | 7.06701 | 28
-3094116904579959920 | 75 | 5.9082 | 26
-6188233809159919839 | 76 | 5.9082 | 26
6070276455389711938 | 77 | 3.94777 | 14
-6306191162930127740 | 78 | 3.94777 | 14
5834361747849296137 | 79 | 3.94777 | 14
-6778020578010959342 | 80 | 3.94777 | 14
4890702917687632932 | 81 | 3.94777 | 14
-8665338238334285752 | 82 | 3.94777 | 14
1116067597040980113 | 83 | 3.94777 | 14
2232135194081960226 | 84 | 3.94777 | 14
4464270388163920452 | 85 | 3.94777 | 14
8928540776327840905 | 86 | 3.94777 | 14
-589662521053869805 | 87 | 3.94777 | 14
-1179325042107739610 | 88 | 3.94777 | 14
-2358650084215479219 | 89 | 3.94777 | 14
-4717300168430958438 | 90 | 100.852 | 2
-4717300168430958437 | 90 | 3.94777 | 12
9012143736847634742 | 91 | 4.6613e-310 | 5
9012143736847634743 | 91 | 132.105 | 7
6070276455389711939 | 77 | 4.16775 | 12
-6306191162930127737 | 78 | 4.16775 | 12
5834361747849296142 | 79 | 4.16775 | 12
-6778020578010959332 | 80 | 4.16775 | 12
4890702917687632952 | 81 | 4.16775 | 12
-8665338238334285712 | 82 | 4.16775 | 12
1116067597040980193 | 83 | 4.16775 | 12
2232135194081960387 | 84 | 4.16775 | 12
4464270388163920775 | 85 | 4.16775 | 12
8928540776327841550 | 86 | 4.16775 | 12
-589662521053868516 | 87 | 4.16775 | 12
-1179325042107737032 | 88 | 4.6613e-310 | 1
-1179325042107737031 | 88 | 3.71432 | 11
-2358650084215474061 | 89 | 3.71432 | 11
-4717300168430948122 | 90 | 3.71432 | 11
9012143736847655373 | 91 | 3.71432 | 11
-422456600014240870 | 92 | 3.71432 | 11
-844913200028481740 | 93 | 3.71432 | 11
-1689826400056963480 | 94 | 3.71432 | 11
-3379652800113926960 | 95 | 3.71432 | 11
-6759305600227853919 | 96 | 3.71432 | 11
4928132873253843779 | 97 | 3.71432 | 11
-8590478327201864058 | 98 | 3.71432 | 11
1265787419305823500 | 99 | 3.71432 | 11
2531574838611647000 | 100 | 3.71432 | 11
5063149677223294000 | 101 | 1.58101e-322 | 8
5063149677223294001 | 101 | 1.58101e-322 | 3
-3094116904579959919 | 75 | 4.6613e-310 | 2
8836607423782280819 | 72 | 4.6613e-310 | 10
63078716401805 | 46 | 13.2274 | 74
126157432803610 | 47 | 13.2274 | 74
252314865607220 | 48 | 13.2274 | 74
504629731214440 | 49 | 13.2274 | 74
1009259462428880 | 50 | 2.88383 | 32
2018518924857761 | 51 | 2.88383 | 32
4037037849715523 | 52 | 2.88383 | 32
8074075699431046 | 53 | 2.88383 | 32
16148151398862093 | 54 | 2.88383 | 32
32296302797724186 | 55 | 2.88383 | 32
64592605595448372 | 56 | 6.95061e-310 | 10
64592605595448373 | 56 | 1.93356 | 22
129185211190896746 | 57 | 1.93356 | 22
258370422381793492 | 58 | 1.93356 | 22
516740844763586984 | 59 | 2.35454 | 9
516740844763586985 | 59 | 1.33731 | 13
1033481689527173971 | 60 | 1.33731 | 13
2066963379054347942 | 61 | 1.33731 | 13
4133926758108695885 | 62 | 1.33731 | 13
8267853516217391770 | 63 | 1.33731 | 13
-1911037041274768075 | 64 | 1.33731 | 13
-3822074082549536150 | 65 | 0 | 9
-3822074082549536149 | 65 | 9.53547e-322 | 4
1009259462428881 | 50 | 11.0673 | 42
2018518924857762 | 51 | 5.41306 | 12
4037037849715525 | 52 | 5.41306 | 12
8074075699431050 | 53 | 4.6613e-310 | 7
8074075699431051 | 53 | 4.6613e-310 | 5
2018518924857763 | 51 | 6.10833 | 30
4037037849715527 | 52 | 6.10833 | 30
8074075699431054 | 53 | 6.10833 | 30
16148151398862109 | 54 | 6.10833 | 30
32296302797724218 | 55 | 5.70421 | 20
64592605595448437 | 56 | 5.70421 | 20
129185211190896875 | 57 | 5.70421 | 20
258370422381793750 | 58 | 5.70421 | 12
516740844763587500 | 59 | 5.70421 | 12
1033481689527175000 | 60 | 4.84742 | 11
2066963379054350001 | 61 | 4.84742 | 11
4133926758108700002 | 62 | 4.84742 | 11
8267853516217400004 | 63 | 4.30087 | 2
8267853516217400005 | 63 | 0.6281 | 9
1033481689527175001 | 60 | 4.6613e-310 | 1
258370422381793751 | 58 | 4.6613e-310 | 8
32296302797724219 | 55 | 4.6613e-310 | 10
123200617973 | 37 | 12.0311 | 111
246401235946 | 38 | 11.8405 | 110
492802471892 | 39 | 11.8405 | 110
985604943784 | 40 | 11.8405 | 110
1971209887568 | 41 | 8.82895 | 106
3942419775137 | 42 | 8.82895 | 106
7884839550274 | 43 | 8.82895 | 106
15769679100549 | 44 | 8.82895 | 106
31539358201099 | 45 | 8.82895 | 106
63078716402199 | 46 | 8.82895 | 106
126157432804398 | 47 | 4.23704 | 54
252314865608797 | 48 | 4.23704 | 54
504629731217595 | 49 | 4.23704 | 54
1009259462435190 | 50 | 4.23704 | 54
2018518924870380 | 51 | 4.23704 | 54
4037037849740761 | 52 | 4.23704 | 54
8074075699481523 | 53 | 4.23704 | 54
16148151398963047 | 54 | 4.23704 | 54
32296302797926095 | 55 | 4.23704 | 54
64592605595852190 | 56 | 4.23704 | 54
129185211191704380 | 57 | 4.23704 | 54
258370422383408761 | 58 | 4.23704 | 54
516740844766817523 | 59 | 4.23704 | 54
1033481689533635047 | 60 | 4.23704 | 54
2066963379067270095 | 61 | 4.23704 | 54
4133926758134540191 | 62 | 4.23704 | 54
8267853516269080382 | 63 | 4.23704 | 54
-1911037041171390851 | 64 | 4.23704 | 54
-3822074082342781702 | 65 | 4.23704 | 54
-7644148164685563404 | 66 | 4.23704 | 54
3158447744338424808 | 67 | 4.23704 | 54
6316895488676849617 | 68 | 4.23704 | 54
-5812953096355852382 | 69 | 4.23704 | 54
6820837880997846852 | 70 | 4.23704 | 54
-4805068311713857911 | 71 | 4.23704 | 54
8836607450281835795 | 72 | 4.23704 | 54
-773529173145880026 | 73 | 4.23704 | 54
-1547058346291760052 | 74 | 3.83587 | 50
-3094116692583520103 | 75 | 3.83587 | 50
-6188233385167040206 | 76 | 3.83587 | 50
6070277303375471204 | 77 | 3.83587 | 50
-6306189466958609208 | 78 | 3.83587 | 50
5834365139792333200 | 79 | 3.83587 | 50
-6778013794124885216 | 80 | 3.83587 | 50
4890716485459781184 | 81 | 3.61658 | 40
-8665311102789989248 | 82 | 3.61658 | 40
1116121868129573120 | 83 | 3.61658 | 40
2232243736259146240 | 84 | 3.61658 | 40
4464487472518292481 | 85 | 3.61658 | 40
8928974945036584963 | 86 | 3.61658 | 40
-588794183636381690 | 87 | 3.61658 | 40
-1177588367272763379 | 88 | 3.61658 | 40
-2355176734545526758 | 89 | 0.478883 | 3
-2355176734545526757 | 89 | 3.51051 | 37
-4710353469091053514 | 90 | 3.51051 | 37
9026037135527444589 | 91 | 3.51051 | 37
-394669802654662438 | 92 | 3.51051 | 37
-789339605309324875 | 93 | 3.51051 | 37
-1578679210618649750 | 94 | 3.51051 | 37
-3157358421237299500 | 95 | 3.51051 | 37
-6314716842474599000 | 96 | 3.51051 | 37
5817310388760353616 | 97 | 3.51051 | 37
-6812123296188844384 | 98 | 2.38036 | 11
4822497481331862849 | 99 | 2.38036 | 11
-8801749111045825918 | 100 | 2.38036 | 11
843245851617899780 | 101 | 2.38036 | 11
1686491703235799561 | 102 | 2.38036 | 11
3372983406471599122 | 103 | 2.38036 | 11
6745966812943198244 | 104 | 2.38036 | 11
-4954810447823155128 | 105 | 2.38036 | 11
8537123178063241361 | 106 | 2.38036 | 11
-1372497717583068894 | 107 | 12.2079 | 6
-1372497717583068893 | 107 | 1.63042e-322 | 5
-6812123296188844383 | 98 | 2.30723 | 26
4822497481331862850 | 99 | 2.30723 | 26
-8801749111045825916 | 100 | 2.30723 | 26
843245851617899784 | 101 | 4.6613e-310 | 10
843245851617899785 | 101 | 1.62927 | 16
1686491703235799570 | 102 | 1.62927 | 16
3372983406471599140 | 103 | 8.30598 | 6
3372983406471599141 | 103 | 0.0607575 | 10
4890716485459781185 | 81 | 4.6613e-310 | 10
-1547058346291760051 | 74 | 4.6613e-310 | 4
126157432804399 | 47 | 5.2643 | 52
252314865608799 | 48 | 5.2643 | 52
504629731217598 | 49 | 5.2643 | 52
1009259462435197 | 50 | 5.2643 | 52
2018518924870394 | 51 | 5.2643 | 52
4037037849740788 | 52 | 5.2643 | 52
8074075699481576 | 53 | 5.2643 | 52
16148151398963152 | 54 | 5.2643 | 52
32296302797926305 | 55 | 5.2643 | 52
64592605595852610 | 56 | 4.22273 | 48
129185211191705221 | 57 | 4.22273 | 48
258370422383410442 | 58 | 4.22273 | 48
516740844766820884 | 59 | 3.3309 | 44
1033481689533641769 | 60 | 3.3309 | 44
2066963379067283538 | 61 | 3.14994 | 12
4133926758134567076 | 62 | 1.63042e-322 | 4
4133926758134567077 | 62 | 1.63042e-322 | 8
2066963379067283539 | 61 | 2.99421 | 32
4133926758134567079 | 62 | 2.99421 | 32
8267853516269134158 | 63 | 2.99421 | 32
-1911037041171283300 | 64 | 2.99421 | 32
-3822074082342566600 | 65 | 2.72268 | 29
-7644148164685133200 | 66 | 2.72268 | 29
3158447744339285216 | 67 | 2.72268 | 29
6316895488678570432 | 68 | 1.58101e-322 | 9
6316895488678570433 | 68 | 2.01742 | 20
-5812953096352410750 | 69 | 2.01742 | 19
6820837881004730116 | 70 | 2.01742 | 19
-4805068311700091384 | 71 | 1.81812 | 17
8836607450309368849 | 72 | 1.81812 | 17
-773529173090813918 | 73 | 1.71101 | 13
-1547058346181627836 | 74 | 1.42466 | 12
-3094116692363255672 | 75 | 1.11563 | 11
-6188233384726511343 | 76 | 1.11563 | 11
6070277304256528931 | 77 | 1.11563 | 11
-6306189465196493754 | 78 | 1.11563 | 11
5834365143316564108 | 79 | 1.11563 | 11
-6778013787076423399 | 80 | 1.11563 | 11
4890716499556704818 | 81 | 1.11563 | 11
-8665311074596141980 | 82 | 2.37152e-322 | 7
-8665311074596141979 | 82 | 2.37152e-322 | 4
-3094116692363255671 | 75 | 2.37152e-322 | 1
-1547058346181627835 | 74 | 2.37152e-322 | 1
-773529173090813917 | 73 | 2.37152e-322 | 4
-4805068311700091383 | 71 | 2.37152e-322 | 2
-5812953096352410749 | 69 | 2.37152e-322 | 1
-3822074082342566599 | 65 | 2.37152e-322 | 3
516740844766820885 | 59 | 4.6613e-310 | 4
64592605595852611 | 56 | 4.6613e-310 | 4
1971209887569 | 41 | 4.6613e-310 | 4
246401235947 | 38 | 4.6613e-310 | 1
29 | 5 | 4.6613e-310 | 10
15 | 4 | 24.0358 | 283
31 | 5 | 24.0358 | 283
62 | 6 | 19.5063 | 106
124 | 7 | 19.5063 | 106
248 | 8 | 19.5063 | 106
496 | 9 | 17.2917 | 92
992 | 10 | 17.2917 | 26
1985 | 11 | 17.2917 | 26
3970 | 12 | 17.2917 | 26
7940 | 13 | 17.2917 | 26
15880 | 14 | 17.2917 | 26
31760 | 15 | 17.2917 | 26
63520 | 16 | 17.2917 | 26
127040 | 17 | 10.0039 | 15
254081 | 18 | 10.0039 | 15
508162 | 19 | 10.0039 | 15
1016324 | 20 | 4.6613e-310 | 5
1016325 | 20 | 4.6613e-310 | 10
127041 | 17 | 7.28822 | 11
254082 | 18 | 7.28822 | 11
508165 | 19 | 7.28822 | 11
1016331 | 20 | 7.28822 | 11
2032663 | 21 | 7.28822 | 11
4065327 | 22 | 7.28822 | 11
8130654 | 23 | 7.28822 | 11
16261308 | 24 | 7.28822 | 11
32522617 | 25 | 7.28822 | 11
65045234 | 26 | 7.28822 | 11
130090468 | 27 | 7.28822 | 11
260180936 | 28 | 7.28822 | 11
520361872 | 29 | 7.28822 | 11
1040723745 | 30 | 7.28822 | 11
2081447490 | 31 | 7.28822 | 11
4162894981 | 32 | 7.28822 | 11
8325789963 | 33 | 7.28822 | 11
16651579927 | 34 | 7.28822 | 11
33303159854 | 35 | 7.28822 | 11
66606319708 | 36 | 7.28822 | 11
133212639416 | 37 | 7.28822 | 11
266425278832 | 38 | 4.6613e-310 | 4
266425278833 | 38 | 4.6613e-310 | 7
993 | 10 | 14.3019 | 66
1987 | 11 | 14.3019 | 66
3975 | 12 | 14.3019 | 66
7951 | 13 | 14.3019 | 66
15903 | 14 | 14.3019 | 66
31806 | 15 | 14.3019 | 66
63613 | 16 | 14.3019 | 66
127226 | 17 | 14.3019 | 66
254452 | 18 | 14.3019 | 66
508905 | 19 | 14.3019 | 66
1017811 | 20 | 14.3019 | 66
2035622 | 21 | 14.3019 | 66
4071245 | 22 | 14.3019 | 66
8142490 | 23 | 3.32269 | 16
16284980 | 24 | 3.32269 | 16
32569960 | 25 | 3.32269 | 16
65139921 | 26 | 3.32269 | 16
130279842 | 27 | 3.32269 | 16
260559684 | 28 | 3.32269 | 16
521119369 | 29 | 3.32269 | 16
1042238739 | 30 | 3.32269 | 16
2084477478 | 31 | 3.32269 | 16
4168954956 | 32 | 3.32269 | 16
8337909912 | 33 | 3.32269 | 15
16675819824 | 34 | 0 | 2
16675819825 | 34 | 2.96135 | 13
33351639651 | 35 | 2.96135 | 13
66703279302 | 36 | 2.96135 | 13
133406558604 | 37 | 2.54039 | 12
266813117209 | 38 | 2.54039 | 12
533626234418 | 39 | 2.54039 | 12
1067252468837 | 40 | 2.54039 | 12
2134504937674 | 41 | 2.54039 | 12
4269009875349 | 42 | 2.54039 | 12
8538019750698 | 43 | 0.692702 | 5
8538019750699 | 43 | 5.51711 | 7
133406558605 | 37 | 4.6613e-310 | 1
8337909913 | 33 | 4.6613e-310 | 1
8142491 | 23 | 11.6994 | 50
16284983 | 24 | 11.6994 | 50
32569967 | 25 | 11.6994 | 50
65139935 | 26 | 11.6994 | 50
130279871 | 27 | 11.6994 | 50
260559743 | 28 | 11.6994 | 50
521119487 | 29 | 11.6994 | 50
1042238975 | 30 | 11.6994 | 50
2084477951 | 31 | 11.6994 | 50
4168955902 | 32 | 11.6994 | 50
8337911804 | 33 | 11.6994 | 50
16675823608 | 34 | 11.6994 | 50
33351647216 | 35 | 9.80221 | 49
66703294432 | 36 | 8.08753 | 21
133406588864 | 37 | 8.08753 | 21
266813177729 | 38 | 8.08753 | 21
533626355459 | 39 | 8.08753 | 21
1067252710919 | 40 | 8.08753 | 21
2134505421838 | 41 | 8.08753 | 21
4269010843677 | 42 | 8.08753 | 21
8538021687355 | 43 | 8.08753 | 21
17076043374711 | 44 | 8.08753 | 21
34152086749422 | 45 | 1.44422 | 4
34152086749423 | 45 | 8.08753 | 17
68304173498847 | 46 | 8.08753 | 17
136608346997695 | 47 | 8.08753 | 17
273216693995391 | 48 | 8.08753 | 17
546433387990782 | 49 | 8.08753 | 17
1092866775981564 | 50 | 8.08753 | 17
2185733551963129 | 51 | 8.08753 | 17
4371467103926259 | 52 | 8.08753 | 17
8742934207852519 | 53 | 8.08753 | 17
17485868415705038 | 54 | 8.08753 | 17
34971736831410077 | 55 | 8.08753 | 17
69943473662820154 | 56 | 0.0978641 | 1
69943473662820155 | 56 | 7.67415 | 16
139886947325640311 | 57 | 7.67415 | 16
279773894651280622 | 58 | 7.67415 | 16
559547789302561244 | 59 | 0 | 1
559547789302561245 | 59 | 6.28874 | 15
1119095578605122491 | 60 | 6.28874 | 15
2238191157210244982 | 61 | 6.28874 | 15
4476382314420489964 | 62 | 0.730199 | 9
4476382314420489965 | 62 | 7.26271 | 6
66703294433 | 36 | 9.80221 | 28
133406588867 | 37 | 9.80221 | 28
266813177734 | 38 | 5.34696 | 24
533626355469 | 39 | 5.34696 | 24
1067252710938 | 40 | 5.34696 | 24
2134505421877 | 41 | 5.34696 | 24
4269010843755 | 42 | 5.34696 | 24
8538021687511 | 43 | 5.34696 | 24
17076043375023 | 44 | 5.34696 | 24
34152086750047 | 45 | 5.34696 | 24
68304173500094 | 46 | 5.34696 | 24
136608347000188 | 47 | 4.6613e-310 | 6
136608347000189 | 47 | 4.86605 | 18
273216694000378 | 48 | 3.63305 | 15
546433388000757 | 49 | 3.63305 | 15
1092866776001514 | 50 | 3.63305 | 15
2185733552003028 | 51 | 3.63305 | 15
4371467104006057 | 52 | 3.63305 | 15
8742934208012115 | 53 | 3.63305 | 15
17485868416024230 | 54 | 2.31425 | 6
17485868416024231 | 54 | 4.13978 | 9
273216694000379 | 48 | 4.6613e-310 | 3
266813177735 | 38 | 4.6613e-310 | 4
33351647217 | 35 | 4.6613e-310 | 1
497 | 9 | 6.91785 | 14
995 | 10 | 6.91785 | 14
1991 | 11 | 6.91785 | 14
3982 | 12 | 6.91785 | 14
7965 | 13 | 6.91785 | 14
15931 | 14 | 6.91785 | 14
31862 | 15 | 6.91785 | 14
63724 | 16 | 4.6613e-310 | 3
63725 | 16 | 4.78179 | 11
127451 | 17 | 4.78179 | 11
254902 | 18 | 4.78179 | 11
509804 | 19 | 4.78179 | 11
1019609 | 20 | 4.78179 | 11
2039219 | 21 | 4.78179 | 11
4078439 | 22 | 4.78179 | 11
8156878 | 23 | 3.61293 | 4
8156879 | 23 | 10.675 | 7
63 | 6 | 18.3191 | 177
127 | 7 | 18.3191 | 177
254 | 8 | 15.589 | 165
509 | 9 | 15.589 | 165
1019 | 10 | 15.589 | 165
2038 | 11 | 15.589 | 165
4077 | 12 | 15.589 | 165
8154 | 13 | 15.589 | 125
16309 | 14 | 15.589 | 125
32619 | 15 | 15.589 | 125
65238 | 16 | 15.589 | 125
130476 | 17 | 15.589 | 125
260953 | 18 | 15.589 | 125
521906 | 19 | 15.589 | 125
1043812 | 20 | 15.589 | 125
2087625 | 21 | 15.589 | 125
4175250 | 22 | 15.589 | 125
8350501 | 23 | 15.589 | 125
16701002 | 24 | 13.4481 | 69
33402005 | 25 | 13.4481 | 69
66804010 | 26 | 13.4481 | 69
133608020 | 27 | 13.4481 | 69
267216041 | 28 | 13.4481 | 69
534432082 | 29 | 13.4481 | 69
1068864165 | 30 | 13.4481 | 69
2137728331 | 31 | 13.4481 | 69
4275456663 | 32 | 13.4481 | 69
8550913326 | 33 | 13.4481 | 69
17101826652 | 34 | 13.4481 | 69
34203653304 | 35 | 13.4481 | 69
68407306609 | 36 | 13.4481 | 69
136814613219 | 37 | 13.4481 | 69
273629226438 | 38 | 13.4481 | 69
547258452876 | 39 | 13.4481 | 69
1094516905752 | 40 | 13.4481 | 69
2189033811504 | 41 | 13.4481 | 69
4378067623008 | 42 | 13.4481 | 69
8756135246016 | 43 | 13.4481 | 69
17512270492032 | 44 | 3.49406 | 14
35024540984064 | 45 | 3.49406 | 14
70049081968129 | 46 | 3.49406 | 14
140098163936259 | 47 | 3.49406 | 14
280196327872518 | 48 | 4.6613e-310 | 4
280196327872519 | 48 | 5.58294e-322 | 10
17512270492033 | 44 | 5.47322 | 55
35024540984067 | 45 | 5.47322 | 55
70049081968135 | 46 | 5.47322 | 55
140098163936271 | 47 | 5.47322 | 55
280196327872542 | 48 | 5.47322 | 55
560392655745085 | 49 | 5.47322 | 55
1120785311490171 | 50 | 5.47322 | 55
2241570622980343 | 51 | 5.47322 | 55
4483141245960686 | 52 | 5.47322 | 41
8966282491921372 | 53 | 5.47322 | 41
17932564983842744 | 54 | 5.47322 | 41
35865129967685488 | 55 | 5.47322 | 41
71730259935370976 | 56 | 5.47322 | 41
143460519870741952 | 57 | 5.47322 | 41
286921039741483905 | 58 | 5.47322 | 41
573842079482967810 | 59 | 5.47322 | 41
1147684158965935620 | 60 | 5.47322 | 41
2295368317931871241 | 61 | 5.47322 | 41
4590736635863742482 | 62 | 5.47322 | 41
9181473271727484964 | 63 | 5.47322 | 41
-83797530254581687 | 64 | 5.47322 | 41
-167595060509163374 | 65 | 0.951146 | 2
-167595060509163373 | 65 | 5.12672 | 39
-335190121018326746 | 66 | 5.12672 | 39
-670380242036653492 | 67 | 5.12672 | 39
-1340760484073306983 | 68 | 5.12672 | 39
-2681520968146613965 | 69 | 5.12672 | 39
-5363041936293227930 | 70 | 5.12672 | 39
7720660201123095756 | 71 | 3.77952 | 32
-3005423671463360103 | 72 | 3.77952 | 32
-6010847342926720206 | 73 | 3.77952 | 32
6425049387856111204 | 74 | 3.77952 | 32
-5596645297997329208 | 75 | 3.89701 | 3
-5596645297997329207 | 75 | 3.15067 | 29
7253453477714893203 | 76 | 3.15067 | 29
-3939837118279765209 | 77 | 3.15067 | 29
-7879674236559530418 | 78 | 1.84978 | 13
2687395600590490781 | 79 | 1.84978 | 13
5374791201180981562 | 80 | 6.95061e-310 | 7
5374791201180981563 | 80 | 6.95061e-310 | 6
-7879674236559530417 | 78 | 1.44452 | 16
2687395600590490782 | 79 | 1.44452 | 16
5374791201180981564 | 80 | 0.975395 | 3
5374791201180981565 | 80 | 1.15561 | 13
-7697161671347588485 | 81 | 1.15561 | 13
3052420731014374646 | 82 | 0.98707 | 11
6104841462028749293 | 83 | 0.98707 | 11
-6237061149652053030 | 84 | 0.98707 | 11
5972621774405445557 | 85 | 0.98707 | 11
-6501500524898660501 | 86 | 0.98707 | 11
5443743023912230615 | 87 | 0.98707 | 11
-7559258025885090385 | 88 | 0.98707 | 11
3328228021939370846 | 89 | 0.98707 | 11
6656456043878741693 | 90 | 0.98707 | 11
-5133831985952068230 | 91 | 0.98707 | 11
8179080101805415156 | 92 | 0.98707 | 11
-2088583870098721304 | 93 | 0.98707 | 11
-4177167740197442607 | 94 | 0.98707 | 11
-8354335480394885214 | 95 | 4.0255 | 7
-8354335480394885213 | 95 | 2.30814 | 4
3052420731014374647 | 82 | 4.6613e-310 | 2
7720660201123095757 | 71 | 4.6613e-310 | 7
4483141245960687 | 52 | 3.88673 | 14
8966282491921374 | 53 | 3.88673 | 14
17932564983842748 | 54 | 3.88673 | 14
35865129967685496 | 55 | 3.88673 | 14
71730259935370992 | 56 | 4.6613e-310 | 8
71730259935370993 | 56 | 4.6613e-310 | 6
16701003 | 24 | 11.6192 | 56
33402007 | 25 | 11.6192 | 56
66804014 | 26 | 11.6192 | 56
133608029 | 27 | 11.6192 | 56
267216059 | 28 | 11.6192 | 56
534432119 | 29 | 11.6192 | 56
1068864238 | 30 | 11.6192 | 56
2137728476 | 31 | 11.6192 | 56
4275456952 | 32 | 11.6192 | 56
8550913904 | 33 | 11.6192 | 56
17101827809 | 34 | 11.6192 | 56
34203655619 | 35 | 11.6192 | 56
68407311239 | 36 | 11.6192 | 56
136814622479 | 37 | 11.6192 | 56
273629244959 | 38 | 11.6192 | 56
547258489918 | 39 | 10.7913 | 41
1094516979836 | 40 | 10.7913 | 41
2189033959672 | 41 | 2.59437 | 18
4378067919344 | 42 | 2.59437 | 18
8756135838689 | 43 | 2.59437 | 18
17512271677378 | 44 | 2.59437 | 18
35024543354756 | 45 | 2.59437 | 18
70049086709512 | 46 | 18.4115 | 8
70049086709513 | 46 | 11.4793 | 10
2189033959673 | 41 | 4.33237 | 23
4378067919346 | 42 | 4.33237 | 23
8756135838692 | 43 | 2.93628 | 12
17512271677385 | 44 | 2.93628 | 12
35024543354771 | 45 | 2.93628 | 12
70049086709543 | 46 | 2.93628 | 12
140098173419086 | 47 | 2.93628 | 12
280196346838172 | 48 | 2.93628 | 12
560392693676344 | 49 | 2.93628 | 12
1120785387352689 | 50 | 2.93628 | 12
2241570774705379 | 51 | 2.93628 | 12
4483141549410758 | 52 | 2.93628 | 12
8966283098821516 | 53 | 2.93628 | 12
17932566197643033 | 54 | 2.93628 | 12
35865132395286067 | 55 | 2.93628 | 12
71730264790572134 | 56 | 4.57901 | 8
71730264790572135 | 56 | 5.11434 | 4
8756135838693 | 43 | 3.43201 | 11
17512271677386 | 44 | 3.43201 | 11
35024543354773 | 45 | 3.43201 | 11
70049086709547 | 46 | 3.43201 | 11
140098173419094 | 47 | 3.43201 | 11
280196346838188 | 48 | 8.15309 | 7
280196346838189 | 48 | 1.21507 | 4
547258489919 | 39 | 6.91249 | 15
1094516979838 | 40 | 6.91249 | 15
2189033959677 | 41 | 6.91249 | 15
4378067919354 | 42 | 6.91249 | 15
8756135838709 | 43 | 6.91249 | 15
17512271677418 | 44 | 6.91249 | 15
35024543354836 | 45 | 6.91249 | 15
70049086709672 | 46 | 6.91249 | 15
140098173419345 | 47 | 6.91249 | 15
280196346838690 | 48 | 6.91249 | 15
560392693677380 | 49 | 1.63042e-322 | 10
560392693677381 | 49 | 1.63042e-322 | 5
8155 | 13 | 10.2858 | 40
16310 | 14 | 6.71303 | 39
32621 | 15 | 6.71303 | 39
65243 | 16 | 6.71303 | 39
130486 | 17 | 6.71303 | 39
260973 | 18 | 6.71303 | 39
521947 | 19 | 6.71303 | 39
1043894 | 20 | 6.71303 | 39
2087789 | 21 | 6.71303 | 39
4175579 | 22 | 6.71303 | 39
8351159 | 23 | 6.71303 | 39
16702319 | 24 | 6.71303 | 39
33404638 | 25 | 6.71303 | 39
66809276 | 26 | 6.71303 | 39
133618552 | 27 | 3.32725 | 14
267237105 | 28 | 3.32725 | 14
534474210 | 29 | 0.341044 | 2
534474211 | 29 | 2.36965 | 12
1068948423 | 30 | 2.36965 | 12
2137896847 | 31 | 2.36965 | 12
4275793694 | 32 | 2.36965 | 12
8551587389 | 33 | 2.36965 | 12
17103174778 | 34 | 1.50125 | 11
34206349557 | 35 | 1.50125 | 11
68412699115 | 36 | 1.50125 | 11
136825398231 | 37 | 1.50125 | 11
273650796462 | 38 | 0.220087 | 6
273650796463 | 38 | 4.6613e-310 | 5
17103174779 | 34 | 4.6613e-310 | 1
133618553 | 27 | 4.22387 | 25
267237107 | 28 | 4.22387 | 25
534474215 | 29 | 4.22387 | 25
1068948431 | 30 | 4.22387 | 25
2137896863 | 31 | 4.22387 | 25
4275793726 | 32 | 4.22387 | 25
8551587452 | 33 | 4.22387 | 25
17103174905 | 34 | 4.22387 | 25
34206349810 | 35 | 4.22387 | 25
68412699620 | 36 | 4.22387 | 25
136825399240 | 37 | 4.22387 | 25
273650798481 | 38 | 4.22387 | 25
547301596962 | 39 | 4.22387 | 25
1094603193924 | 40 | 4.22387 | 25
2189206387849 | 41 | 4.22387 | 25
4378412775699 | 42 | 4.22387 | 25
8756825551398 | 43 | 4.22387 | 25
17513651102797 | 44 | 4.22387 | 25
35027302205594 | 45 | 4.22387 | 25
70054604411188 | 46 | 4.22387 | 24
140109208822376 | 47 | 4.22387 | 24
280218417644752 | 48 | 4.22387 | 24
560436835289505 | 49 | 4.22387 | 24
1120873670579011 | 50 | 4.22387 | 24
2241747341158023 | 51 | 4.22387 | 24
4483494682316046 | 52 | 4.22387 | 24
8966989364632092 | 53 | 3.2365 | 17
17933978729264184 | 54 | 2.01967 | 14
35867957458528369 | 55 | 2.01967 | 14
71735914917056738 | 56 | 2.01967 | 14
143471829834113476 | 57 | 2.01967 | 14
286943659668226952 | 58 | 2.01967 | 14
573887319336453905 | 59 | 2.01967 | 14
1147774638672907810 | 60 | 2.01967 | 14
2295549277345815621 | 61 | 2.01967 | 14
4591098554691631242 | 62 | 2.01967 | 12
9182197109383262484 | 63 | 2.01967 | 12
-82349854943026648 | 64 | 2.01967 | 12
-164699709886053296 | 65 | 2.01967 | 12
-329399419772106592 | 66 | 0.00526784 | 9
-329399419772106591 | 66 | 4.6613e-310 | 3
4591098554691631243 | 62 | 4.6613e-310 | 2
17933978729264185 | 54 | 4.6613e-310 | 3
8966989364632093 | 53 | 4.6613e-310 | 7
70054604411189 | 46 | 4.6613e-310 | 1
16311 | 14 | 4.6613e-310 | 1
255 | 8 | 3.76331 | 12
510 | 9 | 3.76331 | 12
1020 | 10 | 3.76331 | 11
2040 | 11 | 3.76331 | 11
4080 | 12 | 3.76331 | 11
8161 | 13 | 3.76331 | 11
16323 | 14 | 3.76331 | 11
32646 | 15 | 3.76331 | 11
65292 | 16 | 3.76331 | 11
130584 | 17 | 4.6613e-310 | 8
130585 | 17 | 4.6613e-310 | 3
1021 | 10 | 4.6613e-310 | 1
