ID | Depth | diameter | Number of points
0 | 0 | 29.316 | 1600
0 | 1 | 29.316 | 1600
0 | 2 | 29.0847 | 1582
0 | 3 | 29.0847 | 1582
1 | 4 | 29.0847 | 1582
2 | 5 | 29.0847 | 1582
4 | 6 | 29.0847 | 1582
8 | 7 | 29.0847 | 1582
16 | 8 | 29.0847 | 1582
32 | 9 | 20.293 | 327
64 | 10 | 20.293 | 327
129 | 11 | 20.293 | 327
258 | 12 | 20.293 | 327
517 | 13 | 20.293 | 327
1035 | 14 | 20.293 | 327
2070 | 15 | 20.293 | 327
4140 | 16 | 20.293 | 327
8280 | 17 | 19.1902 | 199
16561 | 18 | 19.1902 | 199
33122 | 19 | 19.1902 | 199
66244 | 20 | 19.1902 | 199
132489 | 21 | 19.1902 | 199
264978 | 22 | 19.1902 | 199
529957 | 23 | 19.1902 | 199
1059914 | 24 | 19.1902 | 199
2119828 | 25 | 19.1902 | 199
4239657 | 26 | 19.1902 | 199
8479315 | 27 | 19.1902 | 199
16958630 | 28 | 19.1902 | 199
33917261 | 29 | 19.1902 | 199
67834522 | 30 | 19.1902 | 199
135669045 | 31 | 19.1902 | 199
271338091 | 32 | 19.1902 | 199
542676183 | 33 | 19.1902 | 199
1085352367 | 34 | 19.1902 | 199
2170704735 | 35 | 19.1902 | 199
4341409471 | 36 | 19.1902 | 199
8682818942 | 37 | 19.1902 | 199
17365637884 | 38 | 19.1902 | 199
34731275768 | 39 | 19.1902 | 199
69462551536 | 40 | 5.48794 | 16
138925103072 | 41 | 5.48794 | 16
277850206145 | 42 | 5.48794 | 16
555700412291 | 43 | 5.48794 | 16
1111400824582 | 44 | 5.48794 | 16
2222801649165 | 45 | 5.48794 | 16
4445603298331 | 46 | 5.48794 | 16
8891206596662 | 47 | 1.58365 | 3
8891206596663 | 47 | 5.09215 | 13
17782413193326 | 48 | 5.09215 | 13
35564826386653 | 49 | 5.09215 | 13
71129652773307 | 50 | 5.09215 | 13
142259305546614 | 51 | 5.09215 | 13
284518611093228 | 52 | 5.09215 | 13
569037222186457 | 53 | 5.09215 | 13
1138074444372914 | 54 | 5.09215 | 13
2276148888745828 | 55 | 5.09215 | 13
4552297777491656 | 56 | 5.09215 | 13
9104595554983313 | 57 | 5.09215 | 13
18209191109966626 | 58 | 5.09215 | 13
36418382219933252 | 59 | 5.09215 | 13
72836764439866505 | 60 | 5.09215 | 13
145673528879733010 | 61 | 5.09215 | 13
291347057759466021 | 62 | 5.09215 | 13
582694115518932043 | 63 | 5.09215 | 13
1165388231037864086 | 64 | 5.09215 | 13
2330776462075728173 | 65 | 5.09215 | 13
4661552924151456346 | 66 | 0.067197 | 8
4661552924151456347 | 66 | 0.375824 | 5
69462551537 | 40 | 16.3076 | 183
138925103075 | 41 | 16.3076 | 183
277850206151 | 42 | 16.3076 | 183
555700412303 | 43 | 16.3076 | 183
1111400824607 | 44 | 16.3076 | 183
2222801649214 | 45 | 9.45364 | 56
4445603298428 | 46 | 9.45364 | 56
8891206596857 | 47 | 9.45364 | 56
17782413193714 | 48 | 9.45364 | 56
35564826387428 | 49 | 9.45364 | 56
71129652774856 | 50 | 8.22202 | 47
142259305549712 | 51 | 8.22202 | 47
284518611099425 | 52 | 8.22202 | 47
569037222198850 | 53 | 27.1777 | 9
569037222198851 | 53 | 6.47976 | 38
1138074444397703 | 54 | 6.47976 | 38
2276148888795406 | 55 | 6.47976 | 38
4552297777590813 | 56 | 6.47976 | 38
9104595555181626 | 57 | 6.47976 | 38
18209191110363252 | 58 | 6.47976 | 38
36418382220726505 | 59 | 6.47976 | 38
72836764441453011 | 60 | 6.47976 | 38
145673528882906022 | 61 | 6.47976 | 38
291347057765812045 | 62 | 6.47976 | 38
582694115531624091 | 63 | 6.47976 | 38
1165388231063248182 | 64 | 5.82549 | 33
2330776462126496364 | 65 | 0.880078 | 3
2330776462126496365 | 65 | 5.31018 | 30
4661552924252992730 | 66 | 5.31018 | 30
-9123638225203566156 | 67 | 5.31018 | 30
199467623302419304 | 68 | 5.31018 | 30
398935246604838608 | 69 | 5.31018 | 30
797870493209677216 | 70 | 5.31018 | 30
1595740986419354433 | 71 | 5.31018 | 30
3191481972838708866 | 72 | 5.31018 | 30
6382963945677417732 | 73 | 5.31018 | 30
-5680816182354716152 | 74 | 5.31018 | 30
7085111709000119313 | 75 | 5.31018 | 30
-4276520655709312989 | 76 | 5.31018 | 30
-8553041311418625978 | 77 | 5.31018 | 30
1340661450872299661 | 78 | 5.31018 | 30
2681322901744599323 | 79 | 5.31018 | 30
5362645803489198647 | 80 | 5.31018 | 30
-7721452466731154322 | 81 | 5.31018 | 30
3003839140247242972 | 82 | 5.31018 | 30
6007678280494485944 | 83 | 4.34707 | 17
-6431387512720579727 | 84 | 4.34707 | 17
5583969048268392162 | 85 | 4.34707 | 17
-7278805977172767291 | 86 | 4.34707 | 17
3889132119364017035 | 87 | 4.34707 | 17
7778264238728034070 | 88 | 4.34707 | 17
-2890215596253483476 | 89 | 4.34707 | 17
-5780431192506966951 | 90 | 4.34707 | 17
6885881688695617715 | 91 | 4.34707 | 17
-4674980696318316186 | 92 | 4.34707 | 17
9096782681072919244 | 93 | 3.47019 | 16
-253178711563713128 | 94 | 4.6613e-310 | 1
-253178711563713127 | 94 | 2.8246 | 15
-506357423127426253 | 95 | 2.8246 | 15
-1012714846254852506 | 96 | 2.8246 | 15
-2025429692509705011 | 97 | 2.8246 | 15
-4050859385019410022 | 98 | 2.8246 | 15
-8101718770038820044 | 99 | 2.8246 | 15
2243306533631911529 | 100 | 2.8246 | 15
4486613067263823058 | 101 | 0.357865 | 3
4486613067263823059 | 101 | 2.2609 | 12
8973226134527646118 | 102 | 2.2609 | 12
-500291804654259379 | 103 | 2.2609 | 12
-1000583609308518757 | 104 | 2.2609 | 12
-2001167218617037514 | 105 | 2.2609 | 12
-4002334437234075027 | 106 | 2.2609 | 12
-8004668874468150053 | 107 | 2.2609 | 12
2437406324773251511 | 108 | 2.2609 | 12
4874812649546503022 | 109 | 5.58445 | 3
4874812649546503023 | 109 | 4.6613e-310 | 9
9096782681072919245 | 93 | 4.6613e-310 | 1
6007678280494485945 | 83 | 3.38463 | 13
-6431387512720579725 | 84 | 3.38463 | 13
5583969048268392166 | 85 | 4.6613e-310 | 8
5583969048268392167 | 85 | 4.6613e-310 | 5
1165388231063248183 | 64 | 4.6613e-310 | 5
71129652774857 | 50 | 4.6613e-310 | 9
2222801649215 | 45 | 16.3076 | 127
4445603298431 | 46 | 16.3076 | 127
8891206596863 | 47 | 16.3076 | 127
17782413193727 | 48 | 16.3076 | 127
35564826387454 | 49 | 12.5851 | 33
71129652774909 | 50 | 12.5851 | 33
142259305549819 | 51 | 12.5851 | 33
284518611099638 | 52 | 12.5851 | 33
569037222199276 | 53 | 12.5851 | 33
1138074444398553 | 54 | 12.5851 | 33
2276148888797107 | 55 | 12.5851 | 33
4552297777594215 | 56 | 12.5851 | 33
9104595555188430 | 57 | 12.5851 | 33
18209191110376860 | 58 | 12.5851 | 33
36418382220753721 | 59 | 12.5851 | 33
72836764441507442 | 60 | 12.5851 | 33
145673528883014884 | 61 | 12.5851 | 33
291347057766029768 | 62 | 12.5851 | 33
582694115532059536 | 63 | 12.5851 | 33
1165388231064119073 | 64 | 12.5851 | 33
2330776462128238146 | 65 | 12.5851 | 33
4661552924256476293 | 66 | 12.5851 | 33
-9123638225196599029 | 67 | 12.5851 | 33
199467623316353558 | 68 | 12.5851 | 33
398935246632707117 | 69 | 12.5851 | 33
797870493265414234 | 70 | 12.5851 | 33
1595740986530828469 | 71 | 12.5851 | 33
3191481973061656938 | 72 | 12.5851 | 33
6382963946123313876 | 73 | 12.5851 | 33
-5680816181462923864 | 74 | 4.6613e-310 | 2
-5680816181462923863 | 74 | 11.9237 | 31
7085111710783703891 | 75 | 11.9237 | 31
-4276520652142143834 | 76 | 4.6613e-310 | 9
-4276520652142143833 | 76 | 11.4796 | 22
-8553041304284287666 | 77 | 5.07174 | 16
1340661465140976284 | 78 | 4.6613e-310 | 2
1340661465140976285 | 78 | 4.72344 | 14
2681322930281952570 | 79 | 4.6613e-310 | 7
2681322930281952571 | 79 | 6.95061e-310 | 7
-8553041304284287665 | 77 | 4.6613e-310 | 6
35564826387455 | 49 | 13.1425 | 94
71129652774911 | 50 | 13.1425 | 94
142259305549822 | 51 | 13.1425 | 94
284518611099644 | 52 | 13.1425 | 94
569037222199288 | 53 | 13.1425 | 94
1138074444398576 | 54 | 13.1425 | 94
2276148888797152 | 55 | 13.1425 | 94
4552297777594304 | 56 | 13.1425 | 94
9104595555188608 | 57 | 13.1425 | 94
18209191110377216 | 58 | 4.6613e-310 | 6
18209191110377217 | 58 | 9.6824 | 88
36418382220754434 | 59 | 9.6824 | 88
72836764441508869 | 60 | 9.6824 | 88
145673528883017739 | 61 | 9.6824 | 88
291347057766035479 | 62 | 9.6824 | 88
582694115532070958 | 63 | 9.6824 | 88
1165388231064141917 | 64 | 9.6824 | 88
2330776462128283834 | 65 | 8.63209 | 67
4661552924256567668 | 66 | 8.63209 | 67
-9123638225196416279 | 67 | 8.63209 | 67
199467623316719058 | 68 | 8.63209 | 67
398935246633438116 | 69 | 8.63209 | 67
797870493266876232 | 70 | 8.63209 | 67
1595740986533752464 | 71 | 6.11079 | 42
3191481973067504928 | 72 | 6.11079 | 42
6382963946135009856 | 73 | 5.56978 | 36
-5680816181439531904 | 74 | 2.69096 | 18
7085111710830487809 | 75 | 2.69096 | 18
-4276520652048575998 | 76 | 2.69096 | 18
-8553041304097151996 | 77 | 2.69096 | 18
1340661465515247624 | 78 | 2.69096 | 18
2681322931030495249 | 79 | 2.69096 | 18
5362645862060990498 | 80 | 4.95165 | 5
5362645862060990499 | 80 | 2.69096 | 13
-7721452349587570618 | 81 | 2.69096 | 13
3003839374534410380 | 82 | 2.69096 | 13
6007678749068820761 | 83 | 2.69096 | 13
-6431386575571910094 | 84 | 2.69096 | 13
5583970922565731428 | 85 | 1.11723 | 7
5583970922565731429 | 85 | 4.6613e-310 | 6
-5680816181439531903 | 74 | 3.72519 | 18
7085111710830487810 | 75 | 3.72519 | 18
-4276520652048575996 | 76 | 3.72519 | 18
-8553041304097151991 | 77 | 3.72519 | 18
1340661465515247635 | 78 | 3.72519 | 18
2681322931030495270 | 79 | 0.132791 | 3
2681322931030495271 | 79 | 2.41942 | 15
5362645862060990543 | 80 | 2.41942 | 15
-7721452349587570530 | 81 | 2.41942 | 15
3003839374534410556 | 82 | 2.41942 | 15
6007678749068821113 | 83 | 2.41942 | 15
-6431386575571909390 | 84 | 2.41942 | 15
5583970922565732837 | 85 | 2.41942 | 15
-7278802228578085942 | 86 | 2.41942 | 15
3889139616553379733 | 87 | 2.41942 | 15
7778279233106759466 | 88 | 2.41942 | 15
-2890185607496032684 | 89 | 3.30399 | 1
-2890185607496032683 | 89 | 2.22102 | 14
-5780371214992065366 | 90 | 2.22102 | 14
6886001643725420884 | 91 | 3.86014 | 7
6886001643725420885 | 91 | 0.237886 | 7
6382963946135009857 | 73 | 4.6613e-310 | 6
1595740986533752465 | 71 | 7.09472 | 25
3191481973067504931 | 72 | 7.09472 | 25
6382963946135009862 | 73 | 5.77731 | 24
-5680816181439531892 | 74 | 5.77731 | 24
7085111710830487833 | 75 | 5.77731 | 24
-4276520652048575949 | 76 | 5.77731 | 24
-8553041304097151898 | 77 | 5.77731 | 24
1340661465515247821 | 78 | 5.77731 | 24
2681322931030495642 | 79 | 4.6613e-310 | 10
2681322931030495643 | 79 | 1.96448 | 14
5362645862060991286 | 80 | 2.20669 | 1
5362645862060991287 | 80 | 1.96448 | 13
-7721452349587569042 | 81 | 1.96448 | 13
3003839374534413533 | 82 | 1.96448 | 13
6007678749068827066 | 83 | 2.10038 | 8
6007678749068827067 | 83 | 0.298121 | 5
6382963946135009863 | 73 | 4.6613e-310 | 1
2330776462128283835 | 65 | 7.08192 | 21
4661552924256567670 | 66 | 7.08192 | 21
-9123638225196416276 | 67 | 7.08192 | 21
199467623316719065 | 68 | 7.08192 | 21
398935246633438130 | 69 | 4.6613e-310 | 9
398935246633438131 | 69 | 3.01 | 12
797870493266876263 | 70 | 3.01 | 12
1595740986533752526 | 71 | 3.01 | 12
3191481973067505052 | 72 | 3.01 | 12
6382963946135010105 | 73 | 3.01 | 12
-5680816181439531405 | 74 | 3.01 | 12
7085111710830488806 | 75 | 3.01 | 11
-4276520652048574003 | 76 | 3.01 | 11
-8553041304097148006 | 77 | 3.01 | 11
1340661465515255604 | 78 | 3.01 | 11
2681322931030511208 | 79 | 3.01 | 11
5362645862061022417 | 80 | 3.01 | 11
-7721452349587506782 | 81 | 3.01 | 11
3003839374534538053 | 82 | 3.01 | 11
6007678749069076107 | 83 | 3.01 | 11
-6431386575571399401 | 84 | 3.01 | 11
5583970922566752815 | 85 | 3.01 | 11
-7278802228576045986 | 86 | 3.01 | 11
3889139616557459645 | 87 | 3.01 | 11
7778279233114919290 | 88 | 3.01 | 11
-2890185607479713035 | 89 | 3.01 | 11
-5780371214959426069 | 90 | 3.01 | 11
6886001643790699478 | 91 | 3.01 | 11
-4674740786128152660 | 92 | 0.325976 | 3
-4674740786128152659 | 92 | 4.6613e-310 | 8
7085111710830488807 | 75 | 4.6613e-310 | 1
8281 | 17 | 10.9219 | 128
16562 | 18 | 10.9219 | 128
33124 | 19 | 10.9219 | 128
66248 | 20 | 10.9219 | 128
132497 | 21 | 10.9219 | 128
264994 | 22 | 7.46267 | 27
529988 | 23 | 7.46267 | 27
1059976 | 24 | 4.8861 | 17
2119952 | 25 | 4.8861 | 17
4239904 | 26 | 4.8861 | 17
8479809 | 27 | 4.8861 | 17
16959618 | 28 | 4.8861 | 17
33919236 | 29 | 4.8861 | 17
67838473 | 30 | 4.8861 | 17
135676946 | 31 | 0 | 5
135676947 | 31 | 3.69759 | 12
271353895 | 32 | 3.69759 | 12
542707791 | 33 | 3.69759 | 12
1085415583 | 34 | 3.69759 | 12
2170831167 | 35 | 3.69759 | 12
4341662335 | 36 | 3.69759 | 12
8683324671 | 37 | 3.69759 | 12
17366649342 | 38 | 4.6613e-310 | 4
17366649343 | 38 | 4.6613e-310 | 8
1059977 | 24 | 4.6613e-310 | 10
264995 | 22 | 7.86702 | 101
529990 | 23 | 6.63037 | 82
1059981 | 24 | 6.63037 | 82
2119962 | 25 | 6.63037 | 82
4239925 | 26 | 6.63037 | 82
8479850 | 27 | 6.63037 | 82
16959700 | 28 | 6.63037 | 50
33919401 | 29 | 6.63037 | 50
67838802 | 30 | 6.63037 | 50
135677605 | 31 | 6.63037 | 50
271355210 | 32 | 6.63037 | 50
542710420 | 33 | 3.38899 | 23
1085420841 | 34 | 3.38899 | 23
2170841682 | 35 | 3.38899 | 23
4341683364 | 36 | 3.38899 | 23
8683366728 | 37 | 4.6613e-310 | 3
8683366729 | 37 | 3.38899 | 20
17366733459 | 38 | 3.38899 | 20
34733466919 | 39 | 3.38899 | 20
69466933839 | 40 | 3.38899 | 20
138933867679 | 41 | 3.38899 | 20
277867735359 | 42 | 3.38899 | 20
555735470719 | 43 | 3.38899 | 20
1111470941438 | 44 | 3.38899 | 20
2222941882876 | 45 | 3.38899 | 20
4445883765752 | 46 | 3.38899 | 20
8891767531505 | 47 | 3.38899 | 20
17783535063010 | 48 | 3.38899 | 20
35567070126021 | 49 | 3.38899 | 20
71134140252042 | 50 | 2.7467 | 1
71134140252043 | 50 | 3.25533 | 19
142268280504087 | 51 | 3.25533 | 19
284536561008175 | 52 | 3.25533 | 19
569073122016350 | 53 | 3.25533 | 19
1138146244032700 | 54 | 3.25533 | 19
2276292488065400 | 55 | 3.25533 | 16
4552584976130800 | 56 | 3.25533 | 16
9105169952261601 | 57 | 3.25533 | 16
18210339904523203 | 58 | 3.25533 | 16
36420679809046407 | 59 | 3.25533 | 16
72841359618092814 | 60 | 1.63716 | 9
72841359618092815 | 60 | 1.19212 | 7
2276292488065401 | 55 | 4.6613e-310 | 3
542710421 | 33 | 4.64806 | 27
1085420842 | 34 | 4.64806 | 27
2170841684 | 35 | 3.13817 | 14
4341683369 | 36 | 3.13817 | 14
8683366738 | 37 | 4.6613e-310 | 1
8683366739 | 37 | 3.13817 | 13
17366733478 | 38 | 4.6613e-310 | 7
17366733479 | 38 | 4.6613e-310 | 6
2170841685 | 35 | 3.47299 | 13
4341683370 | 36 | 3.47299 | 13
8683366741 | 37 | 3.47299 | 13
17366733482 | 38 | 3.47299 | 13
34733466965 | 39 | 3.47299 | 13
69466933931 | 40 | 3.47299 | 13
138933867863 | 41 | 3.47299 | 13
277867735727 | 42 | 3.47299 | 13
555735471454 | 43 | 3.47299 | 13
1111470942908 | 44 | 3.47299 | 13
2222941885817 | 45 | 3.47299 | 13
4445883771635 | 46 | 3.47299 | 13
8891767543270 | 47 | 3.47299 | 13
17783535086541 | 48 | 3.47299 | 13
35567070173083 | 49 | 3.47299 | 13
71134140346166 | 50 | 3.47299 | 13
142268280692332 | 51 | 3.47299 | 13
284536561384665 | 52 | 3.47299 | 13
569073122769330 | 53 | 3.47299 | 13
1138146245538660 | 54 | 0.97138 | 6
1138146245538661 | 54 | 0.418994 | 7
16959701 | 28 | 3.16891 | 32
33919403 | 29 | 3.16891 | 32
67838806 | 30 | 4.6613e-310 | 5
67838807 | 30 | 3.16891 | 27
135677615 | 31 | 3.16891 | 27
271355230 | 32 | 2.30786 | 16
542710460 | 33 | 1.92723 | 11
1085420920 | 34 | 4.6613e-310 | 4
1085420921 | 34 | 4.6613e-310 | 7
542710461 | 33 | 4.6613e-310 | 5
271355231 | 32 | 2.49837 | 11
542710463 | 33 | 2.49837 | 11
1085420926 | 34 | 4.6613e-310 | 6
1085420927 | 34 | 4.6613e-310 | 5
529991 | 23 | 2.23872 | 19
1059982 | 24 | 2.23872 | 19
2119965 | 25 | 2.23872 | 19
4239930 | 26 | 2.23872 | 19
8479860 | 27 | 4.6613e-310 | 7
8479861 | 27 | 2.07024 | 12
16959723 | 28 | 2.07024 | 12
33919447 | 29 | 2.07024 | 12
67838894 | 30 | 4.6613e-310 | 2
67838895 | 30 | 4.6613e-310 | 10
33 | 9 | 29.0847 | 1255
66 | 10 | 23.6831 | 117
132 | 11 | 17.0317 | 29
264 | 12 | 17.0317 | 29
528 | 13 | 17.0317 | 29
1057 | 14 | 17.0317 | 29
2114 | 15 | 10.89 | 23
4228 | 16 | 10.89 | 23
8456 | 17 | 4.6613e-310 | 2
8457 | 17 | 10.89 | 21
16915 | 18 | 10.89 | 21
33831 | 19 | 10.89 | 21
67662 | 20 | 4.6613e-310 | 1
67663 | 20 | 10.89 | 20
135326 | 21 | 10.89 | 20
270652 | 22 | 10.89 | 20
541304 | 23 | 10.89 | 20
1082608 | 24 | 10.89 | 20
2165217 | 25 | 10.89 | 20
4330435 | 26 | 10.89 | 20
8660871 | 27 | 10.89 | 20
17321742 | 28 | 4.73294 | 6
17321743 | 28 | 8.08339 | 14
34643486 | 29 | 8.08339 | 14
69286972 | 30 | 8.08339 | 14
138573944 | 31 | 8.08339 | 14
277147888 | 32 | 8.08339 | 14
554295777 | 33 | 8.08339 | 14
1108591554 | 34 | 8.08339 | 14
2217183109 | 35 | 8.08339 | 14
4434366219 | 36 | 8.08339 | 14
8868732439 | 37 | 8.08339 | 14
17737464879 | 38 | 8.08339 | 14
35474929759 | 39 | 8.08339 | 14
70949859518 | 40 | 8.08339 | 14
141899719036 | 41 | 8.08339 | 14
283799438072 | 42 | 8.08339 | 14
567598876144 | 43 | 8.08339 | 13
1135197752289 | 44 | 8.08339 | 13
2270395504578 | 45 | 8.08339 | 13
4540791009157 | 46 | 8.08339 | 13
9081582018315 | 47 | 8.08339 | 13
18163164036631 | 48 | 8.08339 | 13
36326328073263 | 49 | 8.08339 | 13
72652656146527 | 50 | 8.08339 | 13
145305312293054 | 51 | 8.08339 | 13
290610624586109 | 52 | 8.08339 | 13
581221249172219 | 53 | 8.08339 | 13
1162442498344438 | 54 | 0.456976 | 8
1162442498344439 | 54 | 0.752175 | 5
567598876145 | 43 | 4.6613e-310 | 1
2115 | 15 | 4.6613e-310 | 6
133 | 11 | 14.1049 | 88
266 | 12 | 14.1049 | 88
533 | 13 | 14.1049 | 88
1066 | 14 | 14.1049 | 88
2132 | 15 | 14.1049 | 88
4264 | 16 | 14.1049 | 88
8528 | 17 | 8.78747 | 29
17056 | 18 | 4.76609 | 27
34112 | 19 | 4.76609 | 27
68225 | 20 | 4.76609 | 27
136450 | 21 | 4.76609 | 27
272900 | 22 | 4.76609 | 27
545801 | 23 | 4.76609 | 27
1091602 | 24 | 4.76609 | 27
2183204 | 25 | 4.76609 | 27
4366408 | 26 | 0.704953 | 8
4366409 | 26 | 3.83975 | 19
8732819 | 27 | 3.83975 | 19
17465638 | 28 | 3.83975 | 19
34931277 | 29 | 3.83975 | 19
69862554 | 30 | 3.83975 | 19
139725109 | 31 | 3.83975 | 19
279450218 | 32 | 4.6613e-310 | 3
279450219 | 32 | 3.65959 | 16
558900438 | 33 | 3.65959 | 16
1117800877 | 34 | 3.65959 | 16
2235601754 | 35 | 3.65959 | 16
4471203509 | 36 | 3.65959 | 16
8942407018 | 37 | 3.65959 | 16
17884814036 | 38 | 3.65959 | 16
35769628072 | 39 | 3.65959 | 16
71539256144 | 40 | 3.65959 | 16
143078512288 | 41 | 3.65959 | 16
286157024577 | 42 | 3.65959 | 16
572314049154 | 43 | 3.65959 | 16
1144628098309 | 44 | 3.65959 | 16
2289256196619 | 45 | 3.65959 | 16
4578512393238 | 46 | 3.17526 | 13
9157024786477 | 47 | 3.17526 | 13
18314049572954 | 48 | 0 | 10
18314049572955 | 48 | 0.434924 | 3
4578512393239 | 46 | 4.6613e-310 | 3
17057 | 18 | 4.6613e-310 | 2
8529 | 17 | 11.2747 | 59
17059 | 18 | 11.2747 | 59
34118 | 19 | 11.2747 | 59
68236 | 20 | 11.2747 | 59
136472 | 21 | 11.2747 | 59
272944 | 22 | 11.2747 | 59
545888 | 23 | 11.2747 | 59
1091776 | 24 | 11.2747 | 59
2183552 | 25 | 10.4506 | 34
4367104 | 26 | 4.6613e-310 | 3
4367105 | 26 | 10.4506 | 31
8734211 | 27 | 10.4506 | 31
17468423 | 28 | 10.4506 | 31
34936846 | 29 | 9.71553 | 30
69873693 | 30 | 9.71553 | 30
139747387 | 31 | 9.71553 | 30
279494775 | 32 | 9.71553 | 30
558989550 | 33 | 9.71553 | 30
1117979100 | 34 | 9.71553 | 28
2235958200 | 35 | 9.71553 | 28
4471916400 | 36 | 9.71553 | 28
8943832801 | 37 | 9.71553 | 28
17887665602 | 38 | 8.60459 | 18
35775331204 | 39 | 8.60459 | 18
71550662408 | 40 | 8.60459 | 18
143101324817 | 41 | 8.60459 | 18
286202649635 | 42 | 8.60459 | 18
572405299271 | 43 | 8.60459 | 18
1144810598542 | 44 | 8.60459 | 18
2289621197085 | 45 | 8.60459 | 18
4579242394170 | 46 | 8.60459 | 18
9158484788340 | 47 | 8.60459 | 18
18316969576680 | 48 | 7.71576 | 17
36633939153361 | 49 | 7.71576 | 17
73267878306722 | 50 | 7.71576 | 17
146535756613444 | 51 | 3.69935 | 4
146535756613445 | 51 | 6.76194 | 13
293071513226891 | 52 | 6.76194 | 13
586143026453782 | 53 | 48.9369 | 7
586143026453783 | 53 | 0.430331 | 6
18316969576681 | 48 | 4.6613e-310 | 1
17887665603 | 38 | 4.6613e-310 | 10
1117979101 | 34 | 4.6613e-310 | 2
34936847 | 29 | 4.6613e-310 | 1
2183553 | 25 | 9.91724 | 25
4367106 | 26 | 4.6613e-310 | 7
4367107 | 26 | 8.08661 | 18
8734214 | 27 | 8.08661 | 18
17468429 | 28 | 8.08661 | 18
34936858 | 29 | 8.08661 | 18
69873717 | 30 | 8.08661 | 18
139747435 | 31 | 8.08661 | 18
279494870 | 32 | 2.18996 | 11
558989741 | 33 | 2.18996 | 11
1117979483 | 34 | 2.18996 | 11
2235958966 | 35 | 4.6613e-310 | 10
2235958967 | 35 | 4.6613e-310 | 1
279494871 | 32 | 4.6613e-310 | 7
67 | 10 | 26.2104 | 1138
135 | 11 | 26.2104 | 1138
270 | 12 | 26.2104 | 1138
541 | 13 | 26.2104 | 1138
1083 | 14 | 26.2104 | 1138
2167 | 15 | 26.2104 | 1138
4334 | 16 | 26.2104 | 1138
8668 | 17 | 26.2104 | 1138
17336 | 18 | 26.2104 | 1138
34673 | 19 | 26.2104 | 1138
69346 | 20 | 26.2104 | 1138
138693 | 21 | 26.2104 | 1138
277387 | 22 | 26.2104 | 1138
554775 | 23 | 26.2104 | 1138
1109551 | 24 | 26.2104 | 1138
2219102 | 25 | 26.2104 | 1138
4438204 | 26 | 26.2104 | 1138
8876409 | 27 | 26.2104 | 1138
17752818 | 28 | 26.2104 | 1138
35505637 | 29 | 26.2104 | 1138
71011275 | 30 | 26.2104 | 1138
142022550 | 31 | 6.95061e-310 | 1
142022551 | 31 | 26.2104 | 1137
284045102 | 32 | 26.2104 | 1137
568090205 | 33 | 26.2104 | 1137
1136180410 | 34 | 22.3501 | 73
2272360820 | 35 | 22.3501 | 73
4544721640 | 36 | 1.63042e-322 | 2
4544721641 | 36 | 21.5475 | 71
9089443282 | 37 | 21.5475 | 71
18178886565 | 38 | 21.5475 | 71
36357773130 | 39 | 21.5475 | 71
72715546260 | 40 | 21.5475 | 71
145431092520 | 41 | 21.5475 | 71
290862185040 | 42 | 21.5475 | 71
581724370080 | 43 | 21.5475 | 71
1163448740161 | 44 | 21.5475 | 71
2326897480322 | 45 | 21.5475 | 71
4653794960644 | 46 | 21.5475 | 71
9307589921288 | 47 | 21.5475 | 71
18615179842576 | 48 | 21.5475 | 71
37230359685152 | 49 | 21.5475 | 71
74460719370305 | 50 | 21.5475 | 71
148921438740610 | 51 | 21.5475 | 71
297842877481220 | 52 | 21.5475 | 71
595685754962441 | 53 | 21.5475 | 71
1191371509924882 | 54 | 21.5475 | 71
2382743019849764 | 55 | 21.5475 | 71
4765486039699529 | 56 | 21.5475 | 71
9530972079399058 | 57 | 15.1939 | 60
19061944158798117 | 58 | 15.1939 | 60
38123888317596235 | 59 | 15.1939 | 60
76247776635192470 | 60 | 15.1939 | 60
152495553270384941 | 61 | 15.1939 | 60
304991106540769882 | 62 | 12.8169 | 36
609982213081539764 | 63 | 7.14304 | 15
1219964426163079528 | 64 | 7.14304 | 15
2439928852326159056 | 65 | 7.14304 | 15
4879857704652318113 | 66 | 7.14304 | 15
-8687028664404915389 | 67 | 7.14304 | 15
1072686744899720838 | 68 | 33.8141 | 9
1072686744899720839 | 68 | 1.50196e-321 | 6
609982213081539765 | 63 | 6.62599 | 21
1219964426163079531 | 64 | 6.62599 | 21
2439928852326159062 | 65 | 6.62599 | 21
4879857704652318125 | 66 | 6.62599 | 21
-8687028664404915365 | 67 | 6.62599 | 21
1072686744899720886 | 68 | 6.62599 | 21
2145373489799441773 | 69 | 6.62599 | 21
4290746979598883547 | 70 | 6.62599 | 21
8581493959197767094 | 71 | 5.79586 | 9
8581493959197767095 | 71 | 1.64523 | 12
-1283756155314017425 | 72 | 1.64523 | 12
-2567512310628034849 | 73 | 1.64523 | 12
-5135024621256069697 | 74 | 1.64523 | 12
8176694831197412222 | 75 | 1.64523 | 12
-2093354411314727171 | 76 | 1.64523 | 12
-4186708822629454342 | 77 | 1.64523 | 12
-8373417645258908684 | 78 | 1.64523 | 12
1699908783191734248 | 79 | 85.6476 | 5
1699908783191734249 | 79 | 4.6613e-310 | 7
304991106540769883 | 62 | 3.51407 | 24
609982213081539766 | 63 | 3.51407 | 24
1219964426163079532 | 64 | 3.51407 | 24
2439928852326159064 | 65 | 3.51407 | 24
4879857704652318129 | 66 | 3.51407 | 24
-8687028664404915358 | 67 | 3.51407 | 24
1072686744899720900 | 68 | 3.51407 | 24
2145373489799441800 | 69 | 3.51407 | 24
4290746979598883601 | 70 | 3.51407 | 24
8581493959197767203 | 71 | 3.51407 | 24
-1283756155314017210 | 72 | 0.128344 | 6
-1283756155314017209 | 72 | 1.90588 | 18
-2567512310628034417 | 73 | 1.90588 | 18
-5135024621256068833 | 74 | 1.90588 | 18
8176694831197413950 | 75 | 1.90588 | 18
-2093354411314723715 | 76 | 1.90588 | 18
-4186708822629447430 | 77 | 1.90588 | 18
-8373417645258894860 | 78 | 1.90588 | 18
1699908783191761897 | 79 | 1.90588 | 18
3399817566383523795 | 80 | 1.90588 | 18
6799635132767047591 | 81 | 1.90588 | 18
-4847473808175456434 | 82 | 1.90588 | 18
8751796457358638748 | 83 | 2.24977 | 7
8751796457358638749 | 83 | 1.53224 | 11
-943151158992274117 | 84 | 1.53224 | 11
-1886302317984548233 | 85 | 1.53224 | 11
-3772604635969096466 | 86 | 1.53224 | 11
-7545209271938192932 | 87 | 1.53224 | 11
3356325529833165752 | 88 | 31.0482 | 2
3356325529833165753 | 88 | 12.2727 | 9
9530972079399059 | 57 | 15.6681 | 11
19061944158798119 | 58 | 15.6681 | 11
38123888317596238 | 59 | 15.6681 | 11
76247776635192477 | 60 | 15.6681 | 11
152495553270384955 | 61 | 15.6681 | 11
304991106540769910 | 62 | 4.6613e-310 | 3
304991106540769911 | 62 | 4.6613e-310 | 8
1136180411 | 34 | 24.5444 | 1064
2272360823 | 35 | 24.5444 | 1064
4544721646 | 36 | 24.5444 | 1064
9089443293 | 37 | 24.5444 | 1064
18178886587 | 38 | 24.5444 | 1064
36357773174 | 39 | 24.5444 | 967
72715546348 | 40 | 24.5444 | 967
145431092697 | 41 | 24.5444 | 967
290862185394 | 42 | 24.5444 | 967
581724370789 | 43 | 24.5444 | 967
1163448741578 | 44 | 24.5444 | 967
2326897483156 | 45 | 24.5444 | 967
4653794966313 | 46 | 24.5444 | 967
9307589932626 | 47 | 13.9067 | 62
18615179865253 | 48 | 13.9067 | 62
37230359730507 | 49 | 13.9067 | 62
74460719461014 | 50 | 55.1592 | 1
74460719461015 | 50 | 13.6633 | 61
148921438922031 | 51 | 13.6633 | 61
297842877844063 | 52 | 13.6633 | 61
595685755688126 | 53 | 13.6633 | 61
1191371511376252 | 54 | 13.6633 | 61
2382743022752504 | 55 | 13.6633 | 61
4765486045505008 | 56 | 13.6633 | 61
9530972091010016 | 57 | 13.6633 | 61
19061944182020033 | 58 | 13.6633 | 61
38123888364040066 | 59 | 13.6633 | 61
76247776728080132 | 60 | 84.216 | 1
76247776728080133 | 60 | 13.6633 | 60
152495553456160266 | 61 | 13.6633 | 60
304991106912320532 | 62 | 7.72772 | 17
609982213824641064 | 63 | 7.72772 | 17
1219964427649282128 | 64 | 7.72772 | 17
2439928855298564256 | 65 | 7.72772 | 17
4879857710597128512 | 66 | 7.72772 | 17
-8687028652515294592 | 67 | 7.72772 | 17
1072686768678962432 | 68 | 7.72772 | 17
2145373537357924865 | 69 | 7.72772 | 17
4290747074715849731 | 70 | 7.72772 | 17
8581494149431699462 | 71 | 7.72772 | 17
-1283755774846152691 | 72 | 7.72772 | 17
-2567511549692305381 | 73 | 7.72772 | 17
-5135023099384610762 | 74 | 7.72772 | 17
8176697874940330093 | 75 | 7.72772 | 17
-2093348323828891430 | 76 | 7.72772 | 17
-4186696647657782859 | 77 | 7.72772 | 17
-8373393295315565718 | 78 | 1.22973 | 10
-8373393295315565717 | 78 | 5.42726 | 7
304991106912320533 | 62 | 13.6633 | 43
609982213824641067 | 63 | 13.6633 | 43
1219964427649282135 | 64 | 13.6633 | 43
2439928855298564270 | 65 | 13.6633 | 43
4879857710597128541 | 66 | 13.6633 | 43
-8687028652515294533 | 67 | 13.6633 | 43
1072686768678962550 | 68 | 3.24942 | 11
2145373537357925101 | 69 | 3.24942 | 11
4290747074715850203 | 70 | 3.24942 | 11
8581494149431700406 | 71 | 0.0228183 | 5
8581494149431700407 | 71 | 0 | 6
1072686768678962551 | 68 | 13.6633 | 32
2145373537357925103 | 69 | 13.6633 | 32
4290747074715850207 | 70 | 13.6633 | 32
8581494149431700415 | 71 | 13.6633 | 32
-1283755774846150786 | 72 | 2.68545 | 1
-1283755774846150785 | 72 | 3.18555 | 31
-2567511549692301569 | 73 | 3.18555 | 31
-5135023099384603138 | 74 | 3.037 | 17
8176697874940345340 | 75 | 3.037 | 17
-2093348323828860935 | 76 | 3.037 | 17
-4186696647657721869 | 77 | 3.037 | 17
-8373393295315443738 | 78 | 3.037 | 17
1699957483078664140 | 79 | 2.4121 | 15
3399914966157328281 | 80 | 2.4121 | 15
6799829932314656562 | 81 | 2.4121 | 15
-4847084209080238492 | 82 | 2.4121 | 15
8752575655549074632 | 83 | 2.4121 | 15
-941592762611402351 | 84 | 2.4121 | 15
-1883185525222804702 | 85 | 2.4121 | 15
-3766371050445609404 | 86 | 2.4121 | 15
-7532742100891218807 | 87 | 2.4121 | 15
3381259871927114002 | 88 | 2.4121 | 15
6762519743854228004 | 89 | 2.4121 | 15
-4921704586001095608 | 90 | 2.4121 | 15
8603334901707360400 | 91 | 2.4121 | 15
-1240074270294830816 | 92 | 2.4121 | 15
-2480148540589661632 | 93 | 2.4121 | 15
-4960297081179323263 | 94 | 2.4121 | 15
8526149911350905091 | 95 | 2.4121 | 15
-1394444251007741433 | 96 | 2.4121 | 15
-2788888502015482865 | 97 | 2.4121 | 15
-5577777004030965730 | 98 | 4.6613e-310 | 4
-5577777004030965729 | 98 | 1.75776 | 11
7291190065647620158 | 99 | 1.75776 | 11
-3864363942414311299 | 100 | 1.75776 | 11
-7728727884828622598 | 101 | 1.75776 | 11
2989288304052306420 | 102 | 1.75776 | 11
5978576608104612840 | 103 | 4.6613e-310 | 4
5978576608104612841 | 103 | 4.6613e-310 | 7
1699957483078664141 | 79 | 4.6613e-310 | 2
-5135023099384603137 | 74 | 2.85543 | 14
8176697874940345343 | 75 | 2.85543 | 14
-2093348323828860929 | 76 | 2.85543 | 14
-4186696647657721858 | 77 | 4.6613e-310 | 4
-4186696647657721857 | 77 | 4.6613e-310 | 10
9307589932627 | 47 | 20.3122 | 905
18615179865255 | 48 | 20.3122 | 905
37230359730510 | 49 | 19.0413 | 528
74460719461021 | 50 | 19.0413 | 528
148921438922042 | 51 | 19.0413 | 528
297842877844084 | 52 | 19.0413 | 528
595685755688168 | 53 | 19.0413 | 528
1191371511376336 | 54 | 11.5253 | 46
2382743022752672 | 55 | 11.5253 | 46
4765486045505345 | 56 | 11.5253 | 46
9530972091010691 | 57 | 11.5253 | 46
19061944182021383 | 58 | 11.5253 | 46
38123888364042767 | 59 | 11.5253 | 46
76247776728085534 | 60 | 11.5253 | 46
152495553456171069 | 61 | 11.5253 | 46
304991106912342138 | 62 | 11.5253 | 46
609982213824684276 | 63 | 11.5253 | 46
1219964427649368553 | 64 | 11.5253 | 46
2439928855298737106 | 65 | 11.5253 | 46
4879857710597474212 | 66 | 11.5253 | 46
-8687028652514603192 | 67 | 11.5253 | 46
1072686768680345232 | 68 | 11.5253 | 46
2145373537360690464 | 69 | 11.5253 | 46
4290747074721380929 | 70 | 11.5253 | 46
8581494149442761858 | 71 | 51.5116 | 6
8581494149442761859 | 71 | 6.13993 | 40
-1283755774824027897 | 72 | 6.13993 | 40
-2567511549648055794 | 73 | 6.13993 | 40
-5135023099296111587 | 74 | 6.13993 | 40
8176697875117328442 | 75 | 6.13993 | 40
-2093348323474894732 | 76 | 6.13993 | 40
-4186696646949789463 | 77 | 6.13993 | 40
-8373393293899578925 | 78 | 6.13993 | 40
1699957485910393766 | 79 | 6.13993 | 40
3399914971820787532 | 80 | 6.13993 | 40
6799829943641575065 | 81 | 6.13993 | 40
-4847084186426401486 | 82 | 6.13993 | 40
8752575700856748644 | 83 | 4.88254 | 32
-941592671996054327 | 84 | 4.88254 | 32
-1883185343992108654 | 85 | 4.88254 | 32
-3766370687984217307 | 86 | 4.88254 | 32
-7532741375968434613 | 87 | 4.88254 | 32
3381261321772682391 | 88 | 4.88254 | 32
6762522643545364782 | 89 | 4.88254 | 32
-4921698786618822052 | 90 | 4.41184 | 13
8603346500471907513 | 91 | 4.41184 | 13
-1240051072765736590 | 92 | 4.41184 | 13
-2480102145531473180 | 93 | 1.34386e-321 | 1
-2480102145531473179 | 93 | 4.41184 | 12
-4960204291062946358 | 94 | 4.41184 | 12
8526335491583658901 | 95 | 4.41184 | 12
-1394073090542233813 | 96 | 4.41184 | 12
-2788146181084467626 | 97 | 4.27065 | 8
-2788146181084467625 | 97 | 0.0627809 | 4
-4921698786618822051 | 90 | 3.5115 | 19
8603346500471907514 | 91 | 3.5115 | 19
-1240051072765736588 | 92 | 3.5115 | 19
-2480102145531473176 | 93 | 4.6613e-310 | 7
-2480102145531473175 | 93 | 2.66628 | 12
-4960204291062946350 | 94 | 2.66628 | 12
8526335491583658917 | 95 | 2.66628 | 12
-1394073090542233782 | 96 | 2.66628 | 12
-2788146181084467564 | 97 | 2.66628 | 12
-5576292362168935128 | 98 | 0.0546265 | 3
-5576292362168935127 | 98 | 4.6613e-310 | 9
8752575700856748645 | 83 | 4.6613e-310 | 8
1191371511376337 | 54 | 17.0633 | 482
2382743022752675 | 55 | 17.0633 | 482
4765486045505350 | 56 | 15.9348 | 469
9530972091010700 | 57 | 15.9348 | 469
19061944182021401 | 58 | 15.9348 | 469
38123888364042802 | 59 | 13.1003 | 428
76247776728085604 | 60 | 10.0931 | 227
152495553456171208 | 61 | 10.0931 | 227
304991106912342417 | 62 | 10.0931 | 227
609982213824684835 | 63 | 10.0931 | 227
1219964427649369670 | 64 | 10.0931 | 227
2439928855298739341 | 65 | 10.0931 | 227
4879857710597478683 | 66 | 10.0931 | 227
-8687028652514594249 | 67 | 10.0931 | 227
1072686768680363119 | 68 | 10.0931 | 227
2145373537360726238 | 69 | 10.0931 | 227
4290747074721452476 | 70 | 9.27112 | 168
8581494149442904953 | 71 | 9.27112 | 168
-1283755774823741710 | 72 | 9.27112 | 168
-2567511549647483420 | 73 | 9.27112 | 168
-5135023099294966839 | 74 | 9.27112 | 168
8176697875119617938 | 75 | 9.27112 | 168
-2093348323470315739 | 76 | 9.27112 | 168
-4186696646940631478 | 77 | 9.27112 | 168
-8373393293881262956 | 78 | 7.18379 | 114
1699957485947025705 | 79 | 7.18379 | 114
3399914971894051411 | 80 | 7.18379 | 114
6799829943788102823 | 81 | 7.18379 | 114
-4847084186133345969 | 82 | 7.18379 | 114
8752575701442859678 | 83 | 7.18379 | 114
-941592670823832259 | 84 | 7.18379 | 114
-1883185341647664518 | 85 | 7.18379 | 114
-3766370683295329036 | 86 | 7.18379 | 114
-7532741366590658072 | 87 | 7.18379 | 114
3381261340528235472 | 88 | 4.57024 | 54
6762522681056470945 | 89 | 4.57024 | 54
-4921698711596609725 | 90 | 4.57024 | 54
8603346650516332166 | 91 | 4.57024 | 54
-1240050772676887283 | 92 | 4.57024 | 54
-2480101545353774566 | 93 | 6.95061e-310 | 3
-2480101545353774565 | 93 | 4.11324 | 51
-4960203090707549129 | 94 | 4.11324 | 51
8526337892294453358 | 95 | 4.11324 | 51
-1394068289120644900 | 96 | 4.11324 | 51
-2788136578241289799 | 97 | 4.11324 | 51
-5576273156482579597 | 98 | 4.11324 | 51
7294197760744392422 | 99 | 4.11324 | 51
-3858348552220766771 | 100 | 4.11324 | 51
-7716697104441533542 | 101 | 3.85728 | 43
3013349864826484533 | 102 | 3.85728 | 43
6026699729652969066 | 103 | 3.85728 | 43
-6393344614403613484 | 104 | 3.64859 | 38
5660054844902324649 | 105 | 3.64859 | 38
-7126634383904902318 | 106 | 3.64859 | 38
4193475305899746980 | 107 | 3.64859 | 38
8386950611799493960 | 108 | 3.64859 | 38
-1672842850110563695 | 109 | 3.64859 | 38
-3345685700221127390 | 110 | 3.64859 | 38
-6691371400442254779 | 111 | 3.64859 | 38
5064001272825042058 | 112 | 3.01086 | 25
-8318741528059467500 | 113 | 3.01086 | 25
1809261017590616616 | 114 | 3.01086 | 25
3618522035181233232 | 115 | 2.63547 | 19
7237044070362466464 | 116 | 2.63547 | 19
-3972655932984618688 | 117 | 2.63547 | 19
-7945311865969237375 | 118 | 2.63547 | 19
2556120341771076867 | 119 | 2.63547 | 19
5112240683542153735 | 120 | 2.63547 | 19
-8222262706625244146 | 121 | 1.06943 | 3
-8222262706625244145 | 121 | 1.55632 | 16
2002218660459063327 | 122 | 1.55632 | 16
4004437320918126655 | 123 | 1.55632 | 16
8008874641836253310 | 124 | 1.55632 | 16
-2428994790037044995 | 125 | 1.55632 | 16
-4857989580074089989 | 126 | 1.55632 | 16
8730764913561371638 | 127 | 0.388541 | 1
8730764913561371639 | 127 | 1.4694 | 15
-985214246586808338 | 128 | 1.37118 | 14
-1970428493173616675 | 129 | 1.37118 | 14
-3940856986347233349 | 130 | 1.37118 | 14
-7881713972694466698 | 131 | 1.37118 | 14
2683316128320618220 | 132 | 1.37118 | 14
5366632256641236440 | 133 | 2.55512 | 7
5366632256641236441 | 133 | 9.71768 | 7
-985214246586808337 | 128 | 4.6613e-310 | 1
3618522035181233233 | 115 | 4.6613e-310 | 6
5064001272825042059 | 112 | 1.79305 | 13
-8318741528059467498 | 113 | 1.79305 | 13
1809261017590616621 | 114 | 1.79305 | 13
3618522035181233242 | 115 | 1.79305 | 13
7237044070362466485 | 116 | 1.79305 | 13
-3972655932984618646 | 117 | 1.79305 | 13
-7945311865969237292 | 118 | 1.79305 | 13
2556120341771077032 | 119 | 4.6613e-310 | 10
2556120341771077033 | 119 | 4.6613e-310 | 3
-6393344614403613483 | 104 | 4.6613e-310 | 5
-7716697104441533541 | 101 | 4.6613e-310 | 8
3381261340528235473 | 88 | 5.58099 | 60
6762522681056470946 | 89 | 5.58099 | 60
-4921698711596609724 | 90 | 5.58099 | 60
8603346650516332169 | 91 | 5.58099 | 60
-1240050772676887278 | 92 | 5.58099 | 60
-2480101545353774556 | 93 | 5.58099 | 60
-4960203090707549112 | 94 | 5.58099 | 60
8526337892294453393 | 95 | 5.58099 | 60
-1394068289120644830 | 96 | 4.30494 | 51
-2788136578241289660 | 97 | 4.30494 | 51
-5576273156482579320 | 98 | 4.30494 | 51
7294197760744392976 | 99 | 4.30494 | 51
-3858348552220765663 | 100 | 4.30494 | 51
-7716697104441531326 | 101 | 4.30494 | 51
3013349864826488965 | 102 | 4.30494 | 51
6026699729652977930 | 103 | 4.30494 | 51
-6393344614403595755 | 104 | 4.30494 | 51
5660054844902360107 | 105 | 4.30494 | 51
-7126634383904831401 | 106 | 4.30494 | 51
4193475305899888814 | 107 | 4.30494 | 51
8386950611799777628 | 108 | 1.07603 | 5
8386950611799777629 | 108 | 3.78684 | 46
-1672842850109996358 | 109 | 3.41043 | 34
-3345685700219992716 | 110 | 3.41043 | 34
-6691371400439985431 | 111 | 3.41043 | 34
5064001272829580755 | 112 | 3.41043 | 34
-8318741528050390105 | 113 | 3.41043 | 34
1809261017608771406 | 114 | 0.557905 | 7
1809261017608771407 | 114 | 2.60609 | 27
3618522035217542814 | 115 | 2.60609 | 27
7237044070435085628 | 116 | 2.60609 | 27
-3972655932839380359 | 117 | 2.60609 | 27
-7945311865678760718 | 118 | 2.60609 | 27
2556120342352030181 | 119 | 2.60609 | 27
5112240684704060362 | 120 | 2.60609 | 27
-8222262704301430892 | 121 | 2.60609 | 27
2002218665106689833 | 122 | 2.60609 | 27
4004437330213379666 | 123 | 1.15058 | 11
8008874660426759332 | 124 | 1.3501 | 6
8008874660426759333 | 124 | 3.08969 | 5
4004437330213379667 | 123 | 1.81749 | 16
8008874660426759334 | 124 | 1.81749 | 16
-2428994752856032948 | 125 | 1.81749 | 16
-4857989505712065895 | 126 | 1.81749 | 16
8730765062285419826 | 127 | 0.642541 | 9
8730765062285419827 | 127 | 0 | 7
-1672842850109996357 | 109 | 3.52207 | 12
-3345685700219992714 | 110 | 4.6613e-310 | 1
-3345685700219992713 | 110 | 2.72571 | 11
-6691371400439985426 | 111 | 2.72571 | 11
5064001272829580764 | 112 | 2.72571 | 11
-8318741528050390087 | 113 | 2.72571 | 11
1809261017608771442 | 114 | 2.72571 | 11
3618522035217542884 | 115 | 2.72571 | 11
7237044070435085768 | 116 | 2.72571 | 11
-3972655932839380079 | 117 | 2.72571 | 11
-7945311865678760158 | 118 | 2.72571 | 11
2556120342352031301 | 119 | 2.72571 | 11
5112240684704062602 | 120 | 4.6613e-310 | 9
5112240684704062603 | 120 | 4.6613e-310 | 2
-1394068289120644829 | 96 | 4.6613e-310 | 9
-8373393293881262955 | 78 | 6.05956 | 54
1699957485947025706 | 79 | 4.6613e-310 | 8
1699957485947025707 | 79 | 5.47125 | 46
3399914971894051415 | 80 | 5.47125 | 46
6799829943788102830 | 81 | 5.47125 | 46
-4847084186133345956 | 82 | 6.95061e-310 | 10
-4847084186133345955 | 82 | 4.47804 | 36
8752575701442859707 | 83 | 4.47804 | 36
-941592670823832201 | 84 | 4.47804 | 36
-1883185341647664401 | 85 | 4.47804 | 36
-3766370683295328802 | 86 | 4.47804 | 36
-7532741366590657603 | 87 | 4.47804 | 36
3381261340528236411 | 88 | 4.47804 | 36
6762522681056472822 | 89 | 4.47804 | 36
-4921698711596605971 | 90 | 4.47804 | 36
8603346650516339674 | 91 | 4.47804 | 36
-1240050772676872267 | 92 | 4.47804 | 36
-2480101545353744534 | 93 | 4.47804 | 36
-4960203090707489067 | 94 | 4.47804 | 36
8526337892294573482 | 95 | 4.47804 | 36
-1394068289120404652 | 96 | 4.47804 | 36
-2788136578240809304 | 97 | 1.60847 | 11
-5576273156481618608 | 98 | 0.0421157 | 2
-5576273156481618607 | 98 | 1.10245 | 9
-2788136578240809303 | 97 | 3.71983 | 25
-5576273156481618605 | 98 | 3.71983 | 25
7294197760746314407 | 99 | 3.71983 | 25
-3858348552216922801 | 100 | 3.71983 | 25
-7716697104433845601 | 101 | 3.71983 | 25
3013349864841860415 | 102 | 3.71983 | 25
6026699729683720830 | 103 | 3.38846 | 23
-6393344614342109956 | 104 | 3.38846 | 23
5660054845025331705 | 105 | 3.38846 | 23
-7126634383658888206 | 106 | 2.30598 | 19
4193475306391775204 | 107 | 0.115814 | 3
4193475306391775205 | 107 | 2.12539 | 16
8386950612783550410 | 108 | 2.12539 | 16
-1672842848142450795 | 109 | 2.12539 | 16
-3345685696284901589 | 110 | 2.12539 | 16
-6691371392569803178 | 111 | 2.12539 | 16
5064001288569945260 | 112 | 0.102009 | 7
5064001288569945261 | 112 | 0.5017 | 9
-7126634383658888205 | 106 | 4.6613e-310 | 4
6026699729683720831 | 103 | 4.6613e-310 | 2
4290747074721452477 | 70 | 7.3709 | 59
8581494149442904954 | 71 | 7.3709 | 59
-1283755774823741708 | 72 | 7.3709 | 59
-2567511549647483416 | 73 | 7.3709 | 59
-5135023099294966832 | 74 | 5.15526 | 38
8176697875119617953 | 75 | 5.15526 | 38
-2093348323470315710 | 76 | 5.15526 | 38
-4186696646940631420 | 77 | 2.18213 | 24
-8373393293881262840 | 78 | 2.18213 | 24
1699957485947025936 | 79 | 2.18213 | 24
3399914971894051872 | 80 | 2.18213 | 24
6799829943788103744 | 81 | 8.19293 | 3
6799829943788103745 | 81 | 2.18213 | 21
-4847084186133344125 | 82 | 2.18213 | 21
8752575701442863366 | 83 | 2.18213 | 21
-941592670823824883 | 84 | 2.18213 | 21
-1883185341647649766 | 85 | 2.18213 | 21
-3766370683295299531 | 86 | 2.18213 | 21
-7532741366590599061 | 87 | 2.18213 | 21
3381261340528353495 | 88 | 2.18213 | 21
6762522681056706991 | 89 | 2.18213 | 21
-4921698711596137634 | 90 | 2.18213 | 21
8603346650517276349 | 91 | 2.18213 | 21
-1240050772674998918 | 92 | 2.18213 | 21
-2480101545349997836 | 93 | 2.18213 | 21
-4960203090699995672 | 94 | 2.18213 | 21
8526337892309560272 | 95 | 6.95061e-310 | 2
8526337892309560273 | 95 | 2.18213 | 19
-1394068289090431070 | 96 | 2.18213 | 19
-2788136578180862140 | 97 | 2.18213 | 19
-5576273156361724280 | 98 | 1.60954 | 11
7294197760986103057 | 99 | 1.60954 | 11
-3858348551737345501 | 100 | 1.60954 | 11
-7716697103474691002 | 101 | 1.60954 | 11
3013349866760169613 | 102 | 1.60954 | 11
6026699733520339227 | 103 | 1.60954 | 11
-6393344606668873162 | 104 | 1.60954 | 11
5660054860371805292 | 105 | 1.60954 | 11
-7126634352965941031 | 106 | 1.60954 | 11
4193475367777669554 | 107 | 1.60954 | 11
8386950735555339109 | 108 | 1.60954 | 11
-1672842602598873398 | 109 | 1.60954 | 11
-3345685205197746796 | 110 | 1.60954 | 11
-6691370410395493592 | 111 | 1.60954 | 11
5064003252918564432 | 112 | 8.42649 | 1
5064003252918564433 | 112 | 0.273634 | 10
-5576273156361724279 | 98 | 4.6613e-310 | 8
-4186696646940631419 | 77 | 4.14097 | 14
-8373393293881262838 | 78 | 4.14097 | 14
1699957485947025941 | 79 | 4.14097 | 14
3399914971894051883 | 80 | 4.14097 | 14
6799829943788103766 | 81 | 4.6613e-310 | 3
6799829943788103767 | 81 | 2.24258 | 11
-4847084186133344082 | 82 | 4.6613e-310 | 1
-4847084186133344081 | 82 | 4.6613e-310 | 10
-5135023099294966831 | 74 | 3.98639 | 21
8176697875119617954 | 75 | 2.59101 | 18
-2093348323470315708 | 76 | 4.6613e-310 | 2
-2093348323470315707 | 76 | 2.59101 | 16
-4186696646940631414 | 77 | 4.6613e-310 | 9
-4186696646940631413 | 77 | 4.6613e-310 | 7
8176697875119617955 | 75 | 4.6613e-310 | 3
76247776728085605 | 60 | 9.06045 | 201
152495553456171211 | 61 | 9.06045 | 201
304991106912342422 | 62 | 9.06045 | 201
609982213824684845 | 63 | 9.06045 | 201
1219964427649369690 | 64 | 9.06045 | 201
2439928855298739380 | 65 | 6.95061e-310 | 8
2439928855298739381 | 65 | 9.06045 | 193
4879857710597478762 | 66 | 9.06045 | 193
-8687028652514594092 | 67 | 9.06045 | 193
1072686768680363433 | 68 | 9.06045 | 193
2145373537360726867 | 69 | 9.06045 | 193
4290747074721453735 | 70 | 9.06045 | 193
8581494149442907471 | 71 | 9.06045 | 193
-1283755774823736673 | 72 | 9.06045 | 193
-2567511549647473345 | 73 | 9.06045 | 193
-5135023099294946689 | 74 | 9.06045 | 193
8176697875119658239 | 75 | 9.06045 | 193
-2093348323470235138 | 76 | 9.06045 | 193
-4186696646940470276 | 77 | 9.06045 | 193
-8373393293880940552 | 78 | 9.06045 | 193
1699957485947670512 | 79 | 9.06045 | 193
3399914971895341024 | 80 | 8.35146 | 122
6799829943790682048 | 81 | 8.35146 | 85
-4847084186128187520 | 82 | 7.45251 | 82
8752575701453176576 | 83 | 7.45251 | 82
-941592670803198463 | 84 | 7.45251 | 82
-1883185341606396926 | 85 | 7.45251 | 82
-3766370683212793851 | 86 | 7.45251 | 82
-7532741366425587702 | 87 | 7.45251 | 82
3381261340858376212 | 88 | 0.205593 | 1
3381261340858376213 | 88 | 7.45251 | 81
6762522681716752426 | 89 | 7.45251 | 81
-4921698710276046763 | 90 | 7.45251 | 81
8603346653157458090 | 91 | 7.45251 | 81
-1240050767394635435 | 92 | 7.45251 | 81
-2480101534789270870 | 93 | 7.45251 | 81
-4960203069578541739 | 94 | 7.45251 | 81
8526337934552468138 | 95 | 7.45251 | 81
-1394068204604615339 | 96 | 7.45251 | 81
-2788136409209230677 | 97 | 7.45251 | 81
-5576272818418461354 | 98 | 7.01836 | 44
7294198436872628909 | 99 | 7.01836 | 44
-3858347199964293798 | 100 | 1.17123 | 2
-3858347199964293797 | 100 | 6.45314 | 42
-7716694399928587594 | 101 | 6.45314 | 42
3013355273852376428 | 102 | 6.45314 | 42
6026710547704752856 | 103 | 6.45314 | 42
-6393322978300045904 | 104 | 6.45314 | 42
5660098117109459808 | 105 | 6.45314 | 42
-7126547839490632000 | 106 | 6.45314 | 42
4193648394728287616 | 107 | 6.45314 | 37
8387296789456575232 | 108 | 6.45314 | 37
-1672150494796401152 | 109 | 6.45314 | 37
-3344300989592802303 | 110 | 6.45314 | 37
-6688601979185604605 | 111 | 6.45314 | 37
5069540115338342407 | 112 | 6.45314 | 37
-8307663843032866801 | 113 | 6.45314 | 37
1831416387643818014 | 114 | 6.45314 | 37
3662832775287636028 | 115 | 4.54917 | 34
7325665550575272057 | 116 | 4.54917 | 34
-3795412972559007501 | 117 | 4.54917 | 34
-7590825945118015001 | 118 | 4.54917 | 34
3265092183473521614 | 119 | 0.564567 | 8
3265092183473521615 | 119 | 4.54917 | 26
6530184366947043231 | 120 | 4.54917 | 26
-5386375339815465154 | 121 | 0.414138 | 9
-5386375339815465153 | 121 | 3.16161 | 17
7673993394078621310 | 122 | 3.70446 | 1
7673993394078621311 | 122 | 3.16161 | 16
-3098757285552308993 | 123 | 3.16161 | 16
-6197514571104617985 | 124 | 3.16161 | 16
6051714931500315646 | 125 | 3.16161 | 16
-6343314210708920324 | 126 | 3.16161 | 16
5760115652291710968 | 127 | 2.45836 | 15
-6926512769126129680 | 128 | 2.45836 | 15
4593718535457292257 | 129 | 2.45836 | 15
9187437070914584514 | 130 | 2.45836 | 15
-71869931880382587 | 131 | 2.45836 | 15
-143739863760765174 | 132 | 2.45836 | 15
-287479727521530348 | 133 | 16.1717 | 3
-287479727521530347 | 133 | 1.7222 | 12
-574959455043060694 | 134 | 1.7222 | 12
-1149918910086121388 | 135 | 1.7222 | 12
-2299837820172242775 | 136 | 1.7222 | 12
-4599675640344485550 | 137 | 1.7222 | 12
-9199351280688971099 | 138 | 1.7222 | 12
48041512331609418 | 139 | 1.7222 | 12
96083024663218836 | 140 | 1.7222 | 12
192166049326437672 | 141 | 1.7222 | 12
384332098652875345 | 142 | 1.7222 | 12
768664197305750690 | 143 | 1.7222 | 12
1537328394611501380 | 144 | 1.7222 | 12
3074656789223002760 | 145 | 1.7222 | 12
6149313578446005520 | 146 | 1.7222 | 12
-6148116916817540576 | 147 | 1.7222 | 12
6150510240074470465 | 148 | 1.7222 | 12
-6145723593560610686 | 149 | 1.7222 | 12
6155296886588330245 | 150 | 1.7222 | 12
-6136150300532891125 | 151 | 1.7222 | 12
6174443472643769366 | 152 | 0 | 2
6174443472643769367 | 152 | 4.49606 | 10
5760115652291710969 | 127 | 4.6613e-310 | 1
3662832775287636029 | 115 | 4.6613e-310 | 3
4193648394728287617 | 107 | 4.6613e-310 | 5
-5576272818418461353 | 98 | 6.59815 | 37
7294198436872628910 | 99 | 6.59815 | 37
-3858347199964293795 | 100 | 6.59815 | 37
-7716694399928587590 | 101 | 6.59815 | 37
3013355273852376437 | 102 | 6.59815 | 37
6026710547704752874 | 103 | 6.59815 | 37
-6393322978300045867 | 104 | 6.59815 | 37
5660098117109459882 | 105 | 6.59815 | 37
-7126547839490631851 | 106 | 6.59815 | 37
4193648394728287915 | 107 | 6.59815 | 37
8387296789456575831 | 108 | 6.59815 | 37
-1672150494796399953 | 109 | 6.59815 | 37
-3344300989592799906 | 110 | 5.46977 | 17
-6688601979185599812 | 111 | 5.46977 | 17
5069540115338351992 | 112 | 5.46977 | 17
-8307663843032847632 | 113 | 5.46977 | 17
1831416387643856352 | 114 | 5.46977 | 17
3662832775287712705 | 115 | 5.46977 | 17
7325665550575425410 | 116 | 5.46977 | 17
-3795412972558700795 | 117 | 5.46977 | 17
-7590825945117401590 | 118 | 5.46977 | 17
3265092183474748436 | 119 | 5.46977 | 17
6530184366949496873 | 120 | 5.46977 | 17
-5386375339810557870 | 121 | 3.53813 | 11
7673993394088435876 | 122 | 3.53813 | 11
-3098757285532679864 | 123 | 3.53813 | 11
-6197514571065359728 | 124 | 0.363012 | 1
-6197514571065359727 | 124 | 11.976 | 10
-5386375339810557869 | 121 | 4.6613e-310 | 6
-3344300989592799905 | 110 | 6.59815 | 20
-6688601979185599810 | 111 | 6.59815 | 20
5069540115338351996 | 112 | 6.59815 | 20
-8307663843032847624 | 113 | 6.59815 | 20
1831416387643856369 | 114 | 6.59815 | 20
3662832775287712739 | 115 | 6.59815 | 20
7325665550575425479 | 116 | 6.59815 | 20
-3795412972558700657 | 117 | 6.59815 | 20
-7590825945117401314 | 118 | 6.59815 | 20
3265092183474748989 | 119 | 6.59815 | 20
6530184366949497979 | 120 | 6.59815 | 20
-5386375339810555657 | 121 | 6.59815 | 20
7673993394088440303 | 122 | 6.59815 | 20
-3098757285532671009 | 123 | 6.59815 | 20
-6197514571065342017 | 124 | 6.59815 | 20
6051714931578867583 | 125 | 6.59815 | 20
-6343314210551816450 | 126 | 6.59815 | 20
5760115652605918716 | 127 | 6.59815 | 20
-6926512768497714183 | 128 | 6.59815 | 20
4593718536714123251 | 129 | 6.59815 | 20
9187437073428246502 | 130 | 6.59815 | 20
-71869926853058611 | 131 | 6.59815 | 20
-143739853706117222 | 132 | 6.59815 | 20
-287479707412234444 | 133 | 7.97914 | 4
-287479707412234443 | 133 | 3.69875 | 16
-574959414824468886 | 134 | 3.69875 | 16
-1149918829648937771 | 135 | 3.69875 | 16
-2299837659297875541 | 136 | 3.69875 | 16
-4599675318595751081 | 137 | 3.69875 | 16
-9199350637191502162 | 138 | 3.69875 | 16
48042799326547292 | 139 | 3.69875 | 16
96085598653094584 | 140 | 3.69875 | 16
192171197306189169 | 141 | 3.69875 | 16
384342394612378338 | 142 | 3.69875 | 16
768684789224756676 | 143 | 3.69875 | 16
1537369578449513352 | 144 | 3.69875 | 16
3074739156899026704 | 145 | 3.69875 | 16
6149478313798053409 | 146 | 3.69875 | 16
-6147787446113444797 | 147 | 3.69875 | 16
6151169181482662023 | 148 | 3.69875 | 16
-6144405710744227570 | 149 | 3.69875 | 16
6157932652221096476 | 150 | 3.69875 | 16
-6130878769267358663 | 151 | 3.69875 | 16
6184986535174834291 | 152 | 3.69875 | 16
-6076771003359883034 | 153 | 3.69875 | 16
6293202066989785548 | 154 | 2.9024 | 13
-5860339939729980519 | 155 | 2.9024 | 13
6726064194249590579 | 156 | 2.9024 | 13
-4994615685210370457 | 157 | 2.9024 | 13
8457512703288810703 | 158 | 2.9024 | 13
-1531718667131930210 | 159 | 2.9024 | 13
-3063437334263860420 | 160 | 27.4495 | 10
-3063437334263860419 | 160 | 4.73859 | 3
6293202066989785549 | 154 | 4.6613e-310 | 3
-4847084186128187519 | 82 | 4.6613e-310 | 3
6799829943790682049 | 81 | 4.8052 | 37
-4847084186128187518 | 82 | 4.8052 | 37
8752575701453176580 | 83 | 4.8052 | 37
-941592670803198455 | 84 | 4.8052 | 37
-1883185341606396909 | 85 | 4.8052 | 37
-3766370683212793818 | 86 | 6.95061e-310 | 4
-3766370683212793817 | 86 | 4.8052 | 33
-7532741366425587633 | 87 | 4.8052 | 33
3381261340858376350 | 88 | 1.58101e-322 | 9
3381261340858376351 | 88 | 3.89413 | 24
6762522681716752702 | 89 | 0.750611 | 8
6762522681716752703 | 89 | 3.17286 | 16
-4921698710276046209 | 90 | 3.17286 | 16
8603346653157459199 | 91 | 3.17286 | 16
-1240050767394633218 | 92 | 1.86064 | 3
-1240050767394633217 | 92 | 2.89389 | 13
-2480101534789266434 | 93 | 2.89389 | 13
-4960203069578532867 | 94 | 2.89389 | 13
8526337934552485883 | 95 | 2.89389 | 13
-1394068204604579850 | 96 | 2.89389 | 13
-2788136409209159700 | 97 | 2.89389 | 13
-5576272818418319399 | 98 | 2.89389 | 13
7294198436872912818 | 99 | 2.89389 | 13
-3858347199963725980 | 100 | 2.89389 | 13
-7716694399927451959 | 101 | 2.89389 | 13
3013355273854647699 | 102 | 2.89389 | 13
6026710547709295399 | 103 | 2.89389 | 13
-6393322978290960818 | 104 | 8.50106 | 8
-6393322978290960817 | 104 | 1.42785e-321 | 5
3399914971895341025 | 80 | 8.22217 | 71
6799829943790682050 | 81 | 8.22217 | 71
-4847084186128187516 | 82 | 8.22217 | 71
8752575701453176584 | 83 | 8.22217 | 71
-941592670803198447 | 84 | 8.22217 | 71
-1883185341606396894 | 85 | 8.22217 | 71
-3766370683212793787 | 86 | 8.22217 | 71
-7532741366425587574 | 87 | 8.22217 | 71
3381261340858376468 | 88 | 3.08064 | 20
6762522681716752937 | 89 | 3.08064 | 20
-4921698710276045742 | 90 | 3.08064 | 20
8603346653157460132 | 91 | 1.59777 | 13
-1240050767394631351 | 92 | 1.59777 | 13
-2480101534789262701 | 93 | 1.59777 | 13
-4960203069578525402 | 94 | 1.59777 | 13
8526337934552500812 | 95 | 1.59777 | 13
-1394068204604549992 | 96 | 1.59777 | 13
-2788136409209099983 | 97 | 1.59777 | 13
-5576272818418199965 | 98 | 1.59777 | 13
7294198436873151687 | 99 | 1.59777 | 13
-3858347199963248242 | 100 | 1.59777 | 13
-7716694399926496483 | 101 | 1.59777 | 13
3013355273856558651 | 102 | 1.59777 | 13
6026710547713117302 | 103 | 5.51905 | 4
6026710547713117303 | 103 | 6.95061e-310 | 9
8603346653157460133 | 91 | 4.6613e-310 | 7
3381261340858376469 | 88 | 5.10831 | 51
6762522681716752939 | 89 | 5.10831 | 51
-4921698710276045738 | 90 | 5.10831 | 51
8603346653157460141 | 91 | 5.10831 | 51
-1240050767394631333 | 92 | 5.10831 | 51
-2480101534789262666 | 93 | 5.10831 | 51
-4960203069578525331 | 94 | 5.10831 | 51
8526337934552500954 | 95 | 4.13233 | 11
-1394068204604549707 | 96 | 4.13233 | 11
-2788136409209099413 | 97 | 4.13233 | 11
-5576272818418198825 | 98 | 4.13233 | 11
7294198436873153967 | 99 | 4.13233 | 11
-3858347199963243682 | 100 | 1.69835 | 4
-3858347199963243681 | 100 | 0.500313 | 7
8526337934552500955 | 95 | 5.10831 | 40
-1394068204604549705 | 96 | 5.10831 | 40
-2788136409209099410 | 97 | 5.10831 | 40
-5576272818418198819 | 98 | 5.10831 | 40
7294198436873153978 | 99 | 5.10831 | 38
-3858347199963243660 | 100 | 5.10831 | 38
-7716694399926487319 | 101 | 5.10831 | 38
3013355273856576979 | 102 | 5.10831 | 38
6026710547713153959 | 103 | 5.10831 | 38
-6393322978283243697 | 104 | 5.10831 | 38
5660098117143064222 | 105 | 5.10831 | 38
-7126547839423423172 | 106 | 5.10831 | 38
4193648394862705272 | 107 | 5.10831 | 38
8387296789725410545 | 108 | 5.10831 | 38
-1672150494258730525 | 109 | 5.10831 | 38
-3344300988517461050 | 110 | 5.10831 | 38
-6688601977034922099 | 111 | 5.10831 | 38
5069540119639707418 | 112 | 2.80465 | 20
-8307663834430136779 | 113 | 2.80465 | 20
1831416404849278058 | 114 | 2.80465 | 20
3662832809698556116 | 115 | 2.80465 | 20
7325665619397112232 | 116 | 2.80465 | 20
-3795412834915327152 | 117 | 2.80465 | 20
-7590825669830654303 | 118 | 2.80465 | 20
3265092734048243010 | 119 | 2.38897 | 19
6530185468096486021 | 120 | 2.38897 | 19
-5386373137516579574 | 121 | 2.38897 | 19
7673997798676392468 | 122 | 2.38897 | 19
-3098748476356766679 | 123 | 2.38897 | 19
-6197496952713533358 | 124 | 2.38897 | 19
6051750168282484901 | 125 | 2.38897 | 19
-6343243737144581814 | 126 | 2.38897 | 19
5760256599420387988 | 127 | 2.38897 | 19
-6926230874868775640 | 128 | 2.38897 | 19
4594282323972000337 | 129 | 2.38897 | 19
9188564647944000674 | 130 | 2.35567 | 6
9188564647944000675 | 130 | 1.31057 | 13
-69614777821550266 | 131 | 1.31057 | 13
-139229555643100531 | 132 | 1.31057 | 13
-278459111286201062 | 133 | 6.95061e-310 | 8
-278459111286201061 | 133 | 4.79244e-322 | 5
3265092734048243011 | 119 | 4.6613e-310 | 1
5069540119639707419 | 112 | 2.0938 | 18
-8307663834430136778 | 113 | 2.0938 | 18
1831416404849278061 | 114 | 2.0938 | 18
3662832809698556122 | 115 | 4.6613e-310 | 9
3662832809698556123 | 115 | 4.6613e-310 | 9
7294198436873153979 | 99 | 4.6613e-310 | 2
38123888364042803 | 59 | 7.53325 | 41
76247776728085606 | 60 | 7.53325 | 41
152495553456171213 | 61 | 7.53325 | 41
304991106912342426 | 62 | 7.53325 | 41
609982213824684852 | 63 | 7.53325 | 41
1219964427649369704 | 64 | 7.53325 | 41
2439928855298739409 | 65 | 7.53325 | 41
4879857710597478818 | 66 | 2.92695 | 12
-8687028652514593980 | 67 | 2.92695 | 12
1072686768680363656 | 68 | 2.92695 | 12
2145373537360727313 | 69 | 2.92695 | 12
4290747074721454626 | 70 | 1.58101e-322 | 7
4290747074721454627 | 70 | 1.63042e-322 | 5
4879857710597478819 | 66 | 6.3923 | 29
-8687028652514593978 | 67 | 3.06345 | 18
1072686768680363660 | 68 | 1.58101e-322 | 3
1072686768680363661 | 68 | 3.06345 | 15
2145373537360727323 | 69 | 3.06345 | 15
4290747074721454646 | 70 | 2.63033 | 11
8581494149442909293 | 71 | 2.63033 | 11
-1283755774823733029 | 72 | 2.63033 | 11
-2567511549647466058 | 73 | 2.63033 | 11
-5135023099294932116 | 74 | 2.63033 | 11
8176697875119687385 | 75 | 2.63033 | 11
-2093348323470176846 | 76 | 2.63033 | 11
-4186696646940353692 | 77 | 2.63033 | 11
-8373393293880707383 | 78 | 2.63033 | 11
1699957485948136850 | 79 | 2.63033 | 11
3399914971896273701 | 80 | 2.63033 | 11
6799829943792547403 | 81 | 2.63033 | 11
-4847084186124456810 | 82 | 2.63033 | 11
8752575701460637996 | 83 | 2.63033 | 11
-941592670788275624 | 84 | 2.63033 | 11
-1883185341576551247 | 85 | 2.63033 | 11
-3766370683153102493 | 86 | 2.63033 | 11
-7532741366306204986 | 87 | 2.63033 | 11
3381261341097141645 | 88 | 2.63033 | 11
6762522682194283291 | 89 | 2.63033 | 11
-4921698709320985034 | 90 | 2.63033 | 11
8603346655067581548 | 91 | 2.63033 | 11
-1240050763574388519 | 92 | 2.63033 | 11
-2480101527148777037 | 93 | 2.63033 | 11
-4960203054297554074 | 94 | 2.63033 | 11
8526337965114443468 | 95 | 2.63033 | 11
-1394068143480664680 | 96 | 1.63042e-322 | 8
-1394068143480664679 | 96 | 4.6613e-310 | 3
4290747074721454647 | 70 | 4.6613e-310 | 4
-8687028652514593977 | 67 | 3.7541 | 11
1072686768680363662 | 68 | 4.6613e-310 | 1
1072686768680363663 | 68 | 4.6613e-310 | 10
4765486045505351 | 56 | 4.28795 | 13
9530972091010702 | 57 | 4.6613e-310 | 1
9530972091010703 | 57 | 3.33917 | 12
19061944182021406 | 58 | 3.33917 | 12
38123888364042813 | 59 | 3.33917 | 12
76247776728085626 | 60 | 3.33917 | 12
152495553456171253 | 61 | 3.33917 | 12
304991106912342507 | 62 | 3.33917 | 12
609982213824685014 | 63 | 3.33917 | 12
1219964427649370028 | 64 | 3.33917 | 12
2439928855298740056 | 65 | 3.33917 | 12
4879857710597480112 | 66 | 4.6613e-310 | 1
4879857710597480113 | 66 | 2.45954 | 11
-8687028652514591390 | 67 | 2.45954 | 11
1072686768680368837 | 68 | 2.45954 | 11
2145373537360737675 | 69 | 2.45954 | 11
4290747074721475351 | 70 | 2.45954 | 11
8581494149442950703 | 71 | 2.45954 | 11
-1283755774823650210 | 72 | 2.45954 | 11
-2567511549647300420 | 73 | 2.45954 | 11
-5135023099294600839 | 74 | 2.45954 | 11
8176697875120349939 | 75 | 2.45954 | 11
-2093348323468851737 | 76 | 2.45954 | 11
-4186696646937703473 | 77 | 2.45954 | 11
-8373393293875406945 | 78 | 2.45954 | 11
1699957485958737726 | 79 | 4.6613e-310 | 3
1699957485958737727 | 79 | 4.6613e-310 | 8
37230359730511 | 49 | 16.265 | 377
74460719461022 | 50 | 16.265 | 377
148921438922045 | 51 | 16.265 | 377
297842877844090 | 52 | 15.7993 | 346
595685755688181 | 53 | 15.7993 | 346
1191371511376363 | 54 | 15.7993 | 346
2382743022752727 | 55 | 15.7993 | 346
4765486045505454 | 56 | 15.7993 | 290
9530972091010908 | 57 | 11.0383 | 35
19061944182021816 | 58 | 11.0383 | 35
38123888364043632 | 59 | 9.08334 | 18
76247776728087264 | 60 | 9.08334 | 18
152495553456174528 | 61 | 9.08334 | 18
304991106912349056 | 62 | 9.08334 | 18
609982213824698113 | 63 | 9.08334 | 18
1219964427649396226 | 64 | 9.08334 | 18
2439928855298792452 | 65 | 9.08334 | 18
4879857710597584905 | 66 | 9.08334 | 18
-8687028652514381806 | 67 | 9.08334 | 18
1072686768680788004 | 68 | 3.21143e-322 | 1
1072686768680788005 | 68 | 1.95638 | 17
2145373537361576011 | 69 | 1.95638 | 17
4290747074723152023 | 70 | 1.95638 | 17
8581494149446304046 | 71 | 2.37152e-322 | 8
8581494149446304047 | 71 | 0.521745 | 9
38123888364043633 | 59 | 3.04802 | 17
76247776728087266 | 60 | 3.04802 | 17
152495553456174532 | 61 | 3.04802 | 17
304991106912349064 | 62 | 4.6613e-310 | 4
304991106912349065 | 62 | 2.0516 | 13
609982213824698130 | 63 | 2.0516 | 13
1219964427649396260 | 64 | 2.0516 | 13
2439928855298792520 | 65 | 2.0516 | 13
4879857710597585041 | 66 | 2.0516 | 13
-8687028652514381533 | 67 | 2.0516 | 13
1072686768680788551 | 68 | 2.0516 | 13
2145373537361577102 | 69 | 2.0516 | 13
4290747074723154205 | 70 | 2.0516 | 13
8581494149446308410 | 71 | 2.0516 | 13
-1283755774816934796 | 72 | 2.0516 | 13
-2567511549633869591 | 73 | 2.0516 | 13
-5135023099267739181 | 74 | 2.0516 | 13
8176697875174073255 | 75 | 2.0516 | 13
-2093348323361405106 | 76 | 2.0516 | 13
-4186696646722810212 | 77 | 2.0516 | 13
-8373393293445620424 | 78 | 2.0516 | 13
1699957486818310768 | 79 | 2.0516 | 13
3399914973636621536 | 80 | 2.0516 | 13
6799829947273243072 | 81 | 10.6369 | 4
6799829947273243073 | 81 | 6.95061e-310 | 9
9530972091010909 | 57 | 15.2266 | 255
19061944182021818 | 58 | 15.2266 | 255
38123888364043637 | 59 | 15.2266 | 255
76247776728087274 | 60 | 15.2266 | 255
152495553456174549 | 61 | 15.2266 | 255
304991106912349099 | 62 | 15.2266 | 255
609982213824698199 | 63 | 15.2266 | 255
1219964427649396398 | 64 | 15.2266 | 103
2439928855298792797 | 65 | 15.2266 | 103
4879857710597585594 | 66 | 15.2266 | 103
-8687028652514380427 | 67 | 15.2266 | 103
1072686768680790763 | 68 | 15.2266 | 103
2145373537361581527 | 69 | 15.2266 | 103
4290747074723163055 | 70 | 15.2266 | 103
8581494149446326111 | 71 | 15.2266 | 103
-1283755774816899393 | 72 | 15.2266 | 103
-2567511549633798785 | 73 | 15.2266 | 103
-5135023099267597569 | 74 | 15.2266 | 103
8176697875174356479 | 75 | 15.2266 | 103
-2093348323360838658 | 76 | 15.2266 | 103
-4186696646721677316 | 77 | 15.2266 | 103
-8373393293443354631 | 78 | 15.2266 | 103
1699957486822842354 | 79 | 15.2266 | 103
3399914973645684709 | 80 | 15.2266 | 103
6799829947291369419 | 81 | 15.2266 | 103
-4847084179126812777 | 82 | 15.2266 | 103
8752575715455926062 | 83 | 15.2266 | 103
-941592642797699491 | 84 | 15.2266 | 103
-1883185285595398981 | 85 | 15.2266 | 103
-3766370571190797962 | 86 | 10.3388 | 83
-7532741142381595924 | 87 | 10.3388 | 83
3381261788946359768 | 88 | 8.48466 | 12
6762523577892719536 | 89 | 3.17671 | 3
6762523577892719537 | 89 | 4.6613e-310 | 9
3381261788946359769 | 88 | 10.3388 | 71
6762523577892719539 | 89 | 10.3388 | 71
-4921696917924112538 | 90 | 6.14742 | 26
8603350237861326540 | 91 | 6.14742 | 26
-1240043597986898536 | 92 | 5.1358 | 14
-2480087195973797072 | 93 | 5.1358 | 14
-4960174391947594143 | 94 | 5.1358 | 14
8526395289814363330 | 95 | 5.1358 | 14
-1393953494080824956 | 96 | 5.1358 | 14
-2787906988161649911 | 97 | 5.1358 | 14
-5575813976323299822 | 98 | 5.1358 | 14
7295116121062951973 | 99 | 5.1358 | 14
-3856511831583647669 | 100 | 5.1358 | 14
-7713023663167295337 | 101 | 5.1358 | 14
3020696747374960943 | 102 | 5.1358 | 14
6041393494749921886 | 103 | 5.1358 | 14
-6363957084209707844 | 104 | 5.1358 | 14
5718829905290135929 | 105 | 5.1358 | 14
-7009084263129279758 | 106 | 4.04086 | 11
4428575547450992101 | 107 | 4.04086 | 11
8857151094901984202 | 108 | 1.99869 | 2
8857151094901984203 | 108 | 1.69516 | 9
-7009084263129279757 | 106 | 4.6613e-310 | 3
-1240043597986898535 | 92 | 2.54636 | 12
-2480087195973797069 | 93 | 2.54636 | 12
-4960174391947594137 | 94 | 2.54636 | 12
8526395289814363342 | 95 | 2.54636 | 12
-1393953494080824932 | 96 | 4.6613e-310 | 3
-1393953494080824931 | 96 | 4.6613e-310 | 9
-4921696917924112537 | 90 | 6.23921 | 45
8603350237861326543 | 91 | 6.23921 | 45
-1240043597986898530 | 92 | 6.23921 | 45
-2480087195973797060 | 93 | 1.83326 | 13
-4960174391947594120 | 94 | 1.83326 | 13
8526395289814363376 | 95 | 1.83326 | 13
-1393953494080824864 | 96 | 1.83326 | 13
-2787906988161649727 | 97 | 1.83326 | 13
-5575813976323299453 | 98 | 1.83326 | 13
7295116121062952711 | 99 | 1.83326 | 13
-3856511831583646194 | 100 | 1.83326 | 13
-7713023663167292388 | 101 | 1.83326 | 13
3020696747374966841 | 102 | 1.83326 | 13
6041393494749933682 | 103 | 1.83326 | 13
-6363957084209684252 | 104 | 1.63042e-322 | 2
-6363957084209684251 | 104 | 1.56565 | 11
5718829905290183114 | 105 | 1.56565 | 11
-7009084263129185387 | 106 | 1.56565 | 11
4428575547451180842 | 107 | 4.27898 | 1
4428575547451180843 | 107 | 0.0611879 | 10
-2480087195973797059 | 93 | 5.51239 | 32
-4960174391947594118 | 94 | 5.51239 | 32
8526395289814363380 | 95 | 5.51239 | 32
-1393953494080824856 | 96 | 3.16119 | 28
-2787906988161649711 | 97 | 3.16119 | 28
-5575813976323299421 | 98 | 3.16119 | 28
7295116121062952775 | 99 | 3.16119 | 28
-3856511831583646066 | 100 | 3.16119 | 15
-7713023663167292132 | 101 | 3.16119 | 15
3020696747374967352 | 102 | 2.38552 | 2
3020696747374967353 | 102 | 2.67437 | 13
6041393494749934706 | 103 | 2.67437 | 13
-6363957084209682204 | 104 | 2.67437 | 13
5718829905290187208 | 105 | 2.67437 | 13
-7009084263129177200 | 106 | 2.67437 | 13
4428575547451197217 | 107 | 2.67437 | 13
8857151094902394434 | 108 | 2.67437 | 13
-732441883904762748 | 109 | 2.67437 | 13
-1464883767809525496 | 110 | 2.67437 | 13
-2929767535619050992 | 111 | 2.67437 | 13
-5859535071238101983 | 112 | 2.67437 | 13
6727673931233347650 | 113 | 2.67437 | 13
-4991396211242856316 | 114 | 2.67437 | 13
8463951651223838984 | 115 | 2.67437 | 13
-1518840771261873647 | 116 | 2.67437 | 13
-3037681542523747294 | 117 | 2.67437 | 13
-6075363085047494587 | 118 | 2.67437 | 13
6296017903614562443 | 119 | 2.67437 | 13
-5854708266480426730 | 120 | 39.5053 | 10
-5854708266480426729 | 120 | 93.5137 | 3
-3856511831583646065 | 100 | 2.28546 | 13
-7713023663167292130 | 101 | 2.28546 | 13
3020696747374967357 | 102 | 2.28546 | 13
6041393494749934714 | 103 | 2.28546 | 13
-6363957084209682187 | 104 | 2.28546 | 13
5718829905290187243 | 105 | 2.28546 | 13
-7009084263129177129 | 106 | 2.28546 | 13
4428575547451197358 | 107 | 2.28546 | 13
8857151094902394716 | 108 | 4.6613e-310 | 4
8857151094902394717 | 108 | 4.6613e-310 | 9
-1393953494080824855 | 96 | 4.6613e-310 | 4
-3766370571190797961 | 86 | 12.7292 | 20
-7532741142381595922 | 87 | 4.6613e-310 | 1
-7532741142381595921 | 87 | 4.49737 | 19
3381261788946359774 | 88 | 4.49737 | 19
6762523577892719548 | 89 | 4.49737 | 19
-4921696917924112520 | 90 | 4.49737 | 19
8603350237861326577 | 91 | 4.49737 | 19
-1240043597986898462 | 92 | 4.49737 | 19
-2480087195973796924 | 93 | 4.49737 | 19
-4960174391947593848 | 94 | 4.49737 | 19
8526395289814363920 | 95 | 2.67679 | 13
-1393953494080823775 | 96 | 2.67679 | 13
-2787906988161647550 | 97 | 2.67679 | 13
-5575813976323295099 | 98 | 2.67679 | 13
7295116121062961419 | 99 | 2.67679 | 13
-3856511831583628777 | 100 | 2.67679 | 13
-7713023663167257554 | 101 | 1.12476 | 3
-7713023663167257553 | 101 | 3.46478 | 10
8526395289814363921 | 95 | 4.6613e-310 | 6
1219964427649396399 | 64 | 13.3724 | 152
2439928855298792798 | 65 | 13.3724 | 152
4879857710597585597 | 66 | 13.3724 | 152
-8687028652514380421 | 67 | 13.3724 | 152
1072686768680790775 | 68 | 13.3724 | 152
2145373537361581550 | 69 | 13.3724 | 152
4290747074723163101 | 70 | 13.3724 | 152
8581494149446326202 | 71 | 13.2797 | 43
-1283755774816899211 | 72 | 13.2797 | 43
-2567511549633798422 | 73 | 13.2797 | 43
-5135023099267596844 | 74 | 13.2797 | 43
8176697875174357928 | 75 | 13.2797 | 43
-2093348323360835760 | 76 | 13.2797 | 43
-4186696646721671519 | 77 | 13.2797 | 43
-8373393293443343037 | 78 | 13.2797 | 43
1699957486822865543 | 79 | 13.2797 | 43
3399914973645731086 | 80 | 13.2797 | 43
6799829947291462172 | 81 | 8.14501 | 17
-4847084179126627271 | 82 | 8.14501 | 17
8752575715456297074 | 83 | 8.14501 | 17
-941592642796957467 | 84 | 8.14501 | 17
-1883185285593914933 | 85 | 8.14501 | 17
-3766370571187829866 | 86 | 8.14501 | 17
-7532741142375659731 | 87 | 8.14501 | 17
3381261788958232154 | 88 | 8.14501 | 17
6762523577916464309 | 89 | 8.14501 | 17
-4921696917876622998 | 90 | 8.14501 | 17
8603350237956305620 | 91 | 8.14501 | 17
-1240043597796940375 | 92 | 8.14501 | 17
-2480087195593880750 | 93 | 8.14501 | 17
-4960174391187761500 | 94 | 8.14501 | 17
8526395291334028616 | 95 | 8.14501 | 17
-1393953491041494384 | 96 | 8.14501 | 17
-2787906982082988767 | 97 | 8.14501 | 17
-5575813964165977534 | 98 | 8.14501 | 17
7295116145377596548 | 99 | 8.14501 | 17
-3856511782954358520 | 100 | 8.14501 | 17
-7713023565908717040 | 101 | 8.14501 | 17
3020696941892117537 | 102 | 8.14501 | 17
6041393883784235075 | 103 | 8.14501 | 17
-6363956306141081466 | 104 | 8.14501 | 17
5718831461427388685 | 105 | 8.14501 | 17
-7009081150854774245 | 106 | 8.14501 | 17
4428581772000003126 | 107 | 64.5002 | 8
4428581772000003127 | 107 | 6.95061e-310 | 9
6799829947291462173 | 81 | 12.0319 | 26
-4847084179126627269 | 82 | 12.0319 | 26
8752575715456297079 | 83 | 12.0319 | 26
-941592642796957458 | 84 | 12.0319 | 26
-1883185285593914916 | 85 | 12.0319 | 26
-3766370571187829832 | 86 | 12.0319 | 26
-7532741142375659663 | 87 | 12.0319 | 26
3381261788958232290 | 88 | 12.0319 | 26
6762523577916464581 | 89 | 12.0319 | 26
-4921696917876622453 | 90 | 12.0319 | 26
8603350237956306711 | 91 | 12.0319 | 26
-1240043597796938194 | 92 | 12.0319 | 26
-2480087195593876387 | 93 | 12.0319 | 26
-4960174391187752773 | 94 | 12.0319 | 26
8526395291334046071 | 95 | 12.0319 | 26
-1393953491041459474 | 96 | 12.0319 | 26
-2787906982082918948 | 97 | 12.0319 | 15
-5575813964165837896 | 98 | 12.0319 | 15
7295116145377875824 | 99 | 12.0319 | 15
-3856511782953799967 | 100 | 12.0319 | 15
-7713023565907599934 | 101 | 6.51816 | 12
3020696941894351748 | 102 | 6.51816 | 12
6041393883788703496 | 103 | 6.51816 | 12
-6363956306132144623 | 104 | 6.51816 | 12
5718831461445262370 | 105 | 6.51816 | 12
-7009081150819026876 | 106 | 6.51816 | 12
4428581772071497865 | 107 | 6.51816 | 12
8857163544142995730 | 108 | 6.51816 | 12
-732416985423560155 | 109 | 6.51816 | 12
-1464833970847120309 | 110 | 6.51816 | 12
-2929667941694240617 | 111 | 6.51816 | 12
-5859335883388481234 | 112 | 6.51816 | 12
6728072306932589148 | 113 | 6.51816 | 12
-4990599459844373319 | 114 | 6.51816 | 12
8465545154020804978 | 115 | 6.51816 | 12
-1515653765667941660 | 116 | 6.51816 | 12
-3031307531335883319 | 117 | 6.51816 | 12
-6062615062671766638 | 118 | 6.51816 | 12
6321513948366018341 | 119 | 6.51816 | 12
-5803716176977514933 | 120 | 6.51816 | 12
6839311719754521751 | 121 | 6.51816 | 12
-4768120634200508113 | 122 | 6.51816 | 12
8910502805308535390 | 123 | 6.51816 | 12
-625738463092480835 | 124 | 6.51816 | 12
-1251476926184961670 | 125 | 6.51816 | 12
-2502953852369923339 | 126 | 6.51816 | 12
-5005907704739846677 | 127 | 6.51816 | 12
8434928664229858263 | 128 | 6.51816 | 12
-1576886745249835089 | 129 | 6.51816 | 12
-3153773490499670177 | 130 | 6.51816 | 12
-6307546980999340354 | 131 | 0.183057 | 5
-6307546980999340353 | 131 | 1.25344 | 7
-7713023565907599933 | 101 | 4.6613e-310 | 3
-2787906982082918947 | 97 | 2.67249 | 11
-5575813964165837894 | 98 | 2.67249 | 11
7295116145377875829 | 99 | 2.67249 | 11
-3856511782953799957 | 100 | 2.67249 | 11
-7713023565907599914 | 101 | 2.67249 | 11
3020696941894351788 | 102 | 2.67249 | 11
6041393883788703577 | 103 | 2.67249 | 11
-6363956306132144461 | 104 | 2.67249 | 11
5718831461445262694 | 105 | 2.67249 | 11
-7009081150819026228 | 106 | 4.6613e-310 | 1
-7009081150819026227 | 106 | 4.6613e-310 | 10
8581494149446326203 | 71 | 12.3071 | 109
-1283755774816899210 | 72 | 5.34906 | 32
-2567511549633798420 | 73 | 5.34906 | 32
-5135023099267596839 | 74 | 5.34906 | 32
8176697875174357939 | 75 | 5.34906 | 32
-2093348323360835737 | 76 | 5.34906 | 32
-4186696646721671473 | 77 | 5.34906 | 32
-8373393293443342946 | 78 | 4.91978 | 28
1699957486822865725 | 79 | 4.91978 | 28
3399914973645731451 | 80 | 4.91978 | 28
6799829947291462902 | 81 | 4.91978 | 28
-4847084179126625812 | 82 | 4.2066 | 26
8752575715456299993 | 83 | 4.2066 | 26
-941592642796951629 | 84 | 4.2066 | 26
-1883185285593903258 | 85 | 6.95061e-310 | 8
-1883185285593903257 | 85 | 3.54856 | 18
-3766370571187806514 | 86 | 4.15224 | 3
-3766370571187806513 | 86 | 3.51012 | 15
-7532741142375613026 | 87 | 3.51012 | 15
3381261788958325564 | 88 | 2.11353 | 12
6762523577916651128 | 89 | 2.11353 | 12
-4921696917876249359 | 90 | 2.11353 | 12
8603350237957052898 | 91 | 2.11353 | 11
-1240043597795445820 | 92 | 2.11353 | 11
-2480087195590891640 | 93 | 2.11353 | 11
-4960174391181783279 | 94 | 2.11353 | 11
8526395291345985058 | 95 | 2.11353 | 11
-1393953491017581499 | 96 | 2.11353 | 11
-2787906982035162998 | 97 | 2.11353 | 11
-5575813964070325996 | 98 | 2.11353 | 11
7295116145568899625 | 99 | 2.11353 | 11
-3856511782571752365 | 100 | 2.11353 | 11
-7713023565143504730 | 101 | 6.29982 | 6
-7713023565143504729 | 101 | 19.8829 | 5
8603350237957052899 | 91 | 4.6613e-310 | 1
3381261788958325565 | 88 | 4.6613e-310 | 3
-4847084179126625811 | 82 | 4.6613e-310 | 2
-8373393293443342945 | 78 | 4.6613e-310 | 4
-1283755774816899209 | 72 | 9.40591 | 77
-2567511549633798418 | 73 | 9.40591 | 77
-5135023099267596836 | 74 | 4.6613e-310 | 4
-5135023099267596835 | 74 | 9.40591 | 73
8176697875174357946 | 75 | 4.66866 | 19
-2093348323360835723 | 76 | 4.66866 | 19
-4186696646721671446 | 77 | 2.19799 | 13
-8373393293443342892 | 78 | 2.19799 | 13
1699957486822865833 | 79 | 2.19799 | 13
3399914973645731667 | 80 | 2.19799 | 13
6799829947291463335 | 81 | 2.19799 | 13
-4847084179126624945 | 82 | 2.19799 | 13
8752575715456301726 | 83 | 2.19799 | 13
-941592642796948164 | 84 | 2.19799 | 13
-1883185285593896327 | 85 | 2.19799 | 13
-3766370571187792653 | 86 | 2.19799 | 13
-7532741142375585305 | 87 | 2.19799 | 13
3381261788958381006 | 88 | 2.19799 | 13
6762523577916762013 | 89 | 2.19799 | 13
-4921696917876027590 | 90 | 2.19799 | 13
8603350237957496437 | 91 | 2.19799 | 13
-1240043597794558741 | 92 | 2.19799 | 13
-2480087195589117481 | 93 | 2.19799 | 13
-4960174391178234961 | 94 | 2.19799 | 13
8526395291353081695 | 95 | 2.19799 | 13
-1393953491003388226 | 96 | 39.3782 | 1
-1393953491003388225 | 96 | 1.82585 | 12
-2787906982006776450 | 97 | 1.82585 | 12
-5575813964013552899 | 98 | 1.82585 | 12
7295116145682445819 | 99 | 1.82585 | 12
-3856511782344659978 | 100 | 8.39844 | 5
-3856511782344659977 | 100 | 30.2562 | 7
-4186696646721671445 | 77 | 4.6613e-310 | 6
8176697875174357947 | 75 | 7.37334 | 54
-2093348323360835721 | 76 | 7.37334 | 54
-4186696646721671441 | 77 | 7.37334 | 54
-8373393293443342882 | 78 | 7.37334 | 54
1699957486822865853 | 79 | 7.37334 | 54
3399914973645731706 | 80 | 7.37334 | 54
6799829947291463412 | 81 | 3.30917 | 18
-4847084179126624791 | 82 | 3.30917 | 18
8752575715456302035 | 83 | 3.30917 | 18
-941592642796947545 | 84 | 3.30917 | 18
-1883185285593895089 | 85 | 3.30917 | 18
-3766370571187790178 | 86 | 0 | 5
-3766370571187790177 | 86 | 1.89367 | 13
-7532741142375580353 | 87 | 1.89367 | 13
3381261788958390910 | 88 | 0.442765 | 3
3381261788958390911 | 88 | 4.6613e-310 | 10
6799829947291463413 | 81 | 5.72671 | 36
-4847084179126624789 | 82 | 5.72671 | 36
8752575715456302038 | 83 | 5.72671 | 36
-941592642796947540 | 84 | 5.72671 | 36
-1883185285593895080 | 85 | 5.22948 | 22
-3766370571187790159 | 86 | 5.22948 | 22
-7532741142375580318 | 87 | 4.6613e-310 | 5
-7532741142375580317 | 87 | 3.93254 | 17
3381261788958390982 | 88 | 3.93254 | 17
6762523577916781964 | 89 | 3.93254 | 17
-4921696917875987688 | 90 | 3.93254 | 17
8603350237957576241 | 91 | 3.93254 | 17
-1240043597794399133 | 92 | 3.93254 | 17
-2480087195588798266 | 93 | 3.93254 | 17
-4960174391177596531 | 94 | 3.93254 | 17
8526395291354358555 | 95 | 3.93254 | 17
-1393953491000834506 | 96 | 2.92445 | 14
-2787906982001669011 | 97 | 2.92445 | 14
-5575813964003338022 | 98 | 2.92445 | 14
7295116145702875573 | 99 | 2.92445 | 14
-3856511782303800470 | 100 | 2.92445 | 14
-7713023564607600939 | 101 | 2.92445 | 14
3020696944494349739 | 102 | 2.92445 | 14
6041393888988699478 | 103 | 2.92445 | 14
-6363956295732152660 | 104 | 2.92445 | 14
5718831482245246296 | 105 | 6.46341 | 10
5718831482245246297 | 105 | 4.6613e-310 | 4
-1393953491000834505 | 96 | 4.6613e-310 | 3
-1883185285593895079 | 85 | 3.15324 | 14
-3766370571187790157 | 86 | 3.15324 | 14
-7532741142375580314 | 87 | 4.6613e-310 | 1
-7532741142375580313 | 87 | 2.8326 | 13
3381261788958390990 | 88 | 2.8326 | 13
6762523577916781981 | 89 | 2.8326 | 13
-4921696917875987654 | 90 | 2.8326 | 13
8603350237957576308 | 91 | 2.8326 | 13
-1240043597794399000 | 92 | 2.8326 | 13
-2480087195588797999 | 93 | 2.8326 | 13
-4960174391177595998 | 94 | 2.8326 | 13
8526395291354359621 | 95 | 2.8326 | 13
-1393953491000832374 | 96 | 2.8326 | 13
-2787906982001664748 | 97 | 2.8326 | 13
-5575813964003329496 | 98 | 2.8326 | 13
7295116145702892625 | 99 | 2.8326 | 13
-3856511782303766366 | 100 | 2.8326 | 13
-7713023564607532732 | 101 | 2.8326 | 13
3020696944494486153 | 102 | 2.8326 | 13
6041393888988972306 | 103 | 2.8326 | 13
-6363956295731607003 | 104 | 2.8326 | 13
5718831482246337610 | 105 | 38.1604 | 6
5718831482246337611 | 105 | 24.3432 | 7
4765486045505455 | 56 | 8.34268 | 56
9530972091010911 | 57 | 8.34268 | 56
19061944182021823 | 58 | 8.34268 | 56
38123888364043646 | 59 | 8.34268 | 56
76247776728087292 | 60 | 8.34268 | 56
152495553456174585 | 61 | 8.34268 | 56
304991106912349170 | 62 | 8.34268 | 56
609982213824698340 | 63 | 8.34268 | 56
1219964427649396681 | 64 | 8.34268 | 56
2439928855298793362 | 65 | 8.34268 | 56
4879857710597586724 | 66 | 8.34268 | 56
-8687028652514378168 | 67 | 8.34268 | 56
1072686768680795280 | 68 | 8.34268 | 56
2145373537361590561 | 69 | 8.34268 | 56
4290747074723181123 | 70 | 8.34268 | 56
8581494149446362246 | 71 | 8.34268 | 56
-1283755774816827123 | 72 | 8.34268 | 56
-2567511549633654245 | 73 | 8.34268 | 56
-5135023099267308490 | 74 | 8.34268 | 56
8176697875174934637 | 75 | 8.34268 | 56
-2093348323359682341 | 76 | 8.34268 | 56
-4186696646719364681 | 77 | 8.34268 | 56
-8373393293438729361 | 78 | 8.34268 | 56
1699957486832092894 | 79 | 8.34268 | 56
3399914973664185789 | 80 | 8.34268 | 56
6799829947328371579 | 81 | 8.34268 | 56
-4847084179052808458 | 82 | 8.34268 | 56
8752575715603934700 | 83 | 8.34268 | 56
-941592642501682216 | 84 | 8.34268 | 56
-1883185285003364431 | 85 | 8.34268 | 56
-3766370570006728861 | 86 | 8.34268 | 56
-7532741140013457721 | 87 | 8.34268 | 56
3381261793682636175 | 88 | 8.34268 | 56
6762523587365272351 | 89 | 8.34268 | 56
-4921696898979006913 | 90 | 8.34268 | 56
8603350275751537791 | 91 | 8.34268 | 56
-1240043522206476033 | 92 | 8.34268 | 56
-2480087044412952066 | 93 | 8.34268 | 56
-4960174088825904131 | 94 | 8.34268 | 56
8526395896057743355 | 95 | 8.34268 | 56
-1393952281594064906 | 96 | 6.89194 | 48
-2787904563188129812 | 97 | 6.89194 | 48
-5575809126376259624 | 98 | 6.89194 | 48
7295125820957032369 | 99 | 6.89194 | 48
-3856492431795486877 | 100 | 6.89194 | 48
-7712984863590973753 | 101 | 6.89194 | 48
3020774346527604111 | 102 | 6.89194 | 48
6041548693055208223 | 103 | 6.89194 | 48
-6363646687599135170 | 104 | 6.89194 | 48
5719450698511281277 | 105 | 6.89194 | 48
-7007842676686989062 | 106 | 6.89194 | 48
4431058720335573492 | 107 | 6.89194 | 48
8862117440671146985 | 108 | 6.89194 | 48
-722509192367257646 | 109 | 6.89194 | 48
-1445018384734515292 | 110 | 6.89194 | 48
-2890036769469030583 | 111 | 6.89194 | 48
-5780073538938061165 | 112 | 6.89194 | 48
6886596995833429287 | 113 | 6.89194 | 48
-4673550082042693041 | 114 | 6.89194 | 48
9099643909624165534 | 115 | 6.89194 | 48
-247456254461220547 | 116 | 6.89194 | 48
-494912508922441093 | 117 | 6.89194 | 48
-989825017844882186 | 118 | 6.89194 | 48
-1979650035689764372 | 119 | 6.89194 | 48
-3959300071379528743 | 120 | 6.89194 | 48
-7918600142759057485 | 121 | 6.89194 | 48
2609543788191436646 | 122 | 6.89194 | 48
5219087576382873292 | 123 | 2.45446 | 13
-8008568920943805032 | 124 | 2.45446 | 13
2429606231821941552 | 125 | 2.45446 | 13
4859212463643883104 | 126 | 2.45446 | 13
-8728319146421785408 | 127 | 2.45446 | 13
990105780865980800 | 128 | 2.45446 | 13
1980211561731961600 | 129 | 2.45446 | 13
3960423123463923200 | 130 | 2.45446 | 13
7920846246927846401 | 131 | 2.45446 | 13
-2605051579853858813 | 132 | 2.45446 | 13
-5210103159707717625 | 133 | 2.45446 | 13
8026537754294116367 | 134 | 2.45446 | 13
-2393668565121318882 | 135 | 2.45446 | 13
-4787337130242637763 | 136 | 2.45446 | 13
8872069813224276091 | 137 | 2.45446 | 13
-702604447260999434 | 138 | 0.0453391 | 2
-702604447260999433 | 138 | 1.82779 | 11
-1405208894521998866 | 139 | 8.28533 | 8
-1405208894521998865 | 139 | 5.89118 | 3
5219087576382873293 | 123 | 4.51595 | 35
-8008568920943805030 | 124 | 4.51595 | 35
2429606231821941557 | 125 | 4.51595 | 35
4859212463643883114 | 126 | 4.51595 | 35
-8728319146421785388 | 127 | 4.51595 | 35
990105780865980841 | 128 | 4.51595 | 35
1980211561731961682 | 129 | 4.51595 | 35
3960423123463923364 | 130 | 4.51595 | 35
7920846246927846728 | 131 | 4.51595 | 35
-2605051579853858159 | 132 | 4.51595 | 35
-5210103159707716318 | 133 | 4.51595 | 35
8026537754294118981 | 134 | 4.51595 | 35
-2393668565121313653 | 135 | 4.51595 | 35
-4787337130242627306 | 136 | 4.51595 | 35
8872069813224297005 | 137 | 4.51595 | 35
-702604447260957606 | 138 | 4.51595 | 35
-1405208894521915212 | 139 | 4.51595 | 35
-2810417789043830424 | 140 | 4.51595 | 35
-5620835578087660848 | 141 | 2.73362 | 20
7205072917534229921 | 142 | 2.73362 | 20
-4036598238641091774 | 143 | 2.73362 | 20
-8073196477282183547 | 144 | 2.73362 | 20
2300351119145184523 | 145 | 2.73362 | 20
4600702238290369046 | 146 | 2.73362 | 20
9201404476580738093 | 147 | 2.73362 | 20
-43935120548075430 | 148 | 2.73362 | 17
-87870241096150859 | 149 | 2.73362 | 17
-175740482192301717 | 150 | 2.73362 | 17
-351480964384603434 | 151 | 2.73362 | 17
-702961928769206867 | 152 | 2.73362 | 17
-1405923857538413733 | 153 | 2.73362 | 17
-2811847715076827465 | 154 | 2.73362 | 17
-5623695430153654929 | 155 | 2.73362 | 17
7199353213402241759 | 156 | 2.73362 | 17
-4048037646905068097 | 157 | 2.73362 | 17
-8096075293810136194 | 158 | 2.73362 | 17
2254593486089279228 | 159 | 2.09179 | 14
4509186972178558457 | 160 | 2.09179 | 14
9018373944357116914 | 161 | 2.09179 | 14
-409996184995317787 | 162 | 2.09179 | 14
-819992369990635573 | 163 | 2.09179 | 14
-1639984739981271145 | 164 | 2.09179 | 14
-3279969479962542290 | 165 | 1.3734 | 12
-6559938959925084580 | 166 | 44.6348 | 3
-6559938959925084579 | 166 | 4.6613e-310 | 9
-3279969479962542289 | 165 | 4.6613e-310 | 2
2254593486089279229 | 159 | 4.6613e-310 | 3
-43935120548075429 | 148 | 4.6613e-310 | 3
-5620835578087660847 | 141 | 2.22012 | 15
7205072917534229923 | 142 | 2.22012 | 15
-4036598238641091770 | 143 | 2.22012 | 15
-8073196477282183539 | 144 | 2.22012 | 15
2300351119145184538 | 145 | 2.22012 | 15
4600702238290369076 | 146 | 4.6613e-310 | 8
4600702238290369077 | 146 | 4.6613e-310 | 7
-1393952281594064905 | 96 | 4.6613e-310 | 8
297842877844091 | 52 | 8.78611 | 31
595685755688182 | 53 | 8.78611 | 31
1191371511376365 | 54 | 8.78611 | 31
2382743022752731 | 55 | 8.78611 | 31
4765486045505462 | 56 | 8.78611 | 31
9530972091010924 | 57 | 4.44186 | 20
19061944182021848 | 58 | 4.44186 | 20
38123888364043697 | 59 | 4.44186 | 20
76247776728087395 | 60 | 4.44186 | 20
152495553456174790 | 61 | 4.44186 | 20
304991106912349581 | 62 | 4.44186 | 20
609982213824699162 | 63 | 4.44186 | 20
1219964427649398324 | 64 | 4.44186 | 20
2439928855298796648 | 65 | 4.44186 | 20
4879857710597593297 | 66 | 4.44186 | 20
-8687028652514365022 | 67 | 4.44186 | 20
1072686768680821573 | 68 | 4.44186 | 20
2145373537361643146 | 69 | 2.21983 | 11
4290747074723286292 | 70 | 2.21983 | 11
8581494149446572584 | 71 | 2.21983 | 11
-1283755774816406448 | 72 | 2.21983 | 11
-2567511549632812896 | 73 | 2.21983 | 11
-5135023099265625792 | 74 | 2.21983 | 11
8176697875178300032 | 75 | 2.21983 | 11
-2093348323352951552 | 76 | 2.21983 | 11
-4186696646705903104 | 77 | 4.6613e-310 | 10
-4186696646705903103 | 77 | 4.6613e-310 | 1
2145373537361643147 | 69 | 4.6613e-310 | 9
9530972091010925 | 57 | 4.813 | 11
19061944182021851 | 58 | 4.813 | 11
38123888364043703 | 59 | 4.813 | 11
76247776728087407 | 60 | 4.813 | 11
152495553456174815 | 61 | 4.813 | 11
304991106912349631 | 62 | 4.813 | 11
609982213824699262 | 63 | 4.813 | 11
1219964427649398525 | 64 | 4.813 | 11
2439928855298797051 | 65 | 4.813 | 11
4879857710597594102 | 66 | 4.813 | 11
-8687028652514363411 | 67 | 4.813 | 11
1072686768680824794 | 68 | 4.813 | 11
2145373537361649588 | 69 | 4.6613e-310 | 9
2145373537361649589 | 69 | 4.6613e-310 | 2
36357773175 | 39 | 13.155 | 97
72715546350 | 40 | 4.6613e-310 | 10
72715546351 | 40 | 13.1386 | 87
145431092702 | 41 | 13.1386 | 87
290862185405 | 42 | 13.1386 | 87
581724370810 | 43 | 13.1386 | 87
1163448741620 | 44 | 13.1386 | 87
2326897483241 | 45 | 13.1386 | 87
4653794966482 | 46 | 11.7791 | 42
9307589932965 | 47 | 11.7791 | 42
18615179865931 | 48 | 11.7791 | 42
37230359731862 | 49 | 11.7791 | 42
74460719463724 | 50 | 11.7791 | 42
148921438927448 | 51 | 11.7791 | 42
297842877854897 | 52 | 11.7791 | 42
595685755709794 | 53 | 1.63042e-322 | 4
595685755709795 | 53 | 9.81119 | 38
1191371511419590 | 54 | 7.94639 | 32
2382743022839181 | 55 | 7.94639 | 32
4765486045678363 | 56 | 7.94639 | 32
9530972091356726 | 57 | 4.66146 | 18
19061944182713452 | 58 | 4.66146 | 18
38123888365426904 | 59 | 0.577992 | 1
38123888365426905 | 59 | 3.79507 | 17
76247776730853810 | 60 | 3.79507 | 17
152495553461707621 | 61 | 3.79507 | 17
304991106923415242 | 62 | 3.79507 | 17
609982213846830484 | 63 | 3.79507 | 17
1219964427693660968 | 64 | 3.79507 | 17
2439928855387321936 | 65 | 3.79507 | 17
4879857710774643873 | 66 | 3.79507 | 17
-8687028652160263870 | 67 | 3.79507 | 17
1072686769389023877 | 68 | 3.79507 | 17
2145373538778047755 | 69 | 3.79507 | 17
4290747077556095511 | 70 | 3.79507 | 17
8581494155112191022 | 71 | 6.95061e-310 | 7
8581494155112191023 | 71 | 6.95061e-310 | 10
9530972091356727 | 57 | 4.89288 | 14
19061944182713455 | 58 | 4.89288 | 14
38123888365426910 | 59 | 4.40634 | 12
76247776730853821 | 60 | 4.40634 | 12
152495553461707642 | 61 | 4.40634 | 12
304991106923415284 | 62 | 4.40634 | 12
609982213846830568 | 63 | 4.40634 | 12
1219964427693661137 | 64 | 4.40634 | 12
2439928855387322274 | 65 | 4.40634 | 12
4879857710774644549 | 66 | 4.40634 | 12
-8687028652160262518 | 67 | 4.40634 | 12
1072686769389026580 | 68 | 4.40634 | 12
2145373538778053160 | 69 | 4.40634 | 12
4290747077556106321 | 70 | 4.40634 | 12
8581494155112212643 | 71 | 4.40634 | 12
-1283755763485126329 | 72 | 4.40634 | 12
-2567511526970252658 | 73 | 8.02581 | 3
-2567511526970252657 | 73 | 4.00193e-322 | 9
38123888365426911 | 59 | 4.6613e-310 | 2
1191371511419591 | 54 | 4.6613e-310 | 6
4653794966483 | 46 | 8.0141 | 45
9307589932966 | 47 | 8.0141 | 45
18615179865932 | 48 | 8.0141 | 45
37230359731864 | 49 | 8.0141 | 45
74460719463728 | 50 | 8.0141 | 45
148921438927457 | 51 | 8.0141 | 45
297842877854914 | 52 | 8.0141 | 45
595685755709828 | 53 | 3.21143e-322 | 1
595685755709829 | 53 | 6.61952 | 44
1191371511419658 | 54 | 6.61952 | 44
2382743022839316 | 55 | 6.61952 | 44
4765486045678632 | 56 | 5.50632 | 29
9530972091357264 | 57 | 4.67687 | 28
19061944182714528 | 58 | 4.67687 | 28
38123888365429056 | 59 | 4.67687 | 28
76247776730858112 | 60 | 4.67687 | 28
152495553461716225 | 61 | 4.67687 | 28
304991106923432450 | 62 | 4.67687 | 28
609982213846864901 | 63 | 4.67687 | 28
1219964427693729802 | 64 | 2.80637 | 12
2439928855387459604 | 65 | 4.6613e-310 | 7
2439928855387459605 | 65 | 6.95061e-310 | 5
1219964427693729803 | 64 | 4.29329 | 16
2439928855387459607 | 65 | 4.29329 | 16
4879857710774919215 | 66 | 4.29329 | 16
-8687028652159713186 | 67 | 4.29329 | 16
1072686769390125244 | 68 | 4.29329 | 16
2145373538780250488 | 69 | 4.29329 | 16
4290747077560500976 | 70 | 2.97687 | 3
4290747077560500977 | 70 | 3.69105 | 13
8581494155121001954 | 71 | 3.69105 | 13
-1283755763467547707 | 72 | 3.69105 | 13
-2567511526935095414 | 73 | 2.97968 | 12
-5135023053870190827 | 74 | 2.97968 | 12
8176697965969169963 | 75 | 2.97968 | 12
-2093348141771211690 | 76 | 2.97968 | 12
-4186696283542423379 | 77 | 2.97968 | 12
-8373392567084846757 | 78 | 2.97968 | 12
1699958939539858102 | 79 | 2.97968 | 12
3399917879079716204 | 80 | 2.97968 | 12
6799835758159432409 | 81 | 2.97968 | 12
-4847072557390686798 | 82 | 2.00825 | 4
-4847072557390686797 | 82 | 8.22609 | 8
-2567511526935095413 | 73 | 4.6613e-310 | 1
9530972091357265 | 57 | 4.6613e-310 | 1
4765486045678633 | 56 | 4.2546 | 15
9530972091357266 | 57 | 4.2546 | 15
19061944182714533 | 58 | 4.2546 | 15
38123888365429067 | 59 | 4.2546 | 15
76247776730858134 | 60 | 4.6613e-310 | 7
76247776730858135 | 60 | 4.6613e-310 | 8
1 | 2 | 8.15899 | 18
2 | 3 | 8.15899 | 18
4 | 4 | 8.15899 | 18
9 | 5 | 8.15899 | 18
18 | 6 | 4.6613e-310 | 10
19 | 6 | 4.6613e-310 | 8
