ID | Depth | diameter | Number of points
0 | 0 | 29.316 | 1600
1 | 1 | 29.316 | 1600
3 | 2 | 29.316 | 1600
6 | 3 | 25.7785 | 959
12 | 4 | 25.3788 | 806
25 | 5 | 25.3788 | 806
50 | 6 | 25.3788 | 806
100 | 7 | 25.3788 | 806
200 | 8 | 22.6394 | 707
400 | 9 | 22.6394 | 707
800 | 10 | 22.0271 | 542
1600 | 11 | 20.823 | 526
3200 | 12 | 20.823 | 526
6400 | 13 | 20.823 | 526
12800 | 14 | 16.5714 | 369
25600 | 15 | 8.48611 | 60
51201 | 16 | 8.48611 | 60
102403 | 17 | 8.48611 | 60
204806 | 18 | 7.18933 | 23
409613 | 19 | 7.18933 | 23
819226 | 20 | 7.18933 | 23
1638452 | 21 | 7.18933 | 23
3276904 | 22 | 7.18933 | 23
6553808 | 23 | 7.18933 | 23
13107617 | 24 | 7.18933 | 23
26215235 | 25 | 7.18933 | 23
52430470 | 26 | 1.58101e-322 | 10
52430471 | 26 | 5.87758 | 13
104860942 | 27 | 5.87758 | 13
209721884 | 28 | 5.87758 | 13
419443769 | 29 | 5.87758 | 13
838887538 | 30 | 5.87758 | 13
1677775076 | 31 | 0 | 2
1677775077 | 31 | 3.97082 | 11
3355550155 | 32 | 3.97082 | 11
6711100310 | 33 | 3.97082 | 11
13422200620 | 34 | 3.97082 | 11
26844401240 | 35 | 3.97082 | 11
53688802480 | 36 | 3.97082 | 11
107377604960 | 37 | 3.97082 | 11
214755209920 | 38 | 3.97082 | 11
429510419840 | 39 | 3.97082 | 11
859020839680 | 40 | 4.6613e-310 | 5
859020839681 | 40 | 4.6613e-310 | 6
204807 | 18 | 6.81865 | 37
409615 | 19 | 6.81865 | 37
819231 | 20 | 6.81865 | 37
1638463 | 21 | 6.81865 | 37
3276926 | 22 | 6.81865 | 37
6553852 | 23 | 6.81865 | 37
13107704 | 24 | 6.81865 | 37
26215409 | 25 | 6.81865 | 37
52430818 | 26 | 6.81865 | 37
104861637 | 27 | 6.81865 | 37
209723275 | 28 | 6.81865 | 37
419446550 | 29 | 6.81865 | 37
838893101 | 30 | 6.81865 | 37
1677786203 | 31 | 6.81865 | 37
3355572406 | 32 | 6.81865 | 37
6711144813 | 33 | 6.81865 | 37
13422289627 | 34 | 6.81865 | 37
26844579255 | 35 | 6.81865 | 37
53689158511 | 36 | 6.81865 | 37
107378317023 | 37 | 6.81865 | 37
214756634047 | 38 | 6.81865 | 37
429513268094 | 39 | 6.81865 | 37
859026536188 | 40 | 4.6613e-310 | 5
859026536189 | 40 | 6.11118 | 32
1718053072378 | 41 | 6.11118 | 32
3436106144756 | 42 | 6.11118 | 32
6872212289513 | 43 | 6.11118 | 32
13744424579026 | 44 | 5.87072 | 30
27488849158052 | 45 | 5.87072 | 24
54977698316105 | 46 | 5.87072 | 24
109955396632211 | 47 | 5.87072 | 24
219910793264423 | 48 | 5.87072 | 24
439821586528846 | 49 | 5.87072 | 24
879643173057692 | 50 | 4.6613e-310 | 7
879643173057693 | 50 | 5.62266 | 17
1759286346115387 | 51 | 5.62266 | 17
3518572692230775 | 52 | 5.62266 | 17
7037145384461551 | 53 | 5.62266 | 17
14074290768923102 | 54 | 5.62266 | 17
28148581537846204 | 55 | 5.62266 | 17
56297163075692409 | 56 | 5.62266 | 17
112594326151384818 | 57 | 5.62266 | 17
225188652302769636 | 58 | 5.62266 | 17
450377304605539272 | 59 | 5.62266 | 17
900754609211078544 | 60 | 5.62266 | 17
1801509218422157088 | 61 | 5.62266 | 17
3603018436844314176 | 62 | 5.62266 | 17
7206036873688628353 | 63 | 5.62266 | 17
-4034670326332294909 | 64 | 5.62266 | 17
-8069340652664589818 | 65 | 5.62266 | 17
2308062768380371980 | 66 | 5.62266 | 17
4616125536760743960 | 67 | 5.62266 | 17
-9214493000188063696 | 68 | 5.62266 | 17
17758073333424224 | 69 | 5.62266 | 17
35516146666848448 | 70 | 2.12321 | 11
71032293333696897 | 71 | 2.12321 | 11
142064586667393795 | 72 | 2.12321 | 11
284129173334787591 | 73 | 2.12321 | 11
568258346669575182 | 74 | 2.12321 | 11
1136516693339150365 | 75 | 2.12321 | 11
2273033386678300730 | 76 | 5.11601 | 10
2273033386678300731 | 76 | 10.4114 | 1
35516146666848449 | 70 | 4.6613e-310 | 6
27488849158053 | 45 | 4.6613e-310 | 6
13744424579027 | 44 | 4.6613e-310 | 2
25601 | 15 | 14.4834 | 309
51203 | 16 | 14.4834 | 309
102407 | 17 | 14.4834 | 309
204814 | 18 | 14.4834 | 309
409628 | 19 | 14.4834 | 309
819256 | 20 | 14.4834 | 309
1638512 | 21 | 14.4834 | 309
3277024 | 22 | 14.4834 | 309
6554049 | 23 | 14.4834 | 309
13108098 | 24 | 14.4834 | 309
26216196 | 25 | 13.2405 | 107
52432392 | 26 | 10.053 | 67
104864784 | 27 | 10.053 | 67
209729569 | 28 | 10.053 | 67
419459139 | 29 | 10.053 | 67
838918278 | 30 | 10.053 | 67
1677836557 | 31 | 10.053 | 67
3355673115 | 32 | 10.053 | 67
6711346231 | 33 | 10.053 | 67
13422692462 | 34 | 10.053 | 67
26845384924 | 35 | 10.053 | 67
53690769848 | 36 | 10.053 | 67
107381539696 | 37 | 9.77519 | 26
214763079392 | 38 | 9.77519 | 26
429526158784 | 39 | 7.94287 | 14
859052317569 | 40 | 7.94287 | 14
1718104635139 | 41 | 7.94287 | 14
3436209270278 | 42 | 7.94287 | 14
6872418540557 | 43 | 7.94287 | 14
13744837081115 | 44 | 7.94287 | 14
27489674162231 | 45 | 7.94287 | 14
54979348324462 | 46 | 7.94287 | 14
109958696648925 | 47 | 7.94287 | 14
219917393297851 | 48 | 7.94287 | 14
439834786595702 | 49 | 7.94287 | 14
879669573191404 | 50 | 7.94287 | 14
1759339146382809 | 51 | 7.94287 | 14
3518678292765618 | 52 | 0.0392886 | 9
3518678292765619 | 52 | 0.696816 | 5
429526158785 | 39 | 8.37855 | 12
859052317570 | 40 | 8.37855 | 12
1718104635141 | 41 | 8.37855 | 12
3436209270283 | 42 | 8.37855 | 12
6872418540567 | 43 | 8.37855 | 12
13744837081134 | 44 | 8.37855 | 12
27489674162269 | 45 | 8.37855 | 12
54979348324538 | 46 | 0.215945 | 3
54979348324539 | 46 | 4.6613e-310 | 9
107381539697 | 37 | 7.92776 | 41
214763079394 | 38 | 7.92776 | 41
429526158789 | 39 | 7.92776 | 41
859052317578 | 40 | 7.92776 | 41
1718104635157 | 41 | 7.92776 | 41
3436209270315 | 42 | 7.92776 | 41
6872418540630 | 43 | 7.92776 | 41
13744837081260 | 44 | 7.92776 | 41
27489674162520 | 45 | 7.92776 | 41
54979348325041 | 46 | 7.92776 | 41
109958696650082 | 47 | 7.92776 | 41
219917393300164 | 48 | 3.84578 | 12
439834786600329 | 49 | 3.84578 | 12
879669573200659 | 50 | 3.84578 | 12
1759339146401319 | 51 | 3.84578 | 12
3518678292802639 | 52 | 3.84578 | 12
7037356585605279 | 53 | 3.84578 | 12
14074713171210559 | 54 | 3.84578 | 12
28149426342421119 | 55 | 3.84578 | 12
56298852684842238 | 56 | 0.0274277 | 2
56298852684842239 | 56 | 56.6951 | 10
219917393300165 | 48 | 7.62905 | 29
439834786600330 | 49 | 7.62905 | 29
879669573200660 | 50 | 7.62905 | 29
1759339146401321 | 51 | 7.62905 | 29
3518678292802642 | 52 | 7.62905 | 29
7037356585605284 | 53 | 58.4014 | 2
7037356585605285 | 53 | 7.00502 | 27
14074713171210570 | 54 | 7.00502 | 27
28149426342421140 | 55 | 7.00502 | 27
56298852684842280 | 56 | 7.00502 | 27
112597705369684560 | 57 | 7.00502 | 27
225195410739369120 | 58 | 7.00502 | 27
450390821478738241 | 59 | 7.00502 | 27
900781642957476482 | 60 | 1.63042e-322 | 3
900781642957476483 | 60 | 2.29181 | 24
1801563285914952966 | 61 | 2.29181 | 24
3603126571829905933 | 62 | 2.29181 | 24
7206253143659811867 | 63 | 2.29181 | 24
-4034237786389927882 | 64 | 2.29181 | 24
-8068475572779855763 | 65 | 2.29181 | 24
2309792928149840090 | 66 | 2.29181 | 24
4619585856299680180 | 67 | 2.29181 | 24
-9207572361110191256 | 68 | 2.29181 | 24
31599351489169104 | 69 | 2.29181 | 24
63198702978338208 | 70 | 2.29181 | 24
126397405956676417 | 71 | 2.29181 | 24
252794811913352835 | 72 | 2.29181 | 24
505589623826705670 | 73 | 2.29181 | 24
1011179247653411340 | 74 | 2.29181 | 24
2022358495306822680 | 75 | 1.53152 | 15
4044716990613645361 | 76 | 1.53152 | 15
8089433981227290722 | 77 | 1.53152 | 15
-2267876111254970172 | 78 | 1.53152 | 15
-4535752222509940344 | 79 | 1.53152 | 15
-9071504445019880688 | 80 | 1.53152 | 15
303735183669790240 | 81 | 1.58101e-322 | 4
303735183669790241 | 81 | 1.53152 | 11
607470367339580482 | 82 | 1.53152 | 11
1214940734679160964 | 83 | 3.15972 | 3
1214940734679160965 | 83 | 4.6613e-310 | 8
2022358495306822681 | 75 | 4.6613e-310 | 9
52432393 | 26 | 4.80255 | 40
104864786 | 27 | 4.80255 | 40
209729572 | 28 | 4.80255 | 40
419459144 | 29 | 4.6613e-310 | 5
419459145 | 29 | 4.20054 | 35
838918291 | 30 | 4.20054 | 35
1677836582 | 31 | 4.20054 | 35
3355673165 | 32 | 4.20054 | 35
6711346331 | 33 | 4.20054 | 35
13422692663 | 34 | 4.20054 | 35
26845385326 | 35 | 4.20054 | 35
53690770653 | 36 | 4.20054 | 35
107381541306 | 37 | 0.823997 | 1
107381541307 | 37 | 4.20054 | 34
214763082615 | 38 | 4.20054 | 34
429526165230 | 39 | 4.20054 | 34
859052330461 | 40 | 4.20054 | 34
1718104660922 | 41 | 4.20054 | 34
3436209321844 | 42 | 4.20054 | 34
6872418643689 | 43 | 4.20054 | 34
13744837287378 | 44 | 3.01562 | 25
27489674574756 | 45 | 3.01562 | 25
54979349149512 | 46 | 4.6613e-310 | 1
54979349149513 | 46 | 3.01562 | 24
109958698299027 | 47 | 3.01562 | 24
219917396598054 | 48 | 3.01562 | 24
439834793196108 | 49 | 3.01562 | 24
879669586392216 | 50 | 2.18875 | 15
1759339172784432 | 51 | 2.18875 | 15
3518678345568864 | 52 | 2.18875 | 15
7037356691137729 | 53 | 2.18875 | 15
14074713382275459 | 54 | 2.18875 | 15
28149426764550919 | 55 | 2.18875 | 15
56298853529101839 | 56 | 2.18875 | 15
112597707058203678 | 57 | 2.18875 | 15
225195414116407356 | 58 | 2.18875 | 15
450390828232814712 | 59 | 2.18875 | 15
900781656465629425 | 60 | 2.18875 | 15
1801563312931258851 | 61 | 2.18875 | 15
3603126625862517702 | 62 | 0.20217 | 6
3603126625862517703 | 62 | 0.172676 | 9
879669586392217 | 50 | 4.6613e-310 | 9
13744837287379 | 44 | 4.6613e-310 | 9
26216197 | 25 | 14.2351 | 202
52432395 | 26 | 14.2351 | 202
104864790 | 27 | 14.2351 | 202
209729580 | 28 | 14.2351 | 202
419459160 | 29 | 14.2351 | 202
838918321 | 30 | 14.2351 | 202
1677836642 | 31 | 14.2351 | 202
3355673285 | 32 | 14.2351 | 202
6711346570 | 33 | 14.2351 | 202
13422693141 | 34 | 14.2351 | 202
26845386283 | 35 | 14.2351 | 202
53690772567 | 36 | 14.2351 | 202
107381545134 | 37 | 9.00248 | 49
214763090268 | 38 | 9.00248 | 49
429526180537 | 39 | 9.00248 | 49
859052361074 | 40 | 9.00248 | 49
1718104722148 | 41 | 9.00248 | 49
3436209444296 | 42 | 9.00248 | 49
6872418888592 | 43 | 9.00248 | 49
13744837777184 | 44 | 7.8259 | 33
27489675554368 | 45 | 3.21143e-322 | 2
27489675554369 | 45 | 5.00492 | 31
54979351108739 | 46 | 5.00492 | 31
109958702217478 | 47 | 5.00492 | 31
219917404434956 | 48 | 5.00492 | 31
439834808869913 | 49 | 5.00492 | 31
879669617739826 | 50 | 5.00492 | 31
1759339235479653 | 51 | 5.00492 | 31
3518678470959307 | 52 | 5.00492 | 31
7037356941918614 | 53 | 2.53115 | 12
14074713883837229 | 54 | 2.53115 | 12
28149427767674458 | 55 | 1.09151 | 6
28149427767674459 | 55 | 0.894678 | 6
7037356941918615 | 53 | 2.16009 | 19
14074713883837230 | 54 | 2.16009 | 19
28149427767674460 | 55 | 2.16009 | 15
56298855535348921 | 56 | 2.16009 | 15
112597711070697842 | 57 | 0.794778 | 10
112597711070697843 | 57 | 0.0225724 | 5
28149427767674461 | 55 | 4.6613e-310 | 4
13744837777185 | 44 | 1.71688 | 16
27489675554371 | 45 | 1.71688 | 16
54979351108743 | 46 | 1.71688 | 16
109958702217486 | 47 | 4.6613e-310 | 8
109958702217487 | 47 | 4.6613e-310 | 8
107381545135 | 37 | 14.2351 | 153
214763090270 | 38 | 8.07647 | 15
429526180541 | 39 | 8.07647 | 15
859052361082 | 40 | 8.07647 | 15
1718104722164 | 41 | 4.6613e-310 | 7
1718104722165 | 41 | 4.6613e-310 | 8
214763090271 | 38 | 10.3118 | 138
429526180542 | 39 | 4.0997 | 14
859052361085 | 40 | 4.0997 | 14
1718104722171 | 41 | 4.0997 | 14
3436209444342 | 42 | 4.0997 | 14
6872418888684 | 43 | 4.0997 | 14
13744837777369 | 44 | 4.0997 | 14
27489675554738 | 45 | 0.204983 | 10
27489675554739 | 45 | 0.0607575 | 4
429526180543 | 39 | 8.74768 | 124
859052361086 | 40 | 8.74768 | 124
1718104722172 | 41 | 8.08388 | 122
3436209444344 | 42 | 8.08388 | 122
6872418888689 | 43 | 8.08388 | 122
13744837777379 | 44 | 8.08388 | 122
27489675554758 | 45 | 8.08388 | 122
54979351109516 | 46 | 6.84912 | 50
109958702219032 | 47 | 6.84912 | 50
219917404438064 | 48 | 6.84912 | 50
439834808876128 | 49 | 6.84912 | 50
879669617752256 | 50 | 3.25308 | 17
1759339235504513 | 51 | 3.25308 | 17
3518678471009027 | 52 | 3.25308 | 17
7037356942018055 | 53 | 3.25308 | 17
14074713884036110 | 54 | 3.25308 | 17
28149427768072220 | 55 | 2.32915 | 6
28149427768072221 | 55 | 1.86608 | 11
56298855536144442 | 56 | 1.86608 | 11
112597711072288885 | 57 | 1.86608 | 11
225195422144577770 | 58 | 1.86608 | 11
450390844289155541 | 59 | 1.86608 | 11
900781688578311082 | 60 | 1.86608 | 11
1801563377156622164 | 61 | 1.86608 | 11
3603126754313244329 | 62 | 1.86608 | 11
7206253508626488659 | 63 | 1.86608 | 11
-4034237056456574297 | 64 | 1.86608 | 11
-8068474112913148593 | 65 | 1.86608 | 11
2309795847883254431 | 66 | 1.86608 | 11
4619591695766508862 | 67 | 1.86608 | 11
-9207560682176533891 | 68 | 1.86608 | 11
31622709356483835 | 69 | 1.86608 | 11
63245418712967670 | 70 | 0.363012 | 2
63245418712967671 | 70 | 0.748502 | 9
879669617752257 | 50 | 4.6048 | 33
1759339235504515 | 51 | 4.6048 | 33
3518678471009031 | 52 | 4.6048 | 33
7037356942018062 | 53 | 0.162385 | 10
7037356942018063 | 53 | 2.99737 | 23
14074713884036127 | 54 | 2.99737 | 23
28149427768072255 | 55 | 2.99737 | 23
56298855536144511 | 56 | 2.99737 | 23
112597711072289022 | 57 | 2.99737 | 23
225195422144578045 | 58 | 2.99737 | 23
450390844289156090 | 59 | 2.99737 | 23
900781688578312181 | 60 | 2.99737 | 23
1801563377156624362 | 61 | 2.99737 | 23
3603126754313248725 | 62 | 2.99737 | 23
7206253508626497450 | 63 | 2.99737 | 23
-4034237056456556715 | 64 | 2.99737 | 23
-8068474112913113429 | 65 | 2.99737 | 23
2309795847883324758 | 66 | 2.99737 | 23
4619591695766649517 | 67 | 2.99737 | 23
-9207560682176252582 | 68 | 3.14224 | 3
-9207560682176252581 | 68 | 2.99737 | 20
31622709357046454 | 69 | 2.99737 | 20
63245418714092908 | 70 | 0.493974 | 8
63245418714092909 | 70 | 2.22659 | 12
126490837428185818 | 71 | 2.22659 | 12
252981674856371636 | 72 | 2.17364 | 11
505963349712743272 | 73 | 1.5169 | 10
505963349712743273 | 73 | 0.363012 | 1
252981674856371637 | 72 | 4.6613e-310 | 1
54979351109517 | 46 | 7.04943 | 72
109958702219035 | 47 | 7.04943 | 72
219917404438070 | 48 | 7.04943 | 72
439834808876140 | 49 | 7.04943 | 72
879669617752281 | 50 | 7.04943 | 72
1759339235504562 | 51 | 7.04943 | 72
3518678471009125 | 52 | 7.04943 | 72
7037356942018250 | 53 | 7.04943 | 72
14074713884036501 | 54 | 7.04943 | 72
28149427768073003 | 55 | 7.04943 | 72
56298855536146006 | 56 | 7.04943 | 72
112597711072292012 | 57 | 5.90906 | 64
225195422144584025 | 58 | 5.90906 | 64
450390844289168051 | 59 | 5.90906 | 64
900781688578336102 | 60 | 5.76769 | 60
1801563377156672204 | 61 | 5.76769 | 60
3603126754313344409 | 62 | 5.76769 | 60
7206253508626688818 | 63 | 3.39703 | 31
-4034237056456173979 | 64 | 3.39703 | 31
-8068474112912347957 | 65 | 3.39703 | 31
2309795847884855702 | 66 | 3.39703 | 31
4619591695769711404 | 67 | 3.39703 | 31
-9207560682170128807 | 68 | 3.39703 | 31
31622709369294002 | 69 | 3.39703 | 31
63245418738588004 | 70 | 3.39703 | 31
126490837477176009 | 71 | 3.39703 | 31
252981674954352019 | 72 | 3.39703 | 31
505963349908704039 | 73 | 3.39703 | 31
1011926699817408078 | 74 | 3.39703 | 31
2023853399634816157 | 75 | 3.39703 | 31
4047706799269632314 | 76 | 3.39703 | 31
8095413598539264629 | 77 | 3.39703 | 31
-2255916876631022357 | 78 | 3.39703 | 31
-4511833753262044714 | 79 | 3.04777 | 19
-9023667506524089427 | 80 | 3.04777 | 19
399409060661372762 | 81 | 3.04777 | 19
798818121322745525 | 82 | 3.04777 | 19
1597636242645491050 | 83 | 4.6613e-310 | 1
1597636242645491051 | 83 | 2.85716 | 18
3195272485290982102 | 84 | 2.85716 | 18
6390544970581964205 | 85 | 2.85716 | 18
-5665654132545623206 | 86 | 1.6875 | 15
7115435808618305205 | 87 | 1.6875 | 15
-4215872456472941206 | 88 | 1.6875 | 15
-8431744912945882412 | 89 | 1.6875 | 15
1583254247817786793 | 90 | 1.6875 | 15
3166508495635573586 | 91 | 0 | 2
3166508495635573587 | 91 | 1.58723 | 13
6333016991271147174 | 92 | 1.40231 | 11
-5780710091167257268 | 93 | 1.40231 | 11
6885323891375037080 | 94 | 1.40231 | 11
-4676096290959477456 | 95 | 1.40231 | 11
9094551491790596704 | 96 | 1.40231 | 11
-257641090128358208 | 97 | 1.40231 | 11
-515282180256716415 | 98 | 1.40231 | 11
-1030564360513432830 | 99 | 1.40231 | 11
-2061128721026865660 | 100 | 1.40231 | 11
-4122257442053731320 | 101 | 1.40231 | 11
-8244514884107462639 | 102 | 1.40231 | 11
1957714305494626339 | 103 | 1.40231 | 11
3915428610989252679 | 104 | 1.40231 | 11
7830857221978505358 | 105 | 1.40231 | 11
-2785029629752540899 | 106 | 1.40231 | 11
-5570059259505081798 | 107 | 1.40231 | 11
7306625554699388021 | 108 | 1.40231 | 11
-3833492964310775574 | 109 | 1.40231 | 11
-7666985928621551148 | 110 | 2.39067 | 5
-7666985928621551147 | 110 | 0.555306 | 6
6333016991271147175 | 92 | 4.6613e-310 | 2
-5665654132545623205 | 86 | 4.6613e-310 | 3
-4511833753262044713 | 79 | 3.30664 | 12
-9023667506524089426 | 80 | 4.6613e-310 | 8
-9023667506524089425 | 80 | 4.6613e-310 | 4
7206253508626688819 | 63 | 2.33942 | 29
-4034237056456173978 | 64 | 2.33942 | 29
-8068474112912347956 | 65 | 2.33942 | 29
2309795847884855704 | 66 | 2.33942 | 29
4619591695769711409 | 67 | 2.33942 | 29
-9207560682170128797 | 68 | 2.33942 | 29
31622709369294022 | 69 | 1.87967 | 22
63245418738588044 | 70 | 1.85514 | 20
126490837477176088 | 71 | 1.85514 | 20
252981674954352177 | 72 | 1.85514 | 20
505963349908704354 | 73 | 1.85514 | 20
1011926699817408709 | 74 | 1.85514 | 20
2023853399634817419 | 75 | 1.85514 | 20
4047706799269634838 | 76 | 1.1405 | 11
8095413598539269677 | 77 | 1.1405 | 11
-2255916876631012262 | 78 | 1.1405 | 11
-4511833753262024523 | 79 | 1.1405 | 11
-9023667506524049045 | 80 | 1.1405 | 11
399409060661453527 | 81 | 1.1405 | 11
798818121322907055 | 82 | 1.1405 | 11
1597636242645814110 | 83 | 1.1405 | 11
3195272485291628221 | 84 | 1.1405 | 11
6390544970583256443 | 85 | 1.1405 | 11
-5665654132543038730 | 86 | 1.1405 | 11
7115435808623474157 | 87 | 1.1405 | 11
-4215872456462603301 | 88 | 1.1405 | 11
-8431744912925206601 | 89 | 1.1405 | 11
1583254247859138415 | 90 | 1.1405 | 11
3166508495718276830 | 91 | 1.1405 | 11
6333016991436553661 | 92 | 1.1405 | 11
-5780710090836444294 | 93 | 1.1405 | 11
6885323892036663029 | 94 | 1.1405 | 11
-4676096289636225558 | 95 | 1.1405 | 11
9094551494437100501 | 96 | 1.1405 | 11
-257641084835350613 | 97 | 1.1405 | 11
-515282169670701225 | 98 | 1.1405 | 11
-1030564339341402449 | 99 | 1.1405 | 11
-2061128678682804898 | 100 | 1.1405 | 11
-4122257357365609796 | 101 | 1.1405 | 11
-8244514714731219591 | 102 | 1.1405 | 11
1957714644247112435 | 103 | 1.1405 | 11
3915429288494224870 | 104 | 1.1405 | 11
7830858576988449740 | 105 | 1.1405 | 11
-2785026919732652135 | 106 | 1.1405 | 11
-5570053839465304269 | 107 | 1.1405 | 11
7306636394778943079 | 108 | 1.1405 | 11
-3833471284151665458 | 109 | 1.1405 | 11
-7666942568303330916 | 110 | 0 | 5
-7666942568303330915 | 110 | 2.03091 | 6
4047706799269634839 | 76 | 4.6613e-310 | 9
63245418738588045 | 70 | 4.6613e-310 | 2
31622709369294023 | 69 | 4.6613e-310 | 7
900781688578336103 | 60 | 4.6613e-310 | 4
112597711072292013 | 57 | 4.6613e-310 | 8
1718104722173 | 41 | 4.6613e-310 | 2
12801 | 14 | 10.1923 | 157
25603 | 15 | 10.1923 | 157
51206 | 16 | 10.1923 | 157
102412 | 17 | 10.1923 | 157
204824 | 18 | 10.1923 | 157
409648 | 19 | 10.1923 | 157
819296 | 20 | 10.1923 | 157
1638592 | 21 | 10.1923 | 157
3277185 | 22 | 10.1923 | 157
6554371 | 23 | 10.1923 | 157
13108742 | 24 | 10.1923 | 157
26217484 | 25 | 6.12454 | 1
26217485 | 25 | 10.1923 | 156
52434970 | 26 | 10.1923 | 156
104869941 | 27 | 10.1923 | 156
209739883 | 28 | 10.1923 | 156
419479767 | 29 | 10.1923 | 156
838959534 | 30 | 10.1923 | 156
1677919068 | 31 | 10.0475 | 142
3355838137 | 32 | 10.0475 | 142
6711676275 | 33 | 10.0475 | 142
13423352551 | 34 | 10.0475 | 142
26846705102 | 35 | 10.0475 | 142
53693410205 | 36 | 10.0475 | 142
107386820411 | 37 | 10.0475 | 142
214773640823 | 38 | 10.0475 | 142
429547281646 | 39 | 10.0475 | 142
859094563293 | 40 | 10.0475 | 142
1718189126587 | 41 | 10.0475 | 142
3436378253174 | 42 | 10.0475 | 142
6872756506349 | 43 | 10.0475 | 142
13745513012698 | 44 | 10.0475 | 142
27491026025396 | 45 | 6.02247 | 58
54982052050793 | 46 | 6.02247 | 58
109964104101586 | 47 | 6.02247 | 58
219928208203173 | 48 | 6.02247 | 58
439856416406346 | 49 | 6.02247 | 58
879712832812692 | 50 | 6.02247 | 58
1759425665625384 | 51 | 6.02247 | 58
3518851331250768 | 52 | 5.78702 | 33
7037702662501536 | 53 | 5.78702 | 33
14075405325003073 | 54 | 5.78702 | 33
28150810650006147 | 55 | 5.78702 | 33
56301621300012295 | 56 | 5.78702 | 33
112603242600024591 | 57 | 5.78702 | 33
225206485200049182 | 58 | 4.6613e-310 | 2
225206485200049183 | 58 | 5.78702 | 31
450412970400098366 | 59 | 2.63713 | 16
900825940800196733 | 60 | 2.63713 | 16
1801651881600393466 | 61 | 4.6613e-310 | 2
1801651881600393467 | 61 | 2.61269 | 14
3603303763200786935 | 62 | 2.61269 | 14
7206607526401573870 | 63 | 2.61269 | 14
-4033529020906403876 | 64 | 2.61269 | 14
-8067058041812807751 | 65 | 2.61269 | 14
2312627990083936114 | 66 | 0.720992 | 6
2312627990083936115 | 66 | 0.434233 | 8
450412970400098367 | 59 | 3.15462 | 15
900825940800196734 | 60 | 3.15462 | 15
1801651881600393468 | 61 | 4.6613e-310 | 1
1801651881600393469 | 61 | 3.15462 | 14
3603303763200786938 | 62 | 2.01495 | 8
3603303763200786939 | 62 | 1.52772 | 6
3518851331250769 | 52 | 5.8852 | 25
7037702662501538 | 53 | 4.6613e-310 | 6
7037702662501539 | 53 | 3.24324 | 19
14075405325003078 | 54 | 4.6613e-310 | 9
14075405325003079 | 54 | 4.6613e-310 | 10
27491026025397 | 45 | 5.97227 | 84
54982052050794 | 46 | 5.47134 | 82
109964104101589 | 47 | 5.47134 | 82
219928208203178 | 48 | 4.88052 | 69
439856416406356 | 49 | 4.38512 | 18
879712832812712 | 50 | 4.38512 | 18
1759425665625424 | 51 | 4.38512 | 18
3518851331250849 | 52 | 4.38512 | 18
7037702662501698 | 53 | 4.38512 | 18
14075405325003396 | 54 | 2.40718 | 15
28150810650006792 | 55 | 2.40718 | 15
56301621300013584 | 56 | 2.40718 | 15
112603242600027169 | 57 | 2.40718 | 15
225206485200054338 | 58 | 2.40718 | 15
450412970400108677 | 59 | 2.40718 | 15
900825940800217355 | 60 | 2.40718 | 15
1801651881600434711 | 61 | 2.40718 | 15
3603303763200869423 | 62 | 2.40718 | 15
7206607526401738846 | 63 | 2.40718 | 15
-4033529020906073924 | 64 | 2.40718 | 15
-8067058041812147848 | 65 | 10.8956 | 5
-8067058041812147847 | 65 | 0 | 10
14075405325003397 | 54 | 4.6613e-310 | 3
439856416406357 | 49 | 4.07928 | 51
879712832812715 | 50 | 4.07928 | 51
1759425665625430 | 51 | 4.07928 | 51
3518851331250860 | 52 | 4.07928 | 51
7037702662501721 | 53 | 4.07928 | 51
14075405325003442 | 54 | 4.07928 | 51
28150810650006884 | 55 | 4.6613e-310 | 5
28150810650006885 | 55 | 4.07928 | 46
56301621300013770 | 56 | 4.07928 | 46
112603242600027541 | 57 | 4.07928 | 46
225206485200055082 | 58 | 4.07928 | 46
450412970400110165 | 59 | 4.07928 | 46
900825940800220330 | 60 | 4.07928 | 46
1801651881600440660 | 61 | 4.07928 | 38
3603303763200881320 | 62 | 2.18489 | 24
7206607526401762641 | 63 | 2.18489 | 24
-4033529020906026333 | 64 | 2.18489 | 24
-8067058041812052665 | 65 | 2.18489 | 24
2312627990085446287 | 66 | 2.18489 | 24
4625255980170892575 | 67 | 2.18489 | 24
-9196232113367766465 | 68 | 2.18489 | 24
54279846974018686 | 69 | 2.18489 | 24
108559693948037373 | 70 | 2.18489 | 24
217119387896074746 | 71 | 2.18489 | 24
434238775792149492 | 72 | 2.18489 | 24
868477551584298985 | 73 | 2.18489 | 24
1736955103168597970 | 74 | 2.18489 | 24
3473910206337195941 | 75 | 2.18489 | 24
6947820412674391883 | 76 | 2.18489 | 24
-4551103248360767849 | 77 | 2.18489 | 24
-9102206496721535697 | 78 | 2.18489 | 24
242331080266480222 | 79 | 2.18489 | 24
484662160532960444 | 80 | 1.52109 | 15
969324321065920889 | 81 | 1.52109 | 15
1938648642131841778 | 82 | 1.52109 | 15
3877297284263683556 | 83 | 0.234654 | 7
3877297284263683557 | 83 | 7.63591 | 8
484662160532960445 | 80 | 4.6613e-310 | 9
3603303763200881321 | 62 | 1.92566 | 14
7206607526401762642 | 63 | 4.6613e-310 | 6
7206607526401762643 | 63 | 4.6613e-310 | 8
1801651881600440661 | 61 | 4.6613e-310 | 8
219928208203179 | 48 | 2.79583 | 13
439856416406358 | 49 | 2.79583 | 13
879712832812716 | 50 | 2.79583 | 13
1759425665625433 | 51 | 2.79583 | 13
3518851331250866 | 52 | 2.79583 | 13
7037702662501732 | 53 | 2.79583 | 13
14075405325003465 | 54 | 2.79583 | 13
28150810650006930 | 55 | 2.79583 | 13
56301621300013860 | 56 | 4.6613e-310 | 2
56301621300013861 | 56 | 2.79583 | 11
112603242600027722 | 57 | 2.79583 | 11
225206485200055445 | 58 | 2.79583 | 11
450412970400110890 | 59 | 4.6613e-310 | 1
450412970400110891 | 59 | 4.6613e-310 | 10
54982052050795 | 46 | 4.6613e-310 | 2
1677919069 | 31 | 7.97128 | 14
3355838139 | 32 | 7.97128 | 14
6711676279 | 33 | 7.97128 | 14
13423352558 | 34 | 7.97128 | 14
26846705117 | 35 | 7.97128 | 14
53693410234 | 36 | 7.97128 | 14
107386820468 | 37 | 7.97128 | 14
214773640937 | 38 | 7.97128 | 14
429547281874 | 39 | 4.6613e-310 | 5
429547281875 | 39 | 4.6613e-310 | 9
1601 | 11 | 3.64186 | 16
3202 | 12 | 3.64186 | 16
6405 | 13 | 3.64186 | 16
12810 | 14 | 4.6613e-310 | 4
12811 | 14 | 3.64186 | 12
25623 | 15 | 3.64186 | 12
51247 | 16 | 3.64186 | 12
102494 | 17 | 4.6613e-310 | 5
102495 | 17 | 4.6613e-310 | 7
801 | 10 | 19.1307 | 165
1603 | 11 | 19.1307 | 165
3206 | 12 | 19.1307 | 165
6412 | 13 | 19.1307 | 165
12824 | 14 | 19.1307 | 165
25649 | 15 | 19.1307 | 165
51299 | 16 | 19.1307 | 165
102598 | 17 | 14.8822 | 135
205197 | 18 | 14.8822 | 135
410394 | 19 | 14.8401 | 81
820788 | 20 | 8.81472 | 31
1641577 | 21 | 8.81472 | 31
3283154 | 22 | 8.81472 | 31
6566309 | 23 | 8.81472 | 31
13132618 | 24 | 8.81472 | 31
26265236 | 25 | 8.81472 | 31
52530473 | 26 | 8.81472 | 31
105060947 | 27 | 8.81472 | 31
210121894 | 28 | 8.81472 | 31
420243788 | 29 | 4.6613e-310 | 1
420243789 | 29 | 8.77237 | 30
840487578 | 30 | 8.77237 | 30
1680975157 | 31 | 8.77237 | 30
3361950314 | 32 | 8.77237 | 30
6723900628 | 33 | 8.77237 | 30
13447801257 | 34 | 8.77237 | 30
26895602515 | 35 | 8.77237 | 30
53791205030 | 36 | 7.90251 | 25
107582410061 | 37 | 7.90251 | 25
215164820122 | 38 | 7.90251 | 25
430329640244 | 39 | 7.90251 | 25
860659280488 | 40 | 7.90251 | 25
1721318560977 | 41 | 7.90251 | 25
3442637121954 | 42 | 7.90251 | 25
6885274243909 | 43 | 7.90251 | 25
13770548487819 | 44 | 7.90251 | 25
27541096975638 | 45 | 7.90251 | 25
55082193951276 | 46 | 7.90251 | 25
110164387902552 | 47 | 4.6613e-310 | 3
110164387902553 | 47 | 7.90251 | 22
220328775805106 | 48 | 4.6613e-310 | 7
220328775805107 | 48 | 2.45091 | 15
440657551610214 | 49 | 2.45091 | 15
881315103220428 | 50 | 2.45091 | 15
1762630206440856 | 51 | 2.45091 | 15
3525260412881712 | 52 | 2.45091 | 15
7050520825763424 | 53 | 2.45091 | 15
14101041651526849 | 54 | 2.45091 | 15
28202083303053698 | 55 | 2.45091 | 13
56404166606107396 | 56 | 4.25231 | 3
56404166606107397 | 56 | 4.6613e-310 | 10
28202083303053699 | 55 | 4.6613e-310 | 2
53791205031 | 36 | 4.6613e-310 | 5
820789 | 20 | 9.964 | 50
1641579 | 21 | 9.964 | 50
3283158 | 22 | 9.964 | 50
6566317 | 23 | 9.964 | 50
13132634 | 24 | 9.964 | 50
26265269 | 25 | 9.964 | 50
52530539 | 26 | 9.964 | 50
105061078 | 27 | 9.964 | 50
210122156 | 28 | 9.964 | 50
420244312 | 29 | 9.964 | 50
840488624 | 30 | 9.964 | 50
1680977249 | 31 | 9.964 | 50
3361954499 | 32 | 9.964 | 50
6723908998 | 33 | 9.964 | 50
13447817997 | 34 | 9.964 | 50
26895635994 | 35 | 9.964 | 50
53791271988 | 36 | 9.964 | 50
107582543977 | 37 | 9.964 | 50
215165087955 | 38 | 9.964 | 50
430330175910 | 39 | 9.964 | 50
860660351820 | 40 | 9.964 | 50
1721320703641 | 41 | 9.964 | 50
3442641407282 | 42 | 6.51799 | 18
6885282814565 | 43 | 6.51799 | 18
13770565629130 | 44 | 6.51799 | 18
27541131258261 | 45 | 6.51799 | 18
55082262516523 | 46 | 6.51799 | 18
110164525033046 | 47 | 6.51799 | 18
220329050066093 | 48 | 6.51799 | 18
440658100132187 | 49 | 6.51799 | 18
881316200264374 | 50 | 4.6613e-310 | 6
881316200264375 | 50 | 3.93703 | 12
1762632400528751 | 51 | 3.93703 | 12
3525264801057503 | 52 | 3.93703 | 12
7050529602115007 | 53 | 3.93703 | 12
14101059204230014 | 54 | 3.93703 | 12
28202118408460029 | 55 | 3.93703 | 12
56404236816920059 | 56 | 3.93703 | 12
112808473633840119 | 57 | 3.93703 | 12
225616947267680238 | 58 | 3.93703 | 12
451233894535360477 | 59 | 3.93703 | 12
902467789070720954 | 60 | 3.93703 | 12
1804935578141441909 | 61 | 3.93703 | 12
3609871156282883818 | 62 | 2.17242 | 11
7219742312565767636 | 63 | 2.17242 | 11
-4007259448578016343 | 64 | 2.17242 | 11
-8014518897156032686 | 65 | 2.17242 | 11
2417706279397486244 | 66 | 2.17242 | 11
4835412558794972488 | 67 | 2.17242 | 11
-8775918956119606640 | 68 | 2.17242 | 11
894906161470338337 | 69 | 2.17242 | 11
1789812322940676674 | 70 | 2.17242 | 11
3579624645881353348 | 71 | 2.17242 | 11
7159249291762706697 | 72 | 2.17242 | 11
-4128245490184138221 | 73 | 2.17242 | 11
-8256490980368276442 | 74 | 2.17242 | 11
1933762112972998732 | 75 | 2.17242 | 11
3867524225945997465 | 76 | 2.17242 | 11
7735048451891994931 | 77 | 2.17242 | 11
-2976647169925561754 | 78 | 2.17242 | 11
-5953294339851123508 | 79 | 2.42092e-322 | 2
-5953294339851123507 | 79 | 4.01964 | 9
3609871156282883819 | 62 | 4.6613e-310 | 1
3442641407283 | 42 | 6.54416 | 32
6885282814567 | 43 | 6.54416 | 32
13770565629135 | 44 | 6.54416 | 32
27541131258270 | 45 | 6.54416 | 32
55082262516540 | 46 | 6.54416 | 32
110164525033080 | 47 | 4.6613e-310 | 6
110164525033081 | 47 | 5.40279 | 26
220329050066162 | 48 | 5.40279 | 26
440658100132324 | 49 | 5.40279 | 26
881316200264648 | 50 | 5.40279 | 26
1762632400529296 | 51 | 5.40279 | 26
3525264801058593 | 52 | 5.40279 | 26
7050529602117187 | 53 | 5.40279 | 26
14101059204234375 | 54 | 5.40279 | 26
28202118408468750 | 55 | 5.40279 | 26
56404236816937500 | 56 | 5.40279 | 26
112808473633875001 | 57 | 5.40279 | 26
225616947267750002 | 58 | 5.40279 | 26
451233894535500004 | 59 | 1.74545 | 16
902467789071000008 | 60 | 1.74545 | 16
1804935578142000016 | 61 | 1.74545 | 16
3609871156284000032 | 62 | 0.699321 | 3
3609871156284000033 | 62 | 1.4176 | 13
7219742312568000066 | 63 | 1.4176 | 13
-4007259448573551484 | 64 | 0.141609 | 2
-4007259448573551483 | 64 | 1.4176 | 11
-8014518897147102965 | 65 | 1.4176 | 11
2417706279415345687 | 66 | 1.4176 | 11
4835412558830691374 | 67 | 0 | 10
4835412558830691375 | 67 | 0.175714 | 1
451233894535500005 | 59 | 4.6613e-310 | 10
410395 | 19 | 12.4692 | 54
820791 | 20 | 12.4692 | 54
1641583 | 21 | 12.4692 | 54
3283166 | 22 | 12.4692 | 54
6566333 | 23 | 12.4692 | 54
13132666 | 24 | 12.4692 | 54
26265333 | 25 | 12.4692 | 54
52530666 | 26 | 4.6613e-310 | 4
52530667 | 26 | 10.8831 | 50
105061334 | 27 | 6.18526 | 14
210122669 | 28 | 6.18526 | 14
420245339 | 29 | 6.18526 | 14
840490678 | 30 | 6.18526 | 14
1680981357 | 31 | 6.18526 | 14
3361962714 | 32 | 6.18526 | 14
6723925428 | 33 | 6.18526 | 14
13447850856 | 34 | 6.18526 | 14
26895701713 | 35 | 6.18526 | 14
53791403426 | 36 | 6.18526 | 14
107582806853 | 37 | 6.18526 | 14
215165613706 | 38 | 6.18526 | 14
430331227413 | 39 | 6.18526 | 14
860662454827 | 40 | 6.18526 | 14
1721324909654 | 41 | 6.18526 | 14
3442649819308 | 42 | 6.18526 | 14
6885299638617 | 43 | 6.18526 | 14
13770599277235 | 44 | 6.18526 | 14
27541198554471 | 45 | 6.18526 | 14
55082397108943 | 46 | 6.18526 | 14
110164794217886 | 47 | 6.18526 | 14
220329588435773 | 48 | 6.18526 | 14
440659176871547 | 49 | 6.18526 | 14
881318353743095 | 50 | 6.18526 | 14
1762636707486191 | 51 | 6.18526 | 14
3525273414972383 | 52 | 6.18526 | 14
7050546829944767 | 53 | 6.18526 | 14
14101093659889534 | 54 | 6.18526 | 14
28202187319779069 | 55 | 6.18526 | 14
56404374639558138 | 56 | 4.98882 | 11
112808749279116276 | 57 | 4.98882 | 11
225617498558232552 | 58 | 4.98882 | 11
451234997116465104 | 59 | 4.98882 | 11
902469994232930208 | 60 | 4.98882 | 11
1804939988465860416 | 61 | 4.98882 | 11
3609879976931720832 | 62 | 4.98882 | 11
7219759953863441664 | 63 | 4.98882 | 11
-4007224165982668287 | 64 | 4.98882 | 11
-8014448331965336574 | 65 | 4.98882 | 11
2417847409778878468 | 66 | 4.98882 | 11
4835694819557756936 | 67 | 4.98882 | 11
-8775354434594037744 | 68 | 4.98882 | 11
896035204521476128 | 69 | 4.98882 | 11
1792070409042952257 | 70 | 4.98882 | 11
3584140818085904515 | 71 | 4.98882 | 11
7168281636171809031 | 72 | 4.98882 | 11
-4110180801365933553 | 73 | 4.98882 | 11
-8220361602731867106 | 74 | 2.42092e-322 | 5
-8220361602731867105 | 74 | 0.191385 | 6
56404374639558139 | 56 | 4.6613e-310 | 3
105061335 | 27 | 8.60264 | 36
210122670 | 28 | 8.47245 | 16
420245341 | 29 | 8.47245 | 16
840490682 | 30 | 8.47245 | 16
1680981365 | 31 | 8.47245 | 16
3361962730 | 32 | 8.47245 | 16
6723925461 | 33 | 8.47245 | 16
13447850923 | 34 | 8.47245 | 16
26895701847 | 35 | 8.47245 | 16
53791403694 | 36 | 8.47245 | 16
107582807388 | 37 | 8.47245 | 16
215165614776 | 38 | 8.47245 | 16
430331229552 | 39 | 8.47245 | 16
860662459105 | 40 | 8.47245 | 16
1721324918210 | 41 | 8.47245 | 16
3442649836420 | 42 | 8.47245 | 16
6885299672841 | 43 | 8.47245 | 16
13770599345682 | 44 | 8.47245 | 16
27541198691365 | 45 | 8.47245 | 16
55082397382731 | 46 | 8.47245 | 16
110164794765462 | 47 | 0.592618 | 8
110164794765463 | 47 | 2.42092e-322 | 8
210122671 | 28 | 7.98525 | 20
420245342 | 29 | 4.6613e-310 | 8
420245343 | 29 | 3.43065 | 12
840490686 | 30 | 3.43065 | 12
1680981373 | 31 | 3.43065 | 12
3361962747 | 32 | 3.43065 | 12
6723925495 | 33 | 3.43065 | 12
13447850990 | 34 | 3.43065 | 12
26895701980 | 35 | 4.6613e-310 | 1
26895701981 | 35 | 2.57662 | 11
53791403962 | 36 | 2.57662 | 11
107582807924 | 37 | 2.57662 | 11
215165615848 | 38 | 0.511121 | 3
215165615849 | 38 | 4.6613e-310 | 8
102599 | 17 | 7.7642 | 30
205199 | 18 | 7.7642 | 30
410398 | 19 | 7.23968 | 14
820796 | 20 | 7.23968 | 14
1641592 | 21 | 7.23968 | 14
3283184 | 22 | 7.23968 | 14
6566368 | 23 | 4.6613e-310 | 8
6566369 | 23 | 4.6613e-310 | 6
410399 | 19 | 7.61501 | 16
820799 | 20 | 7.61501 | 16
1641599 | 21 | 7.61501 | 16
3283198 | 22 | 7.61501 | 16
6566396 | 23 | 7.61501 | 16
13132792 | 24 | 5.09274 | 12
26265584 | 25 | 3.35048 | 11
52531168 | 26 | 3.35048 | 11
105062336 | 27 | 3.35048 | 11
210124673 | 28 | 3.35048 | 11
420249346 | 29 | 0.033501 | 3
420249347 | 29 | 4.6613e-310 | 8
26265585 | 25 | 4.6613e-310 | 1
13132793 | 24 | 4.6613e-310 | 4
201 | 8 | 7.70047 | 99
402 | 9 | 7.70047 | 99
805 | 10 | 7.70047 | 99
1610 | 11 | 7.70047 | 99
3220 | 12 | 7.70047 | 99
6440 | 13 | 6.96791 | 52
12881 | 14 | 6.96791 | 52
25762 | 15 | 4.41787 | 36
51524 | 16 | 4.41787 | 36
103049 | 17 | 4.41787 | 36
206098 | 18 | 4.41787 | 36
412196 | 19 | 4.09414 | 27
824392 | 20 | 4.09414 | 27
1648784 | 21 | 3.39163 | 25
3297568 | 22 | 3.39163 | 19
6595137 | 23 | 3.39163 | 19
13190274 | 24 | 3.39163 | 19
26380549 | 25 | 3.39163 | 19
52761098 | 26 | 3.39163 | 19
105522196 | 27 | 1.69878 | 13
211044392 | 28 | 1.69878 | 13
422088784 | 29 | 0 | 3
422088785 | 29 | 4.6613e-310 | 10
105522197 | 27 | 4.6613e-310 | 6
3297569 | 22 | 4.6613e-310 | 6
1648785 | 21 | 4.6613e-310 | 2
412197 | 19 | 0.0540686 | 9
25763 | 15 | 2.49411 | 16
51526 | 16 | 2.49411 | 16
103052 | 17 | 2.49411 | 16
206105 | 18 | 2.49411 | 16
412211 | 19 | 2.49411 | 16
824422 | 20 | 2.49411 | 14
1648844 | 21 | 2.49411 | 14
3297688 | 22 | 2.49411 | 14
6595377 | 23 | 2.49411 | 14
13190754 | 24 | 2.49411 | 14
26381509 | 25 | 2.49411 | 14
52763019 | 26 | 2.49411 | 14
105526039 | 27 | 2.49411 | 14
211052079 | 28 | 2.49411 | 14
422104159 | 29 | 2.49411 | 14
844208318 | 30 | 3.21143e-322 | 8
844208319 | 30 | 0.00895977 | 6
824423 | 20 | 4.6613e-310 | 2
6441 | 13 | 6.56196 | 47
12883 | 14 | 6.56196 | 47
25766 | 15 | 6.56196 | 47
51533 | 16 | 6.56196 | 47
103066 | 17 | 6.56196 | 47
206132 | 18 | 6.56196 | 47
412264 | 19 | 6.56196 | 47
824529 | 20 | 6.56196 | 47
1649059 | 21 | 6.56196 | 47
3298119 | 22 | 6.56196 | 47
6596238 | 23 | 6.56196 | 47
13192476 | 24 | 6.56196 | 47
26384953 | 25 | 6.56196 | 47
52769906 | 26 | 6.56196 | 39
105539812 | 27 | 4.18918 | 20
211079625 | 28 | 4.18918 | 20
422159251 | 29 | 4.18918 | 20
844318503 | 30 | 4.18918 | 20
1688637006 | 31 | 4.18918 | 20
3377274013 | 32 | 4.18918 | 20
6754548026 | 33 | 0.329528 | 2
6754548027 | 33 | 3.71936 | 18
13509096054 | 34 | 0.460239 | 5
13509096055 | 34 | 3.1585 | 13
27018192110 | 35 | 3.1585 | 13
54036384221 | 36 | 3.1585 | 13
108072768442 | 37 | 3.1585 | 13
216145536884 | 38 | 3.1585 | 13
432291073768 | 39 | 3.1585 | 13
864582147537 | 40 | 3.1585 | 13
1729164295074 | 41 | 3.1585 | 13
3458328590148 | 42 | 3.1585 | 13
6916657180297 | 43 | 3.1585 | 13
13833314360595 | 44 | 3.1585 | 13
27666628721191 | 45 | 3.1585 | 13
55333257442382 | 46 | 3.1585 | 13
110666514884764 | 47 | 3.1585 | 13
221333029769528 | 48 | 3.1585 | 13
442666059539056 | 49 | 3.14495 | 12
885332119078113 | 50 | 3.14495 | 12
1770664238156226 | 51 | 3.14495 | 12
3541328476312452 | 52 | 3.14495 | 12
7082656952624904 | 53 | 3.14495 | 12
14165313905249808 | 54 | 3.14495 | 12
28330627810499616 | 55 | 3.14495 | 12
56661255620999233 | 56 | 3.14495 | 12
113322511241998467 | 57 | 3.14495 | 12
226645022483996934 | 58 | 0.540714 | 1
226645022483996935 | 58 | 3.06413 | 11
453290044967993871 | 59 | 3.06413 | 11
906580089935987743 | 60 | 3.06413 | 11
1813160179871975486 | 61 | 1.92824 | 6
1813160179871975487 | 61 | 0.124466 | 5
442666059539057 | 49 | 4.6613e-310 | 1
105539813 | 27 | 3.71556 | 19
211079626 | 28 | 3.71556 | 19
422159253 | 29 | 3.71556 | 19
844318506 | 30 | 3.71556 | 19
1688637012 | 31 | 4.6613e-310 | 1
1688637013 | 31 | 3.71556 | 18
3377274027 | 32 | 3.71556 | 18
6754548055 | 33 | 3.71556 | 18
13509096111 | 34 | 3.71556 | 18
27018192222 | 35 | 3.71556 | 18
54036384444 | 36 | 3.71556 | 18
108072768889 | 37 | 3.71556 | 18
216145537778 | 38 | 3.71556 | 18
432291075556 | 39 | 3.71556 | 18
864582151112 | 40 | 3.42448 | 15
1729164302225 | 41 | 3.42448 | 15
3458328604450 | 42 | 3.42448 | 15
6916657208900 | 43 | 1.70454 | 11
13833314417800 | 44 | 1.70454 | 11
27666628835600 | 45 | 4.6613e-310 | 2
27666628835601 | 45 | 4.6613e-310 | 9
6916657208901 | 43 | 4.6613e-310 | 4
864582151113 | 40 | 4.6613e-310 | 3
52769907 | 26 | 4.6613e-310 | 8
13 | 4 | 18.5296 | 153
27 | 5 | 18.5296 | 153
55 | 6 | 18.5296 | 153
111 | 7 | 18.5296 | 153
223 | 8 | 18.5296 | 153
446 | 9 | 18.5296 | 153
892 | 10 | 18.5296 | 153
1785 | 11 | 18.5296 | 153
3570 | 12 | 18.5296 | 153
7140 | 13 | 18.5296 | 153
14280 | 14 | 18.5296 | 153
28560 | 15 | 18.5296 | 153
57121 | 16 | 18.5296 | 153
114243 | 17 | 18.5296 | 153
228486 | 18 | 18.5296 | 153
456973 | 19 | 18.5296 | 153
913947 | 20 | 18.5296 | 153
1827895 | 21 | 18.5296 | 153
3655791 | 22 | 18.5296 | 153
7311582 | 23 | 4.6613e-310 | 1
7311583 | 23 | 18.5296 | 152
14623166 | 24 | 16.5064 | 95
29246333 | 25 | 16.5064 | 95
58492667 | 26 | 16.5064 | 95
116985334 | 27 | 16.5064 | 95
233970669 | 28 | 16.5064 | 95
467941338 | 29 | 16.5064 | 95
935882676 | 30 | 15.3652 | 71
1871765352 | 31 | 141.24 | 1
1871765353 | 31 | 15.3652 | 70
3743530706 | 32 | 15.3652 | 70
7487061413 | 33 | 15.3652 | 70
14974122827 | 34 | 15.3652 | 70
29948245655 | 35 | 15.3652 | 70
59896491311 | 36 | 15.3652 | 70
119792982623 | 37 | 15.3652 | 70
239585965246 | 38 | 2.31073 | 8
239585965247 | 38 | 8.67414 | 62
479171930494 | 39 | 8.67414 | 62
958343860989 | 40 | 8.67414 | 62
1916687721979 | 41 | 8.67414 | 62
3833375443958 | 42 | 8.67414 | 62
7666750887917 | 43 | 8.67414 | 62
15333501775835 | 44 | 8.67414 | 62
30667003551670 | 45 | 8.72373 | 7
30667003551671 | 45 | 7.69298 | 55
61334007103342 | 46 | 7.69298 | 55
122668014206684 | 47 | 2.54631 | 2
122668014206685 | 47 | 7.3499 | 53
245336028413370 | 48 | 6.38784 | 44
490672056826740 | 49 | 6.38784 | 44
981344113653480 | 50 | 6.38784 | 44
1962688227306960 | 51 | 6.38784 | 44
3925376454613921 | 52 | 6.38784 | 44
7850752909227843 | 53 | 6.38784 | 44
15701505818455686 | 54 | 6.38784 | 44
31403011636911372 | 55 | 6.38784 | 44
62806023273822744 | 56 | 6.38784 | 44
125612046547645489 | 57 | 6.38784 | 44
251224093095290978 | 58 | 4.6613e-310 | 3
251224093095290979 | 58 | 6.11086 | 41
502448186190581958 | 59 | 6.11086 | 41
1004896372381163917 | 60 | 6.11086 | 41
2009792744762327834 | 61 | 6.11086 | 41
4019585489524655668 | 62 | 2.64221 | 13
8039170979049311336 | 63 | 2.64221 | 13
-2368402115610928943 | 64 | 2.64221 | 13
-4736804231221857886 | 65 | 2.64221 | 13
8973135611265835844 | 66 | 2.64221 | 13
-500472851177879928 | 67 | 2.20544 | 11
-1000945702355759855 | 68 | 2.20544 | 11
-2001891404711519709 | 69 | 2.20544 | 11
-4003782809423039417 | 70 | 2.20544 | 11
-8007565618846078834 | 71 | 11.4918 | 3
-8007565618846078833 | 71 | 4.6613e-310 | 8
-500472851177879927 | 67 | 4.6613e-310 | 2
4019585489524655669 | 62 | 3.70677 | 28
8039170979049311338 | 63 | 3.70677 | 28
-2368402115610928939 | 64 | 3.70677 | 28
-4736804231221857878 | 65 | 2.38069 | 12
8973135611265835860 | 66 | 2.38069 | 12
-500472851177879896 | 67 | 10.7594 | 7
-500472851177879895 | 67 | 0.256356 | 5
-4736804231221857877 | 65 | 1.96484 | 16
8973135611265835862 | 66 | 0.793024 | 3
8973135611265835863 | 66 | 1.72095 | 13
-500472851177879889 | 67 | 1.72095 | 13
-1000945702355759777 | 68 | 1.72095 | 13
-2001891404711519553 | 69 | 1.72095 | 13
-4003782809423039106 | 70 | 1.72095 | 13
-8007565618846078212 | 71 | 1.72095 | 13
2431612836017395193 | 72 | 1.72095 | 13
4863225672034790387 | 73 | 1.72095 | 13
-8720292729639970842 | 74 | 5.33033 | 8
-8720292729639970841 | 74 | 0.71623 | 5
245336028413371 | 48 | 4.6613e-310 | 9
935882677 | 30 | 12.037 | 24
1871765354 | 31 | 12.037 | 24
3743530708 | 32 | 12.037 | 24
7487061416 | 33 | 12.037 | 24
14974122833 | 34 | 12.037 | 24
29948245666 | 35 | 12.037 | 24
59896491332 | 36 | 12.037 | 24
119792982665 | 37 | 12.037 | 24
239585965331 | 38 | 12.037 | 24
479171930662 | 39 | 12.037 | 24
958343861324 | 40 | 11.9161 | 14
1916687722648 | 41 | 11.9161 | 14
3833375445297 | 42 | 11.9161 | 14
7666750890595 | 43 | 11.9161 | 14
15333501781191 | 44 | 11.9161 | 14
30667003562382 | 45 | 11.9161 | 14
61334007124765 | 46 | 11.9161 | 14
122668014249530 | 47 | 4.6613e-310 | 5
122668014249531 | 47 | 4.6613e-310 | 9
958343861325 | 40 | 4.6613e-310 | 10
14623167 | 24 | 17.4982 | 57
29246335 | 25 | 17.4982 | 57
58492670 | 26 | 4.6613e-310 | 5
58492671 | 26 | 11.3619 | 52
116985342 | 27 | 11.3619 | 52
233970685 | 28 | 11.3619 | 52
467941370 | 29 | 11.3619 | 52
935882741 | 30 | 11.3619 | 52
1871765482 | 31 | 11.3619 | 48
3743530964 | 32 | 11.3619 | 48
7487061928 | 33 | 11.3619 | 48
14974123857 | 34 | 11.3619 | 48
29948247714 | 35 | 11.3619 | 48
59896495428 | 36 | 11.3619 | 48
119792990856 | 37 | 11.3619 | 48
239585981713 | 38 | 11.3619 | 48
479171963426 | 39 | 11.3619 | 48
958343926853 | 40 | 11.3619 | 48
1916687853706 | 41 | 11.3619 | 48
3833375707413 | 42 | 11.3619 | 48
7666751414827 | 43 | 11.3619 | 48
15333502829654 | 44 | 4.73061 | 24
30667005659308 | 45 | 3.56942 | 17
61334011318617 | 46 | 3.56942 | 17
122668022637235 | 47 | 3.56942 | 17
245336045274471 | 48 | 3.56942 | 17
490672090548943 | 49 | 3.56942 | 17
981344181097886 | 50 | 2.35026 | 12
1962688362195773 | 51 | 2.35026 | 12
3925376724391547 | 52 | 2.35026 | 12
7850753448783095 | 53 | 2.35026 | 12
15701506897566191 | 54 | 2.35026 | 12
31403013795132382 | 55 | 2.35026 | 11
62806027590264764 | 56 | 2.35026 | 11
125612055180529528 | 57 | 2.35026 | 11
251224110361059057 | 58 | 2.35026 | 11
502448220722118115 | 59 | 2.35026 | 11
1004896441444236230 | 60 | 2.35026 | 11
2009792882888472460 | 61 | 2.35026 | 11
4019585765776944920 | 62 | 4.00193e-322 | 8
4019585765776944921 | 62 | 4.00193e-322 | 3
31403013795132383 | 55 | 4.6613e-310 | 1
981344181097887 | 50 | 4.6613e-310 | 5
30667005659309 | 45 | 4.6613e-310 | 7
15333502829655 | 44 | 2.92097 | 24
30667005659310 | 45 | 2.92097 | 24
61334011318621 | 46 | 2.92097 | 24
122668022637243 | 47 | 2.92097 | 24
245336045274487 | 48 | 2.92097 | 24
490672090548975 | 49 | 2.92097 | 24
981344181097950 | 50 | 2.92097 | 24
1962688362195900 | 51 | 4.6613e-310 | 4
1962688362195901 | 51 | 2.59459 | 20
3925376724391803 | 52 | 2.59459 | 20
7850753448783607 | 53 | 2.59459 | 20
15701506897567215 | 54 | 2.59459 | 20
31403013795134431 | 55 | 2.59459 | 20
62806027590268863 | 56 | 2.59459 | 20
125612055180537726 | 57 | 2.59459 | 20
251224110361075452 | 58 | 2.59459 | 20
502448220722150905 | 59 | 2.59459 | 20
1004896441444301810 | 60 | 2.59459 | 20
2009792882888603620 | 61 | 2.59459 | 20
4019585765777207240 | 62 | 1.70377 | 12
8039171531554414481 | 63 | 1.70377 | 12
-2368401010600722654 | 64 | 1.70377 | 12
-4736802021201445308 | 65 | 1.70377 | 12
8973140031306661000 | 66 | 1.62073 | 11
-500464011096229616 | 67 | 4.6613e-310 | 1
-500464011096229615 | 67 | 0.198009 | 10
8973140031306661001 | 66 | 4.6613e-310 | 1
4019585765777207241 | 62 | 4.6613e-310 | 8
1871765483 | 31 | 4.6613e-310 | 4
7 | 3 | 28.621 | 641
15 | 4 | 28.621 | 641
30 | 5 | 15.1603 | 17
61 | 6 | 15.1603 | 17
122 | 7 | 15.1603 | 15
245 | 8 | 15.1603 | 15
490 | 9 | 15.1603 | 15
981 | 10 | 15.1603 | 15
1962 | 11 | 15.1603 | 15
3924 | 12 | 10.9599 | 13
7848 | 13 | 10.9599 | 13
15696 | 14 | 10.9599 | 13
31392 | 15 | 10.9599 | 13
62784 | 16 | 10.9599 | 13
125568 | 17 | 10.9599 | 13
251137 | 18 | 10.9599 | 13
502274 | 19 | 10.9599 | 13
1004548 | 20 | 10.9599 | 13
2009096 | 21 | 4.6613e-310 | 9
2009097 | 21 | 4.6613e-310 | 4
3925 | 12 | 4.6613e-310 | 2
123 | 7 | 4.6613e-310 | 2
31 | 5 | 27.455 | 624
63 | 6 | 27.455 | 624
126 | 7 | 27.455 | 624
253 | 8 | 27.455 | 624
506 | 9 | 27.455 | 624
1013 | 10 | 27.455 | 624
2026 | 11 | 27.455 | 624
4052 | 12 | 27.455 | 624
8104 | 13 | 27.455 | 623
16209 | 14 | 27.455 | 623
32418 | 15 | 22.9277 | 530
64837 | 16 | 22.9277 | 530
129674 | 17 | 22.9277 | 530
259348 | 18 | 22.9277 | 530
518696 | 19 | 0.74667 | 10
518697 | 19 | 22.9277 | 520
1037395 | 20 | 22.9277 | 520
2074791 | 21 | 22.9277 | 520
4149583 | 22 | 22.9277 | 520
8299166 | 23 | 22.9277 | 520
16598333 | 24 | 22.9277 | 520
33196667 | 25 | 22.9277 | 520
66393334 | 26 | 17.799 | 286
132786668 | 27 | 17.799 | 286
265573337 | 28 | 17.799 | 286
531146674 | 29 | 4.56284 | 32
1062293348 | 30 | 4.56284 | 32
2124586696 | 31 | 4.56284 | 32
4249173393 | 32 | 4.56284 | 32
8498346787 | 33 | 4.56284 | 32
16996693574 | 34 | 4.56284 | 32
33993387148 | 35 | 4.56284 | 32
67986774296 | 36 | 4.05416 | 30
135973548592 | 37 | 4.05416 | 30
271947097185 | 38 | 4.05416 | 30
543894194370 | 39 | 4.05416 | 30
1087788388740 | 40 | 4.05416 | 30
2175576777481 | 41 | 4.05416 | 30
4351153554962 | 42 | 4.05416 | 30
8702307109924 | 43 | 2.06211 | 6
8702307109925 | 43 | 4.0502 | 24
17404614219850 | 44 | 4.0502 | 24
34809228439701 | 45 | 4.0502 | 24
69618456879403 | 46 | 4.0502 | 24
139236913758807 | 47 | 4.0502 | 24
278473827517614 | 48 | 4.0502 | 24
556947655035228 | 49 | 4.0502 | 24
1113895310070456 | 50 | 4.0502 | 24
2227790620140913 | 51 | 4.0502 | 24
4455581240281827 | 52 | 4.0502 | 24
8911162480563654 | 53 | 4.0502 | 24
17822324961127308 | 54 | 4.0502 | 24
35644649922254617 | 55 | 4.0502 | 24
71289299844509235 | 56 | 4.0502 | 24
142578599689018471 | 57 | 4.0502 | 24
285157199378036942 | 58 | 4.0502 | 24
570314398756073885 | 59 | 4.0502 | 24
1140628797512147770 | 60 | 4.0502 | 24
2281257595024295540 | 61 | 4.0502 | 24
4562515190048591081 | 62 | 4.0502 | 24
9125030380097182162 | 63 | 4.0502 | 24
-196683313515187292 | 64 | 4.0502 | 24
-393366627030374583 | 65 | 4.0502 | 24
-786733254060749166 | 66 | 8.56177 | 6
-786733254060749165 | 66 | 2.81465 | 18
-1573466508121498329 | 67 | 2.81465 | 18
-3146933016242996658 | 68 | 2.81465 | 18
-6293866032485993316 | 69 | 2.81465 | 18
5859012008737564985 | 70 | 2.81465 | 18
-6728720056234421646 | 71 | 2.81465 | 18
4989303961240708325 | 72 | 2.81465 | 18
-8468136151228134965 | 73 | 2.81465 | 18
1510471771253281687 | 74 | 2.81465 | 18
3020943542506563375 | 75 | 2.81465 | 18
6041887085013126751 | 76 | 2.81465 | 18
-6362969903683298113 | 77 | 2.81465 | 18
5720804266342955390 | 78 | 7.41357 | 1
5720804266342955391 | 78 | 2.81465 | 17
-7005135541023640834 | 79 | 2.81465 | 17
4436472991662269949 | 80 | 2.81465 | 17
8872945983324539899 | 81 | 2.81465 | 17
-700852107060471817 | 82 | 2.81465 | 17
-1401704214120943633 | 83 | 2.81465 | 17
-2803408428241887266 | 84 | 2.81465 | 17
-5606816856483774532 | 85 | 2.81465 | 17
7233110360742002552 | 86 | 2.81465 | 17
-3980523352225546512 | 87 | 2.81465 | 17
-7961046704451093024 | 88 | 2.81465 | 17
2524650664807365568 | 89 | 2.81465 | 17
5049301329614731136 | 90 | 2.81465 | 17
-8348141414480089344 | 91 | 2.81465 | 17
1750461244749372929 | 92 | 2.81465 | 17
3500922489498745859 | 93 | 2.81465 | 17
7001844978997491718 | 94 | 0.0860428 | 2
7001844978997491719 | 94 | 2.76137 | 15
-4443054115714568177 | 95 | 2.76137 | 15
-8886108231429136353 | 96 | 2.76137 | 15
674527610851278910 | 97 | 2.76137 | 15
1349055221702557820 | 98 | 2.54262 | 13
2698110443405115641 | 99 | 2.54262 | 13
5396220886810231282 | 100 | 2.54262 | 13
-7654302300089089052 | 101 | 2.54262 | 13
3138139473531373512 | 102 | 2.54262 | 13
6276278947062747024 | 103 | 2.54262 | 13
-5894186179584057568 | 104 | 2.54262 | 13
6658371714541436481 | 105 | 2.54262 | 13
-5130000644626678653 | 106 | 2.54262 | 13
8186742784456194310 | 107 | 2.54262 | 13
-2073258504797162996 | 108 | 6.65168 | 9
-2073258504797162995 | 108 | 11.5486 | 4
1349055221702557821 | 98 | 4.6613e-310 | 2
67986774297 | 36 | 4.6613e-310 | 2
531146675 | 29 | 17.6327 | 254
1062293350 | 30 | 13.4025 | 28
2124586700 | 31 | 13.4025 | 28
4249173400 | 32 | 13.4025 | 28
8498346801 | 33 | 13.4025 | 28
16996693602 | 34 | 13.4025 | 28
33993387205 | 35 | 13.4025 | 28
67986774411 | 36 | 13.4025 | 28
135973548822 | 37 | 13.3778 | 22
271947097644 | 38 | 13.3778 | 22
543894195288 | 39 | 13.3778 | 22
1087788390576 | 40 | 11.7355 | 14
2175576781152 | 41 | 4.6613e-310 | 1
2175576781153 | 41 | 11.6832 | 13
4351153562306 | 42 | 11.6832 | 13
8702307124613 | 43 | 11.6832 | 13
17404614249226 | 44 | 11.6832 | 13
34809228498453 | 45 | 11.6832 | 13
69618456996906 | 46 | 11.6832 | 13
139236913993812 | 47 | 11.6832 | 13
278473827987625 | 48 | 11.6832 | 13
556947655975250 | 49 | 11.6832 | 13
1113895311950501 | 50 | 11.6832 | 13
2227790623901003 | 51 | 11.6832 | 13
4455581247802007 | 52 | 11.6832 | 13
8911162495604015 | 53 | 11.6832 | 13
17822324991208031 | 54 | 11.6832 | 13
35644649982416063 | 55 | 11.6832 | 13
71289299964832126 | 56 | 11.6832 | 13
142578599929664253 | 57 | 11.6832 | 13
285157199859328507 | 58 | 11.6832 | 13
570314399718657014 | 59 | 3.23811 | 12
1140628799437314029 | 60 | 3.23811 | 12
2281257598874628058 | 61 | 3.23811 | 12
4562515197749256116 | 62 | 4.6613e-310 | 5
4562515197749256117 | 62 | 0.580819 | 7
570314399718657015 | 59 | 4.6613e-310 | 1
1087788390577 | 40 | 4.6613e-310 | 8
135973548823 | 37 | 4.6613e-310 | 6
1062293351 | 30 | 17.6327 | 226
2124586702 | 31 | 17.6327 | 226
4249173405 | 32 | 17.6327 | 226
8498346811 | 33 | 17.6327 | 226
16996693623 | 34 | 17.6327 | 226
33993387247 | 35 | 17.6327 | 226
67986774494 | 36 | 17.6327 | 226
135973548988 | 37 | 17.6327 | 226
271947097977 | 38 | 17.6327 | 226
543894195955 | 39 | 17.6327 | 226
1087788391910 | 40 | 15.738 | 86
2175576783821 | 41 | 15.738 | 86
4351153567642 | 42 | 15.3403 | 80
8702307135285 | 43 | 15.3403 | 80
17404614270571 | 44 | 15.3403 | 80
34809228541143 | 45 | 15.3403 | 80
69618457082287 | 46 | 15.3403 | 80
139236914164574 | 47 | 7.48752 | 73
278473828329148 | 48 | 7.48752 | 73
556947656658296 | 49 | 7.48752 | 73
1113895313316592 | 50 | 7.48752 | 73
2227790626633185 | 51 | 7.48752 | 73
4455581253266370 | 52 | 7.48752 | 73
8911162506532741 | 53 | 7.48752 | 73
17822325013065483 | 54 | 7.48752 | 73
35644650026130966 | 55 | 7.48752 | 73
71289300052261932 | 56 | 7.48752 | 73
142578600104523864 | 57 | 3.4011 | 40
285157200209047728 | 58 | 2.97681 | 14
570314400418095456 | 59 | 2.97681 | 14
1140628800836190913 | 60 | 2.97681 | 14
2281257601672381826 | 61 | 2.97681 | 14
4562515203344763652 | 62 | 2.97681 | 14
9125030406689527304 | 63 | 0.255224 | 2
9125030406689527305 | 63 | 2.40876 | 12
-196683260330497005 | 64 | 2.40876 | 12
-393366520660994010 | 65 | 2.40876 | 12
-786733041321988020 | 66 | 2.40876 | 12
-1573466082643976039 | 67 | 2.40876 | 12
-3146932165287952078 | 68 | 2.40876 | 12
-6293864330575904155 | 69 | 2.40876 | 12
5859015412557743306 | 70 | 1.41765 | 1
5859015412557743307 | 70 | 2.40876 | 11
-6728713248594065001 | 71 | 2.40876 | 11
4989317576521421614 | 72 | 4.6613e-310 | 9
4989317576521421615 | 72 | 40.8575 | 2
285157200209047729 | 58 | 3.37858 | 26
570314400418095459 | 59 | 3.37858 | 26
1140628800836190918 | 60 | 4.6613e-310 | 7
1140628800836190919 | 60 | 2.8966 | 19
2281257601672381839 | 61 | 2.8966 | 19
4562515203344763679 | 62 | 2.8966 | 19
9125030406689527358 | 63 | 2.75078 | 17
-196683260330496900 | 64 | 2.75078 | 17
-393366520660993799 | 65 | 2.75078 | 17
-786733041321987597 | 66 | 2.75078 | 17
-1573466082643975194 | 67 | 2.75078 | 17
-3146932165287950387 | 68 | 2.75078 | 17
-6293864330575900773 | 69 | 2.75078 | 17
5859015412557750070 | 70 | 2.75078 | 17
-6728713248594051476 | 71 | 2.49175 | 9
-6728713248594051475 | 71 | 0.146002 | 8
9125030406689527359 | 63 | 4.6613e-310 | 2
142578600104523865 | 57 | 4.56765 | 33
285157200209047730 | 58 | 4.56765 | 33
570314400418095461 | 59 | 4.56765 | 33
1140628800836190923 | 60 | 4.56765 | 33
2281257601672381847 | 61 | 4.56765 | 33
4562515203344763695 | 62 | 4.56765 | 33
9125030406689527391 | 63 | 4.56765 | 33
-196683260330496833 | 64 | 4.56765 | 33
-393366520660993666 | 65 | 4.56765 | 33
-786733041321987332 | 66 | 4.56765 | 32
-1573466082643974664 | 67 | 4.07009 | 12
-3146932165287949328 | 68 | 2.63508 | 10
-3146932165287949327 | 68 | 2.16802 | 2
-1573466082643974663 | 67 | 3.82847 | 20
-3146932165287949325 | 68 | 3.82847 | 20
-6293864330575898650 | 69 | 2.74217 | 18
5859015412557754317 | 70 | 2.74217 | 18
-6728713248594042982 | 71 | 2.74217 | 18
4989317576521465653 | 72 | 2.74217 | 18
-8468108920666620309 | 73 | 2.74217 | 18
1510526232376310999 | 74 | 2.74217 | 18
3021052464752621999 | 75 | 2.74217 | 18
6042104929505243998 | 76 | 2.74217 | 18
-6362534214699063619 | 77 | 2.74217 | 18
5721675644311424378 | 78 | 2.13429 | 3
5721675644311424379 | 78 | 2.07301 | 15
-7003392785086702858 | 79 | 0.832259 | 1
-7003392785086702857 | 79 | 1.92403 | 14
4439958503536145902 | 80 | 1.92403 | 14
8879917007072291804 | 81 | 0 | 8
8879917007072291805 | 81 | 0.0985161 | 6
-6293864330575898649 | 69 | 4.6613e-310 | 2
-786733041321987331 | 66 | 4.6613e-310 | 1
139236914164575 | 47 | 4.6613e-310 | 7
4351153567643 | 42 | 4.6613e-310 | 6
1087788391911 | 40 | 16.4915 | 140
2175576783822 | 41 | 10.5564 | 85
4351153567644 | 42 | 5.27058 | 26
8702307135288 | 43 | 5.27058 | 26
17404614270576 | 44 | 5.27058 | 26
34809228541153 | 45 | 5.27058 | 26
69618457082307 | 46 | 5.27058 | 26
139236914164615 | 47 | 5.27058 | 26
278473828329230 | 48 | 5.27058 | 26
556947656658461 | 49 | 5.27058 | 26
1113895313316922 | 50 | 5.27058 | 26
2227790626633844 | 51 | 5.27058 | 26
4455581253267688 | 52 | 3.8268 | 18
8911162506535376 | 53 | 3.8268 | 18
17822325013070752 | 54 | 3.8268 | 18
35644650026141505 | 55 | 3.8268 | 18
71289300052283011 | 56 | 3.8268 | 18
142578600104566023 | 57 | 3.8268 | 18
285157200209132046 | 58 | 3.8268 | 18
570314400418264092 | 59 | 3.8268 | 18
1140628800836528185 | 60 | 3.8268 | 18
2281257601673056370 | 61 | 4.14636 | 1
2281257601673056371 | 61 | 2.49876 | 17
4562515203346112743 | 62 | 2.49876 | 17
9125030406692225486 | 63 | 2.49876 | 17
-196683260325100644 | 64 | 2.49876 | 17
-393366520650201287 | 65 | 2.49876 | 17
-786733041300402574 | 66 | 2.49876 | 15
-1573466082600805148 | 67 | 2.49876 | 15
-3146932165201610296 | 68 | 2.49876 | 13
-6293864330403220592 | 69 | 2.49876 | 13
5859015412903110432 | 70 | 2.49876 | 13
-6728713247903330751 | 71 | 2.49876 | 13
4989317577902890114 | 72 | 2.49876 | 13
-8468108917903771388 | 73 | 0.343741 | 1
-8468108917903771387 | 73 | 1.889 | 12
1510526237902008842 | 74 | 1.889 | 12
3021052475804017685 | 75 | 1.889 | 12
6042104951608035370 | 76 | 0 | 9
6042104951608035371 | 76 | 0.254379 | 3
-3146932165201610295 | 68 | 4.6613e-310 | 2
-786733041300402573 | 66 | 4.6613e-310 | 2
4455581253267689 | 52 | 4.6613e-310 | 8
4351153567645 | 42 | 9.65639 | 59
8702307135291 | 43 | 9.65639 | 59
17404614270582 | 44 | 9.65639 | 59
34809228541165 | 45 | 9.65639 | 59
69618457082331 | 46 | 9.65639 | 59
139236914164663 | 47 | 9.65639 | 59
278473828329327 | 48 | 9.65639 | 59
556947656658654 | 49 | 9.65639 | 59
1113895313317309 | 50 | 9.65639 | 59
2227790626634618 | 51 | 9.65639 | 59
4455581253269237 | 52 | 9.65639 | 59
8911162506538474 | 53 | 9.65639 | 59
17822325013076949 | 54 | 9.65639 | 59
35644650026153898 | 55 | 9.65639 | 59
71289300052307796 | 56 | 9.65639 | 59
142578600104615592 | 57 | 7.47796 | 48
285157200209231185 | 58 | 7.47796 | 48
570314400418462370 | 59 | 7.47796 | 48
1140628800836924741 | 60 | 7.47796 | 48
2281257601673849482 | 61 | 7.47796 | 48
4562515203347698964 | 62 | 7.47796 | 48
9125030406695397928 | 63 | 7.47796 | 48
-196683260318755760 | 64 | 7.47796 | 48
-393366520637511519 | 65 | 7.47796 | 48
-786733041275023038 | 66 | 7.47796 | 48
-1573466082550046076 | 67 | 6.72158 | 29
-3146932165100092151 | 68 | 6.72158 | 29
-6293864330200184302 | 69 | 1.92226 | 9
-6293864330200184301 | 69 | 5.30264 | 20
5859015413309183014 | 70 | 5.30264 | 20
-6728713247091185587 | 71 | 5.30264 | 20
4989317579527180442 | 72 | 5.30264 | 20
-8468108914655190732 | 73 | 0.210431 | 4
-8468108914655190731 | 73 | 4.76663 | 16
1510526244399170155 | 74 | 4.76663 | 16
3021052488798340310 | 75 | 4.82862 | 7
3021052488798340311 | 75 | 2.90381 | 9
-1573466082550046075 | 67 | 7.00605 | 19
-3146932165100092150 | 68 | 7.00605 | 19
-6293864330200184300 | 69 | 2.08889 | 18
5859015413309183016 | 70 | 2.08889 | 18
-6728713247091185584 | 71 | 2.08889 | 18
4989317579527180448 | 72 | 18.7209 | 8
4989317579527180449 | 72 | 10.5557 | 10
-6293864330200184299 | 69 | 4.6613e-310 | 1
142578600104615593 | 57 | 3.12067 | 11
285157200209231187 | 58 | 3.12067 | 11
570314400418462374 | 59 | 3.12067 | 11
1140628800836924748 | 60 | 4.6613e-310 | 7
1140628800836924749 | 60 | 4.6613e-310 | 4
2175576783823 | 41 | 10.2361 | 55
4351153567646 | 42 | 10.2361 | 55
8702307135293 | 43 | 10.2361 | 55
17404614270587 | 44 | 10.2361 | 55
34809228541174 | 45 | 7.92401 | 34
69618457082348 | 46 | 7.92401 | 34
139236914164697 | 47 | 7.92401 | 34
278473828329395 | 48 | 7.92401 | 34
556947656658791 | 49 | 7.92401 | 34
1113895313317583 | 50 | 7.92401 | 34
2227790626635167 | 51 | 7.92401 | 34
4455581253270335 | 52 | 7.92401 | 34
8911162506540670 | 53 | 7.92401 | 34
17822325013081341 | 54 | 7.92401 | 34
35644650026162683 | 55 | 7.92401 | 34
71289300052325367 | 56 | 7.92401 | 34
142578600104650734 | 57 | 7.92401 | 34
285157200209301468 | 58 | 3.49792 | 15
570314400418602937 | 59 | 3.49792 | 15
1140628800837205875 | 60 | 3.49792 | 15
2281257601674411751 | 61 | 3.49792 | 15
4562515203348823502 | 62 | 3.49792 | 15
9125030406697647005 | 63 | 3.49792 | 15
-196683260314257606 | 64 | 3.06034 | 14
-393366520628515211 | 65 | 3.06034 | 14
-786733041257030422 | 66 | 3.06034 | 14
-1573466082514060844 | 67 | 7.63284 | 2
-1573466082514060843 | 67 | 2.71749 | 12
-3146932165028121685 | 68 | 2.71749 | 12
-6293864330056243370 | 69 | 11.4005 | 1
-6293864330056243369 | 69 | 2.29279 | 11
5859015413597064878 | 70 | 5.15116 | 8
5859015413597064879 | 70 | 26.721 | 3
-196683260314257605 | 64 | 4.6613e-310 | 1
285157200209301469 | 58 | 4.07119 | 19
570314400418602939 | 59 | 4.07119 | 19
1140628800837205878 | 60 | 4.07119 | 19
2281257601674411756 | 61 | 4.6613e-310 | 2
2281257601674411757 | 61 | 3.73694 | 17
4562515203348823515 | 62 | 3.73694 | 17
9125030406697647031 | 63 | 3.73694 | 17
-196683260314257554 | 64 | 3.73694 | 17
-393366520628515108 | 65 | 3.73694 | 17
-786733041257030216 | 66 | 3.41153 | 11
-1573466082514060431 | 67 | 3.41153 | 11
-3146932165028120861 | 68 | 3.41153 | 11
-6293864330056241722 | 69 | 3.41153 | 11
5859015413597068173 | 70 | 3.41153 | 11
-6728713246515415269 | 71 | 3.41153 | 11
4989317580678721079 | 72 | 3.41153 | 11
-8468108912352109458 | 73 | 6.39215 | 10
-8468108912352109457 | 73 | 0.052027 | 1
-786733041257030215 | 66 | 4.6613e-310 | 6
34809228541175 | 45 | 8.16403 | 21
69618457082351 | 46 | 8.16403 | 21
139236914164702 | 47 | 8.16403 | 21
278473828329404 | 48 | 4.6613e-310 | 9
278473828329405 | 48 | 8.08941 | 12
556947656658810 | 49 | 8.08941 | 12
1113895313317620 | 50 | 8.08941 | 12
2227790626635240 | 51 | 4.6613e-310 | 7
2227790626635241 | 51 | 4.6613e-310 | 5
66393335 | 26 | 13.8792 | 234
132786670 | 27 | 13.8792 | 234
265573341 | 28 | 13.8792 | 234
531146682 | 29 | 13.8792 | 234
1062293364 | 30 | 9.92506 | 120
2124586728 | 31 | 9.92506 | 120
4249173456 | 32 | 9.92506 | 120
8498346912 | 33 | 9.92506 | 120
16996693824 | 34 | 9.92506 | 120
33993387649 | 35 | 9.92506 | 120
67986775298 | 36 | 9.72371 | 19
135973550596 | 37 | 9.72371 | 19
271947101192 | 38 | 9.72371 | 19
543894202384 | 39 | 9.72371 | 19
1087788404769 | 40 | 9.72371 | 19
2175576809539 | 41 | 9.72371 | 19
4351153619078 | 42 | 9.72371 | 19
8702307238157 | 43 | 9.72371 | 19
17404614476314 | 44 | 9.72371 | 19
34809228952628 | 45 | 9.72371 | 19
69618457905257 | 46 | 9.72371 | 19
139236915810515 | 47 | 9.72371 | 19
278473831621031 | 48 | 9.72371 | 19
556947663242062 | 49 | 4.53934 | 9
556947663242063 | 49 | 4.6613e-310 | 10
67986775299 | 36 | 9.22933 | 101
135973550598 | 37 | 9.22933 | 101
271947101196 | 38 | 9.22933 | 101
543894202392 | 39 | 9.22933 | 101
1087788404784 | 40 | 4.51327 | 45
2175576809569 | 41 | 4.51327 | 45
4351153619138 | 42 | 3.52176 | 15
8702307238277 | 43 | 3.52176 | 15
17404614476554 | 44 | 3.52176 | 15
34809228953109 | 45 | 3.52176 | 15
69618457906218 | 46 | 3.52176 | 15
139236915812436 | 47 | 3.52176 | 15
278473831624872 | 48 | 3.52176 | 15
556947663249745 | 49 | 3.52176 | 15
1113895326499491 | 50 | 3.52176 | 15
2227790652998982 | 51 | 3.52176 | 15
4455581305997965 | 52 | 3.52176 | 15
8911162611995931 | 53 | 3.52176 | 15
17822325223991863 | 54 | 3.52176 | 15
35644650447983727 | 55 | 3.52176 | 15
71289300895967455 | 56 | 3.52176 | 15
142578601791934911 | 57 | 3.52176 | 15
285157203583869823 | 58 | 3.52176 | 15
570314407167739647 | 59 | 3.52176 | 15
1140628814335479294 | 60 | 3.52176 | 15
2281257628670958589 | 61 | 3.52176 | 15
4562515257341917178 | 62 | 3.52176 | 15
9125030514683834356 | 63 | 3.52176 | 15
-196683044341882904 | 64 | 0.113569 | 6
-196683044341882903 | 64 | 61.2704 | 9
4351153619139 | 42 | 3.24347 | 30
8702307238279 | 43 | 3.24347 | 30
17404614476558 | 44 | 3.24347 | 30
34809228953116 | 45 | 3.24347 | 30
69618457906233 | 46 | 3.24347 | 30
139236915812466 | 47 | 3.24347 | 30
278473831624932 | 48 | 3.24347 | 29
556947663249864 | 49 | 2.91253 | 15
1113895326499728 | 50 | 2.91253 | 15
2227790652999457 | 51 | 2.91253 | 15
4455581305998914 | 52 | 2.91253 | 15
8911162611997828 | 53 | 2.91253 | 15
17822325223995656 | 54 | 0.797984 | 1
17822325223995657 | 54 | 2.50827 | 14
35644650447991314 | 55 | 1.85022 | 4
35644650447991315 | 55 | 4.0707 | 10
556947663249865 | 49 | 2.50793 | 14
1113895326499731 | 50 | 2.50793 | 14
2227790652999463 | 51 | 2.50793 | 14
4455581305998926 | 52 | 2.50793 | 14
8911162611997852 | 53 | 2.50793 | 14
17822325223995704 | 54 | 2.50793 | 14
35644650447991408 | 55 | 2.50793 | 14
71289300895982816 | 56 | 2.50793 | 14
142578601791965633 | 57 | 2.50793 | 14
285157203583931266 | 58 | 2.50793 | 14
570314407167862532 | 59 | 2.50793 | 14
1140628814335725065 | 60 | 2.50793 | 14
2281257628671450131 | 61 | 2.50793 | 14
4562515257342900263 | 62 | 2.50793 | 14
9125030514685800527 | 63 | 2.50793 | 14
-196683044337950561 | 64 | 2.50793 | 14
-393366088675901121 | 65 | 2.50793 | 14
-786732177351802242 | 66 | 2.50793 | 14
-1573464354703604484 | 67 | 2.50793 | 14
-3146928709407208968 | 68 | 2.50793 | 14
-6293857418814417936 | 69 | 0.265577 | 9
-6293857418814417935 | 69 | 1.66938 | 5
278473831624933 | 48 | 4.6613e-310 | 1
1087788404785 | 40 | 5.2858 | 56
2175576809570 | 41 | 5.2858 | 56
4351153619140 | 42 | 5.2858 | 56
8702307238281 | 43 | 5.2858 | 56
17404614476563 | 44 | 5.2858 | 56
34809228953127 | 45 | 5.2858 | 56
69618457906255 | 46 | 5.2858 | 56
139236915812511 | 47 | 5.2858 | 56
278473831625022 | 48 | 5.2858 | 56
556947663250044 | 49 | 5.2858 | 56
1113895326500088 | 50 | 5.2858 | 56
2227790653000177 | 51 | 5.2858 | 56
4455581306000355 | 52 | 5.2858 | 56
8911162612000710 | 53 | 5.2858 | 56
17822325224001421 | 54 | 5.2858 | 56
35644650448002842 | 55 | 5.2858 | 56
71289300896005684 | 56 | 5.2858 | 56
142578601792011368 | 57 | 5.2858 | 56
285157203584022736 | 58 | 3.15594 | 18
570314407168045473 | 59 | 3.15594 | 18
1140628814336090946 | 60 | 3.15594 | 18
2281257628672181892 | 61 | 0.80967 | 3
2281257628672181893 | 61 | 2.96946 | 15
4562515257344363787 | 62 | 2.96946 | 15
9125030514688727574 | 63 | 2.96946 | 15
-196683044332096468 | 64 | 2.96946 | 15
-393366088664192936 | 65 | 1.73406 | 2
-393366088664192935 | 65 | 2.58129 | 13
-786732177328385869 | 66 | 2.58129 | 13
-1573464354656771738 | 67 | 2.58129 | 13
-3146928709313543475 | 68 | 2.58129 | 13
-6293857418627086950 | 69 | 2.58129 | 13
5859029236455377716 | 70 | 2.58129 | 12
-6728685600798796184 | 71 | 2.58129 | 12
4989372872111959248 | 72 | 1.73406 | 7
4989372872111959249 | 72 | 2.5658 | 5
5859029236455377717 | 70 | 4.6613e-310 | 1
285157203584022737 | 58 | 4.0536 | 38
570314407168045475 | 59 | 4.0536 | 38
1140628814336090951 | 60 | 4.0536 | 38
2281257628672181902 | 61 | 4.0536 | 38
4562515257344363805 | 62 | 4.0536 | 38
9125030514688727611 | 63 | 4.0536 | 38
-196683044332096393 | 64 | 4.0536 | 38
-393366088664192785 | 65 | 4.0536 | 38
-786732177328385570 | 66 | 4.0536 | 38
-1573464354656771140 | 67 | 4.0536 | 38
-3146928709313542280 | 68 | 4.0536 | 38
-6293857418627084559 | 69 | 4.0536 | 38
5859029236455382498 | 70 | 4.0536 | 38
-6728685600798786620 | 71 | 4.0536 | 38
4989372872111978376 | 72 | 4.0536 | 38
-8467998329485594864 | 73 | 4.0536 | 38
1510747414738361888 | 74 | 4.0536 | 38
3021494829476723777 | 75 | 4.0536 | 38
6042989658953447554 | 76 | 4.0536 | 38
-6360764755802656508 | 77 | 4.6613e-310 | 3
-6360764755802656507 | 77 | 4.0536 | 35
5725214562104238602 | 78 | 3.58578 | 31
-6996314949501074411 | 79 | 3.58578 | 31
4454114174707402795 | 80 | 3.58578 | 31
8908228349414805591 | 81 | 3.58578 | 31
-630287374879940434 | 82 | 3.58578 | 31
-1260574749759880867 | 83 | 3.58578 | 31
-2521149499519761733 | 84 | 3.58578 | 31
-5042298999039523465 | 85 | 3.58578 | 31
8362146075630504687 | 86 | 3.58578 | 31
-1722451922448542242 | 87 | 3.58578 | 31
-3444903844897084484 | 88 | 3.58578 | 31
-6889807689794168968 | 89 | 3.58578 | 31
4667128694121213681 | 90 | 3.58578 | 31
-9112486685467124254 | 91 | 3.58578 | 31
221770702775303108 | 92 | 3.58578 | 31
443541405550606217 | 93 | 3.58578 | 31
887082811101212435 | 94 | 3.58578 | 31
1774165622202424870 | 95 | 3.58578 | 31
3548331244404849740 | 96 | 2.95042 | 27
7096662488809699481 | 97 | 2.95042 | 27
-4253419096090152654 | 98 | 2.95042 | 27
-8506838192180305307 | 99 | 2.95042 | 27
1433067689348941003 | 100 | 2.95042 | 27
2866135378697882007 | 101 | 2.95042 | 27
5732270757395764014 | 102 | 2.95042 | 27
-6982202558918023588 | 103 | 2.95042 | 27
4482338955873504441 | 104 | 2.95042 | 27
8964677911747008882 | 105 | 2.95042 | 27
-517388250215533851 | 106 | 2.95042 | 27
-1034776500431067701 | 107 | 2.95042 | 27
-2069553000862135401 | 108 | 2.95042 | 27
-4139106001724270802 | 109 | 2.95042 | 27
-8278212003448541604 | 110 | 2.95042 | 27
1890320066812468408 | 111 | 0.969125 | 8
1890320066812468409 | 111 | 2.50754 | 19
3780640133624936819 | 112 | 2.50754 | 19
7561280267249873639 | 113 | 2.50754 | 19
-3324183539209804338 | 114 | 2.50754 | 19
-6648367078419608676 | 115 | 5.56219 | 4
-6648367078419608675 | 115 | 1.89032 | 15
5150009916870334266 | 116 | 1.89032 | 15
-8146724239968883083 | 117 | 1.89032 | 15
2153295593771785451 | 118 | 1.89032 | 15
4306591187543570902 | 119 | 2.81709 | 9
4306591187543570903 | 119 | 0.720547 | 6
3548331244404849741 | 96 | 4.6613e-310 | 4
5725214562104238603 | 78 | 4.6613e-310 | 4
1062293365 | 30 | 10.26 | 114
2124586730 | 31 | 10.26 | 114
4249173461 | 32 | 10.26 | 114
8498346922 | 33 | 8.62638 | 26
16996693844 | 34 | 8.06606 | 25
33993387688 | 35 | 8.06606 | 25
67986775376 | 36 | 8.06606 | 25
135973550753 | 37 | 8.06606 | 25
271947101507 | 38 | 8.06606 | 25
543894203014 | 39 | 8.06606 | 25
1087788406028 | 40 | 8.06606 | 25
2175576812056 | 41 | 4.6613e-310 | 4
2175576812057 | 41 | 8.06606 | 21
4351153624114 | 42 | 8.06606 | 21
8702307248229 | 43 | 8.06606 | 21
17404614496459 | 44 | 8.06606 | 21
34809228992918 | 45 | 8.06606 | 21
69618457985837 | 46 | 8.06606 | 21
139236915971675 | 47 | 8.06606 | 21
278473831943350 | 48 | 8.06606 | 21
556947663886700 | 49 | 4.6613e-310 | 10
556947663886701 | 49 | 5.00729 | 11
1113895327773403 | 50 | 5.00729 | 11
2227790655546806 | 51 | 5.00729 | 11
4455581311093613 | 52 | 5.00729 | 11
8911162622187226 | 53 | 5.00729 | 11
17822325244374452 | 54 | 5.00729 | 11
35644650488748904 | 55 | 4.6613e-310 | 1
35644650488748905 | 55 | 4.6613e-310 | 10
16996693845 | 34 | 4.6613e-310 | 1
8498346923 | 33 | 9.46227 | 88
16996693846 | 34 | 8.41749 | 69
33993387693 | 35 | 8.41749 | 69
67986775387 | 36 | 8.41749 | 69
135973550774 | 37 | 8.41749 | 69
271947101549 | 38 | 8.41749 | 69
543894203098 | 39 | 7.19553 | 45
1087788406196 | 40 | 7.19553 | 45
2175576812392 | 41 | 7.19553 | 45
4351153624784 | 42 | 7.19553 | 45
8702307249569 | 43 | 7.19553 | 45
17404614499139 | 44 | 7.19553 | 45
34809228998278 | 45 | 7.02123 | 24
69618457996556 | 46 | 7.02123 | 24
139236915993112 | 47 | 6.34691 | 21
278473831986225 | 48 | 6.34691 | 21
556947663972450 | 49 | 6.95061e-310 | 7
556947663972451 | 49 | 3.84875 | 14
1113895327944903 | 50 | 3.84875 | 14
2227790655889806 | 51 | 3.84875 | 14
4455581311779612 | 52 | 3.84875 | 14
8911162623559224 | 53 | 0.906009 | 1
8911162623559225 | 53 | 3.66876 | 13
17822325247118451 | 54 | 3.66876 | 13
35644650494236903 | 55 | 3.66876 | 13
71289300988473806 | 56 | 3.66876 | 13
142578601976947613 | 57 | 3.66876 | 13
285157203953895226 | 58 | 6.95061e-310 | 8
285157203953895227 | 58 | 4.6613e-310 | 5
139236915993113 | 47 | 4.6613e-310 | 3
34809228998279 | 45 | 6.78621 | 21
69618457996558 | 46 | 6.78621 | 21
139236915993116 | 47 | 6.78621 | 21
278473831986232 | 48 | 6.78621 | 21
556947663972464 | 49 | 3.56711 | 17
1113895327944929 | 50 | 3.56711 | 17
2227790655889859 | 51 | 3.56711 | 17
4455581311779719 | 52 | 3.56711 | 17
8911162623559438 | 53 | 3.56711 | 17
17822325247118877 | 54 | 3.56711 | 17
35644650494237754 | 55 | 3.56711 | 17
71289300988475508 | 56 | 3.56711 | 17
142578601976951016 | 57 | 3.56711 | 17
285157203953902032 | 58 | 3.56711 | 17
570314407907804064 | 59 | 3.56711 | 17
1140628815815608128 | 60 | 3.56711 | 17
2281257631631216257 | 61 | 3.56711 | 17
4562515263262432514 | 62 | 3.56711 | 17
9125030526524865029 | 63 | 3.56711 | 17
-196683020659821558 | 64 | 3.56711 | 17
-393366041319643115 | 65 | 3.56711 | 17
-786732082639286229 | 66 | 3.56711 | 17
-1573464165278572457 | 67 | 3.56711 | 17
-3146928330557144913 | 68 | 3.56711 | 17
-6293856661114289826 | 69 | 3.56711 | 17
5859030751480971964 | 70 | 3.56711 | 17
-6728682570747607688 | 71 | 3.56711 | 17
4989378932214336241 | 72 | 3.56711 | 17
-8467986209280879134 | 73 | 3.56711 | 17
1510771655147793349 | 74 | 3.56711 | 17
3021543310295586699 | 75 | 3.56711 | 17
6043086620591173398 | 76 | 1.07672 | 6
6043086620591173399 | 76 | 1.61848 | 11
-6360570832527204817 | 77 | 1.61848 | 11
5725602408655141983 | 78 | 1.61848 | 11
-6995539256399267649 | 79 | 1.61848 | 11
4455665560911016318 | 80 | 1.61848 | 11
8911331121822032636 | 81 | 3.21143e-322 | 2
8911331121822032637 | 81 | 4.74142 | 9
556947663972465 | 49 | 4.6613e-310 | 4
543894203099 | 39 | 6.56907 | 24
1087788406199 | 40 | 6.56907 | 24
2175576812399 | 41 | 6.56907 | 24
4351153624798 | 42 | 6.56907 | 24
8702307249597 | 43 | 6.56907 | 24
17404614499195 | 44 | 6.56907 | 24
34809228998390 | 45 | 6.56907 | 24
69618457996780 | 46 | 3.4108 | 15
139236915993560 | 47 | 3.4108 | 15
278473831987120 | 48 | 4.6613e-310 | 7
278473831987121 | 48 | 4.6613e-310 | 8
69618457996781 | 46 | 4.6613e-310 | 9
16996693847 | 34 | 5.39625 | 19
33993387695 | 35 | 5.39625 | 19
67986775390 | 36 | 5.39625 | 19
135973550781 | 37 | 5.39625 | 19
271947101563 | 38 | 5.39625 | 19
543894203126 | 39 | 5.39625 | 19
1087788406252 | 40 | 5.39625 | 19
2175576812505 | 41 | 5.39625 | 19
4351153625011 | 42 | 5.39625 | 19
8702307250023 | 43 | 5.39625 | 19
17404614500047 | 44 | 5.39625 | 19
34809229000095 | 45 | 5.39625 | 19
69618458000190 | 46 | 5.39625 | 19
139236916000381 | 47 | 5.39625 | 19
278473832000763 | 48 | 5.39625 | 19
556947664001527 | 49 | 5.39625 | 19
1113895328003054 | 50 | 5.39625 | 19
2227790656006108 | 51 | 2.04767 | 10
2227790656006109 | 51 | 0.198801 | 9
32419 | 15 | 19.4412 | 93
64838 | 16 | 19.4412 | 93
129676 | 17 | 19.4412 | 93
259352 | 18 | 16.9619 | 92
518704 | 19 | 16.9619 | 92
1037409 | 20 | 16.9619 | 92
2074818 | 21 | 16.9619 | 92
4149636 | 22 | 16.9619 | 92
8299273 | 23 | 16.9619 | 92
16598546 | 24 | 16.9619 | 92
33197092 | 25 | 16.9619 | 92
66394185 | 26 | 16.9619 | 92
132788371 | 27 | 16.9619 | 92
265576742 | 28 | 15.3439 | 54
531153484 | 29 | 11.3771 | 31
1062306968 | 30 | 5.72103 | 15
2124613936 | 31 | 1.58101e-322 | 9
2124613937 | 31 | 1.58101e-322 | 6
1062306969 | 30 | 6.49392 | 16
2124613938 | 31 | 6.49392 | 16
4249227876 | 32 | 6.49392 | 16
8498455753 | 33 | 6.49392 | 16
16996911506 | 34 | 5.96486 | 15
33993823013 | 35 | 5.96486 | 15
67987646027 | 36 | 5.96486 | 15
135975292054 | 37 | 5.96486 | 15
271950584109 | 38 | 5.96486 | 15
543901168218 | 39 | 1.5616 | 8
543901168219 | 39 | 1.63042e-322 | 7
16996911507 | 34 | 4.6613e-310 | 1
531153485 | 29 | 5.79493 | 23
1062306970 | 30 | 5.79493 | 23
2124613940 | 31 | 5.79493 | 18
4249227880 | 32 | 4.27109 | 12
8498455761 | 33 | 4.27109 | 12
16996911523 | 34 | 4.27109 | 12
33993823047 | 35 | 4.27109 | 12
67987646094 | 36 | 4.27109 | 12
135975292188 | 37 | 4.27109 | 12
271950584376 | 38 | 4.27109 | 11
543901168752 | 39 | 10.9068 | 9
543901168753 | 39 | 0 | 2
271950584377 | 38 | 4.6613e-310 | 1
4249227881 | 32 | 4.6613e-310 | 6
2124613941 | 31 | 4.6613e-310 | 5
265576743 | 28 | 15.4285 | 38
531153487 | 29 | 15.4285 | 38
1062306975 | 30 | 15.4285 | 38
2124613951 | 31 | 15.4285 | 38
4249227903 | 32 | 15.4285 | 38
8498455806 | 33 | 15.4285 | 38
16996911612 | 34 | 15.4285 | 38
33993823225 | 35 | 15.4285 | 38
67987646451 | 36 | 15.4285 | 38
135975292903 | 37 | 15.4285 | 38
271950585806 | 38 | 15.4285 | 38
543901171612 | 39 | 15.4285 | 38
1087802343224 | 40 | 15.4285 | 38
2175604686448 | 41 | 15.4285 | 38
4351209372897 | 42 | 15.4285 | 38
8702418745795 | 43 | 15.4285 | 38
17404837491590 | 44 | 1.93947 | 1
17404837491591 | 44 | 14.69 | 37
34809674983182 | 45 | 6.64128 | 1
34809674983183 | 45 | 14.6037 | 36
69619349966366 | 46 | 14.6037 | 36
139238699932733 | 47 | 14.6037 | 36
278477399865466 | 48 | 14.6037 | 36
556954799730933 | 49 | 14.6037 | 36
1113909599461866 | 50 | 14.6037 | 36
2227819198923733 | 51 | 14.6037 | 36
4455638397847466 | 52 | 14.6037 | 36
8911276795694932 | 53 | 14.6037 | 36
17822553591389865 | 54 | 14.6037 | 36
35645107182779730 | 55 | 14.6037 | 36
71290214365559460 | 56 | 14.6037 | 36
142580428731118921 | 57 | 14.6037 | 36
285160857462237843 | 58 | 14.6037 | 36
570321714924475686 | 59 | 5.28777 | 11
1140643429848951372 | 60 | 4.36008 | 5
1140643429848951373 | 60 | 7.05974 | 6
570321714924475687 | 59 | 8.15316 | 25
1140643429848951374 | 60 | 8.15316 | 25
2281286859697902748 | 61 | 8.15316 | 25
4562573719395805496 | 62 | 8.15316 | 25
9125147438791610992 | 63 | 7.1392 | 2
9125147438791610993 | 63 | 6.63149 | 23
-196449196126329630 | 64 | 6.4673 | 12
-392898392252659259 | 65 | 6.4673 | 12
-785796784505318518 | 66 | 6.4673 | 12
-1571593569010637036 | 67 | 6.4673 | 12
-3143187138021274072 | 68 | 6.4673 | 12
-6286374276042548143 | 69 | 6.4673 | 12
5873995521624455330 | 70 | 6.4673 | 12
-6698753030460640956 | 71 | 10.0253 | 6
-6698753030460640955 | 71 | 11.602 | 6
-196449196126329629 | 64 | 6.43176 | 11
-392898392252659258 | 65 | 6.43176 | 11
-785796784505318515 | 66 | 6.43176 | 11
-1571593569010637030 | 67 | 6.43176 | 11
-3143187138021274059 | 68 | 6.43176 | 11
-6286374276042548118 | 69 | 6.43176 | 11
5873995521624455380 | 70 | 6.43176 | 11
-6698753030460640856 | 71 | 6.43176 | 11
5049238012788269905 | 72 | 6.43176 | 11
-8348268048133011806 | 73 | 6.43176 | 11
1750207977443528005 | 74 | 6.43176 | 11
3500415954887056010 | 75 | 6.43176 | 11
7000831909774112020 | 76 | 6.43176 | 11
-4445080254161327576 | 77 | 10.0661 | 2
-4445080254161327575 | 77 | 30.6901 | 9
259353 | 18 | 4.6613e-310 | 1
8105 | 13 | 4.6613e-310 | 1
