ID | Depth | diameter | Number of points
0 | 0 | 29.316 | 1600
0 | 1 | 29.316 | 1600
0 | 2 | 20.9194 | 64
0 | 3 | 20.9194 | 52
0 | 4 | 15.1603 | 27
1 | 5 | 15.1603 | 27
3 | 6 | 15.1603 | 27
6 | 7 | 15.1603 | 27
12 | 8 | 15.1603 | 13
25 | 9 | 15.1603 | 13
50 | 10 | 1.58101e-322 | 8
51 | 10 | 1.63042e-322 | 5
13 | 8 | 3.15358 | 14
26 | 9 | 0.352528 | 1
27 | 9 | 3.15358 | 13
54 | 10 | 2.65846 | 11
108 | 11 | 2.65846 | 11
216 | 12 | 1.63042e-322 | 4
217 | 12 | 1.63042e-322 | 7
55 | 10 | 4.63978e-310 | 2
1 | 4 | 7.90585 | 25
2 | 5 | 7.28379 | 16
4 | 6 | 5.75376 | 14
8 | 7 | 23.8292 | 8
9 | 7 | 22.5123 | 6
5 | 6 | 4.63978e-310 | 2
3 | 5 | 4.63978e-310 | 9
1 | 3 | 12.1631 | 12
2 | 4 | 0 | 10
3 | 4 | 3.01706 | 2
1 | 2 | 29.316 | 1536
2 | 3 | 25.5973 | 647
4 | 4 | 25.5973 | 647
8 | 5 | 23.6823 | 160
16 | 6 | 23.6823 | 160
32 | 7 | 23.6823 | 149
64 | 8 | 22.8088 | 99
128 | 9 | 22.8088 | 99
256 | 10 | 16.8705 | 89
512 | 11 | 6.90513e-310 | 8
513 | 11 | 16.8705 | 81
1026 | 12 | 16.8705 | 81
2052 | 13 | 16.8705 | 81
4104 | 14 | 16.8705 | 81
8209 | 15 | 16.8705 | 81
16418 | 16 | 16.8705 | 81
32836 | 17 | 16.8705 | 81
65672 | 18 | 16.8705 | 81
131344 | 19 | 5.97204 | 14
262688 | 20 | 5.49246 | 13
525376 | 21 | 107.315 | 1
525377 | 21 | 5.49246 | 12
1050754 | 22 | 274.457 | 1
1050755 | 22 | 4.4755 | 11
2101510 | 23 | 219.846 | 2
2101511 | 23 | 121.904 | 9
262689 | 20 | 4.63978e-310 | 1
131345 | 19 | 8.08211 | 67
262690 | 20 | 4.45868 | 26
525380 | 21 | 4.45868 | 26
1050760 | 22 | 4.79244e-322 | 10
1050761 | 22 | 1.9627 | 16
2101522 | 23 | 1.36829 | 2
2101523 | 23 | 1.92135 | 14
4203046 | 24 | 29.6249 | 5
4203047 | 24 | 208.607 | 9
262691 | 20 | 3.92858 | 41
525382 | 21 | 3.55747 | 23
1050764 | 22 | 3.55747 | 23
2101528 | 23 | 1.57583 | 8
2101529 | 23 | 2.71461 | 15
4203058 | 24 | 7.16395e-322 | 4
4203059 | 24 | 1.49623 | 11
8406119 | 25 | 1.49623 | 11
16812238 | 26 | 0.429475 | 8
16812239 | 26 | 5.67714 | 3
525383 | 21 | 3.09526 | 18
1050767 | 22 | 3.09526 | 18
2101534 | 23 | 4.63978e-310 | 10
2101535 | 23 | 4.63978e-310 | 8
257 | 10 | 4.63978e-310 | 10
65 | 8 | 17.4866 | 50
130 | 9 | 4.63978e-310 | 1
131 | 9 | 17.3838 | 49
262 | 10 | 17.3838 | 49
525 | 11 | 17.3838 | 49
1051 | 12 | 17.3838 | 49
2102 | 13 | 17.3838 | 49
4205 | 14 | 17.3838 | 49
8410 | 15 | 17.3838 | 49
16820 | 16 | 17.3057 | 36
33641 | 17 | 17.3057 | 36
67282 | 18 | 17.3057 | 36
134564 | 19 | 295.817 | 8
134565 | 19 | 2.98958 | 28
269130 | 20 | 1.93694 | 23
538260 | 21 | 1.93694 | 23
1076520 | 22 | 4.63978e-310 | 4
1076521 | 22 | 1.81216 | 19
2153042 | 23 | 1.61436 | 13
4306084 | 24 | 1.47327 | 2
4306085 | 24 | 1.1813 | 11
8612170 | 25 | 1.1813 | 11
17224341 | 26 | 1.1813 | 11
34448682 | 27 | 4.00193e-322 | 7
34448683 | 27 | 2.05623 | 4
2153043 | 23 | 4.63978e-310 | 6
269131 | 20 | 4.63978e-310 | 5
16821 | 16 | 1.84616 | 13
33642 | 17 | 4.63978e-310 | 6
33643 | 17 | 4.63978e-310 | 7
33 | 7 | 3.04787 | 11
66 | 8 | 4.63978e-310 | 4
67 | 8 | 4.63978e-310 | 7
9 | 5 | 23.6679 | 487
18 | 6 | 23.6679 | 487
36 | 7 | 20.6331 | 394
72 | 8 | 20.6331 | 394
144 | 9 | 20.1307 | 142
288 | 10 | 6.90513e-310 | 9
289 | 10 | 16.8435 | 133
578 | 11 | 14.5532 | 11
1156 | 12 | 14.5532 | 11
2312 | 13 | 71.7832 | 10
2313 | 13 | 203.165 | 1
579 | 11 | 16.5935 | 122
1158 | 12 | 0 | 6
1159 | 12 | 16.5935 | 116
2318 | 13 | 7.25697 | 41
4636 | 14 | 116.495 | 4
4637 | 14 | 6.34482 | 37
9274 | 15 | 0.149591 | 6
9275 | 15 | 6.34482 | 31
18550 | 16 | 3.99222 | 16
37100 | 17 | 7.16395e-322 | 3
37101 | 17 | 2.86234 | 13
74202 | 18 | 2.86234 | 13
148404 | 19 | 0.0479478 | 8
148405 | 19 | 8.14888 | 5
18551 | 16 | 2.3833 | 15
37103 | 17 | 2.3833 | 15
74206 | 18 | 14.9602 | 7
74207 | 18 | 15.9414 | 8
2319 | 13 | 10.3255 | 75
4639 | 14 | 10.3255 | 75
9279 | 15 | 10.3255 | 75
18558 | 16 | 5.98795 | 54
37117 | 17 | 5.98795 | 54
74234 | 18 | 5.98795 | 54
148468 | 19 | 2.52553 | 12
296936 | 20 | 2.52553 | 12
593872 | 21 | 6.90513e-310 | 5
593873 | 21 | 0 | 7
148469 | 19 | 4.44731 | 42
296938 | 20 | 4.44731 | 42
593876 | 21 | 4.44731 | 42
1187752 | 22 | 3.5903 | 33
2375505 | 23 | 3.5903 | 33
4751010 | 24 | 1.04748 | 9
4751011 | 24 | 3.22983 | 24
9502022 | 25 | 1.74842 | 17
19004044 | 26 | 1.74842 | 17
38008088 | 27 | 2.42092e-322 | 3
38008089 | 27 | 1.74842 | 14
76016178 | 28 | 0.220926 | 5
76016179 | 28 | 0.370878 | 9
9502023 | 25 | 4.63978e-310 | 7
1187753 | 22 | 4.63978e-310 | 9
18559 | 16 | 4.51276 | 21
37118 | 17 | 4.51276 | 21
74236 | 18 | 4.51276 | 13
148472 | 19 | 4.63978e-310 | 10
148473 | 19 | 4.63978e-310 | 3
74237 | 18 | 4.63978e-310 | 8
145 | 9 | 20.3759 | 252
290 | 10 | 20.0574 | 247
580 | 11 | 20.0574 | 247
1161 | 12 | 20.0574 | 247
2322 | 13 | 20.0574 | 247
4644 | 14 | 17.4191 | 110
9288 | 15 | 17.4191 | 110
18576 | 16 | 10.4391 | 15
37152 | 17 | 35.5882 | 3
37153 | 17 | 10.133 | 12
74306 | 18 | 119.363 | 9
74307 | 18 | 0.226367 | 3
18577 | 16 | 8.88523 | 95
37154 | 17 | 1.63042e-322 | 1
37155 | 17 | 8.88523 | 94
74310 | 18 | 8.88523 | 94
148620 | 19 | 8.88523 | 94
297240 | 20 | 6.90513e-310 | 6
297241 | 20 | 8.50839 | 88
594482 | 21 | 8.26478 | 39
1188964 | 22 | 8.26478 | 39
2377928 | 23 | 0.178248 | 4
2377929 | 23 | 7.5713 | 35
4755858 | 24 | 7.5713 | 35
9511716 | 25 | 7.09214 | 31
19023432 | 26 | 2.13112 | 8
19023433 | 26 | 5.79077 | 23
38046866 | 27 | 5.66529 | 12
76093732 | 28 | 13.1634 | 9
76093733 | 28 | 1.243 | 3
38046867 | 27 | 4.46652 | 11
76093734 | 28 | 0.0594903 | 4
76093735 | 28 | 0 | 7
9511717 | 25 | 4.63978e-310 | 4
594483 | 21 | 8.0978 | 49
1188966 | 22 | 8.0978 | 49
2377932 | 23 | 8.0978 | 49
4755864 | 24 | 8.0978 | 49
9511728 | 25 | 8.0978 | 49
19023456 | 26 | 0.690813 | 10
19023457 | 26 | 7.8538 | 39
38046915 | 27 | 7.8538 | 39
76093830 | 28 | 7.8538 | 39
152187660 | 29 | 5.60396 | 34
304375321 | 30 | 5.60396 | 34
608750642 | 31 | 2.96877 | 11
1217501284 | 32 | 0.206715 | 10
1217501285 | 32 | 6.1812 | 1
608750643 | 31 | 2.90801 | 23
1217501286 | 32 | 0.352279 | 3
1217501287 | 32 | 2.70921 | 20
2435002574 | 33 | 0.164523 | 4
2435002575 | 33 | 2.44133 | 16
4870005150 | 34 | 1.28238 | 2
4870005151 | 34 | 1.62754 | 14
9740010303 | 35 | 1.62754 | 14
19480020606 | 36 | 1.21583 | 4
19480020607 | 36 | 1.9327 | 10
152187661 | 29 | 4.63978e-310 | 5
4645 | 14 | 17.8947 | 137
9290 | 15 | 17.2602 | 35
18580 | 16 | 16.0062 | 30
37160 | 17 | 16.0062 | 20
74321 | 18 | 16.0062 | 20
148642 | 19 | 15.2218 | 16
297284 | 20 | 15.2218 | 16
594568 | 21 | 15.2218 | 16
1189136 | 22 | 46.21 | 7
1189137 | 22 | 4.18743 | 9
148643 | 19 | 4.63978e-310 | 4
37161 | 17 | 4.63978e-310 | 10
18581 | 16 | 4.63978e-310 | 5
9291 | 15 | 17.8947 | 102
18582 | 16 | 17.8947 | 102
37164 | 17 | 2.85076e-321 | 6
37165 | 17 | 15.6879 | 96
74331 | 18 | 15.6879 | 96
148662 | 19 | 8.49979 | 38
297324 | 20 | 8.49979 | 38
594648 | 21 | 8.49979 | 38
1189296 | 22 | 7.02597 | 29
2378592 | 23 | 6.58604 | 26
4757184 | 24 | 6.58604 | 26
9514368 | 25 | 5.67626 | 23
19028736 | 26 | 10.3089 | 6
19028737 | 26 | 3.87903 | 17
38057474 | 27 | 0.27749 | 1
38057475 | 27 | 3.87903 | 16
76114950 | 28 | 3.87903 | 16
152229900 | 29 | 3.87903 | 16
304459800 | 30 | 3.87903 | 16
608919600 | 31 | 3.87903 | 16
1217839200 | 32 | 0.818437 | 3
1217839201 | 32 | 2.26133 | 13
2435678402 | 33 | 189.702 | 10
2435678403 | 33 | 43.7248 | 3
9514369 | 25 | 4.63978e-310 | 3
2378593 | 23 | 4.63978e-310 | 3
1189297 | 22 | 4.63978e-310 | 9
148663 | 19 | 8.54963 | 58
297326 | 20 | 4.63978e-310 | 1
297327 | 20 | 8.3157 | 57
594654 | 21 | 7.92113 | 29
1189308 | 22 | 7.92113 | 29
2378617 | 23 | 7.92113 | 29
4757234 | 24 | 7.92113 | 29
9514468 | 25 | 50.9966 | 9
9514469 | 25 | 3.90165 | 20
19028939 | 26 | 3.90165 | 20
38057878 | 27 | 2.84655 | 5
38057879 | 27 | 3.76459 | 15
76115758 | 28 | 17.6864 | 6
76115759 | 28 | 1.67273 | 9
594655 | 21 | 6.68725 | 28
1189310 | 22 | 2.89965 | 16
2378621 | 23 | 2.89965 | 16
4757243 | 24 | 2.89965 | 16
9514486 | 25 | 55.3461 | 3
9514487 | 25 | 2.57553 | 13
19028975 | 26 | 2.57553 | 13
38057950 | 27 | 0 | 4
38057951 | 27 | 3.68911 | 9
1189311 | 22 | 3.52747 | 12
2378622 | 23 | 4.63978e-310 | 1
2378623 | 23 | 3.3156 | 11
4757246 | 24 | 3.17685 | 8
4757247 | 24 | 4.63978e-310 | 3
291 | 10 | 4.63978e-310 | 5
37 | 7 | 9.78397 | 93
74 | 8 | 4.4556 | 27
148 | 9 | 4.4556 | 27
297 | 10 | 4.4556 | 27
594 | 11 | 4.4556 | 27
1188 | 12 | 3.9252 | 20
2377 | 13 | 3.9252 | 20
4754 | 14 | 4.79244e-322 | 4
4755 | 14 | 3.07643 | 16
9510 | 15 | 2.43926 | 12
19020 | 16 | 2.43926 | 12
38040 | 17 | 8.28058 | 1
38041 | 17 | 2.28637 | 11
76082 | 18 | 6.90513e-310 | 9
76083 | 18 | 6.90513e-310 | 2
9511 | 15 | 4.63978e-310 | 4
1189 | 12 | 4.63978e-310 | 7
75 | 8 | 6.81892 | 66
150 | 9 | 6.41732 | 64
300 | 10 | 2.25114 | 24
600 | 11 | 3.21143e-322 | 8
601 | 11 | 2.19781 | 16
1203 | 12 | 2.19781 | 16
2406 | 13 | 2.19781 | 16
4813 | 14 | 2.19781 | 16
9626 | 15 | 1.10326 | 5
9627 | 15 | 1.73541 | 11
19254 | 16 | 1.73541 | 11
38508 | 17 | 0.543276 | 6
38509 | 17 | 7.14533 | 5
301 | 10 | 4.75019 | 40
602 | 11 | 4.63978e-310 | 8
603 | 11 | 4.0789 | 32
1206 | 12 | 4.63978e-310 | 5
1207 | 12 | 3.84667 | 27
2414 | 13 | 3.84667 | 27
4828 | 14 | 3.81686 | 23
9656 | 15 | 11.0842 | 10
9657 | 15 | 2.5053 | 13
19315 | 16 | 2.5053 | 13
38630 | 17 | 2.5053 | 13
77260 | 18 | 0.753488 | 6
77261 | 18 | 5.96749 | 7
4829 | 14 | 4.63978e-310 | 4
151 | 9 | 4.63978e-310 | 2
3 | 3 | 28.6867 | 889
6 | 4 | 27.4342 | 454
13 | 5 | 27.4342 | 454
27 | 6 | 27.4342 | 454
54 | 7 | 27.4342 | 454
108 | 8 | 22.4671 | 368
216 | 9 | 19.2051 | 55
432 | 10 | 19.2051 | 47
864 | 11 | 12.3968 | 36
1729 | 12 | 12.3968 | 36
3458 | 13 | 12.3968 | 36
6917 | 14 | 12.3968 | 36
13835 | 15 | 12.3968 | 36
27670 | 16 | 12.3968 | 36
55340 | 17 | 12.3968 | 36
110681 | 18 | 12.3968 | 36
221362 | 19 | 6.98657 | 11
442725 | 20 | 6.98657 | 11
885451 | 21 | 6.98657 | 11
1770902 | 22 | 12.6779 | 2
1770903 | 22 | 7.20644 | 9
221363 | 19 | 5.8405 | 25
442726 | 20 | 4.20148 | 15
885452 | 21 | 4.20148 | 15
1770904 | 22 | 3.25706 | 13
3541809 | 23 | 3.25706 | 13
7083618 | 24 | 3.25706 | 13
14167236 | 25 | 2.42092e-322 | 2
14167237 | 25 | 2.61765 | 11
28334475 | 26 | 2.61765 | 11
56668950 | 27 | 2.61765 | 11
113337900 | 28 | 50.409 | 5
113337901 | 28 | 1.54885 | 6
1770905 | 22 | 4.63978e-310 | 2
442727 | 20 | 4.63978e-310 | 10
865 | 11 | 15.0975 | 11
1731 | 12 | 15.0975 | 11
3462 | 13 | 4.63978e-310 | 7
3463 | 13 | 4.63978e-310 | 4
433 | 10 | 4.63978e-310 | 8
217 | 9 | 22.4671 | 313
434 | 10 | 22.4671 | 313
868 | 11 | 19.7086 | 231
1736 | 12 | 19.7086 | 231
3472 | 13 | 7.99704 | 15
6944 | 14 | 2.21835e-321 | 7
6945 | 14 | 6.90513e-310 | 8
3473 | 13 | 12.4863 | 216
6946 | 14 | 11.3841 | 209
13892 | 15 | 10.9639 | 75
27784 | 16 | 4.67797 | 15
55568 | 17 | 53.2543 | 6
55569 | 17 | 6.90513e-310 | 9
27785 | 16 | 8.13641 | 60
55570 | 17 | 7.79032 | 58
111140 | 18 | 7.79032 | 58
222280 | 19 | 7.79032 | 58
444560 | 20 | 10.9253 | 3
444561 | 20 | 6.98018 | 55
889122 | 21 | 6.98018 | 52
1778244 | 22 | 6.5984 | 49
3556488 | 23 | 4.85435 | 26
7112977 | 24 | 4.85435 | 26
14225954 | 25 | 0.501029 | 4
14225955 | 25 | 3.63374 | 22
28451910 | 26 | 3.63374 | 22
56903821 | 27 | 3.63374 | 22
113807642 | 28 | 3.19673 | 18
227615284 | 29 | 1.67729 | 6
227615285 | 29 | 2.63077 | 12
455230570 | 30 | 4.49922 | 2
455230571 | 30 | 1.10327 | 10
113807643 | 28 | 4.63978e-310 | 4
3556489 | 23 | 3.37418 | 23
7112978 | 24 | 2.2287 | 19
14225956 | 25 | 4.63978e-310 | 6
14225957 | 25 | 2.0116 | 13
28451914 | 26 | 0.399244 | 6
28451915 | 26 | 2.62287 | 7
7112979 | 24 | 4.63978e-310 | 4
1778245 | 22 | 4.63978e-310 | 3
889123 | 21 | 4.63978e-310 | 3
55571 | 17 | 4.63978e-310 | 2
13893 | 15 | 11.0515 | 134
27786 | 16 | 11.0515 | 134
55573 | 17 | 11.0515 | 134
111146 | 18 | 11.0515 | 134
222292 | 19 | 11.0515 | 134
444584 | 20 | 10.8391 | 128
889168 | 21 | 10.8391 | 128
1778336 | 22 | 8.44332 | 81
3556672 | 23 | 7.5809 | 61
7113344 | 24 | 7.5809 | 61
14226688 | 25 | 0.69584 | 4
14226689 | 25 | 5.80699 | 57
28453379 | 26 | 5.80699 | 57
56906758 | 27 | 17.6898 | 7
56906759 | 27 | 5.64105 | 50
113813518 | 28 | 10.6888 | 10
113813519 | 28 | 4.66846 | 40
227627038 | 29 | 4.66846 | 40
455254077 | 30 | 4.66846 | 40
910508154 | 31 | 2.06025e-321 | 1
910508155 | 31 | 4.53485 | 39
1821016310 | 32 | 2.71644 | 21
3642032620 | 33 | 3.46807 | 9
3642032621 | 33 | 2.23833 | 12
7284065242 | 34 | 0.997838 | 10
7284065243 | 34 | 0 | 2
1821016311 | 32 | 4.53485 | 18
3642032622 | 33 | 1.71033 | 4
3642032623 | 33 | 3.51013 | 14
7284065246 | 34 | 3.51013 | 14
14568130492 | 35 | 3.51013 | 14
29136260984 | 36 | 0.294434 | 4
29136260985 | 36 | 5.19456 | 10
3556673 | 23 | 3.8206 | 20
7113346 | 24 | 2.45595 | 17
14226692 | 25 | 4.63978e-310 | 1
14226693 | 25 | 2.32863 | 16
28453386 | 26 | 2.32863 | 16
56906772 | 27 | 4.63978e-310 | 3
56906773 | 27 | 1.4834 | 13
113813546 | 28 | 8.4367 | 5
113813547 | 28 | 0.245393 | 8
7113347 | 24 | 4.63978e-310 | 3
1778337 | 22 | 3.93683 | 47
3556674 | 23 | 3.93683 | 43
7113348 | 24 | 2.74084 | 11
14226696 | 25 | 2.74084 | 11
28453392 | 26 | 4.63978e-310 | 7
28453393 | 26 | 7.95446e-322 | 4
7113349 | 24 | 3.36859 | 32
14226698 | 25 | 2.62241 | 11
28453396 | 26 | 0.34971 | 9
28453397 | 26 | 0.17369 | 2
14226699 | 25 | 3.33545 | 21
28453398 | 26 | 3.22188 | 12
56906796 | 27 | 3.71719 | 1
56906797 | 27 | 2.95906 | 11
113813594 | 28 | 1.63042e-322 | 3
113813595 | 28 | 4.63978e-310 | 8
28453399 | 26 | 4.63978e-310 | 9
3556675 | 23 | 4.63978e-310 | 4
444585 | 20 | 4.63978e-310 | 6
6947 | 14 | 4.63978e-310 | 7
869 | 11 | 18.4676 | 82
1739 | 12 | 18.4676 | 82
3478 | 13 | 18.4676 | 82
6956 | 14 | 1.63042e-322 | 9
6957 | 14 | 16.433 | 73
13915 | 15 | 16.433 | 73
27830 | 16 | 16.433 | 73
55660 | 17 | 16.433 | 38
111321 | 18 | 16.433 | 38
222642 | 19 | 16.433 | 38
445284 | 20 | 16.433 | 38
890569 | 21 | 16.433 | 38
1781138 | 22 | 6.90513e-310 | 7
1781139 | 22 | 3.76058 | 31
3562279 | 23 | 3.76058 | 31
7124558 | 24 | 1.58101e-322 | 1
7124559 | 24 | 3.57799 | 30
14249118 | 25 | 3.26287 | 18
28498236 | 26 | 3.26287 | 18
56996473 | 27 | 3.26287 | 18
113992946 | 28 | 3.26287 | 18
227985892 | 29 | 3.26287 | 18
455971784 | 30 | 17.1041 | 5
455971785 | 30 | 2.72595 | 13
911943570 | 31 | 2.72595 | 13
1823887140 | 32 | 2.72595 | 13
3647774280 | 33 | 1.48351 | 12
7295548560 | 34 | 1.08258 | 8
7295548561 | 34 | 5.84079 | 4
3647774281 | 33 | 4.63978e-310 | 1
14249119 | 25 | 2.94919 | 12
28498239 | 26 | 2.94919 | 12
56996478 | 27 | 4.63978e-310 | 8
56996479 | 27 | 4.63978e-310 | 4
55661 | 17 | 14.0866 | 35
111323 | 18 | 14.0866 | 35
222646 | 19 | 11.6664 | 16
445293 | 20 | 11.6664 | 16
890586 | 21 | 11.6664 | 16
1781172 | 22 | 79.3255 | 10
1781173 | 22 | 99.9965 | 6
222647 | 19 | 3.60717 | 19
445294 | 20 | 3.60717 | 14
890588 | 21 | 2.374 | 12
1781176 | 22 | 6.30667 | 4
1781177 | 22 | 1.58101e-322 | 8
890589 | 21 | 4.63978e-310 | 2
445295 | 20 | 4.63978e-310 | 5
109 | 8 | 14.7055 | 86
218 | 9 | 14.7055 | 86
436 | 10 | 5.28013 | 15
872 | 11 | 1.63042e-322 | 2
873 | 11 | 3.26311 | 13
1747 | 12 | 3.26311 | 13
3494 | 13 | 12.3596 | 4
3495 | 13 | 1.58101e-322 | 9
437 | 10 | 9.70288 | 71
874 | 11 | 9.70288 | 71
1748 | 12 | 9.70288 | 71
3496 | 13 | 7.06211 | 44
6993 | 14 | 7.06211 | 44
13987 | 15 | 7.06211 | 44
27974 | 16 | 5.81026 | 31
55948 | 17 | 5.81026 | 31
111896 | 18 | 5.81026 | 31
223792 | 19 | 5.3032 | 29
447584 | 20 | 5.3032 | 29
895168 | 21 | 5.3032 | 28
1790336 | 22 | 21.0407 | 10
1790337 | 22 | 3.09845 | 18
3580674 | 23 | 3.02877 | 15
7161348 | 24 | 1.09709 | 6
7161349 | 24 | 0.416934 | 9
3580675 | 23 | 1.79237 | 3
895169 | 21 | 4.63978e-310 | 1
223793 | 19 | 4.63978e-310 | 2
27975 | 16 | 1.96923 | 13
55951 | 17 | 1.96923 | 13
111902 | 18 | 4.63978e-310 | 2
111903 | 18 | 1.7835 | 11
223806 | 19 | 13.1694 | 7
223807 | 19 | 13.4437 | 4
3497 | 13 | 2.81129 | 27
6994 | 14 | 2.72092 | 16
13988 | 15 | 4.63978e-310 | 5
13989 | 15 | 2.12449 | 11
27978 | 16 | 2.12449 | 11
55956 | 17 | 2.12449 | 11
111913 | 18 | 2.12449 | 11
223826 | 19 | 0 | 6
223827 | 19 | 6.90513e-310 | 5
6995 | 14 | 2.48825 | 11
13990 | 15 | 4.63978e-310 | 2
13991 | 15 | 4.63978e-310 | 9
7 | 4 | 20.9697 | 435
14 | 5 | 8.37639 | 12
28 | 6 | 4.63978e-310 | 9
29 | 6 | 6.90513e-310 | 3
15 | 5 | 19.7138 | 423
31 | 6 | 19.7138 | 423
63 | 7 | 19.7138 | 423
126 | 8 | 16.4498 | 365
252 | 9 | 15.1323 | 77
504 | 10 | 13.9567 | 38
1008 | 11 | 7.4748 | 35
2017 | 12 | 7.4748 | 35
4035 | 13 | 7.4748 | 35
8070 | 14 | 7.95446e-322 | 2
8071 | 14 | 6.88025 | 33
16143 | 15 | 6.88025 | 33
32286 | 16 | 6.88025 | 33
64572 | 17 | 4.38803 | 28
129145 | 18 | 4.38803 | 28
258290 | 19 | 4.38803 | 28
516580 | 20 | 2.07096 | 18
1033160 | 21 | 2.07096 | 18
2066321 | 22 | 2.07096 | 18
4132642 | 23 | 2.87997 | 4
4132643 | 23 | 1.8099 | 14
8265286 | 24 | 7.36797 | 7
8265287 | 24 | 7.44598 | 7
516581 | 20 | 4.63978e-310 | 10
64573 | 17 | 4.63978e-310 | 5
1009 | 11 | 4.63978e-310 | 3
505 | 10 | 14.0318 | 39
1011 | 11 | 14.0318 | 39
2023 | 12 | 14.0318 | 39
4046 | 13 | 14.0318 | 39
8092 | 14 | 5.68924 | 21
16184 | 15 | 5.68924 | 21
32368 | 16 | 5.68924 | 21
64736 | 17 | 0.33629 | 6
64737 | 17 | 4.05161 | 15
129474 | 18 | 4.05161 | 15
258948 | 19 | 6.90513e-310 | 10
258949 | 19 | 2.77958 | 5
8093 | 14 | 8.30415 | 18
16186 | 15 | 8.30415 | 15
32373 | 16 | 8.30415 | 15
64746 | 17 | 2.37152e-322 | 7
64747 | 17 | 2.37152e-322 | 8
16187 | 15 | 4.63978e-310 | 3
253 | 9 | 15.8461 | 288
506 | 10 | 8.65009 | 151
1012 | 11 | 3.22306 | 15
2024 | 12 | 3.84176 | 5
2025 | 12 | 7.97544 | 10
1013 | 11 | 7.09911 | 136
2026 | 12 | 7.03891 | 134
4052 | 13 | 7.03891 | 134
8104 | 14 | 4.20032 | 25
16208 | 15 | 4.63978e-310 | 2
16209 | 15 | 2.65164 | 23
32418 | 16 | 2.65164 | 23
64836 | 17 | 1.58101e-322 | 8
64837 | 17 | 2.39864 | 15
129674 | 18 | 0.912589 | 8
129675 | 18 | 6.10965 | 7
8105 | 14 | 6.20668 | 109
16210 | 15 | 6.13316 | 90
32421 | 16 | 6.13316 | 90
64842 | 17 | 4.64675 | 69
129684 | 18 | 3.96337 | 26
259368 | 19 | 3.96337 | 26
518736 | 20 | 3.68155 | 21
1037472 | 21 | 62.289 | 10
1037473 | 21 | 3.37812 | 11
2074947 | 22 | 3.37812 | 11
4149894 | 23 | 12.6178 | 5
4149895 | 23 | 3.24679 | 6
518737 | 20 | 4.63978e-310 | 5
129685 | 18 | 4.13411 | 43
259370 | 19 | 4.13411 | 23
518740 | 20 | 52.6911 | 7
518741 | 20 | 3.45318 | 16
1037482 | 21 | 1.3269 | 3
1037483 | 21 | 3.42037 | 13
2074967 | 22 | 3.42037 | 13
4149934 | 23 | 9.48606e-322 | 6
4149935 | 23 | 4.49646 | 7
259371 | 19 | 1.84253 | 20
518742 | 20 | 4.63978e-310 | 6
518743 | 20 | 1.4176 | 14
1037486 | 21 | 1.63042e-322 | 4
1037487 | 21 | 0.130794 | 10
64843 | 17 | 3.07795 | 21
129686 | 18 | 4.63978e-310 | 4
129687 | 18 | 1.97709 | 17
259374 | 19 | 1.97709 | 17
518748 | 20 | 1.97709 | 17
1037496 | 21 | 0.131948 | 2
1037497 | 21 | 1.68552 | 15
2074995 | 22 | 1.68552 | 15
4149990 | 23 | 1.2722 | 7
4149991 | 23 | 0.72683 | 8
16211 | 15 | 5.54324 | 19
32422 | 16 | 4.63978e-310 | 1
32423 | 16 | 3.74679 | 18
64846 | 17 | 4.63978e-310 | 9
64847 | 17 | 4.63978e-310 | 9
2027 | 12 | 4.63978e-310 | 2
507 | 10 | 15.8461 | 137
1014 | 11 | 7.89884 | 60
2028 | 12 | 4.63978e-310 | 4
2029 | 12 | 7.89884 | 56
4058 | 13 | 7.89884 | 56
8116 | 14 | 6.11583 | 36
16232 | 15 | 5.21186 | 33
32465 | 16 | 5.21186 | 33
64930 | 17 | 29.3245 | 8
64931 | 17 | 3.85024 | 25
129862 | 18 | 3.13594 | 12
259724 | 19 | 0.352528 | 5
259725 | 19 | 6.23581 | 7
129863 | 18 | 2.17654 | 13
259727 | 19 | 2.17654 | 13
519454 | 20 | 0 | 10
519455 | 20 | 6.90513e-310 | 3
16233 | 15 | 4.63978e-310 | 3
8117 | 14 | 3.69975 | 20
16234 | 15 | 4.63978e-310 | 8
16235 | 15 | 2.89928 | 12
32470 | 16 | 2.89928 | 12
64940 | 17 | 2.17987 | 5
64941 | 17 | 6.50695 | 7
1015 | 11 | 8.79438 | 77
2030 | 12 | 8.38895 | 42
4061 | 13 | 8.38895 | 42
8122 | 14 | 8.38895 | 42
16244 | 15 | 8.38895 | 42
32488 | 16 | 3.97019 | 26
64976 | 17 | 3.97019 | 26
129953 | 18 | 3.97019 | 26
259906 | 19 | 3.97019 | 26
519812 | 20 | 7.29874 | 9
519813 | 20 | 2.52161 | 17
1039626 | 21 | 1.60973 | 5
1039627 | 21 | 2.01308 | 12
2079254 | 22 | 2.01308 | 12
4158508 | 23 | 4.63978e-310 | 5
4158509 | 23 | 0.715461 | 7
32489 | 16 | 4.48749 | 16
64978 | 17 | 4.63978e-310 | 9
64979 | 17 | 4.63978e-310 | 7
2031 | 12 | 8.21871 | 35
4062 | 13 | 8.21871 | 35
8124 | 14 | 4.03363 | 27
16248 | 15 | 4.03363 | 25
32497 | 16 | 4.03363 | 25
64994 | 17 | 0.742759 | 5
64995 | 17 | 3.32354 | 20
129990 | 18 | 3.32354 | 20
259981 | 19 | 3.32354 | 20
519962 | 20 | 2.30509 | 13
1039924 | 21 | 1.57935 | 10
1039925 | 21 | 0.0885148 | 3
519963 | 20 | 4.63978e-310 | 7
16249 | 15 | 4.63978e-310 | 2
8125 | 14 | 4.63978e-310 | 8
127 | 8 | 5.28861 | 58
255 | 9 | 5.28861 | 58
510 | 10 | 5.28861 | 58
1020 | 11 | 1.63042e-322 | 5
1021 | 11 | 4.97747 | 53
2042 | 12 | 4.46169 | 39
4084 | 13 | 4.46169 | 39
8168 | 14 | 10.4344 | 1
8169 | 14 | 3.9905 | 38
16339 | 15 | 3.9905 | 38
32678 | 16 | 3.9905 | 36
65356 | 17 | 3.00691 | 23
130712 | 18 | 2.0417 | 12
261424 | 19 | 10.3062 | 1
261425 | 19 | 1.77083 | 11
522850 | 20 | 6.90513e-310 | 5
522851 | 20 | 4.79244e-322 | 6
130713 | 18 | 1.95764 | 11
261426 | 19 | 4.79244e-322 | 5
261427 | 19 | 6.90513e-310 | 6
65357 | 17 | 2.3318 | 13
130714 | 18 | 1.58101e-322 | 10
130715 | 18 | 1.63042e-322 | 3
32679 | 16 | 4.63978e-310 | 2
2043 | 12 | 3.86321 | 14
4086 | 13 | 4.63978e-310 | 7
4087 | 13 | 4.63978e-310 | 7
