ID | Depth | diameter | Number of points
0 | 0 | 29.316 | 1600
0 | 1 | 25.861 | 179
1 | 2 | 25.861 | 179
2 | 3 | 9.09405 | 54
4 | 4 | 9.09405 | 54
8 | 5 | 8.27775 | 51
16 | 6 | 8.27775 | 51
32 | 7 | 6.97816 | 20
64 | 8 | 5.82322 | 13
128 | 9 | 5.82322 | 13
256 | 10 | 5.82322 | 13
512 | 11 | 4.63978e-310 | 5
513 | 11 | 4.63978e-310 | 8
65 | 8 | 4.63978e-310 | 7
33 | 7 | 8.27775 | 31
66 | 8 | 8.27775 | 31
132 | 9 | 8.27775 | 31
264 | 10 | 7.26193 | 19
528 | 11 | 4.63978e-310 | 9
529 | 11 | 4.63978e-310 | 10
265 | 10 | 7.746 | 12
530 | 11 | 0 | 5
531 | 11 | 0.204823 | 7
9 | 5 | 0.671458 | 3
3 | 3 | 23.8682 | 125
6 | 4 | 22.515 | 86
12 | 5 | 22.515 | 86
24 | 6 | 6.68903 | 17
48 | 7 | 4.63978e-310 | 4
49 | 7 | 6.68903 | 13
98 | 8 | 6.68903 | 13
196 | 9 | 6.68903 | 13
392 | 10 | 6.68903 | 13
784 | 11 | 4.63978e-310 | 3
785 | 11 | 4.63978e-310 | 10
25 | 6 | 21.2463 | 69
50 | 7 | 21.2463 | 69
100 | 8 | 18.8966 | 50
200 | 9 | 4.63978e-310 | 10
201 | 9 | 17.1103 | 40
402 | 10 | 13.4599 | 19
804 | 11 | 4.63978e-310 | 4
805 | 11 | 8.7974 | 15
1610 | 12 | 21.2298 | 10
1611 | 12 | 0.967782 | 5
403 | 10 | 17.1103 | 21
806 | 11 | 17.1103 | 21
1612 | 12 | 0.260476 | 8
1613 | 12 | 10.4406 | 13
3226 | 13 | 10.4406 | 13
6453 | 14 | 10.4406 | 13
12906 | 15 | 0 | 3
12907 | 15 | 4.63978e-310 | 10
101 | 8 | 20.0673 | 19
202 | 9 | 4.63978e-310 | 9
203 | 9 | 4.63978e-310 | 10
7 | 4 | 23.8682 | 39
15 | 5 | 23.8682 | 39
30 | 6 | 18.4578 | 37
61 | 7 | 18.4578 | 37
122 | 8 | 18.4578 | 37
244 | 9 | 18.4578 | 37
488 | 10 | 50.9519 | 7
489 | 10 | 18.4578 | 30
978 | 11 | 18.4578 | 30
1956 | 12 | 1.04802 | 5
1957 | 12 | 9.23811 | 25
3914 | 13 | 9.23811 | 25
7828 | 14 | 8.14784 | 21
15656 | 15 | 8.14784 | 21
31312 | 16 | 15.8574 | 7
31313 | 16 | 6.12822 | 14
62626 | 17 | 0 | 10
62627 | 17 | 1.04802 | 4
7829 | 14 | 4.63978e-310 | 4
31 | 6 | 4.63978e-310 | 2
1 | 1 | 28.2066 | 1421
3 | 2 | 28.2066 | 1421
6 | 3 | 25.6717 | 1373
12 | 4 | 22.9277 | 874
24 | 5 | 22.9277 | 874
48 | 6 | 19.6135 | 517
96 | 7 | 19.6135 | 483
192 | 8 | 19.6135 | 483
384 | 9 | 13.1421 | 232
768 | 10 | 13.1421 | 211
1536 | 11 | 8.28531 | 36
3072 | 12 | 2.78654 | 12
6144 | 13 | 43.0579 | 4
6145 | 13 | 22.6341 | 8
3073 | 12 | 8.28531 | 24
6147 | 13 | 8.28531 | 24
12294 | 14 | 8.28531 | 24
24589 | 15 | 8.28531 | 24
49178 | 16 | 2.6216 | 8
49179 | 16 | 6.31109 | 16
98359 | 17 | 6.31109 | 16
196718 | 18 | 5.82007 | 11
393436 | 19 | 1.92612 | 9
393437 | 19 | 0.740173 | 2
196719 | 18 | 4.63978e-310 | 5
1537 | 11 | 10.6614 | 175
3075 | 12 | 10.6614 | 175
6150 | 13 | 9.9162 | 105
12300 | 14 | 6.09497 | 42
24600 | 15 | 6.09497 | 42
49200 | 16 | 6.09497 | 42
98401 | 17 | 6.09497 | 42
196803 | 18 | 6.09497 | 42
393606 | 19 | 6.09497 | 42
787213 | 20 | 6.09497 | 42
1574426 | 21 | 6.09497 | 42
3148852 | 22 | 3.80227 | 16
6297704 | 23 | 2.35247 | 11
12595408 | 24 | 2.35247 | 11
25190816 | 25 | 12.401 | 4
25190817 | 25 | 6.90513e-310 | 7
6297705 | 23 | 4.63978e-310 | 5
3148853 | 22 | 3.48709 | 26
6297706 | 23 | 0.240392 | 9
6297707 | 23 | 2.8335 | 17
12595414 | 24 | 2.8335 | 17
25190828 | 25 | 2.8335 | 17
50381656 | 26 | 2.3568 | 14
100763312 | 27 | 2.3568 | 14
201526624 | 28 | 7.21159 | 5
201526625 | 28 | 1.15068 | 9
50381657 | 26 | 4.63978e-310 | 3
12301 | 14 | 7.37968 | 63
24602 | 15 | 7.37968 | 63
49204 | 16 | 7.37968 | 63
98408 | 17 | 6.30629 | 47
196817 | 18 | 6.30629 | 47
393634 | 19 | 6.90513e-310 | 6
393635 | 19 | 5.12274 | 41
787270 | 20 | 4.57891 | 19
1574541 | 21 | 4.57891 | 19
3149082 | 22 | 2.00331 | 11
6298164 | 23 | 1.85616 | 9
6298165 | 23 | 5.18235 | 2
3149083 | 22 | 4.63978e-310 | 8
787271 | 20 | 4.65798 | 22
1574542 | 21 | 4.65798 | 22
3149084 | 22 | 15.8748 | 6
3149085 | 22 | 3.05624 | 16
6298170 | 23 | 3.05624 | 16
12596341 | 24 | 3.05624 | 16
25192682 | 25 | 0.0221361 | 10
25192683 | 25 | 0.013766 | 6
98409 | 17 | 5.28581 | 16
196818 | 18 | 4.72905 | 11
393636 | 19 | 4.63978e-310 | 3
393637 | 19 | 4.63978e-310 | 8
196819 | 18 | 4.63978e-310 | 5
6151 | 13 | 8.09625 | 70
12302 | 14 | 3.5526 | 38
24604 | 15 | 2.89408 | 35
49208 | 16 | 7.95446e-322 | 3
49209 | 16 | 2.89408 | 32
98418 | 17 | 2.51669 | 23
196836 | 18 | 1.54589 | 9
196837 | 18 | 1.84158 | 14
393674 | 19 | 2.62484 | 8
393675 | 19 | 4.97391 | 6
98419 | 17 | 4.63978e-310 | 9
24605 | 15 | 4.63978e-310 | 3
12303 | 14 | 3.89126 | 32
24606 | 15 | 6.90513e-310 | 10
24607 | 15 | 3.19839 | 22
49214 | 16 | 9.69716 | 8
49215 | 16 | 3.19839 | 14
98430 | 17 | 2.07152 | 11
196860 | 18 | 2.07152 | 11
393720 | 19 | 2.08362 | 2
393721 | 19 | 6.87812 | 9
98431 | 17 | 4.63978e-310 | 3
769 | 10 | 7.63024 | 21
1538 | 11 | 3.41654 | 12
3076 | 12 | 3.41654 | 12
6152 | 13 | 3.41654 | 12
12304 | 14 | 13.8011 | 9
12305 | 14 | 9.84199 | 3
1539 | 11 | 4.63978e-310 | 9
385 | 9 | 15.3298 | 251
770 | 10 | 11.6742 | 62
1540 | 11 | 10.7447 | 57
3081 | 12 | 10.7447 | 57
6162 | 13 | 9.68095 | 31
12324 | 14 | 9.68095 | 31
24648 | 15 | 9.68095 | 31
49296 | 16 | 9.68095 | 29
98592 | 17 | 7.09354 | 14
197184 | 18 | 7.09354 | 11
394368 | 19 | 37.6633 | 5
394369 | 19 | 25.9381 | 6
197185 | 18 | 6.10346 | 3
98593 | 17 | 4.77523 | 15
197186 | 18 | 4.05241 | 14
394372 | 19 | 17.2579 | 5
394373 | 19 | 3.92468 | 9
197187 | 18 | 4.63978e-310 | 1
49297 | 16 | 4.63978e-310 | 2
6163 | 13 | 8.36467 | 26
12326 | 14 | 6.78889 | 20
24653 | 15 | 6.78889 | 20
49306 | 16 | 6.78889 | 20
98612 | 17 | 16.7147 | 3
98613 | 17 | 5.77395 | 17
197226 | 18 | 5.77395 | 17
394452 | 19 | 0.609705 | 9
394453 | 19 | 21.2093 | 8
12327 | 14 | 4.63978e-310 | 6
1541 | 11 | 4.63978e-310 | 5
771 | 10 | 13.5182 | 189
1542 | 11 | 4.69554 | 38
3084 | 12 | 3.40222 | 17
6169 | 13 | 3.40222 | 17
12338 | 14 | 3.13242 | 15
24676 | 15 | 3.13242 | 15
49352 | 16 | 9.53285 | 5
49353 | 16 | 2.53395 | 10
12339 | 14 | 4.63978e-310 | 2
3085 | 12 | 2.09746 | 21
6170 | 13 | 4.63978e-310 | 8
6171 | 13 | 1.97074 | 13
12342 | 14 | 33.3385 | 8
12343 | 14 | 2.89424 | 5
1543 | 11 | 13.5182 | 151
3086 | 12 | 10.6827 | 89
6173 | 13 | 10.6827 | 89
12346 | 14 | 9.12897 | 3
12347 | 14 | 10.6827 | 86
24694 | 15 | 8.27136 | 37
49388 | 16 | 8.27136 | 37
98776 | 17 | 7.98032 | 31
197552 | 18 | 60.3162 | 3
197553 | 18 | 3.55992 | 28
395106 | 19 | 2.49396 | 4
395107 | 19 | 2.94683 | 24
790214 | 20 | 7.61081 | 3
790215 | 20 | 2.55087 | 21
1580431 | 21 | 2.55087 | 21
3160863 | 22 | 2.55087 | 21
6321726 | 23 | 2.55087 | 21
12643452 | 24 | 1.75956 | 13
25286904 | 25 | 1.56343 | 12
50573808 | 26 | 8.69556e-322 | 5
50573809 | 26 | 1.4661 | 7
25286905 | 25 | 4.63978e-310 | 1
12643453 | 24 | 4.63978e-310 | 8
98777 | 17 | 4.63978e-310 | 6
24695 | 15 | 4.0146 | 49
49391 | 16 | 4.0146 | 49
98782 | 17 | 4.63978e-310 | 3
98783 | 17 | 3.47404 | 46
197566 | 18 | 6.30465 | 3
197567 | 18 | 3.15137 | 43
395135 | 19 | 3.15137 | 43
790271 | 20 | 3.15137 | 43
1580542 | 21 | 3.45017 | 6
1580543 | 21 | 3.15137 | 37
3161087 | 22 | 3.15137 | 37
6322174 | 23 | 2.56845 | 23
12644348 | 24 | 1.72564 | 12
25288696 | 25 | 1.47202 | 7
25288697 | 25 | 2.7482 | 5
12644349 | 24 | 1.27715 | 11
25288698 | 25 | 0 | 9
25288699 | 25 | 0.0826188 | 2
6322175 | 23 | 1.71074 | 14
12644350 | 24 | 4.63978e-310 | 1
12644351 | 24 | 1.71074 | 13
25288702 | 25 | 1.63964 | 2
25288703 | 25 | 1.71074 | 11
50577406 | 26 | 1.89939 | 10
50577407 | 26 | 0.274124 | 1
3087 | 12 | 4.68032 | 62
6174 | 13 | 4.68032 | 62
12348 | 14 | 3.8396 | 61
24696 | 15 | 3.45865 | 37
49392 | 16 | 3.45865 | 37
98784 | 17 | 2.37152e-322 | 5
98785 | 17 | 2.71146 | 32
197571 | 18 | 2.71146 | 32
395142 | 19 | 2.71146 | 32
790284 | 20 | 2.22674 | 29
1580568 | 21 | 5.11875 | 9
1580569 | 21 | 1.5124 | 20
3161139 | 22 | 1.5124 | 20
6322278 | 23 | 0.331092 | 3
6322279 | 23 | 1.33485 | 17
12644558 | 24 | 0.29526 | 6
12644559 | 24 | 1.28111 | 11
25289119 | 25 | 1.28111 | 11
50578238 | 26 | 0.925651 | 9
50578239 | 26 | 0.253993 | 2
790285 | 20 | 4.63978e-310 | 3
24697 | 15 | 3.55108 | 24
49395 | 16 | 3.55108 | 24
98791 | 17 | 3.55108 | 24
197583 | 18 | 3.55108 | 24
395167 | 19 | 3.55108 | 24
790334 | 20 | 4.63978e-310 | 4
790335 | 20 | 2.85209 | 20
1580670 | 21 | 2.74959 | 12
3161340 | 22 | 4.16738 | 9
3161341 | 22 | 1.63042e-322 | 3
1580671 | 21 | 4.63978e-310 | 8
12349 | 14 | 4.63978e-310 | 1
97 | 7 | 14.4121 | 34
194 | 8 | 4.63978e-310 | 2
195 | 8 | 13.7762 | 32
390 | 9 | 11.9284 | 27
780 | 10 | 11.9284 | 27
1560 | 11 | 11.9284 | 25
3120 | 12 | 4.63978e-310 | 10
3121 | 12 | 5.29299 | 15
6243 | 13 | 5.29299 | 15
12486 | 14 | 122.019 | 9
12487 | 14 | 16.056 | 6
1561 | 11 | 4.63978e-310 | 2
391 | 9 | 4.63978e-310 | 5
49 | 6 | 13.549 | 357
98 | 7 | 12.476 | 220
196 | 8 | 9.10741 | 115
392 | 9 | 9.10741 | 115
784 | 10 | 6.25363 | 31
1568 | 11 | 3.12468 | 16
3137 | 12 | 3.12468 | 16
6274 | 13 | 3.36153 | 2
6275 | 13 | 2.76822 | 14
12550 | 14 | 1.99962 | 11
25101 | 15 | 1.99962 | 11
50202 | 16 | 4.63978e-310 | 10
50203 | 16 | 7.95446e-322 | 1
12551 | 14 | 4.63978e-310 | 3
1569 | 11 | 3.73745 | 15
3138 | 12 | 3.73745 | 15
6276 | 13 | 8.37799 | 7
6277 | 13 | 3.14765 | 8
785 | 10 | 7.50186 | 84
1570 | 11 | 6.36189 | 79
3140 | 12 | 6.36189 | 79
6280 | 13 | 6.36189 | 76
12560 | 14 | 6.90513e-310 | 8
12561 | 14 | 5.56596 | 68
25122 | 15 | 5.56596 | 68
50244 | 16 | 5.56596 | 67
100488 | 17 | 9.30395 | 10
100489 | 17 | 5.56596 | 57
200979 | 18 | 5.56596 | 57
401958 | 19 | 2.99533 | 9
401959 | 19 | 4.8419 | 48
803918 | 20 | 3.70841 | 27
1607836 | 21 | 1.90227 | 19
3215672 | 22 | 1.45271 | 12
6431344 | 23 | 1.39133 | 11
12862688 | 24 | 0.182896 | 3
12862689 | 24 | 4.63978e-310 | 8
6431345 | 23 | 4.63978e-310 | 1
3215673 | 22 | 4.63978e-310 | 7
1607837 | 21 | 4.63978e-310 | 8
803919 | 20 | 4.02434 | 21
1607839 | 21 | 4.02434 | 21
3215678 | 22 | 4.02434 | 21
6431356 | 23 | 2.31176 | 18
12862713 | 24 | 2.31176 | 18
25725426 | 25 | 1.71269 | 12
51450852 | 26 | 0.109232 | 5
51450853 | 26 | 1.73108 | 7
25725427 | 25 | 4.63978e-310 | 6
6431357 | 23 | 4.63978e-310 | 3
50245 | 16 | 4.63978e-310 | 1
6281 | 13 | 4.63978e-310 | 3
1571 | 11 | 4.63978e-310 | 5
197 | 8 | 8.76449 | 105
394 | 9 | 8.76449 | 105
788 | 10 | 2.7566 | 20
1576 | 11 | 2.65348 | 13
3153 | 12 | 2.65348 | 13
6306 | 13 | 1.58101e-322 | 4
6307 | 13 | 1.63042e-322 | 9
1577 | 11 | 4.63978e-310 | 7
789 | 10 | 6.57455 | 85
1578 | 11 | 5.44965 | 67
3157 | 12 | 5.44965 | 67
6314 | 13 | 3.4011 | 31
12628 | 14 | 2.8966 | 19
25256 | 15 | 1.86138 | 15
50512 | 16 | 1.60561 | 12
101024 | 17 | 6.90513e-310 | 8
101025 | 17 | 1.8104 | 4
50513 | 16 | 0.81219 | 3
25257 | 15 | 4.63978e-310 | 4
12629 | 14 | 2.27108 | 12
25258 | 15 | 1.72157 | 4
25259 | 15 | 8.74496e-322 | 8
6315 | 13 | 3.15266 | 36
12630 | 14 | 2.92517 | 29
25260 | 15 | 2.92517 | 29
50521 | 16 | 2.92517 | 29
101042 | 17 | 2.04035 | 15
202085 | 18 | 2.04035 | 15
404170 | 19 | 1.67346 | 2
404171 | 19 | 1.99872 | 13
808342 | 20 | 0.563514 | 7
808343 | 20 | 1.18576e-321 | 6
101043 | 17 | 2.24133 | 14
202086 | 18 | 4.63978e-310 | 10
202087 | 18 | 0.78637 | 4
12631 | 14 | 4.63978e-310 | 7
1579 | 11 | 4.58391 | 18
3158 | 12 | 1.73227 | 11
6316 | 13 | 4.63978e-310 | 1
6317 | 13 | 4.63978e-310 | 10
3159 | 12 | 4.63978e-310 | 7
99 | 7 | 9.81586 | 137
198 | 8 | 5.61181 | 84
396 | 9 | 5.61181 | 84
792 | 10 | 1.63042e-322 | 6
793 | 10 | 5.61181 | 78
1586 | 11 | 4.55696 | 47
3172 | 12 | 3.31463 | 37
6344 | 13 | 2.65163 | 17
12688 | 14 | 0.975058 | 5
12689 | 14 | 1.72459 | 12
25378 | 15 | 1.72459 | 12
50756 | 16 | 1.56352 | 1
50757 | 16 | 1.54051 | 11
101514 | 17 | 0 | 2
101515 | 17 | 4.79244e-322 | 9
6345 | 13 | 2.26034 | 20
12690 | 14 | 4.63978e-310 | 9
12691 | 14 | 1.56754 | 11
25382 | 15 | 8.51623 | 5
25383 | 15 | 9.0826 | 6
3173 | 12 | 4.63978e-310 | 10
1587 | 11 | 3.28161 | 31
3174 | 12 | 1.65216 | 17
6349 | 13 | 1.65216 | 17
12698 | 14 | 3.503 | 10
12699 | 14 | 1.58899 | 7
3175 | 12 | 1.76008 | 14
6351 | 13 | 1.76008 | 14
12702 | 14 | 1.55254 | 13
25404 | 15 | 0.540668 | 3
25405 | 15 | 4.63978e-310 | 10
12703 | 14 | 4.63978e-310 | 1
199 | 8 | 4.30753 | 53
398 | 9 | 4.30753 | 53
796 | 10 | 4.63978e-310 | 9
797 | 10 | 4.30753 | 44
1594 | 11 | 3.19185 | 24
3188 | 12 | 2.04605 | 17
6377 | 13 | 2.04605 | 17
12754 | 14 | 4.63978e-310 | 9
12755 | 14 | 0.82794 | 8
3189 | 12 | 4.63978e-310 | 7
1595 | 11 | 2.5365 | 20
3190 | 12 | 1.55779 | 2
3191 | 12 | 2.5365 | 18
6382 | 13 | 1.80883 | 4
6383 | 13 | 2.01137 | 14
12766 | 14 | 2.29719 | 10
12767 | 14 | 0.459173 | 4
13 | 4 | 20.8292 | 499
26 | 5 | 20.2481 | 331
52 | 6 | 6.30101 | 67
105 | 7 | 6.30101 | 67
210 | 8 | 5.23935 | 57
420 | 9 | 4.56489 | 48
841 | 10 | 4.56489 | 48
1682 | 11 | 4.56489 | 48
3364 | 12 | 4.63978e-310 | 5
3365 | 12 | 4.14557 | 43
6730 | 13 | 4.01725 | 35
13460 | 14 | 2.42283 | 15
26920 | 15 | 1.63042e-322 | 5
26921 | 15 | 1.63042e-322 | 10
13461 | 14 | 2.94549 | 20
26922 | 15 | 2.18695 | 13
53844 | 16 | 1.94009 | 11
107688 | 17 | 3.21143e-322 | 6
107689 | 17 | 3.21143e-322 | 5
53845 | 16 | 4.63978e-310 | 2
26923 | 15 | 1.58101e-322 | 7
6731 | 13 | 4.63978e-310 | 8
421 | 9 | 4.63978e-310 | 9
211 | 8 | 4.63978e-310 | 10
53 | 6 | 16.4498 | 264
107 | 7 | 16.4498 | 264
215 | 8 | 16.4498 | 264
430 | 9 | 4.59034 | 40
860 | 10 | 4.00193e-322 | 4
861 | 10 | 4.56473 | 36
1722 | 11 | 3.7941 | 24
3444 | 12 | 3.21143e-322 | 4
3445 | 12 | 3.58885 | 20
6891 | 13 | 3.58885 | 20
13782 | 14 | 3.58885 | 20
27565 | 15 | 3.58885 | 20
55130 | 16 | 6.17976 | 6
55131 | 16 | 3.58885 | 14
110262 | 17 | 1.94545 | 3
110263 | 17 | 1.88618 | 11
220526 | 18 | 0.715461 | 6
220527 | 18 | 5.37682 | 5
1723 | 11 | 2.35069 | 12
3446 | 12 | 4.63978e-310 | 8
3447 | 12 | 4.63978e-310 | 4
431 | 9 | 13.493 | 224
862 | 10 | 13.1914 | 128
1724 | 11 | 12.4037 | 126
3449 | 12 | 12.4037 | 126
6899 | 13 | 12.4037 | 126
13798 | 14 | 8.57637 | 23
27596 | 15 | 7.1287 | 4
27597 | 15 | 7.33465 | 19
55194 | 16 | 21.6534 | 8
55195 | 16 | 4.21836 | 11
110390 | 17 | 7.90505e-322 | 1
110391 | 17 | 6.90513e-310 | 10
13799 | 14 | 11.7789 | 103
27598 | 15 | 6.52229 | 92
55196 | 16 | 6.52229 | 88
110393 | 17 | 6.52229 | 88
220786 | 18 | 2.23151 | 20
441572 | 19 | 2.83296 | 1
441573 | 19 | 2.23151 | 19
883146 | 20 | 0.0191669 | 10
883147 | 20 | 0 | 9
220787 | 18 | 4.62132 | 68
441574 | 19 | 4.62132 | 64
883148 | 20 | 4.62132 | 64
1766296 | 21 | 1.0386 | 8
1766297 | 21 | 4.01371 | 56
3532595 | 22 | 4.01371 | 56
7065191 | 23 | 4.01371 | 56
14130382 | 24 | 2.37874 | 14
28260764 | 25 | 5.79051 | 2
28260765 | 25 | 1.05189 | 12
56521530 | 26 | 4.79244e-322 | 5
56521531 | 26 | 0.68276 | 7
14130383 | 24 | 3.2452 | 42
28260766 | 25 | 3.2452 | 42
56521532 | 26 | 2.56941 | 21
113043064 | 27 | 1.18699 | 11
226086128 | 28 | 1.18699 | 11
452172256 | 29 | 0.612275 | 7
452172257 | 29 | 3.87362 | 4
113043065 | 27 | 4.63978e-310 | 10
56521533 | 26 | 1.6875 | 21
113043066 | 27 | 1.473 | 19
226086133 | 28 | 1.473 | 19
452172266 | 29 | 1.2578 | 1
452172267 | 29 | 1.4501 | 18
904344534 | 30 | 1.4501 | 12
1808689068 | 31 | 1.4501 | 12
3617378136 | 32 | 2.17834 | 10
3617378137 | 32 | 2.37738 | 2
904344535 | 30 | 4.63978e-310 | 6
113043067 | 27 | 4.63978e-310 | 2
441575 | 19 | 4.63978e-310 | 4
55197 | 16 | 4.63978e-310 | 4
27599 | 15 | 4.07684 | 11
55198 | 16 | 4.07684 | 11
110396 | 17 | 4.63978e-310 | 5
110397 | 17 | 4.63978e-310 | 6
1725 | 11 | 4.63978e-310 | 2
863 | 10 | 11.4103 | 96
1726 | 11 | 10.8583 | 18
3452 | 12 | 9.6792 | 15
6904 | 13 | 9.6792 | 15
13808 | 14 | 9.6792 | 15
27616 | 15 | 4.63978e-310 | 8
27617 | 15 | 1.63042e-322 | 7
3453 | 12 | 4.63978e-310 | 3
1727 | 11 | 10.3994 | 78
3454 | 12 | 3.90963 | 33
6908 | 13 | 3.90963 | 33
13816 | 14 | 3.76675 | 27
27632 | 15 | 2.12646 | 17
55265 | 16 | 2.12646 | 17
110530 | 17 | 0.54756 | 5
110531 | 17 | 2.12646 | 12
221062 | 18 | 0 | 8
221063 | 18 | 0.0030667 | 4
27633 | 15 | 4.63978e-310 | 10
13817 | 14 | 4.63978e-310 | 6
3455 | 12 | 6.8641 | 45
6911 | 13 | 6.8641 | 45
13822 | 14 | 6.8641 | 29
27644 | 15 | 5.11869 | 22
55288 | 16 | 5.11869 | 22
110576 | 17 | 5.11869 | 22
221152 | 18 | 4.63978e-310 | 7
221153 | 18 | 3.49457 | 15
442306 | 19 | 3.49457 | 15
884613 | 20 | 3.49457 | 15
1769226 | 21 | 2.34643 | 12
3538452 | 22 | 12.4779 | 1
3538453 | 22 | 2.26072 | 11
7076906 | 23 | 2.26072 | 11
14153812 | 24 | 4.25858 | 6
14153813 | 24 | 7.28286 | 5
1769227 | 21 | 4.63978e-310 | 3
27645 | 15 | 4.63978e-310 | 7
13823 | 14 | 5.63052 | 16
27646 | 15 | 4.63978e-310 | 10
27647 | 15 | 4.63978e-310 | 6
27 | 5 | 18.8824 | 168
54 | 6 | 2.29851 | 19
108 | 7 | 4.63978e-310 | 2
109 | 7 | 2.29851 | 17
218 | 8 | 6.90513e-310 | 8
219 | 8 | 6.90513e-310 | 9
55 | 6 | 17.507 | 149
111 | 7 | 17.507 | 149
222 | 8 | 17.507 | 149
444 | 9 | 12.1537 | 113
888 | 10 | 12.1537 | 94
1776 | 11 | 12.1537 | 83
3552 | 12 | 6.45427 | 58
7104 | 13 | 3.21143e-322 | 2
7105 | 13 | 6.21309 | 56
14211 | 14 | 6.21309 | 56
28422 | 15 | 3.21143e-322 | 3
28423 | 15 | 6.09106 | 53
56846 | 16 | 6.09106 | 53
113692 | 17 | 6.09106 | 53
227384 | 18 | 5.16182 | 45
454768 | 19 | 5.16182 | 45
909536 | 20 | 2.42092e-322 | 5
909537 | 20 | 5.16182 | 40
1819074 | 21 | 2.92879 | 20
3638148 | 22 | 2.04756 | 5
3638149 | 22 | 2.46866 | 15
7276298 | 23 | 2.29048 | 13
14552596 | 24 | 6.90513e-310 | 4
14552597 | 24 | 2.96554 | 9
7276299 | 23 | 4.63978e-310 | 2
1819075 | 21 | 2.92398 | 20
3638150 | 22 | 2.92398 | 20
7276300 | 23 | 2.62446 | 17
14552600 | 24 | 4.63978e-310 | 9
14552601 | 24 | 0.321907 | 8
7276301 | 23 | 5.34013 | 3
227385 | 18 | 4.63978e-310 | 8
3553 | 12 | 6.23604 | 25
7106 | 13 | 6.23604 | 25
14213 | 14 | 6.23604 | 25
28426 | 15 | 4.63978e-310 | 2
28427 | 15 | 5.68527 | 23
56854 | 16 | 5.68527 | 23
113709 | 17 | 5.68527 | 23
227418 | 18 | 2.47601 | 15
454836 | 19 | 16.6388 | 6
454837 | 19 | 0 | 9
227419 | 18 | 4.63978e-310 | 8
1777 | 11 | 8.15899 | 11
3554 | 12 | 4.63978e-310 | 2
3555 | 12 | 4.63978e-310 | 9
889 | 10 | 4.18986 | 19
1779 | 11 | 4.18986 | 19
3558 | 12 | 3.52438 | 16
7117 | 13 | 3.52438 | 16
14235 | 14 | 3.52438 | 16
28470 | 15 | 2.53902 | 12
56940 | 16 | 2.53902 | 12
113880 | 17 | 1.07112 | 8
113881 | 17 | 0 | 4
28471 | 15 | 4.63978e-310 | 4
3559 | 12 | 4.63978e-310 | 3
445 | 9 | 6.25592 | 36
890 | 10 | 4.67765 | 15
1781 | 11 | 4.67765 | 15
3562 | 12 | 3.5434 | 13
7124 | 13 | 1.13806 | 8
7125 | 13 | 1.05461 | 5
3563 | 12 | 4.63978e-310 | 2
891 | 10 | 3.37976 | 21
1782 | 11 | 3.26788 | 19
3564 | 12 | 2.20093 | 14
7128 | 13 | 8.71143 | 2
7129 | 13 | 2.1081 | 12
14258 | 14 | 4.13946 | 10
14259 | 14 | 21.8745 | 2
3565 | 12 | 4.63978e-310 | 5
1783 | 11 | 4.63978e-310 | 2
7 | 3 | 14.6835 | 48
14 | 4 | 4.63978e-310 | 4
15 | 4 | 12.0579 | 44
30 | 5 | 12.0579 | 44
61 | 6 | 12.0579 | 44
122 | 7 | 12.0579 | 44
244 | 8 | 9.61963 | 11
489 | 9 | 9.61963 | 11
978 | 10 | 4.63978e-310 | 7
979 | 10 | 4.63978e-310 | 4
245 | 8 | 9.32422 | 33
490 | 9 | 7.28379 | 21
980 | 10 | 7.28379 | 20
1960 | 11 | 7.08154 | 19
3920 | 12 | 7.08154 | 19
7840 | 13 | 7.08154 | 17
15680 | 14 | 7.08154 | 17
31360 | 15 | 7.08154 | 17
62721 | 16 | 7.08154 | 17
125442 | 17 | 1.58101e-322 | 6
125443 | 17 | 2.99608 | 11
250886 | 18 | 1.58101e-322 | 9
250887 | 18 | 1.58101e-322 | 2
7841 | 13 | 1.63042e-322 | 2
1961 | 11 | 4.63978e-310 | 1
981 | 10 | 4.63978e-310 | 1
491 | 9 | 4.89978 | 12
982 | 10 | 1.58101e-322 | 4
983 | 10 | 1.63042e-322 | 8
