ID | Depth | diameter | Number of points
0 | 0 | 29.316 | 1600
0 | 1 | 26.9965 | 1533
1 | 2 | 26.9965 | 1533
2 | 3 | 25.7045 | 877
4 | 4 | 1.58101e-322 | 8
5 | 4 | 25.7045 | 869
10 | 5 | 24.2319 | 846
20 | 6 | 23.2634 | 698
40 | 7 | 9.93643 | 105
80 | 8 | 9.02144 | 89
160 | 9 | 8.92066 | 82
320 | 10 | 8.92066 | 82
640 | 11 | 3.37596 | 17
1280 | 12 | 0.906433 | 3
1281 | 12 | 3.37596 | 14
2562 | 13 | 41.6397 | 5
2563 | 13 | 42.4431 | 9
641 | 11 | 7.06135 | 65
1282 | 12 | 1.63042e-322 | 1
1283 | 12 | 6.36467 | 64
2566 | 13 | 6.36467 | 64
5132 | 14 | 4.00268 | 35
10264 | 15 | 3.70684 | 33
20529 | 16 | 3.70684 | 33
41059 | 17 | 3.70684 | 33
82118 | 18 | 0.545087 | 4
82119 | 18 | 3.70684 | 29
164239 | 19 | 3.70684 | 29
328478 | 20 | 2.66825 | 23
656956 | 21 | 0.865918 | 4
656957 | 21 | 2.45173 | 19
1313914 | 22 | 2.45173 | 19
2627828 | 23 | 3.04621 | 10
2627829 | 23 | 1.72814 | 9
328479 | 20 | 4.63978e-310 | 6
10265 | 15 | 4.63978e-310 | 2
5133 | 14 | 3.50098 | 29
10266 | 15 | 4.63978e-310 | 6
10267 | 15 | 2.89804 | 23
20534 | 16 | 2.30371 | 16
41068 | 17 | 0.775812 | 10
41069 | 17 | 0.161085 | 6
20535 | 16 | 4.63978e-310 | 7
161 | 9 | 4.63978e-310 | 7
81 | 8 | 4.11125 | 16
162 | 9 | 4.63978e-310 | 9
163 | 9 | 4.63978e-310 | 7
41 | 7 | 21.1787 | 593
82 | 8 | 17.7047 | 187
165 | 9 | 17.7047 | 187
330 | 10 | 9.31771 | 83
660 | 11 | 6.87495 | 29
1320 | 12 | 3.94257 | 25
2640 | 13 | 2.27568 | 13
5280 | 14 | 0.100125 | 5
5281 | 14 | 2.82423 | 8
2641 | 13 | 2.0872 | 12
5282 | 14 | 9.71081 | 2
5283 | 14 | 1.78838 | 10
1321 | 12 | 4.63978e-310 | 4
661 | 11 | 8.58338 | 54
1322 | 12 | 7.45448 | 45
2645 | 13 | 7.45448 | 45
5290 | 14 | 7.45448 | 45
10580 | 15 | 6.28865 | 28
21160 | 16 | 2.91286 | 11
42320 | 17 | 1.18576e-321 | 2
42321 | 17 | 0.509616 | 9
21161 | 16 | 4.93126 | 17
42322 | 17 | 4.93126 | 17
84644 | 18 | 3.99505 | 12
169288 | 19 | 9.42124 | 3
169289 | 19 | 4.63978e-310 | 9
84645 | 18 | 4.63978e-310 | 5
10581 | 15 | 2.69089 | 17
21162 | 16 | 1.7771 | 12
42324 | 17 | 2.85076e-321 | 3
42325 | 17 | 6.90513e-310 | 9
21163 | 16 | 4.63978e-310 | 5
1323 | 12 | 4.63978e-310 | 9
331 | 10 | 12.1073 | 104
662 | 11 | 8.44696 | 23
1324 | 12 | 4.8989 | 18
2648 | 13 | 3.81376 | 8
2649 | 13 | 0 | 10
1325 | 12 | 4.63978e-310 | 5
663 | 11 | 11.1666 | 81
1326 | 12 | 5.68924 | 20
2652 | 13 | 56.9535 | 8
2653 | 13 | 2.72574 | 12
5306 | 14 | 2.72574 | 12
10612 | 15 | 3.4645 | 2
10613 | 15 | 0.347995 | 10
1327 | 12 | 10.0598 | 61
2654 | 13 | 8.86513 | 46
5308 | 14 | 8.86513 | 46
10616 | 15 | 7.49953 | 29
21232 | 16 | 3.08495 | 17
42464 | 17 | 2.00825 | 8
42465 | 17 | 0 | 9
21233 | 16 | 4.88766 | 12
42467 | 17 | 4.88766 | 12
84934 | 18 | 4.88766 | 12
169868 | 19 | 4.88766 | 12
339736 | 20 | 9.4186 | 8
339737 | 20 | 3.44054 | 4
10617 | 15 | 2.61924 | 17
21234 | 16 | 4.63978e-310 | 8
21235 | 16 | 4.63978e-310 | 9
2655 | 13 | 5.54444 | 15
5310 | 14 | 4.63978e-310 | 7
5311 | 14 | 4.63978e-310 | 8
83 | 8 | 18.9484 | 406
166 | 9 | 18.9484 | 406
332 | 10 | 12.6977 | 268
665 | 11 | 12.6977 | 268
1330 | 12 | 42.7153 | 4
1331 | 12 | 12.6977 | 264
2662 | 13 | 10.1574 | 154
5324 | 14 | 8.93034 | 113
10648 | 15 | 6.44464 | 46
21296 | 16 | 5.46482 | 39
42592 | 17 | 3.48522 | 22
85184 | 18 | 3.48522 | 22
170368 | 19 | 3.48522 | 22
340736 | 20 | 3.35458 | 7
340737 | 20 | 2.85295 | 15
681475 | 21 | 2.85295 | 15
1362950 | 22 | 9.48606e-322 | 6
1362951 | 22 | 0 | 9
42593 | 17 | 3.11247 | 17
85186 | 18 | 3.11247 | 17
170372 | 19 | 1.75556 | 11
340744 | 20 | 0 | 8
340745 | 20 | 7.11455e-322 | 3
170373 | 19 | 4.63978e-310 | 6
21297 | 16 | 4.63978e-310 | 7
10649 | 15 | 8.70722 | 67
21298 | 16 | 5.62284 | 26
42596 | 17 | 1.58551 | 13
85192 | 18 | 1.55757 | 12
170384 | 19 | 0.786594 | 5
170385 | 19 | 49.8564 | 7
85193 | 18 | 4.63978e-310 | 1
42597 | 17 | 3.70479 | 13
85194 | 18 | 0.0570068 | 2
85195 | 18 | 3.36626 | 11
170390 | 19 | 3.36626 | 11
340780 | 20 | 0.312613 | 1
340781 | 20 | 1.37508 | 10
21299 | 16 | 8.70722 | 41
42598 | 17 | 8.70722 | 41
85196 | 18 | 5.05023 | 14
170392 | 19 | 5.05023 | 14
340784 | 20 | 3.38422 | 12
681568 | 21 | 3.38422 | 12
1363137 | 22 | 3.38422 | 12
2726274 | 23 | 40.7897 | 2
2726275 | 23 | 1.63476 | 10
340785 | 20 | 4.63978e-310 | 2
85197 | 18 | 7.63286 | 27
170394 | 19 | 7.63286 | 27
340788 | 20 | 7.63286 | 27
681576 | 21 | 1.27381 | 2
681577 | 21 | 4.54027 | 25
1363154 | 22 | 4.54027 | 24
2726308 | 23 | 3.29332 | 10
2726309 | 23 | 2.39543 | 14
5452618 | 24 | 2.39543 | 14
10905236 | 25 | 3.09846 | 3
10905237 | 25 | 2.28836 | 11
21810475 | 26 | 2.28836 | 11
43620950 | 27 | 0.531821 | 7
43620951 | 27 | 0 | 4
1363155 | 22 | 4.63978e-310 | 1
5325 | 14 | 7.23516 | 41
10650 | 15 | 7.23516 | 41
21300 | 16 | 3.10683 | 18
42600 | 17 | 3.10683 | 18
85200 | 18 | 5.25066 | 1
85201 | 18 | 1.5687 | 17
170402 | 19 | 3.13373 | 1
170403 | 19 | 1.5687 | 16
340806 | 20 | 1.49443 | 13
681612 | 21 | 0.409096 | 10
681613 | 21 | 0.472114 | 3
340807 | 20 | 4.63978e-310 | 3
21301 | 16 | 7.23516 | 23
42602 | 17 | 7.23516 | 23
85204 | 18 | 4.63978e-310 | 1
85205 | 18 | 3.39924 | 22
170411 | 19 | 3.39924 | 22
340822 | 20 | 2.31151 | 14
681644 | 21 | 1.81903 | 12
1363288 | 22 | 0.156688 | 8
1363289 | 22 | 0.105558 | 4
681645 | 21 | 1.79546 | 2
340823 | 20 | 0.0225037 | 8
2663 | 13 | 8.68467 | 110
5326 | 14 | 8.61155 | 54
10652 | 15 | 7.99418 | 43
21304 | 16 | 7.0753 | 13
42608 | 17 | 7.61057 | 7
42609 | 17 | 0 | 6
21305 | 16 | 7.27914 | 30
42610 | 17 | 7.27914 | 16
85221 | 18 | 7.27914 | 16
170443 | 19 | 7.27914 | 16
340886 | 20 | 7.27914 | 16
681773 | 21 | 7.27914 | 16
1363546 | 22 | 7.27914 | 16
2727092 | 23 | 7.27914 | 15
5454184 | 24 | 44.6523 | 10
5454185 | 24 | 0.738631 | 5
2727093 | 23 | 4.63978e-310 | 1
42611 | 17 | 1.67819 | 14
85222 | 18 | 4.63978e-310 | 10
85223 | 18 | 4.63978e-310 | 4
10653 | 15 | 2.75983 | 11
21307 | 16 | 2.75983 | 11
42614 | 17 | 4.63978e-310 | 10
42615 | 17 | 4.63978e-310 | 1
5327 | 14 | 4.19986 | 56
10654 | 15 | 4.19986 | 38
21308 | 16 | 1.37607 | 12
42616 | 17 | 2.81633 | 5
42617 | 17 | 1.3423 | 7
21309 | 16 | 2.53186 | 26
42618 | 17 | 2.21878 | 14
85237 | 18 | 2.21878 | 14
170474 | 19 | 0.99912 | 3
170475 | 19 | 1.43635 | 11
340950 | 20 | 0.203487 | 10
340951 | 20 | 1.0326e-321 | 1
42619 | 17 | 2.29172 | 12
85238 | 18 | 4.63978e-310 | 7
85239 | 18 | 0.957473 | 5
10655 | 15 | 2.44342 | 18
21310 | 16 | 2.07717 | 16
42620 | 17 | 0.293481 | 9
42621 | 17 | 0 | 7
21311 | 16 | 4.63978e-310 | 2
333 | 10 | 11.7789 | 138
666 | 11 | 9.04049 | 17
1333 | 12 | 9.04049 | 17
2666 | 13 | 8.33155 | 14
5333 | 14 | 8.33155 | 14
10666 | 15 | 4.74303e-322 | 8
10667 | 15 | 7.95446e-322 | 6
2667 | 13 | 4.63978e-310 | 3
667 | 11 | 9.47682 | 121
1334 | 12 | 7.56729 | 27
2668 | 13 | 2.24923 | 17
5336 | 14 | 0.979017 | 4
5337 | 14 | 1.97006 | 13
10674 | 15 | 1.97006 | 13
21349 | 16 | 1.97006 | 13
42698 | 17 | 1.20141 | 9
42699 | 17 | 4.99091 | 4
2669 | 13 | 4.63978e-310 | 10
1335 | 12 | 8.05936 | 94
2670 | 13 | 4.63978e-310 | 2
2671 | 13 | 7.86171 | 92
5342 | 14 | 3.11976 | 11
10684 | 15 | 9.46664 | 6
10685 | 15 | 35.6656 | 5
5343 | 14 | 7.86171 | 81
10686 | 15 | 3.86861 | 27
21372 | 16 | 0.359546 | 5
21373 | 16 | 3.53833 | 22
42747 | 17 | 3.53833 | 22
85495 | 18 | 3.53833 | 22
170990 | 19 | 1.92532 | 17
341980 | 20 | 3.70685 | 1
341981 | 20 | 1.90324 | 16
683962 | 21 | 1.90324 | 16
1367924 | 22 | 0.987652 | 8
1367925 | 22 | 0.116592 | 8
170991 | 19 | 4.63978e-310 | 5
10687 | 15 | 6.78447 | 54
21374 | 16 | 2.7296 | 24
42749 | 17 | 2.7296 | 24
85498 | 18 | 2.50683 | 23
170996 | 19 | 2.19536 | 20
341993 | 20 | 2.19536 | 20
683986 | 21 | 1.94135 | 13
1367972 | 22 | 8.69556e-322 | 3
1367973 | 22 | 4.63978e-310 | 10
683987 | 21 | 4.63978e-310 | 7
170997 | 19 | 0.764234 | 3
85499 | 18 | 4.63978e-310 | 1
21375 | 16 | 5.14228 | 30
42750 | 17 | 3.43605 | 28
85501 | 18 | 3.43605 | 28
171002 | 19 | 2.34659 | 20
342004 | 20 | 2.21959 | 18
684008 | 21 | 2.21959 | 18
1368016 | 22 | 2.21959 | 17
2736032 | 23 | 1.19101 | 11
5472064 | 24 | 2.1393e-321 | 1
5472065 | 24 | 0.45562 | 10
2736033 | 23 | 4.63978e-310 | 6
1368017 | 22 | 4.63978e-310 | 1
342005 | 20 | 4.63978e-310 | 2
171003 | 19 | 4.63978e-310 | 8
42751 | 17 | 4.63978e-310 | 2
21 | 6 | 24.2319 | 148
42 | 7 | 9.13219 | 18
84 | 8 | 9.13219 | 18
169 | 9 | 9.13219 | 18
338 | 10 | 1.63042e-322 | 9
339 | 10 | 1.63042e-322 | 9
43 | 7 | 18.616 | 130
86 | 8 | 15.5224 | 127
173 | 9 | 15.5224 | 127
346 | 10 | 9.00596 | 103
692 | 11 | 3.21143e-322 | 1
693 | 11 | 9.00596 | 102
1386 | 12 | 9.00596 | 102
2772 | 13 | 8.6351 | 100
5544 | 14 | 6.88565 | 69
11088 | 15 | 6.88565 | 69
22176 | 16 | 5.51777 | 56
44352 | 17 | 5.51777 | 56
88704 | 18 | 5.51777 | 56
177408 | 19 | 6.37345e-322 | 7
177409 | 19 | 3.83757 | 49
354818 | 20 | 6.37345e-322 | 3
354819 | 20 | 3.83757 | 46
709638 | 21 | 3.83757 | 45
1419276 | 22 | 4.79244e-322 | 6
1419277 | 22 | 3.64402 | 39
2838555 | 23 | 3.64402 | 39
5677110 | 24 | 3.64402 | 39
11354220 | 25 | 2.16848 | 22
22708440 | 26 | 3.20922 | 7
22708441 | 26 | 1.79033 | 15
45416882 | 27 | 1.75936 | 11
90833764 | 28 | 0.488165 | 7
90833765 | 28 | 5.65139 | 4
45416883 | 27 | 4.63978e-310 | 4
11354221 | 25 | 1.61061 | 17
22708442 | 26 | 1.61061 | 17
45416884 | 27 | 0 | 7
45416885 | 27 | 0.892972 | 10
709639 | 21 | 4.63978e-310 | 1
22177 | 16 | 1.74515 | 13
44354 | 17 | 4.63978e-310 | 7
44355 | 17 | 4.63978e-310 | 6
5545 | 14 | 8.6351 | 31
11090 | 15 | 8.6351 | 31
22181 | 16 | 8.6351 | 31
44362 | 17 | 8.47883 | 30
88724 | 18 | 8.47883 | 30
177449 | 19 | 8.47883 | 30
354899 | 20 | 8.47883 | 30
709799 | 21 | 8.47883 | 30
1419598 | 22 | 3.54434 | 18
2839197 | 23 | 3.54434 | 18
5678395 | 24 | 3.54434 | 18
11356791 | 25 | 3.54434 | 18
22713582 | 26 | 2.85792 | 15
45427165 | 27 | 2.85792 | 15
90854330 | 28 | 0.530092 | 10
90854331 | 28 | 3.82415 | 5
22713583 | 26 | 4.63978e-310 | 3
1419599 | 22 | 2.23725 | 12
2839198 | 23 | 2.23725 | 12
5678396 | 24 | 2.23725 | 12
11356792 | 25 | 0 | 6
11356793 | 25 | 0.773134 | 6
44363 | 17 | 4.63978e-310 | 1
2773 | 13 | 4.63978e-310 | 2
347 | 10 | 9.76422 | 24
694 | 11 | 4.63978e-310 | 1
695 | 11 | 3.01193 | 23
1390 | 12 | 3.01193 | 23
2780 | 13 | 2.79095 | 22
5560 | 14 | 2.79095 | 22
11120 | 15 | 2.79095 | 22
22240 | 16 | 2.79095 | 22
44480 | 17 | 2.18139 | 15
88960 | 18 | 70.1941 | 8
88961 | 18 | 0.0703789 | 7
44481 | 17 | 4.63978e-310 | 7
2781 | 13 | 4.63978e-310 | 1
87 | 8 | 4.63978e-310 | 3
11 | 5 | 7.28231 | 23
23 | 6 | 7.28231 | 23
47 | 7 | 7.28231 | 23
95 | 8 | 7.28231 | 23
191 | 9 | 7.28231 | 23
382 | 10 | 3.44138 | 20
764 | 11 | 2.715 | 14
1528 | 12 | 2.23263 | 11
3056 | 13 | 2.23263 | 11
6112 | 14 | 1.73682 | 7
6113 | 14 | 4.63978e-310 | 4
1529 | 12 | 4.63978e-310 | 3
765 | 11 | 4.63978e-310 | 6
383 | 10 | 4.63978e-310 | 3
3 | 3 | 23.1831 | 656
6 | 4 | 19.619 | 405
12 | 5 | 19.1552 | 350
24 | 6 | 17.5667 | 242
49 | 7 | 17.5667 | 242
98 | 8 | 14.6653 | 134
196 | 9 | 14.6653 | 134
392 | 10 | 7.165 | 50
784 | 11 | 6.36507 | 43
1568 | 12 | 5.43173 | 31
3137 | 13 | 5.43173 | 31
6274 | 14 | 1.63042e-322 | 6
6275 | 14 | 3.17001 | 25
12550 | 15 | 1.58101e-322 | 9
12551 | 15 | 2.30733 | 16
25102 | 16 | 2.30733 | 16
50204 | 17 | 2.15061 | 13
100408 | 18 | 1.97961 | 11
200816 | 19 | 1.97961 | 11
401632 | 20 | 1.63042e-322 | 6
401633 | 20 | 1.58101e-322 | 5
100409 | 18 | 4.63978e-310 | 2
50205 | 17 | 1.47644 | 3
1569 | 12 | 1.8269 | 12
3138 | 13 | 1.8269 | 12
6276 | 14 | 1.8269 | 12
12552 | 15 | 0.111019 | 4
12553 | 15 | 1.47644 | 8
785 | 11 | 4.63978e-310 | 7
393 | 10 | 13.8989 | 84
786 | 11 | 11.9281 | 9
787 | 11 | 10.1264 | 75
1574 | 12 | 9.29917 | 27
3148 | 13 | 1.58101e-322 | 7
3149 | 13 | 6.42805 | 20
6298 | 14 | 4.63978e-310 | 7
6299 | 14 | 5.28776 | 13
12598 | 15 | 5.28776 | 13
25196 | 16 | 1.63042e-322 | 9
25197 | 16 | 1.63042e-322 | 4
1575 | 12 | 9.57059 | 48
3150 | 13 | 1.58101e-322 | 5
3151 | 13 | 6.89611 | 43
6302 | 14 | 3.87352 | 16
12605 | 15 | 3.87352 | 16
25210 | 16 | 3.87352 | 16
50420 | 17 | 0.897052 | 2
50421 | 17 | 3.4816 | 14
100842 | 18 | 2.69301 | 13
201684 | 19 | 1.58101e-322 | 7
201685 | 19 | 1.63042e-322 | 6
100843 | 18 | 4.63978e-310 | 1
6303 | 14 | 5.25624 | 27
12606 | 15 | 3.42338 | 19
25212 | 16 | 3.42338 | 19
50425 | 17 | 3.42338 | 19
100850 | 18 | 3.21143e-322 | 10
100851 | 18 | 1.58101e-322 | 9
12607 | 15 | 4.63978e-310 | 8
99 | 8 | 10.2977 | 108
199 | 9 | 10.2977 | 108
398 | 10 | 7.1362 | 83
796 | 11 | 5.08184 | 26
1592 | 12 | 0.087478 | 3
1593 | 12 | 3.2371 | 23
3187 | 13 | 3.2371 | 23
6374 | 14 | 2.96286 | 13
12748 | 15 | 1.63042e-322 | 1
12749 | 15 | 2.67812 | 12
25498 | 16 | 2.67812 | 12
50997 | 17 | 2.67812 | 12
101994 | 18 | 2.10176 | 11
203989 | 19 | 2.10176 | 11
407979 | 20 | 2.10176 | 11
815958 | 21 | 1.63042e-322 | 8
815959 | 21 | 1.58101e-322 | 3
101995 | 18 | 1.63042e-322 | 1
6375 | 14 | 1.63042e-322 | 10
797 | 11 | 6.20302 | 57
1594 | 12 | 4.40804 | 43
3189 | 13 | 4.40804 | 43
6378 | 14 | 1.63042e-322 | 10
6379 | 14 | 3.51704 | 33
12758 | 15 | 2.20047 | 6
12759 | 15 | 2.95143 | 27
25518 | 16 | 2.59176 | 24
51036 | 17 | 2.59176 | 23
102072 | 18 | 2.27001 | 15
204144 | 19 | 2.27001 | 15
408288 | 20 | 0.0330847 | 3
408289 | 20 | 1.65569 | 12
816578 | 21 | 1.65569 | 12
1633156 | 22 | 6.57263 | 9
1633157 | 22 | 5.81154 | 3
102073 | 18 | 4.63978e-310 | 8
51037 | 17 | 4.63978e-310 | 1
25519 | 16 | 4.63978e-310 | 3
1595 | 12 | 4.48688 | 14
3190 | 13 | 4.63978e-310 | 3
3191 | 13 | 2.25962 | 11
6382 | 14 | 0.487439 | 8
6383 | 14 | 1.67954 | 3
399 | 10 | 5.71473 | 25
799 | 11 | 5.71473 | 25
1598 | 12 | 4.63978e-310 | 1
1599 | 12 | 5.56426 | 24
3198 | 13 | 5.08419 | 23
6396 | 14 | 1.24949 | 1
6397 | 14 | 5.08419 | 22
12794 | 15 | 4.59963 | 15
25588 | 16 | 3.3349 | 13
51176 | 17 | 2.47405 | 10
51177 | 17 | 1.25299 | 3
25589 | 16 | 4.63978e-310 | 2
12795 | 15 | 4.63978e-310 | 7
3199 | 13 | 4.63978e-310 | 1
25 | 6 | 14.5248 | 108
50 | 7 | 12.046 | 89
100 | 8 | 12.046 | 89
201 | 9 | 12.046 | 89
402 | 10 | 7.02358 | 48
804 | 11 | 6.1274 | 45
1608 | 12 | 5.855 | 42
3216 | 13 | 5.855 | 42
6432 | 14 | 5.855 | 41
12864 | 15 | 1.58101e-322 | 4
12865 | 15 | 5.855 | 37
25730 | 16 | 5.855 | 37
51460 | 17 | 4.73419 | 30
102920 | 18 | 4.59049 | 29
205840 | 19 | 1.63042e-322 | 1
205841 | 19 | 3.28589 | 28
411682 | 20 | 3.28589 | 27
823365 | 21 | 3.28589 | 27
1646730 | 22 | 3.28589 | 27
3293460 | 23 | 2.97705 | 22
6586920 | 24 | 2.22031 | 12
13173840 | 25 | 4.14791 | 10
13173841 | 25 | 0.693974 | 2
6586921 | 24 | 0.418994 | 10
3293461 | 23 | 0.750562 | 5
411683 | 20 | 4.63978e-310 | 1
102921 | 18 | 0 | 1
51461 | 17 | 0.160173 | 7
6433 | 14 | 0.0221361 | 1
1609 | 12 | 0.167518 | 3
805 | 11 | 4.63978e-310 | 3
403 | 10 | 10.0866 | 41
806 | 11 | 4.63978e-310 | 5
807 | 11 | 10.0866 | 36
1614 | 12 | 5.90751 | 17
3229 | 13 | 5.90751 | 17
6458 | 14 | 1.63042e-322 | 9
6459 | 14 | 1.63042e-322 | 8
1615 | 12 | 5.353 | 19
3230 | 13 | 1.58101e-322 | 6
3231 | 13 | 4.96287 | 13
6462 | 14 | 1.58101e-322 | 1
6463 | 14 | 4.29526 | 12
12926 | 15 | 1.58101e-322 | 8
12927 | 15 | 1.58101e-322 | 4
51 | 7 | 9.07705 | 19
102 | 8 | 4.63978e-310 | 1
103 | 8 | 9.07705 | 18
206 | 9 | 8.19558 | 15
413 | 10 | 8.19558 | 15
826 | 11 | 8.19558 | 15
1652 | 12 | 4.63978e-310 | 7
1653 | 12 | 4.63978e-310 | 8
207 | 9 | 4.63978e-310 | 3
13 | 5 | 10.9923 | 55
26 | 6 | 4.63978e-310 | 4
27 | 6 | 8.98636 | 51
54 | 7 | 8.06452 | 45
108 | 8 | 7.87124 | 25
216 | 9 | 2.11055 | 15
432 | 10 | 2.11055 | 15
864 | 11 | 4.63978e-310 | 1
865 | 11 | 2.11055 | 14
1730 | 12 | 4.63978e-310 | 10
1731 | 12 | 4.63978e-310 | 4
217 | 9 | 4.63978e-310 | 10
109 | 8 | 6.92022 | 20
218 | 9 | 6.20319 | 17
436 | 10 | 4.97583 | 14
872 | 11 | 2.37152e-322 | 5
873 | 11 | 2.37152e-322 | 9
437 | 10 | 2.37152e-322 | 3
219 | 9 | 4.63978e-310 | 3
55 | 7 | 4.63978e-310 | 6
7 | 4 | 20.114 | 251
14 | 5 | 9.43234 | 69
28 | 6 | 5.83767 | 43
56 | 7 | 4.59434 | 31
112 | 8 | 4.63978e-310 | 3
113 | 8 | 4.45423 | 28
226 | 9 | 4.26694 | 19
452 | 10 | 2.57156 | 11
905 | 11 | 2.57156 | 11
1811 | 12 | 2.57156 | 11
3622 | 13 | 44.7047 | 2
3623 | 13 | 41.8402 | 9
453 | 10 | 4.63978e-310 | 8
227 | 9 | 4.63978e-310 | 9
57 | 7 | 1.47596 | 12
114 | 8 | 0.294333 | 3
115 | 8 | 4.63978e-310 | 9
29 | 6 | 6.68555 | 26
58 | 7 | 6.68555 | 26
116 | 8 | 0 | 10
117 | 8 | 4.45634 | 16
234 | 9 | 3.00627 | 13
469 | 10 | 3.00627 | 13
938 | 11 | 3.00627 | 13
1876 | 12 | 0.448034 | 7
1877 | 12 | 19.5658 | 6
235 | 9 | 4.63978e-310 | 3
15 | 5 | 18.5761 | 182
31 | 6 | 18.5761 | 182
62 | 7 | 18.5761 | 28
124 | 8 | 18.5761 | 28
248 | 9 | 0.215106 | 5
249 | 9 | 10.0015 | 23
498 | 10 | 10.0015 | 23
996 | 11 | 10.0015 | 23
1992 | 12 | 10.0015 | 23
3984 | 13 | 0.0563167 | 8
3985 | 13 | 7.77996 | 15
7970 | 14 | 4.56345 | 9
7971 | 14 | 0.339724 | 6
63 | 7 | 15.2978 | 154
126 | 8 | 14.2187 | 137
252 | 9 | 8.80516 | 104
505 | 10 | 8.80516 | 104
1010 | 11 | 7.06526 | 55
2020 | 12 | 3.40179 | 22
4040 | 13 | 2.31505 | 15
8080 | 14 | 2.31505 | 15
16160 | 15 | 1.94323 | 12
32320 | 16 | 4.63978e-310 | 2
32321 | 16 | 2.95702 | 10
16161 | 15 | 4.63857 | 3
4041 | 13 | 4.63978e-310 | 7
2021 | 12 | 4.88345 | 33
4042 | 13 | 0.466653 | 6
4043 | 13 | 4.39067 | 27
8086 | 14 | 4.31465 | 14
16172 | 15 | 3.76982 | 13
32344 | 16 | 2.3716 | 3
32345 | 16 | 4.63978e-310 | 10
16173 | 15 | 4.63978e-310 | 1
8087 | 14 | 2.96955 | 13
16174 | 15 | 0.724493 | 9
16175 | 15 | 1.98433 | 4
1011 | 11 | 7.19631 | 49
2023 | 12 | 7.19631 | 49
4046 | 13 | 7.19631 | 49
8092 | 14 | 0.336501 | 9
8093 | 14 | 6.78571 | 40
16186 | 15 | 2.54519 | 22
32372 | 16 | 1.88926 | 17
64744 | 17 | 1.54459 | 6
64745 | 17 | 1.04035 | 11
129490 | 18 | 0.243528 | 3
129491 | 18 | 4.63978e-310 | 8
32373 | 16 | 4.63978e-310 | 5
16187 | 15 | 4.97901 | 18
32375 | 16 | 4.97901 | 18
64750 | 17 | 17.392 | 10
64751 | 17 | 4.00124 | 8
253 | 9 | 8.9798 | 33
506 | 10 | 8.9798 | 31
1012 | 11 | 8.0547 | 30
2024 | 12 | 5.06653 | 20
4048 | 13 | 8.44305 | 4
4049 | 13 | 4.58811 | 16
8098 | 14 | 3.0498 | 12
16196 | 15 | 1.63042e-322 | 8
16197 | 15 | 1.63042e-322 | 4
8099 | 14 | 4.63978e-310 | 4
2025 | 12 | 4.63978e-310 | 10
1013 | 11 | 4.63978e-310 | 1
507 | 10 | 4.63978e-310 | 2
127 | 8 | 6.54216 | 17
254 | 9 | 5.97204 | 15
508 | 10 | 5.39074 | 6
509 | 10 | 5.79045 | 9
255 | 9 | 4.63978e-310 | 2
1 | 1 | 23.1427 | 67
2 | 2 | 13.7669 | 30
4 | 3 | 7.34377 | 17
8 | 4 | 4.63978e-310 | 8
9 | 4 | 0.27524 | 9
5 | 3 | 9.67209 | 13
10 | 4 | 9.67209 | 13
20 | 5 | 9.55791 | 11
40 | 6 | 4.63978e-310 | 10
41 | 6 | 4.63978e-310 | 1
21 | 5 | 4.63978e-310 | 2
3 | 2 | 14.1227 | 37
6 | 3 | 8.65082 | 34
12 | 4 | 4.60222 | 31
25 | 5 | 4.60222 | 31
50 | 6 | 0.396866 | 5
51 | 6 | 4.21852 | 26
103 | 7 | 4.21852 | 26
207 | 8 | 4.21852 | 26
414 | 9 | 3.06042 | 18
829 | 10 | 3.06042 | 18
1659 | 11 | 3.06042 | 18
3318 | 12 | 34.7666 | 9
3319 | 12 | 14.9372 | 9
415 | 9 | 3.10746 | 8
13 | 4 | 0 | 3
7 | 3 | 4.63978e-310 | 3
