ID | Depth | diameter | Number of points
0 | 0 | 29.316 | 1600
0 | 1 | 29.316 | 1377
0 | 2 | 11.8746 | 192
0 | 3 | 11.8746 | 180
0 | 4 | 10.0945 | 148
1 | 5 | 10.0945 | 148
2 | 6 | 10.0945 | 148
4 | 7 | 7.99913 | 53
8 | 8 | 7.99913 | 53
16 | 9 | 4.20045 | 33
32 | 10 | 1.8064 | 6
33 | 10 | 4.06381 | 27
66 | 11 | 4.06381 | 27
132 | 12 | 3.59773 | 23
264 | 13 | 8.98051 | 9
265 | 13 | 3.16832 | 14
530 | 14 | 3.16832 | 14
1060 | 15 | 0.72027 | 1
1061 | 15 | 2.89898 | 13
2122 | 16 | 8.05345 | 4
2123 | 16 | 5.31541 | 9
133 | 12 | 4.63978e-310 | 4
17 | 9 | 4.33214 | 20
34 | 10 | 4.63978e-310 | 2
35 | 10 | 3.00912 | 18
70 | 11 | 3.00912 | 16
140 | 12 | 3.00912 | 16
280 | 13 | 47.081 | 1
281 | 13 | 3.00912 | 15
563 | 14 | 3.00912 | 15
1126 | 15 | 32.9451 | 9
1127 | 15 | 2.42092e-322 | 6
71 | 11 | 4.63978e-310 | 2
5 | 7 | 8.51101 | 95
10 | 8 | 8.51101 | 95
20 | 9 | 3.58615 | 38
40 | 10 | 3.24347 | 26
80 | 11 | 2.38534 | 20
160 | 12 | 2.37178 | 19
320 | 13 | 1.9764 | 16
641 | 14 | 1.9764 | 16
1282 | 15 | 1.64824 | 3
1283 | 15 | 1.49827 | 13
2566 | 16 | 0.530406 | 3
2567 | 16 | 4.63978e-310 | 10
321 | 13 | 0.157146 | 3
161 | 12 | 4.63978e-310 | 1
81 | 11 | 4.63978e-310 | 6
41 | 10 | 2.58712 | 12
82 | 11 | 2.58712 | 12
164 | 12 | 0.179436 | 3
165 | 12 | 1.13478 | 9
21 | 9 | 5.58751 | 57
42 | 10 | 4.63978e-310 | 4
43 | 10 | 5.18102 | 53
86 | 11 | 5.18102 | 53
172 | 12 | 3.97853 | 26
344 | 13 | 4.63978e-310 | 2
345 | 13 | 3.32129 | 24
691 | 14 | 3.32129 | 24
1382 | 15 | 0.224661 | 5
1383 | 15 | 2.96946 | 19
2766 | 16 | 1.7876 | 12
5533 | 17 | 1.7876 | 12
11066 | 18 | 4.63978e-310 | 3
11067 | 18 | 4.63978e-310 | 9
2767 | 16 | 4.63978e-310 | 7
173 | 12 | 3.91148 | 27
346 | 13 | 2.28844 | 17
692 | 14 | 2.28844 | 17
1384 | 15 | 1.16724 | 4
1385 | 15 | 2.19009 | 13
2770 | 16 | 6.90513e-310 | 9
2771 | 16 | 0.214952 | 4
347 | 13 | 4.63978e-310 | 10
1 | 4 | 5.16468 | 32
3 | 5 | 5.16468 | 32
6 | 6 | 4.63978e-310 | 3
7 | 6 | 3.38951 | 29
14 | 7 | 0.761791 | 7
15 | 7 | 2.77541 | 22
30 | 8 | 2.77541 | 22
60 | 9 | 1.23478 | 11
120 | 10 | 1.18042 | 7
121 | 10 | 0.219367 | 4
61 | 9 | 2.49352 | 11
122 | 10 | 0.412574 | 6
123 | 10 | 1.25149 | 5
1 | 3 | 6.74716 | 12
2 | 4 | 4.63978e-310 | 3
3 | 4 | 4.63978e-310 | 9
1 | 2 | 29.316 | 1185
2 | 3 | 29.316 | 1185
4 | 4 | 26.5854 | 234
8 | 5 | 19.2377 | 147
16 | 6 | 17.1957 | 103
32 | 7 | 17.1957 | 100
64 | 8 | 12.8091 | 83
128 | 9 | 12.8091 | 77
256 | 10 | 6.21334 | 15
512 | 11 | 6.06977 | 14
1025 | 12 | 6.06977 | 14
2051 | 13 | 6.06977 | 14
4102 | 14 | 16.361 | 10
4103 | 14 | 3.0871 | 4
513 | 11 | 4.63978e-310 | 1
257 | 10 | 9.78819 | 62
514 | 11 | 6.95274 | 36
1028 | 12 | 5.96705 | 8
1029 | 12 | 5.84554 | 28
2058 | 13 | 5.84554 | 28
4116 | 14 | 5.84554 | 28
8233 | 15 | 5.84554 | 28
16467 | 16 | 5.84554 | 28
32935 | 17 | 5.84554 | 28
65870 | 18 | 4.31555 | 22
131740 | 19 | 2.31573 | 13
263480 | 20 | 7.02488 | 3
263481 | 20 | 4.63978e-310 | 10
131741 | 19 | 4.63978e-310 | 9
65871 | 18 | 4.63978e-310 | 6
515 | 11 | 9.60622 | 26
1030 | 12 | 4.63978e-310 | 4
1031 | 12 | 9.00488 | 22
2062 | 13 | 4.00636 | 15
4124 | 14 | 4.49833 | 10
4125 | 14 | 1.63042e-322 | 5
2063 | 13 | 4.63978e-310 | 7
129 | 9 | 4.63978e-310 | 6
65 | 8 | 5.8428 | 17
130 | 9 | 5.44302 | 11
260 | 10 | 2.10488 | 7
261 | 10 | 3.12881 | 4
131 | 9 | 4.63978e-310 | 6
33 | 7 | 7.11455e-322 | 3
17 | 6 | 16.7827 | 44
35 | 7 | 16.7827 | 44
70 | 8 | 4.23909 | 9
71 | 8 | 14.5231 | 35
143 | 9 | 14.5231 | 35
287 | 10 | 14.5231 | 35
575 | 11 | 14.5231 | 35
1150 | 12 | 2.07968 | 3
1151 | 12 | 14.5231 | 32
2303 | 13 | 14.5231 | 32
4606 | 14 | 8.83293 | 18
9213 | 15 | 8.83293 | 18
18427 | 16 | 8.83293 | 18
36854 | 17 | 2.27173 | 10
36855 | 17 | 2.50695 | 8
4607 | 14 | 6.37285 | 14
9214 | 15 | 9.24335 | 10
9215 | 15 | 14.3708 | 4
9 | 5 | 15.979 | 87
19 | 6 | 15.979 | 87
38 | 7 | 13.9417 | 76
76 | 8 | 13.9417 | 72
152 | 9 | 7.24659 | 45
304 | 10 | 39.1079 | 9
305 | 10 | 5.91323 | 36
611 | 11 | 5.91323 | 36
1222 | 12 | 3.39695 | 18
2444 | 13 | 7.4403 | 3
2445 | 13 | 2.38901 | 15
4891 | 14 | 2.38901 | 15
9782 | 15 | 1.24359 | 9
9783 | 15 | 2.58302 | 6
1223 | 12 | 4.3096 | 18
2446 | 13 | 4.63978e-310 | 4
2447 | 13 | 3.76383 | 14
4895 | 14 | 3.76383 | 14
9790 | 15 | 0.687938 | 3
9791 | 15 | 3.51078 | 11
19582 | 16 | 0.728959 | 7
19583 | 16 | 1.05268 | 4
153 | 9 | 11.235 | 27
306 | 10 | 4.63978e-310 | 7
307 | 10 | 3.86754 | 20
615 | 11 | 3.86754 | 20
1230 | 12 | 0.0258962 | 4
1231 | 12 | 3.51851 | 16
2462 | 13 | 3.51851 | 16
4924 | 14 | 3.51851 | 16
9848 | 15 | 0.920897 | 3
9849 | 15 | 3.51851 | 13
19698 | 16 | 7.11455e-322 | 5
19699 | 16 | 0.859649 | 8
77 | 8 | 4.63978e-310 | 4
39 | 7 | 9.27988 | 11
78 | 8 | 4.63978e-310 | 10
79 | 8 | 4.63978e-310 | 1
5 | 4 | 27.6851 | 951
10 | 5 | 18.1285 | 554
20 | 6 | 4.63978e-310 | 5
21 | 6 | 18.0053 | 549
42 | 7 | 13.0374 | 30
84 | 8 | 13.0374 | 30
168 | 9 | 9.63277 | 23
336 | 10 | 8.37131 | 20
672 | 11 | 8.37131 | 20
1344 | 12 | 73.0087 | 6
1345 | 12 | 5.10282 | 14
2690 | 13 | 0.53311 | 2
2691 | 13 | 4.71972 | 12
5382 | 14 | 4.71972 | 12
10764 | 15 | 5.26216 | 10
10765 | 15 | 1.63042e-322 | 2
337 | 10 | 4.63978e-310 | 3
169 | 9 | 4.63978e-310 | 7
43 | 7 | 17.6561 | 519
86 | 8 | 8.56275 | 38
172 | 9 | 2.38356 | 11
344 | 10 | 4.63978e-310 | 3
345 | 10 | 4.63978e-310 | 8
173 | 9 | 6.58495 | 27
346 | 10 | 0.887469 | 7
347 | 10 | 5.48291 | 20
694 | 11 | 5.48291 | 20
1388 | 12 | 6.90513e-310 | 4
1389 | 12 | 3.04584 | 16
2778 | 13 | 2.27432 | 14
5556 | 14 | 0.085232 | 1
5557 | 14 | 2.27432 | 13
11114 | 15 | 3.11282 | 6
11115 | 15 | 8.20434 | 7
2779 | 13 | 4.63978e-310 | 2
87 | 8 | 16.3434 | 481
174 | 9 | 15.4079 | 428
348 | 10 | 15.4079 | 329
696 | 11 | 15.4079 | 329
1393 | 12 | 15.4079 | 329
2786 | 13 | 15.4079 | 310
5572 | 14 | 6.52618 | 41
11144 | 15 | 6.51266 | 1
11145 | 15 | 6.28268 | 40
22290 | 16 | 4.79244e-322 | 2
22291 | 16 | 6.28268 | 38
44583 | 17 | 6.28268 | 38
89166 | 18 | 1.41078 | 6
89167 | 18 | 5.22538 | 32
178335 | 19 | 5.22538 | 32
356670 | 20 | 5.22538 | 32
713340 | 21 | 2.60705 | 17
1426680 | 22 | 0.0664195 | 7
1426681 | 22 | 1.08598 | 10
713341 | 21 | 3.7641 | 15
1426682 | 22 | 2.16135 | 8
1426683 | 22 | 0 | 7
5573 | 14 | 10.6757 | 269
11146 | 15 | 8.29811 | 85
22292 | 16 | 8.29811 | 85
44584 | 17 | 2.78403 | 17
89168 | 18 | 2.22102 | 14
178336 | 19 | 4.63978e-310 | 1
178337 | 19 | 1.85649 | 13
356674 | 20 | 1.85649 | 13
713348 | 21 | 20.604 | 9
713349 | 21 | 0.0472691 | 4
89169 | 18 | 4.63978e-310 | 3
44585 | 17 | 6.10875 | 68
89171 | 18 | 6.10875 | 68
178343 | 19 | 6.10875 | 68
356686 | 20 | 5.84982 | 59
713372 | 21 | 5.45656 | 15
1426744 | 22 | 5.45656 | 15
2853488 | 23 | 1.4889 | 2
2853489 | 23 | 4.07108 | 13
5706979 | 24 | 4.07108 | 13
11413959 | 25 | 4.07108 | 13
22827918 | 26 | 8.04879 | 5
22827919 | 26 | 6.107 | 8
713373 | 21 | 5.44457 | 44
1426746 | 22 | 5.44457 | 44
2853492 | 23 | 4.56396 | 34
5706985 | 24 | 4.56396 | 34
11413971 | 25 | 4.56396 | 34
22827942 | 26 | 2.59132 | 23
45655884 | 27 | 2.13454 | 11
91311769 | 28 | 2.13454 | 11
182623538 | 29 | 0.770869 | 6
182623539 | 29 | 0.769534 | 5
45655885 | 27 | 2.44787 | 12
91311770 | 28 | 2.44787 | 12
182623540 | 29 | 0.0903137 | 7
182623541 | 29 | 0.769534 | 5
22827943 | 26 | 1.74265 | 11
45655886 | 27 | 1.74265 | 11
91311772 | 28 | 1.74265 | 11
182623544 | 29 | 2.53551 | 2
182623545 | 29 | 0.237662 | 9
2853493 | 23 | 4.63978e-310 | 10
356687 | 20 | 4.63978e-310 | 9
11147 | 15 | 9.81999 | 184
22294 | 16 | 4.98445 | 18
44589 | 17 | 4.98445 | 18
89178 | 18 | 14.2589 | 8
89179 | 18 | 11.5201 | 10
22295 | 16 | 8.97025 | 166
44590 | 17 | 5.24714 | 51
89180 | 18 | 3.8619 | 24
178360 | 19 | 4.76221 | 2
178361 | 19 | 3.8619 | 22
356722 | 20 | 4.79244e-322 | 2
356723 | 20 | 3.85487 | 20
713446 | 21 | 29.6433 | 7
713447 | 21 | 1.76505 | 13
1426894 | 22 | 1.76505 | 13
2853788 | 23 | 1.19736 | 4
2853789 | 23 | 8.0403 | 9
89181 | 18 | 3.33888 | 27
178362 | 19 | 1.806 | 12
356724 | 20 | 1.7842 | 11
713448 | 21 | 1.7842 | 11
1426896 | 22 | 0.406892 | 4
1426897 | 22 | 3.53405 | 7
356725 | 20 | 4.63978e-310 | 1
178363 | 19 | 1.57885 | 15
356726 | 20 | 1.57885 | 15
713452 | 21 | 1.57885 | 15
1426904 | 22 | 1.57885 | 15
2853808 | 23 | 2.15703 | 4
2853809 | 23 | 0.976002 | 11
5707618 | 24 | 1.92188 | 10
5707619 | 24 | 0.185554 | 1
44591 | 17 | 7.31315 | 115
89182 | 18 | 6.72607 | 93
178364 | 19 | 6.72607 | 92
356728 | 20 | 6.72607 | 92
713456 | 21 | 5.15634 | 26
1426913 | 22 | 5.15634 | 26
2853826 | 23 | 1.27124 | 5
2853827 | 23 | 3.91377 | 21
5707655 | 24 | 3.91377 | 21
11415310 | 25 | 3.91377 | 21
22830620 | 26 | 2.93307 | 14
45661241 | 27 | 2.93307 | 14
91322482 | 28 | 2.93307 | 14
182644964 | 29 | 17.8796 | 9
182644965 | 29 | 5.82021 | 5
22830621 | 26 | 4.63978e-310 | 7
713457 | 21 | 5.86471 | 66
1426914 | 22 | 4.63978e-310 | 6
1426915 | 22 | 5.48647 | 60
2853830 | 23 | 4.63978e-310 | 9
2853831 | 23 | 5.27918 | 51
5707662 | 24 | 3.62666 | 14
11415324 | 25 | 3.62666 | 14
22830648 | 26 | 0.773858 | 9
22830649 | 26 | 7.23008 | 5
5707663 | 24 | 4.15221 | 37
11415327 | 25 | 4.15221 | 37
22830654 | 26 | 4.15221 | 37
45661308 | 27 | 4.15221 | 37
91322617 | 28 | 4.15221 | 37
182645234 | 29 | 2.31479 | 13
365290468 | 30 | 15.5128 | 2
365290469 | 30 | 2.00343 | 11
730580938 | 31 | 2.00343 | 11
1461161876 | 32 | 1.80979 | 3
1461161877 | 32 | 4.63978e-310 | 8
182645235 | 29 | 2.39523 | 24
365290470 | 30 | 2.39523 | 24
730580940 | 31 | 2.39523 | 24
1461161880 | 32 | 0.193228 | 1
1461161881 | 32 | 2.29454 | 23
2922323762 | 33 | 1.80442 | 10
2922323763 | 33 | 1.45178 | 13
5844647527 | 34 | 1.45178 | 13
11689295054 | 35 | 4.08444 | 3
11689295055 | 35 | 4.63978e-310 | 10
178365 | 19 | 4.63978e-310 | 1
89183 | 18 | 5.36768 | 22
178367 | 19 | 5.36768 | 22
356734 | 20 | 3.91943 | 18
713469 | 21 | 3.91943 | 18
1426939 | 22 | 3.91943 | 18
2853878 | 23 | 3.58355 | 16
5707757 | 24 | 3.58355 | 16
11415514 | 25 | 4.63978e-310 | 8
11415515 | 25 | 4.63978e-310 | 8
2853879 | 23 | 4.63978e-310 | 2
356735 | 20 | 4.63978e-310 | 4
2787 | 13 | 6.84562 | 19
5574 | 14 | 6.23188 | 18
11148 | 15 | 6.23188 | 18
22296 | 16 | 6.23188 | 17
44592 | 17 | 4.63978e-310 | 8
44593 | 17 | 4.63978e-310 | 9
22297 | 16 | 4.63978e-310 | 1
5575 | 14 | 4.63978e-310 | 1
349 | 10 | 10.5744 | 99
698 | 11 | 8.23316 | 71
1396 | 12 | 8.23316 | 71
2792 | 13 | 8.00888 | 40
5584 | 14 | 8.00888 | 40
11168 | 15 | 2.55142 | 21
22337 | 16 | 2.55142 | 21
44674 | 17 | 2.55142 | 21
89348 | 18 | 2.37152e-322 | 5
89349 | 18 | 2.04037 | 16
178698 | 19 | 2.04037 | 16
357396 | 20 | 3.21143e-322 | 3
357397 | 20 | 1.61802 | 13
714794 | 21 | 0.935909 | 10
714795 | 21 | 2.22586 | 3
11169 | 15 | 5.7694 | 19
22339 | 16 | 5.7694 | 19
44679 | 17 | 5.7694 | 19
89358 | 18 | 5.7694 | 19
178716 | 19 | 5.7694 | 19
357432 | 20 | 5.7694 | 19
714864 | 21 | 31.0632 | 3
714865 | 21 | 3.04529 | 16
1429730 | 22 | 4.63978e-310 | 2
1429731 | 22 | 2.7812 | 14
2859462 | 23 | 2.7812 | 14
5718924 | 24 | 1.63042e-322 | 2
5718925 | 24 | 1.92462 | 12
11437850 | 25 | 1.1907e-321 | 6
11437851 | 25 | 0 | 6
2793 | 13 | 7.366 | 31
5586 | 14 | 3.22599 | 25
11172 | 15 | 4.63978e-310 | 3
11173 | 15 | 2.7638 | 22
22346 | 16 | 2.7638 | 22
44692 | 17 | 9.27381 | 7
44693 | 17 | 1.96484 | 15
89386 | 18 | 4.63978e-310 | 5
89387 | 18 | 4.63978e-310 | 10
5587 | 14 | 4.63978e-310 | 6
699 | 11 | 5.35026 | 28
1398 | 12 | 4.63978e-310 | 6
1399 | 12 | 4.44826 | 22
2799 | 13 | 4.44826 | 22
5598 | 14 | 4.63978e-310 | 8
5599 | 14 | 2.25401 | 14
11198 | 15 | 2.24286 | 12
22396 | 16 | 2.24286 | 12
44792 | 17 | 2.24286 | 12
89584 | 18 | 4.63978e-310 | 8
89585 | 18 | 1.39343 | 4
11199 | 15 | 4.63978e-310 | 2
175 | 9 | 13.5723 | 53
350 | 10 | 4.63978e-310 | 2
351 | 10 | 13.5723 | 51
702 | 11 | 12.0766 | 37
1405 | 12 | 12.0766 | 37
2810 | 13 | 0.361522 | 3
2811 | 13 | 12.0766 | 34
5622 | 14 | 10.7438 | 24
11244 | 15 | 10.7438 | 24
22489 | 16 | 10.7438 | 24
44978 | 17 | 10.7438 | 24
89956 | 18 | 10.7438 | 14
179912 | 19 | 1.63042e-322 | 1
179913 | 19 | 10.7438 | 13
359826 | 20 | 10.7438 | 13
719653 | 21 | 10.7438 | 13
1439307 | 22 | 10.7438 | 13
2878614 | 23 | 10.2203 | 12
5757228 | 24 | 10.2203 | 11
11514456 | 25 | 1.04148 | 3
11514457 | 25 | 4.63978e-310 | 8
5757229 | 24 | 4.63978e-310 | 1
2878615 | 23 | 4.63978e-310 | 1
89957 | 18 | 4.63978e-310 | 10
5623 | 14 | 4.63978e-310 | 10
703 | 11 | 2.53729 | 14
1406 | 12 | 4.63978e-310 | 8
1407 | 12 | 4.63978e-310 | 6
11 | 5 | 17.5786 | 397
22 | 6 | 15.5118 | 277
44 | 7 | 13.6242 | 271
89 | 8 | 13.6242 | 271
178 | 9 | 13.6242 | 271
356 | 10 | 13.4992 | 248
712 | 11 | 8.71005 | 142
1424 | 12 | 4.63978e-310 | 9
1425 | 12 | 7.13918 | 133
2850 | 13 | 1.63042e-322 | 5
2851 | 13 | 7.04669 | 128
5702 | 14 | 6.89657 | 116
11404 | 15 | 3.89703 | 57
22808 | 16 | 1.58101e-322 | 3
22809 | 16 | 3.68006 | 54
45618 | 17 | 2.40394 | 17
91236 | 18 | 1.63042e-322 | 6
91237 | 18 | 1.36302 | 11
182474 | 19 | 1.36302 | 11
364948 | 20 | 20.8973 | 8
364949 | 20 | 87.6756 | 3
45619 | 17 | 3.22251 | 37
91238 | 18 | 3.22251 | 37
182476 | 19 | 0.421431 | 7
182477 | 19 | 2.61716 | 30
364954 | 20 | 2.61716 | 23
729908 | 21 | 1.91005 | 15
1459817 | 22 | 1.91005 | 15
2919634 | 23 | 1.2423 | 12
5839268 | 24 | 0.754925 | 4
5839269 | 24 | 0.364959 | 8
2919635 | 23 | 2.1291 | 3
729909 | 21 | 4.63978e-310 | 8
364955 | 20 | 4.63978e-310 | 7
11405 | 15 | 4.50345 | 59
22810 | 16 | 3.83361 | 39
45621 | 17 | 3.83361 | 39
91242 | 18 | 1.72992 | 8
91243 | 18 | 2.99627 | 31
182487 | 19 | 2.99627 | 31
364974 | 20 | 8.68013 | 5
364975 | 20 | 2.37305 | 26
729950 | 21 | 2.37305 | 26
1459900 | 22 | 1.78708 | 15
2919800 | 23 | 1.5072 | 13
5839600 | 24 | 0.912575 | 6
5839601 | 24 | 1.41994 | 7
2919801 | 23 | 4.63978e-310 | 2
1459901 | 22 | 1.62571 | 11
2919803 | 23 | 1.62571 | 11
5839606 | 24 | 0.766983 | 8
5839607 | 24 | 4.63978e-310 | 3
22811 | 16 | 2.51054 | 20
45622 | 17 | 2.51054 | 13
91244 | 18 | 2.51054 | 13
182488 | 19 | 4.63978e-310 | 6
182489 | 19 | 4.63978e-310 | 7
45623 | 17 | 4.63978e-310 | 7
5703 | 14 | 5.69475 | 12
11406 | 15 | 4.63978e-310 | 1
11407 | 15 | 4.86288 | 11
22815 | 16 | 4.86288 | 11
45630 | 17 | 4.86288 | 11
91260 | 18 | 1.0774 | 10
91261 | 18 | 0 | 1
713 | 11 | 10.8968 | 106
1426 | 12 | 10.2441 | 88
2852 | 13 | 9.16103 | 74
5705 | 14 | 9.16103 | 74
11411 | 15 | 9.16103 | 74
22822 | 16 | 9.16103 | 72
45644 | 17 | 5.71617 | 63
91288 | 18 | 4.63978e-310 | 3
91289 | 18 | 4.68443 | 60
182578 | 19 | 2.29989 | 11
365157 | 20 | 2.29989 | 11
730314 | 21 | 4.63978e-310 | 6
730315 | 21 | 4.63978e-310 | 5
182579 | 19 | 3.83704 | 49
365159 | 20 | 3.83704 | 49
730318 | 21 | 0.558268 | 9
730319 | 21 | 3.29876 | 40
1460638 | 22 | 3.29876 | 40
2921276 | 23 | 3.29876 | 40
5842552 | 24 | 2.48581 | 14
11685104 | 25 | 0.336542 | 4
11685105 | 25 | 1.4123 | 10
5842553 | 24 | 3.28378 | 26
11685106 | 25 | 2.84808 | 24
23370212 | 26 | 1.69849 | 14
46740425 | 27 | 1.69849 | 14
93480850 | 28 | 4.63978e-310 | 5
93480851 | 28 | 24.0143 | 9
23370213 | 26 | 4.63978e-310 | 10
11685107 | 25 | 4.63978e-310 | 2
45645 | 17 | 4.63978e-310 | 9
22823 | 16 | 4.63978e-310 | 2
2853 | 13 | 4.44811 | 14
5707 | 14 | 4.44811 | 14
11414 | 15 | 0.531533 | 5
11415 | 15 | 4.63978e-310 | 9
1427 | 12 | 9.27029 | 18
2854 | 13 | 3.96608 | 13
5708 | 14 | 3.96608 | 13
11417 | 15 | 3.96608 | 13
22834 | 16 | 6.90513e-310 | 7
22835 | 16 | 1.23513 | 6
2855 | 13 | 4.63978e-310 | 5
357 | 10 | 8.97457 | 23
714 | 11 | 42.3148 | 3
715 | 11 | 8.97457 | 20
1430 | 12 | 4.63978e-310 | 1
1431 | 12 | 7.7693 | 19
2862 | 13 | 7.7693 | 19
5725 | 14 | 7.7693 | 19
11450 | 15 | 4.26409 | 13
22900 | 16 | 28.2718 | 2
22901 | 16 | 4.26409 | 11
45802 | 17 | 4.26409 | 11
91604 | 18 | 42.1093 | 2
91605 | 18 | 3.21143e-322 | 9
11451 | 15 | 4.63978e-310 | 6
45 | 7 | 4.63978e-310 | 6
23 | 6 | 12.811 | 120
46 | 7 | 7.51489 | 48
92 | 8 | 4.53485 | 44
184 | 9 | 3.73276 | 37
368 | 10 | 2.3218 | 18
736 | 11 | 2.3218 | 18
1472 | 12 | 1.63042e-322 | 2
1473 | 12 | 1.99574 | 16
2947 | 13 | 1.99574 | 16
5895 | 14 | 1.99574 | 16
11790 | 15 | 0.0434163 | 8
11791 | 15 | 1.51273 | 8
369 | 10 | 2.32523 | 19
739 | 11 | 2.32523 | 19
1478 | 12 | 2.32523 | 19
2956 | 13 | 2.32523 | 19
5913 | 14 | 2.32523 | 19
11826 | 15 | 1.8614 | 16
23652 | 16 | 0.737392 | 5
23653 | 16 | 1.68873 | 11
47307 | 17 | 1.68873 | 11
94614 | 18 | 0.144798 | 3
94615 | 18 | 4.63978e-310 | 8
11827 | 15 | 4.63978e-310 | 3
185 | 9 | 4.63978e-310 | 7
93 | 8 | 4.63978e-310 | 4
47 | 7 | 10.97 | 72
94 | 8 | 5.71857 | 61
188 | 9 | 5.71857 | 59
376 | 10 | 4.74286 | 47
752 | 11 | 2.7291 | 21
1504 | 12 | 2.7291 | 19
3008 | 13 | 1.58101e-322 | 6
3009 | 13 | 1.78239 | 13
6018 | 14 | 1.78239 | 13
12036 | 15 | 1.36823 | 11
24073 | 16 | 1.36823 | 11
48146 | 17 | 1.36823 | 11
96292 | 18 | 1.58101e-322 | 9
96293 | 18 | 1.63042e-322 | 2
12037 | 15 | 4.63978e-310 | 2
1505 | 12 | 4.63978e-310 | 2
753 | 11 | 2.71148 | 26
1506 | 12 | 1.65001 | 16
3012 | 13 | 1.46416 | 13
6024 | 14 | 1.46416 | 13
12048 | 15 | 1.46416 | 13
24096 | 16 | 0.406015 | 9
24097 | 16 | 0.167764 | 4
3013 | 13 | 4.63978e-310 | 3
1507 | 12 | 4.63978e-310 | 10
377 | 10 | 1.84401 | 12
754 | 11 | 4.63978e-310 | 10
755 | 11 | 0.573966 | 2
189 | 9 | 4.63978e-310 | 2
95 | 8 | 7.52662 | 11
190 | 9 | 1.52451 | 3
191 | 9 | 4.63978e-310 | 8
1 | 1 | 16.1729 | 223
2 | 2 | 9.65155 | 107
4 | 3 | 9.65155 | 106
8 | 4 | 9.65155 | 60
16 | 5 | 7.91137 | 39
32 | 6 | 4.63978e-310 | 10
33 | 6 | 4.65129 | 29
66 | 7 | 4.65129 | 28
132 | 8 | 3.82746 | 24
264 | 9 | 1.58101e-322 | 2
265 | 9 | 3.36701 | 22
530 | 10 | 3.36701 | 22
1060 | 11 | 2.48591 | 11
2120 | 12 | 1.32206 | 3
2121 | 12 | 4.63978e-310 | 8
1061 | 11 | 1.53342 | 11
2122 | 12 | 0.756547 | 4
2123 | 12 | 0.423728 | 7
133 | 8 | 4.63978e-310 | 4
67 | 7 | 4.63978e-310 | 1
17 | 5 | 2.72571 | 21
34 | 6 | 2.0425 | 14
69 | 7 | 2.0425 | 14
138 | 8 | 0.521786 | 2
139 | 8 | 1.87345 | 12
278 | 9 | 5.65477 | 8
279 | 9 | 0.44797 | 4
35 | 6 | 4.63978e-310 | 7
9 | 4 | 6.64272 | 46
18 | 5 | 3.99867 | 25
36 | 6 | 3.99867 | 25
72 | 7 | 3.99867 | 25
144 | 8 | 0.348546 | 7
145 | 8 | 2.995 | 18
290 | 9 | 2.68983 | 16
581 | 10 | 2.68983 | 16
1162 | 11 | 0.00396517 | 3
1163 | 11 | 1.98641 | 13
2326 | 12 | 0.0801829 | 8
2327 | 12 | 1.06158 | 5
291 | 9 | 0.209399 | 2
19 | 5 | 5.33626 | 21
38 | 6 | 3.30223 | 13
77 | 7 | 3.30223 | 13
154 | 8 | 4.10475 | 8
155 | 8 | 0.981296 | 5
39 | 6 | 4.63978e-310 | 8
5 | 3 | 4.63978e-310 | 1
3 | 2 | 12.1262 | 116
6 | 3 | 9.11228 | 74
12 | 4 | 9.11228 | 73
24 | 5 | 4.63978e-310 | 7
25 | 5 | 8.9386 | 66
50 | 6 | 8.18584 | 57
101 | 7 | 8.18584 | 57
203 | 8 | 8.18584 | 57
406 | 9 | 5.07637 | 28
812 | 10 | 5.07637 | 28
1624 | 11 | 2.70056 | 11
3248 | 12 | 37.071 | 3
3249 | 12 | 4.63978e-310 | 8
1625 | 11 | 4.09798 | 17
3250 | 12 | 6.90513e-310 | 4
3251 | 12 | 2.932 | 13
6502 | 13 | 4.63978e-310 | 3
6503 | 13 | 4.63978e-310 | 10
407 | 9 | 6.68555 | 29
815 | 10 | 6.68555 | 29
1630 | 11 | 6.68555 | 29
3260 | 12 | 5.76046 | 19
6521 | 13 | 5.76046 | 19
13042 | 14 | 4.83804 | 15
26084 | 15 | 4.47461 | 13
52169 | 16 | 4.47461 | 13
104338 | 17 | 2.62072 | 4
104339 | 17 | 1.94668 | 9
26085 | 15 | 4.63978e-310 | 2
13043 | 14 | 4.63978e-310 | 4
3261 | 12 | 4.63978e-310 | 10
51 | 6 | 4.63978e-310 | 9
13 | 4 | 4.63978e-310 | 1
7 | 3 | 9.24425 | 42
14 | 4 | 4.63978e-310 | 4
15 | 4 | 8.10463 | 38
30 | 5 | 5.24336 | 8
31 | 5 | 5.59537 | 30
63 | 6 | 5.59537 | 30
126 | 7 | 5.59537 | 30
252 | 8 | 5.59537 | 29
505 | 9 | 5.59537 | 29
1010 | 10 | 5.59537 | 29
2020 | 11 | 3.85886 | 18
4040 | 12 | 3.20631 | 15
8081 | 13 | 3.20631 | 15
16162 | 14 | 2.93351 | 1
16163 | 14 | 3.00004 | 14
32327 | 15 | 3.00004 | 14
64654 | 16 | 3.00004 | 14
129308 | 17 | 0.102476 | 4
129309 | 17 | 4.3098 | 10
4041 | 12 | 4.63978e-310 | 3
2021 | 11 | 2.8703 | 11
4042 | 12 | 1.75331 | 2
4043 | 12 | 16.8745 | 9
253 | 8 | 4.63978e-310 | 1
