ID | Depth | diameter | Number of points
0 | 0 | 29.316 | 1600
0 | 1 | 27.784 | 1362
0 | 2 | 26.9182 | 1104
0 | 3 | 15.7528 | 160
0 | 4 | 9.48281 | 68
0 | 5 | 3.2041 | 11
0 | 6 | 10.6441 | 6
1 | 6 | 1.50181 | 5
1 | 5 | 7.71719 | 57
2 | 6 | 7.71719 | 57
4 | 7 | 5.79275 | 11
8 | 8 | 0.184063 | 4
9 | 8 | 0.632932 | 7
5 | 7 | 7.71719 | 46
10 | 8 | 0.456548 | 9
11 | 8 | 5.23548 | 37
23 | 9 | 5.23548 | 37
46 | 10 | 5.23548 | 37
92 | 11 | 6.0206 | 3
93 | 11 | 4.94458 | 34
186 | 12 | 4.03841 | 28
372 | 13 | 4.03841 | 28
744 | 14 | 1.56836 | 12
1489 | 15 | 1.56836 | 12
2978 | 16 | 4.63978e-310 | 6
2979 | 16 | 4.63978e-310 | 6
745 | 14 | 2.60933 | 16
1491 | 15 | 2.60933 | 16
2982 | 16 | 2.01547 | 14
5964 | 17 | 6.90513e-310 | 5
5965 | 17 | 4.63978e-310 | 9
2983 | 16 | 4.63978e-310 | 2
187 | 12 | 4.63978e-310 | 6
1 | 4 | 15.7477 | 92
2 | 5 | 12.0107 | 78
5 | 6 | 12.0107 | 78
10 | 7 | 10.6147 | 77
20 | 8 | 4.77303 | 33
41 | 9 | 4.77303 | 33
82 | 10 | 3.6324 | 30
164 | 11 | 2.72571 | 19
328 | 12 | 2.72571 | 18
656 | 13 | 11.9635 | 5
657 | 13 | 2.25477 | 13
1314 | 14 | 2.01749 | 12
2628 | 15 | 0.914638 | 3
2629 | 15 | 4.63978e-310 | 9
1315 | 14 | 0.034538 | 1
329 | 12 | 4.63978e-310 | 1
165 | 11 | 2.76255 | 11
331 | 12 | 2.76255 | 11
662 | 13 | 8.22009 | 3
663 | 13 | 4.63978e-310 | 8
83 | 10 | 4.63978e-310 | 3
21 | 8 | 6.54441 | 44
42 | 9 | 6.54441 | 44
85 | 10 | 6.54441 | 44
170 | 11 | 5.1613 | 38
340 | 12 | 5.1613 | 38
680 | 13 | 5.09057 | 23
1360 | 14 | 0 | 6
1361 | 14 | 2.2173 | 17
2723 | 15 | 2.2173 | 17
5446 | 16 | 2.2173 | 15
10892 | 17 | 2.08346 | 13
21785 | 18 | 2.08346 | 13
43571 | 19 | 2.08346 | 13
87142 | 20 | 1.71834 | 11
174284 | 21 | 0 | 10
174285 | 21 | 33.5314 | 1
87143 | 20 | 4.63978e-310 | 2
10893 | 17 | 4.63978e-310 | 2
5447 | 16 | 4.63978e-310 | 2
681 | 13 | 4.3313 | 15
1362 | 14 | 4.63978e-310 | 6
1363 | 14 | 4.63978e-310 | 9
171 | 11 | 4.63978e-310 | 6
11 | 7 | 4.63978e-310 | 1
3 | 5 | 3.58666 | 14
6 | 6 | 4.63978e-310 | 7
7 | 6 | 4.63978e-310 | 7
1 | 3 | 26.5676 | 944
2 | 4 | 26.5676 | 944
5 | 5 | 26.5676 | 944
10 | 6 | 22.4296 | 751
20 | 7 | 22.3986 | 734
40 | 8 | 7.78948 | 44
80 | 9 | 7.57344 | 19
160 | 10 | 0.169956 | 1
161 | 10 | 6.31262 | 18
323 | 11 | 6.31262 | 18
647 | 12 | 6.31262 | 18
1294 | 13 | 2.5551 | 11
2589 | 14 | 2.5551 | 11
5178 | 15 | 3.32693 | 2
5179 | 15 | 10.5091 | 9
1295 | 13 | 4.63978e-310 | 7
81 | 9 | 7.00733 | 25
162 | 10 | 4.68929 | 21
324 | 11 | 3.43164 | 16
648 | 12 | 3.21143e-322 | 7
649 | 12 | 1.393 | 9
325 | 11 | 4.63978e-310 | 5
163 | 10 | 4.63978e-310 | 4
41 | 8 | 20.5131 | 690
83 | 9 | 20.5131 | 690
166 | 10 | 18.0102 | 303
332 | 11 | 12.6771 | 184
664 | 12 | 12.6771 | 149
1328 | 13 | 6.43208 | 16
2656 | 14 | 1.07026 | 2
2657 | 14 | 3.05277 | 14
5314 | 15 | 3.05277 | 14
10628 | 16 | 1.72613 | 5
10629 | 16 | 0.0990325 | 9
1329 | 13 | 12.6771 | 133
2658 | 14 | 10.9146 | 111
5316 | 15 | 10.9146 | 93
10632 | 16 | 10.5108 | 81
21264 | 17 | 2.2477 | 4
21265 | 17 | 9.07549 | 77
42530 | 18 | 9.07549 | 77
85061 | 19 | 9.07549 | 77
170122 | 20 | 5.12676 | 44
340244 | 21 | 0.10162 | 5
340245 | 21 | 4.97376 | 39
680490 | 22 | 0 | 2
680491 | 22 | 4.97376 | 37
1360982 | 23 | 3.00509 | 22
2721964 | 24 | 3.00509 | 22
5443928 | 25 | 3.00509 | 22
10887856 | 26 | 2.67112 | 20
21775712 | 27 | 1.99651 | 8
21775713 | 27 | 2.67112 | 12
43551426 | 28 | 2.13932 | 3
43551427 | 28 | 4.63978e-310 | 9
10887857 | 26 | 4.63978e-310 | 2
1360983 | 23 | 2.73843 | 15
2721967 | 24 | 2.73843 | 15
5443934 | 25 | 6.31251 | 8
5443935 | 25 | 0.819315 | 7
170123 | 20 | 4.02204 | 33
340246 | 21 | 4.02204 | 33
680493 | 22 | 4.02204 | 33
1360986 | 23 | 3.50721 | 30
2721972 | 24 | 3.50721 | 28
5443944 | 25 | 3.40908 | 22
10887888 | 26 | 4.63978e-310 | 8
10887889 | 26 | 1.96825 | 14
21775778 | 27 | 1.96825 | 14
43551556 | 28 | 0.581194 | 2
43551557 | 28 | 1.65879 | 12
87103114 | 29 | 1.65879 | 11
174206228 | 30 | 0.711374 | 6
174206229 | 30 | 3.89882 | 5
87103115 | 29 | 4.63978e-310 | 1
5443945 | 25 | 4.63978e-310 | 6
2721973 | 24 | 4.63978e-310 | 2
1360987 | 23 | 4.63978e-310 | 3
10633 | 16 | 9.53447 | 12
21266 | 17 | 4.63978e-310 | 6
21267 | 17 | 4.63978e-310 | 6
5317 | 15 | 2.15454 | 18
10635 | 16 | 2.15454 | 18
21270 | 17 | 4.63978e-310 | 9
21271 | 17 | 4.63978e-310 | 9
2659 | 14 | 6.49716 | 22
5318 | 15 | 6.49716 | 22
10636 | 16 | 6.49716 | 22
21273 | 17 | 6.49716 | 22
42546 | 18 | 6.49716 | 22
85092 | 19 | 1.69034 | 4
85093 | 19 | 6.39405 | 18
170187 | 20 | 6.39405 | 18
340374 | 21 | 6.39405 | 18
680748 | 22 | 6.39405 | 15
1361496 | 23 | 1.06641 | 6
1361497 | 23 | 0.715358 | 9
680749 | 22 | 0.368413 | 3
665 | 12 | 7.54324 | 35
1331 | 13 | 7.54324 | 35
2662 | 14 | 4.63978e-310 | 4
2663 | 14 | 6.2722 | 31
5326 | 15 | 4.37185 | 11
10652 | 16 | 4.37185 | 11
21304 | 17 | 2.37152e-322 | 9
21305 | 17 | 2.37152e-322 | 2
5327 | 15 | 3.7898 | 20
10654 | 16 | 3.7898 | 20
21309 | 17 | 3.7898 | 20
42619 | 18 | 3.7898 | 20
85238 | 19 | 8.43049 | 10
85239 | 19 | 10.7137 | 10
333 | 11 | 9.92168 | 119
667 | 12 | 9.92168 | 119
1334 | 13 | 4.63978e-310 | 1
1335 | 13 | 9.92168 | 118
2670 | 14 | 7.33119 | 44
5340 | 15 | 3.64627 | 25
10680 | 16 | 3.64627 | 25
21360 | 17 | 3.64627 | 24
42720 | 18 | 2.07595 | 11
85441 | 19 | 2.07595 | 11
170882 | 20 | 4.63978e-310 | 10
170883 | 20 | 0 | 1
42721 | 18 | 2.58612 | 13
85442 | 19 | 4.13488 | 1
85443 | 19 | 1.99345 | 12
170886 | 20 | 2.1622 | 8
170887 | 20 | 1.30663 | 4
21361 | 17 | 4.63978e-310 | 1
5341 | 15 | 3.11916 | 19
10682 | 16 | 3.11916 | 19
21364 | 17 | 0.124038 | 9
21365 | 17 | 1.85057 | 10
2671 | 14 | 9.09021 | 74
5342 | 15 | 6.06616 | 47
10684 | 16 | 4.3662 | 41
21368 | 17 | 3.4804 | 36
42736 | 18 | 0.571708 | 1
42737 | 18 | 3.4804 | 35
85474 | 19 | 3.4742 | 33
170949 | 20 | 3.4742 | 33
341899 | 21 | 3.4742 | 33
683798 | 22 | 2.13043 | 12
1367596 | 23 | 6.90513e-310 | 9
1367597 | 23 | 2.24005 | 3
683799 | 22 | 3.4742 | 21
1367598 | 23 | 1.5028 | 5
1367599 | 23 | 2.66464 | 16
2735198 | 24 | 2.36472 | 13
5470397 | 25 | 2.36472 | 13
10940794 | 26 | 0.666278 | 2
10940795 | 26 | 2.01463 | 11
21881590 | 27 | 1.53152 | 7
21881591 | 27 | 5.10199 | 4
2735199 | 24 | 4.63978e-310 | 3
85475 | 19 | 4.63978e-310 | 2
21369 | 17 | 4.63978e-310 | 5
10685 | 16 | 4.63978e-310 | 6
5343 | 15 | 8.14609 | 27
10686 | 16 | 7.47548 | 21
21372 | 17 | 39.3401 | 2
21373 | 17 | 7.47548 | 19
42746 | 18 | 3.38951 | 18
85492 | 19 | 0.402523 | 5
85493 | 19 | 2.31361 | 13
170986 | 20 | 5.35281 | 2
170987 | 20 | 2.21347 | 11
341974 | 21 | 2.21347 | 11
683948 | 22 | 0.060645 | 8
683949 | 22 | 2.89849 | 3
42747 | 18 | 4.63978e-310 | 1
10687 | 16 | 4.63978e-310 | 6
167 | 10 | 18.6641 | 387
335 | 11 | 18.6641 | 387
670 | 12 | 18.6641 | 387
1340 | 13 | 17.5454 | 161
2680 | 14 | 10.4872 | 83
5360 | 15 | 10.4872 | 83
10721 | 16 | 10.4872 | 83
21442 | 17 | 10.4872 | 55
42884 | 18 | 9.64381 | 33
85769 | 19 | 9.64381 | 33
171539 | 20 | 9.64381 | 33
343079 | 21 | 9.64381 | 33
686158 | 22 | 9.64381 | 33
1372316 | 23 | 9.64381 | 33
2744633 | 24 | 9.64381 | 33
5489266 | 25 | 9.64381 | 33
10978532 | 26 | 9.64381 | 33
21957064 | 27 | 14.3373 | 6
21957065 | 27 | 9.04366 | 27
43914131 | 28 | 9.04366 | 27
87828262 | 29 | 4.98327 | 13
175656524 | 30 | 7.45922 | 6
175656525 | 30 | 0 | 7
87828263 | 29 | 9.04366 | 14
175656526 | 30 | 9.04366 | 14
351313052 | 31 | 66.7647 | 8
351313053 | 31 | 0.673395 | 6
42885 | 18 | 2.46458 | 22
85770 | 19 | 1.68246 | 14
171540 | 20 | 1.68246 | 13
343080 | 21 | 4.63978e-310 | 3
343081 | 21 | 4.63978e-310 | 10
171541 | 20 | 4.63978e-310 | 1
85771 | 19 | 4.63978e-310 | 8
21443 | 17 | 2.54292 | 28
42886 | 18 | 2.54292 | 27
85772 | 19 | 4.63978e-310 | 8
85773 | 19 | 2.02441 | 19
171546 | 20 | 2.02441 | 19
343093 | 21 | 2.02441 | 19
686186 | 22 | 0.223592 | 4
686187 | 22 | 1.473 | 15
1372374 | 23 | 0.520384 | 5
1372375 | 23 | 0.71596 | 10
42887 | 18 | 4.63978e-310 | 1
2681 | 14 | 11.3434 | 78
5363 | 15 | 11.3434 | 78
10727 | 16 | 11.3434 | 78
21454 | 17 | 8.39713 | 64
42908 | 18 | 6.6345 | 35
85817 | 19 | 6.6345 | 35
171634 | 20 | 2.7502 | 5
171635 | 20 | 5.34946 | 30
343271 | 21 | 5.34946 | 30
686542 | 22 | 4.86843 | 22
1373084 | 23 | 0.193592 | 4
1373085 | 23 | 4.04276 | 18
2746171 | 24 | 4.04276 | 18
5492342 | 25 | 4.04276 | 13
10984685 | 26 | 4.04276 | 13
21969371 | 27 | 4.04276 | 13
43938742 | 28 | 20.4434 | 10
43938743 | 28 | 4.19843 | 3
5492343 | 25 | 4.63978e-310 | 5
686543 | 22 | 4.63978e-310 | 8
42909 | 18 | 3.43857 | 29
85818 | 19 | 2.75396 | 25
171636 | 20 | 2.50093 | 24
343272 | 21 | 4.63978e-310 | 3
343273 | 21 | 2.03072 | 21
686546 | 22 | 0.312248 | 5
686547 | 22 | 2.03072 | 16
1373094 | 23 | 119.848 | 8
1373095 | 23 | 1.5391 | 8
171637 | 20 | 4.63978e-310 | 1
85819 | 19 | 4.63978e-310 | 4
21455 | 17 | 6.35475 | 14
42910 | 18 | 2.98294 | 11
85820 | 19 | 4.63978e-310 | 2
85821 | 19 | 6.90513e-310 | 9
42911 | 18 | 4.63978e-310 | 3
1341 | 13 | 18.1064 | 226
2682 | 14 | 14.1284 | 207
5364 | 15 | 4.63978e-310 | 9
5365 | 15 | 14.1284 | 198
10730 | 16 | 14.1284 | 198
21460 | 17 | 9.20245 | 51
42920 | 18 | 4.05161 | 24
85840 | 19 | 4.44408 | 3
85841 | 19 | 3.55026 | 21
171683 | 20 | 3.55026 | 21
343367 | 21 | 3.55026 | 21
686734 | 22 | 0.15042 | 7
686735 | 22 | 2.87733 | 14
1373470 | 23 | 0.00114238 | 9
1373471 | 23 | 1.10999 | 5
42921 | 18 | 3.6142 | 27
85842 | 19 | 4.63978e-310 | 4
85843 | 19 | 3.29802 | 23
171686 | 20 | 2.70252 | 14
343372 | 21 | 5.7139 | 5
343373 | 21 | 2.42311 | 9
171687 | 20 | 4.63978e-310 | 9
21461 | 17 | 10.2717 | 147
42922 | 18 | 8.43703 | 105
85844 | 19 | 7.6088 | 67
171688 | 20 | 3.97494 | 43
343376 | 21 | 2.82998 | 35
686753 | 22 | 2.82998 | 35
1373506 | 23 | 2.54542 | 31
2747012 | 24 | 2.423 | 30
5494024 | 25 | 2.423 | 28
10988048 | 26 | 1.1103 | 2
10988049 | 26 | 2.10945 | 26
21976098 | 27 | 2.10945 | 26
43952196 | 28 | 1.75465 | 20
87904392 | 29 | 0.818884 | 3
87904393 | 29 | 1.72564 | 17
175808786 | 30 | 1.72564 | 17
351617572 | 31 | 1.72564 | 17
703235144 | 32 | 0.0840836 | 3
703235145 | 32 | 1.72564 | 14
1406470290 | 33 | 16.0854 | 2
1406470291 | 33 | 1.44938 | 12
2812940582 | 34 | 0.297117 | 8
2812940583 | 34 | 6.05474 | 4
43952197 | 28 | 4.63978e-310 | 6
5494025 | 25 | 4.63978e-310 | 2
2747013 | 24 | 4.63978e-310 | 1
1373507 | 23 | 4.63978e-310 | 4
343377 | 21 | 4.63978e-310 | 8
171689 | 20 | 3.90532 | 24
343378 | 21 | 2.63782 | 13
686756 | 22 | 4.63978e-310 | 1
686757 | 22 | 2.63782 | 12
1373514 | 23 | 4.63978e-310 | 9
1373515 | 23 | 0.574378 | 3
343379 | 21 | 3.90532 | 11
686759 | 22 | 3.90532 | 11
1373518 | 23 | 11.9975 | 9
1373519 | 23 | 4.63978e-310 | 2
85845 | 19 | 8.43703 | 38
171690 | 20 | 3.80119 | 34
343380 | 21 | 2.84489 | 19
686760 | 22 | 2.84489 | 19
1373520 | 23 | 1.74031 | 15
2747040 | 24 | 1.74031 | 15
5494080 | 25 | 4.63978e-310 | 5
5494081 | 25 | 0.753002 | 10
1373521 | 23 | 4.63978e-310 | 4
343381 | 21 | 1.52473 | 15
686762 | 22 | 1.34938 | 14
1373524 | 23 | 0 | 7
1373525 | 23 | 4.57901 | 7
686763 | 22 | 4.63978e-310 | 1
171691 | 20 | 4.63978e-310 | 4
42923 | 18 | 3.33555 | 42
85846 | 19 | 3.32367 | 41
171692 | 20 | 3.12676 | 24
343385 | 21 | 3.12676 | 24
686770 | 22 | 6.90513e-310 | 8
686771 | 22 | 1.78263 | 16
1373542 | 23 | 2.42092e-322 | 1
1373543 | 23 | 1.78263 | 15
2747087 | 24 | 1.78263 | 15
5494175 | 25 | 1.78263 | 15
10988351 | 26 | 1.78263 | 15
21976702 | 27 | 1.1666 | 11
43953404 | 28 | 0.444404 | 2
43953405 | 28 | 0.164321 | 9
21976703 | 27 | 4.63978e-310 | 4
171693 | 20 | 3.14603 | 17
343386 | 21 | 3.14603 | 17
686772 | 22 | 4.63978e-310 | 9
686773 | 22 | 4.63978e-310 | 8
85847 | 19 | 4.63978e-310 | 1
2683 | 14 | 7.7265 | 19
5366 | 15 | 4.63978e-310 | 4
5367 | 15 | 5.96558 | 15
10734 | 16 | 5.20221 | 14
21468 | 17 | 6.90513e-310 | 4
21469 | 17 | 0.357122 | 10
10735 | 16 | 4.63978e-310 | 1
21 | 7 | 8.58129 | 17
42 | 8 | 8.58129 | 14
84 | 9 | 4.63978e-310 | 1
85 | 9 | 7.34557 | 13
170 | 10 | 7.34557 | 13
340 | 11 | 41.3822 | 4
341 | 11 | 53.5374 | 9
43 | 8 | 4.63978e-310 | 3
11 | 6 | 21.5138 | 193
22 | 7 | 13.2032 | 12
44 | 8 | 4.63978e-310 | 9
45 | 8 | 76.099 | 3
23 | 7 | 21.5138 | 181
46 | 8 | 8.70837 | 17
93 | 9 | 8.70837 | 17
186 | 10 | 0 | 7
187 | 10 | 0.34144 | 10
47 | 8 | 16.2396 | 164
94 | 9 | 16.2396 | 164
188 | 10 | 16.2396 | 164
377 | 11 | 16.2396 | 164
754 | 12 | 16.2396 | 162
1509 | 13 | 16.2396 | 162
3019 | 14 | 16.2396 | 162
6038 | 15 | 13.1452 | 53
12076 | 16 | 13.1452 | 53
24152 | 17 | 5.21313 | 52
48304 | 18 | 4.86012 | 20
96608 | 19 | 1.63042e-322 | 8
96609 | 19 | 3.3207 | 12
193218 | 20 | 3.3207 | 12
386436 | 21 | 3.3207 | 12
772872 | 22 | 1.63042e-322 | 9
772873 | 22 | 1.63042e-322 | 3
48305 | 18 | 4.87746 | 32
96611 | 19 | 4.87746 | 32
193222 | 20 | 1.75437 | 12
386444 | 21 | 1.58101e-322 | 10
386445 | 21 | 1.58101e-322 | 2
193223 | 20 | 3.30207 | 20
386447 | 21 | 3.30207 | 20
772895 | 22 | 3.30207 | 20
1545791 | 23 | 3.30207 | 20
3091582 | 24 | 3.17929 | 15
6183164 | 25 | 1.58101e-322 | 5
6183165 | 25 | 1.63042e-322 | 10
3091583 | 24 | 1.58101e-322 | 5
24153 | 17 | 4.63978e-310 | 1
6039 | 15 | 14.8897 | 109
12078 | 16 | 14.8897 | 109
24156 | 17 | 9.21259 | 94
48312 | 18 | 4.3369 | 29
96624 | 19 | 3.15936 | 25
193249 | 20 | 3.15936 | 25
386499 | 21 | 3.15936 | 25
772998 | 22 | 4.63978e-310 | 8
772999 | 22 | 1.95481 | 17
1545999 | 23 | 1.95481 | 17
3091998 | 24 | 4.63978e-310 | 8
3091999 | 24 | 4.63978e-310 | 9
96625 | 19 | 4.63978e-310 | 4
48313 | 18 | 8.30227 | 65
96626 | 19 | 4.63978e-310 | 7
96627 | 19 | 7.68329 | 58
193255 | 20 | 7.68329 | 58
386510 | 21 | 5.59697 | 52
773020 | 22 | 1.58101e-322 | 4
773021 | 22 | 5.59697 | 48
1546042 | 23 | 4.63978e-310 | 3
1546043 | 23 | 5.28033 | 45
3092086 | 24 | 5.28033 | 45
6184172 | 25 | 5.28033 | 39
12368345 | 26 | 5.28033 | 39
24736690 | 27 | 3.49762 | 30
49473381 | 28 | 3.49762 | 30
98946762 | 29 | 3.27424 | 20
197893524 | 30 | 2.119 | 14
395787048 | 31 | 1.58655 | 9
395787049 | 31 | 0.525896 | 5
197893525 | 30 | 4.63978e-310 | 6
98946763 | 29 | 4.63978e-310 | 10
24736691 | 27 | 4.63978e-310 | 9
6184173 | 25 | 4.63978e-310 | 6
386511 | 21 | 4.63978e-310 | 6
24157 | 17 | 7.48136 | 15
48315 | 18 | 7.48136 | 15
96630 | 19 | 7.48136 | 15
193260 | 20 | 0.741676 | 4
193261 | 20 | 4.52717 | 11
386523 | 21 | 4.52717 | 11
773046 | 22 | 2.56774 | 10
773047 | 22 | 0.544842 | 1
755 | 12 | 4.63978e-310 | 2
1 | 2 | 20.8427 | 258
2 | 3 | 3.51676 | 15
4 | 4 | 4.63978e-310 | 5
5 | 4 | 4.63978e-310 | 10
3 | 3 | 19.2584 | 243
6 | 4 | 15.2269 | 147
12 | 5 | 15.2269 | 122
25 | 6 | 15.2269 | 122
50 | 7 | 5.26045 | 27
100 | 8 | 5.26045 | 27
201 | 9 | 5.26045 | 27
402 | 10 | 5.26045 | 27
804 | 11 | 5.26045 | 27
1608 | 12 | 3.33127 | 8
1609 | 12 | 4.82122 | 19
3218 | 13 | 4.82122 | 19
6436 | 14 | 3.33127 | 8
6437 | 14 | 3.09028 | 11
12874 | 15 | 31.7287 | 7
12875 | 15 | 33.422 | 4
51 | 7 | 15.2269 | 95
102 | 8 | 15.2269 | 95
205 | 9 | 15.2269 | 95
410 | 10 | 15.2269 | 95
821 | 11 | 15.2269 | 95
1643 | 12 | 15.2269 | 95
3286 | 13 | 9.42136 | 63
6572 | 14 | 4.43984 | 17
13144 | 15 | 4.43984 | 17
26288 | 16 | 2.61629 | 13
52576 | 17 | 2.61629 | 13
105152 | 18 | 0.711017 | 7
105153 | 18 | 0.625357 | 6
26289 | 16 | 4.63978e-310 | 4
6573 | 14 | 8.04052 | 46
13146 | 15 | 4.70197 | 22
26292 | 16 | 0.506583 | 1
26293 | 16 | 4.70197 | 21
52587 | 17 | 4.70197 | 21
105174 | 18 | 4.16516 | 18
210348 | 19 | 0.699663 | 3
210349 | 19 | 3.54945 | 15
420699 | 20 | 3.54945 | 15
841398 | 21 | 3.54945 | 15
1682796 | 22 | 0.74832 | 10
1682797 | 22 | 5.04543 | 5
105175 | 18 | 4.63978e-310 | 3
13147 | 15 | 4.22001 | 24
26294 | 16 | 3.90251 | 15
52588 | 17 | 2.40874 | 12
105176 | 18 | 1.86711 | 10
105177 | 18 | 6.86547 | 2
52589 | 17 | 1.05666 | 3
26295 | 16 | 4.63978e-310 | 9
3287 | 13 | 15.2269 | 32
6574 | 14 | 15.2269 | 32
13148 | 15 | 3.22983 | 22
26296 | 16 | 3.22983 | 22
52592 | 17 | 2.01107 | 14
105184 | 18 | 1.29291 | 8
105185 | 18 | 3.81179 | 6
52593 | 17 | 4.63978e-310 | 8
13149 | 15 | 4.63978e-310 | 10
13 | 5 | 7.34476 | 25
26 | 6 | 4.63978e-310 | 1
27 | 6 | 5.99619 | 24
54 | 7 | 4.63978e-310 | 10
55 | 7 | 5.59869 | 14
110 | 8 | 5.59869 | 14
220 | 9 | 1.7271 | 9
221 | 9 | 0 | 5
7 | 4 | 18.8155 | 96
14 | 5 | 18.8155 | 13
29 | 6 | 18.8155 | 13
58 | 7 | 18.8155 | 13
116 | 8 | 18.8155 | 13
233 | 9 | 18.8155 | 13
467 | 10 | 18.8155 | 13
934 | 11 | 18.8155 | 13
1869 | 12 | 18.8155 | 13
3739 | 13 | 18.8155 | 13
7478 | 14 | 18.8155 | 13
14956 | 15 | 0.158741 | 8
14957 | 15 | 0.0221361 | 5
15 | 5 | 13.9269 | 83
30 | 6 | 6.34289 | 42
61 | 7 | 6.34289 | 42
123 | 8 | 6.34289 | 42
246 | 9 | 34.9656 | 10
247 | 9 | 5.22321 | 32
494 | 10 | 4.63978e-310 | 6
495 | 10 | 4.25531 | 26
991 | 11 | 4.25531 | 26
1982 | 12 | 6.90513e-310 | 4
1983 | 12 | 3.97536 | 22
3966 | 13 | 3.82805 | 20
7932 | 14 | 3.40856 | 19
15864 | 15 | 2.58556 | 15
31728 | 16 | 1.35193 | 11
63456 | 17 | 1.35193 | 11
126912 | 18 | 7.05246 | 2
126913 | 18 | 7.02901 | 9
31729 | 16 | 4.63978e-310 | 4
15865 | 15 | 4.63978e-310 | 4
7933 | 14 | 4.63978e-310 | 1
3967 | 13 | 4.63978e-310 | 2
31 | 6 | 8.65587 | 41
62 | 7 | 8.43174 | 17
125 | 8 | 8.43174 | 17
250 | 9 | 8.43174 | 17
500 | 10 | 4.63978e-310 | 9
501 | 10 | 4.63978e-310 | 8
63 | 7 | 6.8138 | 24
126 | 8 | 6.8138 | 24
252 | 9 | 4.52021 | 21
504 | 10 | 4.63978e-310 | 1
505 | 10 | 4.52021 | 20
1011 | 11 | 4.52021 | 20
2022 | 12 | 4.14843 | 18
4044 | 13 | 4.14843 | 18
8088 | 14 | 4.14843 | 18
16176 | 15 | 3.79442e-321 | 5
16177 | 15 | 3.05326 | 13
32354 | 16 | 4.63978e-310 | 1
32355 | 16 | 3.05326 | 12
64710 | 17 | 3.05326 | 12
129420 | 18 | 2.77487 | 6
129421 | 18 | 14.4957 | 6
2023 | 12 | 4.63978e-310 | 2
253 | 9 | 4.63978e-310 | 3
1 | 1 | 26.202 | 238
2 | 2 | 7.92405 | 21
4 | 3 | 4.63978e-310 | 10
5 | 3 | 5.14853 | 11
10 | 4 | 7.96259 | 1
11 | 4 | 4.63978e-310 | 10
3 | 2 | 26.202 | 217
6 | 3 | 24.4027 | 208
12 | 4 | 24.4027 | 142
25 | 5 | 24.4027 | 142
50 | 6 | 24.4027 | 142
100 | 7 | 24.4027 | 142
201 | 8 | 24.4027 | 142
403 | 9 | 24.4027 | 142
806 | 10 | 24.4027 | 142
1612 | 11 | 19.1426 | 124
3224 | 12 | 14.6376 | 113
6448 | 13 | 12.9728 | 65
12896 | 14 | 4.63978e-310 | 2
12897 | 14 | 11.0447 | 63
25794 | 15 | 4.56309 | 9
25795 | 15 | 8.40415 | 54
51590 | 16 | 8.40415 | 54
103180 | 17 | 7.49736 | 53
206360 | 18 | 5.81872 | 49
412720 | 19 | 4.79555 | 19
825441 | 20 | 4.79555 | 19
1650882 | 21 | 2.41565 | 13
3301764 | 22 | 2.41565 | 13
6603528 | 23 | 9.62625 | 7
6603529 | 23 | 1.96373 | 6
1650883 | 21 | 4.63978e-310 | 6
412721 | 19 | 5.4684 | 30
825442 | 20 | 5.4684 | 30
1650884 | 21 | 3.23942 | 18
3301769 | 22 | 3.23942 | 18
6603538 | 23 | 3.23942 | 18
13207076 | 24 | 2.56226 | 16
26414152 | 25 | 2.56226 | 16
52828305 | 26 | 2.56226 | 16
105656610 | 27 | 0.0693714 | 2
105656611 | 27 | 2.00485 | 14
211313222 | 28 | 4.63978e-310 | 1
211313223 | 28 | 2.00485 | 13
422626447 | 29 | 2.00485 | 13
845252894 | 30 | 7.11455e-322 | 9
845252895 | 30 | 0.192775 | 4
13207077 | 24 | 4.63978e-310 | 2
1650885 | 21 | 2.23369 | 12
3301770 | 22 | 2.23369 | 12
6603540 | 23 | 4.63978e-310 | 10
6603541 | 23 | 4.63978e-310 | 2
206361 | 18 | 4.63978e-310 | 4
103181 | 17 | 4.63978e-310 | 1
6449 | 13 | 14.6376 | 48
12898 | 14 | 14.6376 | 48
25796 | 15 | 11.6178 | 37
51592 | 16 | 11.6178 | 37
103184 | 17 | 11.6178 | 37
206368 | 18 | 8.71426 | 17
412736 | 19 | 8.71426 | 17
825472 | 20 | 8.71426 | 17
1650944 | 21 | 8.71426 | 17
3301889 | 22 | 8.71426 | 17
6603778 | 23 | 3.82491 | 1
6603779 | 23 | 6.09111 | 16
13207558 | 24 | 6.09111 | 16
26415116 | 25 | 6.09111 | 16
52830233 | 26 | 6.09111 | 16
105660466 | 27 | 1.13398 | 7
105660467 | 27 | 0 | 9
206369 | 18 | 2.9824 | 20
412739 | 19 | 2.9824 | 20
825478 | 20 | 2.77725 | 19
1650956 | 21 | 4.63978e-310 | 1
1650957 | 21 | 2.55919 | 18
3301914 | 22 | 2.55919 | 16
6603828 | 23 | 0 | 3
6603829 | 23 | 2.43383 | 13
13207658 | 24 | 6.92306 | 10
13207659 | 24 | 4.63978e-310 | 3
3301915 | 22 | 4.63978e-310 | 2
825479 | 20 | 4.63978e-310 | 1
25797 | 15 | 2.86402 | 11
51594 | 16 | 2.86402 | 11
103188 | 17 | 4.63978e-310 | 3
103189 | 17 | 4.63978e-310 | 8
3225 | 12 | 10.9351 | 11
6450 | 13 | 4.63978e-310 | 10
6451 | 13 | 4.63978e-310 | 1
1613 | 11 | 10.176 | 18
3226 | 12 | 5.48794 | 12
6452 | 13 | 9.1579 | 8
6453 | 13 | 5.96705 | 4
3227 | 12 | 4.63978e-310 | 6
13 | 4 | 19.6242 | 66
26 | 5 | 11.9701 | 52
52 | 6 | 11.9701 | 52
105 | 7 | 11.9701 | 52
210 | 8 | 8.0642 | 29
420 | 9 | 7.81503 | 22
840 | 10 | 7.77582 | 17
1680 | 11 | 85.798 | 1
1681 | 11 | 4.49126 | 16
3362 | 12 | 3.13209 | 5
3363 | 12 | 1.80969 | 11
6726 | 13 | 9.05559 | 3
6727 | 13 | 4.63978e-310 | 8
841 | 10 | 4.63978e-310 | 5
421 | 9 | 2.4204 | 7
211 | 8 | 5.13398 | 23
422 | 9 | 2.33071 | 3
423 | 9 | 4.34671 | 20
846 | 10 | 4.34671 | 16
1692 | 11 | 3.64553 | 15
3385 | 12 | 3.64553 | 15
6770 | 13 | 3.64553 | 14
13541 | 14 | 3.64553 | 14
27083 | 15 | 3.64553 | 14
54166 | 16 | 3.64553 | 13
108332 | 17 | 41.1404 | 9
108333 | 17 | 3.49592 | 4
54167 | 16 | 4.63978e-310 | 1
6771 | 13 | 4.63978e-310 | 1
1693 | 11 | 4.63978e-310 | 1
847 | 10 | 4.63978e-310 | 4
27 | 5 | 8.07355 | 14
55 | 6 | 8.07355 | 14
111 | 7 | 8.07355 | 14
222 | 8 | 6.8983 | 1
223 | 8 | 7.13375 | 13
446 | 9 | 7.13375 | 13
893 | 10 | 7.13375 | 13
1786 | 11 | 4.63978e-310 | 9
1787 | 11 | 4.63978e-310 | 4
7 | 3 | 4.63978e-310 | 9
