ID | Depth | diameter | Number of points
0 | 0 | 29.316 | 1600
0 | 1 | 4.63978e-310 | 4
1 | 1 | 28.2066 | 1596
3 | 2 | 28.2066 | 1596
6 | 3 | 23.2587 | 540
12 | 4 | 23.2587 | 540
24 | 5 | 23.2587 | 540
48 | 6 | 17.5038 | 224
96 | 7 | 6.87808 | 18
192 | 8 | 6.87808 | 18
385 | 9 | 6.87808 | 18
771 | 10 | 6.87808 | 18
1542 | 11 | 0.870065 | 8
1543 | 11 | 62.6054 | 10
97 | 7 | 15.2195 | 206
194 | 8 | 13.0464 | 98
388 | 9 | 13.0464 | 98
776 | 10 | 13.0464 | 98
1552 | 11 | 13.0464 | 98
3104 | 12 | 13.0464 | 98
6209 | 13 | 13.0464 | 98
12418 | 14 | 13.0464 | 98
24836 | 15 | 13.0464 | 98
49672 | 16 | 1.79178 | 4
49673 | 16 | 12.312 | 94
99346 | 17 | 12.312 | 94
198692 | 18 | 8.56105 | 53
397384 | 19 | 4.64581 | 24
794768 | 20 | 4.64581 | 24
1589536 | 21 | 3.69755 | 21
3179072 | 22 | 7.4952 | 4
3179073 | 22 | 3.27209 | 17
6358146 | 23 | 3.02355 | 12
12716293 | 24 | 3.02355 | 12
25432586 | 25 | 1.63042e-322 | 7
25432587 | 25 | 4.00193e-322 | 5
6358147 | 23 | 4.63978e-310 | 5
1589537 | 21 | 4.63978e-310 | 3
397385 | 19 | 4.20766 | 29
794770 | 20 | 3.88654 | 15
1589540 | 21 | 3.88654 | 15
3179080 | 22 | 3.29216 | 13
6358160 | 23 | 3.29216 | 13
12716321 | 24 | 3.29216 | 13
25432642 | 25 | 3.77229 | 8
25432643 | 25 | 8.30693 | 5
3179081 | 22 | 4.63978e-310 | 2
794771 | 20 | 3.77907 | 14
1589542 | 21 | 3.77907 | 14
3179084 | 22 | 3.42287 | 13
6358168 | 23 | 3.42287 | 13
12716336 | 24 | 2.71234 | 12
25432672 | 25 | 2.71234 | 12
50865345 | 26 | 2.71234 | 12
101730690 | 27 | 2.71234 | 12
203461380 | 28 | 1.76533 | 5
203461381 | 28 | 0.289036 | 7
12716337 | 24 | 4.63978e-310 | 1
3179085 | 22 | 4.63978e-310 | 1
198693 | 18 | 4.94183 | 41
397386 | 19 | 4.94183 | 41
794772 | 20 | 4.94183 | 41
1589544 | 21 | 4.63978e-310 | 2
1589545 | 21 | 4.49821 | 39
3179090 | 22 | 4.49821 | 39
6358181 | 23 | 4.49821 | 39
12716363 | 24 | 4.49821 | 39
25432726 | 25 | 4.49821 | 39
50865452 | 26 | 4.63978e-310 | 1
50865453 | 26 | 4.49821 | 38
101730907 | 27 | 4.49821 | 38
203461815 | 28 | 4.49821 | 38
406923630 | 29 | 4.49821 | 38
813847261 | 30 | 4.49821 | 38
1627694522 | 31 | 4.49821 | 38
3255389044 | 32 | 4.49821 | 38
6510778088 | 33 | 4.01774 | 35
13021556177 | 34 | 4.01774 | 35
26043112354 | 35 | 3.2622 | 12
52086224709 | 36 | 3.2622 | 12
104172449418 | 37 | 3.2622 | 12
208344898837 | 38 | 3.2622 | 12
416689797674 | 39 | 3.2622 | 12
833379595349 | 40 | 3.2622 | 12
1666759190698 | 41 | 3.2622 | 12
3333518381396 | 42 | 3.76248 | 8
3333518381397 | 42 | 5.31541 | 4
26043112355 | 35 | 3.63768 | 23
52086224710 | 36 | 3.63768 | 23
104172449420 | 37 | 4.63978e-310 | 7
104172449421 | 37 | 1.69924 | 16
208344898843 | 38 | 1.69924 | 16
416689797686 | 39 | 1.69924 | 16
833379595372 | 40 | 0.253294 | 7
833379595373 | 40 | 0.772184 | 9
6510778089 | 33 | 4.63978e-310 | 3
195 | 8 | 13.2389 | 108
391 | 9 | 13.2389 | 108
782 | 10 | 5.30565 | 15
1564 | 11 | 4.63978e-310 | 2
1565 | 11 | 3.57782 | 13
3130 | 12 | 3.57782 | 13
6260 | 13 | 4.63978e-310 | 8
6261 | 13 | 4.63978e-310 | 5
783 | 10 | 9.54457 | 93
1567 | 11 | 9.54457 | 93
3135 | 12 | 9.54457 | 93
6270 | 13 | 9.54457 | 93
12540 | 14 | 9.54457 | 93
25081 | 15 | 9.54457 | 93
50162 | 16 | 9.54457 | 93
100325 | 17 | 9.54457 | 93
200650 | 18 | 9.54457 | 93
401300 | 19 | 9.54457 | 93
802600 | 20 | 9.54457 | 93
1605200 | 21 | 9.54457 | 93
3210400 | 22 | 6.90381 | 48
6420800 | 23 | 6.90381 | 48
12841601 | 24 | 6.90381 | 48
25683202 | 25 | 6.08726 | 43
51366404 | 26 | 6.08726 | 43
102732809 | 27 | 6.08726 | 43
205465618 | 28 | 5.09263 | 24
410931236 | 29 | 4.63978e-310 | 2
410931237 | 29 | 4.33473 | 22
821862475 | 30 | 4.33473 | 22
1643724951 | 31 | 4.33473 | 22
3287449902 | 32 | 4.33473 | 22
6574899805 | 33 | 4.33473 | 22
13149799611 | 34 | 4.33473 | 22
26299599222 | 35 | 4.33473 | 22
52599198444 | 36 | 4.33473 | 22
105198396889 | 37 | 4.33473 | 22
210396793779 | 38 | 4.33473 | 22
420793587559 | 39 | 4.33473 | 22
841587175119 | 40 | 4.33473 | 22
1683174350238 | 41 | 4.33473 | 22
3366348700477 | 42 | 4.33473 | 22
6732697400955 | 43 | 4.33473 | 22
13465394801910 | 44 | 4.33473 | 18
26930789603821 | 45 | 4.33473 | 18
53861579207642 | 46 | 0.785214 | 6
53861579207643 | 46 | 3.56633 | 12
107723158415286 | 47 | 4.63978e-310 | 6
107723158415287 | 47 | 4.63978e-310 | 6
13465394801911 | 44 | 4.63978e-310 | 4
205465619 | 28 | 5.11407 | 19
410931238 | 29 | 4.63978e-310 | 1
410931239 | 29 | 3.73271 | 18
821862479 | 30 | 3.73271 | 18
1643724958 | 31 | 4.63978e-310 | 3
1643724959 | 31 | 3.73271 | 15
3287449919 | 32 | 3.73271 | 15
6574899839 | 33 | 3.73271 | 15
13149799678 | 34 | 3.73271 | 15
26299599357 | 35 | 3.73271 | 15
52599198714 | 36 | 3.73271 | 15
105198397428 | 37 | 2.42092e-322 | 8
105198397429 | 37 | 4.63978e-310 | 7
25683203 | 25 | 4.63978e-310 | 5
3210401 | 22 | 5.17877 | 45
6420802 | 23 | 5.17877 | 45
12841604 | 24 | 5.17877 | 45
25683209 | 25 | 5.17877 | 45
51366419 | 26 | 5.17877 | 45
102732839 | 27 | 5.17877 | 45
205465679 | 28 | 5.17877 | 45
410931359 | 29 | 5.17877 | 45
821862718 | 30 | 0 | 7
821862719 | 30 | 5.09743 | 38
1643725439 | 31 | 5.09743 | 38
3287450878 | 32 | 5.09743 | 38
6574901757 | 33 | 5.09743 | 38
13149803515 | 34 | 5.09743 | 38
26299607030 | 35 | 5.09743 | 38
52599214061 | 36 | 5.09743 | 38
105198428122 | 37 | 6.90513e-310 | 5
105198428123 | 37 | 5.09743 | 33
210396856246 | 38 | 4.4512 | 31
420793712492 | 39 | 4.4512 | 31
841587424984 | 40 | 4.4512 | 25
1683174849968 | 41 | 4.63978e-310 | 2
1683174849969 | 41 | 3.34474 | 23
3366349699938 | 42 | 3.34474 | 23
6732699399876 | 43 | 3.34474 | 23
13465398799752 | 44 | 3.01691 | 21
26930797599504 | 45 | 3.01691 | 21
53861595199009 | 46 | 3.01691 | 21
107723190398019 | 47 | 3.01691 | 21
215446380796038 | 48 | 3.01691 | 21
430892761592076 | 49 | 2.93439 | 17
861785523184152 | 50 | 2.93439 | 17
1723571046368304 | 51 | 2.93439 | 17
3447142092736609 | 52 | 2.93439 | 17
6894284185473218 | 53 | 1.63042e-322 | 6
6894284185473219 | 53 | 1.60163 | 11
13788568370946438 | 54 | 1.60163 | 11
27577136741892877 | 55 | 1.60163 | 11
55154273483785754 | 56 | 4.63978e-310 | 4
55154273483785755 | 56 | 4.63978e-310 | 7
430892761592077 | 49 | 4.63978e-310 | 4
13465398799753 | 44 | 4.63978e-310 | 2
841587424985 | 40 | 4.63978e-310 | 6
210396856247 | 38 | 4.63978e-310 | 2
49 | 6 | 23.2587 | 316
98 | 7 | 7.64615 | 24
197 | 8 | 7.64615 | 24
394 | 9 | 6.84873 | 16
789 | 10 | 6.84873 | 16
1578 | 11 | 5.82398 | 12
3156 | 12 | 5.82398 | 12
6312 | 13 | 5.82398 | 12
12624 | 14 | 5.11549 | 11
25249 | 15 | 5.11549 | 11
50498 | 16 | 5.11549 | 11
100997 | 17 | 5.11549 | 11
201994 | 18 | 0 | 5
201995 | 18 | 3.21143e-322 | 6
12625 | 14 | 4.63978e-310 | 1
1579 | 11 | 4.63978e-310 | 4
395 | 9 | 4.63978e-310 | 8
99 | 7 | 22.6068 | 292
198 | 8 | 22.6068 | 292
396 | 9 | 22.6068 | 292
792 | 10 | 4.63978e-310 | 6
793 | 10 | 22.2747 | 286
1586 | 11 | 22.2747 | 286
3172 | 12 | 19.4833 | 55
6344 | 13 | 10.743 | 5
6345 | 13 | 9.04329 | 50
12690 | 14 | 7.69782 | 39
25381 | 15 | 7.69782 | 39
50763 | 16 | 7.69782 | 39
101526 | 17 | 5.24358 | 23
203053 | 18 | 5.24358 | 23
406106 | 19 | 5.24358 | 23
812212 | 20 | 3.20815 | 18
1624425 | 21 | 3.20815 | 18
3248851 | 22 | 3.20815 | 18
6497703 | 23 | 3.20815 | 18
12995407 | 24 | 3.20815 | 18
25990815 | 25 | 3.20815 | 18
51981630 | 26 | 15.7689 | 9
51981631 | 26 | 8.71166 | 9
812213 | 20 | 4.63978e-310 | 5
101527 | 17 | 2.11679 | 16
203055 | 18 | 2.11679 | 16
406110 | 19 | 4.63978e-310 | 8
406111 | 19 | 4.63978e-310 | 8
12691 | 14 | 1.73441 | 11
25383 | 15 | 1.73441 | 11
50767 | 16 | 1.73441 | 11
101535 | 17 | 1.73441 | 11
203070 | 18 | 1.73441 | 11
406141 | 19 | 1.73441 | 11
812282 | 20 | 1.73441 | 11
1624564 | 21 | 1.73441 | 11
3249129 | 22 | 1.73441 | 11
6498259 | 23 | 1.73441 | 11
12996519 | 24 | 1.73441 | 11
25993038 | 25 | 1.73441 | 11
51986076 | 26 | 0.0507396 | 10
51986077 | 26 | 2.22586 | 1
3173 | 12 | 15.6914 | 231
6346 | 13 | 11.6742 | 60
12692 | 14 | 11.6742 | 60
25385 | 15 | 11.6742 | 60
50770 | 16 | 4.63978e-310 | 5
50771 | 16 | 11.6742 | 55
101542 | 17 | 1.70253 | 10
101543 | 17 | 9.05799 | 45
203086 | 18 | 8.54451 | 30
406172 | 19 | 8.54451 | 30
812345 | 20 | 8.54451 | 30
1624690 | 21 | 8.54451 | 30
3249380 | 22 | 8.54451 | 30
6498760 | 23 | 6.03709 | 20
12997521 | 24 | 6.03709 | 20
25995042 | 25 | 6.03709 | 20
51990084 | 26 | 4.10214 | 15
103980168 | 27 | 6.90513e-310 | 1
103980169 | 27 | 3.01326 | 14
207960339 | 28 | 3.01326 | 14
415920679 | 29 | 3.01326 | 14
831841358 | 30 | 8.39511 | 10
831841359 | 30 | 2.39949 | 4
51990085 | 26 | 4.63978e-310 | 5
6498761 | 23 | 4.63978e-310 | 10
203087 | 18 | 6.74887 | 15
406174 | 19 | 6.74887 | 15
812348 | 20 | 4.63978e-310 | 1
812349 | 20 | 6.25493 | 14
1624698 | 21 | 6.25493 | 14
3249396 | 22 | 6.25493 | 14
6498792 | 23 | 6.25493 | 14
12997585 | 24 | 6.25493 | 14
25995170 | 25 | 6.25493 | 14
51990340 | 26 | 6.25493 | 14
103980680 | 27 | 13.4112 | 2
103980681 | 27 | 6.25493 | 12
207961362 | 28 | 6.25493 | 12
415922725 | 29 | 6.25493 | 12
831845451 | 30 | 6.25493 | 12
1663690903 | 31 | 6.25493 | 12
3327381806 | 32 | 9.4832 | 2
3327381807 | 32 | 0.903458 | 10
6347 | 13 | 11.2461 | 171
12695 | 14 | 11.2461 | 171
25390 | 15 | 10.7274 | 96
50780 | 16 | 10.7274 | 96
101560 | 17 | 7.81045 | 56
203121 | 18 | 7.81045 | 56
406243 | 19 | 7.81045 | 56
812486 | 20 | 5.38947 | 40
1624972 | 21 | 5.38947 | 40
3249945 | 22 | 5.38947 | 40
6499890 | 23 | 0.0896341 | 1
6499891 | 23 | 3.92989 | 39
12999782 | 24 | 3.92989 | 39
25999564 | 25 | 3.92989 | 39
51999128 | 26 | 3.92989 | 39
103998256 | 27 | 0.222349 | 3
103998257 | 27 | 3.59639 | 36
207996514 | 28 | 3.59639 | 36
415993028 | 29 | 3.59639 | 36
831986056 | 30 | 3.59639 | 36
1663972112 | 31 | 3.52737 | 33
3327944225 | 32 | 3.52737 | 33
6655888450 | 33 | 3.24282 | 31
13311776901 | 34 | 3.24282 | 31
26623553803 | 35 | 3.24282 | 31
53247107606 | 36 | 3.24282 | 31
106494215212 | 37 | 3.24282 | 31
212988430424 | 38 | 3.24282 | 31
425976860848 | 39 | 10.5159 | 5
425976860849 | 39 | 3.10017 | 26
851953721698 | 40 | 4.63978e-310 | 1
851953721699 | 40 | 2.58789 | 25
1703907443398 | 41 | 2.58789 | 25
3407814886796 | 42 | 2.57621 | 23
6815629773592 | 43 | 2.57621 | 23
13631259547184 | 44 | 11.5554 | 3
13631259547185 | 44 | 2.10887 | 20
27262519094370 | 45 | 2.10887 | 20
54525038188741 | 46 | 2.10887 | 20
109050076377483 | 47 | 2.10887 | 20
218100152754966 | 48 | 1.75232 | 5
218100152754967 | 48 | 2.10887 | 15
436200305509935 | 49 | 2.10887 | 15
872400611019870 | 50 | 4.63978e-310 | 3
872400611019871 | 50 | 1.53238 | 12
1744801222039742 | 51 | 1.53238 | 12
3489602444079485 | 52 | 1.53238 | 12
6979204888158970 | 53 | 4.00193e-322 | 4
6979204888158971 | 53 | 1.3479 | 8
3407814886797 | 42 | 4.63978e-310 | 2
6655888451 | 33 | 4.63978e-310 | 2
1663972113 | 31 | 4.63978e-310 | 3
812487 | 20 | 4.23951 | 16
1624975 | 21 | 4.23951 | 16
3249951 | 22 | 4.23951 | 16
6499903 | 23 | 4.23951 | 16
12999806 | 24 | 4.23951 | 16
25999612 | 25 | 4.63978e-310 | 5
25999613 | 25 | 3.10632 | 11
51999226 | 26 | 4.63978e-310 | 4
51999227 | 26 | 4.63978e-310 | 7
101561 | 17 | 4.53275 | 40
203122 | 18 | 4.53275 | 40
406245 | 19 | 4.53275 | 40
812490 | 20 | 3.81471 | 39
1624981 | 21 | 3.81471 | 39
3249962 | 22 | 3.81471 | 39
6499925 | 23 | 3.81471 | 39
12999851 | 24 | 3.81471 | 39
25999702 | 25 | 3.81471 | 39
51999404 | 26 | 3.81471 | 39
103998809 | 27 | 3.81471 | 39
207997619 | 28 | 3.81471 | 39
415995239 | 29 | 3.81471 | 39
831990479 | 30 | 3.81471 | 39
1663980958 | 31 | 3.81471 | 39
3327961916 | 32 | 3.81471 | 39
6655923832 | 33 | 2.7588 | 17
13311847664 | 34 | 2.7588 | 17
26623695329 | 35 | 2.7588 | 17
53247390658 | 36 | 0 | 8
53247390659 | 36 | 0.916702 | 9
6655923833 | 33 | 3.00427 | 22
13311847666 | 34 | 3.00427 | 22
26623695332 | 35 | 0.717475 | 6
26623695333 | 35 | 2.34494 | 16
53247390666 | 36 | 2.34494 | 16
106494781332 | 37 | 2.34494 | 16
212989562664 | 38 | 2.08817 | 13
425979125329 | 39 | 2.08817 | 13
851958250658 | 40 | 2.08817 | 13
1703916501316 | 41 | 2.08817 | 13
3407833002632 | 42 | 3.29385 | 5
3407833002633 | 42 | 6.36734 | 8
212989562665 | 38 | 4.63978e-310 | 3
812491 | 20 | 4.63978e-310 | 1
25391 | 15 | 10.7496 | 75
50782 | 16 | 10.7496 | 75
101564 | 17 | 6.5498 | 13
203128 | 18 | 6.5498 | 13
406256 | 19 | 6.5498 | 13
812512 | 20 | 6.5498 | 13
1625024 | 21 | 4.63978e-310 | 2
1625025 | 21 | 6.5498 | 11
3250050 | 22 | 6.5498 | 11
6500100 | 23 | 2.31001 | 3
6500101 | 23 | 4.63978e-310 | 8
101565 | 17 | 9.31393 | 62
203130 | 18 | 4.63978e-310 | 4
203131 | 18 | 9.31393 | 58
406262 | 19 | 5.3324 | 11
812524 | 20 | 39.3901 | 2
812525 | 20 | 39.9194 | 9
406263 | 19 | 7.59974 | 47
812526 | 20 | 1.91659 | 13
1625052 | 21 | 1.66096 | 1
1625053 | 21 | 1.75315 | 12
3250107 | 22 | 1.75315 | 12
6500214 | 23 | 0.528947 | 5
6500215 | 23 | 39.3901 | 7
812527 | 20 | 6.2366 | 34
1625054 | 21 | 0.0395131 | 9
1625055 | 21 | 5.43544 | 25
3250111 | 22 | 5.43544 | 25
6500222 | 23 | 35.312 | 2
6500223 | 23 | 3.20443 | 23
13000446 | 24 | 3.20443 | 23
26000892 | 25 | 3.20443 | 23
52001784 | 26 | 1.60174 | 11
104003568 | 27 | 0 | 3
104003569 | 27 | 4.63978e-310 | 8
52001785 | 26 | 2.10934 | 12
104003570 | 27 | 2.10934 | 12
208007140 | 28 | 2.10934 | 12
416014281 | 29 | 2.10934 | 12
832028562 | 30 | 6.90513e-310 | 8
832028563 | 30 | 0.760738 | 4
7 | 3 | 27.2937 | 1056
14 | 4 | 22.6184 | 850
28 | 5 | 22.6184 | 744
56 | 6 | 21.4804 | 611
112 | 7 | 13.3258 | 224
225 | 8 | 13.3258 | 224
450 | 9 | 9.72148 | 104
900 | 10 | 9.72148 | 104
1800 | 11 | 9.72148 | 104
3600 | 12 | 6.70898 | 14
7201 | 13 | 6.70898 | 14
14402 | 14 | 1.03347 | 2
14403 | 14 | 5.2749 | 12
28807 | 15 | 5.2749 | 12
57614 | 16 | 5.2749 | 12
115228 | 17 | 74.9284 | 9
115229 | 17 | 6.90513e-310 | 3
3601 | 12 | 8.35042 | 90
7202 | 13 | 7.75512 | 42
14405 | 14 | 7.75512 | 42
28810 | 15 | 7.75512 | 42
57620 | 16 | 7.75512 | 42
115240 | 17 | 3.38083 | 13
230480 | 18 | 4.63978e-310 | 1
230481 | 18 | 2.63218 | 12
460962 | 19 | 4.63978e-310 | 3
460963 | 19 | 4.63978e-310 | 9
115241 | 17 | 5.7271 | 29
230482 | 18 | 5.55588 | 20
460964 | 19 | 5.55588 | 20
921928 | 20 | 4.00193e-322 | 4
921929 | 20 | 3.80128 | 16
1843858 | 21 | 5.2536 | 1
1843859 | 21 | 3.80128 | 15
3687719 | 22 | 3.80128 | 15
7375438 | 23 | 3.13017 | 11
14750876 | 24 | 3.13017 | 11
29501753 | 25 | 3.13017 | 11
59003506 | 26 | 3.13017 | 11
118007012 | 27 | 4.63978e-310 | 10
118007013 | 27 | 29.299 | 1
7375439 | 23 | 4.63978e-310 | 4
230483 | 18 | 4.63978e-310 | 9
7203 | 13 | 7.23487 | 48
14406 | 14 | 5.40976 | 30
28812 | 15 | 5.40976 | 26
57625 | 16 | 5.40976 | 26
115251 | 17 | 5.40976 | 26
230502 | 18 | 5.40976 | 26
461004 | 19 | 5.40976 | 26
922008 | 20 | 5.40976 | 26
1844017 | 21 | 5.40976 | 26
3688034 | 22 | 5.40976 | 26
7376069 | 23 | 5.40976 | 26
14752138 | 24 | 5.40976 | 23
29504277 | 25 | 5.40976 | 23
59008554 | 26 | 5.40976 | 23
118017109 | 27 | 5.40976 | 23
236034218 | 28 | 5.40976 | 23
472068436 | 29 | 5.40976 | 23
944136873 | 30 | 5.40976 | 23
1888273746 | 31 | 5.40976 | 21
3776547492 | 32 | 4.63978e-310 | 2
3776547493 | 32 | 4.24831 | 19
7553094987 | 33 | 4.24831 | 19
15106189974 | 34 | 4.24831 | 19
30212379948 | 35 | 3.19862 | 18
60424759896 | 36 | 3.19862 | 18
120849519793 | 37 | 3.19862 | 18
241699039587 | 38 | 3.19862 | 18
483398079175 | 39 | 3.19862 | 18
966796158350 | 40 | 3.19862 | 18
1933592316701 | 41 | 3.19862 | 18
3867184633403 | 42 | 3.19862 | 18
7734369266806 | 43 | 3.19862 | 18
15468738533612 | 44 | 2.21911 | 16
30937477067224 | 45 | 2.21911 | 16
61874954134449 | 46 | 2.21911 | 16
123749908268898 | 47 | 2.21911 | 16
247499816537796 | 48 | 2.21911 | 16
494999633075592 | 49 | 2.21911 | 16
989999266151184 | 50 | 0.966779 | 7
989999266151185 | 50 | 0.255755 | 9
15468738533613 | 44 | 4.63978e-310 | 2
30212379949 | 35 | 4.63978e-310 | 1
1888273747 | 31 | 4.63978e-310 | 2
14752139 | 24 | 4.63978e-310 | 3
28813 | 15 | 4.63978e-310 | 4
14407 | 14 | 2.29819 | 18
28814 | 15 | 2.29819 | 18
57629 | 16 | 2.29819 | 18
115258 | 17 | 4.63978e-310 | 6
115259 | 17 | 2.29405 | 12
230518 | 18 | 2.29405 | 12
461036 | 19 | 2.29405 | 12
922072 | 20 | 2.29405 | 12
1844144 | 21 | 2.29405 | 12
3688288 | 22 | 2.29405 | 12
7376576 | 23 | 4.63978e-310 | 4
7376577 | 23 | 4.63978e-310 | 8
451 | 9 | 13.2838 | 120
902 | 10 | 13.2838 | 120
1804 | 11 | 13.2838 | 120
3608 | 12 | 13.2838 | 120
7216 | 13 | 4.63978e-310 | 2
7217 | 13 | 9.22833 | 118
14434 | 14 | 4.63978e-310 | 2
14435 | 14 | 8.13431 | 116
28870 | 15 | 8.13431 | 116
57741 | 16 | 8.13431 | 116
115483 | 17 | 8.13431 | 116
230966 | 18 | 8.13431 | 116
461933 | 19 | 8.13431 | 116
923867 | 20 | 8.13431 | 116
1847734 | 21 | 8.13431 | 116
3695468 | 22 | 6.61974 | 11
7390936 | 23 | 4.63978e-310 | 1
7390937 | 23 | 4.63978e-310 | 10
3695469 | 22 | 8.03626 | 105
7390938 | 23 | 3.85243 | 44
14781877 | 24 | 3.85243 | 44
29563755 | 25 | 3.85243 | 44
59127510 | 26 | 3.85243 | 44
118255020 | 27 | 3.85243 | 44
236510041 | 28 | 3.85243 | 44
473020082 | 29 | 3.85243 | 44
946040165 | 30 | 3.85243 | 44
1892080330 | 31 | 3.85243 | 44
3784160660 | 32 | 3.85243 | 44
7568321320 | 33 | 3.85243 | 44
15136642640 | 34 | 3.85243 | 44
30273285280 | 35 | 3.85243 | 44
60546570561 | 36 | 3.85243 | 44
121093141122 | 37 | 2.84856 | 32
242186282244 | 38 | 2.84856 | 32
484372564488 | 39 | 2.84856 | 32
968745128976 | 40 | 2.29835 | 13
1937490257952 | 41 | 2.29835 | 12
3874980515904 | 42 | 2.29835 | 12
7749961031808 | 43 | 1.52965 | 11
15499922063616 | 44 | 1.52965 | 11
30999844127232 | 45 | 1.52965 | 11
61999688254464 | 46 | 3.65049 | 10
61999688254465 | 46 | 0.391262 | 1
7749961031809 | 43 | 4.63978e-310 | 1
1937490257953 | 41 | 4.63978e-310 | 1
968745128977 | 40 | 2.29045 | 19
1937490257955 | 41 | 2.29045 | 19
3874980515910 | 42 | 2.29045 | 19
7749961031820 | 43 | 2.29045 | 19
15499922063640 | 44 | 0.0193154 | 3
15499922063641 | 44 | 1.63762 | 16
30999844127283 | 45 | 1.63762 | 16
61999688254566 | 46 | 0 | 3
61999688254567 | 46 | 1.53482 | 13
123999376509134 | 47 | 1.63042e-322 | 9
123999376509135 | 47 | 4.63978e-310 | 4
121093141123 | 37 | 2.31706 | 12
242186282246 | 38 | 2.31706 | 12
484372564493 | 39 | 2.31706 | 12
968745128986 | 40 | 2.31706 | 12
1937490257972 | 41 | 4.63978e-310 | 10
1937490257973 | 41 | 4.63978e-310 | 2
7390939 | 23 | 5.89312 | 61
14781879 | 24 | 5.89312 | 61
29563758 | 25 | 5.89312 | 61
59127516 | 26 | 3.01963 | 16
118255032 | 27 | 3.01963 | 16
236510064 | 28 | 2.35445 | 12
473020129 | 29 | 2.35445 | 12
946040258 | 30 | 5.21047 | 2
946040259 | 30 | 4.63978e-310 | 10
236510065 | 28 | 4.63978e-310 | 4
59127517 | 26 | 4.40074 | 45
118255035 | 27 | 4.40074 | 45
236510070 | 28 | 4.40074 | 45
473020140 | 29 | 4.40074 | 45
946040280 | 30 | 4.40074 | 45
1892080560 | 31 | 4.40074 | 41
3784161120 | 32 | 4.40074 | 41
7568322241 | 33 | 4.40074 | 41
15136644482 | 34 | 4.41474 | 10
15136644483 | 34 | 3.72208 | 31
30273288966 | 35 | 4.63978e-310 | 8
30273288967 | 35 | 2.5338 | 23
60546577935 | 36 | 2.5338 | 23
121093155870 | 37 | 1.63042e-322 | 6
121093155871 | 37 | 2.00483 | 17
242186311743 | 38 | 2.00483 | 17
484372623486 | 39 | 2.00483 | 17
968745246972 | 40 | 4.63978e-310 | 9
968745246973 | 40 | 2.42092e-322 | 8
1892080561 | 31 | 4.63978e-310 | 4
113 | 7 | 12.2821 | 387
226 | 8 | 11.4487 | 280
452 | 9 | 11.4487 | 280
904 | 10 | 11.4487 | 280
1808 | 11 | 11.4487 | 280
3617 | 12 | 11.4487 | 280
7234 | 13 | 7.06064 | 107
14468 | 14 | 6.84677 | 101
28936 | 15 | 6.21522 | 39
57873 | 16 | 6.21522 | 39
115746 | 17 | 2.42092e-322 | 5
115747 | 17 | 5.0361 | 34
231494 | 18 | 5.0361 | 34
462988 | 19 | 5.0361 | 34
925976 | 20 | 2.40394 | 25
1851952 | 21 | 2.40394 | 16
3703904 | 22 | 4.63978e-310 | 8
3703905 | 22 | 0.331162 | 8
1851953 | 21 | 4.63978e-310 | 9
925977 | 20 | 4.63978e-310 | 9
28937 | 15 | 5.85428 | 62
57874 | 16 | 5.85428 | 62
115749 | 17 | 5.85428 | 62
231498 | 18 | 5.85428 | 62
462996 | 19 | 5.85428 | 62
925992 | 20 | 5.85428 | 62
1851984 | 21 | 5.85428 | 62
3703968 | 22 | 5.41314 | 20
7407936 | 23 | 11.6561 | 10
7407937 | 23 | 2.35787 | 10
3703969 | 22 | 5.79364 | 42
7407939 | 23 | 5.79364 | 42
14815878 | 24 | 5.79364 | 42
29631756 | 25 | 5.79364 | 42
59263512 | 26 | 10.3981 | 2
59263513 | 26 | 5.49502 | 40
118527027 | 27 | 5.49502 | 40
237054054 | 28 | 5.49502 | 40
474108109 | 29 | 5.49502 | 40
948216218 | 30 | 5.49502 | 40
1896432436 | 31 | 5.49502 | 40
3792864872 | 32 | 4.73593 | 29
7585729744 | 33 | 4.73593 | 29
15171459488 | 34 | 4.67275 | 19
30342918976 | 35 | 2.96283 | 18
60685837953 | 36 | 2.96283 | 18
121371675907 | 37 | 2.96283 | 18
242743351814 | 38 | 12.7069 | 3
242743351815 | 38 | 2.56083 | 15
485486703631 | 39 | 2.56083 | 15
970973407262 | 40 | 2.56083 | 15
1941946814525 | 41 | 2.56083 | 15
3883893629051 | 42 | 2.56083 | 15
7767787258103 | 43 | 2.56083 | 15
15535574516206 | 44 | 1.97826 | 11
31071149032412 | 45 | 1.97826 | 11
62142298064825 | 46 | 1.97826 | 11
124284596129650 | 47 | 1.56106 | 9
124284596129651 | 47 | 3.91436 | 2
15535574516207 | 44 | 4.63978e-310 | 4
30342918977 | 35 | 4.63978e-310 | 1
15171459489 | 34 | 4.63978e-310 | 10
3792864873 | 32 | 1.30359 | 11
7585729746 | 33 | 4.63978e-310 | 5
7585729747 | 33 | 4.63978e-310 | 6
14469 | 14 | 4.63978e-310 | 6
7235 | 13 | 9.48014 | 173
14470 | 14 | 9.48014 | 173
28940 | 15 | 7.11624 | 94
57881 | 16 | 7.11624 | 94
115762 | 17 | 4.63978e-310 | 3
115763 | 17 | 6.46732 | 91
231527 | 18 | 6.46732 | 91
463054 | 19 | 5.48784 | 32
926109 | 20 | 5.48784 | 32
1852218 | 21 | 5.48784 | 32
3704436 | 22 | 5.48784 | 32
7408872 | 23 | 1.66565 | 15
14817744 | 24 | 1.66565 | 15
29635488 | 25 | 1.66565 | 15
59270976 | 26 | 0.150171 | 1
59270977 | 26 | 1.5905 | 14
118541954 | 27 | 4.63978e-310 | 3
118541955 | 27 | 1.49225 | 11
237083910 | 28 | 20.7157 | 6
237083911 | 28 | 20.9923 | 5
7408873 | 23 | 3.82142 | 17
14817746 | 24 | 3.82142 | 17
29635493 | 25 | 3.82142 | 17
59270987 | 26 | 3.82142 | 17
118541974 | 27 | 3.82142 | 17
237083949 | 28 | 3.82142 | 17
474167898 | 29 | 1.2599 | 12
948335797 | 30 | 1.2599 | 12
1896671595 | 31 | 1.2599 | 12
3793343190 | 32 | 6.21446 | 8
3793343191 | 32 | 1.43794 | 4
474167899 | 29 | 4.63978e-310 | 5
463055 | 19 | 5.71585 | 59
926111 | 20 | 5.71585 | 59
1852222 | 21 | 4.63978e-310 | 3
1852223 | 21 | 5.71585 | 56
3704447 | 22 | 5.71585 | 56
7408894 | 23 | 5.71585 | 56
14817788 | 24 | 5.662 | 25
29635577 | 25 | 5.662 | 25
59271154 | 26 | 4.63978e-310 | 9
59271155 | 26 | 4.1552 | 16
118542311 | 27 | 4.1552 | 16
237084622 | 28 | 4.1552 | 16
474169244 | 29 | 2.42092e-322 | 10
474169245 | 29 | 2.42092e-322 | 6
14817789 | 24 | 5.4596 | 31
29635578 | 25 | 5.4596 | 31
59271156 | 26 | 2.4277 | 20
118542313 | 27 | 2.4277 | 20
237084626 | 28 | 2.4277 | 20
474169252 | 29 | 20.6683 | 10
474169253 | 29 | 0.337571 | 10
59271157 | 26 | 2.83554 | 11
118542314 | 27 | 2.83554 | 11
237084629 | 28 | 2.83554 | 11
474169258 | 29 | 0.200245 | 4
474169259 | 29 | 1.84072 | 7
28941 | 15 | 7.61297 | 79
57882 | 16 | 7.61297 | 79
115764 | 17 | 5.45359 | 65
231528 | 18 | 5.45359 | 65
463057 | 19 | 5.45359 | 65
926114 | 20 | 3.6193 | 39
1852228 | 21 | 3.6193 | 39
3704456 | 22 | 3.05169 | 23
7408912 | 23 | 4.63978e-310 | 6
7408913 | 23 | 1.39192 | 17
14817827 | 24 | 1.39192 | 17
29635655 | 25 | 1.39192 | 17
59271310 | 26 | 1.31943 | 13
118542621 | 27 | 1.31943 | 13
237085242 | 28 | 1.31943 | 13
474170484 | 29 | 1.31943 | 13
948340968 | 30 | 15.3584 | 5
948340969 | 30 | 13.7143 | 8
59271311 | 26 | 4.63978e-310 | 4
3704457 | 22 | 2.04155 | 16
7408914 | 23 | 4.63978e-310 | 1
7408915 | 23 | 1.63935 | 15
14817830 | 24 | 1.63935 | 15
29635660 | 25 | 1.63935 | 15
59271321 | 26 | 1.63935 | 15
118542643 | 27 | 1.63935 | 15
237085287 | 28 | 1.63935 | 15
474170574 | 29 | 1.63935 | 15
948341148 | 30 | 1.63935 | 15
1896682297 | 31 | 1.63935 | 15
3793364594 | 32 | 4.63978e-310 | 1
3793364595 | 32 | 1.48609 | 14
7586729191 | 33 | 1.48609 | 14
15173458382 | 34 | 1.48609 | 14
30346916764 | 35 | 1.48609 | 13
60693833529 | 36 | 1.48609 | 13
121387667058 | 37 | 1.43902 | 2
121387667059 | 37 | 1.18604 | 11
242775334118 | 38 | 1.18604 | 11
485550668236 | 39 | 1.18604 | 11
971101336473 | 40 | 1.18604 | 11
1942202672946 | 41 | 1.18604 | 11
3884405345893 | 42 | 1.18604 | 11
7768810691786 | 43 | 8.29871 | 9
7768810691787 | 43 | 2.63741 | 2
30346916765 | 35 | 4.63978e-310 | 1
926115 | 20 | 2.95386 | 26
1852230 | 21 | 1.73161 | 12
3704460 | 22 | 1.73161 | 11
7408920 | 23 | 1.73161 | 11
14817840 | 24 | 4.63978e-310 | 9
14817841 | 24 | 4.63978e-310 | 2
3704461 | 22 | 4.63978e-310 | 1
1852231 | 21 | 2.39554 | 14
3704462 | 22 | 2.39554 | 14
7408924 | 23 | 4.63978e-310 | 8
7408925 | 23 | 4.63978e-310 | 6
115765 | 17 | 3.06497 | 14
231530 | 18 | 3.06497 | 14
463060 | 19 | 4.63978e-310 | 5
463061 | 19 | 4.63978e-310 | 9
227 | 8 | 10.1824 | 107
454 | 9 | 4.13996 | 34
909 | 10 | 4.13996 | 34
1818 | 11 | 4.13996 | 34
3636 | 12 | 4.63978e-310 | 1
3637 | 12 | 3.78976 | 33
7275 | 13 | 3.78976 | 33
14550 | 14 | 3.78976 | 33
29100 | 15 | 1.75113 | 15
58201 | 16 | 1.75113 | 15
116402 | 17 | 0.523419 | 3
116403 | 17 | 1.66784 | 12
232806 | 18 | 0.889148 | 6
232807 | 18 | 1.02808 | 6
29101 | 15 | 2.10758 | 18
58202 | 16 | 3.72305 | 8
58203 | 16 | 3.18679 | 10
455 | 9 | 6.68053 | 73
910 | 10 | 3.95138 | 43
1820 | 11 | 3.95138 | 43
3640 | 12 | 1.46148 | 11
7281 | 13 | 1.46148 | 11
14562 | 14 | 0.962695 | 10
14563 | 14 | 0.423334 | 1
3641 | 12 | 2.96649 | 32
7282 | 13 | 2.96649 | 32
14565 | 14 | 2.96649 | 32
29130 | 15 | 2.96649 | 32
58260 | 16 | 2.96649 | 32
116520 | 17 | 2.96649 | 32
233040 | 18 | 2.96649 | 32
466080 | 19 | 1.2806 | 12
932161 | 20 | 1.2806 | 12
1864323 | 21 | 1.2806 | 12
3728646 | 22 | 1.63042e-322 | 6
3728647 | 22 | 71.5368 | 6
466081 | 19 | 1.69726 | 20
932162 | 20 | 1.69726 | 20
1864325 | 21 | 1.69726 | 20
3728651 | 22 | 1.69726 | 20
7457302 | 23 | 1.62579 | 14
14914604 | 24 | 1.62579 | 14
29829208 | 25 | 4.63978e-310 | 4
29829209 | 25 | 6.90513e-310 | 10
7457303 | 23 | 4.63978e-310 | 6
911 | 10 | 2.81277 | 30
1822 | 11 | 2.81277 | 30
3645 | 12 | 2.81277 | 30
7290 | 13 | 1.88786 | 27
14581 | 14 | 1.88786 | 27
29162 | 15 | 1.88786 | 27
58325 | 16 | 1.88786 | 27
116650 | 17 | 1.82791 | 12
233300 | 18 | 1.63042e-322 | 2
233301 | 18 | 0.743385 | 10
116651 | 17 | 1.52036 | 15
233302 | 18 | 0.601941 | 8
233303 | 18 | 1.70937 | 7
7291 | 13 | 4.63978e-310 | 3
57 | 6 | 21.1746 | 133
114 | 7 | 21.1746 | 133
228 | 8 | 21.1746 | 133
457 | 9 | 21.1746 | 133
914 | 10 | 14.6835 | 39
1828 | 11 | 14.6835 | 39
3656 | 12 | 14.6835 | 39
7312 | 13 | 0.365939 | 1
7313 | 13 | 12.4723 | 38
14627 | 14 | 12.4723 | 38
29254 | 15 | 12.4723 | 38
58509 | 16 | 12.4723 | 38
117018 | 17 | 12.4723 | 38
234036 | 18 | 0.163301 | 6
234037 | 18 | 8.77439 | 32
468074 | 19 | 8.76833 | 19
936149 | 20 | 8.76833 | 19
1872298 | 21 | 8.76833 | 19
3744596 | 22 | 8.76833 | 19
7489193 | 23 | 8.76833 | 19
14978386 | 24 | 8.76833 | 19
29956772 | 25 | 8.76833 | 19
59913544 | 26 | 7.19661 | 15
119827088 | 27 | 7.19661 | 15
239654176 | 28 | 26.721 | 7
239654177 | 28 | 12.5469 | 8
59913545 | 26 | 4.63978e-310 | 4
468075 | 19 | 6.51482 | 13
936150 | 20 | 4.63978e-310 | 9
936151 | 20 | 4.63978e-310 | 4
915 | 10 | 10.4774 | 94
1830 | 11 | 10.4774 | 94
3661 | 12 | 10.4774 | 94
7322 | 13 | 9.72271 | 77
14644 | 14 | 7.00051 | 41
29289 | 15 | 7.00051 | 41
58579 | 16 | 7.00051 | 41
117158 | 17 | 7.00051 | 41
234316 | 18 | 7.00051 | 41
468633 | 19 | 7.00051 | 41
937266 | 20 | 6.28097 | 29
1874532 | 21 | 6.28097 | 29
3749064 | 22 | 3.73681 | 14
7498128 | 23 | 0.480814 | 5
7498129 | 23 | 10.8393 | 9
3749065 | 22 | 3.27407 | 15
7498130 | 23 | 3.27407 | 15
14996260 | 24 | 3.27407 | 15
29992520 | 25 | 20.4257 | 6
29992521 | 25 | 53.931 | 9
937267 | 20 | 5.70387 | 12
1874534 | 21 | 12.8642 | 5
1874535 | 21 | 4.63978e-310 | 7
14645 | 14 | 7.85751 | 36
29290 | 15 | 7.85751 | 36
58580 | 16 | 4.63978e-310 | 8
58581 | 16 | 4.79612 | 28
117162 | 17 | 4.79612 | 28
234325 | 18 | 4.79612 | 28
468650 | 19 | 3.18535 | 19
937300 | 20 | 3.18535 | 19
1874601 | 21 | 3.18535 | 19
3749202 | 22 | 3.18535 | 19
7498404 | 23 | 3.18535 | 19
14996809 | 24 | 3.18535 | 19
29993618 | 25 | 0.598339 | 9
29993619 | 25 | 0.402344 | 10
468651 | 19 | 4.63978e-310 | 9
7323 | 13 | 6.83381 | 17
14647 | 14 | 6.83381 | 17
29294 | 15 | 6.83381 | 17
58589 | 16 | 6.83381 | 17
117179 | 17 | 6.83381 | 17
234358 | 18 | 6.83381 | 17
468716 | 19 | 6.83381 | 17
937432 | 20 | 3.56158 | 9
937433 | 20 | 0 | 8
29 | 5 | 20.6538 | 106
58 | 6 | 20.6538 | 106
116 | 7 | 20.6538 | 106
233 | 8 | 20.6538 | 106
466 | 9 | 15.7746 | 36
932 | 10 | 15.7746 | 36
1865 | 11 | 15.7746 | 36
3731 | 12 | 15.7746 | 36
7462 | 13 | 1.88809 | 6
7463 | 13 | 6.97638 | 30
14927 | 14 | 6.97638 | 30
29854 | 15 | 4.63978e-310 | 1
29855 | 15 | 6.07917 | 29
59710 | 16 | 6.07917 | 29
119420 | 17 | 6.07917 | 29
238840 | 18 | 5.2368 | 25
477680 | 19 | 5.2368 | 25
955361 | 20 | 5.2368 | 25
1910722 | 21 | 4.11203 | 17
3821444 | 22 | 4.11203 | 17
7642888 | 23 | 4.11203 | 17
15285776 | 24 | 0.359681 | 2
15285777 | 24 | 3.0161 | 15
30571555 | 25 | 3.0161 | 15
61143110 | 26 | 2.55777 | 12
122286221 | 27 | 2.55777 | 12
244572442 | 28 | 2.34194 | 11
489144885 | 29 | 2.34194 | 11
978289770 | 30 | 0.131948 | 2
978289771 | 30 | 4.07818 | 9
244572443 | 28 | 4.63978e-310 | 1
61143111 | 26 | 4.63978e-310 | 3
1910723 | 21 | 4.63978e-310 | 8
238841 | 18 | 4.63978e-310 | 4
467 | 9 | 16.4826 | 70
934 | 10 | 4.63978e-310 | 2
935 | 10 | 14.7889 | 68
1871 | 11 | 14.7889 | 68
3742 | 12 | 9.07548 | 26
7485 | 13 | 9.07548 | 26
14970 | 14 | 9.07548 | 26
29941 | 15 | 9.07548 | 26
59882 | 16 | 9.07548 | 26
119764 | 17 | 8.91697 | 14
239528 | 18 | 8.91697 | 14
479056 | 19 | 1.63042e-322 | 7
479057 | 19 | 0.146783 | 7
119765 | 17 | 8.96029 | 12
239531 | 18 | 8.96029 | 12
479062 | 19 | 8.96029 | 12
958124 | 20 | 8.96029 | 12
1916248 | 21 | 8.96029 | 12
3832496 | 22 | 83.3211 | 4
3832497 | 22 | 0.00827282 | 8
3743 | 12 | 12.1677 | 42
7486 | 13 | 10.2249 | 38
14973 | 14 | 10.2249 | 38
29946 | 15 | 10.2249 | 38
59892 | 16 | 6.63274 | 12
119785 | 17 | 6.63274 | 12
239571 | 18 | 6.63274 | 12
479142 | 19 | 6.63274 | 12
958285 | 20 | 6.63274 | 12
1916571 | 21 | 6.63274 | 12
3833143 | 22 | 6.63274 | 12
7666287 | 23 | 6.63274 | 12
15332574 | 24 | 0 | 10
15332575 | 24 | 56.78 | 2
59893 | 16 | 8.3095 | 26
119787 | 17 | 8.3095 | 26
239574 | 18 | 8.3095 | 21
479148 | 19 | 2.97316 | 14
958296 | 20 | 2.68679 | 13
1916593 | 21 | 2.68679 | 13
3833186 | 22 | 2.68679 | 13
7666373 | 23 | 2.68679 | 13
15332747 | 24 | 2.68679 | 13
30665494 | 25 | 0.352528 | 9
30665495 | 25 | 3.21143e-322 | 4
958297 | 20 | 4.63978e-310 | 1
479149 | 19 | 4.63978e-310 | 7
239575 | 18 | 4.63978e-310 | 5
7487 | 13 | 4.63978e-310 | 4
15 | 4 | 13.3837 | 206
30 | 5 | 10.6488 | 105
60 | 6 | 10.6488 | 105
121 | 7 | 10.6488 | 105
243 | 8 | 10.6488 | 105
486 | 9 | 2.19781 | 17
973 | 10 | 2.19781 | 17
1946 | 11 | 1.57876 | 15
3892 | 12 | 1.57876 | 15
7784 | 13 | 1.57876 | 15
15568 | 14 | 1.57876 | 15
31136 | 15 | 1.57876 | 15
62273 | 16 | 1.57876 | 15
124546 | 17 | 1.57876 | 15
249093 | 18 | 1.57876 | 15
498187 | 19 | 1.57876 | 15
996375 | 20 | 1.57876 | 15
1992751 | 21 | 1.57876 | 15
3985503 | 22 | 1.57876 | 15
7971007 | 23 | 1.57876 | 15
15942014 | 24 | 1.09442 | 5
15942015 | 24 | 1.11619 | 10
1947 | 11 | 4.63978e-310 | 2
487 | 9 | 10.2302 | 88
974 | 10 | 10.2302 | 88
1948 | 11 | 10.2302 | 88
3896 | 12 | 10.2302 | 88
7792 | 13 | 10.2302 | 88
15584 | 14 | 9.54493 | 85
31168 | 15 | 8.31125 | 78
62336 | 16 | 8.31125 | 78
124672 | 17 | 6.78479 | 20
249345 | 18 | 6.78479 | 20
498690 | 19 | 6.78479 | 20
997381 | 20 | 6.78479 | 20
1994762 | 21 | 3.95723 | 13
3989524 | 22 | 3.95723 | 13
7979049 | 23 | 3.95723 | 13
15958098 | 24 | 2.82437 | 10
15958099 | 24 | 0.38706 | 3
1994763 | 21 | 4.63978e-310 | 7
124673 | 17 | 8.31125 | 58
249347 | 18 | 8.31125 | 58
498694 | 19 | 3.62108 | 26
997388 | 20 | 2.81359 | 12
1994777 | 21 | 2.81359 | 12
3989554 | 22 | 4.63978e-310 | 4
3989555 | 22 | 34.3798 | 8
997389 | 20 | 3.47558 | 14
1994778 | 21 | 6.90513e-310 | 4
1994779 | 21 | 24.4962 | 10
498695 | 19 | 4.71381 | 32
997390 | 20 | 4.71381 | 32
1994780 | 21 | 4.1141 | 29
3989561 | 22 | 4.1141 | 29
7979122 | 23 | 4.1141 | 29
15958245 | 24 | 4.1141 | 29
31916491 | 25 | 4.1141 | 29
63832982 | 26 | 4.1141 | 29
127665964 | 27 | 2.46655 | 14
255331928 | 28 | 2.46655 | 14
510663856 | 29 | 0.511281 | 5
510663857 | 29 | 6.93964 | 9
127665965 | 27 | 2.06688 | 15
255331931 | 28 | 2.06688 | 15
510663862 | 29 | 3.82357 | 9
510663863 | 29 | 3.75994 | 6
1994781 | 21 | 4.63978e-310 | 3
31169 | 15 | 4.63978e-310 | 7
15585 | 14 | 4.63978e-310 | 3
31 | 5 | 10.31 | 101
63 | 6 | 10.31 | 101
126 | 7 | 10.31 | 101
253 | 8 | 10.31 | 101
506 | 9 | 10.31 | 101
1012 | 10 | 10.31 | 101
2024 | 11 | 10.31 | 101
4048 | 12 | 10.31 | 101
8096 | 13 | 4.69286 | 27
16192 | 14 | 3.76022 | 26
32384 | 15 | 2.9709 | 12
64769 | 16 | 2.9709 | 12
129538 | 17 | 2.9709 | 12
259077 | 18 | 2.9709 | 12
518154 | 19 | 4.63978e-310 | 6
518155 | 19 | 1.39581 | 6
32385 | 15 | 3.66778 | 14
64771 | 16 | 3.66778 | 14
129542 | 17 | 2.73902 | 11
259084 | 18 | 6.90513e-310 | 9
259085 | 18 | 1.92841 | 2
129543 | 17 | 0 | 3
16193 | 14 | 4.63978e-310 | 1
8097 | 13 | 7.35524 | 74
16194 | 14 | 7.35524 | 74
32389 | 15 | 7.35524 | 74
64779 | 16 | 7.35524 | 74
129558 | 17 | 5.73373 | 11
259117 | 18 | 5.73373 | 11
518235 | 19 | 5.73373 | 11
1036471 | 20 | 5.73373 | 11
2072942 | 21 | 0.892285 | 9
2072943 | 21 | 0.96979 | 2
129559 | 17 | 7.35524 | 63
259119 | 18 | 7.35524 | 63
518238 | 19 | 7.35524 | 63
1036477 | 20 | 7.35524 | 63
2072954 | 21 | 4.24332 | 38
4145909 | 22 | 4.24332 | 38
8291818 | 23 | 4.24332 | 38
16583636 | 24 | 4.13685 | 36
33167272 | 25 | 4.13685 | 36
66334545 | 26 | 4.13685 | 36
132669090 | 27 | 3.66468 | 28
265338180 | 28 | 3.66468 | 28
530676360 | 29 | 3.66468 | 28
1061352720 | 30 | 2.4782 | 19
2122705440 | 31 | 2.4782 | 19
4245410880 | 32 | 2.4782 | 19
8490821761 | 33 | 2.4782 | 19
16981643523 | 34 | 2.4782 | 19
33963287046 | 35 | 2.0348 | 11
67926574093 | 36 | 2.0348 | 11
135853148186 | 37 | 2.0348 | 11
271706296372 | 38 | 2.0348 | 11
543412592744 | 39 | 2.0348 | 11
1086825185489 | 40 | 2.0348 | 11
2173650370978 | 41 | 1.68245 | 9
2173650370979 | 41 | 2.61355 | 2
33963287047 | 35 | 4.63978e-310 | 8
1061352721 | 30 | 4.63978e-310 | 9
132669091 | 27 | 4.63978e-310 | 8
16583637 | 24 | 4.63978e-310 | 2
2072955 | 21 | 3.93622 | 25
4145910 | 22 | 3.93622 | 25
8291820 | 23 | 3.93622 | 24
16583640 | 24 | 3.93622 | 24
33167281 | 25 | 3.93622 | 24
66334562 | 26 | 3.93622 | 24
132669124 | 27 | 4.63978e-310 | 9
132669125 | 27 | 3.16067 | 15
265338250 | 28 | 3.16067 | 15
530676501 | 29 | 3.16067 | 15
1061353002 | 30 | 4.54581 | 4
1061353003 | 30 | 2.78964 | 11
2122706007 | 31 | 2.78964 | 11
4245412014 | 32 | 0.18407 | 10
4245412015 | 32 | 2.38218 | 1
8291821 | 23 | 4.63978e-310 | 1
