ID | Depth | diameter | Number of points
0 | 0 | 29.316 | 1600
0 | 1 | 29.316 | 1600
0 | 2 | 29.316 | 1600
0 | 3 | 13.256 | 130
0 | 4 | 8.5145 | 32
0 | 5 | 4.00636 | 17
0 | 6 | 4.63978e-310 | 1
1 | 6 | 4.00636 | 16
2 | 7 | 4.63978e-310 | 5
3 | 7 | 3.21975 | 11
6 | 8 | 0.402322 | 8
7 | 8 | 1.58078 | 3
1 | 5 | 3.99847 | 15
3 | 6 | 3.99847 | 15
6 | 7 | 3.99847 | 15
12 | 8 | 3.99847 | 15
24 | 9 | 3.99847 | 15
48 | 10 | 3.99847 | 15
96 | 11 | 2.98087 | 2
97 | 11 | 3.79429 | 13
195 | 12 | 3.79429 | 13
390 | 13 | 41.1008 | 1
391 | 13 | 3.57782 | 12
783 | 14 | 3.57782 | 12
1567 | 15 | 3.57782 | 12
3134 | 16 | 13.5759 | 9
3135 | 16 | 0 | 3
1 | 4 | 9.95496 | 98
3 | 5 | 9.95496 | 98
7 | 6 | 9.95496 | 98
14 | 7 | 9.95496 | 98
28 | 8 | 9.95496 | 98
57 | 9 | 9.95496 | 98
115 | 10 | 9.95496 | 98
230 | 11 | 7.01133 | 19
461 | 12 | 7.01133 | 19
923 | 13 | 7.01133 | 19
1847 | 14 | 7.01133 | 19
3695 | 15 | 7.01133 | 19
7390 | 16 | 4.26337 | 11
14781 | 17 | 4.26337 | 11
29563 | 18 | 4.26337 | 11
59126 | 19 | 6.5215 | 8
59127 | 19 | 7.69326 | 3
7391 | 16 | 4.63978e-310 | 8
231 | 11 | 8.99048 | 79
462 | 12 | 8.99048 | 79
924 | 13 | 7.37428 | 52
1848 | 14 | 5.11366 | 20
3697 | 15 | 5.11366 | 20
7394 | 16 | 2.01806 | 1
7395 | 16 | 3.9303 | 19
14790 | 17 | 4.63978e-310 | 1
14791 | 17 | 3.91432 | 18
29582 | 18 | 3.91432 | 18
59164 | 19 | 1.6823 | 2
59165 | 19 | 3.43104 | 16
118331 | 20 | 3.43104 | 16
236662 | 21 | 3.43104 | 16
473324 | 22 | 1.85534 | 7
473325 | 22 | 4.00573 | 9
1849 | 14 | 6.10611 | 32
3698 | 15 | 6.10611 | 32
7396 | 16 | 6.10611 | 32
14792 | 17 | 5.0389 | 16
29584 | 18 | 5.0389 | 16
59168 | 19 | 4.90254 | 14
118336 | 20 | 4.90254 | 14
236672 | 21 | 4.90254 | 14
473344 | 22 | 3.95635 | 11
946688 | 23 | 4.63978e-310 | 10
946689 | 23 | 0.990309 | 1
473345 | 22 | 0 | 3
59169 | 19 | 4.63978e-310 | 2
14793 | 17 | 4.10292 | 16
29587 | 18 | 4.10292 | 16
59174 | 19 | 3.26311 | 14
118348 | 20 | 3.26311 | 14
236697 | 21 | 3.26311 | 14
473394 | 22 | 2.63524 | 13
946789 | 23 | 2.63524 | 13
1893579 | 24 | 2.63524 | 13
3787158 | 25 | 7.85664 | 4
3787159 | 25 | 40.0577 | 9
473395 | 22 | 4.63978e-310 | 1
59175 | 19 | 4.63978e-310 | 2
925 | 13 | 6.82326 | 27
1850 | 14 | 5.55961 | 20
3701 | 15 | 5.55961 | 20
7403 | 16 | 5.55961 | 20
14806 | 17 | 41.6664 | 8
14807 | 17 | 2.51512 | 12
29614 | 18 | 2.51512 | 12
59228 | 19 | 1.27817 | 2
59229 | 19 | 0 | 10
1851 | 14 | 4.63978e-310 | 7
1 | 3 | 29.316 | 1470
2 | 4 | 23.8433 | 232
5 | 5 | 23.8433 | 232
10 | 6 | 23.8433 | 232
21 | 7 | 23.8433 | 232
43 | 8 | 23.8433 | 232
86 | 9 | 8.44363 | 27
172 | 10 | 8.44363 | 27
344 | 11 | 6.19729 | 17
688 | 12 | 6.19729 | 17
1376 | 13 | 6.19729 | 17
2753 | 14 | 6.19729 | 17
5506 | 15 | 1.40417 | 5
5507 | 15 | 3.91797 | 12
11014 | 16 | 6.90513e-310 | 8
11015 | 16 | 10.5108 | 4
345 | 11 | 4.63978e-310 | 10
87 | 9 | 19.7906 | 205
174 | 10 | 19.7906 | 205
348 | 11 | 19.7906 | 205
697 | 12 | 19.7906 | 205
1394 | 13 | 18.2106 | 78
2788 | 14 | 18.2106 | 78
5576 | 15 | 18.2106 | 78
11152 | 16 | 122.558 | 7
11153 | 16 | 18.2106 | 71
22307 | 17 | 18.2106 | 71
44614 | 18 | 11.2813 | 65
89228 | 19 | 11.2813 | 65
178456 | 20 | 9.41245 | 29
356913 | 21 | 9.41245 | 29
713827 | 22 | 9.41245 | 29
1427654 | 23 | 9.41245 | 29
2855308 | 24 | 4.63978e-310 | 7
2855309 | 24 | 6.30502 | 22
5710618 | 25 | 6.30502 | 22
11421236 | 26 | 6.30502 | 20
22842472 | 27 | 6.30502 | 20
45684944 | 28 | 6.30502 | 20
91369888 | 29 | 6.30502 | 20
182739776 | 30 | 6.30502 | 20
365479553 | 31 | 6.30502 | 20
730959106 | 32 | 6.30502 | 20
1461918212 | 33 | 6.30502 | 20
2923836425 | 34 | 6.30502 | 20
5847672850 | 35 | 6.30502 | 13
11695345700 | 36 | 6.30502 | 13
23390691400 | 37 | 6.30502 | 13
46781382800 | 38 | 6.30502 | 13
93562765600 | 39 | 2.71498 | 2
93562765601 | 39 | 5.91511 | 11
187125531202 | 40 | 11.2062 | 5
187125531203 | 40 | 0.484286 | 6
5847672851 | 35 | 4.63978e-310 | 7
11421237 | 26 | 4.63978e-310 | 2
178457 | 20 | 9.5027 | 36
356914 | 21 | 8.81456 | 26
713829 | 22 | 8.81456 | 26
1427658 | 23 | 8.81456 | 26
2855317 | 24 | 8.81456 | 26
5710635 | 25 | 8.81456 | 26
11421270 | 26 | 8.81456 | 24
22842540 | 27 | 6.16939 | 14
45685081 | 28 | 6.16939 | 14
91370163 | 29 | 6.16939 | 14
182740326 | 30 | 50.1396 | 1
182740327 | 30 | 5.19853 | 13
365480654 | 31 | 5.19853 | 13
730961308 | 32 | 4.05144 | 3
730961309 | 32 | 4.63978e-310 | 10
22842541 | 27 | 4.63978e-310 | 10
11421271 | 26 | 4.63978e-310 | 2
356915 | 21 | 4.63978e-310 | 10
44615 | 18 | 4.63978e-310 | 6
1395 | 13 | 11.9187 | 127
2790 | 14 | 10.8533 | 94
5580 | 15 | 4.63978e-310 | 5
5581 | 15 | 10.3556 | 89
11162 | 16 | 10.3556 | 89
22324 | 17 | 4.63978e-310 | 1
22325 | 17 | 10.3556 | 88
44651 | 18 | 10.3556 | 88
89302 | 19 | 10.3556 | 82
178605 | 20 | 10.3556 | 82
357210 | 21 | 8.06683 | 73
714421 | 22 | 8.06683 | 73
1428842 | 23 | 4.73383 | 44
2857684 | 24 | 4.04342 | 33
5715369 | 25 | 4.04342 | 33
11430738 | 26 | 3.37367 | 30
22861477 | 27 | 3.37367 | 30
45722954 | 28 | 3.37367 | 30
91445908 | 29 | 3.09035 | 24
182891816 | 30 | 3.09035 | 24
365783633 | 31 | 3.09035 | 24
731567267 | 32 | 3.09035 | 24
1463134534 | 33 | 9.20805 | 10
1463134535 | 33 | 2.40635 | 14
2926269071 | 34 | 2.40635 | 14
5852538142 | 35 | 2.40635 | 14
11705076284 | 36 | 2.13081 | 11
23410152569 | 37 | 2.13081 | 11
46820305138 | 38 | 6.57824 | 1
46820305139 | 38 | 1.25242 | 10
11705076285 | 36 | 4.63978e-310 | 3
91445909 | 29 | 4.63978e-310 | 6
11430739 | 26 | 4.63978e-310 | 3
2857685 | 24 | 1.915 | 11
5715371 | 25 | 1.915 | 11
11430742 | 26 | 4.63978e-310 | 5
11430743 | 26 | 4.63978e-310 | 6
1428843 | 23 | 5.13348 | 29
2857686 | 24 | 4.61343 | 22
5715372 | 25 | 2.42092e-322 | 3
5715373 | 25 | 4.49628 | 19
11430746 | 26 | 4.25343 | 2
11430747 | 26 | 3.87212 | 17
22861495 | 27 | 3.87212 | 17
45722991 | 28 | 3.87212 | 17
91445982 | 29 | 3.2298 | 13
182891964 | 30 | 3.2298 | 13
365783928 | 31 | 6.90513e-310 | 1
365783929 | 31 | 3.2298 | 12
731567858 | 32 | 3.2298 | 12
1463135716 | 33 | 7.90505e-322 | 4
1463135717 | 33 | 0.282601 | 8
91445983 | 29 | 4.63978e-310 | 4
2857687 | 24 | 4.63978e-310 | 7
357211 | 21 | 4.63978e-310 | 9
89303 | 19 | 4.63978e-310 | 6
2791 | 14 | 8.11737 | 33
5582 | 15 | 4.9888 | 32
11164 | 16 | 4.63978e-310 | 5
11165 | 16 | 3.6453 | 27
22330 | 17 | 3.6453 | 27
44661 | 18 | 3.6453 | 27
89322 | 19 | 3.6453 | 27
178645 | 20 | 3.6453 | 27
357290 | 21 | 3.6453 | 27
714581 | 22 | 3.6453 | 27
1429162 | 23 | 3.6453 | 27
2858324 | 24 | 2.46438 | 11
5716648 | 25 | 2.46438 | 11
11433297 | 26 | 2.46438 | 11
22866594 | 27 | 1.46455 | 9
22866595 | 27 | 2.42092e-322 | 2
2858325 | 24 | 2.06994 | 16
5716650 | 25 | 0 | 3
5716651 | 25 | 1.68078 | 13
11433303 | 26 | 1.68078 | 13
22866607 | 27 | 1.68078 | 13
45733214 | 28 | 1.68078 | 13
91466428 | 29 | 0.235612 | 5
91466429 | 29 | 7.11455e-322 | 8
5583 | 15 | 4.63978e-310 | 1
3 | 4 | 26.5144 | 1238
6 | 5 | 25.486 | 629
13 | 6 | 25.486 | 629
26 | 7 | 25.486 | 629
53 | 8 | 25.486 | 629
106 | 9 | 15.0861 | 227
212 | 10 | 4.63978e-310 | 2
213 | 10 | 14.0911 | 225
427 | 11 | 14.0911 | 225
854 | 12 | 11.8144 | 112
1708 | 13 | 11.8144 | 112
3416 | 14 | 11.8144 | 112
6832 | 15 | 11.8144 | 112
13664 | 16 | 5.08419 | 14
27328 | 17 | 1.25699 | 6
27329 | 17 | 0.146402 | 8
13665 | 16 | 7.90043 | 98
27330 | 17 | 7.90043 | 91
54660 | 18 | 6.34761 | 67
109321 | 19 | 6.34761 | 67
218642 | 20 | 6.34761 | 67
437284 | 21 | 3.89445 | 37
874569 | 22 | 3.89445 | 37
1749138 | 23 | 3.89445 | 37
3498276 | 24 | 3.03857 | 22
6996553 | 25 | 3.03857 | 22
13993107 | 26 | 3.03857 | 22
27986214 | 27 | 4.51846 | 8
27986215 | 27 | 2.9164 | 14
55972431 | 28 | 2.9164 | 14
111944862 | 29 | 2.9164 | 14
223889724 | 30 | 2.9164 | 14
447779448 | 31 | 2.32588 | 11
895558897 | 32 | 2.32588 | 11
1791117794 | 33 | 2.32588 | 11
3582235589 | 34 | 2.32588 | 11
7164471178 | 35 | 1.52962 | 6
7164471179 | 35 | 1.82954 | 5
447779449 | 31 | 4.63978e-310 | 3
3498277 | 24 | 2.95419 | 15
6996554 | 25 | 2.95419 | 15
13993109 | 26 | 2.95419 | 15
27986218 | 27 | 2.95419 | 15
55972437 | 28 | 2.95419 | 15
111944875 | 29 | 2.95419 | 15
223889750 | 30 | 2.95419 | 15
447779500 | 31 | 2.95419 | 15
895559000 | 32 | 2.95419 | 15
1791118000 | 33 | 2.95419 | 15
3582236000 | 34 | 2.95419 | 15
7164472001 | 35 | 2.95419 | 15
14328944003 | 36 | 2.95419 | 15
28657888007 | 37 | 2.95419 | 15
57315776014 | 38 | 2.95419 | 15
114631552029 | 39 | 2.95419 | 15
229263104059 | 40 | 2.95419 | 15
458526208118 | 41 | 10.9042 | 2
458526208119 | 41 | 2.27001 | 13
917052416238 | 42 | 2.27001 | 13
1834104832476 | 43 | 2.27001 | 13
3668209664952 | 44 | 2.27001 | 13
7336419329904 | 45 | 2.27001 | 13
14672838659809 | 46 | 2.27001 | 13
29345677319618 | 47 | 4.63978e-310 | 1
29345677319619 | 47 | 1.75742 | 12
58691354639239 | 48 | 1.75742 | 12
117382709278478 | 49 | 1.75742 | 12
234765418556957 | 50 | 1.75742 | 12
469530837113914 | 51 | 1.75742 | 12
939061674227828 | 52 | 1.75742 | 12
1878123348455656 | 53 | 1.75742 | 12
3756246696911312 | 54 | 1.75742 | 12
7512493393822625 | 55 | 1.75742 | 12
15024986787645250 | 56 | 5.1737 | 10
15024986787645251 | 56 | 22.725 | 2
437285 | 21 | 4.66005 | 30
874570 | 22 | 4.66005 | 30
1749140 | 23 | 4.66005 | 30
3498280 | 24 | 4.66005 | 30
6996560 | 25 | 4.66005 | 30
13993120 | 26 | 4.66005 | 30
27986240 | 27 | 4.66005 | 25
55972480 | 28 | 4.66005 | 25
111944960 | 29 | 2.77051 | 12
223889921 | 30 | 2.77051 | 12
447779842 | 31 | 2.77051 | 12
895559684 | 32 | 4.63978e-310 | 10
895559685 | 32 | 4.63978e-310 | 2
111944961 | 29 | 2.07647 | 13
223889922 | 30 | 4.63978e-310 | 4
223889923 | 30 | 4.63978e-310 | 9
27986241 | 27 | 4.63978e-310 | 5
54661 | 18 | 3.19839 | 24
109322 | 19 | 2.80654 | 18
218645 | 20 | 2.80654 | 18
437290 | 21 | 2.75853 | 12
874580 | 22 | 2.75853 | 12
1749160 | 23 | 2.42118 | 11
3498320 | 24 | 4.63978e-310 | 3
3498321 | 24 | 4.63978e-310 | 8
1749161 | 23 | 4.63978e-310 | 1
437291 | 21 | 4.63978e-310 | 6
109323 | 19 | 4.63978e-310 | 6
27331 | 17 | 4.63978e-310 | 7
855 | 12 | 9.39431 | 113
1710 | 13 | 9.39431 | 113
3420 | 14 | 9.39431 | 106
6840 | 15 | 8.39938 | 50
13680 | 16 | 8.39938 | 50
27360 | 17 | 8.39938 | 50
54721 | 18 | 8.39938 | 50
109442 | 19 | 8.39938 | 50
218884 | 20 | 7.92057 | 20
437769 | 21 | 7.92057 | 20
875538 | 22 | 7.92057 | 20
1751077 | 23 | 7.92057 | 20
3502154 | 24 | 7.92057 | 20
7004308 | 25 | 2.37152e-322 | 8
7004309 | 25 | 2.5621 | 12
14008618 | 26 | 2.5621 | 12
28017236 | 27 | 39.2599 | 10
28017237 | 27 | 39.0058 | 2
218885 | 20 | 8.21386 | 30
437771 | 21 | 8.21386 | 30
875542 | 22 | 8.21386 | 30
1751085 | 23 | 8.21386 | 30
3502170 | 24 | 8.21386 | 30
7004340 | 25 | 8.21386 | 30
14008680 | 26 | 8.21386 | 30
28017361 | 27 | 8.21386 | 30
56034722 | 28 | 3.56312 | 10
56034723 | 28 | 2.60049 | 20
112069446 | 29 | 6.6547 | 7
112069447 | 29 | 2.49096 | 13
224138894 | 30 | 1.02001 | 8
224138895 | 30 | 5.96849 | 5
6841 | 15 | 7.33909 | 56
13682 | 16 | 7.33909 | 56
27364 | 17 | 6.90804 | 35
54729 | 18 | 6.90804 | 35
109458 | 19 | 6.90804 | 35
218917 | 20 | 6.90804 | 35
437834 | 21 | 6.51205 | 20
875668 | 22 | 1.58101e-322 | 7
875669 | 22 | 1.23292 | 13
1751338 | 23 | 1.23292 | 13
3502676 | 24 | 1.23292 | 13
7005353 | 25 | 1.23292 | 13
14010706 | 26 | 42.2347 | 10
14010707 | 26 | 39.0795 | 3
437835 | 21 | 6.77409 | 15
875671 | 22 | 6.77409 | 15
1751343 | 23 | 6.77409 | 15
3502687 | 24 | 6.77409 | 15
7005374 | 25 | 1.28302 | 8
7005375 | 25 | 40.0013 | 7
27365 | 17 | 6.71094 | 21
54730 | 18 | 6.71094 | 21
109461 | 19 | 6.71094 | 21
218923 | 20 | 6.71094 | 21
437847 | 21 | 6.71094 | 21
875695 | 22 | 6.71094 | 21
1751390 | 23 | 6.71094 | 21
3502780 | 24 | 6.71094 | 21
7005561 | 25 | 6.71094 | 21
14011123 | 26 | 6.71094 | 21
28022246 | 27 | 6.71094 | 18
56044492 | 28 | 1.989 | 13
112088984 | 29 | 1.989 | 13
224177968 | 30 | 1.989 | 11
448355937 | 31 | 1.989 | 11
896711874 | 32 | 0.401866 | 2
896711875 | 32 | 0 | 9
224177969 | 30 | 4.63978e-310 | 2
56044493 | 28 | 4.63978e-310 | 5
28022247 | 27 | 4.63978e-310 | 3
3421 | 14 | 4.63978e-310 | 7
107 | 9 | 20.2649 | 402
215 | 10 | 20.2649 | 402
430 | 11 | 20.2649 | 402
860 | 12 | 20.2649 | 402
1720 | 13 | 7.79225 | 32
3440 | 14 | 7.67628 | 30
6881 | 15 | 7.67628 | 30
13762 | 16 | 7.67628 | 30
27524 | 17 | 7.67628 | 30
55048 | 18 | 4.81732 | 26
110096 | 19 | 4.81732 | 26
220192 | 20 | 4.81732 | 26
440384 | 21 | 4.81732 | 26
880769 | 22 | 4.81732 | 26
1761538 | 23 | 4.81732 | 26
3523076 | 24 | 4.81732 | 26
7046152 | 25 | 4.81732 | 26
14092304 | 26 | 4.81732 | 26
28184608 | 27 | 4.81732 | 26
56369216 | 28 | 4.81732 | 26
112738432 | 29 | 2.06025e-321 | 1
112738433 | 29 | 2.89385 | 25
225476867 | 30 | 2.89385 | 25
450953734 | 31 | 2.89385 | 21
901907468 | 32 | 2.89385 | 21
1803814937 | 33 | 2.89385 | 21
3607629874 | 34 | 2.89385 | 21
7215259748 | 35 | 4.63978e-310 | 2
7215259749 | 35 | 2.21042 | 19
14430519499 | 36 | 2.21042 | 19
28861038998 | 37 | 2.18571 | 14
57722077997 | 38 | 2.18571 | 14
115444155995 | 39 | 2.18571 | 14
230888311990 | 40 | 2.18571 | 14
461776623981 | 41 | 2.18571 | 14
923553247963 | 42 | 2.18571 | 14
1847106495926 | 43 | 2.18571 | 14
3694212991852 | 44 | 0 | 9
3694212991853 | 44 | 0.144662 | 5
28861038999 | 37 | 4.63978e-310 | 5
450953735 | 31 | 4.63978e-310 | 4
55049 | 18 | 4.63978e-310 | 4
3441 | 14 | 4.63978e-310 | 2
1721 | 13 | 18.8234 | 370
3442 | 14 | 18.8234 | 370
6884 | 15 | 18.8234 | 370
13768 | 16 | 8.87926 | 110
27536 | 17 | 8.87926 | 101
55072 | 18 | 5.08072 | 86
110145 | 19 | 5.08072 | 86
220290 | 20 | 4.57702 | 52
440581 | 21 | 4.57702 | 52
881162 | 22 | 2.31706 | 19
1762324 | 23 | 4.63978e-310 | 10
1762325 | 23 | 0.583669 | 9
881163 | 22 | 3.1577 | 33
1762326 | 23 | 3.1577 | 33
3524653 | 24 | 3.1577 | 33
7049306 | 25 | 2.37152e-322 | 3
7049307 | 25 | 3.08372 | 30
14098614 | 26 | 3.08372 | 30
28197229 | 27 | 3.08372 | 30
56394458 | 28 | 2.11667 | 14
112788916 | 29 | 2.11667 | 14
225577832 | 30 | 2.11667 | 14
451155665 | 31 | 2.11667 | 14
902311330 | 32 | 1.27909 | 5
902311331 | 32 | 0.975065 | 9
56394459 | 28 | 2.34582 | 16
112788918 | 29 | 4.63978e-310 | 5
112788919 | 29 | 1.54885 | 11
225577838 | 30 | 1.54885 | 11
451155676 | 31 | 0.240279 | 3
451155677 | 31 | 4.63978e-310 | 8
220291 | 20 | 4.36034 | 34
440582 | 21 | 4.36034 | 34
881164 | 22 | 2.84491 | 24
1762328 | 23 | 2.84491 | 23
3524656 | 24 | 2.84491 | 23
7049312 | 25 | 2.84491 | 23
14098624 | 26 | 2.84491 | 23
28197248 | 27 | 2.84491 | 23
56394496 | 28 | 1.43871 | 12
112788992 | 29 | 2.26899 | 4
112788993 | 29 | 6.15243 | 8
56394497 | 28 | 1.55133 | 11
112788994 | 29 | 0 | 2
112788995 | 29 | 0.101595 | 9
1762329 | 23 | 4.63978e-310 | 1
881165 | 22 | 4.63978e-310 | 10
55073 | 18 | 4.86368 | 15
110146 | 19 | 4.86368 | 15
220293 | 20 | 4.86368 | 15
440587 | 21 | 4.86368 | 15
881175 | 22 | 4.86368 | 15
1762350 | 23 | 4.12605 | 12
3524701 | 24 | 4.12605 | 12
7049402 | 25 | 2.99608 | 11
14098805 | 26 | 2.99608 | 11
28197611 | 27 | 2.99608 | 11
56395222 | 28 | 2.99608 | 11
112790444 | 29 | 1.25442 | 2
112790445 | 29 | 6.90513e-310 | 9
7049403 | 25 | 0.720379 | 1
1762351 | 23 | 3.18313 | 3
27537 | 17 | 4.63978e-310 | 9
13769 | 16 | 15.4178 | 260
27539 | 17 | 15.4178 | 260
55078 | 18 | 15.4178 | 260
110156 | 19 | 15.4178 | 260
220313 | 20 | 15.4178 | 260
440626 | 21 | 10.9492 | 165
881253 | 22 | 10.9492 | 165
1762507 | 23 | 10.9492 | 165
3525014 | 24 | 10.9492 | 165
7050028 | 25 | 6.52665 | 119
14100056 | 26 | 6.52665 | 119
28200112 | 27 | 6.52665 | 119
56400224 | 28 | 5.12037 | 35
112800448 | 29 | 4.63978e-310 | 6
112800449 | 29 | 3.86427 | 29
225600898 | 30 | 3.86427 | 29
451201797 | 31 | 3.86427 | 29
902403595 | 32 | 3.86427 | 29
1804807191 | 33 | 3.86427 | 29
3609614382 | 34 | 3.86427 | 29
7219228764 | 35 | 1.91393 | 23
14438457528 | 36 | 1.91393 | 23
28876915056 | 37 | 1.91393 | 23
57753830112 | 38 | 1.5348 | 21
115507660224 | 39 | 1.5348 | 21
231015320448 | 40 | 1.5348 | 21
462030640896 | 41 | 4.63978e-310 | 4
462030640897 | 41 | 1.25664 | 17
924061281795 | 42 | 1.25664 | 17
1848122563590 | 43 | 1.25664 | 17
3696245127180 | 44 | 0.608197 | 7
3696245127181 | 44 | 0.291322 | 10
57753830113 | 38 | 4.63978e-310 | 2
7219228765 | 35 | 4.63978e-310 | 6
56400225 | 28 | 6.07696 | 84
112800450 | 29 | 3.80064 | 13
225600900 | 30 | 4.63978e-310 | 7
225600901 | 30 | 4.63978e-310 | 6
112800451 | 29 | 5.58099 | 71
225600902 | 30 | 5.58099 | 71
451201804 | 31 | 3.46981 | 21
902403608 | 32 | 4.63978e-310 | 1
902403609 | 32 | 3.37031 | 20
1804807218 | 33 | 3.37031 | 20
3609614436 | 34 | 0.196772 | 2
3609614437 | 34 | 3.37031 | 18
7219228874 | 35 | 3.37031 | 18
14438457749 | 36 | 3.37031 | 18
28876915498 | 37 | 3.37031 | 18
57753830996 | 38 | 2.4575 | 17
115507661992 | 39 | 2.4575 | 17
231015323984 | 40 | 2.4575 | 17
462030647968 | 41 | 1.29717 | 11
924061295937 | 42 | 1.29717 | 11
1848122591874 | 43 | 1.29717 | 11
3696245183749 | 44 | 1.29717 | 11
7392490367498 | 45 | 0 | 7
7392490367499 | 45 | 0.642541 | 4
462030647969 | 41 | 4.63978e-310 | 6
57753830997 | 38 | 4.63978e-310 | 1
451201805 | 31 | 4.32538 | 50
902403611 | 32 | 4.32538 | 50
1804807222 | 33 | 3.12348 | 12
3609614445 | 34 | 3.12348 | 12
7219228890 | 35 | 2.35834 | 11
14438457780 | 36 | 2.35834 | 11
28876915561 | 37 | 2.35834 | 11
57753831122 | 38 | 4.63978e-310 | 6
57753831123 | 38 | 0.444404 | 5
7219228891 | 35 | 4.63978e-310 | 1
1804807223 | 33 | 3.82434 | 38
3609614446 | 34 | 3.82434 | 38
7219228893 | 35 | 3.82434 | 38
14438457786 | 36 | 3.82434 | 38
28876915572 | 37 | 3.82434 | 38
57753831144 | 38 | 3.21554 | 37
115507662288 | 39 | 0.619038 | 4
115507662289 | 39 | 2.87544 | 33
231015324579 | 40 | 2.87544 | 33
462030649158 | 41 | 2.78966 | 7
462030649159 | 41 | 2.18489 | 26
924061298318 | 42 | 0 | 1
924061298319 | 42 | 2.18489 | 25
1848122596638 | 43 | 2.18489 | 25
3696245193276 | 44 | 2.18489 | 23
7392490386553 | 45 | 2.18489 | 23
14784980773107 | 46 | 2.18489 | 23
29569961546214 | 47 | 2.1069 | 19
59139923092429 | 48 | 2.1069 | 19
118279846184858 | 49 | 2.1069 | 19
236559692369716 | 50 | 2.08059 | 4
236559692369717 | 50 | 1.89073 | 15
473119384739435 | 51 | 1.89073 | 15
946238769478870 | 52 | 1.37507 | 12
1892477538957740 | 53 | 1.37507 | 12
3784955077915480 | 54 | 1.66763 | 3
3784955077915481 | 54 | 0.706941 | 9
946238769478871 | 52 | 1.49299 | 3
29569961546215 | 47 | 4.63978e-310 | 4
3696245193277 | 44 | 4.63978e-310 | 2
57753831145 | 38 | 4.63978e-310 | 1
7050029 | 25 | 6.45617 | 46
14100058 | 26 | 5.07996 | 37
28200117 | 27 | 5.07996 | 37
56400234 | 28 | 5.07996 | 37
112800468 | 29 | 5.07996 | 37
225600936 | 30 | 3.38092 | 20
451201873 | 31 | 3.38092 | 20
902403746 | 32 | 6.90513e-310 | 9
902403747 | 32 | 2.86683 | 11
1804807494 | 33 | 3.21143e-322 | 6
1804807495 | 33 | 3.21143e-322 | 5
225600937 | 30 | 3.10935 | 17
451201874 | 31 | 4.63978e-310 | 8
451201875 | 31 | 0.862255 | 9
14100059 | 26 | 4.63978e-310 | 9
440627 | 21 | 10.886 | 95
881255 | 22 | 10.886 | 95
1762511 | 23 | 10.886 | 95
3525022 | 24 | 9.38128 | 84
7050044 | 25 | 9.38128 | 84
14100089 | 26 | 9.38128 | 84
28200178 | 27 | 9.38128 | 47
56400356 | 28 | 5.60092 | 14
112800712 | 29 | 0 | 6
112800713 | 29 | 0.00526784 | 8
56400357 | 28 | 4.99788 | 33
112800714 | 29 | 4.99788 | 33
225601428 | 30 | 4.05493 | 27
451202857 | 31 | 4.05493 | 27
902405714 | 32 | 2.84402 | 20
1804811428 | 33 | 2.84402 | 20
3609622856 | 34 | 4.05629 | 8
3609622857 | 34 | 1.8249 | 12
7219245715 | 35 | 1.8249 | 12
14438491430 | 36 | 1.8249 | 12
28876982860 | 37 | 0.314135 | 4
28876982861 | 37 | 4.44011 | 8
902405715 | 32 | 4.63978e-310 | 7
225601429 | 30 | 4.63978e-310 | 6
28200179 | 27 | 6.16674 | 37
56400358 | 28 | 4.92389 | 32
112800717 | 29 | 4.92389 | 32
225601435 | 30 | 4.92389 | 32
451202870 | 31 | 3.53015 | 23
902405740 | 32 | 6.01739 | 2
902405741 | 32 | 3.53015 | 21
1804811482 | 33 | 2.53421 | 16
3609622964 | 34 | 2.53421 | 16
7219245929 | 35 | 2.53421 | 16
14438491859 | 36 | 2.53421 | 16
28876983719 | 37 | 2.53421 | 16
57753967438 | 38 | 1.37388 | 9
57753967439 | 38 | 0.953535 | 7
1804811483 | 33 | 4.63978e-310 | 5
451202871 | 31 | 4.63978e-310 | 9
56400359 | 28 | 4.63978e-310 | 5
3525023 | 24 | 3.5434 | 11
7050046 | 25 | 3.5434 | 11
14100092 | 26 | 3.5434 | 11
28200185 | 27 | 3.5434 | 11
56400370 | 28 | 3.5434 | 11
112800740 | 29 | 3.5434 | 11
225601480 | 30 | 3.5434 | 11
451202960 | 31 | 3.5434 | 11
902405920 | 32 | 0.703168 | 1
902405921 | 32 | 2.42092e-322 | 10
7 | 5 | 25.55 | 609
14 | 6 | 4.40754 | 51
28 | 7 | 4.40754 | 51
56 | 8 | 4.15288 | 41
113 | 9 | 4.15288 | 41
226 | 10 | 3.21658 | 27
452 | 11 | 3.21658 | 27
904 | 12 | 3.21658 | 27
1809 | 13 | 3.21658 | 27
3619 | 14 | 3.21658 | 27
7239 | 15 | 3.21658 | 27
14479 | 16 | 3.21658 | 27
28958 | 17 | 2.63626 | 18
57916 | 18 | 2.63626 | 17
115832 | 19 | 1.81768 | 3
115833 | 19 | 2.25823 | 14
231666 | 20 | 2.22371 | 11
463333 | 21 | 2.22371 | 11
926666 | 22 | 1.56068 | 8
926667 | 22 | 1.6416 | 3
231667 | 20 | 4.63978e-310 | 3
57917 | 18 | 4.63978e-310 | 1
28959 | 17 | 4.63978e-310 | 9
227 | 10 | 2.35721 | 14
454 | 11 | 4.63978e-310 | 3
455 | 11 | 1.57958 | 11
910 | 12 | 1.57958 | 11
1820 | 13 | 1.57958 | 11
3640 | 14 | 6.23258 | 7
3641 | 14 | 6.94985 | 4
57 | 8 | 4.63978e-310 | 10
15 | 6 | 24.5948 | 558
31 | 7 | 24.5948 | 558
63 | 8 | 24.5948 | 558
126 | 9 | 13.0352 | 109
252 | 10 | 13.0352 | 109
505 | 11 | 13.0352 | 109
1011 | 12 | 13.0352 | 109
2022 | 13 | 13.0352 | 109
4045 | 14 | 13.0352 | 109
8090 | 15 | 13.0352 | 109
16181 | 16 | 13.0352 | 109
32363 | 17 | 13.0352 | 109
64726 | 18 | 13.0352 | 109
129452 | 19 | 13.0352 | 109
258905 | 20 | 13.0352 | 109
517810 | 21 | 0.347912 | 3
517811 | 21 | 13.0352 | 106
1035622 | 22 | 7.09903 | 26
2071245 | 23 | 7.09903 | 26
4142490 | 24 | 7.09903 | 26
8284980 | 25 | 7.09903 | 26
16569961 | 26 | 7.09903 | 26
33139922 | 27 | 7.09903 | 26
66279844 | 28 | 0.432482 | 6
66279845 | 28 | 4.29683 | 20
132559690 | 29 | 4.29683 | 20
265119381 | 30 | 4.29683 | 20
530238763 | 31 | 4.29683 | 20
1060477527 | 32 | 4.29683 | 20
2120955054 | 33 | 4.29683 | 20
4241910108 | 34 | 0 | 3
4241910109 | 34 | 3.73694 | 17
8483820218 | 35 | 3.73694 | 17
16967640436 | 36 | 3.73694 | 17
33935280872 | 37 | 3.73694 | 17
67870561745 | 38 | 3.73694 | 17
135741123490 | 39 | 3.73694 | 17
271482246981 | 40 | 3.73694 | 17
542964493962 | 41 | 3.73694 | 17
1085928987924 | 42 | 3.30032 | 3
1085928987925 | 42 | 3.41153 | 14
2171857975850 | 43 | 13.1093 | 1
2171857975851 | 43 | 3.41153 | 13
4343715951702 | 44 | 3.41153 | 13
8687431903404 | 45 | 4.63978e-310 | 1
8687431903405 | 45 | 3.41153 | 12
17374863806811 | 46 | 3.41153 | 12
34749727613622 | 47 | 3.41153 | 12
69499455227244 | 48 | 3.41153 | 12
138998910454489 | 49 | 3.41153 | 12
277997820908978 | 50 | 12.7388 | 6
277997820908979 | 50 | 1.03842 | 6
1035623 | 22 | 6.49763 | 80
2071246 | 23 | 6.49763 | 80
4142492 | 24 | 3.29676 | 27
8284984 | 25 | 3.29676 | 27
16569969 | 26 | 3.29676 | 27
33139939 | 27 | 3.29676 | 27
66279878 | 28 | 3.29676 | 27
132559757 | 29 | 3.29676 | 27
265119514 | 30 | 3.29676 | 27
530239028 | 31 | 3.29676 | 27
1060478057 | 32 | 3.29676 | 27
2120956115 | 33 | 3.29676 | 27
4241912230 | 34 | 3.29676 | 27
8483824461 | 35 | 3.29676 | 27
16967648922 | 36 | 3.29676 | 27
33935297845 | 37 | 3.29676 | 27
67870595691 | 38 | 3.29676 | 27
135741191382 | 39 | 3.29676 | 23
271482382765 | 40 | 3.29676 | 23
542964765531 | 41 | 3.29676 | 23
1085929531062 | 42 | 2.87589 | 13
2171859062125 | 43 | 2.87589 | 13
4343718124251 | 44 | 2.87589 | 13
8687436248502 | 45 | 2.87589 | 13
17374872497004 | 46 | 2.87589 | 13
34749744994009 | 47 | 2.87589 | 13
69499489988019 | 48 | 2.87589 | 13
138998979976038 | 49 | 2.87589 | 13
277997959952076 | 50 | 2.87589 | 13
555995919904152 | 51 | 2.87589 | 13
1111991839808304 | 52 | 2.87589 | 13
2223983679616608 | 53 | 0.247491 | 3
2223983679616609 | 53 | 4.63978e-310 | 10
1085929531063 | 42 | 4.63978e-310 | 10
135741191383 | 39 | 4.63978e-310 | 4
4142493 | 24 | 5.04039 | 53
8284986 | 25 | 5.04039 | 53
16569973 | 26 | 5.04039 | 53
33139946 | 27 | 4.63978e-310 | 4
33139947 | 27 | 4.51508 | 49
66279894 | 28 | 4.51508 | 49
132559789 | 29 | 4.51508 | 49
265119578 | 30 | 4.51508 | 49
530239156 | 31 | 4.51508 | 49
1060478313 | 32 | 4.51508 | 49
2120956626 | 33 | 4.51508 | 49
4241913253 | 34 | 4.51508 | 49
8483826506 | 35 | 3.12889 | 15
16967653012 | 36 | 3.12889 | 15
33935306025 | 37 | 3.12889 | 15
67870612050 | 38 | 0.111366 | 1
67870612051 | 38 | 3.12889 | 14
135741224103 | 39 | 3.12889 | 14
271482448207 | 40 | 3.12889 | 14
542964896415 | 41 | 3.12889 | 14
1085929792831 | 42 | 3.12889 | 14
2171859585663 | 43 | 3.12889 | 14
4343719171326 | 44 | 3.12889 | 12
8687438342652 | 45 | 4.63978e-310 | 4
8687438342653 | 45 | 0 | 8
4343719171327 | 44 | 4.63978e-310 | 2
8483826507 | 35 | 4.24536 | 34
16967653014 | 36 | 2.34494 | 16
33935306029 | 37 | 2.34494 | 16
67870612058 | 38 | 2.34494 | 16
135741224116 | 39 | 4.63978e-310 | 7
135741224117 | 39 | 4.63978e-310 | 9
16967653015 | 36 | 2.97848 | 18
33935306030 | 37 | 4.63978e-310 | 3
33935306031 | 37 | 2.96698 | 15
67870612062 | 38 | 1.88286 | 12
135741224124 | 39 | 4.63978e-310 | 2
135741224125 | 39 | 9.76196 | 10
67870612063 | 38 | 5.29754 | 3
127 | 9 | 21.6235 | 449
255 | 10 | 21.6235 | 449
510 | 11 | 21.144 | 88
1020 | 12 | 21.144 | 88
2040 | 13 | 21.144 | 88
4080 | 14 | 21.144 | 88
8160 | 15 | 21.144 | 88
16320 | 16 | 11.079 | 43
32640 | 17 | 11.079 | 43
65280 | 18 | 11.079 | 43
130560 | 19 | 7.01985 | 19
261121 | 20 | 7.01985 | 19
522242 | 21 | 3.07842 | 17
1044484 | 22 | 3.54515 | 9
1044485 | 22 | 4.63978e-310 | 8
522243 | 21 | 4.63978e-310 | 2
130561 | 19 | 8.30522 | 24
261122 | 20 | 8.30522 | 24
522244 | 21 | 0.479146 | 2
522245 | 21 | 7.53247 | 22
1044490 | 22 | 7.53247 | 20
2088981 | 23 | 7.53247 | 20
4177962 | 24 | 0.76097 | 2
4177963 | 24 | 7.30803 | 18
8355926 | 25 | 7.30803 | 18
16711853 | 26 | 7.30803 | 18
33423706 | 27 | 4.39015 | 6
33423707 | 27 | 6.35606 | 12
66847415 | 28 | 6.35606 | 12
133694830 | 29 | 6.35606 | 12
267389660 | 30 | 39.2545 | 10
267389661 | 30 | 0.468612 | 2
1044491 | 22 | 4.63978e-310 | 2
16321 | 16 | 15.5039 | 45
32642 | 17 | 15.5039 | 45
65284 | 18 | 15.5039 | 45
130568 | 19 | 15.5039 | 45
261137 | 20 | 15.5039 | 45
522274 | 21 | 1.9627 | 10
522275 | 21 | 12.5356 | 35
1044550 | 22 | 11.1911 | 13
2089100 | 23 | 11.1911 | 13
4178200 | 24 | 0.151238 | 9
4178201 | 24 | 0.775791 | 4
1044551 | 22 | 10.9525 | 22
2089102 | 23 | 10.9525 | 22
4178205 | 24 | 10.9525 | 22
8356410 | 25 | 40.4138 | 4
8356411 | 25 | 8.29832 | 18
16712822 | 26 | 8.29832 | 18
33425645 | 27 | 8.29832 | 18
66851290 | 28 | 8.29832 | 18
133702580 | 29 | 0.551951 | 6
133702581 | 29 | 8.29455 | 12
267405163 | 30 | 8.29455 | 12
534810326 | 31 | 51.98 | 1
534810327 | 31 | 4.79821 | 11
1069620654 | 32 | 4.79821 | 11
2139241308 | 33 | 1.31963 | 9
2139241309 | 33 | 15.5837 | 2
511 | 11 | 21.4686 | 361
1022 | 12 | 21.4686 | 361
2044 | 13 | 6.83035 | 22
4089 | 14 | 6.83035 | 22
8179 | 15 | 6.83035 | 22
16359 | 16 | 6.83035 | 22
32718 | 17 | 6.57832 | 16
65437 | 18 | 6.57832 | 16
130875 | 19 | 6.57832 | 16
261751 | 20 | 6.57832 | 16
523503 | 21 | 6.57832 | 16
1047007 | 22 | 6.57832 | 16
2094014 | 23 | 6.57832 | 16
4188029 | 24 | 6.57832 | 16
8376059 | 25 | 6.57832 | 16
16752118 | 26 | 6.57832 | 15
33504237 | 27 | 6.57832 | 15
67008475 | 28 | 6.57832 | 15
134016950 | 29 | 6.57832 | 15
268033900 | 30 | 1.17928 | 13
536067801 | 31 | 1.17928 | 13
1072135602 | 32 | 1.17928 | 13
2144271204 | 33 | 1.17928 | 13
4288542408 | 34 | 0 | 3
4288542409 | 34 | 4.63978e-310 | 10
268033901 | 30 | 4.63978e-310 | 2
16752119 | 26 | 4.63978e-310 | 1
32719 | 17 | 4.63978e-310 | 6
2045 | 13 | 20.1714 | 339
4091 | 14 | 20.1714 | 339
8183 | 15 | 20.1714 | 339
16367 | 16 | 20.1714 | 339
32734 | 17 | 20.1714 | 339
65468 | 18 | 6.84554 | 23
130936 | 19 | 4.63978e-310 | 9
130937 | 19 | 1.89225 | 14
261874 | 20 | 4.5628 | 8
261875 | 20 | 1.63042e-322 | 6
65469 | 18 | 19.4459 | 316
130939 | 19 | 19.4459 | 316
261879 | 20 | 19.4459 | 316
523758 | 21 | 19.4459 | 316
1047517 | 22 | 19.4459 | 316
2095034 | 23 | 19.4459 | 316
4190069 | 24 | 19.4459 | 316
8380138 | 25 | 19.4459 | 316
16760276 | 26 | 19.4459 | 316
33520552 | 27 | 16.4555 | 267
67041104 | 28 | 16.4555 | 267
134082209 | 29 | 16.4555 | 267
268164418 | 30 | 16.4555 | 267
536328836 | 31 | 11.3174 | 186
1072657673 | 32 | 11.3174 | 186
2145315346 | 33 | 11.3174 | 186
4290630693 | 34 | 11.3174 | 186
8581261386 | 35 | 11.3174 | 184
17162522773 | 36 | 11.3174 | 184
34325045547 | 37 | 11.3174 | 184
68650091095 | 38 | 11.3174 | 184
137300182191 | 39 | 11.3174 | 184
274600364382 | 40 | 11.3174 | 184
549200728765 | 41 | 11.3174 | 184
1098401457530 | 42 | 6.5757 | 76
2196802915061 | 43 | 6.5757 | 76
4393605830122 | 44 | 5.74912 | 68
8787211660244 | 45 | 4.44291 | 46
17574423320489 | 46 | 4.44291 | 46
35148846640978 | 47 | 4.44291 | 46
70297693281957 | 48 | 4.44291 | 46
140595386563914 | 49 | 4.44291 | 46
281190773127828 | 50 | 4.44291 | 46
562381546255656 | 51 | 15.1645 | 2
562381546255657 | 51 | 4.23372 | 44
1124763092511314 | 52 | 11.9284 | 3
1124763092511315 | 52 | 4.10482 | 41
2249526185022631 | 53 | 4.10482 | 41
4499052370045262 | 54 | 4.10482 | 41
8998104740090524 | 55 | 4.10482 | 41
17996209480181048 | 56 | 4.10482 | 41
35992418960362096 | 57 | 4.10482 | 41
71984837920724193 | 58 | 4.10482 | 41
143969675841448386 | 59 | 4.10482 | 41
287939351682896773 | 60 | 4.10482 | 41
575878703365793546 | 61 | 4.10482 | 41
1151757406731587093 | 62 | 4.10482 | 41
2303514813463174186 | 63 | 2.10253 | 20
4607029626926348372 | 64 | 0.300475 | 2
4607029626926348373 | 64 | 1.92167 | 18
9214059253852696746 | 65 | 2.28242 | 6
9214059253852696747 | 65 | 1.65466 | 12
-18625566004158122 | 66 | 7.90505e-322 | 1
-18625566004158121 | 66 | 1.38632 | 11
-37251132008316242 | 67 | 1.38632 | 11
-74502264016632484 | 68 | 0 | 5
-74502264016632483 | 68 | 2.73317 | 6
2303514813463174187 | 63 | 2.30729 | 21
4607029626926348374 | 64 | 4.63978e-310 | 9
4607029626926348375 | 64 | 1.9108 | 12
9214059253852696750 | 65 | 0 | 10
9214059253852696751 | 65 | 6.37345e-322 | 2
8787211660245 | 45 | 2.29597 | 22
17574423320491 | 46 | 2.29597 | 22
35148846640982 | 47 | 2.29597 | 22
70297693281965 | 48 | 2.29597 | 22
140595386563930 | 49 | 2.29597 | 22
281190773127860 | 50 | 4.63978e-310 | 8
281190773127861 | 50 | 1.33568 | 14
562381546255722 | 51 | 1.33568 | 14
1124763092511444 | 52 | 1.33568 | 14
2249526185022888 | 53 | 4.63978e-310 | 4
2249526185022889 | 53 | 4.63978e-310 | 10
4393605830123 | 44 | 4.63978e-310 | 8
1098401457531 | 42 | 6.61518 | 108
2196802915062 | 43 | 6.61518 | 108
4393605830125 | 44 | 6.61518 | 108
8787211660251 | 45 | 6.61518 | 108
17574423320503 | 46 | 6.61518 | 108
35148846641006 | 47 | 6.61518 | 108
70297693282012 | 48 | 3.56771 | 36
140595386564024 | 49 | 3.56771 | 36
281190773128049 | 50 | 3.56771 | 36
562381546256099 | 51 | 3.56771 | 36
1124763092512198 | 52 | 3.56771 | 36
2249526185024396 | 53 | 1.78343 | 16
4499052370048792 | 54 | 1.78343 | 16
8998104740097584 | 55 | 1.78343 | 16
17996209480195169 | 56 | 1.78343 | 16
35992418960390339 | 57 | 1.78343 | 16
71984837920780678 | 58 | 0.00635803 | 1
71984837920780679 | 58 | 1.53417 | 15
143969675841561358 | 59 | 1.53417 | 15
287939351683122716 | 60 | 1.43092 | 14
575878703366245432 | 61 | 0.843924 | 7
575878703366245433 | 61 | 1.50196e-321 | 7
287939351683122717 | 60 | 4.63978e-310 | 1
2249526185024397 | 53 | 3.01943 | 20
4499052370048795 | 54 | 3.01943 | 20
8998104740097591 | 55 | 3.01943 | 20
17996209480195182 | 56 | 3.01943 | 20
35992418960390365 | 57 | 3.01943 | 20
71984837920780730 | 58 | 2.52361 | 12
143969675841561460 | 59 | 0.430289 | 10
143969675841561461 | 59 | 0.870577 | 2
71984837920780731 | 58 | 4.63978e-310 | 8
70297693282013 | 48 | 5.18577 | 72
140595386564026 | 49 | 3.22188 | 14
281190773128053 | 50 | 3.22188 | 14
562381546256107 | 51 | 3.22188 | 14
1124763092512215 | 52 | 3.22188 | 14
2249526185024430 | 53 | 3.22188 | 14
4499052370048860 | 54 | 3.22188 | 14
8998104740097720 | 55 | 3.22188 | 14
17996209480195440 | 56 | 16.3254 | 1
17996209480195441 | 56 | 2.95906 | 13
35992418960390882 | 57 | 2.95906 | 13
71984837920781765 | 58 | 2.95906 | 13
143969675841563531 | 59 | 2.95906 | 13
287939351683127063 | 60 | 2.95906 | 13
575878703366254127 | 61 | 2.95906 | 13
1151757406732508254 | 62 | 12.0181 | 1
1151757406732508255 | 62 | 2.61483 | 12
2303514813465016510 | 63 | 2.61483 | 12
4607029626930033020 | 64 | 2.61483 | 12
9214059253860066040 | 65 | 2.20035 | 11
-18625565989419536 | 66 | 2.20035 | 11
-37251131978839072 | 67 | 5.99683 | 7
-37251131978839071 | 67 | 0.397313 | 4
9214059253860066041 | 65 | 4.63978e-310 | 1
140595386564027 | 49 | 3.96644 | 58
281190773128055 | 50 | 3.96644 | 58
562381546256110 | 51 | 3.96644 | 58
1124763092512220 | 52 | 3.96644 | 58
2249526185024440 | 53 | 3.96644 | 58
4499052370048880 | 54 | 3.96644 | 58
8998104740097760 | 55 | 6.90513e-310 | 9
8998104740097761 | 55 | 3.05599 | 49
17996209480195523 | 56 | 3.05599 | 49
35992418960391046 | 57 | 3.05599 | 49
71984837920782092 | 58 | 6.90513e-310 | 5
71984837920782093 | 58 | 2.97433 | 44
143969675841564186 | 59 | 6.90513e-310 | 5
143969675841564187 | 59 | 2.97433 | 39
287939351683128375 | 60 | 2.97433 | 39
575878703366256751 | 61 | 2.97433 | 39
1151757406732513502 | 62 | 2.87617 | 31
2303514813465027004 | 63 | 0.503772 | 4
2303514813465027005 | 63 | 2.58779 | 27
4607029626930054010 | 64 | 3.21143e-322 | 2
4607029626930054011 | 64 | 2.26978 | 25
9214059253860108022 | 65 | 2.26978 | 25
-18625565989335571 | 66 | 2.26978 | 25
-37251131978671142 | 67 | 2.26978 | 25
-74502263957342284 | 68 | 2.26978 | 25
-149004527914684568 | 69 | 2.26978 | 25
-298009055829369136 | 70 | 2.26978 | 25
-596018111658738272 | 71 | 2.26978 | 25
-1192036223317476544 | 72 | 2.26978 | 25
-2384072446634953087 | 73 | 2.26978 | 25
-4768144893269906174 | 74 | 2.26978 | 25
8910454287169739269 | 75 | 2.26978 | 25
-625835499370073078 | 76 | 2.26978 | 25
-1251670998740146156 | 77 | 1.8606 | 18
-2503341997480292312 | 78 | 1.8606 | 18
-5006683994960584624 | 79 | 1.06929 | 7
-5006683994960584623 | 79 | 1.12769 | 11
8433376083788382371 | 80 | 1.12769 | 11
-1579991906132786874 | 81 | 1.12769 | 11
-3159983812265573748 | 82 | 0.370457 | 1
-3159983812265573747 | 82 | 2.74745 | 10
-1251670998740146155 | 77 | 4.63978e-310 | 7
1151757406732513503 | 62 | 4.63978e-310 | 8
8581261387 | 35 | 4.63978e-310 | 2
536328837 | 31 | 10.2792 | 81
1072657674 | 32 | 10.2792 | 81
2145315348 | 33 | 10.2792 | 81
4290630696 | 34 | 10.2792 | 81
8581261393 | 35 | 10.2792 | 81
17162522787 | 36 | 10.2792 | 81
34325045574 | 37 | 10.2792 | 81
68650091148 | 38 | 10.2792 | 60
137300182296 | 39 | 3.42438 | 21
274600364592 | 40 | 3.42438 | 21
549200729184 | 41 | 3.23856 | 15
1098401458369 | 42 | 3.23856 | 15
2196802916739 | 43 | 3.23856 | 15
4393605833478 | 44 | 3.23856 | 15
8787211666956 | 45 | 3.23856 | 15
17574423333912 | 46 | 3.23856 | 15
35148846667824 | 47 | 3.23856 | 13
70297693335648 | 48 | 11.9327 | 7
70297693335649 | 48 | 1.58101e-322 | 6
35148846667825 | 47 | 4.63978e-310 | 2
549200729185 | 41 | 4.63978e-310 | 6
137300182297 | 39 | 7.04636 | 39
274600364595 | 40 | 7.04636 | 39
549200729191 | 41 | 7.04636 | 39
1098401458382 | 42 | 6.90513e-310 | 5
1098401458383 | 42 | 5.50693 | 34
2196802916766 | 43 | 5.50693 | 34
4393605833533 | 44 | 5.50693 | 34
8787211667067 | 45 | 5.50693 | 34
17574423334135 | 46 | 5.50693 | 34
35148846668270 | 47 | 5.50693 | 34
70297693336540 | 48 | 5.50693 | 34
140595386673080 | 49 | 5.50693 | 34
281190773346161 | 50 | 5.50693 | 34
562381546692322 | 51 | 5.50693 | 34
1124763093384644 | 52 | 5.50693 | 34
2249526186769288 | 53 | 5.50693 | 34
4499052373538576 | 54 | 5.50693 | 34
8998104747077152 | 55 | 5.50693 | 34
17996209494154304 | 56 | 5.49261 | 24
35992418988308609 | 57 | 5.49261 | 24
71984837976617218 | 58 | 5.49261 | 24
143969675953234437 | 59 | 5.49261 | 24
287939351906468874 | 60 | 4.62378 | 21
575878703812937749 | 61 | 4.62378 | 21
1151757407625875498 | 62 | 4.62378 | 21
2303514815251750997 | 63 | 4.62378 | 21
4607029630503501995 | 64 | 4.62378 | 21
9214059261007003991 | 65 | 4.62378 | 21
-18625551695543634 | 66 | 4.62378 | 21
-37251103391087267 | 67 | 4.62378 | 21
-74502206782174534 | 68 | 4.62378 | 21
-149004413564349068 | 69 | 2.92929 | 12
-298008827128698136 | 70 | 0.0486946 | 8
-298008827128698135 | 70 | 3.3371 | 4
-149004413564349067 | 69 | 4.63978e-310 | 9
287939351906468875 | 60 | 4.63978e-310 | 3
17996209494154305 | 56 | 4.63978e-310 | 10
68650091149 | 38 | 9.58162 | 21
137300182299 | 39 | 9.58162 | 21
274600364598 | 40 | 9.58162 | 21
549200729196 | 41 | 9.58162 | 21
1098401458393 | 42 | 9.58162 | 21
2196802916787 | 43 | 9.58162 | 21
4393605833575 | 44 | 9.58162 | 21
8787211667151 | 45 | 9.58162 | 21
17574423334303 | 46 | 9.58162 | 21
35148846668606 | 47 | 9.58162 | 21
70297693337212 | 48 | 9.58162 | 21
140595386674424 | 49 | 4.63978e-310 | 2
140595386674425 | 49 | 8.56611 | 19
281190773348850 | 50 | 8.56611 | 18
562381546697700 | 51 | 8.56611 | 18
1124763093395401 | 52 | 8.56611 | 18
2249526186790803 | 53 | 8.56611 | 18
4499052373581606 | 54 | 7.17243 | 15
8998104747163212 | 55 | 7.17243 | 15
17996209494326424 | 56 | 6.18272 | 12
35992418988652848 | 57 | 7.90505e-322 | 6
35992418988652849 | 57 | 0.760555 | 6
17996209494326425 | 56 | 7.90505e-322 | 3
4499052373581607 | 54 | 4.63978e-310 | 3
281190773348851 | 50 | 4.63978e-310 | 1
33520553 | 27 | 10.6909 | 49
67041106 | 28 | 10.6909 | 49
134082213 | 29 | 10.6909 | 49
268164426 | 30 | 10.6909 | 49
536328852 | 31 | 10.6909 | 49
1072657705 | 32 | 10.6909 | 49
2145315410 | 33 | 10.6909 | 49
4290630820 | 34 | 10.6909 | 49
8581261641 | 35 | 10.6909 | 49
17162523282 | 36 | 10.6909 | 49
34325046564 | 37 | 10.1496 | 45
68650093128 | 38 | 10.1496 | 45
137300186256 | 39 | 20.9585 | 7
137300186257 | 39 | 9.08905 | 38
274600372514 | 40 | 9.08905 | 38
549200745028 | 41 | 9.08905 | 38
1098401490057 | 42 | 9.08905 | 38
2196802980114 | 43 | 9.08905 | 38
4393605960228 | 44 | 9.08905 | 38
8787211920457 | 45 | 9.08905 | 38
17574423840914 | 46 | 9.08905 | 38
35148847681828 | 47 | 9.08905 | 38
70297695363657 | 48 | 9.08905 | 38
140595390727314 | 49 | 9.08905 | 38
281190781454629 | 50 | 9.08905 | 38
562381562909258 | 51 | 9.08905 | 38
1124763125818516 | 52 | 9.08905 | 38
2249526251637033 | 53 | 9.08905 | 38
4499052503274067 | 54 | 9.08905 | 38
8998105006548134 | 55 | 1.58101e-322 | 8
8998105006548135 | 55 | 5.80923 | 30
17996210013096270 | 56 | 5.80923 | 30
35992420026192540 | 57 | 3.59266 | 24
71984840052385080 | 58 | 3.59266 | 24
143969680104770160 | 59 | 3.57506 | 22
287939360209540320 | 60 | 3.57506 | 22
575878720419080640 | 61 | 1.58101e-322 | 10
575878720419080641 | 61 | 2.29249 | 12
1151757440838161282 | 62 | 1.58101e-322 | 2
1151757440838161283 | 62 | 1.58101e-322 | 10
143969680104770161 | 59 | 4.63978e-310 | 2
35992420026192541 | 57 | 4.63978e-310 | 6
34325046565 | 37 | 4.63978e-310 | 4
