ID | Depth | diameter | Number of points
0 | 0 | 29.316 | 1600
0 | 1 | 29.316 | 1600
1 | 2 | 29.316 | 1600
3 | 3 | 29.316 | 1600
6 | 4 | 27.784 | 1074
12 | 5 | 27.784 | 1074
24 | 6 | 26.9671 | 741
48 | 7 | 25.9375 | 458
96 | 8 | 25.9375 | 458
192 | 9 | 25.9375 | 458
384 | 10 | 25.9375 | 458
769 | 11 | 25.9375 | 458
1538 | 12 | 14.0769 | 108
3076 | 13 | 14.0769 | 108
6153 | 14 | 14.0769 | 108
12306 | 15 | 14.0769 | 108
24612 | 16 | 7.0492 | 20
49224 | 17 | 1.02893 | 9
49225 | 17 | 3.89206 | 11
98450 | 18 | 0.145283 | 8
98451 | 18 | 1.45151 | 3
24613 | 16 | 11.2229 | 88
49226 | 17 | 4.63978e-310 | 10
49227 | 17 | 10.4021 | 78
98454 | 18 | 10.4021 | 78
196908 | 19 | 10.4021 | 78
393816 | 20 | 7.82692 | 36
787632 | 21 | 7.82692 | 36
1575264 | 22 | 1.23131 | 4
1575265 | 22 | 7.19765 | 32
3150530 | 23 | 6.88301 | 17
6301061 | 24 | 6.88301 | 17
12602122 | 25 | 6.88301 | 17
25204244 | 26 | 6.88301 | 17
50408488 | 27 | 6.88301 | 17
100816976 | 28 | 146.937 | 9
100816977 | 28 | 129.83 | 8
3150531 | 23 | 6.50053 | 15
6301062 | 24 | 6.50053 | 15
12602124 | 25 | 4.63978e-310 | 6
12602125 | 25 | 9.89773 | 9
393817 | 20 | 8.53068 | 42
787634 | 21 | 8.53068 | 42
1575268 | 22 | 8.53068 | 40
3150536 | 23 | 8.53068 | 40
6301072 | 24 | 6.99347 | 32
12602144 | 25 | 2.86143 | 3
12602145 | 25 | 6.17784 | 29
25204290 | 26 | 5.54506 | 15
50408581 | 27 | 5.54506 | 15
100817162 | 28 | 0.983252 | 2
100817163 | 28 | 3.95635 | 13
201634326 | 29 | 4.63978e-310 | 3
201634327 | 29 | 4.63978e-310 | 10
25204291 | 26 | 5.28013 | 14
50408583 | 27 | 5.28013 | 14
100817166 | 28 | 1.63042e-322 | 6
100817167 | 28 | 1.63042e-322 | 8
6301073 | 24 | 4.63978e-310 | 8
1575269 | 22 | 4.63978e-310 | 2
1539 | 12 | 22.3652 | 350
3078 | 13 | 15.402 | 70
6156 | 14 | 15.402 | 70
12313 | 15 | 15.402 | 70
24626 | 16 | 15.402 | 70
49252 | 17 | 15.402 | 70
98504 | 18 | 15.402 | 70
197008 | 19 | 15.402 | 70
394016 | 20 | 15.402 | 70
788032 | 21 | 10.4857 | 37
1576064 | 22 | 1.2068 | 1
1576065 | 22 | 10.1533 | 36
3152130 | 23 | 7.35624 | 13
6304260 | 24 | 5.91608 | 11
12608520 | 25 | 5.91608 | 11
25217040 | 26 | 5.91608 | 11
50434080 | 27 | 35.246 | 8
50434081 | 27 | 4.63978e-310 | 3
6304261 | 24 | 4.63978e-310 | 2
3152131 | 23 | 8.77067 | 23
6304262 | 24 | 7.05362 | 12
12608524 | 25 | 6.64128 | 8
12608525 | 25 | 10.9445 | 4
6304263 | 24 | 5.91573 | 11
12608527 | 25 | 5.91573 | 11
25217055 | 26 | 5.91573 | 11
50434110 | 27 | 5.91573 | 11
100868220 | 28 | 5.91573 | 11
201736440 | 29 | 5.91573 | 11
403472880 | 30 | 5.91573 | 11
806945761 | 31 | 5.91573 | 11
1613891523 | 32 | 5.91573 | 11
3227783046 | 33 | 21.2838 | 5
3227783047 | 33 | 0.274564 | 6
788033 | 21 | 9.98221 | 33
1576066 | 22 | 9.98221 | 33
3152132 | 23 | 4.63978e-310 | 3
3152133 | 23 | 9.46181 | 30
6304266 | 24 | 9.46181 | 30
12608533 | 25 | 9.46181 | 30
25217066 | 26 | 9.46181 | 30
50434133 | 27 | 9.46181 | 30
100868266 | 28 | 9.46181 | 30
201736532 | 29 | 9.46181 | 30
403473064 | 30 | 9.46181 | 30
806946128 | 31 | 9.46181 | 30
1613892256 | 32 | 9.46181 | 30
3227784512 | 33 | 9.46181 | 30
6455569024 | 34 | 9.46181 | 24
12911138048 | 35 | 4.63978e-310 | 1
12911138049 | 35 | 9.09023 | 23
25822276099 | 36 | 9.09023 | 23
51644552199 | 37 | 9.09023 | 23
103289104398 | 38 | 9.09023 | 23
206578208797 | 39 | 9.09023 | 23
413156417594 | 40 | 9.09023 | 23
826312835188 | 41 | 9.09023 | 17
1652625670376 | 42 | 9.09023 | 17
3305251340752 | 43 | 17.3701 | 2
3305251340753 | 43 | 5.46405 | 15
6610502681506 | 44 | 5.46405 | 15
13221005363012 | 45 | 5.46405 | 15
26442010726025 | 46 | 5.46405 | 15
52884021452050 | 47 | 4.8568 | 13
105768042904100 | 48 | 0.46303 | 5
105768042904101 | 48 | 67.3469 | 8
52884021452051 | 47 | 4.63978e-310 | 2
826312835189 | 41 | 4.63978e-310 | 6
6455569025 | 34 | 4.63978e-310 | 6
3079 | 13 | 17.02 | 280
6158 | 14 | 14.2961 | 16
12316 | 15 | 4.63978e-310 | 3
12317 | 15 | 11.0698 | 13
24634 | 16 | 35.3088 | 3
24635 | 16 | 4.63978e-310 | 10
6159 | 14 | 16.3037 | 264
12318 | 15 | 16.3037 | 264
24636 | 16 | 16.3037 | 264
49272 | 17 | 16.3037 | 264
98544 | 18 | 16.3037 | 264
197088 | 19 | 16.3037 | 264
394176 | 20 | 13.2296 | 18
788352 | 21 | 13.2296 | 18
1576704 | 22 | 114.73 | 6
1576705 | 22 | 11.8348 | 12
3153411 | 23 | 11.8348 | 12
6306822 | 24 | 6.97547 | 1
6306823 | 24 | 1.96147 | 11
12613647 | 25 | 1.96147 | 11
25227295 | 26 | 1.96147 | 11
50454590 | 27 | 1.96147 | 11
100909180 | 28 | 3.21143e-322 | 8
100909181 | 28 | 12.7977 | 3
394177 | 20 | 16.0257 | 246
788354 | 21 | 8.80822 | 24
1576708 | 22 | 8.80822 | 24
3153416 | 23 | 7.74755 | 16
6306833 | 24 | 7.74755 | 16
12613666 | 25 | 7.74755 | 16
25227332 | 26 | 4.63978e-310 | 10
25227333 | 26 | 12.5006 | 6
3153417 | 23 | 4.63978e-310 | 8
788355 | 21 | 14.1842 | 222
1576710 | 22 | 14.1842 | 222
3153420 | 23 | 13.1244 | 143
6306840 | 24 | 13.1244 | 143
12613680 | 25 | 13.0213 | 141
25227361 | 26 | 13.0213 | 141
50454723 | 27 | 13.0213 | 141
100909446 | 28 | 6.29298 | 53
201818892 | 29 | 4.41716 | 36
403637784 | 30 | 4.41716 | 36
807275568 | 31 | 149.522 | 8
807275569 | 31 | 3.43038 | 28
1614551139 | 32 | 3.43038 | 28
3229102278 | 33 | 2.99646 | 25
6458204557 | 34 | 2.99646 | 25
12916409114 | 35 | 2.81307 | 22
25832818229 | 36 | 2.81307 | 22
51665636458 | 37 | 2.81307 | 22
103331272917 | 38 | 2.81307 | 22
206662545834 | 39 | 2.81307 | 22
413325091669 | 40 | 2.81307 | 22
826650183339 | 41 | 2.81307 | 22
1653300366679 | 42 | 2.81307 | 22
3306600733359 | 43 | 2.81307 | 22
6613201466719 | 44 | 2.81307 | 22
13226402933438 | 45 | 2.81307 | 22
26452805866876 | 46 | 2.81307 | 22
52905611733752 | 47 | 2.40496 | 15
105811223467504 | 48 | 2.40496 | 15
211622446935008 | 49 | 4.30087 | 7
211622446935009 | 49 | 0.241382 | 8
52905611733753 | 47 | 4.63978e-310 | 7
12916409115 | 35 | 4.63978e-310 | 3
3229102279 | 33 | 4.63978e-310 | 3
201818893 | 29 | 4.4979 | 17
403637786 | 30 | 4.4979 | 17
807275572 | 31 | 4.4979 | 17
1614551145 | 32 | 4.4979 | 17
3229102290 | 33 | 3.44089 | 15
6458204580 | 34 | 4.63978e-310 | 5
6458204581 | 34 | 4.63978e-310 | 10
3229102291 | 33 | 4.63978e-310 | 2
100909447 | 28 | 5.75438 | 88
201818895 | 29 | 5.75438 | 88
403637791 | 30 | 5.75438 | 88
807275582 | 31 | 5.0237 | 42
1614551164 | 32 | 1.5559 | 18
3229102328 | 33 | 0.104858 | 9
3229102329 | 33 | 2.06359 | 9
1614551165 | 32 | 3.86236 | 24
3229102331 | 33 | 3.86236 | 24
6458204663 | 34 | 3.86236 | 24
12916409326 | 35 | 3.86236 | 24
25832818653 | 36 | 3.86236 | 24
51665637306 | 37 | 3.86236 | 24
103331274612 | 38 | 3.86236 | 24
206662549224 | 39 | 3.86236 | 24
413325098448 | 40 | 3.86236 | 24
826650196896 | 41 | 3.86236 | 24
1653300393792 | 42 | 3.86236 | 24
3306600787584 | 43 | 3.86236 | 24
6613201575168 | 44 | 3.86236 | 24
13226403150337 | 45 | 3.86236 | 24
26452806300674 | 46 | 3.86236 | 24
52905612601348 | 47 | 1.57173 | 7
52905612601349 | 47 | 2.5369 | 17
105811225202698 | 48 | 0.371291 | 7
105811225202699 | 48 | 0.119315 | 10
807275583 | 31 | 5.25516 | 46
1614551166 | 32 | 3.56529 | 31
3229102333 | 33 | 3.56529 | 31
6458204667 | 34 | 3.56529 | 31
12916409334 | 35 | 1.28583 | 16
25832818668 | 36 | 1.2359 | 14
51665637336 | 37 | 1.2359 | 14
103331274672 | 38 | 32.0198 | 1
103331274673 | 38 | 1.10655 | 13
206662549346 | 39 | 22.8054 | 10
206662549347 | 39 | 0.0357508 | 3
25832818669 | 36 | 4.63978e-310 | 2
12916409335 | 35 | 2.5906 | 15
25832818670 | 36 | 1.58101e-322 | 3
25832818671 | 36 | 2.5906 | 12
51665637342 | 37 | 2.5906 | 12
103331274684 | 38 | 0.184099 | 8
103331274685 | 38 | 2.4279 | 4
1614551167 | 32 | 1.69699 | 15
3229102334 | 33 | 1.67727 | 12
6458204669 | 34 | 1.67727 | 12
12916409339 | 35 | 1.67727 | 12
25832818679 | 36 | 1.67727 | 12
51665637359 | 37 | 1.67727 | 12
103331274718 | 38 | 0.590489 | 2
103331274719 | 38 | 0 | 10
3229102335 | 33 | 4.63978e-310 | 3
12613681 | 25 | 4.63978e-310 | 2
3153421 | 23 | 12.0605 | 79
6306842 | 24 | 12.0605 | 79
12613684 | 25 | 4.31511 | 33
25227369 | 26 | 4.31511 | 33
50454738 | 27 | 4.31511 | 33
100909477 | 28 | 4.31511 | 33
201818954 | 29 | 4.31511 | 33
403637908 | 30 | 4.31511 | 33
807275816 | 31 | 4.31511 | 33
1614551632 | 32 | 4.31511 | 32
3229103264 | 33 | 4.31511 | 32
6458206529 | 34 | 4.31511 | 32
12916413058 | 35 | 4.12261 | 16
25832826117 | 36 | 4.12261 | 16
51665652234 | 37 | 0 | 9
51665652235 | 37 | 16.9959 | 7
12916413059 | 35 | 4.22672 | 16
25832826119 | 36 | 4.22672 | 16
51665652239 | 37 | 4.22672 | 16
103331304478 | 38 | 4.22672 | 12
206662608956 | 39 | 4.22672 | 12
413325217912 | 40 | 4.22672 | 12
826650435825 | 41 | 4.22672 | 12
1653300871651 | 42 | 4.22672 | 12
3306601743302 | 43 | 123.508 | 4
3306601743303 | 43 | 6.97933 | 8
103331304479 | 38 | 4.63978e-310 | 4
1614551633 | 32 | 4.63978e-310 | 1
12613685 | 25 | 3.90852 | 46
25227370 | 26 | 3.40847 | 44
50454740 | 27 | 3.40847 | 44
100909481 | 28 | 3.40847 | 44
201818962 | 29 | 2.37152e-322 | 8
201818963 | 29 | 3.37634 | 36
403637926 | 30 | 3.37634 | 36
807275853 | 31 | 3.37634 | 36
1614551706 | 32 | 3.19596 | 18
3229103412 | 33 | 3.19596 | 18
6458206824 | 34 | 2.17655 | 7
6458206825 | 34 | 1.65595 | 11
12916413650 | 35 | 0.699321 | 4
12916413651 | 35 | 5.60332 | 7
1614551707 | 32 | 3.12352 | 18
3229103415 | 33 | 3.12352 | 18
6458206830 | 34 | 9.75638 | 6
6458206831 | 34 | 2.15545 | 12
12916413662 | 35 | 4.71615 | 2
12916413663 | 35 | 4.63978e-310 | 10
25227371 | 26 | 4.63978e-310 | 2
49 | 7 | 17.8981 | 283
99 | 8 | 17.8981 | 283
198 | 9 | 11.2861 | 61
397 | 10 | 11.2861 | 61
795 | 11 | 11.2861 | 61
1591 | 12 | 11.2861 | 61
3182 | 13 | 11.2861 | 61
6365 | 14 | 11.2861 | 61
12730 | 15 | 8.79924 | 47
25460 | 16 | 8.79924 | 47
50920 | 17 | 7.39368 | 36
101840 | 18 | 7.39368 | 36
203681 | 19 | 7.39368 | 36
407363 | 20 | 7.39368 | 36
814726 | 21 | 1.37798 | 5
814727 | 21 | 7.39368 | 31
1629454 | 22 | 7.39368 | 31
3258908 | 23 | 4.06381 | 18
6517816 | 24 | 1.63042e-322 | 7
6517817 | 24 | 3.77422 | 11
13035635 | 25 | 3.77422 | 11
26071270 | 26 | 1.58101e-322 | 3
26071271 | 26 | 1.58101e-322 | 8
3258909 | 23 | 2.61636 | 13
6517819 | 24 | 2.61636 | 13
13035638 | 25 | 1.63042e-322 | 5
13035639 | 25 | 1.58101e-322 | 8
50921 | 17 | 2.34075 | 11
101842 | 18 | 2.34075 | 11
203684 | 19 | 2.34075 | 11
407368 | 20 | 1.58101e-322 | 9
407369 | 20 | 1.58101e-322 | 2
12731 | 15 | 7.45466 | 14
25463 | 16 | 7.45466 | 14
50926 | 17 | 4.51372 | 11
101853 | 18 | 4.51372 | 11
203706 | 19 | 4.51372 | 11
407412 | 20 | 4.51372 | 11
814824 | 21 | 2.37152e-322 | 6
814825 | 21 | 2.37152e-322 | 5
50927 | 17 | 2.37152e-322 | 3
199 | 9 | 13.0884 | 222
399 | 10 | 13.0884 | 222
799 | 11 | 13.0884 | 222
1598 | 12 | 13.0884 | 222
3197 | 13 | 13.0884 | 222
6395 | 14 | 13.0884 | 222
12790 | 15 | 13.0884 | 222
25581 | 16 | 13.0884 | 222
51162 | 17 | 7.44672 | 14
102324 | 18 | 0.189522 | 8
102325 | 18 | 8.16443 | 6
51163 | 17 | 10.3575 | 208
102327 | 18 | 10.3575 | 208
204654 | 19 | 10.3575 | 208
409308 | 20 | 6.32751 | 26
818616 | 21 | 9.51385 | 6
818617 | 21 | 4.09547 | 20
1637235 | 22 | 4.09547 | 20
3274470 | 23 | 4.09547 | 20
6548941 | 24 | 4.09547 | 20
13097882 | 25 | 4.09547 | 20
26195765 | 26 | 4.09547 | 20
52391530 | 27 | 2.52305 | 15
104783061 | 28 | 2.52305 | 15
209566123 | 29 | 2.52305 | 15
419132247 | 30 | 2.52305 | 15
838264494 | 31 | 2.52305 | 15
1676528989 | 32 | 2.52305 | 15
3353057978 | 33 | 2.52305 | 15
6706115957 | 34 | 2.52305 | 15
13412231914 | 35 | 2.52305 | 15
26824463828 | 36 | 2.52305 | 15
53648927657 | 37 | 2.52305 | 15
107297855314 | 38 | 2.52305 | 15
214595710628 | 39 | 0 | 4
214595710629 | 39 | 1.61642 | 11
429191421259 | 40 | 1.61642 | 11
858382842519 | 41 | 1.61642 | 11
1716765685039 | 42 | 1.61642 | 11
3433531370078 | 43 | 19.5831 | 8
3433531370079 | 43 | 3.6861 | 3
52391531 | 27 | 4.63978e-310 | 5
409309 | 20 | 10.1237 | 182
818619 | 21 | 10.1237 | 182
1637239 | 22 | 10.1237 | 182
3274478 | 23 | 10.1237 | 182
6548956 | 24 | 8.73711 | 118
13097912 | 25 | 8.73711 | 118
26195825 | 26 | 8.73711 | 118
52391650 | 27 | 7.48757 | 64
104783300 | 28 | 7.48757 | 64
209566600 | 29 | 3.47255 | 22
419133200 | 30 | 3.47255 | 22
838266400 | 31 | 3.47255 | 22
1676532800 | 32 | 3.24668 | 16
3353065600 | 33 | 1.63042e-322 | 5
3353065601 | 33 | 1.38634 | 11
6706131202 | 34 | 1.38634 | 11
13412262405 | 35 | 1.38634 | 11
26824524810 | 36 | 1.4908 | 7
26824524811 | 36 | 4.63978e-310 | 4
1676532801 | 32 | 4.63978e-310 | 6
209566601 | 29 | 5.63194 | 42
419133203 | 30 | 5.63194 | 42
838266407 | 31 | 5.63194 | 42
1676532814 | 32 | 3.74756 | 12
3353065628 | 33 | 6.91845 | 6
3353065629 | 33 | 0.643821 | 6
1676532815 | 32 | 4.02492 | 30
3353065630 | 33 | 4.02492 | 30
6706131260 | 34 | 4.02492 | 30
13412262520 | 35 | 0.991106 | 10
13412262521 | 35 | 3.87306 | 20
26824525042 | 36 | 3.87306 | 20
53649050084 | 37 | 3.87306 | 20
107298100169 | 38 | 3.87306 | 20
214596200339 | 39 | 3.87306 | 20
429192400678 | 40 | 3.87306 | 20
858384801357 | 41 | 3.87306 | 20
1716769602714 | 42 | 1.43497 | 4
1716769602715 | 42 | 2.97464 | 16
3433539205430 | 43 | 0.146477 | 1
3433539205431 | 43 | 2.80447 | 15
6867078410862 | 44 | 0.402225 | 7
6867078410863 | 44 | 0.185554 | 8
52391651 | 27 | 7.3912 | 54
104783303 | 28 | 7.3912 | 54
209566606 | 29 | 2.02791 | 17
419133213 | 30 | 2.02791 | 17
838266427 | 31 | 2.02791 | 17
1676532855 | 32 | 2.02791 | 17
3353065710 | 33 | 1.69671 | 12
6706131420 | 34 | 1.69671 | 12
13412262840 | 35 | 1.31225 | 11
26824525681 | 36 | 1.31225 | 11
53649051362 | 37 | 1.31225 | 11
107298102725 | 38 | 1.31225 | 11
214596205450 | 39 | 12.7016 | 9
214596205451 | 39 | 3.21143e-322 | 2
13412262841 | 35 | 4.63978e-310 | 1
3353065711 | 33 | 4.63978e-310 | 5
209566607 | 29 | 5.51593 | 37
419133214 | 30 | 5.51593 | 37
838266429 | 31 | 5.51593 | 37
1676532859 | 32 | 5.51593 | 37
3353065718 | 33 | 5.51593 | 37
6706131436 | 34 | 5.51593 | 37
13412262872 | 35 | 4.34843 | 31
26824525745 | 36 | 4.34843 | 31
53649051490 | 37 | 4.34843 | 31
107298102980 | 38 | 3.21143e-322 | 5
107298102981 | 38 | 2.8182 | 26
214596205962 | 39 | 2.8182 | 26
429192411925 | 40 | 2.8182 | 26
858384823851 | 41 | 2.8182 | 26
1716769647703 | 42 | 2.8182 | 26
3433539295406 | 43 | 2.76416 | 8
3433539295407 | 43 | 2.25033 | 18
6867078590814 | 44 | 2.25033 | 18
13734157181629 | 45 | 2.25033 | 18
27468314363258 | 46 | 2.25033 | 18
54936628726516 | 47 | 0.68941 | 5
54936628726517 | 47 | 0.989079 | 13
109873257453034 | 48 | 0.989079 | 13
219746514906069 | 49 | 0.989079 | 13
439493029812138 | 50 | 0.98503 | 11
878986059624276 | 51 | 0.98503 | 11
1757972119248553 | 52 | 0.98503 | 11
3515944238497106 | 53 | 0.98503 | 11
7031888476994212 | 54 | 0.755352 | 4
7031888476994213 | 54 | 2.39148 | 7
439493029812139 | 50 | 4.63978e-310 | 2
13412262873 | 35 | 4.63978e-310 | 6
6548957 | 24 | 9.00056 | 64
13097915 | 25 | 9.00056 | 64
26195830 | 26 | 4.75132 | 36
52391660 | 27 | 4.75132 | 36
104783320 | 28 | 4.75132 | 36
209566640 | 29 | 2.6555 | 27
419133281 | 30 | 2.6555 | 27
838266562 | 31 | 2.29536 | 18
1676533125 | 32 | 2.29536 | 18
3353066250 | 33 | 2.37152e-322 | 6
3353066251 | 33 | 2.29536 | 12
6706132503 | 34 | 2.29536 | 12
13412265006 | 35 | 0.0487833 | 10
13412265007 | 35 | 0.523444 | 2
838266563 | 31 | 4.63978e-310 | 9
209566641 | 29 | 4.63978e-310 | 9
26195831 | 26 | 4.30966 | 28
52391662 | 27 | 4.30966 | 28
104783324 | 28 | 4.30966 | 28
209566649 | 29 | 4.30966 | 28
419133299 | 30 | 4.30966 | 28
838266598 | 31 | 3.12434 | 22
1676533196 | 32 | 2.27125 | 20
3353066392 | 33 | 3.21308 | 2
3353066393 | 33 | 2.27125 | 18
6706132786 | 34 | 1.82705 | 15
13412265573 | 35 | 1.82705 | 15
26824531147 | 36 | 1.82705 | 15
53649062294 | 37 | 1.82705 | 15
107298124589 | 38 | 1.82705 | 15
214596249178 | 39 | 1.82705 | 15
429192498356 | 40 | 1.82705 | 15
858384996713 | 41 | 1.82705 | 15
1716769993427 | 42 | 1.82705 | 15
3433539986854 | 43 | 1.62625 | 14
6867079973708 | 44 | 1.87516 | 3
6867079973709 | 44 | 1.16265 | 11
13734159947419 | 45 | 1.16265 | 11
27468319894839 | 46 | 1.16265 | 11
54936639789678 | 47 | 1.1955 | 9
54936639789679 | 47 | 3.87381 | 2
3433539986855 | 43 | 4.63978e-310 | 1
6706132787 | 34 | 4.63978e-310 | 3
1676533197 | 32 | 4.63978e-310 | 2
838266599 | 31 | 4.63978e-310 | 6
25 | 6 | 20.6939 | 333
50 | 7 | 18.1663 | 287
100 | 8 | 18.1663 | 287
200 | 9 | 16.1357 | 223
400 | 10 | 2.33764 | 2
401 | 10 | 12.6184 | 221
803 | 11 | 12.6184 | 221
1607 | 12 | 12.6184 | 221
3214 | 13 | 10.4686 | 87
6428 | 14 | 7.12093 | 44
12856 | 15 | 7.12093 | 44
25713 | 16 | 7.12093 | 44
51426 | 17 | 3.78633 | 23
102853 | 18 | 3.78633 | 23
205706 | 19 | 3.78633 | 15
411412 | 20 | 3.78633 | 15
822824 | 21 | 3.78633 | 15
1645649 | 22 | 3.78633 | 15
3291298 | 23 | 1.58101e-322 | 1
3291299 | 23 | 3.25385 | 14
6582598 | 24 | 1.58101e-322 | 3
6582599 | 24 | 3.18607 | 11
13165198 | 25 | 1.63042e-322 | 8
13165199 | 25 | 4.63978e-310 | 3
205707 | 19 | 4.63978e-310 | 8
51427 | 17 | 3.61613 | 21
102855 | 18 | 3.61613 | 21
205710 | 19 | 4.63978e-310 | 9
205711 | 19 | 3.25992 | 12
411422 | 20 | 2.37152e-322 | 9
411423 | 20 | 2.37152e-322 | 3
6429 | 14 | 3.54565 | 43
12858 | 15 | 3.54565 | 43
25717 | 16 | 3.54565 | 43
51434 | 17 | 3.28587 | 42
102869 | 18 | 3.28587 | 42
205738 | 19 | 3.28587 | 42
411477 | 20 | 3.28587 | 42
822955 | 21 | 3.28587 | 42
1645910 | 22 | 3.28587 | 42
3291820 | 23 | 3.28587 | 42
6583640 | 24 | 3.28587 | 42
13167280 | 25 | 3.28587 | 42
26334560 | 26 | 0.156175 | 9
26334561 | 26 | 2.67985 | 33
52669123 | 27 | 2.67985 | 33
105338246 | 28 | 2.67985 | 33
210676492 | 29 | 6.33567 | 6
210676493 | 29 | 2.54134 | 27
421352986 | 30 | 2.54134 | 27
842705972 | 31 | 0.0880385 | 8
842705973 | 31 | 2.05796 | 19
1685411946 | 32 | 2.05796 | 19
3370823892 | 33 | 2.05796 | 19
6741647784 | 34 | 2.05796 | 19
13483295569 | 35 | 2.05796 | 19
26966591139 | 36 | 2.05796 | 19
53933182278 | 37 | 2.05796 | 19
107866364557 | 38 | 2.05796 | 19
215732729114 | 39 | 2.05796 | 19
431465458228 | 40 | 2.05796 | 19
862930916456 | 41 | 1.50519 | 14
1725861832913 | 42 | 1.50519 | 14
3451723665827 | 43 | 1.50519 | 14
6903447331655 | 44 | 1.50519 | 14
13806894663310 | 45 | 1.50519 | 14
27613789326620 | 46 | 1.50519 | 14
55227578653241 | 47 | 1.50519 | 14
110455157306482 | 48 | 1.50519 | 14
220910314612964 | 49 | 1.50519 | 14
441820629225929 | 50 | 1.50519 | 14
883641258451858 | 51 | 1.50519 | 14
1767282516903717 | 52 | 1.50519 | 14
3534565033807435 | 53 | 1.50519 | 14
7069130067614870 | 54 | 1.50519 | 14
14138260135229740 | 55 | 1.50519 | 14
28276520270459480 | 56 | 1.50519 | 14
56553040540918960 | 57 | 1.50519 | 14
113106081081837920 | 58 | 1.50519 | 14
226212162163675840 | 59 | 1.50519 | 14
452424324327351681 | 60 | 1.50519 | 14
904848648654703362 | 61 | 0.775066 | 7
904848648654703363 | 61 | 0.057536 | 7
862930916457 | 41 | 4.63978e-310 | 5
51435 | 17 | 4.63978e-310 | 1
3215 | 13 | 10.5696 | 134
6431 | 14 | 10.5696 | 134
12863 | 15 | 10.5696 | 134
25727 | 16 | 10.5696 | 134
51455 | 17 | 10.5696 | 134
102910 | 18 | 10.5696 | 134
205820 | 19 | 10.5696 | 103
411640 | 20 | 7.56154 | 90
823280 | 21 | 7.56154 | 90
1646561 | 22 | 7.56154 | 90
3293122 | 23 | 2.99886 | 35
6586245 | 24 | 2.99886 | 35
13172490 | 25 | 2.31706 | 16
26344980 | 26 | 1.58101e-322 | 8
26344981 | 26 | 4.63978e-310 | 8
13172491 | 25 | 2.20434 | 19
26344982 | 26 | 4.63978e-310 | 7
26344983 | 26 | 1.26658 | 12
52689967 | 27 | 1.26658 | 12
105379934 | 28 | 2.37152e-322 | 2
105379935 | 28 | 4.63978e-310 | 10
3293123 | 23 | 5.36765 | 55
6586246 | 24 | 5.36765 | 55
13172492 | 25 | 5.36765 | 55
26344984 | 26 | 2.29064 | 15
52689968 | 27 | 2.29064 | 15
105379936 | 28 | 1.89994 | 13
210759873 | 29 | 1.89994 | 13
421519746 | 30 | 1.89994 | 13
843039492 | 31 | 1.24918 | 3
843039493 | 31 | 4.63978e-310 | 10
105379937 | 28 | 4.63978e-310 | 2
26344985 | 26 | 4.42608 | 40
52689971 | 27 | 4.42608 | 40
105379942 | 28 | 4.42608 | 40
210759884 | 29 | 0.942197 | 4
210759885 | 29 | 4.19614 | 36
421519770 | 30 | 4.19614 | 36
843039540 | 31 | 4.19614 | 36
1686079080 | 32 | 3.1225 | 22
3372158161 | 33 | 3.1225 | 22
6744316322 | 34 | 3.1225 | 22
13488632644 | 35 | 3.1225 | 22
26977265288 | 36 | 3.1225 | 22
53954530576 | 37 | 3.1225 | 22
107909061152 | 38 | 0 | 4
107909061153 | 38 | 2.60558 | 18
215818122307 | 39 | 2.60558 | 18
431636244614 | 40 | 2.60208 | 17
863272489229 | 41 | 2.60208 | 17
1726544978459 | 42 | 2.60208 | 17
3453089956919 | 43 | 2.60208 | 17
6906179913838 | 44 | 1.13992 | 1
6906179913839 | 44 | 2.60208 | 16
13812359827678 | 45 | 2.60208 | 16
27624719655356 | 46 | 2.2324 | 14
55249439310712 | 47 | 2.2324 | 14
110498878621425 | 48 | 2.2324 | 14
220997757242850 | 49 | 2.2324 | 14
441995514485700 | 50 | 0.349904 | 3
441995514485701 | 50 | 2.03173 | 11
883991028971403 | 51 | 2.03173 | 11
1767982057942806 | 52 | 9.61527 | 1
1767982057942807 | 52 | 0.913703 | 10
27624719655357 | 46 | 4.63978e-310 | 2
431636244615 | 40 | 4.63978e-310 | 1
1686079081 | 32 | 2.33794 | 14
3372158163 | 33 | 2.33794 | 14
6744316326 | 34 | 2.33794 | 14
13488632652 | 35 | 4.63978e-310 | 7
13488632653 | 35 | 4.63978e-310 | 7
411641 | 20 | 3.07856 | 13
823283 | 21 | 3.07856 | 13
1646567 | 22 | 3.07856 | 13
3293134 | 23 | 4.63978e-310 | 10
3293135 | 23 | 4.63978e-310 | 3
205821 | 19 | 8.56591 | 31
411643 | 20 | 8.56591 | 31
823287 | 21 | 8.56591 | 31
1646574 | 22 | 8.56591 | 31
3293148 | 23 | 8.56591 | 31
6586296 | 24 | 8.56591 | 31
13172592 | 25 | 8.56591 | 31
26345184 | 26 | 7.79319 | 29
52690368 | 27 | 7.79319 | 29
105380736 | 28 | 7.79319 | 29
210761472 | 29 | 7.00837 | 26
421522944 | 30 | 7.00837 | 26
843045888 | 31 | 7.00837 | 26
1686091776 | 32 | 2.70857 | 11
3372183553 | 33 | 2.70857 | 11
6744367107 | 34 | 2.70857 | 11
13488734214 | 35 | 18.577 | 5
13488734215 | 35 | 2.86818 | 6
1686091777 | 32 | 3.23842 | 15
3372183555 | 33 | 3.23842 | 15
6744367110 | 34 | 3.23842 | 15
13488734221 | 35 | 3.23842 | 15
26977468443 | 36 | 3.23842 | 15
53954936887 | 37 | 3.23842 | 15
107909873774 | 38 | 3.23842 | 15
215819747548 | 39 | 0.341637 | 6
215819747549 | 39 | 0.435564 | 9
210761473 | 29 | 4.63978e-310 | 3
26345185 | 26 | 4.63978e-310 | 2
201 | 9 | 16.5065 | 64
402 | 10 | 4.63978e-310 | 7
403 | 10 | 12.8315 | 57
807 | 11 | 12.8315 | 57
1614 | 12 | 12.8315 | 57
3229 | 13 | 12.8315 | 57
6458 | 14 | 10.8281 | 37
12916 | 15 | 10.8281 | 37
25832 | 16 | 4.63978e-310 | 2
25833 | 16 | 10.3821 | 35
51667 | 17 | 10.3821 | 35
103334 | 18 | 10.3821 | 35
206668 | 19 | 6.03616 | 11
413336 | 20 | 0.0939618 | 10
413337 | 20 | 0.77979 | 1
206669 | 19 | 6.67085 | 24
413338 | 20 | 5.3516 | 22
826677 | 21 | 5.3516 | 22
1653354 | 22 | 5.3516 | 22
3306708 | 23 | 2.37152e-322 | 9
3306709 | 23 | 4.7566 | 13
6613418 | 24 | 4.7566 | 13
13226836 | 25 | 1.58101e-322 | 3
13226837 | 25 | 4.63978e-310 | 10
413339 | 20 | 4.63978e-310 | 2
6459 | 14 | 10.7216 | 20
12919 | 15 | 10.7216 | 20
25838 | 16 | 10.7216 | 20
51676 | 17 | 10.7216 | 20
103353 | 18 | 10.7216 | 20
206706 | 19 | 10.7216 | 20
413413 | 20 | 10.7216 | 20
826826 | 21 | 10.7216 | 20
1653653 | 22 | 10.7216 | 20
3307307 | 23 | 10.7216 | 20
6614614 | 24 | 10.7216 | 20
13229228 | 25 | 3.13799 | 1
13229229 | 25 | 9.11628 | 19
26458459 | 26 | 9.11628 | 19
52916918 | 27 | 9.11628 | 19
105833836 | 28 | 8.18966 | 15
211667673 | 29 | 8.18966 | 15
423335346 | 30 | 8.18966 | 15
846670692 | 31 | 8.72901 | 5
846670693 | 31 | 8.39487 | 10
105833837 | 28 | 4.63978e-310 | 4
51 | 7 | 10.7288 | 46
102 | 8 | 4.72839 | 19
204 | 9 | 4.72839 | 19
409 | 10 | 4.72839 | 19
818 | 11 | 4.72839 | 18
1636 | 12 | 4.72839 | 18
3273 | 13 | 4.72839 | 18
6546 | 14 | 4.72839 | 18
13092 | 15 | 4.72839 | 18
26185 | 16 | 4.72839 | 18
52370 | 17 | 1.63042e-322 | 1
52371 | 17 | 3.46744 | 17
104743 | 18 | 3.46744 | 17
209486 | 19 | 0 | 9
209487 | 19 | 3.69935 | 8
819 | 11 | 4.63978e-310 | 1
103 | 8 | 4.59029 | 27
206 | 9 | 4.59029 | 27
412 | 10 | 4.04624 | 24
824 | 11 | 3.03605 | 20
1648 | 12 | 3.02868 | 19
3296 | 13 | 2.73662 | 14
6593 | 14 | 2.73662 | 14
13187 | 15 | 2.73662 | 14
26374 | 16 | 2.73662 | 14
52748 | 17 | 2.73662 | 14
105496 | 18 | 2.12166 | 3
105497 | 18 | 2.73662 | 11
210994 | 19 | 2.73662 | 11
421988 | 20 | 2.73662 | 11
843976 | 21 | 2.73662 | 11
1687952 | 22 | 2.73662 | 11
3375904 | 23 | 0.263947 | 9
3375905 | 23 | 2.85624 | 2
3297 | 13 | 4.63978e-310 | 5
1649 | 12 | 4.63978e-310 | 1
825 | 11 | 4.63978e-310 | 4
413 | 10 | 4.63978e-310 | 3
7 | 4 | 22.1127 | 526
15 | 5 | 22.1127 | 526
30 | 6 | 8.97942 | 74
60 | 7 | 8.97942 | 74
120 | 8 | 8.39413 | 72
240 | 9 | 8.39413 | 72
481 | 10 | 8.39413 | 72
963 | 11 | 8.39413 | 72
1927 | 12 | 8.39413 | 72
3855 | 13 | 8.39413 | 72
7710 | 14 | 2.93131 | 16
15420 | 15 | 1.33775 | 5
15421 | 15 | 2.50827 | 11
30842 | 16 | 2.50827 | 11
61684 | 17 | 2.80777 | 4
61685 | 17 | 1.11437 | 7
7711 | 14 | 6.44035 | 56
15422 | 15 | 6.21201 | 41
30845 | 16 | 6.21201 | 41
61690 | 17 | 6.21201 | 41
123380 | 18 | 2.19692 | 8
123381 | 18 | 6.21201 | 33
246762 | 19 | 6.21201 | 33
493524 | 20 | 4.53176 | 19
987049 | 21 | 4.53176 | 19
1974099 | 22 | 4.53176 | 19
3948198 | 23 | 3.87021 | 18
7896397 | 24 | 3.87021 | 18
15792794 | 25 | 3.87021 | 18
31585588 | 26 | 3.50538 | 15
63171176 | 27 | 3.50538 | 15
126342352 | 28 | 3.50538 | 15
252684704 | 29 | 3.03035 | 7
252684705 | 29 | 2.38224 | 8
31585589 | 26 | 4.63978e-310 | 3
3948199 | 23 | 4.63978e-310 | 1
493525 | 20 | 1.90735 | 14
987050 | 21 | 4.63978e-310 | 3
987051 | 21 | 1.60163 | 11
1974102 | 22 | 4.40621 | 7
1974103 | 22 | 1.98935 | 4
15423 | 15 | 6.12873 | 15
30846 | 16 | 6.12873 | 15
61692 | 17 | 5.2234 | 14
123384 | 18 | 5.2234 | 14
246768 | 19 | 5.2234 | 14
493536 | 20 | 13.3962 | 7
493537 | 20 | 4.63978e-310 | 7
61693 | 17 | 4.63978e-310 | 1
121 | 8 | 4.63978e-310 | 2
31 | 6 | 20.3845 | 452
62 | 7 | 20.3845 | 452
124 | 8 | 20.3845 | 452
248 | 9 | 11.0771 | 178
497 | 10 | 11.0771 | 178
994 | 11 | 11.0771 | 178
1988 | 12 | 11.0771 | 178
3976 | 13 | 9.74593 | 115
7952 | 14 | 8.33066 | 91
15905 | 15 | 8.33066 | 91
31811 | 16 | 8.33066 | 91
63622 | 17 | 5.88505 | 56
127245 | 18 | 5.88505 | 56
254490 | 19 | 5.88505 | 33
508980 | 20 | 3.7923 | 1
508981 | 20 | 5.24358 | 32
1017962 | 21 | 5.24358 | 32
2035924 | 22 | 5.24358 | 32
4071848 | 23 | 2.45874 | 15
8143697 | 24 | 2.45874 | 15
16287395 | 25 | 2.45874 | 15
32574790 | 26 | 0.406929 | 5
32574791 | 26 | 0.705389 | 10
4071849 | 23 | 2.99325 | 17
8143698 | 24 | 2.99325 | 17
16287396 | 25 | 2.99325 | 17
32574793 | 26 | 2.99325 | 17
65149587 | 27 | 2.99325 | 17
130299175 | 28 | 2.99325 | 17
260598350 | 29 | 2.07647 | 14
521196701 | 30 | 2.07647 | 14
1042393403 | 31 | 2.07647 | 14
2084786806 | 32 | 2.07151 | 13
4169573612 | 33 | 2.07151 | 13
8339147224 | 34 | 6.75881 | 6
8339147225 | 34 | 2.81254 | 7
2084786807 | 32 | 4.63978e-310 | 1
260598351 | 29 | 4.63978e-310 | 3
254491 | 19 | 3.19839 | 23
508982 | 20 | 4.63978e-310 | 3
508983 | 20 | 2.44171 | 20
1017966 | 21 | 2.44171 | 20
2035932 | 22 | 2.44171 | 20
4071864 | 23 | 6.12649 | 10
4071865 | 23 | 1.27695 | 10
63623 | 17 | 4.13526 | 35
127246 | 18 | 3.02487 | 24
254492 | 19 | 3.02487 | 24
508984 | 20 | 3.02487 | 24
1017969 | 21 | 3.02487 | 24
2035938 | 22 | 3.02487 | 24
4071877 | 23 | 3.02487 | 24
8143754 | 24 | 3.02487 | 24
16287508 | 25 | 3.02487 | 24
32575016 | 26 | 2.67153 | 16
65150033 | 27 | 2.67153 | 16
130300066 | 28 | 0.530165 | 4
130300067 | 28 | 2.0486 | 12
260600135 | 29 | 2.0486 | 12
521200270 | 30 | 1.54697 | 8
521200271 | 30 | 2.38403 | 4
32575017 | 26 | 4.63978e-310 | 8
127247 | 18 | 1.60831 | 11
254494 | 19 | 1.60831 | 11
508989 | 20 | 1.60831 | 11
1017978 | 21 | 1.60831 | 11
2035956 | 22 | 4.63978e-310 | 7
2035957 | 22 | 4.63978e-310 | 4
7953 | 14 | 4.01601 | 24
15906 | 15 | 4.01601 | 24
31813 | 16 | 4.01601 | 24
63626 | 17 | 4.01601 | 24
127253 | 18 | 4.01601 | 24
254506 | 19 | 4.01601 | 24
509012 | 20 | 4.01601 | 24
1018024 | 21 | 0.875288 | 2
1018025 | 21 | 3.86816 | 22
2036050 | 22 | 11.9133 | 4
2036051 | 22 | 3.30278 | 18
4072102 | 23 | 3.30278 | 18
8144204 | 24 | 3.30278 | 18
16288408 | 25 | 3.30278 | 18
32576817 | 26 | 3.30278 | 18
65153634 | 27 | 2.81023 | 15
130307269 | 28 | 2.81023 | 15
260614538 | 29 | 2.81023 | 15
521229076 | 30 | 2.15955 | 2
521229077 | 30 | 2.26836 | 13
1042458155 | 31 | 2.26836 | 13
2084916311 | 32 | 2.26836 | 13
4169832623 | 33 | 2.26836 | 13
8339665247 | 34 | 2.26836 | 13
16679330494 | 35 | 2.26836 | 13
33358660988 | 36 | 2.26836 | 13
66717321976 | 37 | 2.26836 | 13
133434643952 | 38 | 2.26836 | 13
266869287904 | 39 | 23.6042 | 6
266869287905 | 39 | 4.00193e-322 | 7
65153635 | 27 | 4.63978e-310 | 3
3977 | 13 | 9.15435 | 63
7954 | 14 | 9.15435 | 63
15908 | 15 | 8.02131 | 27
31817 | 16 | 8.02131 | 27
63635 | 17 | 8.02131 | 27
127270 | 18 | 4.63978e-310 | 4
127271 | 18 | 8.02131 | 23
254542 | 19 | 8.02131 | 23
509085 | 20 | 8.02131 | 23
1018170 | 21 | 8.02131 | 23
2036341 | 22 | 8.02131 | 23
4072682 | 23 | 1.63042e-322 | 9
4072683 | 23 | 5.61023 | 14
8145367 | 24 | 5.61023 | 14
16290735 | 25 | 5.61023 | 14
32581470 | 26 | 4.44764 | 13
65162940 | 27 | 4.44764 | 13
130325880 | 28 | 4.44764 | 13
260651760 | 29 | 0.342789 | 5
260651761 | 29 | 4.39251 | 8
32581471 | 26 | 0.342789 | 1
15909 | 15 | 9.15435 | 36
31819 | 16 | 9.15435 | 36
63638 | 17 | 4.63978e-310 | 1
63639 | 17 | 8.769 | 35
127279 | 18 | 8.769 | 35
254558 | 19 | 8.769 | 35
509117 | 20 | 8.769 | 35
1018234 | 21 | 8.769 | 35
2036468 | 22 | 8.769 | 35
4072937 | 23 | 8.769 | 35
8145874 | 24 | 8.769 | 35
16291748 | 25 | 8.769 | 35
32583497 | 26 | 8.769 | 35
65166994 | 27 | 8.769 | 35
130333988 | 28 | 8.769 | 35
260667977 | 29 | 8.769 | 35
521335955 | 30 | 8.769 | 35
1042671910 | 31 | 8.769 | 35
2085343820 | 32 | 4.3322 | 18
4170687641 | 33 | 4.3322 | 18
8341375282 | 34 | 4.3322 | 18
16682750565 | 35 | 4.3322 | 18
33365501130 | 36 | 4.3322 | 18
66731002260 | 37 | 4.3322 | 18
133462004520 | 38 | 2.25108 | 11
266924009041 | 39 | 2.25108 | 11
533848018082 | 40 | 2.25108 | 11
1067696036164 | 41 | 2.25108 | 11
2135392072328 | 42 | 6.90513e-310 | 1
2135392072329 | 42 | 4.63978e-310 | 10
133462004521 | 38 | 4.63978e-310 | 7
2085343821 | 32 | 3.70895 | 17
4170687642 | 33 | 3.70895 | 17
8341375284 | 34 | 3.70895 | 17
16682750569 | 35 | 3.70895 | 17
33365501139 | 36 | 3.70895 | 17
66731002279 | 37 | 3.70895 | 17
133462004558 | 38 | 1.13008 | 4
133462004559 | 38 | 2.59692 | 13
266924009119 | 39 | 2.59692 | 13
533848018238 | 40 | 2.59692 | 13
1067696036476 | 41 | 8.68784 | 7
1067696036477 | 41 | 37.7961 | 6
249 | 9 | 15.3447 | 274
498 | 10 | 15.3447 | 274
996 | 11 | 14.871 | 202
1992 | 12 | 14.871 | 202
3984 | 13 | 10.0746 | 104
7968 | 14 | 8.5135 | 67
15936 | 15 | 8.5135 | 67
31873 | 16 | 8.5135 | 67
63747 | 17 | 8.5135 | 67
127494 | 18 | 8.5135 | 67
254988 | 19 | 3.16904 | 19
509976 | 20 | 3.16904 | 19
1019952 | 21 | 4.63978e-310 | 8
1019953 | 21 | 2.65514 | 11
2039906 | 22 | 2.65514 | 11
4079812 | 23 | 3.14584 | 6
4079813 | 23 | 2.37152e-322 | 5
254989 | 19 | 6.16943 | 48
509978 | 20 | 5.60463 | 18
1019956 | 21 | 2.09259 | 11
2039913 | 22 | 2.09259 | 11
4079827 | 23 | 2.09259 | 11
8159654 | 24 | 4.63978e-310 | 9
8159655 | 24 | 0 | 2
1019957 | 21 | 4.63978e-310 | 7
509979 | 20 | 5.88949 | 30
1019959 | 21 | 5.88949 | 30
2039918 | 22 | 5.88949 | 30
4079836 | 23 | 5.88949 | 30
8159672 | 24 | 5.88949 | 30
16319344 | 25 | 4.00473 | 21
32638689 | 26 | 4.00473 | 21
65277378 | 27 | 4.00473 | 21
130554756 | 28 | 4.00473 | 21
261109512 | 29 | 3.97017 | 12
522219025 | 30 | 3.97017 | 12
1044438050 | 31 | 4.21795 | 4
1044438051 | 31 | 1.59127 | 8
261109513 | 29 | 4.63978e-310 | 9
16319345 | 25 | 4.63978e-310 | 9
7969 | 14 | 7.71677 | 37
15939 | 15 | 7.71677 | 37
31878 | 16 | 7.71677 | 37
63757 | 17 | 7.71677 | 37
127514 | 18 | 7.71677 | 37
255028 | 19 | 4.63978e-310 | 1
255029 | 19 | 7.47992 | 36
510058 | 20 | 7.47992 | 36
1020116 | 21 | 6.12265 | 32
2040232 | 22 | 3.84859 | 19
4080464 | 23 | 3.84859 | 19
8160928 | 24 | 3.23459 | 13
16321856 | 25 | 3.23459 | 13
32643712 | 26 | 3.23459 | 13
65287425 | 27 | 3.23459 | 13
130574850 | 28 | 3.23459 | 13
261149700 | 29 | 9.54886 | 3
261149701 | 29 | 7.83936 | 10
8160929 | 24 | 0 | 6
2040233 | 22 | 3.69035 | 13
4080466 | 23 | 1.9744 | 7
4080467 | 23 | 10.4626 | 6
1020117 | 21 | 4.63978e-310 | 4
3985 | 13 | 8.5293 | 98
7971 | 14 | 8.5293 | 98
15942 | 15 | 6.31378 | 51
31884 | 16 | 6.31378 | 51
63768 | 17 | 4.58753 | 37
127536 | 18 | 4.58753 | 37
255073 | 19 | 4.58753 | 37
510146 | 20 | 3.10899 | 35
1020292 | 21 | 2.35369 | 18
2040585 | 22 | 2.35369 | 18
4081170 | 23 | 2.35369 | 18
8162340 | 24 | 0.865269 | 2
8162341 | 24 | 2.19391 | 16
16324682 | 25 | 2.19391 | 16
32649364 | 26 | 0.64126 | 2
32649365 | 26 | 1.88726 | 14
65298730 | 27 | 4.63978e-310 | 3
65298731 | 27 | 1.59162 | 11
130597463 | 28 | 1.59162 | 11
261194926 | 29 | 2.14997 | 3
261194927 | 29 | 4.63978e-310 | 8
1020293 | 21 | 2.54068 | 17
2040587 | 22 | 2.54068 | 17
4081175 | 23 | 2.54068 | 17
8162351 | 24 | 2.54068 | 17
16324703 | 25 | 2.54068 | 17
32649406 | 26 | 1.92312 | 15
65298812 | 27 | 1.92312 | 15
130597624 | 28 | 1.92312 | 15
261195248 | 29 | 0.689998 | 10
261195249 | 29 | 0 | 5
32649407 | 26 | 4.63978e-310 | 2
510147 | 20 | 4.63978e-310 | 2
63769 | 17 | 2.66129 | 14
127538 | 18 | 4.63978e-310 | 8
127539 | 18 | 4.63978e-310 | 6
15943 | 15 | 7.02323 | 47
31886 | 16 | 7.02323 | 47
63772 | 17 | 4.63978e-310 | 10
63773 | 17 | 5.60098 | 37
127546 | 18 | 5.51775 | 29
255092 | 19 | 0.145374 | 7
255093 | 19 | 5.38032 | 22
510186 | 20 | 5.38032 | 22
1020373 | 21 | 5.38032 | 22
2040746 | 22 | 5.38032 | 22
4081492 | 23 | 4.63978e-310 | 9
4081493 | 23 | 1.58551 | 13
8162986 | 24 | 0 | 10
8162987 | 24 | 6.90513e-310 | 3
127547 | 18 | 4.63978e-310 | 8
997 | 11 | 13.707 | 72
1994 | 12 | 3.51608 | 23
3988 | 13 | 3.51608 | 23
7977 | 14 | 3.51608 | 23
15955 | 15 | 3.51608 | 23
31911 | 16 | 3.51608 | 23
63823 | 17 | 3.51608 | 23
127646 | 18 | 3.51608 | 23
255292 | 19 | 3.51608 | 23
510584 | 20 | 3.51608 | 23
1021168 | 21 | 2.25185 | 6
1021169 | 21 | 2.6379 | 17
2042339 | 22 | 2.6379 | 17
4084678 | 23 | 2.6379 | 17
8169356 | 24 | 2.6379 | 17
16338713 | 25 | 2.6379 | 17
32677427 | 26 | 2.6379 | 17
65354855 | 27 | 2.6379 | 17
130709710 | 28 | 2.6379 | 17
261419420 | 29 | 2.6379 | 17
522838841 | 30 | 2.6379 | 17
1045677682 | 31 | 2.6379 | 17
2091355364 | 32 | 1.58101e-322 | 4
2091355365 | 32 | 2.37012 | 13
4182710730 | 33 | 20.3667 | 9
4182710731 | 33 | 20.6643 | 4
1995 | 12 | 10.4474 | 49
3990 | 13 | 6.27789 | 25
7980 | 14 | 6.27789 | 25
15961 | 15 | 6.27789 | 25
31922 | 16 | 6.27789 | 25
63844 | 17 | 5.41811 | 18
127688 | 18 | 4.63978e-310 | 6
127689 | 18 | 3.42991 | 12
255378 | 19 | 1.58101e-322 | 9
255379 | 19 | 4.63978e-310 | 3
63845 | 17 | 4.63978e-310 | 7
3991 | 13 | 4.50634 | 24
7982 | 14 | 4.50634 | 24
15964 | 15 | 4.50634 | 24
31929 | 16 | 4.50634 | 24
63858 | 17 | 4.50634 | 23
127717 | 18 | 4.50634 | 23
255435 | 19 | 4.50634 | 23
510871 | 20 | 4.50634 | 23
1021743 | 21 | 4.50634 | 23
2043487 | 22 | 4.50634 | 23
4086974 | 23 | 4.50634 | 23
8173948 | 24 | 4.50634 | 23
16347896 | 25 | 2.12656 | 6
16347897 | 25 | 3.61545 | 17
32695795 | 26 | 3.61545 | 17
65391590 | 27 | 3.61545 | 17
130783181 | 28 | 3.61545 | 17
261566363 | 29 | 3.61545 | 17
523132726 | 30 | 3.61545 | 17
1046265453 | 31 | 3.61545 | 17
2092530907 | 32 | 3.61545 | 17
4185061814 | 33 | 3.11339 | 16
8370123628 | 34 | 1.04956 | 2
8370123629 | 34 | 2.66466 | 14
16740247258 | 35 | 2.66466 | 13
33480494516 | 36 | 6.98126 | 1
33480494517 | 36 | 2.20544 | 12
66960989035 | 37 | 2.20544 | 12
133921978071 | 38 | 2.20544 | 12
267843956143 | 39 | 2.20544 | 12
535687912287 | 40 | 2.20544 | 12
1071375824575 | 41 | 2.20544 | 12
2142751649150 | 42 | 18.7316 | 7
2142751649151 | 42 | 0.460813 | 5
16740247259 | 35 | 4.63978e-310 | 1
4185061815 | 33 | 4.63978e-310 | 1
63859 | 17 | 4.63978e-310 | 1
