ID | Depth | diameter | Number of points
0 | 0 | 29.316 | 1600
0 | 1 | 4.63978e-310 | 4
1 | 1 | 28.2066 | 1596
2 | 2 | 28.2066 | 1596
4 | 3 | 23.7585 | 689
8 | 4 | 19.7505 | 199
16 | 5 | 19.7505 | 199
33 | 6 | 19.7505 | 199
66 | 7 | 17.9159 | 121
132 | 8 | 17.9159 | 105
265 | 9 | 17.9159 | 105
530 | 10 | 17.9159 | 105
1061 | 11 | 17.9159 | 105
2122 | 12 | 17.9159 | 103
4245 | 13 | 17.9159 | 103
8491 | 14 | 17.9159 | 103
16982 | 15 | 15.4396 | 86
33964 | 16 | 10.357 | 35
67929 | 17 | 10.357 | 35
135859 | 18 | 10.357 | 35
271719 | 19 | 10.357 | 35
543439 | 20 | 10.357 | 35
1086878 | 21 | 8.00951 | 23
2173756 | 22 | 8.00951 | 23
4347512 | 23 | 8.00951 | 23
8695024 | 24 | 8.00951 | 23
17390048 | 25 | 8.00951 | 23
34780096 | 26 | 5.48794 | 16
69560193 | 27 | 5.48794 | 16
139120387 | 28 | 5.48794 | 16
278240774 | 29 | 5.48794 | 16
556481548 | 30 | 0.880078 | 10
556481549 | 30 | 0 | 6
34780097 | 26 | 4.63978e-310 | 7
1086879 | 21 | 6.22415 | 12
2173759 | 22 | 6.22415 | 12
4347518 | 23 | 6.22415 | 12
8695037 | 24 | 6.22415 | 12
17390074 | 25 | 6.22415 | 12
34780148 | 26 | 4.89258 | 5
34780149 | 26 | 19.8907 | 7
33965 | 16 | 9.68175 | 51
67931 | 17 | 9.68175 | 51
135863 | 18 | 9.68175 | 51
271726 | 19 | 9.68175 | 51
543452 | 20 | 9.68175 | 51
1086905 | 21 | 9.68175 | 51
2173810 | 22 | 9.68175 | 51
4347621 | 23 | 9.68175 | 51
8695243 | 24 | 9.68175 | 51
17390487 | 25 | 9.68175 | 51
34780975 | 26 | 9.68175 | 51
69561951 | 27 | 9.68175 | 51
139123902 | 28 | 9.68175 | 51
278247804 | 29 | 7.23841 | 29
556495609 | 30 | 7.23841 | 29
1112991218 | 31 | 7.23841 | 29
2225982436 | 32 | 7.23841 | 29
4451964872 | 33 | 4.95403 | 25
8903929744 | 34 | 3.30668 | 16
17807859488 | 35 | 3.30668 | 16
35615718976 | 36 | 3.30668 | 16
71231437952 | 37 | 0.319673 | 3
71231437953 | 37 | 3.21975 | 13
142462875906 | 38 | 38.3502 | 7
142462875907 | 38 | 27.6231 | 6
8903929745 | 34 | 4.63978e-310 | 9
4451964873 | 33 | 4.63978e-310 | 4
278247805 | 29 | 7.58593 | 22
556495610 | 30 | 6.15863 | 18
1112991220 | 31 | 0.876654 | 3
1112991221 | 31 | 5.27313 | 15
2225982442 | 32 | 4.63978e-310 | 1
2225982443 | 32 | 4.80657 | 14
4451964887 | 33 | 4.80657 | 14
8903929774 | 34 | 0.949522 | 10
8903929775 | 34 | 22.1909 | 4
556495611 | 30 | 4.63978e-310 | 4
16983 | 15 | 6.43833 | 17
33967 | 16 | 6.43833 | 17
67934 | 17 | 4.63978e-310 | 10
67935 | 17 | 0.883804 | 7
2123 | 12 | 4.63978e-310 | 2
133 | 8 | 15.969 | 16
267 | 9 | 15.969 | 16
534 | 10 | 15.6289 | 13
1068 | 11 | 15.6289 | 13
2136 | 12 | 4.63978e-310 | 1
2137 | 12 | 14.5231 | 12
4274 | 13 | 13.1259 | 11
8548 | 14 | 13.1259 | 11
17096 | 15 | 13.1259 | 11
34192 | 16 | 6.90513e-310 | 7
34193 | 16 | 38.9583 | 4
4275 | 13 | 4.63978e-310 | 1
535 | 10 | 4.63978e-310 | 3
67 | 7 | 11.2289 | 78
135 | 8 | 11.2289 | 78
271 | 9 | 11.2289 | 78
542 | 10 | 11.2289 | 78
1084 | 11 | 21.1552 | 6
1085 | 11 | 11.2289 | 72
2171 | 12 | 11.2289 | 72
4342 | 13 | 9.15857 | 15
8684 | 14 | 9.15857 | 15
17369 | 15 | 9.15857 | 15
34739 | 16 | 9.15857 | 15
69478 | 17 | 9.15857 | 15
138957 | 18 | 9.15857 | 15
277914 | 19 | 9.15857 | 15
555828 | 20 | 0 | 10
555829 | 20 | 121.588 | 5
4343 | 13 | 11.0267 | 57
8687 | 14 | 11.0267 | 57
17375 | 15 | 11.0267 | 57
34751 | 16 | 11.0267 | 57
69502 | 17 | 11.0267 | 57
139005 | 18 | 11.0267 | 57
278010 | 19 | 11.0267 | 57
556021 | 20 | 11.0267 | 57
1112043 | 21 | 11.0267 | 57
2224086 | 22 | 11.0267 | 57
4448172 | 23 | 11.0267 | 57
8896345 | 24 | 11.0267 | 57
17792690 | 25 | 11.0267 | 57
35585380 | 26 | 11.0267 | 55
71170760 | 27 | 7.2901 | 34
142341521 | 28 | 7.2901 | 34
284683042 | 29 | 3.63533 | 21
569366085 | 30 | 3.63533 | 21
1138732170 | 31 | 3.63533 | 21
2277464340 | 32 | 3.06918 | 18
4554928680 | 33 | 0 | 3
4554928681 | 33 | 1.68251 | 15
9109857362 | 34 | 1.68251 | 12
18219714725 | 35 | 1.68251 | 12
36439429450 | 36 | 1.68251 | 12
72878858901 | 37 | 1.68251 | 12
145757717802 | 38 | 1.68251 | 12
291515435605 | 39 | 1.68251 | 12
583030871210 | 40 | 1.72633 | 4
583030871211 | 40 | 0.967782 | 8
9109857363 | 34 | 4.63978e-310 | 3
2277464341 | 32 | 4.63978e-310 | 3
284683043 | 29 | 3.65471 | 13
569366086 | 30 | 3.65471 | 13
1138732172 | 31 | 4.63978e-310 | 7
1138732173 | 31 | 4.06183 | 6
71170761 | 27 | 7.17087 | 21
142341523 | 28 | 7.17087 | 21
284683046 | 29 | 2.95576 | 12
569366092 | 30 | 2.95576 | 12
1138732184 | 31 | 17.5441 | 3
1138732185 | 31 | 15.8657 | 9
284683047 | 29 | 4.63978e-310 | 9
35585381 | 26 | 4.63978e-310 | 2
9 | 4 | 16.8019 | 490
18 | 5 | 16.8019 | 490
36 | 6 | 14.0131 | 298
72 | 7 | 14.0131 | 298
144 | 8 | 11.3197 | 87
288 | 9 | 11.3197 | 87
576 | 10 | 11.3197 | 87
1153 | 11 | 11.3197 | 87
2306 | 12 | 8.1778 | 60
4613 | 13 | 8.1778 | 60
9226 | 14 | 8.1778 | 60
18452 | 15 | 4.63978e-310 | 5
18453 | 15 | 6.86389 | 55
36906 | 16 | 5.63334 | 42
73813 | 17 | 5.63334 | 42
147626 | 18 | 5.63334 | 42
295252 | 19 | 5.63334 | 42
590505 | 20 | 5.63334 | 42
1181010 | 21 | 4.63172 | 33
2362020 | 22 | 4.63978e-310 | 9
2362021 | 22 | 3.01325 | 24
4724042 | 23 | 3.01325 | 24
9448084 | 24 | 2.78233 | 21
18896169 | 25 | 2.78233 | 21
37792338 | 26 | 2.78233 | 21
75584676 | 27 | 2.78233 | 20
151169353 | 28 | 2.78233 | 20
302338706 | 29 | 3.21143e-322 | 3
302338707 | 29 | 2.25827 | 17
604677414 | 30 | 1.65773 | 8
604677415 | 30 | 0.155275 | 9
75584677 | 27 | 4.63978e-310 | 1
9448085 | 24 | 4.63978e-310 | 3
1181011 | 21 | 4.63978e-310 | 9
36907 | 16 | 3.2927 | 13
73814 | 17 | 3.2927 | 13
147628 | 18 | 4.63978e-310 | 6
147629 | 18 | 4.63978e-310 | 7
2307 | 12 | 7.62651 | 27
4614 | 13 | 4.63978e-310 | 5
4615 | 13 | 3.35879 | 22
9230 | 14 | 4.63978e-310 | 1
9231 | 14 | 3.13116 | 21
18462 | 15 | 2.92857 | 18
36924 | 16 | 2.92857 | 18
73848 | 17 | 2.92857 | 18
147696 | 18 | 6.90513e-310 | 9
147697 | 18 | 0.0802452 | 9
18463 | 15 | 4.63978e-310 | 3
145 | 8 | 12.085 | 211
291 | 9 | 12.085 | 211
582 | 10 | 10.8302 | 181
1165 | 11 | 10.8302 | 181
2330 | 12 | 7.76877 | 93
4661 | 13 | 7.76877 | 93
9322 | 14 | 6.90513e-310 | 10
9323 | 14 | 7.46047 | 83
18647 | 15 | 7.46047 | 83
37294 | 16 | 7.02358 | 55
74588 | 17 | 7.02358 | 55
149176 | 18 | 5.74774 | 35
298352 | 19 | 5.32036 | 17
596704 | 20 | 5.32036 | 17
1193408 | 21 | 5.32036 | 17
2386817 | 22 | 5.32036 | 17
4773634 | 23 | 1.63042e-322 | 3
4773635 | 23 | 3.73271 | 14
9547271 | 24 | 3.73271 | 14
19094542 | 25 | 3.73271 | 14
38189084 | 26 | 113.123 | 1
38189085 | 26 | 3.23018 | 13
76378171 | 27 | 3.23018 | 13
152756343 | 28 | 3.23018 | 13
305512686 | 29 | 6.90513e-310 | 2
305512687 | 29 | 2.28049 | 11
611025374 | 30 | 2.28049 | 11
1222050748 | 31 | 2.28049 | 11
2444101496 | 32 | 2.28049 | 11
4888202993 | 33 | 2.28049 | 11
9776405986 | 34 | 2.28049 | 11
19552811972 | 35 | 5.0253 | 1
19552811973 | 35 | 27.1783 | 10
298353 | 19 | 5.56659 | 18
596706 | 20 | 5.56659 | 18
1193412 | 21 | 5.56659 | 18
2386825 | 22 | 5.56659 | 18
4773650 | 23 | 4.63978e-310 | 4
4773651 | 23 | 2.76166 | 14
9547303 | 24 | 2.76166 | 14
19094606 | 25 | 2.76166 | 14
38189212 | 26 | 2.19896 | 12
76378424 | 27 | 0.510666 | 9
76378425 | 27 | 4.57705 | 3
38189213 | 26 | 4.63978e-310 | 2
149177 | 18 | 5.98055 | 20
298354 | 19 | 5.98055 | 20
596708 | 20 | 5.98055 | 20
1193416 | 21 | 5.98055 | 20
2386832 | 22 | 4.63978e-310 | 9
2386833 | 22 | 5.98055 | 11
4773666 | 23 | 4.43638 | 10
4773667 | 23 | 0 | 1
37295 | 16 | 5.65682 | 28
74590 | 17 | 4.63978e-310 | 7
74591 | 17 | 2.87938 | 21
149182 | 18 | 2.87938 | 21
298364 | 19 | 20.5967 | 7
298365 | 19 | 2.15642 | 14
596731 | 20 | 2.15642 | 14
1193463 | 21 | 2.15642 | 14
2386926 | 22 | 2.15642 | 14
4773852 | 23 | 0 | 6
4773853 | 23 | 1.62687 | 8
2331 | 12 | 8.86307 | 88
4662 | 13 | 8.86307 | 88
9324 | 14 | 8.86307 | 88
18648 | 15 | 8.86307 | 88
37296 | 16 | 4.63978e-310 | 8
37297 | 16 | 8.05574 | 80
74595 | 17 | 8.05574 | 80
149191 | 18 | 8.05574 | 80
298382 | 19 | 8.05574 | 80
596765 | 20 | 8.05574 | 80
1193530 | 21 | 6.07905 | 25
2387060 | 22 | 6.07905 | 25
4774120 | 23 | 3.76455 | 12
9548241 | 24 | 3.76455 | 12
19096482 | 25 | 3.76455 | 12
38192964 | 26 | 13.3609 | 7
38192965 | 26 | 29.2879 | 5
4774121 | 23 | 2.35506 | 13
9548242 | 24 | 2.35506 | 13
19096484 | 25 | 2.35506 | 13
38192968 | 26 | 0.311694 | 4
38192969 | 26 | 4.63978e-310 | 9
1193531 | 21 | 7.98312 | 55
2387062 | 22 | 4.63978e-310 | 5
2387063 | 22 | 6.60274 | 50
4774126 | 23 | 2.5854 | 15
9548252 | 24 | 0.255404 | 3
9548253 | 24 | 2.0032 | 12
19096507 | 25 | 2.0032 | 12
38193015 | 26 | 2.0032 | 12
76386030 | 27 | 2.0032 | 12
152772060 | 28 | 2.0032 | 12
305544120 | 29 | 0.536518 | 8
305544121 | 29 | 4.63978e-310 | 4
4774127 | 23 | 3.84605 | 35
9548254 | 24 | 3.84605 | 35
19096509 | 25 | 3.84605 | 35
38193018 | 26 | 2.90542 | 29
76386036 | 27 | 2.90542 | 29
152772072 | 28 | 2.90542 | 29
305544145 | 29 | 2.90542 | 29
611088290 | 30 | 2.90542 | 27
1222176580 | 31 | 2.90542 | 27
2444353160 | 32 | 2.90542 | 27
4888706320 | 33 | 2.90542 | 27
9777412640 | 34 | 2.90542 | 27
19554825280 | 35 | 0.941215 | 2
19554825281 | 35 | 2.90542 | 25
39109650562 | 36 | 2.90542 | 25
78219301125 | 37 | 2.90542 | 25
156438602250 | 38 | 2.90542 | 25
312877204500 | 39 | 2.90542 | 25
625754409000 | 40 | 2.90542 | 25
1251508818001 | 41 | 2.90542 | 25
2503017636002 | 42 | 1.63042e-322 | 10
2503017636003 | 42 | 2.2443 | 15
5006035272007 | 43 | 2.2443 | 15
10012070544014 | 44 | 2.07632 | 14
20024141088029 | 45 | 2.07632 | 14
40048282176058 | 46 | 2.07632 | 14
80096564352116 | 47 | 2.07632 | 14
160193128704232 | 48 | 1.77223 | 5
160193128704233 | 48 | 1.33603 | 9
10012070544015 | 44 | 4.63978e-310 | 1
611088291 | 30 | 4.63978e-310 | 2
38193019 | 26 | 4.63978e-310 | 6
583 | 10 | 6.53482 | 30
1166 | 11 | 6.53482 | 30
2333 | 12 | 6.53482 | 30
4666 | 13 | 6.53482 | 30
9332 | 14 | 6.53482 | 30
18664 | 15 | 6.53482 | 30
37329 | 16 | 6.53482 | 30
74658 | 17 | 4.55353 | 22
149317 | 18 | 4.55353 | 22
298634 | 19 | 4.55353 | 22
597268 | 20 | 2.87976 | 11
1194536 | 21 | 2.87976 | 11
2389072 | 22 | 2.87976 | 11
4778145 | 23 | 2.87976 | 11
9556290 | 24 | 1.20551 | 8
9556291 | 24 | 0.446354 | 3
597269 | 20 | 1.67228 | 11
1194538 | 21 | 1.67228 | 11
2389077 | 22 | 1.67228 | 11
4778154 | 23 | 7.30337 | 5
4778155 | 23 | 1.22318 | 6
74659 | 17 | 4.63978e-310 | 8
37 | 6 | 11.4789 | 192
75 | 7 | 11.4789 | 192
150 | 8 | 11.4789 | 192
300 | 9 | 11.4789 | 179
600 | 10 | 9.68128 | 92
1200 | 11 | 9.18937 | 90
2401 | 12 | 9.18937 | 90
4802 | 13 | 9.18937 | 90
9604 | 14 | 1.11785 | 1
9605 | 14 | 8.3732 | 89
19210 | 15 | 7.18483 | 22
38421 | 16 | 7.18483 | 22
76842 | 17 | 1.12357 | 8
76843 | 17 | 3.20627 | 14
153687 | 18 | 3.20627 | 14
307375 | 19 | 3.20627 | 14
614750 | 20 | 3.20627 | 14
1229501 | 21 | 3.20627 | 14
2459003 | 22 | 3.20627 | 14
4918006 | 23 | 0.876698 | 2
4918007 | 23 | 2.20669 | 12
9836014 | 24 | 2.20669 | 12
19672029 | 25 | 2.20669 | 12
39344058 | 26 | 23.0745 | 7
39344059 | 26 | 0.045938 | 5
19211 | 15 | 8.3732 | 67
38423 | 16 | 8.3732 | 67
76846 | 17 | 4.63978e-310 | 1
76847 | 17 | 8.09422 | 66
153695 | 18 | 8.09422 | 66
307390 | 19 | 8.09422 | 66
614781 | 20 | 8.09422 | 66
1229563 | 21 | 8.09422 | 66
2459127 | 22 | 8.09422 | 66
4918254 | 23 | 6.49483 | 53
9836509 | 24 | 6.49483 | 53
19673019 | 25 | 6.49483 | 53
39346039 | 26 | 6.49483 | 53
78692079 | 27 | 6.49483 | 53
157384158 | 28 | 6.49483 | 53
314768316 | 29 | 4.76434 | 35
629536632 | 30 | 4.76434 | 35
1259073264 | 31 | 4.76434 | 35
2518146528 | 32 | 4.76434 | 35
5036293056 | 33 | 4.76434 | 30
10072586112 | 34 | 4.76434 | 30
20145172224 | 35 | 0.0048422 | 2
20145172225 | 35 | 4.50867 | 28
40290344451 | 36 | 4.50867 | 28
80580688903 | 37 | 4.50867 | 28
161161377806 | 38 | 6.90513e-310 | 5
161161377807 | 38 | 3.85609 | 23
322322755614 | 39 | 4.63978e-310 | 3
322322755615 | 39 | 3.85609 | 20
644645511230 | 40 | 3.85609 | 20
1289291022460 | 41 | 3.21143e-322 | 3
1289291022461 | 41 | 3.47755 | 17
2578582044922 | 42 | 3.47755 | 17
5157164089845 | 43 | 3.47755 | 17
10314328179691 | 44 | 3.47755 | 17
20628656359383 | 45 | 3.47755 | 17
41257312718766 | 46 | 3.47755 | 17
82514625437532 | 47 | 0.196123 | 9
82514625437533 | 47 | 0 | 8
5036293057 | 33 | 4.63978e-310 | 5
314768317 | 29 | 2.05757 | 18
629536634 | 30 | 4.63978e-310 | 2
629536635 | 30 | 1.74022 | 16
1259073271 | 31 | 1.74022 | 16
2518146542 | 32 | 4.63978e-310 | 3
2518146543 | 32 | 1.60987 | 13
5036293086 | 33 | 4.63978e-310 | 2
5036293087 | 33 | 1.27619 | 11
10072586174 | 34 | 4.63978e-310 | 4
10072586175 | 34 | 1.05676 | 7
4918255 | 23 | 2.42067 | 13
9836510 | 24 | 4.63978e-310 | 5
9836511 | 24 | 4.63978e-310 | 8
1201 | 11 | 4.63978e-310 | 2
601 | 10 | 9.47093 | 87
1202 | 11 | 9.47093 | 87
2404 | 12 | 8.23316 | 81
4809 | 13 | 8.23316 | 81
9619 | 14 | 8.23316 | 81
19238 | 15 | 8.23316 | 81
38477 | 16 | 8.23316 | 81
76954 | 17 | 8.23316 | 81
153908 | 18 | 8.23316 | 81
307817 | 19 | 8.23316 | 81
615634 | 20 | 7.09576 | 62
1231269 | 21 | 7.09576 | 62
2462538 | 22 | 7.09576 | 62
4925077 | 23 | 7.09576 | 62
9850155 | 24 | 7.09576 | 62
19700311 | 25 | 7.09576 | 62
39400622 | 26 | 4.63978e-310 | 10
39400623 | 26 | 6.64957 | 52
78801246 | 27 | 6.64957 | 52
157602492 | 28 | 6.64957 | 52
315204984 | 29 | 5.20617 | 36
630409968 | 30 | 4.78372 | 28
1260819937 | 31 | 4.78372 | 28
2521639874 | 32 | 4.57059 | 27
5043279748 | 33 | 4.52819 | 25
10086559496 | 34 | 4.52819 | 25
20173118992 | 35 | 6.90513e-310 | 6
20173118993 | 35 | 4.08897 | 19
40346237986 | 36 | 4.08897 | 19
80692475973 | 37 | 4.08897 | 19
161384951946 | 38 | 2.68832 | 16
322769903892 | 39 | 2.42092e-322 | 2
322769903893 | 39 | 2.245 | 14
645539807786 | 40 | 2.245 | 14
1291079615573 | 41 | 2.245 | 14
2582159231147 | 42 | 2.245 | 14
5164318462295 | 43 | 2.245 | 14
10328636924590 | 44 | 1.89628 | 6
10328636924591 | 44 | 2.5881 | 8
161384951947 | 38 | 4.63978e-310 | 3
5043279749 | 33 | 4.63978e-310 | 2
2521639875 | 32 | 4.63978e-310 | 1
630409969 | 30 | 4.63978e-310 | 8
315204985 | 29 | 3.45887 | 16
630409970 | 30 | 4.63978e-310 | 2
630409971 | 30 | 2.96688 | 14
1260819942 | 31 | 2.96688 | 14
2521639884 | 32 | 2.96688 | 14
5043279769 | 33 | 2.96688 | 14
10086559538 | 34 | 2.96688 | 14
20173119076 | 35 | 2.96688 | 14
40346238152 | 36 | 2.55122 | 13
80692476304 | 37 | 2.55122 | 13
161384952608 | 38 | 2.55122 | 13
322769905216 | 39 | 1.9376 | 12
645539810433 | 40 | 1.9376 | 12
1291079620866 | 41 | 1.9376 | 12
2582159241733 | 42 | 1.9376 | 12
5164318483467 | 43 | 1.9376 | 12
10328636966934 | 44 | 1.9376 | 12
20657273933869 | 45 | 1.9376 | 12
41314547867738 | 46 | 1.9376 | 12
82629095735476 | 47 | 1.9376 | 12
165258191470952 | 48 | 1.9376 | 12
330516382941905 | 49 | 1.9376 | 12
661032765883810 | 50 | 1.9376 | 12
1322065531767620 | 51 | 1.78206 | 5
1322065531767621 | 51 | 0.0860955 | 7
322769905217 | 39 | 4.63978e-310 | 1
40346238153 | 36 | 4.63978e-310 | 1
615635 | 20 | 3.44547 | 19
1231270 | 21 | 4.63978e-310 | 2
1231271 | 21 | 3.07952 | 17
2462542 | 22 | 3.07952 | 17
4925085 | 23 | 3.07952 | 17
9850170 | 24 | 4.63978e-310 | 10
9850171 | 24 | 4.63978e-310 | 7
2405 | 12 | 4.63978e-310 | 6
301 | 9 | 8.96652 | 13
602 | 10 | 4.63978e-310 | 9
603 | 10 | 4.63978e-310 | 4
5 | 3 | 26.606 | 907
10 | 4 | 12.5706 | 42
20 | 5 | 12.5706 | 42
40 | 6 | 9.22591 | 34
80 | 7 | 9.22591 | 34
161 | 8 | 9.22591 | 34
322 | 9 | 8.22132 | 32
644 | 10 | 8.22132 | 32
1288 | 11 | 4.63978e-310 | 8
1289 | 11 | 6.01758 | 24
2578 | 12 | 4.63978e-310 | 3
2579 | 12 | 6.01758 | 21
5158 | 13 | 4.88385 | 14
10316 | 14 | 56.1716 | 1
10317 | 14 | 4.75794 | 13
20635 | 15 | 4.75794 | 13
41271 | 16 | 4.75794 | 13
82543 | 17 | 4.75794 | 13
165086 | 18 | 4.75794 | 13
330173 | 19 | 4.75794 | 13
660346 | 20 | 3.91795 | 2
660347 | 20 | 3.30772 | 11
1320694 | 21 | 3.30772 | 11
2641388 | 22 | 3.30772 | 11
5282776 | 23 | 0.0454234 | 1
5282777 | 23 | 0.556225 | 10
5159 | 13 | 4.63978e-310 | 7
323 | 9 | 4.63978e-310 | 2
41 | 6 | 4.63978e-310 | 8
11 | 4 | 23.5365 | 865
22 | 5 | 22.0316 | 308
44 | 6 | 19.7196 | 271
88 | 7 | 5.88177 | 54
176 | 8 | 5.88177 | 54
352 | 9 | 2.41776 | 18
704 | 10 | 2.41776 | 18
1409 | 11 | 2.41776 | 18
2819 | 12 | 2.41776 | 18
5638 | 13 | 2.41776 | 18
11276 | 14 | 2.24206 | 14
22552 | 15 | 2.24206 | 14
45105 | 16 | 2.24206 | 14
90210 | 17 | 0 | 3
90211 | 17 | 1.907 | 11
180422 | 18 | 0 | 8
180423 | 18 | 1.48589 | 3
11277 | 14 | 4.63978e-310 | 4
353 | 9 | 4.43093 | 36
706 | 10 | 4.43093 | 36
1412 | 11 | 4.63978e-310 | 7
1413 | 11 | 3.54867 | 29
2827 | 12 | 3.54867 | 29
5654 | 13 | 2.60202 | 19
11308 | 14 | 2.60202 | 19
22616 | 15 | 2.60202 | 19
45233 | 16 | 2.60202 | 19
90466 | 17 | 2.60202 | 19
180932 | 18 | 2.60202 | 19
361864 | 19 | 1.08897 | 6
361865 | 19 | 1.4159 | 13
723730 | 20 | 1.4159 | 13
1447460 | 21 | 1.4159 | 13
2894920 | 22 | 4.77989 | 5
2894921 | 22 | 1.70606 | 8
5655 | 13 | 4.63978e-310 | 10
89 | 7 | 15.2737 | 217
179 | 8 | 15.2737 | 217
358 | 9 | 7.42823 | 34
717 | 10 | 7.42823 | 34
1434 | 11 | 4.63978e-310 | 7
1435 | 11 | 6.94572 | 27
2870 | 12 | 6.94572 | 27
5740 | 13 | 1.65786 | 19
11480 | 14 | 1.65786 | 19
22960 | 15 | 1.65786 | 18
45921 | 16 | 1.65786 | 18
91842 | 17 | 1.09839 | 11
183684 | 18 | 1.09839 | 11
367368 | 19 | 0.404782 | 9
367369 | 19 | 0.237662 | 2
91843 | 17 | 4.63978e-310 | 7
22961 | 15 | 4.63978e-310 | 1
5741 | 13 | 4.63978e-310 | 8
359 | 9 | 14.408 | 183
718 | 10 | 6.53482 | 94
1436 | 11 | 4.63978e-310 | 1
1437 | 11 | 6.53482 | 93
2874 | 12 | 2.95604 | 36
5748 | 13 | 2.95604 | 36
11496 | 14 | 2.95604 | 36
22993 | 15 | 2.95604 | 36
45986 | 16 | 2.95604 | 36
91973 | 17 | 2.95604 | 36
183947 | 18 | 2.95604 | 36
367895 | 19 | 2.95604 | 36
735790 | 20 | 2.95604 | 36
1471580 | 21 | 2.95604 | 36
2943160 | 22 | 15.6518 | 8
2943161 | 22 | 2.64406 | 28
5886322 | 23 | 2.64406 | 28
11772644 | 24 | 2.64406 | 28
23545288 | 25 | 2.64406 | 28
47090576 | 26 | 2.12001 | 17
94181152 | 27 | 1.98551 | 14
188362305 | 28 | 1.98551 | 14
376724610 | 29 | 1.98551 | 14
753449221 | 30 | 1.98551 | 14
1506898442 | 31 | 0 | 3
1506898443 | 31 | 1.98551 | 11
3013796886 | 32 | 0.495401 | 2
3013796887 | 32 | 3.80556 | 9
94181153 | 27 | 4.63978e-310 | 3
47090577 | 26 | 1.1188 | 11
94181154 | 27 | 1.1188 | 11
188362309 | 28 | 1.1188 | 11
376724618 | 29 | 1.1188 | 11
753449236 | 30 | 0.371552 | 9
753449237 | 30 | 0.3144 | 2
2875 | 12 | 4.67796 | 57
5750 | 13 | 2.75366 | 33
11500 | 14 | 1.9627 | 16
23001 | 15 | 1.9627 | 16
46002 | 16 | 4.63978e-310 | 1
46003 | 16 | 1.92135 | 15
92006 | 17 | 1.92135 | 15
184012 | 18 | 1.92135 | 15
368024 | 19 | 0 | 10
368025 | 19 | 0.697538 | 5
11501 | 14 | 2.42294 | 17
23002 | 15 | 2.42294 | 17
46004 | 16 | 0.00678405 | 1
46005 | 16 | 2.2418 | 16
92010 | 17 | 2.2418 | 16
184021 | 18 | 2.2418 | 16
368042 | 19 | 6.2739 | 4
368043 | 19 | 1.35338 | 12
736086 | 20 | 1.35338 | 12
1472172 | 21 | 1.35338 | 12
2944345 | 22 | 1.35338 | 12
5888690 | 23 | 1.35338 | 12
11777381 | 24 | 1.35338 | 12
23554762 | 25 | 1.35338 | 12
47109524 | 26 | 1.35338 | 12
94219048 | 27 | 1.35338 | 12
188438096 | 28 | 2.07747 | 4
188438097 | 28 | 2.37084 | 8
5751 | 13 | 2.72191 | 24
11502 | 14 | 2.1902 | 14
23005 | 15 | 2.1902 | 14
46010 | 16 | 2.1902 | 14
92020 | 17 | 4.63978e-310 | 8
92021 | 17 | 4.63978e-310 | 6
11503 | 14 | 4.63978e-310 | 10
719 | 10 | 9.66821 | 89
1438 | 11 | 9.42519 | 65
2877 | 12 | 9.42519 | 65
5754 | 13 | 7.80939 | 26
11508 | 14 | 7.80939 | 26
23017 | 15 | 7.80939 | 26
46034 | 16 | 7.80939 | 26
92069 | 17 | 7.80939 | 26
184138 | 18 | 1.82336 | 16
368277 | 19 | 1.82336 | 16
736554 | 20 | 48.7129 | 9
736555 | 20 | 49.6369 | 7
184139 | 18 | 4.63978e-310 | 10
5755 | 13 | 8.26198 | 39
11510 | 14 | 7.23163 | 19
23020 | 15 | 7.23163 | 19
46041 | 16 | 7.23163 | 19
92083 | 17 | 7.23163 | 19
184167 | 18 | 7.23163 | 19
368334 | 19 | 7.23163 | 19
736668 | 20 | 7.23163 | 19
1473336 | 21 | 2.01884 | 6
1473337 | 21 | 5.49433 | 13
2946674 | 22 | 5.49433 | 13
5893348 | 23 | 4.63978e-310 | 1
5893349 | 23 | 5.49433 | 12
11786698 | 24 | 34.8579 | 7
11786699 | 24 | 4.76408 | 5
11511 | 14 | 8.26198 | 20
23022 | 15 | 8.26198 | 20
46044 | 16 | 4.2993 | 11
92089 | 17 | 4.2993 | 11
184178 | 18 | 4.2993 | 11
368356 | 19 | 3.37368 | 3
368357 | 19 | 4.63978e-310 | 8
46045 | 16 | 4.63978e-310 | 9
1439 | 11 | 9.50788 | 24
2878 | 12 | 9.50788 | 24
5757 | 13 | 9.50788 | 24
11514 | 14 | 8.60074 | 17
23028 | 15 | 8.36819 | 16
46056 | 16 | 7.57889 | 14
92113 | 17 | 7.57889 | 14
184226 | 18 | 7.57889 | 14
368453 | 19 | 7.57889 | 14
736906 | 20 | 7.57889 | 14
1473812 | 21 | 7.57889 | 14
2947625 | 22 | 7.57889 | 14
5895251 | 23 | 7.57889 | 14
11790502 | 24 | 40.5133 | 6
11790503 | 24 | 52.973 | 8
46057 | 16 | 4.63978e-310 | 2
23029 | 15 | 4.63978e-310 | 1
11515 | 14 | 4.63978e-310 | 7
45 | 6 | 13.0304 | 37
90 | 7 | 7.24971 | 14
180 | 8 | 7.24971 | 14
360 | 9 | 7.24971 | 14
720 | 10 | 4.63978e-310 | 3
721 | 10 | 5.2317 | 11
1442 | 11 | 5.2317 | 11
2885 | 12 | 5.2317 | 11
5770 | 13 | 1.10999 | 4
5771 | 13 | 21.1934 | 7
91 | 7 | 5.93183 | 23
182 | 8 | 5.93183 | 23
364 | 9 | 5.93183 | 23
728 | 10 | 5.93183 | 23
1456 | 11 | 4.63978e-310 | 4
1457 | 11 | 5.62109 | 19
2915 | 12 | 5.62109 | 19
5830 | 13 | 9.58362 | 6
5831 | 13 | 3.2706 | 13
11663 | 14 | 3.2706 | 13
23326 | 15 | 3.2706 | 13
46652 | 16 | 3.2706 | 13
93304 | 17 | 3.2706 | 13
186609 | 18 | 3.2706 | 13
373218 | 19 | 8.16026 | 10
373219 | 19 | 8.45408 | 3
23 | 5 | 22.4643 | 557
46 | 6 | 22.4643 | 557
92 | 7 | 14.9759 | 330
185 | 8 | 14.9759 | 330
370 | 9 | 14.9759 | 312
740 | 10 | 13.4373 | 221
1481 | 11 | 13.4373 | 221
2962 | 12 | 13.4373 | 221
5924 | 13 | 9.94661 | 65
11849 | 14 | 9.94661 | 65
23699 | 15 | 9.94661 | 65
47398 | 16 | 9.94661 | 65
94796 | 17 | 5.31382 | 29
189592 | 18 | 4.24456 | 25
379184 | 19 | 0.347995 | 1
379185 | 19 | 4.24456 | 24
758370 | 20 | 2.53875 | 3
758371 | 20 | 4.24456 | 21
1516742 | 21 | 4.24456 | 21
3033485 | 22 | 4.24456 | 21
6066970 | 23 | 19.0793 | 9
6066971 | 23 | 3.23126 | 12
12133942 | 24 | 0 | 1
12133943 | 24 | 2.85174 | 11
24267886 | 25 | 2.85174 | 11
48535772 | 26 | 0 | 4
48535773 | 26 | 8.58743 | 7
189593 | 18 | 4.63978e-310 | 4
94797 | 17 | 8.63032 | 36
189595 | 18 | 8.63032 | 36
379191 | 19 | 8.63032 | 36
758383 | 20 | 8.63032 | 36
1516766 | 21 | 4.19443 | 34
3033532 | 22 | 1.37051 | 2
3033533 | 22 | 3.51013 | 32
6067067 | 23 | 3.51013 | 32
12134134 | 24 | 3.15972 | 22
24268269 | 25 | 3.15972 | 22
48536539 | 26 | 3.15972 | 22
97073079 | 27 | 3.15972 | 22
194146159 | 28 | 3.15972 | 22
388292318 | 29 | 2.29405 | 13
776584636 | 30 | 4.3666 | 7
776584637 | 30 | 4.40786 | 6
388292319 | 29 | 4.63978e-310 | 9
12134135 | 24 | 4.63978e-310 | 10
1516767 | 21 | 4.63978e-310 | 2
5925 | 13 | 9.95736 | 156
11850 | 14 | 9.95736 | 156
23701 | 15 | 9.95736 | 156
47402 | 16 | 9.95736 | 156
94804 | 17 | 9.95736 | 156
189608 | 18 | 8.66144 | 155
379216 | 19 | 8.66144 | 155
758432 | 20 | 8.66144 | 155
1516865 | 21 | 8.66144 | 155
3033731 | 22 | 8.66144 | 155
6067462 | 23 | 6.01376 | 63
12134924 | 24 | 6.01376 | 63
24269848 | 25 | 5.37962 | 48
48539697 | 26 | 5.37962 | 48
97079394 | 27 | 5.37962 | 48
194158789 | 28 | 5.37962 | 48
388317578 | 29 | 5.37962 | 48
776635157 | 30 | 5.37962 | 48
1553270314 | 31 | 3.17294 | 15
3106540629 | 32 | 3.17294 | 15
6213081258 | 33 | 3.17294 | 15
12426162516 | 34 | 3.17294 | 15
24852325032 | 35 | 10.3433 | 8
24852325033 | 35 | 0.00271544 | 7
1553270315 | 31 | 4.14043 | 33
3106540630 | 32 | 4.14043 | 33
6213081260 | 33 | 4.14043 | 33
12426162521 | 34 | 4.14043 | 33
24852325042 | 35 | 4.14043 | 33
49704650084 | 36 | 4.14043 | 33
99409300168 | 37 | 0 | 9
99409300169 | 37 | 3.46137 | 24
198818600339 | 38 | 3.46137 | 24
397637200679 | 39 | 3.46137 | 24
795274401358 | 40 | 3.46137 | 24
1590548802716 | 41 | 3.46137 | 23
3181097605432 | 42 | 0.834772 | 8
3181097605433 | 42 | 3.20215 | 15
6362195210866 | 43 | 3.20215 | 15
12724390421732 | 44 | 6.95972 | 9
12724390421733 | 44 | 8.35182 | 6
1590548802717 | 41 | 4.63978e-310 | 1
24269849 | 25 | 3.19219 | 15
48539699 | 26 | 3.19219 | 15
97079399 | 27 | 3.19219 | 15
194158798 | 28 | 4.63978e-310 | 7
194158799 | 28 | 4.63978e-310 | 8
6067463 | 23 | 5.88404 | 92
12134927 | 24 | 5.88404 | 92
24269854 | 25 | 5.68365 | 77
48539708 | 26 | 5.68365 | 77
97079416 | 27 | 5.68365 | 77
194158832 | 28 | 8.47476 | 8
194158833 | 28 | 5.25599 | 69
388317666 | 29 | 4.63978e-310 | 8
388317667 | 29 | 5.25599 | 61
776635335 | 30 | 5.25599 | 61
1553270670 | 31 | 2.71148 | 22
3106541341 | 32 | 2.71148 | 22
6213082682 | 33 | 2.71148 | 22
12426165364 | 34 | 2.71148 | 22
24852330729 | 35 | 2.71148 | 22
49704661459 | 36 | 2.71148 | 22
99409322918 | 37 | 1.72618 | 11
198818645836 | 38 | 1.72618 | 11
397637291673 | 39 | 1.72618 | 11
795274583347 | 40 | 1.72618 | 11
1590549166695 | 41 | 1.72618 | 11
3181098333391 | 42 | 1.72618 | 11
6362196666782 | 43 | 1.72618 | 11
12724393333564 | 44 | 7.53971 | 6
12724393333565 | 44 | 2.72306 | 5
99409322919 | 37 | 2.32395 | 11
198818645838 | 38 | 4.63978e-310 | 1
198818645839 | 38 | 4.63978e-310 | 10
1553270671 | 31 | 4.76566 | 39
3106541343 | 32 | 4.76566 | 39
6213082687 | 33 | 4.76566 | 39
12426165375 | 34 | 4.76566 | 39
24852330750 | 35 | 3.92414 | 38
49704661501 | 36 | 3.92414 | 38
99409323002 | 37 | 3.92414 | 38
198818646004 | 38 | 3.92414 | 38
397637292009 | 39 | 3.92414 | 38
795274584018 | 40 | 0.42203 | 3
795274584019 | 40 | 3.52896 | 35
1590549168039 | 41 | 3.52896 | 35
3181098336079 | 42 | 3.52896 | 35
6362196672158 | 43 | 0 | 1
6362196672159 | 43 | 3.52896 | 34
12724393344318 | 44 | 3.52896 | 34
25448786688637 | 45 | 3.52896 | 34
50897573377274 | 46 | 3.52896 | 28
101795146754548 | 47 | 6.90513e-310 | 1
101795146754549 | 47 | 3.52896 | 27
203590293509098 | 48 | 3.52896 | 27
407180587018196 | 49 | 3.52896 | 27
814361174036393 | 50 | 3.52896 | 27
1628722348072786 | 51 | 3.52896 | 27
3257444696145572 | 52 | 3.52896 | 27
6514889392291144 | 53 | 2.54926 | 22
13029778784582288 | 54 | 2.54926 | 22
26059557569164576 | 55 | 2.54926 | 22
52119115138329152 | 56 | 2.54926 | 22
104238230276658305 | 57 | 2.54926 | 22
208476460553316610 | 58 | 2.54926 | 22
416952921106633221 | 59 | 2.54926 | 22
833905842213266443 | 60 | 2.54926 | 22
1667811684426532886 | 61 | 0.141294 | 5
1667811684426532887 | 61 | 1.73455 | 17
3335623368853065774 | 62 | 4.63978e-310 | 9
3335623368853065775 | 62 | 0 | 8
6514889392291145 | 53 | 4.63978e-310 | 5
50897573377275 | 46 | 4.63978e-310 | 6
24852330751 | 35 | 4.63978e-310 | 1
24269855 | 25 | 2.62979 | 15
48539710 | 26 | 4.63978e-310 | 9
48539711 | 26 | 4.63978e-310 | 6
189609 | 18 | 4.63978e-310 | 1
741 | 10 | 10.2184 | 91
1482 | 11 | 10.2184 | 91
2964 | 12 | 7.47192 | 79
5929 | 13 | 7.47192 | 79
11858 | 14 | 7.47192 | 79
23716 | 15 | 6.99939 | 30
47433 | 16 | 6.99939 | 30
94866 | 17 | 4.63978e-310 | 2
94867 | 17 | 5.56327 | 28
189734 | 18 | 5.56327 | 28
379469 | 19 | 5.56327 | 28
758938 | 20 | 44.8305 | 5
758939 | 20 | 4.38297 | 23
1517879 | 21 | 4.38297 | 23
3035759 | 22 | 4.38297 | 23
6071518 | 23 | 3.36183 | 22
12143036 | 24 | 3.36183 | 22
24286072 | 25 | 3.36183 | 22
48572144 | 26 | 1.8287 | 12
97144288 | 27 | 4.63978e-310 | 1
97144289 | 27 | 1.63529 | 11
194288578 | 28 | 1.63529 | 11
388577157 | 29 | 1.63529 | 11
777154315 | 30 | 1.63529 | 11
1554308630 | 31 | 4.79244e-322 | 5
1554308631 | 31 | 0 | 6
48572145 | 26 | 4.63978e-310 | 10
6071519 | 23 | 4.63978e-310 | 1
23717 | 15 | 7.17887 | 49
47435 | 16 | 7.17887 | 49
94871 | 17 | 7.17887 | 49
189743 | 18 | 7.17887 | 49
379487 | 19 | 7.17887 | 49
758975 | 20 | 7.17887 | 49
1517950 | 21 | 7.17887 | 49
3035900 | 22 | 6.07595 | 12
6071800 | 23 | 0.252425 | 4
6071801 | 23 | 0 | 8
3035901 | 22 | 7.10473 | 37
6071802 | 23 | 2.13754 | 5
6071803 | 23 | 6.28587 | 32
12143606 | 24 | 6.28587 | 32
24287213 | 25 | 6.28587 | 32
48574426 | 26 | 6.28587 | 32
97148853 | 27 | 6.28587 | 32
194297707 | 28 | 6.28587 | 32
388595414 | 29 | 1.2578 | 4
388595415 | 29 | 3.70998 | 28
777190830 | 30 | 3.70998 | 28
1554381661 | 31 | 3.70998 | 28
3108763323 | 32 | 3.70998 | 28
6217526647 | 33 | 3.70998 | 28
12435053294 | 34 | 3.70998 | 28
24870106589 | 35 | 3.70998 | 28
49740213179 | 36 | 3.70998 | 28
99480426359 | 37 | 3.70998 | 28
198960852718 | 38 | 3.06947 | 27
397921705437 | 39 | 3.06947 | 27
795843410874 | 40 | 3.06947 | 27
1591686821749 | 41 | 3.06947 | 27
3183373643498 | 42 | 3.06947 | 27
6366747286996 | 43 | 3.06947 | 27
12733494573992 | 44 | 1.64752 | 20
25466989147984 | 45 | 0.272815 | 3
25466989147985 | 45 | 1.64752 | 17
50933978295970 | 46 | 1.64752 | 17
101867956591940 | 47 | 1.45073 | 15
203735913183880 | 48 | 1.45073 | 15
407471826367761 | 49 | 1.45073 | 15
814943652735522 | 50 | 1.19765 | 13
1629887305471044 | 51 | 1.50173 | 8
1629887305471045 | 51 | 1.91026 | 5
814943652735523 | 50 | 1.94498 | 2
101867956591941 | 47 | 4.63978e-310 | 2
12733494573993 | 44 | 4.63978e-310 | 7
198960852719 | 38 | 4.63978e-310 | 1
2965 | 12 | 5.85006 | 12
5930 | 13 | 5.85006 | 11
11860 | 14 | 4.63978e-310 | 1
11861 | 14 | 4.63978e-310 | 10
5931 | 13 | 4.63978e-310 | 1
371 | 9 | 7.3275 | 18
742 | 10 | 7.3275 | 18
1484 | 11 | 6.03061 | 14
2969 | 12 | 6.03061 | 14
5938 | 13 | 6.03061 | 14
11876 | 14 | 6.03061 | 14
23753 | 15 | 6.03061 | 14
47507 | 16 | 6.03061 | 14
95014 | 17 | 6.03061 | 14
190028 | 18 | 6.03061 | 14
380056 | 19 | 4.63978e-310 | 4
380057 | 19 | 4.63978e-310 | 10
1485 | 11 | 4.63978e-310 | 4
93 | 7 | 13.7012 | 227
186 | 8 | 13.7012 | 227
373 | 9 | 13.7012 | 227
746 | 10 | 12.074 | 120
1493 | 11 | 12.074 | 120
2986 | 12 | 8.16287 | 74
5973 | 13 | 8.16287 | 74
11946 | 14 | 0 | 7
11947 | 14 | 7.6988 | 67
23894 | 15 | 7.42049 | 48
47788 | 16 | 7.42049 | 48
95577 | 17 | 7.42049 | 48
191154 | 18 | 1.37869 | 7
191155 | 18 | 7.42049 | 41
382311 | 19 | 7.42049 | 41
764622 | 20 | 4.79687 | 29
1529245 | 21 | 4.79687 | 29
3058491 | 22 | 4.79687 | 29
6116982 | 23 | 8.66079 | 9
6116983 | 23 | 2.56364 | 20
12233966 | 24 | 1.7513 | 11
24467932 | 25 | 1.7513 | 11
48935864 | 26 | 1.7513 | 11
97871729 | 27 | 1.7513 | 11
195743459 | 28 | 1.7513 | 11
391486918 | 29 | 1.7513 | 11
782973836 | 30 | 1.7513 | 11
1565947672 | 31 | 0.285996 | 5
1565947673 | 31 | 0.0458209 | 6
12233967 | 24 | 4.63978e-310 | 9
764623 | 20 | 2.83541 | 12
1529246 | 21 | 4.63978e-310 | 5
1529247 | 21 | 4.63978e-310 | 7
23895 | 15 | 5.21323 | 19
47790 | 16 | 5.21323 | 19
95580 | 17 | 5.21323 | 19
191160 | 18 | 5.21323 | 19
382321 | 19 | 5.21323 | 19
764642 | 20 | 4.60039 | 16
1529284 | 21 | 4.60039 | 16
3058569 | 22 | 4.60039 | 16
6117138 | 23 | 4.60039 | 16
12234277 | 24 | 4.60039 | 16
24468555 | 25 | 4.60039 | 16
48937110 | 26 | 4.49763 | 15
97874220 | 27 | 4.49763 | 15
195748440 | 28 | 1.63042e-322 | 10
195748441 | 28 | 16.9611 | 5
48937111 | 26 | 4.63978e-310 | 1
764643 | 20 | 4.63978e-310 | 3
2987 | 12 | 7.41931 | 46
5975 | 13 | 7.41931 | 46
11950 | 14 | 5.86637 | 22
23900 | 15 | 5.86637 | 22
47800 | 16 | 4.42866 | 17
95600 | 17 | 4.42866 | 17
191201 | 18 | 4.42866 | 17
382402 | 19 | 4.42866 | 17
764804 | 20 | 4.42866 | 17
1529608 | 21 | 4.42866 | 17
3059216 | 22 | 0.463101 | 5
3059217 | 22 | 4.20942 | 12
6118434 | 23 | 4.20942 | 12
12236868 | 24 | 4.20942 | 12
24473736 | 25 | 4.20942 | 11
48947473 | 26 | 4.20942 | 11
97894947 | 27 | 4.20942 | 11
195789895 | 28 | 4.20942 | 11
391579790 | 29 | 14.0198 | 6
391579791 | 29 | 7.95446e-322 | 5
24473737 | 25 | 4.63978e-310 | 1
47801 | 16 | 4.63978e-310 | 5
11951 | 14 | 4.31087 | 24
23902 | 15 | 4.31087 | 24
47804 | 16 | 4.31087 | 24
95609 | 17 | 4.31087 | 24
191218 | 18 | 4.63978e-310 | 9
191219 | 18 | 2.92782 | 15
382438 | 19 | 10.0835 | 1
382439 | 19 | 2.792 | 14
764878 | 20 | 2.792 | 14
1529757 | 21 | 2.792 | 14
3059514 | 22 | 2.07883 | 7
3059515 | 22 | 5.62414 | 7
747 | 10 | 9.90729 | 107
1494 | 11 | 9.90729 | 107
2988 | 12 | 9.90729 | 107
5976 | 13 | 9.90729 | 107
11952 | 14 | 8.04898 | 24
23904 | 15 | 4.97213 | 16
47809 | 16 | 4.97213 | 16
95618 | 17 | 1.96377 | 10
95619 | 17 | 9.50877 | 6
23905 | 15 | 9.23769 | 8
11953 | 14 | 8.73841 | 83
23907 | 15 | 8.73841 | 83
47814 | 16 | 8.73841 | 83
95629 | 17 | 8.73841 | 83
191258 | 18 | 8.73841 | 83
382517 | 19 | 8.73841 | 83
765034 | 20 | 8.73841 | 83
1530068 | 21 | 8.73841 | 83
3060136 | 22 | 8.73841 | 83
6120272 | 23 | 0.249534 | 9
6120273 | 23 | 8.73841 | 74
12240546 | 24 | 7.72712 | 67
24481092 | 25 | 6.77053 | 54
48962184 | 26 | 6.77053 | 54
97924368 | 27 | 5.99753 | 50
195848736 | 28 | 5.99753 | 50
391697473 | 29 | 5.99753 | 50
783394947 | 30 | 5.99753 | 50
1566789894 | 31 | 5.99753 | 50
3133579789 | 32 | 5.99753 | 50
6267159578 | 33 | 4.81792 | 34
12534319157 | 34 | 4.81792 | 34
25068638314 | 35 | 3.90215 | 30
50137276628 | 36 | 2.87876 | 19
100274553256 | 37 | 2.87876 | 19
200549106513 | 38 | 2.87876 | 19
401098213026 | 39 | 6.88145 | 4
401098213027 | 39 | 2.34236 | 15
802196426055 | 40 | 2.34236 | 15
1604392852110 | 41 | 2.34236 | 15
3208785704220 | 42 | 2.34236 | 15
6417571408440 | 43 | 2.34236 | 15
12835142816881 | 44 | 2.34236 | 15
25670285633763 | 45 | 2.34236 | 15
51340571267526 | 46 | 2.34236 | 15
102681142535053 | 47 | 2.34236 | 15
205362285070106 | 48 | 8.75584 | 1
205362285070107 | 48 | 2.18973 | 14
410724570140214 | 49 | 2.18973 | 14
821449140280428 | 50 | 0.865269 | 3
821449140280429 | 50 | 1.60948 | 11
1642898280560858 | 51 | 1.88594 | 2
1642898280560859 | 51 | 6.63218 | 9
50137276629 | 36 | 1.8942 | 11
100274553258 | 37 | 1.8942 | 11
200549106517 | 38 | 1.8942 | 11
401098213034 | 39 | 4.63978e-310 | 10
401098213035 | 39 | 4.63978e-310 | 1
25068638315 | 35 | 4.63978e-310 | 4
6267159579 | 33 | 2.59487 | 16
12534319159 | 34 | 2.59487 | 16
25068638318 | 35 | 1.88668 | 12
50137276636 | 36 | 4.63978e-310 | 10
50137276637 | 36 | 4.63978e-310 | 2
25068638319 | 35 | 4.63978e-310 | 4
97924369 | 27 | 4.63978e-310 | 4
24481093 | 25 | 2.79445 | 13
48962187 | 26 | 2.79445 | 13
97924374 | 27 | 2.79445 | 13
195848748 | 28 | 2.79445 | 13
391697497 | 29 | 2.79445 | 13
783394994 | 30 | 4.63978e-310 | 5
783394995 | 30 | 4.63978e-310 | 8
12240547 | 24 | 21.2014 | 7
