ID | Depth | diameter | Number of points
0 | 0 | 29.316 | 1600
0 | 1 | 28.9567 | 1364
0 | 2 | 28.9567 | 1362
0 | 3 | 18.0955 | 237
0 | 4 | 7.0492 | 19
0 | 5 | 4.63978e-310 | 10
1 | 5 | 4.63978e-310 | 9
1 | 4 | 15.3552 | 218
3 | 5 | 15.3552 | 218
6 | 6 | 15.3552 | 218
12 | 7 | 9.63066 | 68
24 | 8 | 9.63066 | 68
49 | 9 | 9.63066 | 68
99 | 10 | 9.63066 | 68
199 | 11 | 9.63066 | 68
399 | 12 | 9.63066 | 68
799 | 13 | 9.63066 | 68
1598 | 14 | 8.0207 | 45
3196 | 15 | 8.0207 | 45
6392 | 16 | 8.0207 | 45
12784 | 17 | 6.22374 | 34
25568 | 18 | 6.22374 | 34
51136 | 19 | 6.98714 | 1
51137 | 19 | 6.017 | 33
102274 | 20 | 6.017 | 33
204548 | 21 | 2.2609 | 11
409096 | 22 | 1.63042e-322 | 4
409097 | 22 | 1.63042e-322 | 7
204549 | 21 | 6.017 | 22
409098 | 22 | 1.58101e-322 | 6
409099 | 22 | 5.13773 | 16
818198 | 23 | 4.06115 | 11
1636396 | 24 | 4.06115 | 11
3272792 | 25 | 1.63042e-322 | 6
3272793 | 25 | 1.58101e-322 | 5
818199 | 23 | 1.63042e-322 | 5
12785 | 17 | 6.57746 | 11
25571 | 18 | 6.57746 | 11
51142 | 19 | 1.63042e-322 | 8
51143 | 19 | 1.58101e-322 | 3
1599 | 14 | 6.61488 | 23
3199 | 15 | 6.61488 | 23
6398 | 16 | 4.63978e-310 | 4
6399 | 16 | 5.99619 | 19
12799 | 17 | 5.99619 | 19
25598 | 18 | 5.99619 | 19
51196 | 19 | 2.27173 | 5
51197 | 19 | 2.57705 | 14
102394 | 20 | 1.58101e-322 | 6
102395 | 20 | 1.63042e-322 | 8
13 | 7 | 10.7306 | 150
26 | 8 | 6.83664 | 49
52 | 9 | 6.0375 | 39
105 | 10 | 6.0375 | 39
210 | 11 | 6.0375 | 39
420 | 12 | 4.35604 | 27
841 | 13 | 4.35604 | 27
1682 | 14 | 4.35604 | 27
3364 | 15 | 4.35604 | 27
6728 | 16 | 2.3576 | 14
13456 | 17 | 2.3576 | 14
26913 | 18 | 2.3576 | 14
53826 | 19 | 1.58101e-322 | 1
53827 | 19 | 2.3576 | 13
107654 | 20 | 2.3576 | 13
215309 | 21 | 2.3576 | 13
430619 | 22 | 2.3576 | 13
861238 | 23 | 2.3576 | 13
1722476 | 24 | 2.3576 | 13
3444952 | 25 | 2.3576 | 13
6889904 | 26 | 1.63042e-322 | 3
6889905 | 26 | 1.58101e-322 | 10
6729 | 16 | 3.14883 | 13
13458 | 17 | 1.63042e-322 | 3
13459 | 17 | 1.63042e-322 | 10
421 | 12 | 2.2798 | 12
842 | 13 | 1.58101e-322 | 1
843 | 13 | 1.72037 | 11
1687 | 14 | 1.72037 | 11
3375 | 15 | 1.72037 | 11
6750 | 16 | 1.63042e-322 | 8
6751 | 16 | 1.58101e-322 | 3
53 | 9 | 4.63978e-310 | 10
27 | 8 | 8.40649 | 101
54 | 9 | 8.40649 | 101
108 | 10 | 1.63042e-322 | 5
109 | 10 | 7.96398 | 96
218 | 11 | 7.96398 | 96
436 | 12 | 7.96398 | 96
873 | 13 | 7.96398 | 96
1747 | 14 | 7.96398 | 96
3494 | 15 | 1.63042e-322 | 3
3495 | 15 | 7.96398 | 93
6990 | 16 | 6.56498 | 51
13980 | 17 | 6.56498 | 51
27960 | 18 | 1.63042e-322 | 7
27961 | 18 | 6.39694 | 44
55923 | 19 | 6.39694 | 44
111846 | 20 | 1.63042e-322 | 9
111847 | 20 | 4.11109 | 35
223694 | 21 | 3.73271 | 26
447389 | 22 | 3.73271 | 26
894779 | 23 | 3.73271 | 26
1789559 | 24 | 3.73271 | 26
3579119 | 25 | 3.73271 | 26
7158238 | 26 | 2.5675 | 14
14316476 | 27 | 1.63042e-322 | 7
14316477 | 27 | 1.63042e-322 | 7
7158239 | 26 | 2.20929 | 12
14316478 | 27 | 2.20929 | 12
28632956 | 28 | 1.63042e-322 | 7
28632957 | 28 | 1.63042e-322 | 5
223695 | 21 | 1.63042e-322 | 9
6991 | 16 | 6.7521 | 42
13982 | 17 | 6.7521 | 42
27964 | 18 | 6.7521 | 42
55928 | 19 | 6.7521 | 30
111856 | 20 | 4.83974 | 25
223713 | 21 | 4.83974 | 25
447426 | 22 | 4.83974 | 25
894852 | 23 | 4.83974 | 25
1789705 | 24 | 4.83974 | 25
3579410 | 25 | 4.83974 | 25
7158820 | 26 | 3.58884 | 18
14317640 | 27 | 3.58884 | 18
28635281 | 28 | 3.58884 | 18
57270562 | 29 | 1.63042e-322 | 7
57270563 | 29 | 1.97388 | 11
114541126 | 30 | 1.97388 | 11
229082252 | 31 | 1.63042e-322 | 4
229082253 | 31 | 1.58101e-322 | 7
7158821 | 26 | 1.63042e-322 | 7
111857 | 20 | 1.58101e-322 | 5
55929 | 19 | 3.84248 | 12
111858 | 20 | 1.63042e-322 | 4
111859 | 20 | 1.58101e-322 | 8
1 | 3 | 28.9567 | 1125
2 | 4 | 17.1977 | 50
4 | 5 | 17.1977 | 50
9 | 6 | 17.1977 | 50
18 | 7 | 17.1977 | 50
37 | 8 | 17.1977 | 50
74 | 9 | 8.51884 | 16
148 | 10 | 1.63042e-322 | 1
149 | 10 | 6.84873 | 15
298 | 11 | 1.63042e-322 | 7
299 | 11 | 1.58101e-322 | 8
75 | 9 | 14.3018 | 34
150 | 10 | 13.4918 | 20
301 | 11 | 13.4918 | 20
602 | 12 | 1.58101e-322 | 9
603 | 12 | 12.2144 | 11
1207 | 13 | 12.2144 | 11
2414 | 14 | 12.2144 | 11
4829 | 15 | 12.2144 | 11
9658 | 16 | 80.3088 | 6
9659 | 16 | 8.86622 | 5
151 | 10 | 11.4757 | 14
302 | 11 | 11.4757 | 14
605 | 12 | 11.4757 | 14
1211 | 13 | 11.4757 | 14
2423 | 14 | 11.4757 | 14
4847 | 15 | 11.4757 | 14
9694 | 16 | 11.4757 | 14
19389 | 17 | 11.4757 | 14
38778 | 18 | 25.6863 | 4
38779 | 18 | 8.13326 | 10
3 | 4 | 27.6851 | 1075
6 | 5 | 27.6851 | 1075
12 | 6 | 27.6851 | 1075
24 | 7 | 22.6207 | 251
49 | 8 | 22.6207 | 251
99 | 9 | 22.6207 | 251
199 | 10 | 22.6207 | 251
398 | 11 | 21.8704 | 131
796 | 12 | 14.1034 | 60
1592 | 13 | 13.0596 | 42
3185 | 14 | 13.0596 | 42
6370 | 15 | 13.0596 | 42
12741 | 16 | 13.0596 | 42
25482 | 17 | 13.0596 | 41
50964 | 18 | 0 | 8
50965 | 18 | 4.72093 | 33
101930 | 19 | 4.04374 | 21
203860 | 20 | 4.04374 | 21
407720 | 21 | 3.77079 | 18
815440 | 22 | 3.77079 | 18
1630880 | 23 | 4.63978e-310 | 5
1630881 | 23 | 2.93565 | 13
3261762 | 24 | 2.72717 | 11
6523524 | 25 | 2.72717 | 11
13047048 | 26 | 2.72717 | 11
26094097 | 27 | 2.72717 | 11
52188195 | 28 | 2.72717 | 11
104376390 | 29 | 2.72717 | 11
208752781 | 30 | 2.72717 | 11
417505562 | 31 | 4.63978e-310 | 6
417505563 | 31 | 4.63978e-310 | 5
3261763 | 24 | 4.63978e-310 | 2
407721 | 21 | 4.63978e-310 | 3
101931 | 19 | 3.56023 | 12
203863 | 20 | 3.56023 | 12
407727 | 21 | 3.56023 | 12
815454 | 22 | 3.56023 | 12
1630908 | 23 | 4.63978e-310 | 8
1630909 | 23 | 4.63978e-310 | 4
25483 | 17 | 4.63978e-310 | 1
1593 | 13 | 12.0601 | 18
3187 | 14 | 12.0601 | 18
6374 | 15 | 12.0601 | 18
12748 | 16 | 12.0601 | 18
25497 | 17 | 12.0601 | 18
50994 | 18 | 12.0601 | 18
101989 | 19 | 12.0601 | 18
203978 | 20 | 12.0601 | 18
407956 | 21 | 0.0192648 | 1
407957 | 21 | 3.27805 | 17
815914 | 22 | 3.27805 | 17
1631829 | 23 | 3.27805 | 17
3263658 | 24 | 3.27805 | 17
6527316 | 25 | 3.27805 | 17
13054632 | 26 | 1.76917 | 13
26109264 | 27 | 1.76917 | 13
52218528 | 28 | 4.63978e-310 | 6
52218529 | 28 | 4.63978e-310 | 7
13054633 | 26 | 4.63978e-310 | 4
797 | 12 | 7.98863 | 71
1594 | 13 | 7.75742 | 61
3188 | 14 | 7.32376 | 36
6377 | 15 | 7.32376 | 36
12755 | 16 | 7.32376 | 36
25511 | 17 | 7.32376 | 36
51023 | 18 | 7.32376 | 36
102046 | 19 | 7.32376 | 36
204093 | 20 | 7.32376 | 36
408187 | 21 | 7.32376 | 36
816374 | 22 | 7.28175 | 32
1632748 | 23 | 0 | 2
1632749 | 23 | 7.09163 | 30
3265498 | 24 | 6.9485 | 28
6530996 | 25 | 6.9485 | 28
13061992 | 26 | 6.90513e-310 | 5
13061993 | 26 | 6.9485 | 23
26123986 | 27 | 2.32104 | 19
52247973 | 28 | 2.32104 | 19
104495946 | 29 | 4.63978e-310 | 8
104495947 | 29 | 2.32104 | 11
208991894 | 30 | 4.63978e-310 | 7
208991895 | 30 | 4.63978e-310 | 4
26123987 | 27 | 4.63978e-310 | 4
3265499 | 24 | 4.63978e-310 | 2
816375 | 22 | 4.63978e-310 | 4
3189 | 14 | 7.7038 | 25
6379 | 15 | 7.7038 | 25
12758 | 16 | 7.5235 | 24
25517 | 17 | 7.5235 | 24
51035 | 18 | 7.5235 | 24
102070 | 19 | 2.15964 | 2
102071 | 19 | 7.06997 | 22
204142 | 20 | 7.06997 | 22
408285 | 21 | 7.06997 | 22
816571 | 22 | 7.06997 | 22
1633142 | 23 | 6.74325 | 13
3266285 | 24 | 6.74325 | 13
6532571 | 25 | 6.74325 | 13
13065143 | 26 | 6.74325 | 13
26130286 | 27 | 2.45041 | 11
52260572 | 28 | 0.500981 | 8
52260573 | 28 | 1.90492 | 3
26130287 | 27 | 4.63978e-310 | 2
1633143 | 23 | 0.503894 | 9
12759 | 16 | 0 | 1
1595 | 13 | 4.63978e-310 | 10
399 | 11 | 21.4545 | 120
798 | 12 | 21.4545 | 120
1596 | 13 | 21.4545 | 120
3192 | 14 | 21.4545 | 120
6385 | 15 | 21.4545 | 120
12770 | 16 | 21.4545 | 120
25541 | 17 | 21.4545 | 120
51082 | 18 | 4.63978e-310 | 2
51083 | 18 | 13.2388 | 118
102166 | 19 | 9.90132 | 18
204333 | 20 | 9.90132 | 18
408666 | 21 | 3.50067 | 15
817333 | 22 | 3.50067 | 15
1634666 | 23 | 2.69452 | 13
3269333 | 24 | 2.69452 | 13
6538667 | 25 | 2.69452 | 13
13077334 | 26 | 2.69452 | 13
26154668 | 27 | 4.63978e-310 | 10
26154669 | 27 | 0.209214 | 3
1634667 | 23 | 0 | 2
408667 | 21 | 0.985232 | 3
102167 | 19 | 11.2116 | 100
204334 | 20 | 11.2116 | 100
408669 | 21 | 11.2116 | 100
817339 | 22 | 11.2116 | 100
1634679 | 23 | 11.2116 | 100
3269358 | 24 | 1.25409 | 4
3269359 | 24 | 10.4761 | 96
6538718 | 25 | 8.23482 | 28
13077436 | 26 | 8.23482 | 28
26154872 | 27 | 4.63978e-310 | 10
26154873 | 27 | 7.41969 | 18
52309746 | 28 | 7.41969 | 18
104619493 | 29 | 7.41969 | 18
209238986 | 30 | 3.12371 | 16
418477972 | 31 | 3.12371 | 16
836955944 | 32 | 2.3218 | 13
1673911889 | 33 | 2.3218 | 13
3347823778 | 34 | 0.375891 | 3
3347823779 | 34 | 4.63978e-310 | 10
836955945 | 32 | 4.63978e-310 | 3
209238987 | 30 | 4.63978e-310 | 2
6538719 | 25 | 8.67794 | 68
13077438 | 26 | 8.67794 | 68
26154877 | 27 | 8.67794 | 68
52309755 | 28 | 8.67794 | 68
104619510 | 29 | 8.67794 | 68
209239021 | 30 | 8.67794 | 68
418478042 | 31 | 7.66043 | 38
836956085 | 32 | 7.66043 | 38
1673912171 | 33 | 7.66043 | 38
3347824342 | 34 | 3.9269 | 26
6695648684 | 35 | 3.10923 | 24
13391297368 | 36 | 3.10923 | 24
26782594737 | 37 | 3.10923 | 24
53565189474 | 38 | 3.10923 | 24
107130378948 | 39 | 3.10923 | 24
214260757897 | 40 | 3.10923 | 24
428521515794 | 41 | 0.173911 | 4
428521515795 | 41 | 2.32523 | 20
857043031590 | 42 | 2.32523 | 20
1714086063181 | 43 | 2.32523 | 20
3428172126362 | 44 | 0.129547 | 5
3428172126363 | 44 | 1.64655 | 15
6856344252726 | 45 | 1.64655 | 15
13712688505452 | 46 | 0.69584 | 7
13712688505453 | 46 | 1.60018 | 8
6695648685 | 35 | 4.63978e-310 | 2
3347824343 | 34 | 7.2549 | 12
6695648686 | 35 | 7.2549 | 12
13391297372 | 36 | 4.63978e-310 | 10
13391297373 | 36 | 4.63978e-310 | 2
418478043 | 31 | 7.08344 | 30
836956086 | 32 | 7.08344 | 30
1673912172 | 33 | 3.35827 | 26
3347824344 | 34 | 3.35827 | 26
6695648688 | 35 | 1.71675 | 14
13391297377 | 36 | 1.71675 | 14
26782594754 | 37 | 3.93856 | 6
26782594755 | 37 | 0.677239 | 8
6695648689 | 35 | 1.58403 | 12
13391297378 | 36 | 1.58403 | 12
26782594756 | 37 | 1.58403 | 12
53565189513 | 38 | 1.58403 | 12
107130379026 | 39 | 1.58403 | 12
214260758052 | 40 | 1.58403 | 12
428521516104 | 41 | 1.58403 | 12
857043032208 | 42 | 1.58403 | 12
1714086064416 | 43 | 1.58101e-322 | 2
1714086064417 | 43 | 1.63042e-322 | 10
1673912173 | 33 | 4.63978e-310 | 4
25 | 7 | 25.0085 | 824
50 | 8 | 25.0085 | 824
101 | 9 | 25.0085 | 824
202 | 10 | 25.0085 | 824
404 | 11 | 24.6701 | 648
808 | 12 | 24.6701 | 648
1617 | 13 | 24.6701 | 648
3235 | 14 | 24.6701 | 648
6470 | 15 | 23.4897 | 638
12941 | 16 | 23.4897 | 638
25882 | 17 | 22.6753 | 284
51764 | 18 | 11.7841 | 71
103528 | 19 | 25.9791 | 3
103529 | 19 | 9.41085 | 68
207058 | 20 | 9.41085 | 68
414117 | 21 | 9.41085 | 68
828234 | 22 | 9.41085 | 58
1656468 | 23 | 9.41085 | 58
3312936 | 24 | 8.99822 | 49
6625872 | 25 | 8.43205 | 38
13251745 | 26 | 8.43205 | 38
26503490 | 27 | 8.24813 | 19
53006981 | 28 | 8.24813 | 19
106013962 | 29 | 8.24813 | 19
212027924 | 30 | 8.24813 | 19
424055848 | 31 | 8.24813 | 17
848111696 | 32 | 69.8992 | 1
848111697 | 32 | 8.24813 | 16
1696223395 | 33 | 8.24813 | 16
3392446790 | 34 | 3.56678 | 11
6784893580 | 35 | 1.69708 | 1
6784893581 | 35 | 2.39949 | 10
3392446791 | 34 | 4.63978e-310 | 5
424055849 | 31 | 4.63978e-310 | 2
26503491 | 27 | 4.3392 | 19
53006982 | 28 | 4.3392 | 19
106013964 | 29 | 4.63978e-310 | 2
106013965 | 29 | 3.69877 | 17
212027930 | 30 | 3.69877 | 17
424055860 | 31 | 3.69877 | 17
848111721 | 32 | 3.69877 | 17
1696223442 | 33 | 3.10295 | 13
3392446884 | 34 | 1.16649 | 6
3392446885 | 34 | 6.90513e-310 | 7
1696223443 | 33 | 4.63978e-310 | 4
6625873 | 25 | 3.39705 | 11
13251747 | 26 | 3.39705 | 11
26503494 | 27 | 3.39705 | 11
53006988 | 28 | 3.39705 | 11
106013976 | 29 | 3.39705 | 11
212027952 | 30 | 3.39705 | 11
424055905 | 31 | 3.39705 | 11
848111810 | 32 | 1.9257 | 1
848111811 | 32 | 0.973515 | 10
3312937 | 24 | 4.63978e-310 | 9
828235 | 22 | 4.63978e-310 | 10
51765 | 18 | 13.3706 | 213
103531 | 19 | 13.3706 | 213
207063 | 20 | 13.3706 | 213
414126 | 21 | 1.26975e-321 | 4
414127 | 21 | 12.9455 | 209
828254 | 22 | 12.9455 | 209
1656508 | 23 | 12.9455 | 209
3313017 | 24 | 12.9455 | 209
6626034 | 25 | 12.7879 | 178
13252068 | 26 | 12.7879 | 178
26504136 | 27 | 5.7422 | 81
53008272 | 28 | 5.7422 | 81
106016544 | 29 | 5.7422 | 75
212033088 | 30 | 2.57318 | 30
424066176 | 31 | 2.57318 | 30
848132352 | 32 | 2.57318 | 30
1696264704 | 33 | 1.79656 | 19
3392529409 | 34 | 1.79656 | 19
6785058818 | 35 | 0.979128 | 2
6785058819 | 35 | 1.35578 | 17
13570117638 | 36 | 0.148376 | 9
13570117639 | 36 | 0.456112 | 8
1696264705 | 33 | 1.82743 | 11
3392529410 | 34 | 1.82743 | 11
6785058820 | 35 | 1.82743 | 11
13570117640 | 36 | 0.99848 | 5
13570117641 | 36 | 0.0190796 | 6
212033089 | 30 | 4.06544 | 45
424066178 | 31 | 4.06544 | 45
848132356 | 32 | 3.6193 | 34
1696264712 | 33 | 3.6193 | 34
3392529424 | 34 | 3.6193 | 34
6785058848 | 35 | 4.3904 | 1
6785058849 | 35 | 2.71567 | 33
13570117698 | 36 | 2.71567 | 33
27140235396 | 37 | 2.46276 | 31
54280470793 | 38 | 2.46276 | 31
108560941586 | 39 | 2.46276 | 31
217121883172 | 40 | 2.46276 | 31
434243766344 | 41 | 4.67203 | 4
434243766345 | 41 | 2.46276 | 27
868487532691 | 42 | 2.46276 | 27
1736975065383 | 43 | 2.46276 | 27
3473950130767 | 44 | 2.46276 | 27
6947900261534 | 45 | 2.46276 | 27
13895800523069 | 46 | 2.46276 | 27
27791601046138 | 47 | 2.46276 | 27
55583202092276 | 48 | 2.46276 | 27
111166404184552 | 49 | 1.65193 | 18
222332808369104 | 50 | 1.65193 | 18
444665616738208 | 51 | 0.366773 | 2
444665616738209 | 51 | 1.35857 | 16
889331233476419 | 52 | 1.35857 | 16
1778662466952838 | 53 | 1.17779 | 13
3557324933905676 | 54 | 1.93128 | 2
3557324933905677 | 54 | 1.17779 | 11
7114649867811354 | 55 | 13.605 | 7
7114649867811355 | 55 | 97.9943 | 4
1778662466952839 | 53 | 1.83289 | 3
111166404184553 | 49 | 4.63978e-310 | 9
27140235397 | 37 | 4.63978e-310 | 2
848132357 | 32 | 2.43993 | 11
1696264715 | 33 | 2.43993 | 11
3392529430 | 34 | 4.63978e-310 | 9
3392529431 | 34 | 4.63978e-310 | 2
106016545 | 29 | 4.63978e-310 | 6
26504137 | 27 | 9.43106 | 97
53008275 | 28 | 9.43106 | 97
106016550 | 29 | 9.43106 | 97
212033100 | 30 | 4.6125 | 61
424066200 | 31 | 2.73228 | 32
848132400 | 32 | 2.73228 | 30
1696264801 | 33 | 2.73228 | 30
3392529602 | 34 | 2.27173 | 13
6785059204 | 35 | 1.90258 | 11
13570118409 | 36 | 1.90258 | 11
27140236819 | 37 | 1.90258 | 11
54280473638 | 38 | 3.44121 | 4
54280473639 | 38 | 2.49448 | 7
6785059205 | 35 | 4.63978e-310 | 2
3392529603 | 34 | 2.10269 | 17
6785059206 | 35 | 4.63978e-310 | 7
6785059207 | 35 | 0 | 10
848132401 | 32 | 4.63978e-310 | 2
424066201 | 31 | 3.01731 | 29
848132403 | 32 | 3.01731 | 29
1696264807 | 33 | 3.01731 | 29
3392529614 | 34 | 3.01731 | 29
6785059229 | 35 | 3.01731 | 29
13570118459 | 36 | 3.01731 | 29
27140236918 | 37 | 3.01731 | 29
54280473836 | 38 | 3.01731 | 29
108560947673 | 39 | 3.01731 | 29
217121895346 | 40 | 3.01731 | 29
434243790692 | 41 | 2.52718 | 17
868487581384 | 42 | 2.52718 | 17
1736975162768 | 43 | 2.52718 | 15
3473950325536 | 44 | 2.52718 | 15
6947900651072 | 45 | 2.52718 | 15
13895801302144 | 46 | 46.9337 | 1
13895801302145 | 46 | 2.52718 | 14
27791602604290 | 47 | 0.507617 | 1
27791602604291 | 47 | 2.52718 | 13
55583205208582 | 48 | 5.17223 | 1
55583205208583 | 48 | 1.98537 | 12
111166410417166 | 49 | 2.42092e-322 | 4
111166410417167 | 49 | 1.77383 | 8
1736975162769 | 43 | 4.63978e-310 | 2
434243790693 | 41 | 1.94756 | 12
868487581386 | 42 | 1.94756 | 12
1736975162772 | 43 | 4.63978e-310 | 6
1736975162773 | 43 | 4.63978e-310 | 6
212033101 | 30 | 7.87369 | 36
424066203 | 31 | 7.87369 | 36
848132406 | 32 | 4.63978e-310 | 1
848132407 | 32 | 7.87369 | 35
1696264815 | 33 | 7.87369 | 35
3392529630 | 34 | 7.87369 | 35
6785059261 | 35 | 7.87369 | 35
13570118522 | 36 | 8.04472 | 10
13570118523 | 36 | 6.27552 | 25
27140237046 | 37 | 26.4877 | 7
27140237047 | 37 | 4.21462 | 18
54280474094 | 38 | 4.21462 | 18
108560948188 | 39 | 3.24651 | 15
217121896376 | 40 | 3.24651 | 15
434243792753 | 41 | 3.24651 | 15
868487585506 | 42 | 0.00114238 | 8
868487585507 | 42 | 0.816537 | 7
108560948189 | 39 | 4.63978e-310 | 3
6626035 | 25 | 5.27238 | 31
13252070 | 26 | 5.27238 | 31
26504140 | 27 | 5.27238 | 31
53008280 | 28 | 3.69657 | 20
106016561 | 29 | 3.69657 | 20
212033122 | 30 | 3.69657 | 20
424066244 | 31 | 4.63978e-310 | 7
424066245 | 31 | 3.69657 | 13
848132490 | 32 | 32.5959 | 2
848132491 | 32 | 2.21498 | 11
1696264982 | 33 | 1.00631 | 10
1696264983 | 33 | 4.48761 | 1
53008281 | 28 | 1.65033 | 11
106016562 | 29 | 1.65033 | 11
212033125 | 30 | 1.65033 | 11
424066251 | 31 | 1.65033 | 11
848132502 | 32 | 1.65033 | 11
1696265005 | 33 | 1.65033 | 11
3392530010 | 34 | 0 | 8
3392530011 | 34 | 1.1038 | 3
25883 | 17 | 22.6216 | 354
51766 | 18 | 22.6216 | 354
103532 | 19 | 19.0552 | 178
207064 | 20 | 19.0552 | 178
414128 | 21 | 19.0552 | 178
828256 | 22 | 19.0552 | 178
1656512 | 23 | 19.0552 | 178
3313025 | 24 | 19.0552 | 178
6626051 | 25 | 19.0552 | 178
13252102 | 26 | 19.0552 | 178
26504204 | 27 | 12.4495 | 76
53008408 | 28 | 8.37023 | 6
53008409 | 28 | 11.3909 | 70
106016819 | 29 | 11.3909 | 70
212033638 | 30 | 4.83261 | 13
424067277 | 31 | 4.83261 | 13
848134554 | 32 | 6.90513e-310 | 10
848134555 | 32 | 6.90513e-310 | 3
212033639 | 30 | 5.45575 | 57
424067279 | 31 | 5.45575 | 57
848134558 | 32 | 5.07214 | 44
1696269116 | 33 | 5.07214 | 44
3392538233 | 34 | 5.07214 | 44
6785076467 | 35 | 5.07214 | 44
13570152934 | 36 | 5.07214 | 44
27140305868 | 37 | 5.07214 | 44
54280611736 | 38 | 3.92927 | 21
108561223472 | 39 | 3.92927 | 21
217122446944 | 40 | 2.58653 | 16
434244893888 | 41 | 0.0895019 | 3
434244893889 | 41 | 2.45274 | 13
868489787779 | 42 | 2.45274 | 13
1736979575558 | 43 | 2.45274 | 13
3473959151117 | 44 | 2.45274 | 13
6947918302235 | 45 | 2.45274 | 13
13895836604470 | 46 | 10.6011 | 1
13895836604471 | 46 | 2.21793 | 12
27791673208943 | 47 | 2.21793 | 12
55583346417886 | 48 | 2.21793 | 12
111166692835773 | 49 | 2.21793 | 12
222333385671546 | 50 | 2.21793 | 12
444666771343092 | 51 | 2.21793 | 12
889333542686185 | 52 | 2.21793 | 12
1778667085372370 | 53 | 2.21793 | 12
3557334170744740 | 54 | 2.21793 | 12
7114668341489480 | 55 | 2.21793 | 12
14229336682978960 | 56 | 5.37009 | 6
14229336682978961 | 56 | 0.679365 | 6
217122446945 | 40 | 4.63978e-310 | 5
54280611737 | 38 | 3.02067 | 23
108561223475 | 39 | 3.02067 | 23
217122446951 | 40 | 3.02067 | 23
434244893902 | 41 | 3.02067 | 23
868489787805 | 42 | 3.02067 | 23
1736979575610 | 43 | 3.02067 | 23
3473959151221 | 44 | 3.02067 | 23
6947918302442 | 45 | 3.02067 | 23
13895836604884 | 46 | 1.34329 | 14
27791673209768 | 47 | 4.63978e-310 | 2
27791673209769 | 47 | 1.14711 | 12
55583346419538 | 48 | 1.14711 | 12
111166692839076 | 49 | 4.63978e-310 | 1
111166692839077 | 49 | 1.14711 | 11
222333385678155 | 50 | 1.14711 | 11
444666771356310 | 51 | 6.019 | 3
444666771356311 | 51 | 4.63978e-310 | 8
13895836604885 | 46 | 4.63978e-310 | 9
848134559 | 32 | 3.28371 | 13
1696269118 | 33 | 4.63978e-310 | 1
1696269119 | 33 | 2.51527 | 12
3392538238 | 34 | 2.51527 | 12
6785076476 | 35 | 2.51527 | 12
13570152952 | 36 | 4.63978e-310 | 4
13570152953 | 36 | 4.63978e-310 | 8
26504205 | 27 | 8.71683 | 102
53008410 | 28 | 7.76054 | 75
106016820 | 29 | 7.76054 | 75
212033640 | 30 | 5.27546 | 73
424067280 | 31 | 5.27546 | 73
848134561 | 32 | 5.27546 | 73
1696269122 | 33 | 6.90513e-310 | 7
1696269123 | 33 | 4.94053 | 66
3392538247 | 34 | 4.94053 | 66
6785076494 | 35 | 4.94053 | 66
13570152989 | 36 | 4.94053 | 66
27140305978 | 37 | 6.90513e-310 | 3
27140305979 | 37 | 4.86729 | 63
54280611958 | 38 | 4.86729 | 63
108561223916 | 39 | 4.86729 | 63
217122447833 | 40 | 4.86729 | 63
434244895666 | 41 | 3.06104 | 22
868489791333 | 42 | 3.06104 | 22
1736979582666 | 43 | 0.161704 | 6
1736979582667 | 43 | 2.32627 | 16
3473959165335 | 44 | 2.32627 | 16
6947918330671 | 45 | 2.32627 | 16
13895836661342 | 46 | 0.436279 | 7
13895836661343 | 46 | 0.364959 | 9
434244895667 | 41 | 2.85588 | 41
868489791335 | 42 | 2.85588 | 41
1736979582671 | 43 | 2.85588 | 41
3473959165342 | 44 | 2.85588 | 41
6947918330685 | 45 | 2.85588 | 41
13895836661371 | 46 | 2.85588 | 41
27791673322743 | 47 | 2.85588 | 41
55583346645486 | 48 | 5.36562 | 10
55583346645487 | 48 | 2.24522 | 31
111166693290974 | 49 | 4.63978e-310 | 6
111166693290975 | 49 | 1.91324 | 25
222333386581950 | 50 | 1.31663 | 11
444666773163901 | 51 | 1.31663 | 11
889333546327803 | 52 | 1.31663 | 11
1778667092655606 | 53 | 1.31663 | 11
3557334185311212 | 54 | 1.31663 | 11
7114668370622425 | 55 | 1.31663 | 11
14229336741244850 | 56 | 1.31663 | 11
28458673482489700 | 57 | 1.31663 | 11
56917346964979401 | 58 | 1.31663 | 11
113834693929958803 | 59 | 1.31663 | 11
227669387859917606 | 60 | 1.31663 | 11
455338775719835212 | 61 | 1.31663 | 11
910677551439670425 | 62 | 1.31663 | 11
1821355102879340851 | 63 | 1.31663 | 11
3642710205758681702 | 64 | 1.31663 | 11
7285420411517363405 | 65 | 1.31663 | 11
-3875903250674824805 | 66 | 1.31663 | 11
-7751806501349649610 | 67 | 4.63978e-310 | 5
-7751806501349649609 | 67 | 9.54262 | 6
222333386581951 | 50 | 1.47903 | 14
444666773163903 | 51 | 1.47903 | 14
889333546327806 | 52 | 1.47903 | 13
1778667092655612 | 53 | 4.63978e-310 | 4
1778667092655613 | 53 | 4.63978e-310 | 9
889333546327807 | 52 | 4.63978e-310 | 1
212033641 | 30 | 4.63978e-310 | 2
53008411 | 28 | 7.97812 | 27
106016822 | 29 | 7.97812 | 27
212033645 | 30 | 7.97812 | 27
424067290 | 31 | 7.97812 | 19
848134580 | 32 | 7.97812 | 19
1696269161 | 33 | 7.97812 | 19
3392538322 | 34 | 7.97812 | 19
6785076644 | 35 | 7.97812 | 19
13570153289 | 36 | 7.97812 | 19
27140306579 | 37 | 7.97812 | 19
54280613159 | 38 | 7.97812 | 19
108561226318 | 39 | 4.58123 | 14
217122452636 | 40 | 4.63978e-310 | 3
217122452637 | 40 | 4.58123 | 11
434244905274 | 41 | 4.63978e-310 | 4
434244905275 | 41 | 4.63978e-310 | 7
108561226319 | 39 | 4.63978e-310 | 5
424067291 | 31 | 4.63978e-310 | 8
103533 | 19 | 20.3073 | 176
207066 | 20 | 20.3073 | 176
414133 | 21 | 20.3073 | 176
828267 | 22 | 20.3073 | 176
1656535 | 23 | 20.3073 | 176
3313070 | 24 | 20.3073 | 176
6626140 | 25 | 14.59 | 80
13252281 | 26 | 14.59 | 80
26504562 | 27 | 6.20289 | 62
53009124 | 28 | 151.895 | 8
53009125 | 28 | 5.37294 | 54
106018250 | 29 | 5.37294 | 54
212036500 | 30 | 5.3725 | 47
424073001 | 31 | 5.3725 | 47
848146002 | 32 | 5.3725 | 47
1696292005 | 33 | 5.3725 | 47
3392584010 | 34 | 5.3725 | 47
6785168020 | 35 | 3.34336 | 15
13570336040 | 36 | 3.34336 | 15
27140672081 | 37 | 3.34336 | 15
54281344162 | 38 | 3.34336 | 15
108562688324 | 39 | 3.34336 | 15
217125376648 | 40 | 3.34336 | 15
434250753296 | 41 | 3.34336 | 15
868501506592 | 42 | 3.34336 | 15
1737003013184 | 43 | 12.7545 | 3
1737003013185 | 43 | 2.62444 | 12
3474006026370 | 44 | 2.62444 | 12
6948012052740 | 45 | 15.9706 | 1
6948012052741 | 45 | 2.17899 | 11
13896024105482 | 46 | 2.17899 | 11
27792048210964 | 47 | 2.17899 | 11
55584096421928 | 48 | 2.17899 | 11
111168192843857 | 49 | 2.17899 | 11
222336385687715 | 50 | 2.17899 | 11
444672771375430 | 51 | 0.344355 | 8
444672771375431 | 51 | 7.09079 | 3
6785168021 | 35 | 3.66414 | 32
13570336042 | 36 | 4.63978e-310 | 9
13570336043 | 36 | 2.8907 | 23
27140672086 | 37 | 2.8907 | 23
54281344172 | 38 | 2.8907 | 23
108562688345 | 39 | 2.8907 | 23
217125376691 | 40 | 2.8907 | 23
434250753382 | 41 | 4.63978e-310 | 1
434250753383 | 41 | 2.65439 | 22
868501506766 | 42 | 2.65439 | 22
1737003013532 | 43 | 2.65439 | 22
3474006027064 | 44 | 2.65439 | 22
6948012054128 | 45 | 8.15017 | 4
6948012054129 | 45 | 1.96605 | 18
13896024108259 | 46 | 1.96605 | 18
27792048216518 | 47 | 1.96605 | 18
55584096433036 | 48 | 4.00193e-322 | 6
55584096433037 | 48 | 1.91788 | 12
111168192866074 | 49 | 1.91788 | 12
222336385732149 | 50 | 1.91788 | 12
444672771464299 | 51 | 1.91788 | 12
889345542928598 | 52 | 1.91788 | 12
1778691085857197 | 53 | 1.91788 | 12
3557382171714395 | 54 | 1.91788 | 12
7114764343428790 | 55 | 1.91788 | 12
14229528686857580 | 56 | 1.91788 | 12
28459057373715161 | 57 | 1.91788 | 12
56918114747430323 | 58 | 1.91788 | 12
113836229494860646 | 59 | 13.8908 | 7
113836229494860647 | 59 | 15.1297 | 5
212036501 | 30 | 4.63978e-310 | 7
26504563 | 27 | 9.62054 | 18
53009127 | 28 | 9.62054 | 18
106018254 | 29 | 9.62054 | 18
212036509 | 30 | 9.62054 | 18
424073019 | 31 | 9.62054 | 18
848146039 | 32 | 9.62054 | 18
1696292078 | 33 | 4.27579 | 12
3392584156 | 34 | 4.27579 | 12
6785168312 | 35 | 4.63978e-310 | 6
6785168313 | 35 | 4.63978e-310 | 6
1696292079 | 33 | 4.63978e-310 | 6
6626141 | 25 | 19.6335 | 96
13252282 | 26 | 19.0271 | 36
26504564 | 27 | 19.0271 | 36
53009128 | 28 | 19.0271 | 36
106018256 | 29 | 19.0271 | 36
212036513 | 30 | 19.0271 | 36
424073026 | 31 | 0 | 4
424073027 | 31 | 17.3858 | 32
848146055 | 32 | 17.3858 | 32
1696292110 | 33 | 17.3858 | 32
3392584220 | 34 | 17.3858 | 32
6785168441 | 35 | 17.3858 | 32
13570336882 | 36 | 17.3858 | 32
27140673765 | 37 | 17.3858 | 32
54281347531 | 38 | 17.3858 | 32
108562695062 | 39 | 17.3858 | 32
217125390125 | 40 | 17.3858 | 32
434250780251 | 41 | 17.3858 | 32
868501560502 | 42 | 17.3858 | 32
1737003121004 | 43 | 17.3858 | 32
3474006242008 | 44 | 17.3858 | 32
6948012484016 | 45 | 16.6189 | 30
13896024968032 | 46 | 16.6189 | 30
27792049936064 | 47 | 16.6189 | 30
55584099872129 | 48 | 16.6189 | 30
111168199744259 | 49 | 16.6189 | 30
222336399488518 | 50 | 16.6189 | 30
444672798977036 | 51 | 3.41607 | 16
889345597954072 | 52 | 181.434 | 4
889345597954073 | 52 | 2.77421 | 12
1778691195908146 | 53 | 2.77421 | 12
3557382391816292 | 54 | 4.61287 | 5
3557382391816293 | 54 | 0.719331 | 7
444672798977037 | 51 | 4.44832 | 14
889345597954075 | 52 | 4.44832 | 14
1778691195908151 | 53 | 4.44832 | 14
3557382391816302 | 54 | 4.44832 | 14
7114764783632605 | 55 | 4.44832 | 14
14229529567265210 | 56 | 4.44832 | 14
28459059134530420 | 57 | 3.67691 | 11
56918118269060841 | 58 | 3.67691 | 11
113836236538121682 | 59 | 1.58101e-322 | 1
113836236538121683 | 59 | 72.1476 | 10
28459059134530421 | 57 | 4.63978e-310 | 3
6948012484017 | 45 | 4.63978e-310 | 2
13252283 | 26 | 19.2149 | 60
26504566 | 27 | 19.2149 | 60
53009133 | 28 | 19.2149 | 60
106018267 | 29 | 19.2149 | 60
212036534 | 30 | 3.25025 | 23
424073068 | 31 | 3.25025 | 23
848146136 | 32 | 295.797 | 4
848146137 | 32 | 3.12223 | 19
1696292274 | 33 | 8.67837 | 2
1696292275 | 33 | 2.75549 | 17
3392584550 | 34 | 2.31596 | 16
6785169100 | 35 | 2.31596 | 16
13570338200 | 36 | 2.01813 | 6
13570338201 | 36 | 0 | 10
3392584551 | 34 | 4.63978e-310 | 1
212036535 | 30 | 17.0839 | 37
424073071 | 31 | 17.0839 | 37
848146143 | 32 | 17.0839 | 37
1696292286 | 33 | 4.79244e-322 | 4
1696292287 | 33 | 7.48101 | 33
3392584574 | 34 | 7.48101 | 33
6785169149 | 35 | 7.48101 | 33
13570338299 | 36 | 7.48101 | 33
27140676599 | 37 | 7.48101 | 33
54281353199 | 38 | 7.48101 | 33
108562706398 | 39 | 7.48101 | 33
217125412796 | 40 | 7.48101 | 33
434250825592 | 41 | 7.48101 | 33
868501651184 | 42 | 4.65502 | 23
1737003302369 | 43 | 4.65502 | 23
3474006604738 | 44 | 4.65502 | 23
6948013209476 | 45 | 4.65502 | 23
13896026418953 | 46 | 4.65502 | 23
27792052837907 | 47 | 4.65502 | 23
55584105675814 | 48 | 4.65502 | 23
111168211351628 | 49 | 3.0909 | 16
222336422703256 | 50 | 3.64324 | 1
222336422703257 | 50 | 3.0909 | 15
444672845406515 | 51 | 3.0909 | 15
889345690813030 | 52 | 10.2998 | 4
889345690813031 | 52 | 2.17242 | 11
1778691381626062 | 53 | 5.58294e-322 | 4
1778691381626063 | 53 | 2.11305 | 7
111168211351629 | 49 | 4.63978e-310 | 7
868501651185 | 42 | 4.63978e-310 | 10
6471 | 15 | 4.63978e-310 | 10
405 | 11 | 23.6049 | 176
810 | 12 | 10.1643 | 38
1620 | 13 | 7.7649 | 20
3241 | 14 | 7.7649 | 20
6482 | 15 | 7.7649 | 20
12964 | 16 | 7.7649 | 20
25928 | 17 | 7.7649 | 20
51856 | 18 | 7.7649 | 20
103712 | 19 | 6.90513e-310 | 1
103713 | 19 | 6.29876 | 19
207427 | 20 | 6.29876 | 19
414855 | 21 | 6.29876 | 19
829710 | 22 | 0.798587 | 4
829711 | 22 | 3.63893 | 15
1659423 | 23 | 3.63893 | 15
3318846 | 24 | 4.63978e-310 | 1
3318847 | 24 | 3.40317 | 14
6637694 | 25 | 9.01795 | 1
6637695 | 25 | 3.08693 | 13
13275391 | 26 | 3.08693 | 13
26550782 | 27 | 4.63978e-310 | 4
26550783 | 27 | 6.90513e-310 | 9
1621 | 13 | 2.97739 | 18
3243 | 14 | 2.97739 | 18
6487 | 15 | 2.97739 | 18
12974 | 16 | 2.97739 | 18
25948 | 17 | 2.97739 | 18
51897 | 18 | 2.97739 | 18
103794 | 19 | 2.97739 | 18
207588 | 20 | 2.97739 | 17
415177 | 21 | 2.97739 | 17
830354 | 22 | 2.97739 | 17
1660708 | 23 | 4.63978e-310 | 8
1660709 | 23 | 11.9926 | 9
207589 | 20 | 4.63978e-310 | 1
811 | 12 | 14.5848 | 138
1622 | 13 | 14.5848 | 138
3245 | 14 | 14.5848 | 138
6490 | 15 | 12.5095 | 116
12980 | 16 | 4.63978e-310 | 1
12981 | 16 | 12.202 | 115
25962 | 17 | 12.202 | 115
51925 | 18 | 12.202 | 115
103850 | 19 | 11.8087 | 109
207701 | 20 | 11.8087 | 109
415402 | 21 | 11.8087 | 109
830804 | 22 | 9.47427 | 91
1661608 | 23 | 9.47427 | 91
3323216 | 24 | 4.16659 | 36
6646432 | 25 | 4.16659 | 36
13292865 | 26 | 4.16659 | 36
26585730 | 27 | 2.06678 | 19
53171461 | 28 | 2.06678 | 19
106342922 | 29 | 1.63042e-322 | 1
106342923 | 29 | 2.06678 | 18
212685846 | 30 | 1.8588 | 12
425371692 | 31 | 1.8588 | 12
850743384 | 32 | 1.63042e-322 | 10
850743385 | 32 | 1.63042e-322 | 2
212685847 | 30 | 1.63042e-322 | 6
26585731 | 27 | 2.46133 | 17
53171463 | 28 | 2.46133 | 17
106342926 | 29 | 2.1593 | 16
212685852 | 30 | 2.1593 | 16
425371705 | 31 | 2.1593 | 16
850743410 | 32 | 2.1593 | 15
1701486821 | 33 | 2.1593 | 15
3402973642 | 34 | 2.1593 | 15
6805947285 | 35 | 2.1593 | 15
13611894570 | 36 | 1.63042e-322 | 5
13611894571 | 36 | 1.63042e-322 | 10
850743411 | 32 | 1.63042e-322 | 1
106342927 | 29 | 1.63042e-322 | 1
3323217 | 24 | 8.95247 | 55
6646434 | 25 | 8.95247 | 55
13292868 | 26 | 8.95247 | 55
26585737 | 27 | 8.95247 | 55
53171475 | 28 | 8.95247 | 55
106342951 | 29 | 8.95247 | 55
212685902 | 30 | 2.47975 | 13
425371804 | 31 | 2.47975 | 13
850743608 | 32 | 1.63042e-322 | 4
850743609 | 32 | 1.63042e-322 | 9
212685903 | 30 | 8.95247 | 42
425371807 | 31 | 8.95247 | 42
850743614 | 32 | 8.95247 | 42
1701487229 | 33 | 8.95247 | 42
3402974458 | 34 | 8.95247 | 42
6805948916 | 35 | 8.95247 | 42
13611897832 | 36 | 4.59434 | 39
27223795664 | 37 | 4.59434 | 39
54447591329 | 38 | 4.59434 | 39
108895182659 | 39 | 4.59434 | 39
217790365319 | 40 | 4.59434 | 39
435580730638 | 41 | 4.21547 | 25
871161461276 | 42 | 4.21547 | 25
1742322922552 | 43 | 4.21547 | 25
3484645845105 | 44 | 4.21547 | 25
6969291690211 | 45 | 4.21547 | 25
13938583380422 | 46 | 3.66334 | 21
27877166760845 | 47 | 3.66334 | 21
55754333521691 | 48 | 3.66334 | 21
111508667043382 | 49 | 3.21143e-322 | 2
111508667043383 | 49 | 2.86341 | 19
223017334086767 | 50 | 2.86341 | 19
446034668173535 | 51 | 2.86341 | 19
892069336347070 | 52 | 3.21143e-322 | 10
892069336347071 | 52 | 3.21143e-322 | 9
13938583380423 | 46 | 4.63978e-310 | 4
435580730639 | 41 | 4.04102 | 14
871161461278 | 42 | 2.64188 | 11
1742322922556 | 43 | 2.64188 | 11
3484645845113 | 44 | 2.64188 | 11
6969291690226 | 45 | 2.64188 | 11
13938583380453 | 46 | 2.64188 | 11
27877166760906 | 47 | 1.58101e-322 | 10
27877166760907 | 47 | 1.58101e-322 | 1
871161461279 | 42 | 4.63978e-310 | 3
13611897833 | 36 | 4.63978e-310 | 3
830805 | 22 | 5.08298 | 18
1661611 | 23 | 5.08298 | 18
3323223 | 24 | 5.08298 | 18
6646447 | 25 | 5.08298 | 18
13292894 | 26 | 1.58101e-322 | 2
13292895 | 26 | 5.08298 | 16
26585791 | 27 | 5.08298 | 16
53171582 | 28 | 1.58101e-322 | 7
53171583 | 28 | 1.58101e-322 | 9
103851 | 19 | 4.63978e-310 | 6
6491 | 15 | 8.44696 | 22
12982 | 16 | 4.63978e-310 | 7
12983 | 16 | 3.94387 | 15
25966 | 17 | 3.94387 | 15
51933 | 18 | 3.94387 | 15
103867 | 19 | 3.94387 | 15
207735 | 20 | 3.94387 | 15
415470 | 21 | 1.58101e-322 | 1
415471 | 21 | 3.29248 | 14
830942 | 22 | 1.58101e-322 | 2
830943 | 22 | 2.48709 | 12
1661886 | 23 | 5.11341 | 9
1661887 | 23 | 0.972198 | 3
1 | 2 | 4.63978e-310 | 2
1 | 1 | 12.7316 | 236
2 | 2 | 9.93414 | 26
5 | 3 | 9.93414 | 26
10 | 4 | 9.93414 | 26
21 | 5 | 9.93414 | 26
42 | 6 | 9.93414 | 26
85 | 7 | 9.93414 | 26
171 | 8 | 9.93414 | 26
343 | 9 | 9.93414 | 26
687 | 10 | 9.93414 | 26
1374 | 11 | 1.58101e-322 | 4
1375 | 11 | 9.93414 | 22
2750 | 12 | 6.26138 | 13
5500 | 13 | 6.26138 | 13
11001 | 14 | 6.26138 | 13
22002 | 15 | 6.26138 | 13
44004 | 16 | 1.58101e-322 | 5
44005 | 16 | 1.63042e-322 | 8
2751 | 12 | 1.63042e-322 | 9
3 | 2 | 12.0423 | 210
6 | 3 | 10.3069 | 173
12 | 4 | 10.3069 | 173
24 | 5 | 10.3069 | 172
48 | 6 | 10.3069 | 172
96 | 7 | 10.3069 | 172
193 | 8 | 10.3069 | 172
386 | 9 | 10.3069 | 172
773 | 10 | 10.3069 | 172
1546 | 11 | 9.30364 | 111
3092 | 12 | 9.30364 | 111
6185 | 13 | 9.30364 | 111
12370 | 14 | 9.30364 | 111
24740 | 15 | 9.30364 | 111
49480 | 16 | 9.30364 | 111
98961 | 17 | 9.30364 | 111
197922 | 18 | 6.90443 | 69
395845 | 19 | 6.90443 | 69
791691 | 20 | 6.90443 | 69
1583382 | 21 | 5.10682 | 28
3166765 | 22 | 5.10682 | 28
6333530 | 23 | 5.10682 | 28
12667060 | 24 | 4.63978e-310 | 9
12667061 | 24 | 4.90641 | 19
25334122 | 25 | 4.90641 | 19
50668244 | 26 | 4.90641 | 19
101336488 | 27 | 4.90641 | 19
202672977 | 28 | 4.90641 | 19
405345954 | 29 | 2.05797 | 11
810691908 | 30 | 2.37152e-322 | 2
810691909 | 30 | 2.37152e-322 | 9
405345955 | 29 | 2.37152e-322 | 8
1583383 | 21 | 5.5961 | 41
3166766 | 22 | 5.5961 | 41
6333532 | 23 | 2.86679 | 21
12667064 | 24 | 2.86679 | 21
25334128 | 25 | 4.63978e-310 | 2
25334129 | 25 | 2.3179 | 19
50668259 | 26 | 2.3179 | 19
101336518 | 27 | 1.54522 | 11
202673037 | 28 | 1.54522 | 11
405346074 | 29 | 1.54522 | 11
810692148 | 30 | 1.54522 | 11
1621384297 | 31 | 1.54522 | 11
3242768595 | 32 | 1.54522 | 11
6485537191 | 33 | 1.54522 | 11
12971074383 | 34 | 1.54522 | 11
25942148766 | 35 | 0.385829 | 6
25942148767 | 35 | 2.53395 | 5
101336519 | 27 | 4.63978e-310 | 8
6333533 | 23 | 4.21511 | 20
12667067 | 24 | 4.21511 | 20
25334135 | 25 | 4.21511 | 20
50668270 | 26 | 0 | 8
50668271 | 26 | 3.0999 | 12
101336543 | 27 | 3.0999 | 12
202673086 | 28 | 3.0999 | 12
405346172 | 29 | 0.201458 | 2
405346173 | 29 | 0.227273 | 10
197923 | 18 | 5.78994 | 42
395847 | 19 | 5.78994 | 42
791695 | 20 | 5.78994 | 42
1583390 | 21 | 5.78994 | 42
3166781 | 22 | 5.78994 | 42
6333562 | 23 | 3.42907 | 25
12667124 | 24 | 2.29048 | 15
25334249 | 25 | 2.29048 | 15
50668499 | 26 | 2.29048 | 15
101336998 | 27 | 2.29048 | 15
202673996 | 28 | 2.29048 | 15
405347992 | 29 | 4.63978e-310 | 9
405347993 | 29 | 0.561647 | 6
12667125 | 24 | 2.44031 | 10
6333563 | 23 | 3.66842 | 17
12667126 | 24 | 3.66842 | 17
25334253 | 25 | 3.66842 | 17
50668506 | 26 | 1.38935 | 5
50668507 | 26 | 3.2037 | 12
101337014 | 27 | 0.0211645 | 2
101337015 | 27 | 0.650484 | 10
1547 | 11 | 7.98811 | 61
3094 | 12 | 3.30101 | 25
6189 | 13 | 3.30101 | 25
12378 | 14 | 2.72411 | 14
24756 | 15 | 4.63978e-310 | 3
24757 | 15 | 1.97458 | 11
49514 | 16 | 1.97458 | 11
99028 | 17 | 1.97458 | 11
198056 | 18 | 0.566274 | 5
198057 | 18 | 0.850869 | 6
12379 | 14 | 2.88369 | 11
24759 | 15 | 2.88369 | 11
49518 | 16 | 2.88369 | 11
99036 | 17 | 2.88369 | 11
198073 | 18 | 2.88369 | 11
396146 | 19 | 2.88369 | 11
792293 | 20 | 2.88369 | 11
1584586 | 21 | 1.63042e-322 | 2
1584587 | 21 | 3.21143e-322 | 9
3095 | 12 | 4.99425 | 36
6191 | 13 | 4.99425 | 36
12382 | 14 | 4.99425 | 34
24764 | 15 | 2.32885 | 20
49528 | 16 | 0 | 10
49529 | 16 | 1.11654 | 10
24765 | 15 | 2.52275 | 14
49531 | 16 | 2.52275 | 14
99062 | 17 | 2.52275 | 14
198125 | 18 | 2.52275 | 14
396251 | 19 | 2.52275 | 14
792502 | 20 | 2.52275 | 14
1585004 | 21 | 0.277343 | 2
1585005 | 21 | 2.11473 | 12
3170011 | 22 | 2.11473 | 12
6340022 | 23 | 2.11473 | 12
12680044 | 24 | 2.11473 | 12
25360088 | 25 | 2.11473 | 12
50720177 | 26 | 2.11473 | 12
101440354 | 27 | 0 | 4
101440355 | 27 | 2.97505 | 8
12383 | 14 | 4.63978e-310 | 2
25 | 5 | 4.63978e-310 | 1
7 | 3 | 8.17289 | 37
15 | 4 | 8.17289 | 37
30 | 5 | 5.9481 | 29
61 | 6 | 5.9481 | 29
122 | 7 | 5.9481 | 29
244 | 8 | 5.9481 | 29
489 | 9 | 5.9481 | 29
979 | 10 | 5.9481 | 29
1958 | 11 | 4.63978e-310 | 6
1959 | 11 | 5.23663 | 23
3919 | 12 | 5.23663 | 23
7839 | 13 | 5.23663 | 23
15678 | 14 | 0.144087 | 10
15679 | 14 | 2.25155 | 13
31359 | 15 | 2.25155 | 13
62718 | 16 | 2.25155 | 13
125436 | 17 | 2.14948 | 11
250872 | 18 | 0.164365 | 6
250873 | 18 | 0 | 5
125437 | 17 | 4.63978e-310 | 2
31 | 5 | 4.63978e-310 | 8
