ID | Depth | diameter | Number of points
0 | 0 | 29.316 | 1600
0 | 1 | 26.4561 | 364
0 | 2 | 26.4561 | 364
0 | 3 | 26.4561 | 364
0 | 4 | 22.8459 | 145
1 | 5 | 22.8459 | 145
2 | 6 | 22.8459 | 145
4 | 7 | 22.8459 | 145
8 | 8 | 22.8459 | 145
16 | 9 | 16.1826 | 109
33 | 10 | 16.1826 | 109
66 | 11 | 16.1826 | 109
132 | 12 | 15.6221 | 66
264 | 13 | 12.3272 | 54
528 | 14 | 12.3272 | 54
1056 | 15 | 9.81801 | 35
2113 | 16 | 9.81801 | 35
4226 | 17 | 9.81801 | 35
8453 | 18 | 9.81801 | 35
16907 | 19 | 9.81801 | 35
33814 | 20 | 9.81801 | 35
67628 | 21 | 2.907 | 6
67629 | 21 | 8.51884 | 29
135258 | 22 | 8.51884 | 26
270517 | 23 | 8.51884 | 26
541034 | 24 | 8.51884 | 26
1082068 | 25 | 9.58367 | 1
1082069 | 25 | 8.41608 | 25
2164138 | 26 | 4.69903 | 12
4328276 | 27 | 5.41408 | 5
4328277 | 27 | 2.92903 | 7
2164139 | 26 | 5.09922 | 13
4328278 | 27 | 1.82549 | 8
4328279 | 27 | 8.87725 | 5
135259 | 22 | 4.63978e-310 | 3
1057 | 15 | 9.3815 | 19
2114 | 16 | 7.89569 | 14
4228 | 17 | 4.63978e-310 | 10
4229 | 17 | 4.63978e-310 | 4
2115 | 16 | 4.63978e-310 | 5
265 | 13 | 7.09872 | 12
530 | 14 | 4.63978e-310 | 8
531 | 14 | 4.63978e-310 | 4
133 | 12 | 8.42447 | 43
266 | 13 | 8.42447 | 43
533 | 14 | 8.42447 | 43
1066 | 15 | 8.42447 | 43
2133 | 16 | 8.42447 | 43
4266 | 17 | 4.62673 | 22
8532 | 18 | 3.62237 | 15
17065 | 19 | 3.62237 | 15
34130 | 20 | 41.9602 | 3
34131 | 20 | 3.22332 | 12
68263 | 21 | 3.22332 | 12
136526 | 22 | 8.41267 | 5
136527 | 22 | 2.40127 | 7
8533 | 18 | 4.63978e-310 | 7
4267 | 17 | 3.12468 | 21
8535 | 18 | 3.12468 | 21
17070 | 19 | 3.12468 | 17
34140 | 20 | 3.12468 | 17
68281 | 21 | 3.12468 | 17
136563 | 22 | 3.12468 | 17
273127 | 23 | 3.12468 | 17
546254 | 24 | 3.12468 | 17
1092509 | 25 | 3.12468 | 17
2185019 | 26 | 3.12468 | 17
4370038 | 27 | 3.12468 | 17
8740076 | 28 | 3.12468 | 17
17480152 | 29 | 2.44223 | 14
34960304 | 30 | 2.44223 | 14
69920608 | 31 | 0.125791 | 8
69920609 | 31 | 2.27736 | 6
17480153 | 29 | 1.4149 | 3
17071 | 19 | 4.63978e-310 | 4
17 | 9 | 13.3757 | 36
34 | 10 | 13.3757 | 36
69 | 11 | 13.3757 | 36
138 | 12 | 13.3757 | 36
276 | 13 | 13.3757 | 36
552 | 14 | 13.3757 | 36
1105 | 15 | 13.3757 | 36
2210 | 16 | 4.63978e-310 | 4
2211 | 16 | 11.1862 | 32
4422 | 17 | 11.1862 | 32
8844 | 18 | 9.17947 | 21
17689 | 19 | 9.17947 | 21
35379 | 20 | 9.17947 | 21
70759 | 21 | 9.17947 | 21
141518 | 22 | 9.17947 | 21
283036 | 23 | 4.63978e-310 | 9
283037 | 23 | 6.55393 | 12
566074 | 24 | 6.55393 | 12
1132148 | 25 | 6.55393 | 12
2264296 | 26 | 6.55393 | 12
4528592 | 27 | 6.55393 | 12
9057185 | 28 | 6.55393 | 12
18114370 | 29 | 6.55393 | 12
36228740 | 30 | 6.55393 | 12
72457481 | 31 | 6.55393 | 12
144914962 | 32 | 6.55393 | 12
289829924 | 33 | 6.55393 | 12
579659848 | 34 | 6.55393 | 12
1159319696 | 35 | 6.55393 | 12
2318639392 | 36 | 1.09128 | 2
2318639393 | 36 | 15.946 | 10
8845 | 18 | 8.06957 | 11
17690 | 19 | 4.63978e-310 | 6
17691 | 19 | 4.63978e-310 | 5
1 | 4 | 26.4561 | 219
2 | 5 | 26.4561 | 219
4 | 6 | 9.56106 | 41
9 | 7 | 9.56106 | 41
18 | 8 | 6.98762 | 22
36 | 9 | 5.96059 | 21
72 | 10 | 5.96059 | 21
145 | 11 | 5.96059 | 21
290 | 12 | 5.96059 | 20
580 | 13 | 4.63978e-310 | 1
581 | 13 | 5.96059 | 19
1162 | 14 | 4.63978e-310 | 5
1163 | 14 | 5.20877 | 14
2327 | 15 | 5.20877 | 14
4654 | 16 | 5.20877 | 14
9308 | 17 | 4.63978e-310 | 9
9309 | 17 | 4.63978e-310 | 5
291 | 12 | 4.63978e-310 | 1
37 | 9 | 4.63978e-310 | 1
19 | 8 | 5.05858 | 19
38 | 9 | 4.42006 | 17
77 | 10 | 4.42006 | 17
155 | 11 | 4.42006 | 17
311 | 12 | 4.42006 | 17
622 | 13 | 3.28512 | 11
1244 | 14 | 4.63978e-310 | 10
1245 | 14 | 4.63978e-310 | 1
623 | 13 | 4.63978e-310 | 6
39 | 9 | 4.63978e-310 | 2
5 | 6 | 12.647 | 178
10 | 7 | 12.647 | 178
20 | 8 | 7.54836 | 15
41 | 9 | 7.54836 | 15
82 | 10 | 7.54836 | 15
165 | 11 | 7.54836 | 15
331 | 12 | 7.54836 | 15
662 | 13 | 0.370642 | 9
663 | 13 | 0.134934 | 6
21 | 8 | 11.9999 | 163
43 | 9 | 11.9999 | 163
87 | 10 | 11.9999 | 163
174 | 11 | 8.92562 | 78
348 | 12 | 4.51715 | 26
696 | 13 | 4.51715 | 26
1393 | 14 | 4.51715 | 26
2786 | 15 | 4.51715 | 26
5572 | 16 | 4.51715 | 26
11144 | 17 | 2.73512 | 24
22288 | 18 | 2.73512 | 20
44576 | 19 | 2.62514 | 17
89152 | 20 | 2.32399 | 15
178305 | 21 | 2.32399 | 15
356610 | 22 | 2.32399 | 15
713221 | 23 | 2.32399 | 15
1426442 | 24 | 2.32399 | 15
2852884 | 25 | 2.32399 | 15
5705768 | 26 | 2.32399 | 14
11411537 | 27 | 2.32399 | 14
22823074 | 28 | 2.32399 | 14
45646148 | 29 | 2.32399 | 14
91292297 | 30 | 2.32399 | 14
182584594 | 31 | 0.440352 | 3
182584595 | 31 | 1.82475 | 11
365169190 | 32 | 2.02178 | 7
365169191 | 32 | 4.63978e-310 | 4
5705769 | 26 | 4.63978e-310 | 1
89153 | 20 | 4.63978e-310 | 2
44577 | 19 | 4.63978e-310 | 3
22289 | 18 | 4.63978e-310 | 4
11145 | 17 | 4.63978e-310 | 2
349 | 12 | 7.175 | 52
699 | 13 | 7.175 | 52
1398 | 14 | 7.175 | 52
2796 | 15 | 3.76365 | 46
5592 | 16 | 3.76365 | 46
11184 | 17 | 3.76365 | 46
22369 | 18 | 3.76365 | 46
44738 | 19 | 2.63561 | 11
89476 | 20 | 2.63561 | 11
178953 | 21 | 2.63561 | 11
357906 | 22 | 2.63561 | 11
715812 | 23 | 6.90513e-310 | 4
715813 | 23 | 6.90513e-310 | 7
44739 | 19 | 3.76365 | 35
89479 | 20 | 3.76365 | 35
178959 | 21 | 3.76365 | 35
357919 | 22 | 3.76365 | 35
715838 | 23 | 3.76365 | 35
1431676 | 24 | 3.76365 | 35
2863352 | 25 | 3.76365 | 35
5726704 | 26 | 2.37521 | 30
11453408 | 27 | 2.37521 | 30
22906817 | 28 | 2.37521 | 30
45813634 | 29 | 2.12996 | 19
91627268 | 30 | 2.12996 | 19
183254536 | 31 | 2.09064 | 16
366509073 | 32 | 2.09064 | 16
733018146 | 33 | 2.09064 | 16
1466036293 | 34 | 2.09064 | 16
2932072587 | 35 | 2.09064 | 16
5864145174 | 36 | 1.24472 | 11
11728290348 | 37 | 4.63978e-310 | 3
11728290349 | 37 | 4.63978e-310 | 8
5864145175 | 36 | 0 | 5
183254537 | 31 | 4.63978e-310 | 3
45813635 | 29 | 1.6603 | 11
91627270 | 30 | 4.63978e-310 | 4
91627271 | 30 | 4.63978e-310 | 7
5726705 | 26 | 4.63978e-310 | 5
2797 | 15 | 4.63978e-310 | 6
175 | 11 | 9.79071 | 85
351 | 12 | 9.79071 | 85
702 | 13 | 8.54001 | 46
1405 | 14 | 8.54001 | 46
2810 | 15 | 7.40909 | 44
5620 | 16 | 0.302619 | 1
5621 | 16 | 7.40909 | 43
11243 | 17 | 7.40909 | 43
22487 | 18 | 7.40909 | 43
44974 | 19 | 7.40909 | 43
89949 | 20 | 7.40909 | 43
179898 | 21 | 3.4403 | 21
359796 | 22 | 3.4403 | 21
719592 | 23 | 2.9086 | 17
1439184 | 24 | 2.9086 | 17
2878368 | 25 | 2.9086 | 15
5756736 | 26 | 2.9086 | 15
11513472 | 27 | 2.9086 | 15
23026945 | 28 | 2.9086 | 15
46053890 | 29 | 2.9086 | 15
92107781 | 30 | 2.9086 | 15
184215562 | 31 | 2.9086 | 15
368431125 | 32 | 2.9086 | 15
736862250 | 33 | 2.9086 | 15
1473724500 | 34 | 2.9086 | 15
2947449000 | 35 | 2.9086 | 15
5894898001 | 36 | 2.9086 | 15
11789796003 | 37 | 2.9086 | 15
23579592006 | 38 | 2.9086 | 15
47159184013 | 39 | 2.9086 | 15
94318368026 | 40 | 2.9086 | 15
188636736052 | 41 | 3.98251 | 1
188636736053 | 41 | 2.38517 | 14
377273472106 | 42 | 2.38517 | 14
754546944213 | 43 | 2.38517 | 14
1509093888426 | 44 | 2.38517 | 14
3018187776852 | 45 | 2.38517 | 14
6036375553704 | 46 | 2.38517 | 14
12072751107409 | 47 | 2.38517 | 14
24145502214819 | 48 | 2.38517 | 14
48291004429639 | 49 | 2.38517 | 14
96582008859278 | 50 | 2.38517 | 14
193164017718557 | 51 | 2.38517 | 14
386328035437114 | 52 | 4.79244e-322 | 8
386328035437115 | 52 | 4.63978e-310 | 6
2878369 | 25 | 4.63978e-310 | 2
719593 | 23 | 4.63978e-310 | 4
179899 | 21 | 6.48419 | 22
359798 | 22 | 6.48419 | 22
719597 | 23 | 6.48419 | 22
1439195 | 24 | 6.48419 | 22
2878391 | 25 | 6.48419 | 22
5756783 | 26 | 6.48419 | 22
11513566 | 27 | 2.65567 | 21
23027132 | 28 | 2.65567 | 21
46054264 | 29 | 2.65567 | 21
92108529 | 30 | 2.65567 | 21
184217058 | 31 | 2.65567 | 17
368434116 | 32 | 2.65567 | 17
736868232 | 33 | 2.65567 | 17
1473736465 | 34 | 2.65567 | 17
2947472930 | 35 | 2.65567 | 17
5894945860 | 36 | 2.65567 | 17
11789891720 | 37 | 2.65567 | 17
23579783440 | 38 | 2.27934 | 16
47159566881 | 39 | 2.27934 | 16
94319133762 | 40 | 1.01809 | 3
94319133763 | 40 | 2.22615 | 13
188638267526 | 41 | 2.22615 | 13
377276535052 | 42 | 2.22615 | 13
754553070104 | 43 | 7.11455e-322 | 3
754553070105 | 43 | 4.63978e-310 | 10
23579783441 | 38 | 4.63978e-310 | 1
184217059 | 31 | 4.63978e-310 | 4
11513567 | 27 | 4.63978e-310 | 1
2811 | 15 | 4.63978e-310 | 2
703 | 13 | 7.47208 | 39
1406 | 14 | 7.47208 | 39
2812 | 15 | 4.0895 | 33
5625 | 16 | 4.0895 | 33
11250 | 17 | 3.35827 | 32
22500 | 18 | 3.35827 | 32
45000 | 19 | 4.63978e-310 | 3
45001 | 19 | 3.35827 | 29
90002 | 20 | 2.82221 | 27
180005 | 21 | 2.82221 | 27
360010 | 22 | 2.82221 | 27
720020 | 23 | 6.90513e-310 | 2
720021 | 23 | 2.72682 | 25
1440043 | 24 | 2.72682 | 25
2880087 | 25 | 2.72682 | 25
5760174 | 26 | 1.96838 | 12
11520349 | 27 | 1.96838 | 12
23040698 | 28 | 1.96838 | 12
46081397 | 29 | 1.96838 | 12
92162795 | 30 | 1.96838 | 12
184325590 | 31 | 1.96838 | 12
368651180 | 32 | 1.96838 | 12
737302361 | 33 | 1.96838 | 12
1474604722 | 34 | 1.96838 | 11
2949209444 | 35 | 1.96838 | 11
5898418889 | 36 | 1.96838 | 11
11796837778 | 37 | 1.63042e-322 | 10
11796837779 | 37 | 0.702988 | 1
1474604723 | 34 | 4.63978e-310 | 1
5760175 | 26 | 1.76453 | 13
11520350 | 27 | 1.76453 | 13
23040700 | 28 | 1.4895 | 12
46081400 | 29 | 1.4895 | 12
92162800 | 30 | 1.4895 | 12
184325600 | 31 | 4.94162 | 10
184325601 | 31 | 2.34981 | 2
23040701 | 28 | 4.63978e-310 | 1
90003 | 20 | 4.63978e-310 | 2
11251 | 17 | 4.63978e-310 | 1
2813 | 15 | 4.63978e-310 | 6
1 | 1 | 26.4359 | 1236
2 | 2 | 26.4359 | 1236
4 | 3 | 16.2164 | 353
8 | 4 | 11.6439 | 134
16 | 5 | 9.90803 | 73
32 | 6 | 7.56549 | 53
64 | 7 | 4.63978e-310 | 3
65 | 7 | 6.59823 | 50
130 | 8 | 6.35922 | 30
261 | 9 | 6.35922 | 30
522 | 10 | 6.35922 | 30
1044 | 11 | 6.35922 | 30
2089 | 12 | 6.35922 | 30
4179 | 13 | 6.35922 | 30
8359 | 14 | 6.35922 | 30
16719 | 15 | 6.35922 | 30
33438 | 16 | 4.97583 | 26
66876 | 17 | 4.97583 | 26
133753 | 18 | 4.97583 | 26
267506 | 19 | 4.97583 | 26
535012 | 20 | 4.97583 | 26
1070025 | 21 | 4.97583 | 26
2140050 | 22 | 0.504198 | 10
2140051 | 22 | 2.78723 | 16
4280102 | 23 | 0.210852 | 3
4280103 | 23 | 1.96421 | 13
8560206 | 24 | 1.96421 | 13
17120412 | 25 | 39.2204 | 2
17120413 | 25 | 1.88099 | 11
34240826 | 26 | 6.90513e-310 | 1
34240827 | 26 | 4.63978e-310 | 10
33439 | 16 | 4.63978e-310 | 4
131 | 8 | 5.74404 | 20
262 | 9 | 5.74404 | 20
524 | 10 | 5.74404 | 20
1049 | 11 | 5.74404 | 20
2098 | 12 | 5.74404 | 20
4196 | 13 | 5.74404 | 20
8392 | 14 | 5.74404 | 20
16785 | 15 | 5.74404 | 20
33570 | 16 | 0.970788 | 2
33571 | 16 | 5.32937 | 18
67143 | 17 | 5.32937 | 18
134286 | 18 | 5.32937 | 18
268572 | 19 | 5.32937 | 18
537144 | 20 | 5.32937 | 18
1074289 | 21 | 5.32937 | 18
2148579 | 22 | 5.32937 | 18
4297158 | 23 | 5.32937 | 17
8594317 | 24 | 5.32937 | 17
17188634 | 25 | 0 | 2
17188635 | 25 | 4.76754 | 15
34377270 | 26 | 4.76754 | 15
68754540 | 27 | 3.28453 | 6
68754541 | 27 | 6.90513e-310 | 9
4297159 | 23 | 4.63978e-310 | 1
33 | 6 | 5.81124 | 20
66 | 7 | 4.63978e-310 | 5
67 | 7 | 4.50423 | 15
134 | 8 | 4.63978e-310 | 4
135 | 8 | 2.95576 | 11
271 | 9 | 2.95576 | 11
542 | 10 | 4.63978e-310 | 6
543 | 10 | 4.63978e-310 | 5
17 | 5 | 9.28993 | 61
35 | 6 | 9.28993 | 61
71 | 7 | 9.28993 | 61
142 | 8 | 9.28993 | 61
284 | 9 | 6.38712 | 46
568 | 10 | 4.63978e-310 | 9
569 | 10 | 5.19616 | 37
1138 | 11 | 5.19616 | 35
2276 | 12 | 5.19616 | 35
4552 | 13 | 5.19616 | 28
9104 | 14 | 0.200674 | 3
9105 | 14 | 4.28249 | 25
18210 | 15 | 4.28249 | 25
36420 | 16 | 4.28249 | 25
72840 | 17 | 4.28249 | 25
145680 | 18 | 4.28249 | 25
291360 | 19 | 4.28249 | 25
582721 | 20 | 4.28249 | 25
1165442 | 21 | 4.28249 | 25
2330884 | 22 | 2.97344 | 4
2330885 | 22 | 3.76353 | 21
4661771 | 23 | 3.76353 | 21
9323542 | 24 | 3.76353 | 21
18647084 | 25 | 3.76353 | 21
37294168 | 26 | 3.76353 | 21
74588336 | 27 | 3.76353 | 21
149176672 | 28 | 1.35608 | 8
149176673 | 28 | 2.21282 | 13
298353346 | 29 | 2.21282 | 13
596706693 | 30 | 2.21282 | 13
1193413387 | 31 | 2.21282 | 13
2386826774 | 32 | 2.82205 | 4
2386826775 | 32 | 1.59349 | 9
4553 | 13 | 4.63978e-310 | 7
1139 | 11 | 4.63978e-310 | 2
285 | 9 | 5.40418 | 15
570 | 10 | 4.63978e-310 | 10
571 | 10 | 4.63978e-310 | 5
9 | 4 | 10.9799 | 219
18 | 5 | 9.80083 | 133
36 | 6 | 7.85671 | 80
73 | 7 | 7.85671 | 80
146 | 8 | 5.44408 | 60
292 | 9 | 5.24457 | 40
584 | 10 | 5.24457 | 40
1169 | 11 | 5.24457 | 40
2338 | 12 | 5.24457 | 40
4676 | 13 | 2.2813 | 13
9353 | 14 | 2.2813 | 13
18706 | 15 | 0.230246 | 3
18707 | 15 | 4.63978e-310 | 10
4677 | 13 | 4.43561 | 27
9354 | 14 | 4.21638 | 26
18709 | 15 | 4.21638 | 26
37419 | 16 | 4.21638 | 26
74838 | 17 | 4.21638 | 26
149676 | 18 | 4.21638 | 26
299353 | 19 | 4.21638 | 26
598707 | 20 | 4.21638 | 26
1197414 | 21 | 4.21638 | 26
2394829 | 22 | 4.21638 | 26
4789658 | 23 | 7.49042 | 5
4789659 | 23 | 3.06046 | 21
9579318 | 24 | 1.21972 | 10
9579319 | 24 | 1.68616 | 11
19158639 | 25 | 1.68616 | 11
38317279 | 26 | 1.68616 | 11
76634558 | 27 | 0.164839 | 5
76634559 | 27 | 1.78954 | 6
9355 | 14 | 4.63978e-310 | 1
293 | 9 | 4.62076 | 20
586 | 10 | 4.62076 | 15
1173 | 11 | 4.62076 | 15
2346 | 12 | 4.62076 | 15
4692 | 13 | 4.62076 | 15
9384 | 14 | 4.63978e-310 | 8
9385 | 14 | 4.63978e-310 | 7
587 | 10 | 4.63978e-310 | 5
147 | 8 | 4.5824 | 20
295 | 9 | 4.5824 | 20
591 | 10 | 4.5824 | 20
1183 | 11 | 4.5824 | 20
2366 | 12 | 4.63978e-310 | 6
2367 | 12 | 3.1934 | 14
4734 | 13 | 3.1934 | 14
9468 | 14 | 3.1934 | 14
18937 | 15 | 3.1934 | 14
37875 | 16 | 3.1934 | 14
75750 | 17 | 6.90513e-310 | 5
75751 | 17 | 4.63978e-310 | 9
37 | 6 | 7.71019 | 53
74 | 7 | 7.71019 | 53
148 | 8 | 4.63978e-310 | 1
149 | 8 | 5.68525 | 52
298 | 9 | 5.68525 | 52
596 | 10 | 5.09674 | 27
1192 | 11 | 0 | 4
1193 | 11 | 4.52558 | 23
2387 | 12 | 4.52558 | 23
4775 | 13 | 4.52558 | 23
9551 | 14 | 4.52558 | 23
19103 | 15 | 4.52558 | 23
38206 | 16 | 1.75605 | 6
38207 | 16 | 4.52558 | 17
76414 | 17 | 2.17636 | 12
152828 | 18 | 0.77095 | 3
152829 | 18 | 4.63978e-310 | 9
76415 | 17 | 4.63978e-310 | 5
597 | 10 | 5.17649 | 25
1194 | 11 | 5.17649 | 25
2389 | 12 | 5.17649 | 25
4778 | 13 | 5.17649 | 25
9557 | 14 | 5.17649 | 25
19114 | 15 | 5.17649 | 25
38229 | 16 | 5.17649 | 25
76459 | 17 | 5.17649 | 25
152919 | 18 | 5.17649 | 25
305838 | 19 | 5.17649 | 25
611676 | 20 | 2.5457 | 18
1223352 | 21 | 2.2952 | 16
2446704 | 22 | 2.2952 | 16
4893408 | 23 | 2.03783 | 14
9786817 | 24 | 2.03783 | 14
19573634 | 25 | 2.03783 | 14
39147268 | 26 | 2.42092e-322 | 3
39147269 | 26 | 1.55855 | 11
78294539 | 27 | 1.55855 | 11
156589079 | 28 | 1.55855 | 11
313178158 | 29 | 1.55855 | 11
626356316 | 30 | 1.55855 | 11
1252712633 | 31 | 1.55855 | 11
2505425266 | 32 | 10.7834 | 8
2505425267 | 32 | 4.63978e-310 | 3
4893409 | 23 | 4.63978e-310 | 2
1223353 | 21 | 4.63978e-310 | 2
611677 | 20 | 4.63978e-310 | 7
19 | 5 | 8.57358 | 86
38 | 6 | 3.68834 | 26
76 | 7 | 3.68834 | 26
152 | 8 | 3.68834 | 26
304 | 9 | 3.68834 | 26
608 | 10 | 3.68834 | 26
1216 | 11 | 3.68834 | 26
2433 | 12 | 3.68834 | 26
4866 | 13 | 2.36517 | 14
9732 | 14 | 0.176486 | 4
9733 | 14 | 4.63978e-310 | 10
4867 | 13 | 2.96647 | 12
9735 | 14 | 2.96647 | 12
19470 | 15 | 2.96647 | 12
38940 | 16 | 2.96647 | 12
77881 | 17 | 2.96647 | 12
155763 | 18 | 2.96647 | 12
311527 | 19 | 2.96647 | 12
623055 | 20 | 2.96647 | 12
1246110 | 21 | 2.96647 | 12
2492220 | 22 | 2.96647 | 12
4984440 | 23 | 2.24074 | 11
9968881 | 24 | 2.24074 | 11
19937762 | 25 | 2.24074 | 11
39875524 | 26 | 0.31565 | 4
39875525 | 26 | 3.21143e-322 | 7
4984441 | 23 | 4.63978e-310 | 1
39 | 6 | 5.34854 | 60
78 | 7 | 4.63978e-310 | 3
79 | 7 | 5.34854 | 57
158 | 8 | 5.34854 | 57
316 | 9 | 4.44029 | 48
632 | 10 | 4.27772 | 44
1264 | 11 | 4.27772 | 44
2528 | 12 | 2.74022 | 16
5056 | 13 | 1.91792 | 12
10113 | 14 | 1.91792 | 12
20227 | 15 | 1.91792 | 12
40454 | 16 | 1.91792 | 12
80908 | 17 | 1.91792 | 12
161816 | 18 | 1.91792 | 12
323632 | 19 | 1.91792 | 12
647264 | 20 | 4.00193e-322 | 10
647265 | 20 | 0.779792 | 2
5057 | 13 | 4.63978e-310 | 4
2529 | 12 | 2.84093 | 28
5058 | 13 | 2.84093 | 28
10116 | 14 | 2.84093 | 28
20233 | 15 | 2.84093 | 28
40467 | 16 | 2.84093 | 28
80935 | 17 | 2.84093 | 28
161870 | 18 | 2.84093 | 28
323741 | 19 | 2.84093 | 28
647483 | 20 | 2.84093 | 28
1294967 | 21 | 2.84093 | 28
2589935 | 22 | 2.84093 | 28
5179870 | 23 | 0.0514303 | 1
5179871 | 23 | 2.84093 | 27
10359742 | 24 | 2.84093 | 27
20719485 | 25 | 2.84093 | 27
41438971 | 26 | 2.84093 | 27
82877943 | 27 | 2.84093 | 27
165755886 | 28 | 2.84093 | 27
331511772 | 29 | 2.57053 | 16
663023544 | 30 | 3.96033 | 10
663023545 | 30 | 6.93711 | 6
331511773 | 29 | 2.4252 | 11
663023546 | 30 | 6.90513e-310 | 7
663023547 | 30 | 4.63978e-310 | 4
633 | 10 | 4.63978e-310 | 4
317 | 9 | 4.63978e-310 | 9
5 | 3 | 22.2293 | 883
11 | 4 | 22.2293 | 883
23 | 5 | 22.2293 | 883
46 | 6 | 4.63978e-310 | 3
47 | 6 | 22.0721 | 880
94 | 7 | 22.0721 | 880
188 | 8 | 22.0721 | 880
376 | 9 | 12.5722 | 172
752 | 10 | 12.5722 | 172
1504 | 11 | 12.5722 | 172
3009 | 12 | 12.5722 | 172
6018 | 13 | 12.5722 | 172
12036 | 14 | 8.62374 | 71
24072 | 15 | 8.62374 | 71
48144 | 16 | 5.07225 | 30
96288 | 17 | 0.254556 | 3
96289 | 17 | 4.27331 | 27
192578 | 18 | 4.27331 | 27
385156 | 19 | 4.27331 | 27
770312 | 20 | 0 | 1
770313 | 20 | 4.27331 | 26
1540626 | 21 | 4.27331 | 26
3081252 | 22 | 4.27331 | 26
6162504 | 23 | 1.35998 | 9
6162505 | 23 | 3.85474 | 17
12325010 | 24 | 3.85474 | 17
24650021 | 25 | 3.85474 | 17
49300042 | 26 | 3.85474 | 17
98600084 | 27 | 3.85474 | 17
197200169 | 28 | 3.85474 | 17
394400338 | 29 | 3.85474 | 17
788800676 | 30 | 0.00636072 | 2
788800677 | 30 | 3.04406 | 15
1577601355 | 31 | 3.04406 | 15
3155202711 | 32 | 3.04406 | 15
6310405422 | 33 | 3.04406 | 15
12620810844 | 34 | 3.04406 | 15
25241621688 | 35 | 3.04406 | 14
50483243377 | 36 | 3.04406 | 14
100966486754 | 37 | 3.04406 | 14
201932973509 | 38 | 3.04406 | 14
403865947018 | 39 | 3.04406 | 14
807731894037 | 40 | 3.04406 | 14
1615463788075 | 41 | 3.04406 | 14
3230927576150 | 42 | 56.5156 | 9
3230927576151 | 42 | 40.7309 | 5
25241621689 | 35 | 4.63978e-310 | 1
48145 | 16 | 3.75895 | 41
96290 | 17 | 2.81258 | 18
192580 | 18 | 2.81258 | 18
385160 | 19 | 2.81258 | 18
770320 | 20 | 4.63978e-310 | 1
770321 | 20 | 2.81258 | 17
1540642 | 21 | 4.63978e-310 | 2
1540643 | 21 | 2.12536 | 15
3081287 | 22 | 2.12536 | 15
6162575 | 23 | 2.12536 | 15
12325150 | 24 | 2.12536 | 15
24650300 | 25 | 2.12536 | 15
49300601 | 26 | 2.12536 | 15
98601202 | 27 | 2.12536 | 15
197202405 | 28 | 2.12536 | 15
394404811 | 29 | 2.12536 | 15
788809622 | 30 | 0.475852 | 1
788809623 | 30 | 1.5687 | 14
1577619246 | 31 | 1.5687 | 14
3155238492 | 32 | 1.5687 | 14
6310476984 | 33 | 1.63042e-322 | 6
6310476985 | 33 | 1.07494 | 8
96291 | 17 | 3.74699 | 23
192582 | 18 | 2.70113 | 18
385165 | 19 | 2.70113 | 18
770330 | 20 | 4.63978e-310 | 8
770331 | 20 | 4.63978e-310 | 10
192583 | 18 | 4.63978e-310 | 5
12037 | 14 | 9.19726 | 101
24075 | 15 | 9.19726 | 101
48150 | 16 | 9.19726 | 101
96301 | 17 | 9.19726 | 101
192602 | 18 | 9.19726 | 101
385204 | 19 | 9.19726 | 101
770409 | 20 | 9.19726 | 101
1540819 | 21 | 9.19726 | 101
3081638 | 22 | 9.19726 | 101
6163276 | 23 | 7.20588 | 11
12326553 | 24 | 7.20588 | 11
24653106 | 25 | 1.63042e-322 | 5
24653107 | 25 | 1.58101e-322 | 6
6163277 | 23 | 8.60817 | 90
12326554 | 24 | 8.60817 | 90
24653108 | 25 | 8.60817 | 90
49306217 | 26 | 8.60817 | 90
98612435 | 27 | 8.60817 | 90
197224870 | 28 | 5.63194 | 41
394449740 | 29 | 3.77867 | 19
788899480 | 30 | 39.1525 | 4
788899481 | 30 | 2.98624 | 15
1577798963 | 31 | 2.98624 | 15
3155597927 | 32 | 2.98624 | 15
6311195854 | 33 | 2.2047 | 6
6311195855 | 33 | 1.76591 | 9
394449741 | 29 | 4.01005 | 22
788899483 | 30 | 4.01005 | 22
1577798967 | 31 | 4.01005 | 22
3155597934 | 32 | 57.9043 | 6
3155597935 | 32 | 4.01005 | 16
6311195870 | 33 | 1.71767 | 1
6311195871 | 33 | 3.476 | 15
12622391742 | 34 | 3.476 | 15
25244783485 | 35 | 3.476 | 15
50489566970 | 36 | 0.829294 | 9
50489566971 | 36 | 0.888852 | 6
197224871 | 28 | 5.23302 | 49
394449742 | 29 | 4.38321 | 38
788899484 | 30 | 2.81016 | 14
1577798969 | 31 | 2.81016 | 14
3155597938 | 32 | 2.54791 | 13
6311195876 | 33 | 13.7791 | 1
6311195877 | 33 | 2.54791 | 12
12622391755 | 34 | 2.54791 | 12
25244783510 | 35 | 18.4515 | 2
25244783511 | 35 | 1.67021 | 10
3155597939 | 32 | 4.63978e-310 | 1
788899485 | 30 | 3.60304 | 24
1577798971 | 31 | 3.60304 | 24
3155597942 | 32 | 7.11953 | 1
3155597943 | 32 | 3.03132 | 23
6311195887 | 33 | 3.03132 | 23
12622391775 | 34 | 3.03132 | 23
25244783550 | 35 | 2.53505 | 11
50489567100 | 36 | 3.66798 | 6
50489567101 | 36 | 0.179635 | 5
25244783551 | 35 | 2.06588 | 12
50489567102 | 36 | 1.20555 | 2
50489567103 | 36 | 0.483403 | 10
394449743 | 29 | 3.56354 | 11
788899487 | 30 | 3.56354 | 11
1577798975 | 31 | 3.56354 | 11
3155597950 | 32 | 0.671155 | 9
3155597951 | 32 | 1.03715 | 2
377 | 9 | 19.3232 | 708
754 | 10 | 12.1661 | 182
1508 | 11 | 9.16264 | 114
3017 | 12 | 9.16264 | 114
6034 | 13 | 9.16264 | 114
12068 | 14 | 8.39079 | 88
24137 | 15 | 8.39079 | 88
48275 | 16 | 8.39079 | 88
96550 | 17 | 8.39079 | 87
193101 | 18 | 8.39079 | 87
386202 | 19 | 8.39079 | 87
772404 | 20 | 8.39079 | 87
1544809 | 21 | 8.39079 | 87
3089619 | 22 | 8.39079 | 87
6179238 | 23 | 7.59815 | 15
12358476 | 24 | 3.41596 | 14
24716952 | 25 | 0 | 7
24716953 | 25 | 0.0100007 | 7
12358477 | 24 | 4.63978e-310 | 1
6179239 | 23 | 8.27222 | 72
12358478 | 24 | 2.42092e-322 | 8
12358479 | 24 | 8.13456 | 64
24716958 | 25 | 1.71535 | 6
24716959 | 25 | 8.13456 | 58
49433918 | 26 | 8.13456 | 58
98867836 | 27 | 4.04468 | 45
197735672 | 28 | 4.04468 | 45
395471345 | 29 | 4.04468 | 45
790942690 | 30 | 4.04468 | 45
1581885381 | 31 | 4.04468 | 45
3163770763 | 32 | 4.04468 | 45
6327541527 | 33 | 4.04468 | 45
12655083054 | 34 | 3.46194 | 36
25310166108 | 35 | 2.24075 | 19
50620332216 | 36 | 2.24075 | 19
101240664433 | 37 | 2.24075 | 19
202481328867 | 38 | 2.24075 | 19
404962657735 | 39 | 2.24075 | 19
809925315470 | 40 | 1.3214 | 12
1619850630940 | 41 | 4.24388 | 1
1619850630941 | 41 | 1.18989 | 11
3239701261882 | 42 | 1.18989 | 11
6479402523765 | 43 | 1.18989 | 11
12958805047530 | 44 | 0.00624674 | 3
12958805047531 | 44 | 0.540212 | 8
809925315471 | 40 | 4.63978e-310 | 7
25310166109 | 35 | 2.32627 | 17
50620332219 | 36 | 2.32627 | 17
101240664438 | 37 | 2.32627 | 17
202481328876 | 38 | 2.48303 | 9
202481328877 | 38 | 0.867893 | 8
12655083055 | 34 | 4.63978e-310 | 9
98867837 | 27 | 4.15557 | 13
197735674 | 28 | 4.15557 | 13
395471348 | 29 | 3.74179 | 12
790942696 | 30 | 3.74179 | 12
1581885392 | 31 | 3.74179 | 12
3163770785 | 32 | 3.74179 | 12
6327541570 | 33 | 4.29656 | 3
6327541571 | 33 | 4.63978e-310 | 9
395471349 | 29 | 4.63978e-310 | 1
96551 | 17 | 4.63978e-310 | 1
12069 | 14 | 6.85674 | 26
24139 | 15 | 6.85674 | 26
48278 | 16 | 6.85674 | 25
96556 | 17 | 6.85674 | 25
193113 | 18 | 6.85674 | 25
386227 | 19 | 6.85674 | 25
772454 | 20 | 6.85674 | 25
1544909 | 21 | 6.85674 | 25
3089819 | 22 | 6.85674 | 25
6179638 | 23 | 6.85674 | 25
12359276 | 24 | 2.6151 | 10
12359277 | 24 | 6.39705 | 15
24718555 | 25 | 6.39705 | 15
49437111 | 26 | 6.39705 | 15
98874223 | 27 | 6.39705 | 15
197748446 | 28 | 6.39705 | 15
395496893 | 29 | 6.39705 | 15
790993787 | 30 | 6.39705 | 15
1581987574 | 31 | 6.39705 | 15
3163975148 | 32 | 6.39705 | 15
6327950297 | 33 | 6.39705 | 15
12655900594 | 34 | 6.39705 | 15
25311801189 | 35 | 6.39705 | 15
50623602379 | 36 | 6.39705 | 15
101247204758 | 37 | 6.39705 | 15
202494409517 | 38 | 6.39705 | 15
404988819034 | 39 | 1.55254 | 14
809977638068 | 40 | 1.06767 | 11
1619955276136 | 41 | 1.06767 | 11
3239910552272 | 42 | 1.06767 | 11
6479821104544 | 43 | 4.63978e-310 | 4
6479821104545 | 43 | 4.63978e-310 | 7
809977638069 | 40 | 4.63978e-310 | 3
404988819035 | 39 | 4.63978e-310 | 1
48279 | 16 | 4.63978e-310 | 1
1509 | 11 | 8.10765 | 68
3019 | 12 | 8.10765 | 68
6039 | 13 | 8.10765 | 68
12078 | 14 | 8.10765 | 67
24156 | 15 | 4.26435 | 59
48313 | 16 | 4.26435 | 59
96626 | 17 | 4.26435 | 59
193252 | 18 | 4.26435 | 59
386504 | 19 | 4.26435 | 59
773009 | 20 | 4.26435 | 59
1546018 | 21 | 4.26435 | 59
3092036 | 22 | 2.64389 | 24
6184072 | 23 | 2.11534 | 19
12368145 | 24 | 2.11534 | 19
24736290 | 25 | 2.11534 | 19
49472580 | 26 | 1.35868 | 12
98945161 | 27 | 1.35868 | 12
197890323 | 28 | 1.35868 | 12
395780646 | 29 | 1.35868 | 11
791561293 | 30 | 1.35868 | 11
1583122587 | 31 | 1.35868 | 11
3166245174 | 32 | 1.35868 | 11
6332490348 | 33 | 1.35868 | 11
12664980696 | 34 | 2.24012 | 2
12664980697 | 34 | 0.0780972 | 9
395780647 | 29 | 4.63978e-310 | 1
49472581 | 26 | 4.63978e-310 | 7
6184073 | 23 | 4.63978e-310 | 5
3092037 | 22 | 3.27184 | 35
6184074 | 23 | 0 | 9
6184075 | 23 | 2.54532 | 26
12368150 | 24 | 2.54532 | 26
24736300 | 25 | 2.44884 | 20
49472600 | 26 | 3.21143e-322 | 5
49472601 | 26 | 2.0704 | 15
98945203 | 27 | 2.0704 | 15
197890406 | 28 | 1.63994 | 5
197890407 | 28 | 0.471416 | 10
24736301 | 25 | 4.63978e-310 | 6
24157 | 15 | 4.63978e-310 | 8
12079 | 14 | 4.63978e-310 | 1
755 | 10 | 17.0409 | 526
1511 | 11 | 17.0409 | 526
3022 | 12 | 17.0409 | 526
6044 | 13 | 13.5281 | 174
12088 | 14 | 2.7157 | 2
12089 | 14 | 12.3372 | 172
24178 | 15 | 9.08544 | 27
48357 | 16 | 9.08544 | 27
96714 | 17 | 4.63978e-310 | 5
96715 | 17 | 8.14062 | 22
193431 | 18 | 8.14062 | 22
386863 | 19 | 8.14062 | 22
773727 | 20 | 8.14062 | 22
1547455 | 21 | 8.14062 | 22
3094911 | 22 | 8.14062 | 22
6189822 | 23 | 5.10671 | 15
12379645 | 24 | 5.10671 | 15
24759291 | 25 | 5.10671 | 15
49518582 | 26 | 0.286569 | 6
49518583 | 26 | 0.511121 | 9
6189823 | 23 | 4.63978e-310 | 7
24179 | 15 | 11.759 | 145
48358 | 16 | 11.759 | 145
96716 | 17 | 8.87594 | 75
193432 | 18 | 5.42054 | 62
386864 | 19 | 4.51578 | 12
773728 | 20 | 2.75996 | 11
1547456 | 21 | 2.75996 | 11
3094913 | 22 | 2.75996 | 11
6189826 | 23 | 0.16343 | 8
6189827 | 23 | 8.82014 | 3
773729 | 20 | 4.63978e-310 | 1
386865 | 19 | 5.42054 | 50
773730 | 20 | 4.63978e-310 | 4
773731 | 20 | 4.50567 | 46
1547462 | 21 | 4.50567 | 46
3094925 | 22 | 4.50567 | 46
6189850 | 23 | 4.27216 | 45
12379701 | 24 | 4.27216 | 45
24759402 | 25 | 4.27216 | 45
49518805 | 26 | 4.27216 | 45
99037611 | 27 | 4.27216 | 45
198075222 | 28 | 0.452516 | 2
198075223 | 28 | 4.27216 | 43
396150446 | 29 | 3.30919 | 39
792300892 | 30 | 3.30919 | 34
1584601784 | 31 | 3.30919 | 34
3169203568 | 32 | 3.30919 | 34
6338407136 | 33 | 3.30919 | 34
12676814273 | 34 | 3.30919 | 34
25353628547 | 35 | 3.30919 | 34
50707257095 | 36 | 3.30919 | 34
101414514190 | 37 | 3.30919 | 34
202829028381 | 38 | 3.30919 | 34
405658056762 | 39 | 2.98594 | 29
811316113524 | 40 | 2.98594 | 29
1622632227048 | 41 | 1.46413 | 7
1622632227049 | 41 | 2.43411 | 22
3245264454098 | 42 | 2.43411 | 22
6490528908196 | 43 | 0.164223 | 1
6490528908197 | 43 | 2.43411 | 21
12981057816394 | 44 | 2.43411 | 21
25962115632788 | 45 | 2.43411 | 21
51924231265576 | 46 | 2.43411 | 21
103848462531152 | 47 | 1.40267 | 16
207696925062304 | 48 | 0.663309 | 8
207696925062305 | 48 | 0.528934 | 8
103848462531153 | 47 | 4.63978e-310 | 5
405658056763 | 39 | 4.63978e-310 | 5
792300893 | 30 | 4.63978e-310 | 5
396150447 | 29 | 4.63978e-310 | 4
6189851 | 23 | 4.63978e-310 | 1
193433 | 18 | 2.56422 | 13
386866 | 19 | 4.63978e-310 | 2
386867 | 19 | 2.56422 | 11
773735 | 20 | 2.56422 | 11
1547470 | 21 | 2.56422 | 11
3094941 | 22 | 2.56422 | 11
6189882 | 23 | 4.63978e-310 | 4
6189883 | 23 | 4.63978e-310 | 7
96717 | 17 | 8.67282 | 70
193434 | 18 | 4.72468 | 55
386869 | 19 | 4.72468 | 55
773739 | 20 | 4.72468 | 55
1547478 | 21 | 4.72468 | 55
3094956 | 22 | 4.36596 | 34
6189912 | 23 | 1.7109 | 20
12379824 | 24 | 1.7109 | 20
24759649 | 25 | 1.7109 | 20
49519298 | 26 | 7.31188 | 6
49519299 | 26 | 1.29597 | 14
99038598 | 27 | 1.29597 | 14
198077197 | 28 | 1.29597 | 14
396154394 | 29 | 1.17894 | 11
792308788 | 30 | 1.17894 | 11
1584617577 | 31 | 1.17894 | 11
3169235155 | 32 | 1.17894 | 11
6338470310 | 33 | 1.17894 | 11
12676940620 | 34 | 0.555941 | 7
12676940621 | 34 | 0.355149 | 4
396154395 | 29 | 4.63978e-310 | 3
6189913 | 23 | 2.54381 | 14
12379826 | 24 | 2.54381 | 14
24759653 | 25 | 2.54381 | 14
49519306 | 26 | 0.0123164 | 10
49519307 | 26 | 1.18626 | 4
3094957 | 22 | 4.22857 | 21
6189914 | 23 | 4.63978e-310 | 1
6189915 | 23 | 3.22507 | 20
12379831 | 24 | 3.22507 | 20
24759663 | 25 | 3.22507 | 20
49519327 | 26 | 3.22507 | 20
99038654 | 27 | 3.22507 | 20
198077308 | 28 | 3.22507 | 20
396154616 | 29 | 2.07405 | 8
396154617 | 29 | 2.49334 | 12
792309234 | 30 | 2.49334 | 12
1584618469 | 31 | 2.49334 | 12
3169236938 | 32 | 4.63978e-310 | 7
3169236939 | 32 | 4.63978e-310 | 5
193435 | 18 | 3.63009 | 15
386871 | 19 | 3.63009 | 15
773743 | 20 | 3.63009 | 15
1547486 | 21 | 3.63009 | 15
3094972 | 22 | 4.63978e-310 | 2
3094973 | 22 | 3.63009 | 13
6189947 | 23 | 3.63009 | 13
12379895 | 24 | 3.63009 | 13
24759790 | 25 | 3.63009 | 13
49519580 | 26 | 2.81964 | 12
99039161 | 27 | 2.81964 | 12
198078323 | 28 | 2.81964 | 12
396156646 | 29 | 1.89053 | 6
396156647 | 29 | 1.56298 | 6
49519581 | 26 | 4.63978e-310 | 1
6045 | 13 | 15.0965 | 352
12090 | 14 | 11.2262 | 31
24180 | 15 | 11.2262 | 31
48361 | 16 | 11.2262 | 31
96723 | 17 | 11.2262 | 31
193447 | 18 | 11.2262 | 31
386894 | 19 | 11.2262 | 31
773788 | 20 | 11.2262 | 31
1547577 | 21 | 11.2262 | 31
3095154 | 22 | 11.2262 | 31
6190308 | 23 | 4.63978e-310 | 9
6190309 | 23 | 10.8307 | 22
12380618 | 24 | 11.514 | 2
12380619 | 24 | 9.895 | 20
24761239 | 25 | 9.895 | 20
49522478 | 26 | 9.895 | 20
99044956 | 27 | 7.07342 | 15
198089912 | 28 | 7.07342 | 15
396179825 | 29 | 7.07342 | 15
792359651 | 30 | 7.07342 | 15
1584719302 | 31 | 1.21816 | 4
1584719303 | 31 | 4.46027 | 11
3169438606 | 32 | 4.46027 | 11
6338877212 | 33 | 23.8154 | 7
6338877213 | 33 | 1.13052 | 4
99044957 | 27 | 4.63978e-310 | 5
12091 | 14 | 14.8175 | 321
24182 | 15 | 11.5418 | 228
48364 | 16 | 11.5418 | 228
96728 | 17 | 7.48567 | 33
193456 | 18 | 7.48567 | 33
386912 | 19 | 7.48567 | 33
773824 | 20 | 7.48567 | 33
1547648 | 21 | 7.4651 | 31
3095296 | 22 | 2.52305 | 15
6190592 | 23 | 2.52305 | 15
12381184 | 24 | 2.52305 | 15
24762368 | 25 | 2.52305 | 15
49524737 | 26 | 2.52305 | 15
99049474 | 27 | 2.52305 | 15
198098948 | 28 | 2.52305 | 15
396197896 | 29 | 2.52305 | 15
792395792 | 30 | 2.52305 | 15
1584791584 | 31 | 2.52305 | 15
3169583168 | 32 | 2.52305 | 15
6339166336 | 33 | 2.52305 | 15
12678332672 | 34 | 2.52305 | 15
25356665345 | 35 | 2.52305 | 15
50713330690 | 36 | 4.63978e-310 | 3
50713330691 | 36 | 1.90707 | 12
101426661382 | 37 | 1.90707 | 12
202853322764 | 38 | 1.90707 | 12
405706645528 | 39 | 1.90707 | 12
811413291056 | 40 | 4.63978e-310 | 7
811413291057 | 40 | 4.63978e-310 | 5
3095297 | 22 | 5.49476 | 16
6190594 | 23 | 5.49476 | 16
12381188 | 24 | 5.49476 | 16
24762376 | 25 | 5.49476 | 16
49524752 | 26 | 4.63978e-310 | 3
49524753 | 26 | 5.49476 | 13
99049506 | 27 | 4.63978e-310 | 4
99049507 | 27 | 4.63978e-310 | 9
1547649 | 21 | 4.63978e-310 | 2
96729 | 17 | 11.2976 | 195
193458 | 18 | 11.2976 | 152
386917 | 19 | 11.2976 | 152
773834 | 20 | 11.2976 | 152
1547668 | 21 | 11.2976 | 109
3095336 | 22 | 11.2976 | 109
6190672 | 23 | 7.19517 | 11
12381345 | 24 | 7.19517 | 11
24762691 | 25 | 7.19517 | 11
49525383 | 26 | 7.19517 | 11
99050767 | 27 | 7.19517 | 11
198101535 | 28 | 7.19517 | 11
396203071 | 29 | 7.19517 | 11
792406143 | 30 | 7.19517 | 11
1584812287 | 31 | 7.19517 | 11
3169624575 | 32 | 7.19517 | 11
6339249151 | 33 | 7.19517 | 11
12678498302 | 34 | 2.37152e-322 | 9
12678498303 | 34 | 65.4638 | 2
6190673 | 23 | 10.7097 | 98
12381346 | 24 | 10.7097 | 98
24762692 | 25 | 10.7097 | 98
49525384 | 26 | 10.7097 | 98
99050768 | 27 | 10.7097 | 98
198101537 | 28 | 10.7097 | 98
396203074 | 29 | 9.1495 | 92
792406149 | 30 | 9.1495 | 92
1584812299 | 31 | 9.1495 | 92
3169624599 | 32 | 9.1495 | 92
6339249199 | 33 | 9.1495 | 92
12678498398 | 34 | 8.64949 | 68
25356996797 | 35 | 8.64949 | 68
50713993594 | 36 | 8.64949 | 68
101427987189 | 37 | 8.64949 | 68
202855974378 | 38 | 8.64949 | 68
405711948756 | 39 | 8.64949 | 68
811423897513 | 40 | 8.64949 | 68
1622847795027 | 41 | 8.64949 | 68
3245695590054 | 42 | 8.64949 | 68
6491391180109 | 43 | 8.64949 | 68
12982782360218 | 44 | 7.60018 | 34
25965564720437 | 45 | 7.60018 | 34
51931129440874 | 46 | 4.59676 | 28
103862258881748 | 47 | 3.98432 | 22
207724517763497 | 48 | 3.98432 | 22
415449035526995 | 49 | 3.98432 | 22
830898071053990 | 50 | 3.98432 | 22
1661796142107980 | 51 | 0.251197 | 3
1661796142107981 | 51 | 3.56212 | 19
3323592284215963 | 52 | 3.56212 | 19
6647184568431926 | 53 | 3.56212 | 19
13294369136863852 | 54 | 7.12828 | 1
13294369136863853 | 54 | 3.28719 | 18
26588738273727706 | 55 | 3.28719 | 18
53177476547455412 | 56 | 2.68205 | 16
106354953094910825 | 57 | 2.68205 | 16
212709906189821650 | 58 | 0.293465 | 6
212709906189821651 | 58 | 1.33931 | 10
53177476547455413 | 56 | 4.63978e-310 | 2
103862258881749 | 47 | 4.63978e-310 | 6
51931129440875 | 46 | 4.63978e-310 | 6
12982782360219 | 44 | 6.69537 | 34
25965564720438 | 45 | 6.69537 | 34
51931129440876 | 46 | 2.613 | 27
103862258881752 | 47 | 2.613 | 27
207724517763504 | 48 | 2.613 | 27
415449035527008 | 49 | 2.613 | 27
830898071054017 | 50 | 2.613 | 27
1661796142108034 | 51 | 2.613 | 27
3323592284216068 | 52 | 2.613 | 27
6647184568432136 | 53 | 2.613 | 27
13294369136864273 | 54 | 2.613 | 27
26588738273728546 | 55 | 2.613 | 27
53177476547457092 | 56 | 2.613 | 27
106354953094914185 | 57 | 2.613 | 27
212709906189828370 | 58 | 2.613 | 27
425419812379656740 | 59 | 2.43682 | 24
850839624759313480 | 60 | 1.61778 | 18
1701679249518626961 | 61 | 1.61778 | 18
3403358499037253922 | 62 | 1.61778 | 13
6806716998074507845 | 63 | 1.61778 | 13
-4833310077560535925 | 64 | 1.61778 | 13
8780123918588479766 | 65 | 1.61778 | 13
-886496236532592083 | 66 | 1.61778 | 13
-1772992473065184166 | 67 | 1.61778 | 13
-3545984946130368331 | 68 | 1.61778 | 13
-7091969892260736662 | 69 | 13.7742 | 1
-7091969892260736661 | 69 | 1.48813 | 12
4262804289188078294 | 70 | 1.48813 | 12
8525608578376156588 | 71 | 0.0238785 | 4
8525608578376156589 | 71 | 65.7579 | 8
3403358499037253923 | 62 | 4.63978e-310 | 5
850839624759313481 | 60 | 4.63978e-310 | 6
425419812379656741 | 59 | 4.63978e-310 | 3
51931129440877 | 46 | 4.63978e-310 | 7
12678498399 | 34 | 5.51522 | 24
25356996799 | 35 | 5.51522 | 24
50713993598 | 36 | 5.51522 | 24
101427987196 | 37 | 5.51522 | 24
202855974392 | 38 | 3.72715 | 13
405711948784 | 39 | 4.63978e-310 | 10
405711948785 | 39 | 4.63978e-310 | 3
202855974393 | 38 | 2.10081 | 11
405711948786 | 39 | 4.63978e-310 | 1
405711948787 | 39 | 4.63978e-310 | 10
396203075 | 29 | 4.63978e-310 | 6
1547669 | 21 | 9.40052 | 43
3095338 | 22 | 6.42839 | 20
6190676 | 23 | 3.95808 | 11
12381353 | 24 | 3.95808 | 11
24762706 | 25 | 3.95808 | 11
49525413 | 26 | 3.95808 | 11
99050827 | 27 | 3.95808 | 11
198101655 | 28 | 3.95808 | 11
396203310 | 29 | 4.63978e-310 | 8
396203311 | 29 | 4.63978e-310 | 3
6190677 | 23 | 4.63978e-310 | 9
3095339 | 22 | 5.87598 | 23
6190678 | 23 | 4.58933 | 14
12381357 | 24 | 4.58933 | 14
24762714 | 25 | 4.58933 | 14
49525429 | 26 | 4.58933 | 14
99050858 | 27 | 4.58933 | 14
198101717 | 28 | 4.58933 | 14
396203434 | 29 | 4.63978e-310 | 9
396203435 | 29 | 4.63978e-310 | 5
6190679 | 23 | 4.63978e-310 | 9
193459 | 18 | 8.11871 | 43
386918 | 19 | 7.45968 | 39
773836 | 20 | 6.00598 | 32
1547672 | 21 | 6.00598 | 32
3095345 | 22 | 6.00598 | 32
6190690 | 23 | 6.00598 | 32
12381380 | 24 | 6.00598 | 32
24762760 | 25 | 0.106081 | 8
24762761 | 25 | 5.79736 | 24
49525523 | 26 | 5.79736 | 24
99051047 | 27 | 5.79736 | 24
198102094 | 28 | 5.79736 | 24
396204189 | 29 | 5.79736 | 24
792408379 | 30 | 5.79736 | 24
1584816758 | 31 | 1.58101e-322 | 10
1584816759 | 31 | 5.30132 | 14
3169633518 | 32 | 3.85947 | 10
3169633519 | 32 | 17.6918 | 4
773837 | 20 | 4.63978e-310 | 7
386919 | 19 | 4.63978e-310 | 4
24183 | 15 | 9.62125 | 93
48366 | 16 | 8.77736 | 63
96732 | 17 | 8.77736 | 63
193465 | 18 | 8.77736 | 63
386931 | 19 | 8.77736 | 63
773862 | 20 | 8.77736 | 63
1547724 | 21 | 7.73468 | 51
3095448 | 22 | 4.64203 | 5
3095449 | 22 | 7.73468 | 46
6190898 | 23 | 7.73468 | 46
12381797 | 24 | 7.73468 | 46
24763594 | 25 | 7.73468 | 46
49527188 | 26 | 3.20438 | 22
99054376 | 27 | 4.63978e-310 | 3
99054377 | 27 | 2.85073 | 19
198108754 | 28 | 2.85073 | 19
396217508 | 29 | 2.85073 | 19
792435017 | 30 | 2.85073 | 19
1584870035 | 31 | 2.85073 | 19
3169740070 | 32 | 1.58101e-322 | 9
3169740071 | 32 | 1.58101e-322 | 10
49527189 | 26 | 3.69975 | 24
99054378 | 27 | 3.69975 | 24
198108756 | 28 | 3.69975 | 24
396217513 | 29 | 3.69975 | 24
792435027 | 30 | 3.69975 | 24
1584870054 | 31 | 3.07802 | 14
3169740108 | 32 | 2.20924 | 13
6339480216 | 33 | 10.5515 | 8
6339480217 | 33 | 5.47533 | 5
3169740109 | 32 | 3.33626 | 1
1584870055 | 31 | 2.65743 | 10
1547725 | 21 | 8.02398 | 12
3095450 | 22 | 8.02398 | 12
6190900 | 23 | 4.63978e-310 | 4
6190901 | 23 | 4.63978e-310 | 8
48367 | 16 | 7.3562 | 30
96734 | 17 | 3.78145 | 15
193468 | 18 | 3.78145 | 15
386937 | 19 | 3.78145 | 15
773874 | 20 | 3.78145 | 15
1547749 | 21 | 3.78145 | 15
3095498 | 22 | 3.78145 | 15
6190996 | 23 | 2.39458 | 13
12381992 | 24 | 1.58101e-322 | 1
12381993 | 24 | 2.39458 | 12
24763986 | 25 | 2.39458 | 12
49527972 | 26 | 1.58101e-322 | 9
49527973 | 26 | 1.58101e-322 | 3
6190997 | 23 | 4.63978e-310 | 2
96735 | 17 | 2.76709 | 15
193470 | 18 | 2.76709 | 15
386941 | 19 | 2.76709 | 15
773882 | 20 | 0.652905 | 6
773883 | 20 | 5.00929 | 9
