ID | Depth | diameter | Number of points
0 | 0 | 29.316 | 1600
0 | 1 | 29.316 | 1600
0 | 2 | 29.316 | 1600
1 | 3 | 29.316 | 1600
2 | 4 | 4.63978e-310 | 7
3 | 4 | 27.784 | 1593
6 | 5 | 27.6103 | 1227
12 | 6 | 24.8461 | 1114
25 | 7 | 24.8461 | 1114
50 | 8 | 24.8461 | 1114
100 | 9 | 24.8461 | 1114
200 | 10 | 21.1982 | 424
400 | 11 | 20.1442 | 272
800 | 12 | 20.1442 | 272
1600 | 13 | 20.1442 | 272
3200 | 14 | 20.1442 | 272
6400 | 15 | 18.8428 | 88
12800 | 16 | 18.8428 | 88
25600 | 17 | 18.8428 | 88
51201 | 18 | 18.8428 | 88
102403 | 19 | 18.8428 | 88
204807 | 20 | 18.8428 | 88
409614 | 21 | 18.8428 | 88
819229 | 22 | 18.8428 | 88
1638459 | 23 | 18.8428 | 88
3276919 | 24 | 18.8428 | 88
6553838 | 25 | 18.4852 | 83
13107676 | 26 | 18.4852 | 83
26215352 | 27 | 14.0408 | 60
52430705 | 28 | 14.0408 | 60
104861411 | 29 | 14.0408 | 60
209722823 | 30 | 14.0408 | 60
419445646 | 31 | 7.91858 | 22
838891293 | 32 | 7.91858 | 22
1677782586 | 33 | 6.34348 | 17
3355565172 | 34 | 4.41107 | 12
6711130345 | 35 | 4.41107 | 12
13422260691 | 36 | 4.41107 | 12
26844521383 | 37 | 4.41107 | 12
53689042766 | 38 | 19.1498 | 1
53689042767 | 38 | 4.41107 | 11
107378085534 | 39 | 4.41107 | 11
214756171069 | 40 | 4.41107 | 11
429512342138 | 41 | 4.41107 | 11
859024684276 | 42 | 0 | 2
859024684277 | 42 | 63.338 | 9
3355565173 | 34 | 4.63978e-310 | 5
1677782587 | 33 | 4.63978e-310 | 5
419445647 | 31 | 8.15298 | 38
838891294 | 32 | 8.15298 | 38
1677782588 | 33 | 5.64201 | 32
3355565177 | 34 | 5.64201 | 32
6711130355 | 35 | 5.64201 | 32
13422260710 | 36 | 5.64201 | 32
26844521420 | 37 | 5.64201 | 32
53689042840 | 38 | 5.64201 | 21
107378085680 | 39 | 5.64201 | 21
214756171360 | 40 | 7.83177 | 1
214756171361 | 40 | 5.30297 | 20
429512342722 | 41 | 0 | 9
429512342723 | 41 | 5.30297 | 11
859024685447 | 42 | 5.30297 | 11
1718049370894 | 43 | 3.54026 | 2
1718049370895 | 43 | 0.212871 | 9
53689042841 | 38 | 4.81969 | 11
107378085682 | 39 | 4.81969 | 11
214756171365 | 40 | 4.81969 | 11
429512342731 | 41 | 4.81969 | 11
859024685463 | 42 | 4.81969 | 11
1718049370927 | 43 | 4.81969 | 11
3436098741855 | 44 | 4.81969 | 11
6872197483711 | 45 | 4.81969 | 11
13744394967422 | 46 | 1.61355 | 7
13744394967423 | 46 | 2.15093 | 4
1677782589 | 33 | 4.63978e-310 | 6
26215353 | 27 | 7.54595 | 23
52430706 | 28 | 6.18945 | 15
104861412 | 29 | 6.18945 | 15
209722824 | 30 | 4.63978e-310 | 1
209722825 | 30 | 5.04035 | 14
419445650 | 31 | 5.04035 | 14
838891301 | 32 | 5.04035 | 14
1677782602 | 33 | 4.63978e-310 | 6
1677782603 | 33 | 4.63978e-310 | 8
52430707 | 28 | 4.63978e-310 | 8
6553839 | 25 | 4.63978e-310 | 5
6401 | 15 | 10.8195 | 184
12802 | 16 | 3.74287 | 24
25605 | 17 | 3.74287 | 24
51210 | 18 | 3.74287 | 24
102421 | 19 | 3.74287 | 24
204842 | 20 | 4.63978e-310 | 5
204843 | 20 | 2.59478 | 19
409686 | 21 | 31.5144 | 8
409687 | 21 | 2.27533 | 11
819374 | 22 | 2.27533 | 11
1638748 | 23 | 1.63042e-322 | 3
1638749 | 23 | 4.63978e-310 | 8
12803 | 16 | 9.22389 | 160
25606 | 17 | 9.22389 | 160
51212 | 18 | 9.22389 | 160
102424 | 19 | 2.62514 | 15
204849 | 20 | 2.62514 | 15
409698 | 21 | 2.62514 | 15
819396 | 22 | 6.90513e-310 | 4
819397 | 22 | 2.34835 | 11
1638794 | 23 | 6.37345e-322 | 7
1638795 | 23 | 1.58101e-322 | 4
102425 | 19 | 8.07414 | 145
204850 | 20 | 8.07414 | 145
409700 | 21 | 8.07414 | 145
819400 | 22 | 5.41748 | 25
1638800 | 23 | 5.41748 | 25
3277601 | 24 | 5.41748 | 25
6555202 | 25 | 5.41748 | 25
13110404 | 26 | 0 | 1
13110405 | 26 | 4.93531 | 24
26220811 | 27 | 4.93531 | 24
52441622 | 28 | 4.93531 | 24
104883244 | 29 | 4.93531 | 24
209766488 | 30 | 4.93531 | 24
419532976 | 31 | 4.93531 | 24
839065952 | 32 | 4.93531 | 24
1678131904 | 33 | 4.93531 | 24
3356263809 | 34 | 4.93531 | 24
6712527618 | 35 | 0 | 8
6712527619 | 35 | 2.21003 | 16
13425055239 | 36 | 2.21003 | 16
26850110479 | 37 | 2.21003 | 16
53700220959 | 38 | 2.21003 | 16
107400441919 | 39 | 2.21003 | 16
214800883838 | 40 | 7.11455e-322 | 8
214800883839 | 40 | 0.124938 | 8
819401 | 22 | 6.51887 | 120
1638802 | 23 | 6.19483 | 69
3277605 | 24 | 6.19483 | 69
6555210 | 25 | 6.19483 | 69
13110421 | 26 | 6.19483 | 69
26220842 | 27 | 6.19483 | 69
52441685 | 28 | 6.19483 | 69
104883370 | 29 | 7.40749 | 3
104883371 | 29 | 6.19483 | 66
209766742 | 30 | 6.19483 | 66
419533484 | 31 | 3.94792 | 43
839066969 | 32 | 3.94792 | 43
1678133938 | 33 | 3.94792 | 43
3356267876 | 34 | 9.97374 | 10
3356267877 | 34 | 2.77883 | 33
6712535754 | 35 | 1.06771 | 10
6712535755 | 35 | 2.5146 | 23
13425071510 | 36 | 2.5146 | 23
26850143020 | 37 | 1.37608 | 4
26850143021 | 37 | 1.86561 | 19
53700286042 | 38 | 1.86561 | 19
107400572084 | 39 | 1.86561 | 19
214801144168 | 40 | 1.86561 | 19
429602288336 | 41 | 1.86561 | 19
859204576672 | 42 | 0.786048 | 2
859204576673 | 42 | 1.76991 | 17
1718409153346 | 43 | 1.76991 | 17
3436818306692 | 44 | 1.76991 | 17
6873636613384 | 45 | 7.11455e-322 | 1
6873636613385 | 45 | 1.76991 | 16
13747273226770 | 46 | 1.43325 | 12
27494546453540 | 47 | 1.43325 | 12
54989092907080 | 48 | 1.43325 | 12
109978185814160 | 49 | 10.7407 | 10
109978185814161 | 49 | 19.3163 | 2
13747273226771 | 46 | 4.63978e-310 | 4
419533485 | 31 | 2.99296 | 23
839066970 | 32 | 2.99296 | 23
1678133941 | 33 | 2.99296 | 23
3356267882 | 34 | 2.99296 | 23
6712535764 | 35 | 4.63978e-310 | 6
6712535765 | 35 | 2.39797 | 17
13425071530 | 36 | 1.5522 | 12
26850143060 | 37 | 1.5522 | 12
53700286120 | 38 | 4.63978e-310 | 1
53700286121 | 38 | 1.34461 | 11
107400572242 | 39 | 1.34461 | 11
214801144484 | 40 | 1.34461 | 11
429602288968 | 41 | 7.11455e-322 | 1
429602288969 | 41 | 1.57474 | 10
13425071531 | 36 | 4.63978e-310 | 5
1638803 | 23 | 5.79941 | 51
3277607 | 24 | 5.79941 | 51
6555214 | 25 | 1.96711 | 13
13110428 | 26 | 1.96711 | 13
26220857 | 27 | 1.96711 | 13
52441714 | 28 | 1.96711 | 13
104883429 | 29 | 1.96711 | 13
209766858 | 30 | 3.21143e-322 | 3
209766859 | 30 | 4.63978e-310 | 10
6555215 | 25 | 4.45979 | 38
13110431 | 26 | 4.45979 | 38
26220862 | 27 | 4.45979 | 38
52441724 | 28 | 1.90175 | 18
104883449 | 29 | 1.90175 | 18
209766899 | 30 | 1.90175 | 18
419533798 | 31 | 3.61664 | 4
419533799 | 31 | 1.33701 | 14
839067598 | 32 | 0.184407 | 10
839067599 | 32 | 0.638781 | 4
52441725 | 28 | 2.26265 | 20
104883451 | 29 | 2.26265 | 20
209766903 | 30 | 2.26265 | 20
419533807 | 31 | 2.26265 | 20
839067614 | 32 | 2.07096 | 18
1678135228 | 33 | 2.07096 | 18
3356270456 | 34 | 2.07096 | 18
6712540912 | 35 | 29.7008 | 9
6712540913 | 35 | 0.988879 | 9
839067615 | 32 | 4.63978e-310 | 2
401 | 11 | 19.5745 | 152
802 | 12 | 19.5745 | 152
1604 | 13 | 19.5745 | 152
3209 | 14 | 19.5745 | 152
6418 | 15 | 8.77374 | 22
12836 | 16 | 3.60014 | 11
25672 | 17 | 4.63978e-310 | 1
25673 | 17 | 6.90513e-310 | 10
12837 | 16 | 4.75226 | 11
25675 | 17 | 4.75226 | 11
51351 | 18 | 4.75226 | 11
102703 | 19 | 4.75226 | 11
205406 | 20 | 1.63042e-322 | 8
205407 | 20 | 1.63042e-322 | 3
6419 | 15 | 17.7269 | 130
12839 | 16 | 17.7269 | 130
25678 | 17 | 13.7351 | 31
51356 | 18 | 1.58101e-322 | 8
51357 | 18 | 9.97446 | 23
102714 | 19 | 1.58101e-322 | 8
102715 | 19 | 4.82522 | 15
205431 | 20 | 4.82522 | 15
410862 | 21 | 4.82522 | 15
821724 | 22 | 4.82522 | 15
1643448 | 23 | 4.82522 | 15
3286897 | 24 | 4.82522 | 15
6573794 | 25 | 4.63978e-310 | 3
6573795 | 25 | 2.60768 | 12
13147590 | 26 | 2.60768 | 12
26295180 | 27 | 3.21143e-322 | 5
26295181 | 27 | 4.79244e-322 | 7
25679 | 17 | 17.6971 | 99
51358 | 18 | 17.6971 | 99
102716 | 19 | 16.5479 | 43
205432 | 20 | 16.5479 | 43
410864 | 21 | 16.5479 | 43
821728 | 22 | 14.5663 | 25
1643457 | 23 | 14.5663 | 25
3286914 | 24 | 13.0254 | 16
6573828 | 25 | 1.63042e-322 | 8
6573829 | 25 | 1.8077 | 8
3286915 | 24 | 0.256189 | 9
821729 | 22 | 3.53493 | 18
1643458 | 23 | 3.53493 | 18
3286917 | 24 | 3.53493 | 18
6573834 | 25 | 7.28832 | 6
6573835 | 25 | 1.63658 | 12
13147670 | 26 | 1.6614 | 2
13147671 | 26 | 0.396733 | 10
102717 | 19 | 13.2647 | 56
205435 | 20 | 13.2647 | 56
410870 | 21 | 13.2647 | 56
821740 | 22 | 13.2647 | 53
1643480 | 23 | 1.63042e-322 | 9
1643481 | 23 | 13.2647 | 44
3286962 | 24 | 1.58101e-322 | 3
3286963 | 24 | 5.0843 | 41
6573926 | 25 | 4.84772 | 39
13147852 | 26 | 4.84772 | 39
26295705 | 27 | 4.84772 | 39
52591410 | 28 | 1.63042e-322 | 4
52591411 | 28 | 4.68085 | 35
105182823 | 29 | 4.68085 | 35
210365646 | 30 | 4.68085 | 35
420731292 | 31 | 3.47912 | 20
841462584 | 32 | 3.47912 | 20
1682925169 | 33 | 3.47912 | 20
3365850338 | 34 | 3.77391 | 7
3365850339 | 34 | 1.59484 | 13
6731700679 | 35 | 1.59484 | 13
13463401358 | 36 | 1.59484 | 13
26926802717 | 37 | 1.59484 | 13
53853605434 | 38 | 1.28509 | 8
53853605435 | 38 | 0.032828 | 5
420731293 | 31 | 1.22751 | 15
841462586 | 32 | 4.63978e-310 | 1
841462587 | 32 | 1.22751 | 14
1682925174 | 33 | 1.22751 | 14
3365850349 | 34 | 1.22751 | 14
6731700698 | 35 | 1.22751 | 14
13463401397 | 36 | 1.22751 | 14
26926802794 | 37 | 1.22751 | 11
53853605588 | 38 | 0.341637 | 5
53853605589 | 38 | 8.23684 | 6
26926802795 | 37 | 0 | 3
6573927 | 25 | 4.63978e-310 | 2
821741 | 22 | 4.63978e-310 | 3
201 | 10 | 22.1502 | 690
402 | 11 | 22.1502 | 690
804 | 12 | 15.4106 | 325
1608 | 13 | 15.4106 | 325
3217 | 14 | 15.4106 | 325
6434 | 15 | 15.4106 | 325
12868 | 16 | 15.4106 | 325
25737 | 17 | 15.4106 | 325
51474 | 18 | 7.19553 | 43
102948 | 19 | 6.23182 | 15
205897 | 20 | 6.23182 | 15
411795 | 21 | 6.23182 | 15
823591 | 22 | 6.23182 | 15
1647182 | 23 | 1.61856 | 2
1647183 | 23 | 4.72141 | 13
3294367 | 24 | 4.72141 | 13
6588734 | 25 | 4.72141 | 13
13177468 | 26 | 3.1436 | 12
26354936 | 27 | 3.1436 | 12
52709872 | 28 | 3.1436 | 12
105419744 | 29 | 1.73911e-321 | 1
105419745 | 29 | 2.76503 | 11
210839491 | 30 | 2.76503 | 11
421678982 | 31 | 2.76503 | 11
843357965 | 32 | 2.76503 | 11
1686715931 | 33 | 2.76503 | 11
3373431863 | 34 | 2.76503 | 11
6746863726 | 35 | 9.24591 | 2
6746863727 | 35 | 3.28038 | 9
13177469 | 26 | 4.63978e-310 | 1
102949 | 19 | 7.02123 | 28
205899 | 20 | 7.02123 | 28
411799 | 21 | 7.02123 | 28
823599 | 22 | 7.02123 | 28
1647198 | 23 | 4.63978e-310 | 8
1647199 | 23 | 4.53232 | 20
3294398 | 24 | 4.53232 | 20
6588796 | 25 | 4.53232 | 20
13177593 | 26 | 4.53232 | 20
26355187 | 27 | 4.53232 | 20
52710374 | 28 | 4.53232 | 20
105420748 | 29 | 2.19005 | 7
105420749 | 29 | 3.58243 | 13
210841499 | 30 | 3.58243 | 13
421682998 | 31 | 2.55964 | 10
421682999 | 31 | 11.9688 | 3
51475 | 18 | 13.2319 | 282
102950 | 19 | 7.28992 | 13
205900 | 20 | 4.63978e-310 | 4
205901 | 20 | 4.63978e-310 | 9
102951 | 19 | 13.2319 | 269
205903 | 20 | 13.2319 | 269
411806 | 21 | 7.51821 | 49
823612 | 22 | 6.86282 | 32
1647224 | 23 | 2.98777 | 13
3294448 | 24 | 2.98777 | 13
6588896 | 25 | 2.98777 | 13
13177792 | 26 | 19.0286 | 1
13177793 | 26 | 2.60615 | 12
26355586 | 27 | 2.60615 | 12
52711172 | 28 | 0.72027 | 10
52711173 | 28 | 9.06749 | 2
1647225 | 23 | 4.30267 | 19
3294450 | 24 | 4.30267 | 19
6588901 | 25 | 4.30267 | 19
13177802 | 26 | 4.30267 | 19
26355604 | 27 | 4.30267 | 19
52711209 | 28 | 4.30267 | 19
105422418 | 29 | 12.1165 | 2
105422419 | 29 | 4.00594 | 17
210844838 | 30 | 4.00594 | 17
421689676 | 31 | 4.00594 | 17
843379352 | 32 | 8.83871 | 4
843379353 | 32 | 2.35775 | 13
1686758707 | 33 | 2.35775 | 13
3373517415 | 34 | 2.35775 | 13
6747034830 | 35 | 2.35775 | 12
13494069661 | 36 | 2.35775 | 12
26988139322 | 37 | 2.35775 | 12
53976278644 | 38 | 2.35775 | 12
107952557288 | 39 | 16.3414 | 7
107952557289 | 39 | 1.37444 | 5
6747034831 | 35 | 4.63978e-310 | 1
823613 | 22 | 6.06801 | 17
1647226 | 23 | 4.63978e-310 | 9
1647227 | 23 | 4.63978e-310 | 8
411807 | 21 | 10.9986 | 220
823615 | 22 | 10.9986 | 220
1647230 | 23 | 10.5013 | 179
3294461 | 24 | 10.5013 | 179
6588922 | 25 | 7.84157 | 34
13177845 | 26 | 7.84157 | 34
26355691 | 27 | 7.84157 | 34
52711382 | 28 | 7.84157 | 34
105422764 | 29 | 6.26783 | 26
210845528 | 30 | 6.26783 | 16
421691057 | 31 | 6.26783 | 16
843382114 | 32 | 0.983997 | 6
843382115 | 32 | 0.694655 | 10
210845529 | 30 | 4.63978e-310 | 10
105422765 | 29 | 4.63978e-310 | 8
6588923 | 25 | 10.0074 | 145
13177846 | 26 | 10.0074 | 145
26355693 | 27 | 10.0074 | 145
52711386 | 28 | 10.0074 | 145
105422772 | 29 | 10.0074 | 145
210845545 | 30 | 10.0074 | 145
421691090 | 31 | 10.0074 | 145
843382180 | 32 | 0 | 6
843382181 | 32 | 10.0074 | 139
1686764362 | 33 | 0 | 7
1686764363 | 33 | 10.0074 | 132
3373528726 | 34 | 10.0074 | 132
6747057453 | 35 | 10.0074 | 132
13494114906 | 36 | 10.0074 | 132
26988229813 | 37 | 10.0074 | 132
53976459626 | 38 | 4.63978e-310 | 5
53976459627 | 38 | 10.0074 | 127
107952919254 | 39 | 10.0074 | 127
215905838508 | 40 | 10.0074 | 127
431811677016 | 41 | 8.5866 | 63
863623354032 | 42 | 8.5866 | 63
1727246708064 | 43 | 2.86745 | 19
3454493416129 | 44 | 2.86745 | 19
6908986832258 | 45 | 6.68312 | 6
6908986832259 | 45 | 2.07208 | 13
13817973664518 | 46 | 0.65708 | 6
13817973664519 | 46 | 6.90513e-310 | 7
1727246708065 | 43 | 5.74035 | 44
3454493416130 | 44 | 5.74035 | 44
6908986832260 | 45 | 2.95877 | 23
13817973664520 | 46 | 2.95877 | 23
27635947329040 | 47 | 2.95877 | 23
55271894658080 | 48 | 2.1837 | 18
110543789316160 | 49 | 1.67771 | 3
110543789316161 | 49 | 2.04061 | 15
221087578632322 | 50 | 0.81683 | 9
221087578632323 | 50 | 9.48606e-322 | 6
55271894658081 | 48 | 4.63978e-310 | 5
6908986832261 | 45 | 2.79397 | 21
13817973664523 | 46 | 2.79397 | 21
27635947329046 | 47 | 2.79397 | 21
55271894658092 | 48 | 2.79397 | 21
110543789316184 | 49 | 2.79397 | 21
221087578632368 | 50 | 2.79397 | 21
442175157264736 | 51 | 2.79397 | 21
884350314529472 | 52 | 2.79397 | 21
1768700629058944 | 53 | 2.79397 | 21
3537401258117888 | 54 | 2.34447 | 16
7074802516235777 | 55 | 2.34447 | 16
14149605032471555 | 56 | 2.34447 | 16
28299210064943110 | 57 | 1.42785e-321 | 7
28299210064943111 | 57 | 2.03628 | 9
3537401258117889 | 54 | 4.63978e-310 | 5
431811677017 | 41 | 8.36528 | 64
863623354034 | 42 | 4.63978e-310 | 5
863623354035 | 42 | 8.22134 | 59
1727246708071 | 43 | 8.22134 | 59
3454493416142 | 44 | 7.09942 | 22
6908986832284 | 45 | 6.50761 | 21
13817973664569 | 46 | 6.50761 | 21
27635947329139 | 47 | 6.50761 | 21
55271894658279 | 48 | 6.50761 | 21
110543789316558 | 49 | 6.50761 | 21
221087578633116 | 50 | 6.50761 | 21
442175157266233 | 51 | 6.50761 | 21
884350314532466 | 52 | 0.779437 | 3
884350314532467 | 52 | 5.30532 | 18
1768700629064935 | 53 | 5.30532 | 18
3537401258129870 | 54 | 5.30532 | 18
7074802516259740 | 55 | 5.30532 | 18
14149605032519480 | 56 | 5.30532 | 18
28299210065038960 | 57 | 5.30532 | 18
56598420130077920 | 58 | 0.289729 | 9
56598420130077921 | 58 | 2.70087 | 9
6908986832285 | 45 | 4.63978e-310 | 1
3454493416143 | 44 | 7.64388 | 37
6908986832287 | 45 | 7.64388 | 37
13817973664575 | 46 | 7.64388 | 37
27635947329150 | 47 | 7.64388 | 37
55271894658300 | 48 | 7.64388 | 37
110543789316601 | 49 | 7.64388 | 37
221087578633202 | 50 | 7.64388 | 37
442175157266404 | 51 | 5.77731 | 31
884350314532809 | 52 | 5.77731 | 31
1768700629065618 | 53 | 4.79244e-322 | 8
1768700629065619 | 53 | 5.30615 | 23
3537401258131238 | 54 | 2.55133 | 11
7074802516262476 | 55 | 2.55133 | 11
14149605032524952 | 56 | 15.3185 | 4
14149605032524953 | 56 | 3.64494 | 7
3537401258131239 | 54 | 2.82041 | 12
7074802516262478 | 55 | 2.82041 | 12
14149605032524957 | 56 | 2.82041 | 12
28299210065049914 | 57 | 2.82041 | 12
56598420130099828 | 58 | 2.82041 | 12
113196840260199656 | 59 | 2.82041 | 12
226393680520399312 | 60 | 0.46047 | 6
226393680520399313 | 60 | 1.26481e-321 | 6
442175157266405 | 51 | 4.63978e-310 | 6
1647231 | 23 | 8.84729 | 41
3294462 | 24 | 8.84729 | 41
6588924 | 25 | 8.84729 | 41
13177848 | 26 | 8.84729 | 41
26355696 | 27 | 8.38018 | 39
52711392 | 28 | 7.89144 | 23
105422784 | 29 | 7.89144 | 23
210845569 | 30 | 7.89144 | 23
421691138 | 31 | 7.89144 | 23
843382276 | 32 | 7.89144 | 23
1686764552 | 33 | 7.89144 | 23
3373529104 | 34 | 1.83195 | 7
3373529105 | 34 | 3.75068 | 16
6747058210 | 35 | 2.09476 | 3
6747058211 | 35 | 3.75068 | 13
13494116422 | 36 | 0 | 5
13494116423 | 36 | 0.0372683 | 8
52711393 | 28 | 3.70491 | 16
105422786 | 29 | 3.70491 | 16
210845572 | 30 | 3.50191 | 15
421691145 | 31 | 3.50191 | 15
843382290 | 32 | 3.50191 | 14
1686764580 | 33 | 3.50191 | 14
3373529160 | 34 | 3.50191 | 14
6747058321 | 35 | 3.50191 | 14
13494116642 | 36 | 49.6526 | 1
13494116643 | 36 | 3.2067 | 13
26988233287 | 37 | 3.2067 | 13
53976466574 | 38 | 3.2067 | 13
107952933149 | 39 | 3.2067 | 13
215905866298 | 40 | 4.48461 | 3
215905866299 | 40 | 4.63978e-310 | 10
843382291 | 32 | 4.63978e-310 | 1
210845573 | 30 | 4.63978e-310 | 1
26355697 | 27 | 4.63978e-310 | 2
805 | 12 | 13.6189 | 365
1611 | 13 | 13.6189 | 365
3223 | 14 | 13.6189 | 365
6447 | 15 | 13.6189 | 365
12894 | 16 | 13.6189 | 365
25789 | 17 | 13.6189 | 365
51578 | 18 | 13.6189 | 320
103156 | 19 | 10.1116 | 213
206312 | 20 | 10.1116 | 213
412625 | 21 | 10.1116 | 213
825251 | 22 | 10.1116 | 213
1650502 | 23 | 7.85787 | 107
3301005 | 24 | 7.85787 | 107
6602010 | 25 | 3.5944 | 28
13204020 | 26 | 0.28892 | 1
13204021 | 26 | 2.74959 | 27
26408042 | 27 | 2.74959 | 27
52816084 | 28 | 2.32795 | 3
52816085 | 28 | 2.74959 | 24
105632170 | 29 | 1.93813 | 13
211264341 | 30 | 1.93813 | 13
422528682 | 31 | 1.93813 | 13
845057364 | 32 | 1.65767 | 2
845057365 | 32 | 1.60145 | 11
1690114730 | 33 | 1.60145 | 11
3380229460 | 34 | 1.60145 | 11
6760458920 | 35 | 1.60145 | 11
13520917840 | 36 | 1.60145 | 11
27041835680 | 37 | 1.60145 | 11
54083671360 | 38 | 1.60145 | 11
108167342720 | 39 | 1.60145 | 11
216334685440 | 40 | 1.60145 | 11
432669370880 | 41 | 7.95446e-322 | 6
432669370881 | 41 | 9.2139 | 5
105632171 | 29 | 0.962963 | 11
211264343 | 30 | 0.962963 | 11
422528687 | 31 | 0.962963 | 11
845057374 | 32 | 4.63978e-310 | 10
845057375 | 32 | 4.63978e-310 | 1
6602011 | 25 | 6.44416 | 79
13204022 | 26 | 4.63978e-310 | 1
13204023 | 26 | 6.44416 | 78
26408046 | 27 | 3.05481 | 28
52816092 | 28 | 3.05481 | 28
105632184 | 29 | 6.3264 | 6
105632185 | 29 | 2.93229 | 22
211264371 | 30 | 2.93229 | 22
422528743 | 31 | 2.93229 | 22
845057486 | 32 | 3.21143e-322 | 1
845057487 | 32 | 2.93229 | 21
1690114974 | 33 | 3.9409 | 1
1690114975 | 33 | 2.54092 | 20
3380229950 | 34 | 2.54092 | 20
6760459900 | 35 | 2.54092 | 20
13520919800 | 36 | 0.0999494 | 3
13520919801 | 36 | 2.28018 | 17
27041839603 | 37 | 2.28018 | 17
54083679206 | 38 | 2.28018 | 17
108167358412 | 39 | 2.28018 | 17
216334716824 | 40 | 0 | 9
216334716825 | 40 | 1.54374 | 8
26408047 | 27 | 3.88753 | 50
52816094 | 28 | 2.60189 | 21
105632189 | 29 | 2.60189 | 21
211264379 | 30 | 2.60189 | 21
422528758 | 31 | 2.60189 | 20
845057516 | 32 | 2.60189 | 20
1690115033 | 33 | 2.60189 | 20
3380230067 | 34 | 2.60189 | 20
6760460134 | 35 | 2.60189 | 20
13520920269 | 36 | 2.60189 | 20
27041840539 | 37 | 2.60189 | 20
54083681078 | 38 | 2.60189 | 20
108167362156 | 39 | 2.60189 | 20
216334724312 | 40 | 2.60189 | 20
432669448624 | 41 | 2.60189 | 20
865338897249 | 42 | 2.60189 | 20
1730677794498 | 43 | 1.1599 | 7
1730677794499 | 43 | 1.93578 | 13
3461355588999 | 44 | 1.93578 | 13
6922711177998 | 45 | 1.78391 | 11
13845422355997 | 46 | 1.78391 | 11
27690844711994 | 47 | 3.9906 | 3
27690844711995 | 47 | 4.63978e-310 | 8
6922711177999 | 45 | 4.63978e-310 | 2
422528759 | 31 | 4.63978e-310 | 1
52816095 | 28 | 2.53698 | 29
105632190 | 29 | 2.26431 | 20
211264380 | 30 | 1.48743 | 12
422528760 | 31 | 1.48743 | 12
845057520 | 32 | 1.48743 | 12
1690115041 | 33 | 1.48743 | 12
3380230082 | 34 | 1.48743 | 12
6760460165 | 35 | 1.48743 | 12
13520920331 | 36 | 1.48743 | 12
27041840662 | 37 | 1.48743 | 12
54083681325 | 38 | 1.48743 | 12
108167362650 | 39 | 1.48743 | 12
216334725301 | 40 | 1.48743 | 12
432669450603 | 41 | 1.48743 | 12
865338901207 | 42 | 1.48743 | 12
1730677802414 | 43 | 1.48743 | 12
3461355604829 | 44 | 1.48743 | 12
6922711209658 | 45 | 3.39832 | 10
6922711209659 | 45 | 2.37152e-322 | 2
211264381 | 30 | 4.63978e-310 | 8
105632191 | 29 | 4.63978e-310 | 9
1650503 | 23 | 8.0024 | 106
3301006 | 24 | 8.0024 | 106
6602012 | 25 | 8.0024 | 106
13204024 | 26 | 8.0024 | 106
26408049 | 27 | 8.0024 | 106
52816098 | 28 | 5.38146 | 61
105632196 | 29 | 4.66943 | 30
211264392 | 30 | 4.66943 | 30
422528785 | 31 | 4.66943 | 30
845057570 | 32 | 4.25051 | 24
1690115141 | 33 | 4.25051 | 24
3380230283 | 34 | 4.25051 | 24
6760460567 | 35 | 4.25051 | 24
13520921134 | 36 | 0 | 3
13520921135 | 36 | 3.49405 | 21
27041842270 | 37 | 3.49405 | 21
54083684540 | 38 | 3.49405 | 19
108167369080 | 39 | 3.49405 | 19
216334738160 | 40 | 12.2084 | 10
216334738161 | 40 | 4.25773 | 9
54083684541 | 38 | 4.63978e-310 | 2
845057571 | 32 | 4.63978e-310 | 6
105632197 | 29 | 3.98958 | 31
211264394 | 30 | 3.98958 | 31
422528789 | 31 | 3.98958 | 31
845057579 | 32 | 3.98958 | 31
1690115158 | 33 | 3.98958 | 31
3380230316 | 34 | 4.63978e-310 | 4
3380230317 | 34 | 3.61194 | 27
6760460634 | 35 | 3.61194 | 27
13520921268 | 36 | 3.61194 | 27
27041842537 | 37 | 3.61194 | 27
54083685074 | 38 | 3.61194 | 27
108167370148 | 39 | 3.61194 | 27
216334740296 | 40 | 6.93229 | 7
216334740297 | 40 | 2.99284 | 20
432669480594 | 41 | 2.99284 | 17
865338961188 | 42 | 2.99284 | 17
1730677922376 | 43 | 2.99284 | 17
3461355844752 | 44 | 2.91327 | 11
6922711689504 | 45 | 0.0147569 | 10
6922711689505 | 45 | 1.06788 | 1
3461355844753 | 44 | 4.63978e-310 | 6
432669480595 | 41 | 4.63978e-310 | 3
52816099 | 28 | 4.83669 | 45
105632198 | 29 | 4.83669 | 37
211264396 | 30 | 4.14332 | 26
422528793 | 31 | 4.14332 | 26
845057587 | 32 | 4.14332 | 26
1690115175 | 33 | 4.14332 | 26
3380230351 | 34 | 4.14332 | 26
6760460702 | 35 | 4.14332 | 26
13520921404 | 36 | 3.56769 | 11
27041842808 | 37 | 3.56769 | 11
54083685616 | 38 | 3.56769 | 11
108167371232 | 39 | 3.56769 | 11
216334742465 | 40 | 3.56769 | 11
432669484930 | 41 | 0.41882 | 8
432669484931 | 41 | 8.74987 | 3
13520921405 | 36 | 3.73893 | 15
27041842810 | 37 | 3.73893 | 15
54083685620 | 38 | 3.73893 | 15
108167371241 | 39 | 3.73893 | 15
216334742482 | 40 | 3.73893 | 15
432669484964 | 41 | 0.872375 | 4
432669484965 | 41 | 2.9482 | 11
865338969931 | 42 | 2.9482 | 11
1730677939863 | 43 | 2.9482 | 11
3461355879726 | 44 | 2.9482 | 11
6922711759452 | 45 | 2.9482 | 11
13845423518905 | 46 | 2.9482 | 11
27690847037810 | 47 | 2.9482 | 11
55381694075620 | 48 | 2.9482 | 11
110763388151240 | 49 | 2.9482 | 11
221526776302480 | 50 | 1.05214 | 4
221526776302481 | 50 | 1.26975e-321 | 7
211264397 | 30 | 3.68414 | 11
422528794 | 31 | 3.68414 | 11
845057588 | 32 | 4.63978e-310 | 8
845057589 | 32 | 4.63978e-310 | 3
105632199 | 29 | 4.63978e-310 | 8
103157 | 19 | 9.00155 | 107
206314 | 20 | 9.00155 | 107
412628 | 21 | 6.20238 | 17
825257 | 22 | 6.20238 | 17
1650514 | 23 | 1.49193 | 11
3301028 | 24 | 13.9391 | 8
3301029 | 24 | 6.90513e-310 | 3
1650515 | 23 | 4.63978e-310 | 6
412629 | 21 | 8.14054 | 90
825258 | 22 | 4.63978e-310 | 3
825259 | 22 | 8.11274 | 87
1650518 | 23 | 8.11274 | 87
3301037 | 24 | 8.11274 | 87
6602075 | 25 | 8.11274 | 87
13204150 | 26 | 6.90513e-310 | 4
13204151 | 26 | 7.86739 | 83
26408302 | 27 | 7.86739 | 83
52816605 | 28 | 7.86739 | 83
105633211 | 29 | 7.86739 | 83
211266423 | 30 | 7.86739 | 83
422532846 | 31 | 7.86739 | 83
845065692 | 32 | 7.86739 | 83
1690131385 | 33 | 7.86739 | 83
3380262771 | 34 | 7.86739 | 83
6760525542 | 35 | 5.67295 | 49
13521051084 | 36 | 3.31398 | 10
13521051085 | 36 | 4.49958 | 39
27042102171 | 37 | 4.49958 | 39
54084204342 | 38 | 4.49958 | 39
108168408684 | 39 | 0 | 5
108168408685 | 39 | 3.81891 | 34
216336817371 | 40 | 3.81891 | 34
432673634743 | 41 | 3.81891 | 34
865347269487 | 42 | 3.81891 | 34
1730694538974 | 43 | 3.81891 | 34
3461389077948 | 44 | 3.81891 | 34
6922778155896 | 45 | 3.4997 | 26
13845556311792 | 46 | 4.63978e-310 | 4
13845556311793 | 46 | 2.99264 | 22
27691112623586 | 47 | 2.39789 | 14
55382225247172 | 48 | 1.8882 | 11
110764450494344 | 49 | 1.8882 | 11
221528900988688 | 50 | 1.8882 | 11
443057801977377 | 51 | 1.8882 | 11
886115603954755 | 52 | 1.8882 | 11
1772231207909510 | 53 | 3.75044 | 2
1772231207909511 | 53 | 0.602324 | 9
55382225247173 | 48 | 4.63978e-310 | 3
27691112623587 | 47 | 4.63978e-310 | 8
6922778155897 | 45 | 4.63978e-310 | 8
6760525543 | 35 | 5.42919 | 34
13521051087 | 36 | 5.42919 | 34
27042102175 | 37 | 5.42919 | 34
54084204350 | 38 | 4.86878 | 16
108168408700 | 39 | 6.90513e-310 | 7
108168408701 | 39 | 7.64729 | 9
54084204351 | 38 | 5.06501 | 18
108168408703 | 39 | 5.06501 | 18
216336817406 | 40 | 5.06501 | 18
432673634812 | 41 | 5.06501 | 16
865347269624 | 42 | 6.11428 | 3
865347269625 | 42 | 3.67766 | 13
1730694539251 | 43 | 3.67766 | 13
3461389078503 | 44 | 3.67766 | 13
6922778157006 | 45 | 9.84464 | 6
6922778157007 | 45 | 1.58101e-322 | 7
432673634813 | 41 | 4.63978e-310 | 2
51579 | 18 | 8.39678 | 45
103159 | 19 | 8.39678 | 45
206318 | 20 | 8.39678 | 45
412636 | 21 | 8.39678 | 45
825272 | 22 | 8.39678 | 45
1650544 | 23 | 5.95186 | 28
3301089 | 24 | 5.95186 | 28
6602178 | 25 | 5.95186 | 28
13204356 | 26 | 4.78179 | 26
26408712 | 27 | 12.4326 | 6
26408713 | 27 | 4.61928 | 20
52817426 | 28 | 1.15539 | 5
52817427 | 28 | 3.11498 | 15
105634854 | 29 | 6.90513e-310 | 6
105634855 | 29 | 4.63978e-310 | 9
13204357 | 26 | 4.63978e-310 | 2
1650545 | 23 | 3.42037 | 17
3301091 | 24 | 3.42037 | 17
6602182 | 25 | 3.42037 | 17
13204365 | 26 | 3.42037 | 17
26408730 | 27 | 3.10329 | 15
52817460 | 28 | 3.10329 | 15
105634920 | 29 | 3.10329 | 15
211269840 | 30 | 3.10329 | 15
422539681 | 31 | 3.10329 | 15
845079362 | 32 | 0 | 2
845079363 | 32 | 2.95369 | 13
1690158726 | 33 | 2.95369 | 13
3380317452 | 34 | 3.42576 | 2
3380317453 | 34 | 2.57654 | 11
6760634906 | 35 | 2.57654 | 11
13521269812 | 36 | 1.63042e-322 | 3
13521269813 | 36 | 4.63978e-310 | 8
26408731 | 27 | 4.63978e-310 | 2
13 | 6 | 19.3144 | 113
26 | 7 | 13.6973 | 44
53 | 8 | 13.6973 | 44
106 | 9 | 13.6973 | 44
212 | 10 | 13.6973 | 44
424 | 11 | 12.269 | 31
849 | 12 | 12.269 | 31
1698 | 13 | 6.90513e-310 | 4
1699 | 13 | 9.64517 | 27
3398 | 14 | 9.64517 | 27
6797 | 15 | 9.64517 | 27
13595 | 16 | 9.64517 | 27
27190 | 17 | 9.64517 | 23
54380 | 18 | 9.64517 | 23
108760 | 19 | 6.90513e-310 | 2
108761 | 19 | 8.23929 | 21
217523 | 20 | 8.23929 | 21
435047 | 21 | 8.23929 | 21
870094 | 22 | 6.52542 | 19
1740188 | 23 | 6.52542 | 19
3480376 | 24 | 6.52542 | 19
6960752 | 25 | 6.52542 | 19
13921504 | 26 | 6.43662 | 13
27843008 | 27 | 6.43662 | 13
55686016 | 28 | 1.63042e-322 | 5
55686017 | 28 | 1.63042e-322 | 8
13921505 | 26 | 1.63042e-322 | 6
870095 | 22 | 4.63978e-310 | 2
27191 | 17 | 4.63978e-310 | 4
425 | 11 | 12.7105 | 13
851 | 12 | 12.7105 | 13
1702 | 13 | 12.7105 | 13
3405 | 14 | 12.7105 | 13
6811 | 15 | 12.7105 | 13
13622 | 16 | 4.63978e-310 | 2
13623 | 16 | 8.16021 | 11
27247 | 17 | 8.16021 | 11
54494 | 18 | 8.16021 | 11
108988 | 19 | 8.16021 | 11
217976 | 20 | 8.16021 | 11
435953 | 21 | 8.16021 | 11
871906 | 22 | 1.63042e-322 | 2
871907 | 22 | 1.63042e-322 | 9
27 | 7 | 9.38706 | 69
54 | 8 | 6.83982 | 44
108 | 9 | 6.83982 | 44
216 | 10 | 6.83982 | 44
432 | 11 | 6.83982 | 44
865 | 12 | 6.83982 | 44
1730 | 13 | 6.83982 | 44
3460 | 14 | 6.83982 | 44
6921 | 15 | 6.83982 | 44
13842 | 16 | 4.46465 | 17
27684 | 17 | 3.84883 | 16
55369 | 18 | 3.84883 | 16
110738 | 19 | 3.84883 | 14
221477 | 20 | 3.84883 | 14
442954 | 21 | 3.84883 | 14
885908 | 22 | 1.58101e-322 | 4
885909 | 22 | 1.58101e-322 | 10
110739 | 19 | 1.58101e-322 | 2
27685 | 17 | 1.58101e-322 | 1
13843 | 16 | 3.7496 | 27
27686 | 17 | 3.7496 | 27
55372 | 18 | 3.7496 | 27
110744 | 19 | 3.7496 | 27
221488 | 20 | 3.7496 | 27
442977 | 21 | 3.7496 | 27
885955 | 22 | 3.7496 | 27
1771910 | 23 | 3.7496 | 26
3543820 | 24 | 1.96544 | 11
7087640 | 25 | 4.63978e-310 | 2
7087641 | 25 | 4.63978e-310 | 9
3543821 | 24 | 2.41819 | 15
7087642 | 25 | 2.41819 | 15
14175284 | 26 | 2.41819 | 15
28350569 | 27 | 2.41819 | 15
56701138 | 28 | 2.41819 | 15
113402276 | 29 | 5.51658 | 6
113402277 | 29 | 0.10351 | 9
1771911 | 23 | 30.7028 | 1
55 | 8 | 6.67001 | 25
111 | 9 | 6.67001 | 25
222 | 10 | 2.37152e-322 | 1
223 | 10 | 6.10681 | 24
446 | 11 | 6.10681 | 24
892 | 12 | 6.10681 | 24
1785 | 13 | 6.10681 | 24
3570 | 14 | 6.10681 | 24
7141 | 15 | 6.10681 | 24
14283 | 16 | 6.10681 | 24
28566 | 17 | 6.10681 | 24
57133 | 18 | 6.10681 | 24
114266 | 19 | 2.97091 | 11
228533 | 20 | 2.97091 | 11
457066 | 21 | 0.0275201 | 7
457067 | 21 | 0 | 4
114267 | 19 | 4.07627 | 13
228534 | 20 | 3.21143e-322 | 1
228535 | 20 | 3.1653 | 12
457070 | 21 | 3.21143e-322 | 2
457071 | 21 | 3.21143e-322 | 10
7 | 5 | 26.4674 | 366
14 | 6 | 22.8495 | 188
28 | 7 | 20.1804 | 100
57 | 8 | 20.1804 | 100
115 | 9 | 20.1804 | 100
230 | 10 | 18.8314 | 38
461 | 11 | 18.8314 | 38
923 | 12 | 18.8314 | 38
1846 | 13 | 15.5998 | 21
3692 | 14 | 15.5998 | 21
7384 | 15 | 15.5998 | 21
14768 | 16 | 15.5998 | 21
29536 | 17 | 15.5998 | 21
59072 | 18 | 12.0653 | 12
118145 | 19 | 12.0653 | 12
236290 | 20 | 12.0653 | 12
472581 | 21 | 12.0653 | 12
945163 | 22 | 12.0653 | 12
1890326 | 23 | 12.0653 | 12
3780653 | 24 | 12.0653 | 12
7561307 | 25 | 12.0653 | 12
15122615 | 26 | 12.0653 | 12
30245230 | 27 | 12.0653 | 12
60490461 | 28 | 12.0653 | 12
120980923 | 29 | 12.0653 | 12
241961846 | 30 | 1.63042e-322 | 6
241961847 | 30 | 3.79008 | 6
59073 | 18 | 0.497985 | 9
1847 | 13 | 7.23745 | 17
3695 | 14 | 7.23745 | 17
7390 | 15 | 5.78004 | 15
14780 | 16 | 5.78004 | 15
29560 | 17 | 5.78004 | 15
59120 | 18 | 5.78004 | 15
118240 | 19 | 1.88334 | 2
118241 | 19 | 4.25108 | 13
236483 | 20 | 4.25108 | 13
472967 | 21 | 4.25108 | 13
945934 | 22 | 1.67313 | 2
945935 | 22 | 2.19205 | 11
1891870 | 23 | 0.00922552 | 9
1891871 | 23 | 0 | 2
7391 | 15 | 4.63978e-310 | 2
231 | 10 | 15.9281 | 62
462 | 11 | 15.9281 | 62
924 | 12 | 9.80752 | 24
1848 | 13 | 9.80752 | 24
3697 | 14 | 9.80752 | 24
7395 | 15 | 9.80752 | 24
14790 | 16 | 9.80752 | 24
29581 | 17 | 9.80752 | 24
59162 | 18 | 8.59968 | 20
118325 | 19 | 8.59968 | 20
236651 | 20 | 8.59968 | 20
473302 | 21 | 3.90251 | 15
946604 | 22 | 2.86434 | 2
946605 | 22 | 2.61402 | 13
1893210 | 23 | 4.63978e-310 | 4
1893211 | 23 | 4.63978e-310 | 9
473303 | 21 | 4.63978e-310 | 5
59163 | 18 | 0.772111 | 4
925 | 12 | 6.12379 | 38
1850 | 13 | 2.9686 | 12
3701 | 14 | 2.9686 | 12
7402 | 15 | 2.9686 | 12
14804 | 16 | 0.822521 | 7
14805 | 16 | 8.43759 | 5
1851 | 13 | 4.1682 | 26
3703 | 14 | 4.1682 | 26
7406 | 15 | 4.1682 | 26
14812 | 16 | 4.1682 | 26
29624 | 17 | 4.1682 | 19
59248 | 18 | 0.146806 | 3
59249 | 18 | 2.98396 | 16
118499 | 19 | 2.98396 | 16
236999 | 20 | 2.98396 | 16
473999 | 21 | 2.98396 | 16
947998 | 22 | 2.98396 | 16
1895996 | 23 | 0.614134 | 6
1895997 | 23 | 0.981531 | 10
29625 | 17 | 4.63978e-310 | 7
29 | 7 | 14.7795 | 88
58 | 8 | 14.6118 | 25
117 | 9 | 14.6118 | 25
234 | 10 | 14.6118 | 25
469 | 11 | 14.6118 | 25
938 | 12 | 13.0268 | 22
1877 | 13 | 13.0268 | 22
3754 | 14 | 13.0268 | 22
7509 | 15 | 13.0268 | 22
15018 | 16 | 4.63978e-310 | 10
15019 | 16 | 7.27362 | 12
30038 | 17 | 7.27362 | 12
60077 | 18 | 7.27362 | 12
120155 | 19 | 7.27362 | 12
240310 | 20 | 7.27362 | 12
480620 | 21 | 6.8975 | 7
480621 | 21 | 3.3814 | 5
939 | 12 | 4.63978e-310 | 3
59 | 8 | 14.5667 | 63
118 | 9 | 14.5667 | 63
237 | 10 | 14.5667 | 63
475 | 11 | 14.5667 | 63
950 | 12 | 5.34311 | 28
1900 | 13 | 3.14905 | 16
3800 | 14 | 3.14905 | 15
7600 | 15 | 3.14905 | 15
15200 | 16 | 4.63978e-310 | 9
15201 | 16 | 13.722 | 6
3801 | 14 | 1.06209 | 1
1901 | 13 | 2.20461 | 12
3802 | 14 | 0.27994 | 7
3803 | 14 | 0.0191867 | 5
951 | 12 | 9.59618 | 35
1902 | 13 | 9.59618 | 35
3805 | 14 | 9.59618 | 35
7610 | 15 | 8.32155 | 33
15220 | 16 | 8.32155 | 33
30441 | 17 | 8.32155 | 33
60882 | 18 | 8.32155 | 33
121764 | 19 | 8.32155 | 33
243528 | 20 | 8.32155 | 33
487056 | 21 | 1.0362 | 5
487057 | 21 | 6.38384 | 28
974114 | 22 | 6.38384 | 28
1948228 | 23 | 6.38384 | 28
3896456 | 24 | 1.6604 | 10
3896457 | 24 | 4.32178 | 18
7792915 | 25 | 4.32178 | 18
15585831 | 26 | 4.32178 | 18
31171662 | 27 | 1.59654 | 5
31171663 | 27 | 3.15495 | 13
62343327 | 28 | 3.15495 | 13
124686654 | 29 | 3.15495 | 11
249373309 | 30 | 3.15495 | 11
498746618 | 31 | 3.15495 | 11
997493236 | 32 | 3.15495 | 11
1994986473 | 33 | 3.15495 | 11
3989972947 | 34 | 3.15495 | 11
7979945894 | 35 | 3.15495 | 11
15959891789 | 36 | 3.15495 | 11
31919783579 | 37 | 3.15495 | 11
63839567159 | 38 | 3.15495 | 11
127679134318 | 39 | 0.313593 | 10
127679134319 | 39 | 1.48151 | 1
124686655 | 29 | 4.63978e-310 | 2
7611 | 15 | 4.63978e-310 | 2
15 | 6 | 21.4327 | 178
30 | 7 | 21.4327 | 178
61 | 8 | 21.4327 | 178
123 | 9 | 21.4327 | 178
246 | 10 | 8.01276 | 31
492 | 11 | 8.01276 | 31
984 | 12 | 3.66072 | 23
1969 | 13 | 3.66072 | 23
3938 | 14 | 3.65566 | 18
7876 | 15 | 3.65566 | 18
15752 | 16 | 3.65566 | 18
31505 | 17 | 3.65566 | 18
63010 | 18 | 3.65566 | 18
126021 | 19 | 3.65566 | 18
252042 | 20 | 3.65566 | 18
504084 | 21 | 3.65566 | 18
1008168 | 22 | 2.57166 | 12
2016337 | 23 | 2.57166 | 12
4032674 | 24 | 2.57166 | 12
8065349 | 25 | 2.57166 | 12
16130698 | 26 | 0.0149795 | 7
16130699 | 26 | 3.0034 | 5
1008169 | 22 | 4.63978e-310 | 6
3939 | 14 | 4.63978e-310 | 5
985 | 12 | 4.63978e-310 | 8
247 | 10 | 17.3147 | 147
495 | 11 | 17.3147 | 147
991 | 12 | 17.3147 | 147
1983 | 13 | 17.3147 | 147
3967 | 14 | 17.3147 | 147
7935 | 15 | 17.3147 | 147
15870 | 16 | 7.33799 | 35
31741 | 17 | 7.33799 | 35
63483 | 18 | 7.33799 | 35
126966 | 19 | 7.01351 | 24
253932 | 20 | 7.01351 | 24
507865 | 21 | 7.01351 | 24
1015730 | 22 | 0 | 3
1015731 | 22 | 6.73192 | 21
2031463 | 23 | 6.73192 | 21
4062926 | 24 | 2.84861 | 18
8125852 | 25 | 2.84861 | 18
16251705 | 26 | 2.84861 | 18
32503411 | 27 | 2.84861 | 18
65006822 | 28 | 2.84861 | 18
130013644 | 29 | 1.89256 | 15
260027289 | 30 | 1.89256 | 15
520054578 | 31 | 1.45221 | 13
1040109156 | 32 | 1.45221 | 13
2080218313 | 33 | 1.45221 | 13
4160436626 | 34 | 1.45221 | 13
8320873252 | 35 | 4.63978e-310 | 8
8320873253 | 35 | 1.63042e-322 | 5
520054579 | 31 | 4.63978e-310 | 2
130013645 | 29 | 4.63978e-310 | 3
4062927 | 24 | 4.63978e-310 | 3
126967 | 19 | 7.16306 | 11
253934 | 20 | 7.16306 | 11
507868 | 21 | 4.63978e-310 | 8
507869 | 21 | 4.63978e-310 | 3
15871 | 16 | 14.3561 | 112
31742 | 17 | 14.3561 | 112
63484 | 18 | 11.8873 | 83
126968 | 19 | 5.56186 | 58
253937 | 20 | 5.56186 | 58
507874 | 21 | 5.56186 | 58
1015748 | 22 | 5.15338 | 55
2031496 | 23 | 4.89791 | 25
4062993 | 24 | 4.89791 | 25
8125986 | 25 | 4.89791 | 25
16251972 | 26 | 4.89791 | 25
32503944 | 27 | 3.07698 | 16
65007888 | 28 | 32.817 | 4
65007889 | 28 | 2.03395 | 12
130015778 | 29 | 0.843924 | 3
130015779 | 29 | 4.63978e-310 | 9
32503945 | 27 | 2.6462 | 9
2031497 | 23 | 5.05424 | 30
4062995 | 24 | 5.05424 | 30
8125990 | 25 | 3.63616 | 22
16251980 | 26 | 3.63616 | 22
32503961 | 27 | 3.63616 | 22
65007922 | 28 | 4.63978e-310 | 2
65007923 | 28 | 2.98358 | 20
130015846 | 29 | 2.98358 | 17
260031692 | 30 | 2.04747 | 1
260031693 | 30 | 2.79167 | 16
520063386 | 31 | 1.22372 | 7
520063387 | 31 | 1.241 | 9
130015847 | 29 | 4.63978e-310 | 3
8125991 | 25 | 4.63978e-310 | 8
1015749 | 22 | 4.63978e-310 | 3
126969 | 19 | 5.20556 | 25
253938 | 20 | 4.63978e-310 | 1
253939 | 20 | 5.20556 | 24
507878 | 21 | 5.20556 | 24
1015756 | 22 | 5.20556 | 24
2031513 | 23 | 5.20556 | 24
4063026 | 24 | 4.12861 | 22
8126052 | 25 | 4.12861 | 22
16252105 | 26 | 4.12861 | 22
32504210 | 27 | 1.19133 | 1
32504211 | 27 | 3.9819 | 21
65008422 | 28 | 3.9819 | 19
130016844 | 29 | 3.67104 | 16
260033689 | 30 | 3.67104 | 16
520067379 | 31 | 3.67104 | 16
1040134759 | 32 | 3.67104 | 16
2080269518 | 33 | 1.32815 | 2
2080269519 | 33 | 2.92615 | 14
4160539039 | 34 | 2.92615 | 14
8321078078 | 35 | 2.92615 | 14
16642156156 | 36 | 2.92615 | 14
33284312312 | 37 | 3.21143e-322 | 3
33284312313 | 37 | 2.20266 | 11
66568624626 | 38 | 2.20266 | 11
133137249252 | 39 | 0.525896 | 7
133137249253 | 39 | 41.4993 | 4
130016845 | 29 | 4.63978e-310 | 3
65008423 | 28 | 4.63978e-310 | 2
4063027 | 24 | 4.63978e-310 | 2
63485 | 18 | 9.39777 | 29
126970 | 19 | 9.39777 | 29
253941 | 20 | 9.39777 | 29
507883 | 21 | 9.39777 | 29
1015767 | 22 | 9.39777 | 29
2031534 | 23 | 9.39777 | 29
4063069 | 24 | 9.39777 | 29
8126138 | 25 | 5.46331 | 14
16252276 | 26 | 5.46331 | 14
32504552 | 27 | 3.59467 | 13
65009104 | 28 | 3.59467 | 13
130018209 | 29 | 3.59467 | 13
260036419 | 30 | 3.59467 | 13
520072838 | 31 | 3.59467 | 13
1040145677 | 32 | 3.59467 | 13
2080291355 | 33 | 3.59467 | 13
4160582710 | 34 | 0.00408662 | 10
4160582711 | 34 | 22.2071 | 3
32504553 | 27 | 4.63978e-310 | 1
8126139 | 25 | 4.23473 | 15
16252278 | 26 | 4.23473 | 15
32504557 | 27 | 4.23473 | 15
65009114 | 28 | 4.23473 | 15
130018229 | 29 | 4.23473 | 15
260036458 | 30 | 4.23473 | 15
520072916 | 31 | 4.23473 | 15
1040145832 | 32 | 3.71463 | 11
2080291665 | 33 | 3.71463 | 11
4160583331 | 34 | 3.71463 | 11
8321166662 | 35 | 3.71463 | 11
16642333325 | 36 | 3.71463 | 11
33284666650 | 37 | 3.71463 | 11
66569333300 | 38 | 3.71463 | 11
133138666600 | 39 | 3.71463 | 11
266277333200 | 40 | 3.12574 | 9
266277333201 | 40 | 15.1222 | 2
1040145833 | 32 | 4.63978e-310 | 4
