ID | Depth | diameter | Number of points
0 | 0 | 29.316 | 1600
0 | 1 | 29.316 | 1600
0 | 2 | 29.316 | 1600
1 | 3 | 29.316 | 1600
2 | 4 | 21.8404 | 110
4 | 5 | 21.8404 | 110
8 | 6 | 14.2188 | 69
16 | 7 | 14.2188 | 69
32 | 8 | 11.6862 | 35
64 | 9 | 5.37238 | 16
128 | 10 | 4.59496 | 15
256 | 11 | 4.59496 | 15
512 | 12 | 4.59496 | 15
1025 | 13 | 4.59496 | 15
2050 | 14 | 4.59496 | 15
4101 | 15 | 4.59496 | 15
8203 | 16 | 4.59496 | 15
16406 | 17 | 4.59496 | 15
32812 | 18 | 1.63042e-322 | 4
32813 | 18 | 3.47264 | 11
65627 | 19 | 3.47264 | 11
131255 | 20 | 3.47264 | 11
262510 | 21 | 0 | 7
262511 | 21 | 0.110087 | 4
129 | 10 | 4.63978e-310 | 1
65 | 9 | 6.09553 | 19
130 | 10 | 1.22136 | 9
131 | 10 | 0.38761 | 10
33 | 8 | 14.2188 | 34
66 | 9 | 10.7775 | 21
132 | 10 | 0 | 1
133 | 10 | 9.65389 | 20
267 | 11 | 9.65389 | 20
534 | 12 | 1.23317 | 8
535 | 12 | 5.09922 | 12
1071 | 13 | 5.09922 | 12
2143 | 14 | 5.09922 | 12
4286 | 15 | 1.36882 | 3
4287 | 15 | 4.63978e-310 | 9
67 | 9 | 8.0498 | 13
134 | 10 | 4.63978e-310 | 2
135 | 10 | 3.60217 | 11
270 | 11 | 3.60217 | 11
541 | 12 | 3.60217 | 11
1083 | 13 | 3.60217 | 11
2166 | 14 | 3.60217 | 11
4332 | 15 | 1.86104 | 2
4333 | 15 | 3.28038 | 9
9 | 6 | 13.3757 | 41
18 | 7 | 13.3757 | 41
37 | 8 | 13.3757 | 41
74 | 9 | 13.3757 | 41
148 | 10 | 1.47638 | 4
149 | 10 | 11.8193 | 37
298 | 11 | 11.8193 | 37
596 | 12 | 8.42447 | 28
1193 | 13 | 8.42447 | 28
2386 | 14 | 7.87984 | 27
4772 | 15 | 7.87984 | 27
9545 | 16 | 7.87984 | 27
19090 | 17 | 7.87984 | 27
38181 | 18 | 7.87984 | 27
76362 | 19 | 7.87984 | 27
152724 | 20 | 4.66229 | 1
152725 | 20 | 7.26739 | 26
305450 | 21 | 7.26739 | 26
610901 | 22 | 7.26739 | 26
1221802 | 23 | 6.918 | 25
2443605 | 24 | 6.918 | 25
4887210 | 25 | 6.918 | 21
9774421 | 26 | 6.918 | 21
19548843 | 27 | 6.918 | 21
39097687 | 28 | 6.918 | 21
78195374 | 29 | 1.10638 | 4
78195375 | 29 | 5.08518 | 17
156390751 | 30 | 5.08518 | 17
312781503 | 31 | 5.08518 | 17
625563006 | 32 | 0.798669 | 4
625563007 | 32 | 2.02502 | 13
1251126014 | 33 | 2.02502 | 13
2502252028 | 34 | 18.6423 | 6
2502252029 | 34 | 22.3902 | 7
4887211 | 25 | 4.63978e-310 | 4
1221803 | 23 | 4.63978e-310 | 1
2387 | 14 | 4.63978e-310 | 1
597 | 12 | 4.63978e-310 | 9
3 | 4 | 27.2309 | 1490
6 | 5 | 26.1958 | 261
12 | 6 | 23.8548 | 233
24 | 7 | 23.8548 | 233
49 | 8 | 23.8548 | 233
98 | 9 | 23.8548 | 233
196 | 10 | 23.8548 | 233
392 | 11 | 23.8548 | 233
784 | 12 | 23.2548 | 223
1568 | 13 | 19.7024 | 87
3137 | 14 | 19.7024 | 87
6274 | 15 | 10.8076 | 24
12548 | 16 | 4.63978e-310 | 10
12549 | 16 | 7.44122 | 14
25099 | 17 | 7.44122 | 14
50199 | 18 | 7.44122 | 14
100398 | 19 | 7.44122 | 14
200796 | 20 | 7.44122 | 14
401593 | 21 | 7.44122 | 14
803186 | 22 | 5.76324 | 6
803187 | 22 | 24.7968 | 8
6275 | 15 | 10.4619 | 63
12550 | 16 | 10.4619 | 63
25100 | 17 | 10.4619 | 63
50200 | 18 | 10.4619 | 63
100400 | 19 | 6.66167 | 32
200800 | 20 | 6.66167 | 32
401600 | 21 | 6.66167 | 32
803200 | 22 | 4.95385 | 18
1606401 | 23 | 4.95385 | 18
3212803 | 24 | 4.95385 | 18
6425606 | 25 | 4.95385 | 18
12851212 | 26 | 2.84827 | 6
12851213 | 26 | 3.98312 | 12
25702426 | 27 | 3.98312 | 12
51404852 | 28 | 0.218164 | 6
51404853 | 28 | 0.0132024 | 6
803201 | 22 | 2.56461 | 14
1606402 | 23 | 2.56461 | 14
3212804 | 24 | 2.56461 | 14
6425608 | 25 | 1.2005 | 2
6425609 | 25 | 2.15959 | 12
12851219 | 26 | 2.15959 | 12
25702439 | 27 | 2.15959 | 12
51404879 | 28 | 2.15959 | 12
102809758 | 29 | 2.15959 | 12
205619517 | 30 | 2.15959 | 12
411239034 | 31 | 1.58054 | 9
411239035 | 31 | 0.211601 | 3
100401 | 19 | 4.4457 | 31
200803 | 20 | 4.4457 | 31
401606 | 21 | 4.63978e-310 | 1
401607 | 21 | 4.4457 | 30
803215 | 22 | 4.4457 | 30
1606431 | 23 | 4.4457 | 30
3212862 | 24 | 4.63978e-310 | 7
3212863 | 24 | 4.27036 | 23
6425726 | 25 | 4.27036 | 23
12851453 | 26 | 4.27036 | 23
25702906 | 27 | 3.91874 | 19
51405813 | 28 | 3.91874 | 19
102811627 | 29 | 3.91874 | 19
205623255 | 30 | 3.91874 | 19
411246510 | 31 | 3.91874 | 19
822493020 | 32 | 3.57218 | 14
1644986041 | 33 | 3.57218 | 14
3289972082 | 34 | 0.874357 | 9
3289972083 | 34 | 2.46131 | 5
822493021 | 32 | 4.63978e-310 | 5
25702907 | 27 | 4.63978e-310 | 4
1569 | 13 | 19.179 | 136
3139 | 14 | 19.179 | 136
6278 | 15 | 4.63978e-310 | 9
6279 | 15 | 17.0337 | 127
12558 | 16 | 17.0337 | 127
25116 | 17 | 17.0337 | 127
50232 | 18 | 14.7846 | 107
100464 | 19 | 14.5375 | 72
200929 | 20 | 14.5375 | 72
401858 | 21 | 9.27461 | 39
803716 | 22 | 4.63978e-310 | 1
803717 | 22 | 9.27461 | 38
1607434 | 23 | 9.27461 | 38
3214868 | 24 | 7.66298 | 31
6429736 | 25 | 7.66298 | 31
12859472 | 26 | 7.66298 | 31
25718944 | 27 | 6.3501 | 26
51437888 | 28 | 6.3501 | 26
102875776 | 29 | 0 | 1
102875777 | 29 | 6.3501 | 25
205751554 | 30 | 5.31849 | 22
411503109 | 31 | 5.31849 | 22
823006218 | 32 | 0 | 2
823006219 | 32 | 5.31849 | 20
1646012438 | 33 | 5.31849 | 20
3292024876 | 34 | 3.74106 | 14
6584049753 | 35 | 3.74106 | 14
13168099506 | 36 | 3.74106 | 14
26336199013 | 37 | 3.74106 | 14
52672398026 | 38 | 5.64714 | 1
52672398027 | 38 | 3.74106 | 13
105344796054 | 39 | 3.74106 | 13
210689592108 | 40 | 1.07254 | 5
210689592109 | 40 | 2.91849 | 8
3292024877 | 34 | 4.63978e-310 | 6
205751555 | 30 | 4.63978e-310 | 3
25718945 | 27 | 4.63978e-310 | 5
3214869 | 24 | 4.63978e-310 | 7
401859 | 21 | 5.19388 | 33
803719 | 22 | 5.19388 | 33
1607438 | 23 | 4.86975 | 17
3214876 | 24 | 3.00546 | 11
6429752 | 25 | 3.00546 | 11
12859504 | 26 | 3.00546 | 11
25719008 | 27 | 13.9685 | 8
25719009 | 27 | 1.91774 | 3
3214877 | 24 | 4.63978e-310 | 6
1607439 | 23 | 5.17422 | 16
3214878 | 24 | 4.63978e-310 | 5
3214879 | 24 | 2.74729 | 11
6429758 | 25 | 2.74729 | 11
12859517 | 26 | 2.74729 | 11
25719034 | 27 | 2.74729 | 11
51438068 | 28 | 2.74729 | 11
102876136 | 29 | 2.74729 | 11
205752273 | 30 | 2.74729 | 11
411504546 | 31 | 2.74729 | 11
823009092 | 32 | 2.74729 | 11
1646018184 | 33 | 6.86546 | 9
1646018185 | 33 | 8.15309 | 2
100465 | 19 | 7.46841 | 35
200931 | 20 | 7.46841 | 35
401862 | 21 | 4.63978e-310 | 3
401863 | 21 | 6.17148 | 32
803726 | 22 | 6.17148 | 32
1607452 | 23 | 6.17148 | 32
3214904 | 24 | 6.17148 | 32
6429808 | 25 | 6.17148 | 32
12859617 | 26 | 6.17148 | 32
25719234 | 27 | 5.6167 | 29
51438469 | 28 | 5.6167 | 29
102876939 | 29 | 5.6167 | 29
205753878 | 30 | 3.79424 | 20
411507757 | 31 | 3.79424 | 20
823015514 | 32 | 3.79424 | 20
1646031028 | 33 | 2.28031 | 16
3292062056 | 34 | 2.28031 | 16
6584124112 | 35 | 2.28031 | 16
13168248224 | 36 | 1.87014 | 1
13168248225 | 36 | 2.12536 | 15
26336496451 | 37 | 2.12536 | 15
52672992902 | 38 | 2.12536 | 15
105345985804 | 39 | 2.12536 | 15
210691971609 | 40 | 2.12536 | 15
421383943219 | 41 | 2.12536 | 15
842767886438 | 42 | 2.95269 | 2
842767886439 | 42 | 1.44744 | 13
1685535772879 | 43 | 1.44744 | 13
3371071545759 | 44 | 1.44744 | 13
6742143091518 | 45 | 0.472114 | 2
6742143091519 | 45 | 1.16166 | 11
13484286183039 | 46 | 1.16166 | 11
26968572366079 | 47 | 1.16166 | 11
53937144732158 | 48 | 1.16166 | 11
107874289464317 | 49 | 1.16166 | 11
215748578928634 | 50 | 1.16166 | 11
431497157857268 | 51 | 28.2863 | 2
431497157857269 | 51 | 0 | 9
1646031029 | 33 | 4.63978e-310 | 4
205753879 | 30 | 4.63978e-310 | 9
25719235 | 27 | 4.63978e-310 | 3
50233 | 18 | 7.93101 | 20
100466 | 19 | 4.63978e-310 | 8
100467 | 19 | 2.47434 | 12
200934 | 20 | 4.63978e-310 | 4
200935 | 20 | 4.63978e-310 | 8
785 | 12 | 4.63978e-310 | 10
13 | 6 | 14.9639 | 28
26 | 7 | 14.9639 | 28
53 | 8 | 14.9639 | 28
107 | 9 | 14.9639 | 28
215 | 10 | 14.9639 | 28
431 | 11 | 14.9639 | 28
863 | 12 | 14.9639 | 28
1726 | 13 | 7.92569 | 14
3452 | 14 | 7.92569 | 14
6904 | 15 | 7.92569 | 14
13808 | 16 | 4.63978e-310 | 4
13809 | 16 | 4.63978e-310 | 10
1727 | 13 | 5.67567 | 14
3454 | 14 | 4.63978e-310 | 5
3455 | 14 | 4.63978e-310 | 9
7 | 5 | 26.6855 | 1229
14 | 6 | 15.6441 | 156
28 | 7 | 4.63978e-310 | 1
29 | 7 | 15.6441 | 155
58 | 8 | 14.7623 | 105
116 | 9 | 6.23112 | 29
232 | 10 | 6.23112 | 29
465 | 11 | 6.23112 | 29
930 | 12 | 6.23112 | 29
1860 | 13 | 6.23112 | 29
3720 | 14 | 3.85078 | 13
7440 | 15 | 3.85078 | 13
14880 | 16 | 3.85078 | 13
29760 | 17 | 3.85078 | 13
59521 | 18 | 3.85078 | 13
119043 | 19 | 3.85078 | 13
238086 | 20 | 3.85078 | 13
476173 | 21 | 3.85078 | 13
952346 | 22 | 3.85078 | 13
1904692 | 23 | 3.85078 | 13
3809384 | 24 | 3.85078 | 13
7618768 | 25 | 0.0453391 | 6
7618769 | 25 | 2.36831 | 7
3721 | 14 | 5.73428 | 16
7442 | 15 | 5.73428 | 16
14884 | 16 | 4.63978e-310 | 4
14885 | 16 | 4.14859 | 12
29770 | 17 | 0.172592 | 6
29771 | 17 | 0 | 6
117 | 9 | 14.7623 | 76
234 | 10 | 14.7623 | 76
468 | 11 | 14.3721 | 37
936 | 12 | 14.3721 | 37
1872 | 13 | 4.63978e-310 | 7
1873 | 13 | 5.11379 | 30
3747 | 14 | 5.11379 | 30
7495 | 15 | 5.11379 | 30
14990 | 16 | 1.54822 | 14
29980 | 17 | 1.54822 | 13
59960 | 18 | 0.0399085 | 9
59961 | 18 | 0.618307 | 4
29981 | 17 | 4.63978e-310 | 1
14991 | 16 | 2.98049 | 16
29982 | 17 | 2.98049 | 15
59965 | 18 | 2.98049 | 15
119931 | 19 | 2.98049 | 15
239862 | 20 | 0.0126511 | 2
239863 | 20 | 2.92022 | 13
479726 | 21 | 0.226503 | 7
479727 | 21 | 2.68111 | 6
29983 | 17 | 4.63978e-310 | 1
469 | 11 | 13.9047 | 39
938 | 12 | 13.5251 | 35
1876 | 13 | 4.63978e-310 | 10
1877 | 13 | 4.87632 | 25
3755 | 14 | 4.87632 | 25
7510 | 15 | 3.87254 | 16
15021 | 16 | 3.87254 | 16
30042 | 17 | 3.87254 | 16
60084 | 18 | 3.87254 | 16
120169 | 19 | 3.87254 | 16
240338 | 20 | 2.68111 | 5
240339 | 20 | 3.27793 | 11
480678 | 21 | 3.57975 | 1
480679 | 21 | 3.76874 | 10
7511 | 15 | 4.63978e-310 | 9
939 | 12 | 4.63978e-310 | 4
59 | 8 | 14.1103 | 50
119 | 9 | 14.1103 | 50
238 | 10 | 4.63978e-310 | 1
239 | 10 | 13.0505 | 49
479 | 11 | 13.0505 | 49
959 | 12 | 13.0505 | 49
1918 | 13 | 13.0505 | 49
3836 | 14 | 13.0505 | 49
7672 | 15 | 13.0505 | 49
15344 | 16 | 12.7942 | 48
30689 | 17 | 12.7942 | 48
61378 | 18 | 12.7942 | 48
122756 | 19 | 12.7942 | 48
245513 | 20 | 12.7942 | 48
491026 | 21 | 12.7942 | 48
982052 | 22 | 6.88117 | 18
1964105 | 23 | 6.88117 | 18
3928210 | 24 | 3.40532 | 11
7856420 | 25 | 3.40532 | 11
15712840 | 26 | 11.2709 | 8
15712841 | 26 | 24.01 | 3
3928211 | 24 | 4.63978e-310 | 7
982053 | 22 | 6.13208 | 30
1964106 | 23 | 6.13208 | 28
3928213 | 24 | 6.13208 | 28
7856427 | 25 | 6.13208 | 28
15712855 | 26 | 6.13208 | 28
31425710 | 27 | 5.32418 | 20
62851421 | 28 | 5.32418 | 20
125702842 | 29 | 5.32418 | 20
251405684 | 30 | 5.32418 | 20
502811368 | 31 | 5.32418 | 20
1005622736 | 32 | 5.32418 | 20
2011245472 | 33 | 5.32418 | 20
4022490945 | 34 | 5.32418 | 20
8044981891 | 35 | 5.32418 | 20
16089963782 | 36 | 5.32418 | 20
32179927564 | 37 | 5.80203 | 1
32179927565 | 37 | 4.95185 | 19
64359855131 | 38 | 4.95185 | 19
128719710263 | 39 | 4.95185 | 19
257439420526 | 40 | 4.95185 | 19
514878841052 | 41 | 4.95185 | 19
1029757682105 | 42 | 4.95185 | 19
2059515364210 | 43 | 3.97195 | 15
4119030728421 | 44 | 3.97195 | 15
8238061456842 | 45 | 3.97195 | 15
16476122913684 | 46 | 0.0931496 | 10
16476122913685 | 46 | 0.652193 | 5
2059515364211 | 43 | 4.63978e-310 | 4
31425711 | 27 | 4.63978e-310 | 8
1964107 | 23 | 4.63978e-310 | 2
15345 | 16 | 4.63978e-310 | 1
15 | 6 | 26.5265 | 1073
30 | 7 | 24.7011 | 440
60 | 8 | 24.7011 | 440
120 | 9 | 24.7011 | 440
240 | 10 | 24.7011 | 440
481 | 11 | 24.7011 | 440
962 | 12 | 24.7011 | 440
1925 | 13 | 24.7011 | 440
3850 | 14 | 24.7011 | 440
7700 | 15 | 1.58101e-322 | 2
7701 | 15 | 20.6975 | 438
15403 | 16 | 20.6975 | 438
30807 | 17 | 20.6975 | 438
61614 | 18 | 20.6975 | 438
123228 | 19 | 10.6477 | 67
246456 | 20 | 10.6477 | 67
492913 | 21 | 10.6477 | 67
985827 | 22 | 10.6477 | 67
1971654 | 23 | 4.79244e-322 | 7
1971655 | 23 | 10.6477 | 60
3943311 | 24 | 10.6477 | 60
7886623 | 25 | 10.6477 | 60
15773246 | 26 | 1.58101e-322 | 5
15773247 | 26 | 8.73585 | 55
31546495 | 27 | 8.73585 | 55
63092990 | 28 | 8.73585 | 40
126185980 | 29 | 8.73585 | 33
252371961 | 30 | 8.73585 | 33
504743922 | 31 | 8.73585 | 27
1009487844 | 32 | 8.73585 | 17
2018975688 | 33 | 0 | 4
2018975689 | 33 | 8.40508 | 13
4037951379 | 34 | 8.40508 | 13
8075902758 | 35 | 13.5711 | 8
8075902759 | 35 | 2.42092e-322 | 5
1009487845 | 32 | 4.63978e-310 | 10
504743923 | 31 | 4.63978e-310 | 6
126185981 | 29 | 4.63978e-310 | 7
63092991 | 28 | 6.40882 | 15
126185982 | 29 | 4.63978e-310 | 6
126185983 | 29 | 4.63978e-310 | 9
123229 | 19 | 20.4131 | 371
246458 | 20 | 20.4131 | 371
492917 | 21 | 20.4131 | 371
985835 | 22 | 20.4131 | 371
1971670 | 23 | 20.4031 | 363
3943340 | 24 | 20.4031 | 363
7886680 | 25 | 20.4031 | 251
15773360 | 26 | 19.3976 | 83
31546720 | 27 | 19.3976 | 83
63093440 | 28 | 7.09756 | 32
126186880 | 29 | 7.09756 | 32
252373761 | 30 | 7.09756 | 32
504747522 | 31 | 6.68212 | 21
1009495045 | 32 | 6.68212 | 21
2018990090 | 33 | 2.07349 | 19
4037980180 | 34 | 3.30644 | 2
4037980181 | 34 | 1.94576 | 17
8075960362 | 35 | 1.94576 | 17
16151920724 | 36 | 1.94576 | 17
32303841448 | 37 | 0.424122 | 8
32303841449 | 37 | 0.0476125 | 9
2018990091 | 33 | 4.63978e-310 | 2
504747523 | 31 | 6.33289 | 11
1009495047 | 32 | 6.33289 | 11
2018990095 | 33 | 6.33289 | 11
4037980190 | 34 | 6.33289 | 11
8075960381 | 35 | 6.33289 | 11
16151920762 | 36 | 0.765713 | 10
16151920763 | 36 | 0.322325 | 1
63093441 | 28 | 18.8423 | 51
126186883 | 29 | 18.8423 | 51
252373766 | 30 | 4.63978e-310 | 3
252373767 | 30 | 7.37201 | 48
504747535 | 31 | 7.37201 | 48
1009495070 | 32 | 7.37201 | 48
2018990140 | 33 | 3.87331 | 44
4037980280 | 34 | 1.29425 | 13
8075960560 | 35 | 49.977 | 5
8075960561 | 35 | 9.1594 | 8
4037980281 | 34 | 2.87271 | 31
8075960563 | 35 | 2.87271 | 31
16151921127 | 36 | 2.87271 | 31
32303842254 | 37 | 1.73901 | 13
64607684508 | 38 | 1.71094 | 2
64607684509 | 38 | 1.48114 | 11
129215369018 | 39 | 1.48114 | 11
258430738037 | 40 | 1.48114 | 11
516861476074 | 41 | 1.48114 | 11
1033722952149 | 42 | 1.48114 | 11
2067445904299 | 43 | 1.48114 | 11
4134891808598 | 44 | 4.40683 | 1
4134891808599 | 44 | 1.63042e-322 | 10
32303842255 | 37 | 1.85253 | 18
64607684510 | 38 | 1.85253 | 18
129215369021 | 39 | 1.85253 | 18
258430738042 | 40 | 1.85253 | 18
516861476085 | 41 | 1.85253 | 18
1033722952170 | 42 | 1.85253 | 18
2067445904341 | 43 | 1.85253 | 18
4134891808682 | 44 | 1.85253 | 18
8269783617364 | 45 | 1.85253 | 18
16539567234728 | 46 | 1.70606 | 16
33079134469456 | 47 | 1.70606 | 16
66158268938912 | 48 | 1.70606 | 16
132316537877824 | 49 | 0.221298 | 7
132316537877825 | 49 | 0.337235 | 9
16539567234729 | 46 | 4.63978e-310 | 2
2018990141 | 33 | 4.63978e-310 | 4
15773361 | 26 | 19.7611 | 168
31546723 | 27 | 19.7611 | 168
63093446 | 28 | 19.7611 | 168
126186892 | 29 | 19.7611 | 168
252373784 | 30 | 6.90513e-310 | 6
252373785 | 30 | 9.79654 | 162
504747570 | 31 | 9.79654 | 162
1009495140 | 32 | 9.79654 | 162
2018990281 | 33 | 9.79654 | 162
4037980562 | 34 | 6.90513e-310 | 6
4037980563 | 34 | 9.79654 | 156
8075961127 | 35 | 9.79654 | 156
16151922254 | 36 | 7.31546 | 140
32303844508 | 37 | 5.27058 | 45
64607689016 | 38 | 3.80506 | 29
129215378032 | 39 | 3.80506 | 29
258430756065 | 40 | 3.80506 | 29
516861512130 | 41 | 3.80506 | 29
1033723024260 | 42 | 3.80506 | 29
2067446048521 | 43 | 3.80506 | 29
4134892097042 | 44 | 3.80506 | 29
8269784194085 | 45 | 3.80506 | 29
16539568388170 | 46 | 3.80506 | 29
33079136776341 | 47 | 3.80506 | 29
66158273552683 | 48 | 3.80506 | 29
132316547105367 | 49 | 3.80506 | 29
264633094210734 | 50 | 3.80506 | 29
529266188421469 | 51 | 3.80506 | 29
1058532376842938 | 52 | 3.80506 | 29
2117064753685876 | 53 | 3.80506 | 29
4234129507371752 | 54 | 3.80506 | 29
8468259014743504 | 55 | 3.80506 | 29
16936518029487008 | 56 | 3.80506 | 27
33873036058974017 | 57 | 3.80506 | 27
67746072117948034 | 58 | 3.80506 | 27
135492144235896068 | 59 | 68.4608 | 3
135492144235896069 | 59 | 2.56164 | 24
270984288471792139 | 60 | 2.56164 | 24
541968576943584278 | 61 | 2.08579 | 9
541968576943584279 | 61 | 2.36656 | 15
1083937153887168559 | 62 | 2.36656 | 15
2167874307774337118 | 63 | 2.36656 | 15
4335748615548674236 | 64 | 2.36656 | 15
8671497231097348472 | 65 | 2.94724 | 5
8671497231097348473 | 65 | 25.5079 | 10
16936518029487009 | 56 | 4.63978e-310 | 2
64607689017 | 38 | 2.02882 | 16
129215378034 | 39 | 2.02882 | 16
258430756068 | 40 | 4.63978e-310 | 3
258430756069 | 40 | 1.70626 | 13
516861512138 | 41 | 1.44418 | 12
1033723024277 | 42 | 1.44418 | 12
2067446048555 | 43 | 1.44418 | 12
4134892097110 | 44 | 1.44418 | 12
8269784194221 | 45 | 1.44418 | 12
16539568388443 | 46 | 1.44418 | 12
33079136776887 | 47 | 1.44418 | 12
66158273553774 | 48 | 1.44418 | 12
132316547107549 | 49 | 1.44418 | 12
264633094215099 | 50 | 1.44418 | 12
529266188430198 | 51 | 1.44418 | 12
1058532376860396 | 52 | 4.63978e-310 | 4
1058532376860397 | 52 | 4.63978e-310 | 8
516861512139 | 41 | 4.63978e-310 | 1
32303844509 | 37 | 6.11476 | 95
64607689019 | 38 | 6.11476 | 95
129215378038 | 39 | 6.11476 | 95
258430756076 | 40 | 6.11476 | 89
516861512153 | 41 | 6.11476 | 89
1033723024306 | 42 | 6.11476 | 89
2067446048612 | 43 | 5.40137 | 45
4134892097225 | 44 | 5.40137 | 45
8269784194451 | 45 | 5.40137 | 45
16539568388902 | 46 | 5.40137 | 45
33079136777805 | 47 | 5.40137 | 45
66158273555610 | 48 | 5.40137 | 45
132316547111220 | 49 | 5.40137 | 45
264633094222440 | 50 | 3.53813 | 24
529266188444880 | 51 | 3.53813 | 24
1058532376889760 | 52 | 3.53813 | 24
2117064753779520 | 53 | 4.63978e-310 | 5
2117064753779521 | 53 | 2.08628 | 19
4234129507559043 | 54 | 2.08628 | 19
8468259015118086 | 55 | 1.6668 | 11
16936518030236172 | 56 | 1.84743 | 7
16936518030236173 | 56 | 0.383732 | 4
8468259015118087 | 55 | 4.63978e-310 | 8
264633094222441 | 50 | 2.49497 | 21
529266188444882 | 51 | 2.49497 | 21
1058532376889764 | 52 | 2.49497 | 21
2117064753779528 | 53 | 2.49497 | 20
4234129507559056 | 54 | 2.49497 | 20
8468259015118112 | 55 | 2.49497 | 20
16936518030236224 | 56 | 2.49497 | 20
33873036060472448 | 57 | 2.49497 | 20
67746072120944896 | 58 | 2.49497 | 20
135492144241889792 | 59 | 2.49497 | 20
270984288483779584 | 60 | 2.49497 | 20
541968576967559168 | 61 | 2.49497 | 20
1083937153935118336 | 62 | 0.835329 | 3
1083937153935118337 | 62 | 2.49497 | 17
2167874307870236675 | 63 | 2.49497 | 17
4335748615740473350 | 64 | 1.84286 | 13
8671497231480946700 | 65 | 1.84286 | 13
-1103749610747658215 | 66 | 1.84286 | 13
-2207499221495316430 | 67 | 4.15474 | 3
-2207499221495316429 | 67 | 4.63978e-310 | 10
4335748615740473351 | 64 | 4.63978e-310 | 4
2117064753779529 | 53 | 4.63978e-310 | 1
2067446048613 | 43 | 5.46839 | 44
4134892097226 | 44 | 2.42315 | 14
8269784194453 | 45 | 2.42315 | 14
16539568388906 | 46 | 2.37152e-322 | 10
16539568388907 | 46 | 4.63978e-310 | 4
4134892097227 | 44 | 3.1054 | 30
8269784194455 | 45 | 3.1054 | 30
16539568388910 | 46 | 1.58101e-322 | 10
16539568388911 | 46 | 2.84999 | 20
33079136777823 | 47 | 2.84999 | 20
66158273555647 | 48 | 2.84999 | 20
132316547111294 | 49 | 2.84999 | 20
264633094222588 | 50 | 1.99657 | 16
529266188445176 | 51 | 1.99657 | 16
1058532376890353 | 52 | 1.99657 | 16
2117064753780706 | 53 | 1.71121 | 15
4234129507561413 | 54 | 1.71121 | 15
8468259015122826 | 55 | 1.71121 | 15
16936518030245652 | 56 | 1.30984 | 12
33873036060491305 | 57 | 1.30984 | 12
67746072120982610 | 58 | 1.0774 | 7
67746072120982611 | 58 | 0.226806 | 5
16936518030245653 | 56 | 4.63978e-310 | 3
2117064753780707 | 53 | 4.63978e-310 | 1
264633094222589 | 50 | 4.63978e-310 | 4
258430756077 | 40 | 4.63978e-310 | 6
16151922255 | 36 | 7.06447 | 16
32303844510 | 37 | 4.63978e-310 | 7
32303844511 | 37 | 4.63978e-310 | 9
7886681 | 25 | 18.6363 | 112
15773363 | 26 | 18.6363 | 112
31546726 | 27 | 6.51074 | 11
63093453 | 28 | 6.51074 | 11
126186907 | 29 | 6.51074 | 11
252373815 | 30 | 6.51074 | 11
504747631 | 31 | 6.51074 | 11
1009495262 | 32 | 6.51074 | 11
2018990524 | 33 | 12.5667 | 7
2018990525 | 33 | 1.63042e-322 | 4
31546727 | 27 | 10.2189 | 101
63093455 | 28 | 10.2189 | 101
126186910 | 29 | 8.1996 | 33
252373821 | 30 | 8.1996 | 33
504747642 | 31 | 8.1996 | 33
1009495284 | 32 | 8.1996 | 33
2018990568 | 33 | 2.04432 | 26
4037981137 | 34 | 2.04432 | 26
8075962275 | 35 | 2.04432 | 26
16151924551 | 36 | 2.04432 | 26
32303849102 | 37 | 1.04399 | 14
64607698205 | 38 | 1.04399 | 14
129215396411 | 39 | 1.04399 | 14
258430792822 | 40 | 2.12065 | 4
258430792823 | 40 | 0.209322 | 10
32303849103 | 37 | 1.1813 | 12
64607698206 | 38 | 1.1813 | 12
129215396413 | 39 | 1.1813 | 12
258430792826 | 40 | 0.913079 | 11
516861585652 | 41 | 0 | 9
516861585653 | 41 | 3.21143e-322 | 2
258430792827 | 40 | 4.63978e-310 | 1
2018990569 | 33 | 4.63978e-310 | 7
126186911 | 29 | 9.49407 | 68
252373823 | 30 | 9.49407 | 68
504747646 | 31 | 4.63978e-310 | 4
504747647 | 31 | 8.97615 | 64
1009495294 | 32 | 6.37345e-322 | 9
1009495295 | 32 | 8.53316 | 55
2018990590 | 33 | 4.32689 | 48
4037981180 | 34 | 4.32689 | 48
8075962360 | 35 | 4.32689 | 48
16151924720 | 36 | 4.32689 | 48
32303849441 | 37 | 4.32689 | 48
64607698883 | 38 | 4.32689 | 48
129215397766 | 39 | 4.32689 | 48
258430795532 | 40 | 1.10928 | 8
258430795533 | 40 | 4.32689 | 40
516861591066 | 41 | 2.27927 | 17
1033723182132 | 42 | 2.23449 | 12
2067446364264 | 43 | 2.23449 | 12
4134892728528 | 44 | 2.23449 | 12
8269785457056 | 45 | 2.23449 | 12
16539570914113 | 46 | 2.23449 | 12
33079141828226 | 47 | 0.470011 | 9
33079141828227 | 47 | 0 | 3
1033723182133 | 42 | 4.63978e-310 | 5
516861591067 | 41 | 2.16916 | 23
1033723182134 | 42 | 4.63978e-310 | 6
1033723182135 | 42 | 2.16916 | 17
2067446364271 | 43 | 2.16916 | 17
4134892728542 | 44 | 1.37617 | 15
8269785457084 | 45 | 0.151064 | 10
8269785457085 | 45 | 0.31568 | 5
4134892728543 | 44 | 4.63978e-310 | 2
2018990591 | 33 | 4.63978e-310 | 7
1971671 | 23 | 4.63978e-310 | 8
31 | 7 | 22.6593 | 633
63 | 8 | 22.6593 | 633
127 | 9 | 22.6593 | 633
254 | 10 | 22.6593 | 633
508 | 11 | 22.1971 | 544
1016 | 12 | 17.0892 | 459
2032 | 13 | 17.0892 | 459
4064 | 14 | 17.0892 | 459
8128 | 15 | 7.5019 | 109
16257 | 16 | 7.5019 | 109
32514 | 17 | 7.5019 | 109
65028 | 18 | 7.5019 | 109
130056 | 19 | 7.5019 | 109
260112 | 20 | 7.30985 | 92
520224 | 21 | 7.30985 | 92
1040448 | 22 | 5.66296 | 40
2080896 | 23 | 2.76538 | 19
4161792 | 24 | 2.76538 | 19
8323584 | 25 | 2.17553 | 14
16647169 | 26 | 2.17553 | 14
33294338 | 27 | 4.63978e-310 | 2
33294339 | 27 | 1.68616 | 12
66588679 | 28 | 1.68616 | 12
133177358 | 29 | 1.68616 | 12
266354717 | 30 | 1.68616 | 12
532709435 | 31 | 1.68616 | 12
1065418870 | 32 | 1.68616 | 12
2130837740 | 33 | 1.68616 | 12
4261675480 | 34 | 1.58101e-322 | 10
4261675481 | 34 | 1.58101e-322 | 2
8323585 | 25 | 4.63978e-310 | 5
2080897 | 23 | 3.36607 | 21
4161795 | 24 | 3.36607 | 21
8323590 | 25 | 3.36607 | 21
16647180 | 26 | 1.63042e-322 | 2
16647181 | 26 | 2.71306 | 19
33294362 | 27 | 2.71306 | 19
66588725 | 28 | 2.71306 | 19
133177450 | 29 | 2.37152e-322 | 7
133177451 | 29 | 2.38802 | 12
266354902 | 30 | 2.38802 | 11
532709804 | 31 | 2.38802 | 11
1065419609 | 32 | 2.38802 | 11
2130839219 | 33 | 2.38802 | 11
4261678438 | 34 | 4.63978e-310 | 4
4261678439 | 34 | 0.723285 | 7
266354903 | 30 | 4.63978e-310 | 1
1040449 | 22 | 5.61945 | 52
2080898 | 23 | 3.23211 | 26
4161796 | 24 | 2.1934 | 15
8323592 | 25 | 4.63978e-310 | 2
8323593 | 25 | 2.12073 | 13
16647186 | 26 | 1.58101e-322 | 1
16647187 | 26 | 2.12073 | 12
33294375 | 27 | 2.12073 | 12
66588751 | 28 | 2.12073 | 12
133177503 | 29 | 2.12073 | 12
266355006 | 30 | 2.12073 | 12
532710012 | 31 | 1.63042e-322 | 6
532710013 | 31 | 1.63042e-322 | 6
4161797 | 24 | 1.8908 | 11
8323595 | 25 | 1.8908 | 11
16647190 | 26 | 1.6493 | 2
16647191 | 26 | 0 | 9
2080899 | 23 | 3.8852 | 26
4161798 | 24 | 3.8852 | 26
8323596 | 25 | 0.167518 | 5
8323597 | 25 | 3.8852 | 21
16647194 | 26 | 0.492645 | 8
16647195 | 26 | 2.36682 | 13
33294390 | 27 | 0.0221361 | 9
33294391 | 27 | 0 | 4
260113 | 20 | 5.13617 | 17
520226 | 21 | 4.30529 | 15
1040452 | 22 | 4.63978e-310 | 3
1040453 | 22 | 3.20407 | 12
2080906 | 23 | 3.20407 | 11
4161812 | 24 | 4.63978e-310 | 5
4161813 | 24 | 4.00193e-322 | 6
2080907 | 23 | 4.63978e-310 | 1
520227 | 21 | 4.63978e-310 | 2
8129 | 15 | 13.37 | 350
16259 | 16 | 13.37 | 350
32518 | 17 | 13.37 | 350
65036 | 18 | 9.96584 | 126
130072 | 19 | 6.61039 | 48
260144 | 20 | 5.99871 | 43
520288 | 21 | 5.99871 | 43
1040576 | 22 | 5.99871 | 43
2081153 | 23 | 5.99871 | 43
4162306 | 24 | 5.5996 | 24
8324612 | 25 | 5.5996 | 24
16649224 | 26 | 2.88843 | 13
33298448 | 27 | 2.88843 | 13
66596896 | 28 | 0.487641 | 5
66596897 | 28 | 10.0527 | 8
16649225 | 26 | 2.55378 | 11
33298451 | 27 | 2.55378 | 11
66596902 | 28 | 4.63978e-310 | 1
66596903 | 28 | 5.89348 | 10
4162307 | 24 | 5.33059 | 19
8324614 | 25 | 5.33059 | 19
16649228 | 26 | 1.63042e-322 | 1
16649229 | 26 | 4.77043 | 18
33298459 | 27 | 4.77043 | 18
66596918 | 28 | 4.77043 | 18
133193836 | 29 | 4.77043 | 18
266387672 | 30 | 4.77043 | 18
532775344 | 31 | 4.77043 | 18
1065550688 | 32 | 1.63042e-322 | 9
1065550689 | 32 | 1.63042e-322 | 9
260145 | 20 | 4.63978e-310 | 5
130073 | 19 | 6.9306 | 78
260146 | 20 | 6.24445 | 53
520293 | 21 | 6.24445 | 53
1040586 | 22 | 6.24445 | 53
2081173 | 23 | 6.24445 | 53
4162347 | 24 | 6.24445 | 53
8324695 | 25 | 6.24445 | 53
16649390 | 26 | 6.24445 | 53
33298780 | 27 | 5.33816 | 39
66597561 | 28 | 5.33816 | 39
133195122 | 29 | 2.77139 | 26
266390245 | 30 | 2.77139 | 26
532780490 | 31 | 2.77139 | 26
1065560980 | 32 | 2.11211 | 3
1065560981 | 32 | 2.77139 | 23
2131121962 | 33 | 2.72371 | 22
4262243924 | 34 | 2.13247 | 12
8524487848 | 35 | 1.86934 | 9
8524487849 | 35 | 5.48028 | 3
4262243925 | 34 | 4.63978e-310 | 10
2131121963 | 33 | 4.46375 | 1
133195123 | 29 | 2.26261 | 13
266390247 | 30 | 2.26261 | 13
532780494 | 31 | 5.88299 | 3
532780495 | 31 | 4.63978e-310 | 10
33298781 | 27 | 4.76985 | 14
66597563 | 28 | 4.76985 | 14
133195127 | 29 | 4.76985 | 14
266390254 | 30 | 4.76985 | 14
532780509 | 31 | 4.76985 | 14
1065561018 | 32 | 1.63042e-322 | 4
1065561019 | 32 | 2.15468 | 10
260147 | 20 | 4.14728 | 25
520294 | 21 | 4.14728 | 25
1040588 | 22 | 1.86369 | 11
2081176 | 23 | 1.86369 | 11
4162352 | 24 | 4.63978e-310 | 7
4162353 | 24 | 4.63978e-310 | 4
1040589 | 22 | 2.18714 | 14
2081178 | 23 | 4.63978e-310 | 6
2081179 | 23 | 4.63978e-310 | 8
65037 | 18 | 10.9166 | 224
130074 | 19 | 6.04176 | 32
260148 | 20 | 3.80178 | 15
520296 | 21 | 3.80178 | 15
1040593 | 22 | 3.80178 | 15
2081186 | 23 | 2.36376 | 14
4162372 | 24 | 2.36376 | 14
8324745 | 25 | 2.36376 | 14
16649490 | 26 | 2.36376 | 14
33298980 | 27 | 2.36376 | 14
66597961 | 28 | 2.36376 | 14
133195922 | 29 | 8.68108 | 8
133195923 | 29 | 1.63042e-322 | 6
2081187 | 23 | 4.63978e-310 | 1
260149 | 20 | 1.63534 | 17
520299 | 21 | 1.63534 | 17
1040598 | 22 | 1.63534 | 17
2081196 | 23 | 4.63978e-310 | 10
2081197 | 23 | 4.63978e-310 | 7
130075 | 19 | 10.0512 | 192
260150 | 20 | 10.0512 | 192
520301 | 21 | 10.0512 | 192
1040602 | 22 | 6.54806 | 93
2081204 | 23 | 4.07928 | 38
4162408 | 24 | 4.07928 | 38
8324816 | 25 | 2.18489 | 22
16649632 | 26 | 2.18489 | 22
33299264 | 27 | 2.18489 | 22
66598528 | 28 | 2.18489 | 22
133197056 | 29 | 2.18489 | 22
266394113 | 30 | 2.18489 | 22
532788227 | 31 | 2.18489 | 22
1065576454 | 32 | 1.75465 | 13
2131152908 | 33 | 0.702531 | 7
2131152909 | 33 | 0.732028 | 6
1065576455 | 32 | 3.01982 | 9
8324817 | 25 | 2.3089 | 16
16649634 | 26 | 2.21451 | 15
33299269 | 27 | 2.21451 | 15
66598539 | 28 | 2.21451 | 15
133197079 | 29 | 2.21451 | 15
266394158 | 30 | 1.92566 | 12
532788316 | 31 | 1.92566 | 12
1065576633 | 32 | 1.92566 | 12
2131153266 | 33 | 25.8826 | 4
2131153267 | 33 | 1.63042e-322 | 8
266394159 | 30 | 4.63978e-310 | 3
16649635 | 26 | 4.63978e-310 | 1
2081205 | 23 | 4.79738 | 55
4162410 | 24 | 4.13907 | 19
8324820 | 25 | 4.13907 | 19
16649640 | 26 | 2.10059 | 2
16649641 | 26 | 2.4086 | 17
33299283 | 27 | 2.4086 | 17
66598566 | 28 | 2.4086 | 17
133197132 | 29 | 2.4086 | 17
266394264 | 30 | 3.65242 | 7
266394265 | 30 | 0.206311 | 10
4162411 | 24 | 4.32451 | 36
8324822 | 25 | 3.99166 | 14
16649644 | 26 | 4.63978e-310 | 3
16649645 | 26 | 1.73687 | 11
33299290 | 27 | 2.73565 | 1
33299291 | 27 | 1.89136 | 10
8324823 | 25 | 3.99597 | 22
16649646 | 26 | 3.99597 | 22
33299292 | 27 | 3.99597 | 22
66598584 | 28 | 3.99597 | 22
133197168 | 29 | 0.297582 | 6
133197169 | 29 | 1.48235 | 16
266394339 | 30 | 1.48235 | 16
532788678 | 31 | 0.1734 | 3
532788679 | 31 | 1.45178 | 13
1065577358 | 32 | 2.19737 | 2
1065577359 | 32 | 1.30778 | 11
2131154718 | 33 | 1.30778 | 11
4262309437 | 34 | 1.30778 | 11
8524618874 | 35 | 11.4796 | 1
8524618875 | 35 | 0 | 10
1040603 | 22 | 9.21255 | 99
2081206 | 23 | 9.21255 | 99
4162412 | 24 | 9.21255 | 99
8324824 | 25 | 9.21255 | 99
16649648 | 26 | 7.94638 | 63
33299296 | 27 | 7.94638 | 63
66598592 | 28 | 7.94638 | 63
133197184 | 29 | 7.94638 | 61
266394368 | 30 | 4.98583 | 29
532788736 | 31 | 4.98583 | 29
1065577472 | 32 | 4.98583 | 29
2131154944 | 33 | 4.98583 | 29
4262309889 | 34 | 4.98583 | 29
8524619778 | 35 | 7.37743 | 8
8524619779 | 35 | 4.35024 | 21
17049239559 | 36 | 4.35024 | 21
34098479119 | 37 | 4.35024 | 21
68196958239 | 38 | 4.35024 | 21
136393916479 | 39 | 4.35024 | 21
272787832958 | 40 | 4.35024 | 21
545575665916 | 41 | 2.90485 | 11
1091151331832 | 42 | 4.869 | 5
1091151331833 | 42 | 5.35556 | 6
545575665917 | 41 | 4.63978e-310 | 10
266394369 | 30 | 5.69584 | 32
532788739 | 31 | 5.69584 | 32
1065577479 | 32 | 5.69584 | 32
2131154959 | 33 | 5.69584 | 32
4262309918 | 34 | 5.69584 | 32
8524619836 | 35 | 4.06774 | 21
17049239673 | 36 | 4.06774 | 21
34098479347 | 37 | 4.06774 | 21
68196958694 | 38 | 4.06774 | 21
136393917388 | 39 | 4.06774 | 21
272787834776 | 40 | 3.46704 | 16
545575669553 | 41 | 3.46704 | 16
1091151339106 | 42 | 3.46704 | 16
2182302678213 | 43 | 3.46704 | 16
4364605356426 | 44 | 3.46704 | 16
8729210712852 | 45 | 4.97262 | 3
8729210712853 | 45 | 2.92516 | 13
17458421425707 | 46 | 2.92516 | 13
34916842851414 | 47 | 2.92516 | 13
69833685702829 | 48 | 2.92516 | 13
139667371405658 | 49 | 2.92516 | 13
279334742811316 | 50 | 29.9284 | 4
279334742811317 | 50 | 9.545 | 9
272787834777 | 40 | 4.63978e-310 | 5
8524619837 | 35 | 3.87988 | 11
17049239675 | 36 | 3.87988 | 11
34098479350 | 37 | 4.63978e-310 | 7
34098479351 | 37 | 4.63978e-310 | 4
133197185 | 29 | 4.63978e-310 | 2
16649649 | 26 | 7.21288 | 36
33299298 | 27 | 2.24336 | 12
66598596 | 28 | 4.63978e-310 | 5
66598597 | 28 | 4.63978e-310 | 7
33299299 | 27 | 4.83479 | 24
66598598 | 28 | 4.83479 | 24
133197196 | 29 | 4.83479 | 24
266394392 | 30 | 3.31374 | 17
532788784 | 31 | 3.31374 | 17
1065577568 | 32 | 3.31374 | 17
2131155137 | 33 | 3.31374 | 17
4262310275 | 34 | 3.31374 | 17
8524620550 | 35 | 3.31374 | 17
17049241100 | 36 | 10.7827 | 7
17049241101 | 36 | 6.0206 | 10
266394393 | 30 | 4.63978e-310 | 7
1017 | 12 | 9.52278 | 85
2034 | 13 | 6.02963 | 22
4068 | 14 | 6.02963 | 22
8137 | 15 | 6.02963 | 22
16274 | 16 | 6.02963 | 22
32548 | 17 | 6.90513e-310 | 2
32549 | 17 | 6.02963 | 20
65098 | 18 | 6.02963 | 20
130196 | 19 | 6.02963 | 20
260392 | 20 | 6.02963 | 20
520784 | 21 | 6.02963 | 20
1041568 | 22 | 1.56874 | 6
1041569 | 22 | 5.21781 | 14
2083138 | 23 | 5.21781 | 14
4166276 | 24 | 5.21781 | 14
8332552 | 25 | 5.21781 | 14
16665104 | 26 | 4.63978e-310 | 3
16665105 | 26 | 2.5551 | 11
33330211 | 27 | 2.5551 | 11
66660422 | 28 | 2.5551 | 11
133320844 | 29 | 2.5551 | 11
266641688 | 30 | 2.5551 | 11
533283376 | 31 | 2.5551 | 11
1066566752 | 32 | 0.745306 | 3
1066566753 | 32 | 4.63978e-310 | 8
2035 | 13 | 7.70761 | 63
4071 | 14 | 7.70761 | 63
8142 | 15 | 5.99057 | 17
16285 | 16 | 5.99057 | 17
32571 | 17 | 5.99057 | 17
65143 | 18 | 5.99057 | 17
130287 | 19 | 5.99057 | 17
260574 | 20 | 4.63978e-310 | 9
260575 | 20 | 4.63978e-310 | 8
8143 | 15 | 6.52139 | 46
16287 | 16 | 6.52139 | 46
32574 | 17 | 5.23995 | 20
65148 | 18 | 5.23995 | 20
130296 | 19 | 5.23995 | 20
260592 | 20 | 5.23995 | 20
521184 | 21 | 4.63978e-310 | 7
521185 | 21 | 2.99912 | 13
1042370 | 22 | 2.623 | 12
2084740 | 23 | 1.63042e-322 | 5
2084741 | 23 | 1.63042e-322 | 7
1042371 | 22 | 1.63042e-322 | 1
32575 | 17 | 4.32627 | 26
65150 | 18 | 2.33847 | 14
130300 | 19 | 2.20716 | 13
260601 | 20 | 2.20716 | 13
521203 | 21 | 2.20716 | 13
1042406 | 22 | 1.63042e-322 | 10
1042407 | 22 | 1.58101e-322 | 3
130301 | 19 | 1.58101e-322 | 1
65151 | 18 | 2.2578 | 12
130302 | 19 | 1.58101e-322 | 4
130303 | 19 | 1.58101e-322 | 8
509 | 11 | 21.111 | 89
1019 | 12 | 21.111 | 89
2038 | 13 | 4.63978e-310 | 8
2039 | 13 | 21.0122 | 81
4079 | 14 | 21.0122 | 81
8158 | 15 | 1.58101e-322 | 4
8159 | 15 | 19.7762 | 77
16318 | 16 | 19.7762 | 77
32637 | 17 | 19.7762 | 77
65275 | 18 | 19.7762 | 77
130550 | 19 | 19.7762 | 54
261101 | 20 | 19.7762 | 54
522202 | 21 | 9.39989 | 19
1044404 | 22 | 9.39989 | 19
2088808 | 23 | 1.63042e-322 | 3
2088809 | 23 | 9.39989 | 16
4177618 | 24 | 3.0276 | 11
8355236 | 25 | 3.0276 | 11
16710472 | 26 | 1.63042e-322 | 7
16710473 | 26 | 1.58101e-322 | 4
4177619 | 24 | 1.58101e-322 | 5
522203 | 21 | 10.1915 | 35
1044406 | 22 | 10.1915 | 27
2088813 | 23 | 10.1915 | 27
4177626 | 24 | 10.1915 | 27
8355253 | 25 | 10.1915 | 27
16710507 | 26 | 10.1915 | 27
33421014 | 27 | 7.06739 | 14
66842029 | 28 | 7.06739 | 14
133684058 | 29 | 7.06739 | 12
267368117 | 30 | 7.06739 | 12
534736234 | 31 | 4.63978e-310 | 5
534736235 | 31 | 4.63978e-310 | 7
133684059 | 29 | 4.63978e-310 | 2
33421015 | 27 | 6.47006 | 13
66842031 | 28 | 6.47006 | 13
133684062 | 29 | 6.47006 | 13
267368124 | 30 | 2.37152e-322 | 7
267368125 | 30 | 2.37152e-322 | 6
1044407 | 22 | 4.63978e-310 | 8
130551 | 19 | 8.10455 | 23
261103 | 20 | 8.10455 | 23
522206 | 21 | 3.86321 | 16
1044413 | 22 | 3.86321 | 16
2088827 | 23 | 3.86321 | 16
4177654 | 24 | 3.86321 | 16
8355309 | 25 | 3.86321 | 16
16710618 | 26 | 3.80068 | 13
33421236 | 27 | 3.52942 | 12
66842472 | 28 | 2.51755 | 2
66842473 | 28 | 4.70216 | 10
33421237 | 27 | 4.63978e-310 | 1
16710619 | 26 | 3.6935 | 3
522207 | 21 | 4.63978e-310 | 7
