ID | Depth | diameter | Number of points
0 | 0 | 29.316 | 1600
0 | 1 | 26.852 | 605
0 | 2 | 25.8541 | 303
0 | 3 | 25.5856 | 274
0 | 4 | 4.63978e-310 | 1
1 | 4 | 25.5856 | 273
2 | 5 | 25.5856 | 273
5 | 6 | 25.5856 | 273
10 | 7 | 24.0788 | 161
21 | 8 | 24.0788 | 161
42 | 9 | 15.509 | 49
85 | 10 | 15.509 | 49
171 | 11 | 15.509 | 49
343 | 12 | 15.509 | 49
687 | 13 | 15.509 | 49
1374 | 14 | 15.509 | 43
2748 | 15 | 11.7849 | 33
5496 | 16 | 11.7849 | 33
10993 | 17 | 11.7849 | 33
21986 | 18 | 11.7849 | 33
43972 | 19 | 4.59496 | 14
87944 | 20 | 4.63978e-310 | 1
87945 | 20 | 4.59496 | 13
175891 | 21 | 4.59496 | 13
351782 | 22 | 11.3937 | 4
351783 | 22 | 4.63978e-310 | 9
43973 | 19 | 7.27768 | 19
87946 | 20 | 7.27768 | 19
175892 | 21 | 7.27768 | 18
351784 | 22 | 4.63978e-310 | 8
351785 | 22 | 4.63978e-310 | 10
175893 | 21 | 4.63978e-310 | 1
2749 | 15 | 4.63978e-310 | 10
1375 | 14 | 4.63978e-310 | 6
43 | 9 | 11.7999 | 112
86 | 10 | 11.7999 | 112
172 | 11 | 11.7999 | 112
344 | 12 | 11.7999 | 110
688 | 13 | 8.18124 | 52
1377 | 14 | 8.18124 | 52
2754 | 15 | 8.18124 | 52
5508 | 16 | 8.18124 | 52
11016 | 17 | 8.18124 | 52
22032 | 18 | 3.6815 | 12
44065 | 19 | 3.6815 | 12
88130 | 20 | 32.3128 | 9
88131 | 20 | 35.641 | 3
22033 | 18 | 8.18124 | 40
44066 | 19 | 4.63978e-310 | 10
44067 | 19 | 4.42329 | 30
88134 | 20 | 3.6988 | 27
176268 | 21 | 3.6988 | 27
352536 | 22 | 3.6988 | 27
705072 | 23 | 3.6988 | 27
1410144 | 24 | 3.6988 | 27
2820289 | 25 | 3.6988 | 27
5640579 | 26 | 3.6988 | 27
11281158 | 27 | 3.15066 | 3
11281159 | 27 | 3.21097 | 24
22562318 | 28 | 3.21097 | 24
45124637 | 29 | 3.21097 | 24
90249274 | 30 | 3.21097 | 24
180498548 | 31 | 3.21097 | 19
360997096 | 32 | 1.58101e-322 | 10
360997097 | 32 | 1.58101e-322 | 9
180498549 | 31 | 4.63978e-310 | 5
88135 | 20 | 4.63978e-310 | 3
689 | 13 | 5.71617 | 58
1379 | 14 | 5.71617 | 58
2758 | 15 | 5.71617 | 58
5516 | 16 | 5.71617 | 58
11032 | 17 | 5.71617 | 58
22064 | 18 | 5.71617 | 58
44128 | 19 | 2.41302 | 11
88256 | 20 | 2.41302 | 11
176512 | 21 | 2.41302 | 11
353025 | 22 | 2.41302 | 11
706050 | 23 | 1.63042e-322 | 3
706051 | 23 | 1.63042e-322 | 8
44129 | 19 | 5.71617 | 47
88258 | 20 | 5.71617 | 47
176516 | 21 | 5.71617 | 47
353033 | 22 | 5.71617 | 47
706066 | 23 | 1.63042e-322 | 9
706067 | 23 | 3.27203 | 38
1412135 | 24 | 3.27203 | 38
2824270 | 25 | 2.46635 | 16
5648541 | 26 | 2.46635 | 16
11297082 | 27 | 2.46635 | 16
22594165 | 28 | 2.46635 | 16
45188330 | 29 | 1.86482 | 15
90376660 | 30 | 1.86482 | 15
180753321 | 31 | 1.86482 | 15
361506642 | 32 | 1.63042e-322 | 9
361506643 | 32 | 1.63042e-322 | 6
45188331 | 29 | 1.63042e-322 | 1
2824271 | 25 | 2.55551 | 22
5648542 | 26 | 2.55551 | 22
11297085 | 27 | 2.55551 | 22
22594171 | 28 | 2.55551 | 22
45188342 | 29 | 1.77415 | 15
90376685 | 30 | 1.77415 | 15
180753370 | 31 | 1.53482 | 13
361506741 | 32 | 1.53482 | 13
723013482 | 33 | 1.53482 | 13
1446026964 | 34 | 1.53482 | 13
2892053929 | 35 | 1.53482 | 13
5784107858 | 36 | 1.53482 | 13
11568215716 | 37 | 1.45689 | 11
23136431432 | 38 | 1.63042e-322 | 7
23136431433 | 38 | 1.58101e-322 | 4
11568215717 | 37 | 1.58101e-322 | 2
180753371 | 31 | 1.63042e-322 | 2
45188343 | 29 | 1.63042e-322 | 7
345 | 12 | 4.63978e-310 | 2
11 | 7 | 19.4708 | 112
23 | 8 | 19.4708 | 112
46 | 9 | 19.4708 | 112
93 | 10 | 19.4708 | 112
187 | 11 | 19.4708 | 112
374 | 12 | 19.4708 | 112
749 | 13 | 19.4708 | 112
1499 | 14 | 19.4708 | 112
2998 | 15 | 7.50714 | 28
5996 | 16 | 6.7457 | 15
11993 | 17 | 6.7457 | 15
23986 | 18 | 2.87504 | 12
47972 | 19 | 1.63042e-322 | 7
47973 | 19 | 1.63042e-322 | 5
23987 | 18 | 1.58101e-322 | 3
5997 | 16 | 7.44328 | 13
11995 | 17 | 7.44328 | 13
23990 | 18 | 1.63042e-322 | 10
23991 | 18 | 1.58101e-322 | 3
2999 | 15 | 5.0766 | 84
5999 | 16 | 5.0766 | 84
11998 | 17 | 5.0766 | 84
23996 | 18 | 5.0766 | 84
47992 | 19 | 5.0766 | 84
95984 | 20 | 5.0766 | 79
191968 | 21 | 5.0766 | 79
383936 | 22 | 5.0766 | 79
767873 | 23 | 5.0766 | 79
1535747 | 24 | 5.0766 | 79
3071494 | 25 | 3.62593 | 48
6142988 | 26 | 2.20652 | 13
12285976 | 27 | 2.20652 | 13
24571952 | 28 | 1.58101e-322 | 3
24571953 | 28 | 1.58101e-322 | 10
6142989 | 26 | 2.48444 | 35
12285979 | 27 | 2.48444 | 35
24571958 | 28 | 2.28179 | 30
49143916 | 29 | 2.28179 | 30
98287833 | 30 | 2.28179 | 30
196575666 | 31 | 2.28179 | 30
393151332 | 32 | 1.69023 | 16
786302664 | 33 | 4.63978e-310 | 3
786302665 | 33 | 1.48684 | 13
1572605330 | 34 | 1.48684 | 13
3145210660 | 35 | 0 | 4
3145210661 | 35 | 0.0563624 | 9
393151333 | 32 | 1.7233 | 14
786302666 | 33 | 1.7233 | 14
1572605332 | 34 | 1.7233 | 14
3145210664 | 35 | 4.63978e-310 | 9
3145210665 | 35 | 4.63978e-310 | 5
24571959 | 28 | 4.63978e-310 | 5
3071495 | 25 | 3.62474 | 31
6142991 | 26 | 3.62474 | 31
12285983 | 27 | 3.62474 | 31
24571967 | 28 | 3.62474 | 31
49143934 | 29 | 2.69285 | 24
98287868 | 30 | 2.23397 | 13
196575737 | 31 | 2.23397 | 13
393151474 | 32 | 2.23397 | 13
786302949 | 33 | 2.23397 | 13
1572605898 | 34 | 2.23397 | 13
3145211796 | 35 | 2.17029 | 11
6290423593 | 36 | 2.17029 | 11
12580847186 | 37 | 2.17029 | 11
25161694372 | 38 | 0.313074 | 8
25161694373 | 38 | 0 | 3
3145211797 | 35 | 0.916174 | 2
98287869 | 30 | 2.66481 | 11
196575739 | 31 | 2.66481 | 11
393151478 | 32 | 4.63978e-310 | 1
393151479 | 32 | 4.63978e-310 | 10
49143935 | 29 | 4.63978e-310 | 7
95985 | 20 | 4.63978e-310 | 5
1 | 3 | 10.3686 | 29
2 | 4 | 4.63978e-310 | 2
3 | 4 | 9.64517 | 27
6 | 5 | 9.64517 | 26
13 | 6 | 9.64517 | 26
26 | 7 | 5.91034 | 12
53 | 8 | 5.91034 | 12
106 | 9 | 5.91034 | 12
212 | 10 | 4.63978e-310 | 6
213 | 10 | 1.61917 | 6
27 | 7 | 3.90277 | 14
55 | 8 | 3.90277 | 14
110 | 9 | 7.24151 | 3
111 | 9 | 3.1392 | 11
222 | 10 | 3.1392 | 11
444 | 11 | 0.965654 | 8
445 | 11 | 3.45324 | 3
7 | 5 | 4.63978e-310 | 1
1 | 2 | 25.8574 | 302
2 | 3 | 20.7648 | 65
4 | 4 | 7.10151 | 12
9 | 5 | 7.10151 | 12
19 | 6 | 7.10151 | 12
38 | 7 | 7.10151 | 12
77 | 8 | 7.10151 | 12
154 | 9 | 0.490696 | 9
155 | 9 | 1.27797 | 3
5 | 4 | 13.6566 | 53
11 | 5 | 13.6566 | 53
22 | 6 | 13.6566 | 53
45 | 7 | 13.6566 | 53
91 | 8 | 13.6566 | 53
182 | 9 | 12.8088 | 45
364 | 10 | 8.04288 | 21
728 | 11 | 8.04288 | 21
1457 | 12 | 8.04288 | 21
2914 | 13 | 0.240159 | 10
2915 | 13 | 3.28512 | 11
5830 | 14 | 3.28512 | 11
11660 | 15 | 3.28512 | 11
23320 | 16 | 3.28512 | 11
46640 | 17 | 3.28512 | 11
93281 | 18 | 3.28512 | 11
186562 | 19 | 4.63978e-310 | 3
186563 | 19 | 0.526366 | 8
365 | 10 | 4.84923 | 24
730 | 11 | 4.84923 | 24
1460 | 12 | 4.84923 | 24
2920 | 13 | 0.382421 | 8
2921 | 13 | 2.31023 | 16
5842 | 14 | 2.20861 | 14
11685 | 15 | 2.20861 | 14
23370 | 16 | 2.00571 | 11
46741 | 17 | 2.00571 | 11
93482 | 18 | 2.00571 | 11
186964 | 19 | 6.93787 | 3
186965 | 19 | 4.63978e-310 | 8
23371 | 16 | 4.63978e-310 | 3
5843 | 14 | 4.63978e-310 | 2
183 | 9 | 4.63978e-310 | 8
3 | 3 | 21.3856 | 237
6 | 4 | 17.6748 | 124
13 | 5 | 17.6748 | 124
26 | 6 | 14.6502 | 112
52 | 7 | 14.6502 | 112
105 | 8 | 14.6502 | 112
210 | 9 | 14.6502 | 112
420 | 10 | 0.00922552 | 8
421 | 10 | 9.0381 | 104
843 | 11 | 9.0381 | 104
1686 | 12 | 9.0381 | 104
3372 | 13 | 5.72159 | 36
6744 | 14 | 0.278091 | 8
6745 | 14 | 5.46141 | 28
13490 | 15 | 3.5145 | 12
26980 | 16 | 3.5145 | 12
53960 | 17 | 1.23947 | 3
53961 | 17 | 2.89049 | 9
13491 | 15 | 3.56609 | 16
26982 | 16 | 3.56609 | 16
53964 | 17 | 1.58101e-322 | 4
53965 | 17 | 3.08806 | 12
107931 | 18 | 3.08806 | 12
215862 | 19 | 3.08806 | 12
431725 | 20 | 3.08806 | 12
863451 | 21 | 3.08806 | 12
1726902 | 22 | 3.08806 | 12
3453804 | 23 | 5.65067 | 9
3453805 | 23 | 3.33127 | 3
3373 | 13 | 5.89748 | 68
6747 | 14 | 5.89748 | 68
13494 | 15 | 5.89748 | 68
26988 | 16 | 5.89748 | 68
53976 | 17 | 5.89748 | 68
107952 | 18 | 5.89748 | 68
215904 | 19 | 5.89748 | 68
431808 | 20 | 5.89748 | 68
863616 | 21 | 5.89748 | 68
1727233 | 22 | 5.89748 | 68
3454466 | 23 | 4.47561 | 19
6908932 | 24 | 4.47561 | 19
13817864 | 25 | 3.54908 | 12
27635729 | 26 | 3.54908 | 12
55271458 | 27 | 3.54908 | 12
110542916 | 28 | 3.21143e-322 | 5
110542917 | 28 | 3.21143e-322 | 7
13817865 | 25 | 4.63978e-310 | 7
3454467 | 23 | 4.37645 | 49
6908934 | 24 | 3.95487 | 39
13817868 | 25 | 0.479869 | 3
13817869 | 25 | 3.44369 | 36
27635739 | 26 | 3.44369 | 36
55271478 | 27 | 3.44369 | 36
110542956 | 28 | 3.02636 | 30
221085912 | 29 | 3.02636 | 27
442171824 | 30 | 3.02636 | 27
884343649 | 31 | 3.02636 | 27
1768687298 | 32 | 2.87729 | 18
3537374597 | 33 | 2.87729 | 18
7074749194 | 34 | 3.21143e-322 | 2
7074749195 | 34 | 2.07507 | 16
14149498390 | 35 | 3.21143e-322 | 5
14149498391 | 35 | 2.06798 | 11
28298996783 | 36 | 2.06798 | 11
56597993566 | 37 | 3.21143e-322 | 1
56597993567 | 37 | 1.58101e-322 | 10
1768687299 | 32 | 4.63978e-310 | 9
221085913 | 29 | 4.63978e-310 | 3
110542957 | 28 | 4.63978e-310 | 6
6908935 | 24 | 4.63978e-310 | 10
27 | 6 | 10.327 | 12
54 | 7 | 4.63978e-310 | 6
55 | 7 | 4.63978e-310 | 6
7 | 4 | 8.74444 | 113
14 | 5 | 8.74444 | 113
29 | 6 | 8.74444 | 113
59 | 7 | 8.74444 | 113
118 | 8 | 8.74444 | 113
237 | 9 | 8.74444 | 113
474 | 10 | 8.54289 | 103
948 | 11 | 7.98937 | 59
1897 | 12 | 7.98937 | 59
3795 | 13 | 7.98937 | 59
7590 | 14 | 7.98937 | 45
15180 | 15 | 8.97883 | 8
15181 | 15 | 7.4479 | 37
30362 | 16 | 7.4479 | 37
60725 | 17 | 7.4479 | 37
121450 | 18 | 3.5143 | 33
242900 | 19 | 3.5143 | 33
485800 | 20 | 3.5143 | 29
971601 | 21 | 3.5143 | 29
1943202 | 22 | 0.453199 | 1
1943203 | 22 | 2.99627 | 28
3886406 | 23 | 2.99627 | 28
7772813 | 24 | 2.99627 | 28
15545626 | 25 | 2.99627 | 28
31091252 | 26 | 2.25599 | 13
62182504 | 27 | 2.25599 | 13
124365008 | 28 | 2.25599 | 13
248730017 | 29 | 2.25599 | 13
497460035 | 30 | 2.25599 | 13
994920071 | 31 | 2.25599 | 13
1989840142 | 32 | 1.79377 | 9
1989840143 | 32 | 4.13441 | 4
31091253 | 26 | 2.76112 | 15
62182506 | 27 | 2.76112 | 15
124365012 | 28 | 4.63978e-310 | 5
124365013 | 28 | 4.63978e-310 | 10
485801 | 20 | 4.63978e-310 | 4
121451 | 18 | 4.63978e-310 | 4
7591 | 14 | 7.24862 | 14
15182 | 15 | 3.67463 | 13
30364 | 16 | 4.63978e-310 | 6
30365 | 16 | 4.63978e-310 | 7
15183 | 15 | 4.63978e-310 | 1
949 | 11 | 7.86734 | 44
1898 | 12 | 4.40266 | 38
3797 | 13 | 4.40266 | 38
7595 | 14 | 4.40266 | 38
15190 | 15 | 4.40266 | 38
30380 | 16 | 3.93203 | 30
60760 | 17 | 3.93203 | 29
121521 | 18 | 3.93203 | 29
243042 | 19 | 3.93203 | 29
486085 | 20 | 3.93203 | 29
972170 | 21 | 1.84644 | 15
1944340 | 22 | 1.84644 | 15
3888680 | 23 | 0 | 6
3888681 | 23 | 0.176977 | 9
972171 | 21 | 2.42955 | 14
1944343 | 22 | 2.42955 | 14
3888686 | 23 | 2.42955 | 13
7777373 | 24 | 2.42955 | 13
15554746 | 25 | 0.775791 | 4
15554747 | 25 | 0.896856 | 9
3888687 | 23 | 4.63978e-310 | 1
60761 | 17 | 4.63978e-310 | 1
30381 | 16 | 4.63978e-310 | 8
1899 | 12 | 4.63978e-310 | 6
475 | 10 | 4.63978e-310 | 10
1 | 1 | 25.6717 | 995
2 | 2 | 25.6717 | 995
4 | 3 | 25.6717 | 995
8 | 4 | 25.6717 | 456
16 | 5 | 25.6717 | 456
32 | 6 | 10.9375 | 75
64 | 7 | 10.71 | 20
128 | 8 | 8.13011 | 15
257 | 9 | 8.13011 | 15
514 | 10 | 8.13011 | 15
1028 | 11 | 8.13011 | 15
2056 | 12 | 8.13011 | 12
4113 | 13 | 8.13011 | 12
8227 | 14 | 8.13011 | 12
16454 | 15 | 1.07184 | 9
16455 | 15 | 2.05347 | 3
2057 | 12 | 4.63978e-310 | 3
129 | 8 | 4.63978e-310 | 5
65 | 7 | 10.619 | 55
130 | 8 | 9.93115 | 45
261 | 9 | 9.93115 | 45
522 | 10 | 9.93115 | 45
1044 | 11 | 9.93115 | 45
2089 | 12 | 9.93115 | 45
4178 | 13 | 9.93115 | 45
8356 | 14 | 9.93115 | 45
16713 | 15 | 9.93115 | 45
33427 | 16 | 9.93115 | 45
66855 | 17 | 9.93115 | 45
133710 | 18 | 7.35193 | 38
267421 | 19 | 7.35193 | 38
534842 | 20 | 4.87609 | 24
1069684 | 21 | 4.87609 | 24
2139368 | 22 | 4.87609 | 24
4278736 | 23 | 3.66135 | 23
8557473 | 24 | 3.66135 | 23
17114946 | 25 | 3.66135 | 23
34229892 | 26 | 3.00997 | 17
68459784 | 27 | 2.67897 | 13
136919568 | 28 | 2.67897 | 12
273839136 | 29 | 2.67897 | 12
547678273 | 30 | 2.67897 | 12
1095356546 | 31 | 0.824115 | 5
1095356547 | 31 | 0.54168 | 7
136919569 | 28 | 4.63978e-310 | 1
68459785 | 27 | 4.63978e-310 | 4
34229893 | 26 | 4.63978e-310 | 6
4278737 | 23 | 4.63978e-310 | 1
534843 | 20 | 2.12525 | 14
1069687 | 21 | 2.12525 | 14
2139374 | 22 | 1.98681 | 13
4278748 | 23 | 4.63978e-310 | 1
4278749 | 23 | 1.95238 | 12
8557499 | 24 | 1.95238 | 12
17114998 | 25 | 1.95238 | 12
34229996 | 26 | 2.01724 | 5
34229997 | 26 | 1.59597 | 7
2139375 | 22 | 4.63978e-310 | 1
133711 | 18 | 4.63978e-310 | 7
131 | 8 | 4.63978e-310 | 10
33 | 6 | 18.4286 | 381
67 | 7 | 18.4286 | 381
134 | 8 | 17.3053 | 233
268 | 9 | 10.2529 | 142
537 | 10 | 10.2529 | 142
1074 | 11 | 8.43662 | 90
2148 | 12 | 7.21517 | 70
4296 | 13 | 7.21517 | 70
8592 | 14 | 4.63978e-310 | 3
8593 | 14 | 7.21517 | 67
17186 | 15 | 7.21517 | 67
34373 | 16 | 7.21517 | 67
68746 | 17 | 7.10225 | 30
137492 | 18 | 0.166667 | 3
137493 | 18 | 4.56945 | 27
274987 | 19 | 4.56945 | 27
549975 | 20 | 4.56945 | 27
1099951 | 21 | 4.56945 | 27
2199903 | 22 | 4.56945 | 27
4399806 | 23 | 4.56945 | 27
8799613 | 24 | 4.56945 | 27
17599227 | 25 | 4.56945 | 27
35198454 | 26 | 0.198721 | 10
35198455 | 26 | 4.13153 | 17
70396910 | 27 | 3.75261 | 16
140793820 | 28 | 3.75261 | 16
281587641 | 29 | 3.75261 | 16
563175282 | 30 | 3.75261 | 16
1126350565 | 31 | 3.75261 | 16
2252701130 | 32 | 3.75261 | 16
4505402260 | 33 | 0 | 4
4505402261 | 33 | 2.00645 | 12
9010804523 | 34 | 2.00645 | 12
18021609047 | 35 | 2.00645 | 12
36043218094 | 36 | 0.0822943 | 2
36043218095 | 36 | 0.433034 | 10
70396911 | 27 | 4.63978e-310 | 1
68747 | 17 | 6.99338 | 37
137494 | 18 | 6.99338 | 37
274989 | 19 | 6.99338 | 37
549978 | 20 | 6.99338 | 37
1099956 | 21 | 0.00693951 | 6
1099957 | 21 | 5.1721 | 31
2199914 | 22 | 5.1721 | 31
4399829 | 23 | 5.1721 | 31
8799658 | 24 | 5.1721 | 31
17599316 | 25 | 5.1721 | 11
35198632 | 26 | 5.1721 | 11
70397264 | 27 | 4.63978e-310 | 4
70397265 | 27 | 0.0821421 | 7
17599317 | 25 | 3.21869 | 20
35198634 | 26 | 3.21869 | 20
70397269 | 27 | 3.21869 | 20
140794538 | 28 | 3.21869 | 20
281589077 | 29 | 3.21869 | 20
563178154 | 30 | 0.0821421 | 2
563178155 | 30 | 2.7629 | 18
1126356310 | 31 | 2.7629 | 18
2252712621 | 32 | 2.7629 | 18
4505425242 | 33 | 26.8667 | 2
4505425243 | 33 | 2.46769 | 16
9010850486 | 34 | 2.46769 | 16
18021700973 | 35 | 2.46769 | 16
36043401946 | 36 | 2.03452 | 13
72086803892 | 37 | 2.03452 | 13
144173607784 | 38 | 2.03452 | 13
288347215569 | 39 | 2.03452 | 13
576694431139 | 40 | 2.03452 | 13
1153388862278 | 41 | 2.03452 | 13
2306777724556 | 42 | 1.92566 | 11
4613555449112 | 43 | 1.92566 | 11
9227110898225 | 44 | 1.92566 | 11
18454221796450 | 45 | 1.92566 | 11
36908443592900 | 46 | 1.92566 | 11
73816887185800 | 47 | 1.92566 | 11
147633774371600 | 48 | 1.88844 | 1
147633774371601 | 48 | 2.44844 | 10
2306777724557 | 42 | 4.63978e-310 | 2
36043401947 | 36 | 4.63978e-310 | 3
2149 | 12 | 2.22598 | 20
4298 | 13 | 2.17204 | 15
8597 | 14 | 2.17204 | 15
17194 | 15 | 2.17204 | 15
34388 | 16 | 2.17204 | 15
68776 | 17 | 2.17204 | 15
137552 | 18 | 4.63978e-310 | 7
137553 | 18 | 4.63978e-310 | 8
4299 | 13 | 4.63978e-310 | 5
1075 | 11 | 8.52286 | 52
2150 | 12 | 5.46461 | 27
4301 | 13 | 5.46461 | 27
8603 | 14 | 5.46461 | 27
17206 | 15 | 4.79032 | 21
34413 | 16 | 4.79032 | 21
68827 | 17 | 4.79032 | 21
137654 | 18 | 4.79032 | 21
275308 | 19 | 4.79032 | 21
550616 | 20 | 4.02337 | 11
1101233 | 21 | 4.02337 | 11
2202466 | 22 | 4.02337 | 11
4404932 | 23 | 4.02337 | 11
8809864 | 24 | 4.63978e-310 | 10
8809865 | 24 | 4.63978e-310 | 1
550617 | 20 | 4.63978e-310 | 10
17207 | 15 | 4.63978e-310 | 6
2151 | 12 | 4.45493 | 25
4303 | 13 | 4.45493 | 25
8606 | 14 | 4.45493 | 23
17212 | 15 | 4.45493 | 23
34424 | 16 | 4.63978e-310 | 5
34425 | 16 | 3.48587 | 18
68850 | 17 | 3.48587 | 18
137700 | 18 | 3.48587 | 18
275400 | 19 | 3.48587 | 18
550800 | 20 | 3.48587 | 18
1101600 | 21 | 3.40815 | 13
2203200 | 22 | 3.40815 | 13
4406400 | 23 | 2.39162 | 8
4406401 | 23 | 0.909179 | 5
1101601 | 21 | 4.63978e-310 | 5
8607 | 14 | 4.63978e-310 | 2
269 | 9 | 10.0603 | 91
538 | 10 | 10.0603 | 91
1076 | 11 | 4.63978e-310 | 1
1077 | 11 | 9.78591 | 90
2154 | 12 | 7.03141 | 64
4308 | 13 | 7.03141 | 64
8617 | 14 | 7.03141 | 64
17234 | 15 | 7.03141 | 64
34469 | 16 | 7.03141 | 64
68938 | 17 | 5.45359 | 53
137876 | 18 | 5.45359 | 53
275752 | 19 | 5.45359 | 47
551504 | 20 | 4.63978e-310 | 6
551505 | 20 | 3.6316 | 41
1103011 | 21 | 3.6316 | 41
2206022 | 22 | 3.6316 | 41
4412045 | 23 | 3.6316 | 41
8824090 | 24 | 3.6316 | 41
17648181 | 25 | 3.6316 | 41
35296362 | 26 | 0 | 5
35296363 | 26 | 3.14603 | 36
70592726 | 27 | 3.14603 | 36
141185453 | 28 | 3.14603 | 36
282370907 | 29 | 3.14603 | 36
564741815 | 30 | 3.14603 | 36
1129483630 | 31 | 3.14603 | 36
2258967260 | 32 | 2.89177 | 35
4517934520 | 33 | 1.58509 | 9
4517934521 | 33 | 2.14127 | 26
9035869042 | 34 | 2.05311 | 14
18071738084 | 35 | 0 | 9
18071738085 | 35 | 1.51641 | 5
9035869043 | 34 | 1.97645 | 12
18071738086 | 35 | 0.66805 | 3
18071738087 | 35 | 4.63978e-310 | 9
2258967261 | 32 | 4.63978e-310 | 1
275753 | 19 | 4.63978e-310 | 6
68939 | 17 | 1.95671 | 11
137878 | 18 | 4.63978e-310 | 2
137879 | 18 | 4.63978e-310 | 9
2155 | 12 | 6.10107 | 26
4311 | 13 | 6.10107 | 26
8623 | 14 | 6.10107 | 26
17247 | 15 | 6.10107 | 26
34495 | 16 | 6.10107 | 26
68990 | 17 | 3.91356 | 16
137980 | 18 | 3.91356 | 16
275961 | 19 | 3.91356 | 16
551922 | 20 | 3.91356 | 16
1103844 | 21 | 0 | 5
1103845 | 21 | 2.31714 | 11
2207690 | 22 | 2.35236 | 4
2207691 | 22 | 3.15533 | 7
68991 | 17 | 4.63978e-310 | 10
135 | 8 | 16.5054 | 148
270 | 9 | 5.31051 | 38
540 | 10 | 4.63978e-310 | 6
541 | 10 | 4.09819 | 32
1082 | 11 | 4.09819 | 32
2164 | 12 | 4.09819 | 32
4328 | 13 | 4.09819 | 32
8656 | 14 | 4.09819 | 31
17312 | 15 | 4.09819 | 31
34624 | 16 | 4.09819 | 31
69249 | 17 | 4.09819 | 31
138498 | 18 | 0.176999 | 9
138499 | 18 | 2.73427 | 22
276999 | 19 | 2.73427 | 22
553999 | 20 | 2.73427 | 22
1107998 | 21 | 0.153273 | 10
1107999 | 21 | 2.25893 | 12
2215999 | 22 | 2.25893 | 12
4431998 | 23 | 2.25893 | 12
8863996 | 24 | 4.63978e-310 | 2
8863997 | 24 | 0.921 | 10
8657 | 14 | 4.63978e-310 | 1
271 | 9 | 11.7336 | 110
542 | 10 | 11.7336 | 110
1084 | 11 | 11.0414 | 29
2168 | 12 | 11.0414 | 29
4337 | 13 | 11.0414 | 29
8674 | 14 | 11.0414 | 29
17349 | 15 | 11.0414 | 29
34699 | 16 | 11.0414 | 29
69398 | 17 | 11.0414 | 29
138797 | 18 | 11.0414 | 29
277594 | 19 | 11.0414 | 29
555188 | 20 | 11.0414 | 29
1110377 | 21 | 11.0414 | 29
2220754 | 22 | 11.0414 | 29
4441509 | 23 | 11.0414 | 29
8883018 | 24 | 5.1927 | 23
17766037 | 25 | 5.1927 | 23
35532074 | 26 | 5.1927 | 23
71064148 | 27 | 4.74626 | 19
142128296 | 28 | 4.74626 | 19
284256593 | 29 | 4.74626 | 19
568513186 | 30 | 22.2019 | 3
568513187 | 30 | 3.0339 | 16
1137026374 | 31 | 3.0339 | 16
2274052748 | 32 | 3.0339 | 16
4548105496 | 33 | 1.75402 | 5
4548105497 | 33 | 1.55494 | 11
9096210995 | 34 | 1.55494 | 11
18192421991 | 35 | 1.55494 | 11
36384843982 | 36 | 0.844212 | 7
36384843983 | 36 | 17.2016 | 4
71064149 | 27 | 4.63978e-310 | 4
8883019 | 24 | 4.63978e-310 | 6
1085 | 11 | 11.7336 | 81
2170 | 12 | 4.93647 | 55
4341 | 13 | 4.93647 | 55
8682 | 14 | 4.26291 | 23
17364 | 15 | 4.26291 | 23
34728 | 16 | 4.26291 | 23
69456 | 17 | 4.26291 | 23
138912 | 18 | 4.26291 | 23
277825 | 19 | 4.26291 | 23
555650 | 20 | 4.26291 | 23
1111300 | 21 | 4.26291 | 23
2222600 | 22 | 1.28325 | 13
4445200 | 23 | 1.28325 | 13
8890401 | 24 | 1.28325 | 13
17780802 | 25 | 4.63978e-310 | 4
17780803 | 25 | 4.63978e-310 | 9
2222601 | 22 | 4.63978e-310 | 10
8683 | 14 | 4.93647 | 32
17366 | 15 | 3.28118 | 17
34733 | 16 | 3.28118 | 17
69467 | 17 | 3.28118 | 17
138934 | 18 | 3.28118 | 17
277868 | 19 | 3.28118 | 17
555737 | 20 | 3.28118 | 17
1111474 | 21 | 1.63042e-322 | 7
1111475 | 21 | 5.93152 | 10
17367 | 15 | 2.68413 | 15
34734 | 16 | 4.63978e-310 | 2
34735 | 16 | 2.39156 | 13
69470 | 17 | 1.91888 | 11
138940 | 18 | 1.91888 | 11
277880 | 19 | 1.91888 | 11
555760 | 20 | 2.94287 | 5
555761 | 20 | 0.700648 | 6
69471 | 17 | 4.63978e-310 | 2
2171 | 12 | 7.23151 | 26
4342 | 13 | 7.23151 | 14
8685 | 14 | 7.23151 | 14
17370 | 15 | 4.63978e-310 | 9
17371 | 15 | 3.05555 | 5
4343 | 13 | 2.395 | 12
8686 | 14 | 0.676143 | 7
8687 | 14 | 3.87044 | 5
9 | 4 | 22.8888 | 539
18 | 5 | 22.4643 | 494
37 | 6 | 22.4643 | 494
74 | 7 | 22.4643 | 494
149 | 8 | 22.4643 | 494
299 | 9 | 22.4643 | 494
598 | 10 | 22.4643 | 494
1197 | 11 | 22.4643 | 494
2394 | 12 | 22.4643 | 494
4788 | 13 | 22.4643 | 494
9576 | 14 | 22.4643 | 494
19152 | 15 | 18.9212 | 413
38304 | 16 | 8.06606 | 50
76608 | 17 | 6.45773 | 35
153216 | 18 | 6.45773 | 35
306432 | 19 | 6.45773 | 35
612865 | 20 | 6.45773 | 35
1225730 | 21 | 6.45773 | 35
2451460 | 22 | 6.45773 | 35
4902920 | 23 | 6.45773 | 35
9805840 | 24 | 6.45773 | 35
19611680 | 25 | 6.45773 | 35
39223360 | 26 | 0.222066 | 2
39223361 | 26 | 5.53424 | 33
78446723 | 27 | 5.53424 | 33
156893446 | 28 | 5.53424 | 33
313786893 | 29 | 5.53424 | 33
627573786 | 30 | 5.53424 | 33
1255147573 | 31 | 5.53424 | 33
2510295146 | 32 | 3.02346 | 21
5020590292 | 33 | 3.02346 | 21
10041180584 | 34 | 3.02346 | 21
20082361169 | 35 | 3.02346 | 21
40164722338 | 36 | 0.413131 | 4
40164722339 | 36 | 2.64454 | 17
80329444678 | 37 | 2.64454 | 17
160658889356 | 38 | 2.64454 | 17
321317778712 | 39 | 3.23495 | 5
321317778713 | 39 | 1.92298 | 12
642635557426 | 40 | 1.92298 | 12
1285271114852 | 41 | 1.83144 | 10
1285271114853 | 41 | 0 | 2
2510295147 | 32 | 3.3556 | 12
5020590294 | 33 | 4.63978e-310 | 6
5020590295 | 33 | 4.63978e-310 | 6
76609 | 17 | 2.3953 | 15
153218 | 18 | 2.3953 | 15
306436 | 19 | 4.63978e-310 | 9
306437 | 19 | 4.63978e-310 | 6
38305 | 16 | 16.6563 | 363
76611 | 17 | 16.6563 | 363
153222 | 18 | 9.07643 | 147
306444 | 19 | 9.07643 | 147
612888 | 20 | 9.07643 | 147
1225777 | 21 | 9.07643 | 147
2451554 | 22 | 9.07643 | 147
4903108 | 23 | 9.07643 | 147
9806217 | 24 | 9.07643 | 147
19612434 | 25 | 9.07643 | 147
39224868 | 26 | 9.07643 | 147
78449736 | 27 | 9.07643 | 147
156899472 | 28 | 8.25848 | 62
313798944 | 29 | 4.63978e-310 | 1
313798945 | 29 | 7.58552 | 61
627597891 | 30 | 7.58552 | 61
1255195783 | 31 | 7.58552 | 61
2510391566 | 32 | 2.37152e-322 | 7
2510391567 | 32 | 6.57711 | 54
5020783134 | 33 | 6.57711 | 54
10041566269 | 34 | 6.57711 | 54
20083132538 | 35 | 6.57711 | 54
40166265076 | 36 | 6.57711 | 54
80332530153 | 37 | 6.57711 | 54
160665060306 | 38 | 6.57711 | 54
321330120613 | 39 | 6.57711 | 54
642660241226 | 40 | 6.57711 | 54
1285320482452 | 41 | 6.57711 | 54
2570640964904 | 42 | 6.57711 | 54
5141281929808 | 43 | 6.57711 | 54
10282563859616 | 44 | 3.17343 | 23
20565127719233 | 45 | 3.17343 | 23
41130255438466 | 46 | 2.72988 | 11
82260510876932 | 47 | 2.72988 | 11
164521021753865 | 48 | 2.72988 | 11
329042043507730 | 49 | 2.72988 | 11
658084087015460 | 50 | 4.63978e-310 | 10
658084087015461 | 50 | 4.63978e-310 | 1
41130255438467 | 46 | 2.67763 | 12
82260510876935 | 47 | 2.67763 | 12
164521021753871 | 48 | 2.67763 | 12
329042043507742 | 49 | 2.67763 | 12
658084087015485 | 50 | 2.67763 | 12
1316168174030971 | 51 | 2.67763 | 12
2632336348061943 | 52 | 2.67763 | 12
5264672696123887 | 53 | 2.67763 | 12
10529345392247775 | 54 | 2.67763 | 12
21058690784495550 | 55 | 2.67763 | 12
42117381568991101 | 56 | 2.67763 | 12
84234763137982202 | 57 | 7.16968 | 2
84234763137982203 | 57 | 2.19278 | 10
10282563859617 | 44 | 3.52544 | 31
20565127719234 | 45 | 3.52544 | 31
41130255438468 | 46 | 2.66962 | 11
82260510876936 | 47 | 4.63978e-310 | 1
82260510876937 | 47 | 4.63978e-310 | 10
41130255438469 | 46 | 3.16891 | 20
82260510876939 | 47 | 3.16891 | 20
164521021753879 | 48 | 3.16891 | 20
329042043507759 | 49 | 3.16891 | 20
658084087015518 | 50 | 0.946348 | 1
658084087015519 | 50 | 2.25002 | 19
1316168174031039 | 51 | 2.25002 | 19
2632336348062079 | 52 | 2.25002 | 19
5264672696124158 | 53 | 2.25002 | 19
10529345392248317 | 54 | 2.25002 | 19
21058690784496634 | 55 | 2.25002 | 19
42117381568993268 | 56 | 1.98193 | 18
84234763137986536 | 57 | 3.08215 | 2
84234763137986537 | 57 | 1.98193 | 16
168469526275973074 | 58 | 1.98193 | 16
336939052551946149 | 59 | 1.98193 | 16
673878105103892299 | 60 | 1.98193 | 16
1347756210207784599 | 61 | 1.98193 | 16
2695512420415569199 | 62 | 1.98193 | 16
5391024840831138399 | 63 | 1.98193 | 16
-7664694392047274818 | 64 | 12.1704 | 8
-7664694392047274817 | 64 | 2.51988 | 8
42117381568993269 | 56 | 4.63978e-310 | 1
156899473 | 28 | 9.07643 | 85
313798946 | 29 | 4.51852 | 6
313798947 | 29 | 7.07615 | 79
627597894 | 30 | 7.07615 | 79
1255195788 | 31 | 7.07615 | 79
2510391576 | 32 | 5.48266 | 50
5020783152 | 33 | 5.48266 | 50
10041566304 | 34 | 5.48266 | 50
20083132608 | 35 | 5.48266 | 50
40166265216 | 36 | 5.48266 | 50
80332530433 | 37 | 5.48266 | 50
160665060866 | 38 | 1.58101e-322 | 10
160665060867 | 38 | 4.8557 | 40
321330121734 | 39 | 4.31908 | 24
642660243468 | 40 | 4.02087 | 14
1285320486936 | 41 | 2.02224 | 11
2570640973872 | 42 | 4.63978e-310 | 8
2570640973873 | 42 | 4.63978e-310 | 3
1285320486937 | 41 | 0.0569714 | 3
642660243469 | 40 | 4.63978e-310 | 10
321330121735 | 39 | 3.83805 | 16
642660243470 | 40 | 3.83805 | 16
1285320486940 | 41 | 2.09359 | 14
2570640973880 | 42 | 2.09359 | 14
5141281947761 | 43 | 2.09359 | 14
10282563895522 | 44 | 2.09359 | 14
20565127791044 | 45 | 2.09359 | 14
41130255582089 | 46 | 2.09359 | 14
82260511164178 | 47 | 1.35263 | 11
164521022328356 | 48 | 0.256356 | 5
164521022328357 | 48 | 0.194956 | 6
82260511164179 | 47 | 0.975571 | 3
1285320486941 | 41 | 4.63978e-310 | 2
2510391577 | 32 | 3.57574 | 29
5020783154 | 33 | 1.23478 | 12
10041566308 | 34 | 4.63978e-310 | 6
10041566309 | 34 | 4.63978e-310 | 6
5020783155 | 33 | 2.0985 | 17
10041566310 | 34 | 2.0985 | 17
20083132620 | 35 | 2.0985 | 17
40166265240 | 36 | 1.84662 | 15
80332530480 | 37 | 1.84662 | 15
160665060960 | 38 | 1.84662 | 15
321330121921 | 39 | 1.84662 | 15
642660243843 | 40 | 1.84662 | 15
1285320487686 | 41 | 1.84662 | 14
2570640975372 | 42 | 1.84662 | 14
5141281950744 | 43 | 1.84662 | 14
10282563901488 | 44 | 1.84662 | 14
20565127802976 | 45 | 1.84662 | 13
41130255605952 | 46 | 1.84662 | 13
82260511211904 | 47 | 2.42092e-322 | 4
82260511211905 | 47 | 0.262675 | 9
20565127802977 | 45 | 4.63978e-310 | 1
1285320487687 | 41 | 4.63978e-310 | 1
40166265241 | 36 | 4.63978e-310 | 2
153223 | 18 | 12.3629 | 216
306446 | 19 | 12.3629 | 216
612892 | 20 | 4.63978e-310 | 5
612893 | 20 | 12.3629 | 211
1225786 | 21 | 12.3629 | 211
2451573 | 22 | 12.3629 | 211
4903147 | 23 | 12.3629 | 211
9806294 | 24 | 9.54615 | 139
19612589 | 25 | 9.54615 | 139
39225178 | 26 | 9.54615 | 139
78450356 | 27 | 4.63978e-310 | 5
78450357 | 27 | 9.09028 | 134
156900715 | 28 | 9.09028 | 134
313801430 | 29 | 8.13182 | 92
627602861 | 30 | 8.13182 | 92
1255205723 | 31 | 8.13182 | 92
2510411447 | 32 | 8.13182 | 92
5020822894 | 33 | 6.29788 | 62
10041645788 | 34 | 6.29788 | 62
20083291576 | 35 | 5.76376 | 56
40166583152 | 36 | 2.37152e-322 | 3
40166583153 | 36 | 5.76376 | 53
80333166307 | 37 | 5.76376 | 53
160666332614 | 38 | 3.52974 | 31
321332665228 | 39 | 0 | 3
321332665229 | 39 | 3.00355 | 28
642665330459 | 40 | 3.00355 | 28
1285330660918 | 41 | 3.00355 | 28
2570661321836 | 42 | 1.82779 | 15
5141322643673 | 43 | 1.82779 | 15
10282645287346 | 44 | 1.71755 | 11
20565290574692 | 45 | 3.21143e-322 | 5
20565290574693 | 45 | 1.22825 | 6
10282645287347 | 44 | 4.63978e-310 | 4
2570661321837 | 42 | 1.63083 | 13
5141322643674 | 43 | 1.63083 | 13
10282645287348 | 44 | 40.1377 | 4
10282645287349 | 44 | 1.11208 | 9
160666332615 | 38 | 4.93273 | 22
321332665230 | 39 | 4.63978e-310 | 9
321332665231 | 39 | 3.89959 | 13
642665330463 | 40 | 3.89959 | 13
1285330660927 | 41 | 3.89959 | 13
2570661321854 | 42 | 3.88669 | 12
5141322643709 | 43 | 3.88669 | 12
10282645287419 | 44 | 3.88669 | 12
20565290574838 | 45 | 3.88669 | 12
41130581149676 | 46 | 3.88669 | 12
82261162299352 | 47 | 2.73695 | 4
82261162299353 | 47 | 0.136267 | 8
2570661321855 | 42 | 4.63978e-310 | 1
20083291577 | 35 | 4.63978e-310 | 6
5020822895 | 33 | 5.6565 | 30
10041645790 | 34 | 5.6565 | 30
20083291581 | 35 | 5.6565 | 30
40166583162 | 36 | 5.42595 | 20
80333166325 | 37 | 5.42595 | 20
160666332651 | 38 | 5.42595 | 20
321332665302 | 39 | 5.42595 | 20
642665330604 | 40 | 5.42595 | 20
1285330661208 | 41 | 3.07725 | 12
2570661322417 | 42 | 3.07725 | 12
5141322644834 | 43 | 3.07725 | 12
10282645289669 | 44 | 3.07725 | 12
20565290579338 | 45 | 9.52673 | 5
20565290579339 | 45 | 0.753488 | 7
1285330661209 | 41 | 4.63978e-310 | 8
40166583163 | 36 | 4.63978e-310 | 10
313801431 | 29 | 5.74196 | 42
627602863 | 30 | 5.74196 | 42
1255205727 | 31 | 5.74196 | 42
2510411454 | 32 | 5.74196 | 42
5020822908 | 33 | 5.5033 | 38
10041645816 | 34 | 5.5033 | 38
20083291632 | 35 | 5.5033 | 38
40166583264 | 36 | 1.90816 | 18
80333166529 | 37 | 1.90816 | 18
160666333058 | 38 | 0.415217 | 8
160666333059 | 38 | 1.07752 | 10
40166583265 | 36 | 3.56998 | 20
80333166530 | 37 | 3.56998 | 20
160666333060 | 38 | 3.56998 | 20
321332666120 | 39 | 2.74966 | 16
642665332241 | 40 | 2.74966 | 16
1285330664482 | 41 | 2.74966 | 13
2570661328964 | 42 | 2.74966 | 13
5141322657929 | 43 | 2.74966 | 13
10282645315858 | 44 | 2.42405 | 3
10282645315859 | 44 | 4.63978e-310 | 10
1285330664483 | 41 | 4.63978e-310 | 3
321332666121 | 39 | 4.63978e-310 | 4
5020822909 | 33 | 4.63978e-310 | 4
9806295 | 24 | 7.44277 | 72
19612590 | 25 | 7.44277 | 72
39225180 | 26 | 7.44277 | 72
78450361 | 27 | 7.44277 | 72
156900722 | 28 | 7.44277 | 72
313801444 | 29 | 4.06774 | 29
627602888 | 30 | 2.25789 | 12
1255205776 | 31 | 2.25789 | 12
2510411553 | 32 | 2.25789 | 12
5020823107 | 33 | 2.25789 | 12
10041646214 | 34 | 4.63978e-310 | 3
10041646215 | 34 | 4.63978e-310 | 9
627602889 | 30 | 2.50569 | 17
1255205779 | 31 | 2.50569 | 17
2510411558 | 32 | 2.30356 | 15
5020823116 | 33 | 4.63978e-310 | 7
5020823117 | 33 | 4.63978e-310 | 8
2510411559 | 32 | 4.63978e-310 | 2
313801445 | 29 | 5.44415 | 43
627602890 | 30 | 5.44415 | 41
1255205780 | 31 | 5.44415 | 41
2510411560 | 32 | 5.44415 | 41
5020823120 | 33 | 4.63978e-310 | 10
5020823121 | 33 | 5.17246 | 31
10041646242 | 34 | 5.17246 | 31
20083292484 | 35 | 4.72355 | 21
40166584969 | 36 | 4.72355 | 21
80333169939 | 37 | 4.72355 | 21
160666339878 | 38 | 4.72355 | 21
321332679756 | 39 | 4.20373 | 15
642665359513 | 40 | 4.20373 | 15
1285330719026 | 41 | 3.42749 | 8
1285330719027 | 41 | 7.09666 | 7
321332679757 | 39 | 4.63978e-310 | 6
20083292485 | 35 | 4.63978e-310 | 10
627602891 | 30 | 4.63978e-310 | 2
19153 | 15 | 9.09311 | 81
38307 | 16 | 9.09311 | 81
76615 | 17 | 9.09311 | 81
153231 | 18 | 9.09311 | 81
306463 | 19 | 9.09311 | 81
612926 | 20 | 5.59934 | 35
1225852 | 21 | 4.63978e-310 | 10
1225853 | 21 | 4.58834 | 25
2451706 | 22 | 4.58834 | 25
4903412 | 23 | 1.63042e-322 | 2
4903413 | 23 | 3.51956 | 23
9806826 | 24 | 2.24537 | 11
19613653 | 25 | 2.24537 | 11
39227306 | 26 | 2.24537 | 11
78454612 | 27 | 2.24537 | 11
156909225 | 28 | 2.24537 | 11
313818450 | 29 | 2.24537 | 11
627636901 | 30 | 2.24537 | 11
1255273802 | 31 | 0 | 3
1255273803 | 31 | 4.63978e-310 | 8
9806827 | 24 | 2.18864 | 12
19613655 | 25 | 2.18864 | 12
39227310 | 26 | 2.18864 | 12
78454620 | 27 | 2.18864 | 12
156909240 | 28 | 2.07175 | 11
313818480 | 29 | 0.300995 | 9
313818481 | 29 | 1.13457 | 2
156909241 | 28 | 4.63978e-310 | 1
612927 | 20 | 6.66009 | 46
1225854 | 21 | 6.66009 | 46
2451709 | 22 | 6.66009 | 46
4903418 | 23 | 5.25269 | 12
9806837 | 24 | 5.25269 | 12
19613674 | 25 | 2.08903 | 1
19613675 | 25 | 4.66209 | 11
39227350 | 26 | 0.303564 | 8
39227351 | 26 | 0 | 3
4903419 | 23 | 5.62784 | 34
9806839 | 24 | 5.62784 | 34
19613678 | 25 | 5.62784 | 34
39227356 | 26 | 5.62784 | 34
78454712 | 27 | 3.05486 | 20
156909425 | 28 | 3.05486 | 20
313818850 | 29 | 3.05486 | 19
627637700 | 30 | 1.53924 | 11
1255275401 | 31 | 1.53924 | 11
2510550803 | 32 | 1.53924 | 11
5021101606 | 33 | 1.53924 | 11
10042203212 | 34 | 1.53924 | 11
20084406424 | 35 | 1.33894 | 4
20084406425 | 35 | 1.42137 | 7
627637701 | 30 | 4.63978e-310 | 8
313818851 | 29 | 4.63978e-310 | 1
78454713 | 27 | 2.74855 | 14
156909426 | 28 | 4.63978e-310 | 4
156909427 | 28 | 1.63042e-322 | 10
19 | 5 | 20.487 | 45
39 | 6 | 20.487 | 45
79 | 7 | 20.487 | 45
159 | 8 | 20.487 | 45
319 | 9 | 20.487 | 45
638 | 10 | 20.487 | 45
1276 | 11 | 20.487 | 41
2552 | 12 | 10.7926 | 27
5104 | 13 | 10.7926 | 27
10209 | 14 | 10.7926 | 27
20418 | 15 | 5.08316 | 15
40836 | 16 | 5.08316 | 15
81673 | 17 | 5.08316 | 15
163346 | 18 | 0.033325 | 3
163347 | 18 | 4.24818 | 12
326694 | 19 | 4.24818 | 12
653388 | 20 | 4.24818 | 12
1306776 | 21 | 5.76974 | 6
1306777 | 21 | 0.946785 | 6
20419 | 15 | 5.47007 | 12
40838 | 16 | 5.47007 | 12
81677 | 17 | 5.47007 | 12
163354 | 18 | 8.99766 | 7
163355 | 18 | 5.76974 | 5
2553 | 12 | 11.7289 | 14
5106 | 13 | 11.7289 | 14
10212 | 14 | 11.7289 | 14
20425 | 15 | 11.7289 | 14
40850 | 16 | 11.7289 | 14
81701 | 17 | 11.7289 | 14
163402 | 18 | 7.74049 | 11
326804 | 19 | 7.74049 | 11
653608 | 20 | 2.78134 | 4
653609 | 20 | 17.4671 | 7
163403 | 18 | 4.63978e-310 | 3
1277 | 11 | 4.63978e-310 | 4
