ID | Depth | diameter | Number of points
0 | 0 | 29.316 | 1600
0 | 1 | 28.3938 | 892
0 | 2 | 28.3938 | 892
0 | 3 | 28.3938 | 892
0 | 4 | 28.3938 | 892
0 | 5 | 28.3938 | 892
1 | 6 | 28.3938 | 892
3 | 7 | 28.3938 | 892
6 | 8 | 28.3938 | 892
12 | 9 | 19.3578 | 397
25 | 10 | 19.3578 | 397
50 | 11 | 19.3578 | 397
100 | 12 | 15.7145 | 169
200 | 13 | 15.7145 | 169
400 | 14 | 10.6448 | 30
801 | 15 | 10.6448 | 30
1602 | 16 | 10.6448 | 30
3205 | 17 | 10.6448 | 30
6411 | 18 | 10.6448 | 30
12822 | 19 | 10.6448 | 30
25644 | 20 | 8.25522 | 10
25645 | 20 | 9.71099 | 20
51291 | 21 | 9.71099 | 20
102582 | 22 | 7.62966 | 11
205165 | 23 | 7.62966 | 11
410331 | 24 | 7.62966 | 11
820662 | 25 | 7.62966 | 11
1641325 | 26 | 7.62966 | 11
3282650 | 27 | 7.62966 | 11
6565300 | 28 | 3.61958 | 5
6565301 | 28 | 2.37152e-322 | 6
102583 | 22 | 4.63978e-310 | 9
401 | 14 | 15.4337 | 139
803 | 15 | 15.4337 | 139
1607 | 16 | 15.4337 | 139
3214 | 17 | 15.4337 | 139
6428 | 18 | 15.4337 | 139
12856 | 19 | 15.4337 | 139
25712 | 20 | 15.4337 | 139
51424 | 21 | 15.4337 | 92
102848 | 22 | 15.4337 | 92
205696 | 23 | 15.4337 | 92
411392 | 24 | 15.4337 | 92
822784 | 25 | 15.4337 | 92
1645568 | 26 | 11.8853 | 29
3291136 | 27 | 11.8853 | 29
6582272 | 28 | 10.8848 | 20
13164544 | 29 | 10.8848 | 20
26329088 | 30 | 10.8848 | 20
52658177 | 31 | 10.8848 | 20
105316355 | 32 | 10.8848 | 20
210632710 | 33 | 10.8848 | 20
421265421 | 34 | 10.8848 | 20
842530842 | 35 | 10.8848 | 20
1685061685 | 36 | 10.8848 | 20
3370123370 | 37 | 10.8848 | 20
6740246740 | 38 | 10.8848 | 20
13480493480 | 39 | 10.8848 | 20
26960986961 | 40 | 10.8848 | 20
53921973922 | 41 | 10.8848 | 20
107843947844 | 42 | 10.8848 | 20
215687895688 | 43 | 7.85165 | 17
431375791376 | 44 | 30.9284 | 3
431375791377 | 44 | 7.85165 | 14
862751582755 | 45 | 7.85165 | 14
1725503165510 | 46 | 7.85165 | 14
3451006331020 | 47 | 7.85165 | 14
6902012662041 | 48 | 7.85165 | 14
13804025324082 | 49 | 7.85165 | 14
27608050648164 | 50 | 6.06928 | 9
27608050648165 | 50 | 0.294034 | 5
215687895689 | 43 | 4.63978e-310 | 3
6582273 | 28 | 4.63978e-310 | 9
1645569 | 26 | 12.251 | 63
3291138 | 27 | 12.251 | 63
6582276 | 28 | 4.63978e-310 | 2
6582277 | 28 | 10.2316 | 61
13164555 | 29 | 10.2316 | 61
26329110 | 30 | 10.2316 | 61
52658221 | 31 | 10.2316 | 61
105316443 | 32 | 10.2316 | 61
210632887 | 33 | 10.2316 | 61
421265775 | 34 | 10.2316 | 61
842531550 | 35 | 9.22639 | 60
1685063101 | 36 | 9.22639 | 60
3370126202 | 37 | 9.22639 | 60
6740252404 | 38 | 9.22639 | 60
13480504808 | 39 | 9.22639 | 60
26961009616 | 40 | 9.22639 | 60
53922019232 | 41 | 9.22639 | 60
107844038465 | 42 | 9.22639 | 60
215688076931 | 43 | 9.22639 | 60
431376153862 | 44 | 9.22639 | 60
862752307724 | 45 | 9.22639 | 60
1725504615448 | 46 | 9.22639 | 60
3451009230896 | 47 | 9.22639 | 60
6902018461792 | 48 | 9.22639 | 60
13804036923584 | 49 | 9.22639 | 60
27608073847169 | 50 | 9.22639 | 60
55216147694339 | 51 | 9.22639 | 60
110432295388678 | 52 | 9.22639 | 60
220864590777357 | 53 | 9.22639 | 60
441729181554714 | 54 | 9.22639 | 60
883458363109428 | 55 | 9.22639 | 60
1766916726218857 | 56 | 9.22639 | 60
3533833452437715 | 57 | 9.22639 | 60
7067666904875430 | 58 | 9.22639 | 60
14135333809750860 | 59 | 7.8661 | 54
28270667619501720 | 60 | 7.8661 | 54
56541335239003440 | 61 | 7.8661 | 54
113082670478006880 | 62 | 7.8661 | 54
226165340956013760 | 63 | 7.8661 | 54
452330681912027520 | 64 | 7.8661 | 54
904661363824055041 | 65 | 7.8661 | 54
1809322727648110083 | 66 | 7.8661 | 54
3618645455296220167 | 67 | 7.8661 | 54
7237290910592440334 | 68 | 7.8661 | 54
-3972162252524670947 | 69 | 7.8661 | 54
-7944324505049341894 | 70 | 7.8661 | 54
2558095063610867828 | 71 | 7.8661 | 54
5116190127221735656 | 72 | 7.8661 | 54
-8214363819266080303 | 73 | 7.8661 | 54
2018016435177391010 | 74 | 7.8661 | 54
4036032870354782020 | 75 | 7.8661 | 54
8072065740709564040 | 76 | 7.8661 | 54
-2302612592290423536 | 77 | 7.8661 | 54
-4605225184580847072 | 78 | 7.8661 | 54
-9210450369161694144 | 79 | 7.8661 | 54
25843335386163329 | 80 | 7.8661 | 54
51686670772326658 | 81 | 7.8661 | 54
103373341544653316 | 82 | 7.8661 | 54
206746683089306633 | 83 | 7.8661 | 54
413493366178613267 | 84 | 7.8661 | 54
826986732357226534 | 85 | 7.8661 | 54
1653973464714453069 | 86 | 7.8661 | 54
3307946929428906138 | 87 | 7.8661 | 54
6615893858857812276 | 88 | 7.8661 | 54
-5214956355993927064 | 89 | 7.8661 | 54
8016831361721697489 | 90 | 7.8661 | 54
-2413081350266156638 | 91 | 7.8661 | 54
-4826162700532313276 | 92 | 6.90543 | 36
8794418672644925065 | 93 | 6.90543 | 36
-857906728419701485 | 94 | 6.90543 | 36
-1715813456839402970 | 95 | 6.14141 | 17
-3431626913678805939 | 96 | 6.14141 | 17
-6863253827357611878 | 97 | 6.14141 | 17
4720236418994327860 | 98 | 6.14141 | 17
-9006271235720895895 | 99 | 6.14141 | 17
434201602267759826 | 100 | 6.14141 | 17
868403204535519652 | 101 | 6.14141 | 17
1736806409071039304 | 102 | 6.14141 | 17
3473612818142078608 | 103 | 6.14141 | 17
6947225636284157216 | 104 | 6.14141 | 17
-4552292801141237183 | 105 | 6.14141 | 17
-9104585602282474366 | 106 | 2.66634 | 2
-9104585602282474365 | 106 | 5.33198 | 15
237572869144602886 | 107 | 5.33198 | 15
475145738289205773 | 108 | 5.33198 | 15
950291476578411546 | 109 | 5.33198 | 15
1900582953156823093 | 110 | 5.33198 | 15
3801165906313646187 | 111 | 5.33198 | 15
7602331812627292374 | 112 | 5.33198 | 15
-3242080448454966867 | 113 | 5.33198 | 15
-6484160896909933734 | 114 | 0.942192 | 10
-6484160896909933733 | 114 | 0.46307 | 5
-1715813456839402969 | 95 | 5.78425 | 19
-3431626913678805937 | 96 | 5.78425 | 19
-6863253827357611874 | 97 | 5.78425 | 19
4720236418994327868 | 98 | 5.78425 | 19
-9006271235720895880 | 99 | 5.78425 | 19
434201602267759856 | 100 | 5.78425 | 19
868403204535519713 | 101 | 5.78425 | 19
1736806409071039427 | 102 | 5.78425 | 19
3473612818142078854 | 103 | 4.36589 | 7
3473612818142078855 | 103 | 2.97053 | 12
6947225636284157710 | 104 | 2.97053 | 12
-4552292801141236195 | 105 | 2.97053 | 12
-9104585602282472390 | 106 | 2.97053 | 12
237572869144606836 | 107 | 0.945473 | 5
237572869144606837 | 107 | 5.22505 | 7
-4826162700532313275 | 92 | 5.31134 | 18
8794418672644925067 | 93 | 5.31134 | 18
-857906728419701482 | 94 | 4.63978e-310 | 7
-857906728419701481 | 94 | 1.8961 | 11
-1715813456839402961 | 95 | 1.8961 | 11
-3431626913678805921 | 96 | 1.8961 | 11
-6863253827357611841 | 97 | 1.8961 | 11
4720236418994327934 | 98 | 1.8961 | 11
-9006271235720895748 | 99 | 1.8961 | 11
434201602267760120 | 100 | 1.8961 | 11
868403204535520240 | 101 | 0.147279 | 5
868403204535520241 | 101 | 99.1703 | 6
14135333809750861 | 59 | 4.63978e-310 | 6
842531551 | 35 | 4.63978e-310 | 1
51425 | 21 | 6.8845 | 47
102850 | 22 | 4.63978e-310 | 1
102851 | 22 | 6.55668 | 46
205703 | 23 | 6.55668 | 46
411407 | 24 | 6.55668 | 46
822814 | 25 | 2.59117 | 13
1645629 | 26 | 2.59117 | 13
3291258 | 27 | 2.59117 | 13
6582516 | 28 | 2.59117 | 13
13165033 | 29 | 2.59117 | 13
26330066 | 30 | 2.59117 | 13
52660133 | 31 | 2.59117 | 13
105320266 | 32 | 1.84401 | 11
210640532 | 33 | 1.84401 | 11
421281064 | 34 | 1.84401 | 11
842562128 | 35 | 4.74303e-322 | 10
842562129 | 35 | 0.0960896 | 1
105320267 | 32 | 4.63978e-310 | 2
822815 | 25 | 5.26874 | 33
1645630 | 26 | 3.82784 | 32
3291261 | 27 | 3.82784 | 32
6582522 | 28 | 3.82784 | 32
13165045 | 29 | 3.82784 | 32
26330091 | 30 | 3.82784 | 32
52660182 | 31 | 3.82784 | 32
105320364 | 32 | 3.82784 | 32
210640728 | 33 | 3.82784 | 32
421281456 | 34 | 3.82784 | 32
842562913 | 35 | 3.82784 | 32
1685125827 | 36 | 3.82784 | 32
3370251654 | 37 | 3.82784 | 32
6740503308 | 38 | 2.73311 | 24
13481006616 | 39 | 2.73311 | 24
26962013232 | 40 | 2.73311 | 24
53924026464 | 41 | 2.90496 | 8
53924026465 | 41 | 2.35977 | 16
107848052931 | 42 | 2.35977 | 16
215696105863 | 43 | 2.35977 | 16
431392211726 | 44 | 2.35977 | 16
862784423452 | 45 | 1.63042e-322 | 7
862784423453 | 45 | 1.63042e-322 | 9
6740503309 | 38 | 4.63978e-310 | 8
1645631 | 26 | 4.63978e-310 | 1
101 | 12 | 18.9472 | 228
202 | 13 | 18.9472 | 228
405 | 14 | 18.9472 | 228
811 | 15 | 18.9472 | 228
1622 | 16 | 18.9472 | 223
3245 | 17 | 18.9472 | 223
6490 | 18 | 18.9472 | 223
12980 | 19 | 18.9472 | 223
25960 | 20 | 18.9472 | 223
51920 | 21 | 18.9472 | 223
103840 | 22 | 18.9472 | 223
207680 | 23 | 15.6673 | 158
415361 | 24 | 15.6673 | 158
830723 | 25 | 15.6673 | 158
1661447 | 26 | 15.6673 | 158
3322895 | 27 | 15.6673 | 158
6645790 | 28 | 15.6673 | 158
13291580 | 29 | 15.6673 | 158
26583161 | 30 | 15.6673 | 158
53166322 | 31 | 10.0181 | 32
106332644 | 32 | 10.0181 | 32
212665288 | 33 | 10.0181 | 32
425330576 | 34 | 10.0181 | 28
850661152 | 35 | 10.0181 | 28
1701322305 | 36 | 10.0181 | 28
3402644610 | 37 | 0 | 2
3402644611 | 37 | 10.0181 | 26
6805289222 | 38 | 9.19301 | 22
13610578444 | 39 | 9.19301 | 22
27221156888 | 40 | 9.19301 | 22
54442313776 | 41 | 9.19301 | 22
108884627552 | 42 | 0.740826 | 7
108884627553 | 42 | 8.77872 | 15
217769255107 | 43 | 8.77872 | 15
435538510214 | 44 | 1.63042e-322 | 2
435538510215 | 44 | 1.59374 | 13
871077020430 | 45 | 0.919906 | 10
871077020431 | 45 | 1.10789 | 3
6805289223 | 38 | 4.63978e-310 | 4
425330577 | 34 | 4.63978e-310 | 4
53166323 | 31 | 12.7035 | 126
106332647 | 32 | 12.7035 | 126
212665294 | 33 | 12.7035 | 126
425330588 | 34 | 12.7035 | 126
850661177 | 35 | 12.7035 | 126
1701322354 | 36 | 12.7035 | 126
3402644708 | 37 | 12.7035 | 126
6805289416 | 38 | 12.7035 | 126
13610578832 | 39 | 12.7035 | 126
27221157665 | 40 | 12.7035 | 126
54442315331 | 41 | 12.7035 | 126
108884630662 | 42 | 12.7035 | 126
217769261324 | 43 | 11.8095 | 73
435538522648 | 44 | 11.8095 | 73
871077045296 | 45 | 11.8095 | 73
1742154090593 | 46 | 11.8095 | 73
3484308181186 | 47 | 11.8095 | 73
6968616362373 | 48 | 11.8095 | 73
13937232724746 | 49 | 11.8095 | 73
27874465449492 | 50 | 11.8095 | 73
55748930898984 | 51 | 11.8095 | 73
111497861797968 | 52 | 11.8095 | 73
222995723595936 | 53 | 11.8095 | 73
445991447191872 | 54 | 11.8095 | 73
891982894383745 | 55 | 11.8095 | 73
1783965788767490 | 56 | 11.8095 | 73
3567931577534980 | 57 | 11.8095 | 73
7135863155069960 | 58 | 11.8095 | 73
14271726310139921 | 59 | 11.8095 | 73
28543452620279842 | 60 | 11.8095 | 73
57086905240559685 | 61 | 11.8095 | 73
114173810481119370 | 62 | 11.8095 | 73
228347620962238741 | 63 | 11.8095 | 73
456695241924477483 | 64 | 11.8095 | 73
913390483848954966 | 65 | 11.8095 | 73
1826780967697909933 | 66 | 11.8095 | 73
3653561935395819867 | 67 | 11.8095 | 73
7307123870791639734 | 68 | 0.717246 | 3
7307123870791639735 | 68 | 4.35507 | 70
-3832496332126272145 | 69 | 4.35507 | 70
-7664992664252544290 | 70 | 4.35507 | 70
3116758745204463036 | 71 | 4.35507 | 70
6233517490408926073 | 72 | 4.35507 | 70
-5979709092891699470 | 73 | 4.35507 | 70
6487325887926152677 | 74 | 4.35507 | 70
-5472092297857246262 | 75 | 4.35507 | 70
7502559477995059092 | 76 | 3.8668 | 59
-3441625117719433432 | 77 | 3.8668 | 59
-6883250235438866864 | 78 | 3.8668 | 59
4680243602831817888 | 79 | 3.8668 | 59
-9086256868045915840 | 80 | 3.59598 | 58
274230337617719936 | 81 | 73.5631 | 3
274230337617719937 | 81 | 3.36622 | 55
548460675235439875 | 82 | 3.36622 | 55
1096921350470879751 | 83 | 3.36622 | 55
2193842700941759503 | 84 | 3.36622 | 55
4387685401883519007 | 85 | 3.36622 | 55
8775370803767038015 | 86 | 3.36622 | 55
-896002466175475586 | 87 | 3.36622 | 55
-1792004932350951172 | 88 | 3.36622 | 55
-3584009864701902343 | 89 | 3.36622 | 55
-7168019729403804685 | 90 | 3.36622 | 55
4110704614901942246 | 91 | 3.36622 | 55
8221409229803884492 | 92 | 3.01979 | 46
-2003925614101782632 | 93 | 3.01979 | 46
-4007851228203565264 | 94 | 3.01979 | 46
-8015702456407130528 | 95 | 3.01979 | 46
2415339160895290561 | 96 | 3.01979 | 46
4830678321790581123 | 97 | 3.01979 | 46
-8785387430128389369 | 98 | 3.01979 | 46
875969213452772878 | 99 | 3.01979 | 46
1751938426905545757 | 100 | 3.01979 | 46
3503876853811091515 | 101 | 3.01979 | 46
7007753707622183030 | 102 | 2.46042 | 11
-4431236658465185556 | 103 | 4.63978e-310 | 8
-4431236658465185555 | 103 | 4.63978e-310 | 3
7007753707622183031 | 102 | 2.89908 | 35
-4431236658465185553 | 103 | 2.89908 | 35
-8862473316930371106 | 104 | 2.89908 | 35
721797439848809405 | 105 | 2.89908 | 35
1443594879697618810 | 106 | 2.89908 | 35
2887189759395237620 | 107 | 0 | 1
2887189759395237621 | 107 | 2.76112 | 34
5774379518790475243 | 108 | 2.76112 | 34
-6897985036128601129 | 109 | 2.76112 | 34
4650774001452349358 | 110 | 2.76112 | 34
-9145196070804852900 | 111 | 2.76112 | 34
156351932099845816 | 112 | 1.93386 | 14
312703864199691633 | 113 | 1.93386 | 14
625407728399383267 | 114 | 1.93386 | 14
1250815456798766534 | 115 | 1.93386 | 14
2501630913597533068 | 116 | 1.33787 | 12
5003261827195066136 | 117 | 1.33787 | 12
-8440220419319419344 | 118 | 1.10024 | 1
-8440220419319419343 | 118 | 0.993971 | 11
1566303235070712930 | 119 | 0.993971 | 11
3132606470141425861 | 120 | 0.993971 | 11
6265212940282851723 | 121 | 0.993971 | 11
-5916318193143848170 | 122 | 0.299547 | 1
-5916318193143848169 | 122 | 4.63978e-310 | 10
2501630913597533069 | 116 | 4.63978e-310 | 2
156351932099845817 | 112 | 2.41154 | 20
312703864199691634 | 113 | 2.41154 | 20
625407728399383268 | 114 | 2.41154 | 20
1250815456798766537 | 115 | 2.41154 | 20
2501630913597533075 | 116 | 2.41154 | 20
5003261827195066151 | 117 | 2.41154 | 20
-8440220419319419313 | 118 | 2.41154 | 20
1566303235070712990 | 119 | 2.41154 | 20
3132606470141425981 | 120 | 2.41154 | 20
6265212940282851962 | 121 | 2.25986 | 18
-5916318193143847691 | 122 | 2.25986 | 18
6614107687421856234 | 123 | 2.25986 | 18
-5218528698865839148 | 124 | 2.25986 | 18
8009686675977873321 | 125 | 2.25986 | 18
-2427370721753804973 | 126 | 2.25986 | 18
-4854741443507609945 | 127 | 2.25986 | 18
8737261186694331726 | 128 | 57.7127 | 1
8737261186694331727 | 128 | 1.83067 | 17
-972221700320888162 | 129 | 1.83067 | 17
-1944443400641776324 | 130 | 1.83067 | 17
-3888886801283552647 | 131 | 1.83067 | 17
-7777773602567105293 | 132 | 1.83067 | 17
2891196868575341031 | 133 | 1.83067 | 17
5782393737150682062 | 134 | 1.4765 | 15
-6881956599408187491 | 135 | 1.4765 | 15
4682830874893176634 | 136 | 1.4765 | 15
-9081082323923198347 | 137 | 1.4765 | 15
284579425863154923 | 138 | 1.4765 | 15
569158851726309847 | 139 | 1.4765 | 15
1138317703452619694 | 140 | 1.4765 | 15
2276635406905239389 | 141 | 1.4765 | 15
4553270813810478779 | 142 | 1.4765 | 15
9106541627620957559 | 143 | 1.4765 | 15
-233660818467636497 | 144 | 1.4765 | 15
-467321636935272993 | 145 | 1.4765 | 15
-934643273870545986 | 146 | 3.21143e-322 | 8
-934643273870545985 | 146 | 0.620815 | 7
5782393737150682063 | 134 | 4.63978e-310 | 2
6265212940282851963 | 121 | 4.63978e-310 | 2
8221409229803884493 | 92 | 4.63978e-310 | 9
-9086256868045915839 | 80 | 4.63978e-310 | 1
7502559477995059093 | 76 | 2.63098 | 11
-3441625117719433429 | 77 | 2.63098 | 11
-6883250235438866857 | 78 | 2.63098 | 11
4680243602831817902 | 79 | 2.63098 | 11
-9086256868045915811 | 80 | 2.63098 | 11
274230337617719994 | 81 | 2.63098 | 11
548460675235439989 | 82 | 2.63098 | 11
1096921350470879978 | 83 | 4.63978e-310 | 3
1096921350470879979 | 83 | 4.63978e-310 | 8
217769261325 | 43 | 4.64726 | 53
435538522650 | 44 | 4.64726 | 53
871077045301 | 45 | 4.64726 | 53
1742154090602 | 46 | 7.73126 | 7
1742154090603 | 46 | 4.64726 | 46
3484308181207 | 47 | 4.64726 | 46
6968616362414 | 48 | 1.93665 | 17
13937232724828 | 49 | 1.93665 | 17
27874465449656 | 50 | 1.93665 | 17
55748930899313 | 51 | 1.93665 | 17
111497861798627 | 52 | 1.93665 | 17
222995723597255 | 53 | 1.93665 | 17
445991447194511 | 54 | 1.93665 | 17
891982894389022 | 55 | 1.93665 | 17
1783965788778044 | 56 | 6.90513e-310 | 5
1783965788778045 | 56 | 1.74648 | 12
3567931577556090 | 57 | 1.74648 | 12
7135863155112180 | 58 | 1.74648 | 12
14271726310224360 | 59 | 1.74648 | 12
28543452620448721 | 60 | 1.74648 | 12
57086905240897442 | 61 | 1.74648 | 12
114173810481794885 | 62 | 1.74648 | 12
228347620963589770 | 63 | 4.2524 | 7
228347620963589771 | 63 | 1.58101e-322 | 5
6968616362415 | 48 | 4.04547 | 29
13937232724831 | 49 | 4.04547 | 29
27874465449663 | 50 | 4.04547 | 29
55748930899326 | 51 | 4.04547 | 29
111497861798652 | 52 | 4.04547 | 29
222995723597304 | 53 | 4.04547 | 29
445991447194609 | 54 | 4.04547 | 29
891982894389218 | 55 | 3.43608 | 15
1783965788778436 | 56 | 3.43608 | 15
3567931577556873 | 57 | 3.43608 | 15
7135863155113746 | 58 | 3.43608 | 15
14271726310227493 | 59 | 3.43608 | 15
28543452620454986 | 60 | 3.43608 | 15
57086905240909973 | 61 | 3.43608 | 15
114173810481819946 | 62 | 3.43608 | 15
228347620963639893 | 63 | 3.43608 | 15
456695241927279786 | 64 | 2.72388 | 12
913390483854559572 | 65 | 5.35454 | 8
913390483854559573 | 65 | 2.97967 | 4
456695241927279787 | 64 | 4.63978e-310 | 3
891982894389219 | 55 | 2.58424 | 14
1783965788778438 | 56 | 2.58424 | 14
3567931577556876 | 57 | 2.58424 | 14
7135863155113752 | 58 | 2.58424 | 14
14271726310227504 | 59 | 2.58424 | 14
28543452620455008 | 60 | 2.58424 | 14
57086905240910016 | 61 | 2.58424 | 14
114173810481820032 | 62 | 0.513857 | 1
114173810481820033 | 62 | 2.42656 | 13
228347620963640066 | 63 | 2.42656 | 13
456695241927280132 | 64 | 0.661621 | 4
456695241927280133 | 64 | 1.58101e-322 | 9
207681 | 23 | 6.82883 | 65
415363 | 24 | 6.82883 | 65
830727 | 25 | 6.82883 | 65
1661455 | 26 | 6.82883 | 65
3322911 | 27 | 6.82883 | 65
6645822 | 28 | 6.82883 | 65
13291645 | 29 | 6.82883 | 65
26583290 | 30 | 6.82883 | 65
53166581 | 31 | 6.82883 | 65
106333162 | 32 | 6.82883 | 65
212666325 | 33 | 6.82883 | 65
425332650 | 34 | 6.82883 | 65
850665300 | 35 | 3.55287 | 20
1701330601 | 36 | 3.55287 | 20
3402661202 | 37 | 3.19572 | 19
6805322405 | 38 | 3.19572 | 19
13610644810 | 39 | 2.11551 | 18
27221289620 | 40 | 1.37912 | 11
54442579240 | 41 | 0.738631 | 5
54442579241 | 41 | 0 | 6
27221289621 | 40 | 0.590489 | 7
13610644811 | 39 | 4.63978e-310 | 1
3402661203 | 37 | 0.620253 | 1
850665301 | 35 | 4.92455 | 45
1701330603 | 36 | 4.92455 | 45
3402661206 | 37 | 4.92455 | 45
6805322412 | 38 | 4.92455 | 45
13610644824 | 39 | 4.92455 | 45
27221289649 | 40 | 4.92455 | 45
54442579298 | 41 | 4.13913 | 44
108885158596 | 42 | 4.13913 | 39
217770317193 | 43 | 4.13913 | 39
435540634386 | 44 | 3.01122 | 22
871081268773 | 45 | 3.01122 | 22
1742162537546 | 46 | 3.01122 | 22
3484325075092 | 47 | 0.726404 | 3
3484325075093 | 47 | 3.01122 | 19
6968650150186 | 48 | 2.20087 | 16
13937300300372 | 49 | 2.20087 | 16
27874600600744 | 50 | 0 | 4
27874600600745 | 50 | 2.18066 | 12
55749201201490 | 51 | 2.18066 | 12
111498402402981 | 52 | 2.18066 | 12
222996804805963 | 53 | 2.18066 | 12
445993609611927 | 54 | 2.18066 | 12
891987219223855 | 55 | 2.18066 | 12
1783974438447711 | 56 | 2.18066 | 12
3567948876895423 | 57 | 2.18066 | 12
7135897753790846 | 58 | 1.48563 | 2
7135897753790847 | 58 | 0.276382 | 10
6968650150187 | 48 | 4.63978e-310 | 3
435540634387 | 44 | 2.3616 | 17
871081268774 | 45 | 2.3616 | 17
1742162537548 | 46 | 2.29018 | 16
3484325075096 | 47 | 2.29018 | 16
6968650150192 | 48 | 2.29018 | 16
13937300300384 | 49 | 2.29018 | 16
27874600600769 | 50 | 2.29018 | 16
55749201201539 | 51 | 2.29018 | 16
111498402403078 | 52 | 4.63978e-310 | 2
111498402403079 | 52 | 2.28604 | 14
222996804806158 | 53 | 1.46979 | 12
445993609612316 | 54 | 1.46979 | 12
891987219224632 | 55 | 2.42092e-322 | 1
891987219224633 | 55 | 0.989079 | 11
1783974438449267 | 56 | 0.989079 | 11
3567948876898535 | 57 | 0.989079 | 11
7135897753797071 | 58 | 0.989079 | 11
14271795507594142 | 59 | 0.989079 | 11
28543591015188284 | 60 | 3.58527 | 6
28543591015188285 | 60 | 0.652774 | 5
222996804806159 | 53 | 4.63978e-310 | 2
1742162537549 | 46 | 4.63978e-310 | 1
108885158597 | 42 | 4.63978e-310 | 5
54442579299 | 41 | 4.63978e-310 | 1
1623 | 16 | 4.63978e-310 | 5
13 | 9 | 26.924 | 495
26 | 10 | 26.651 | 418
53 | 11 | 26.651 | 418
107 | 12 | 26.651 | 418
214 | 13 | 26.651 | 418
428 | 14 | 23.0122 | 355
857 | 15 | 23.0122 | 355
1714 | 16 | 4.63978e-310 | 1
1715 | 16 | 23.0122 | 354
3430 | 17 | 12.2105 | 11
6860 | 18 | 4.63978e-310 | 8
6861 | 18 | 4.63978e-310 | 3
3431 | 17 | 22.5576 | 343
6863 | 18 | 22.5576 | 343
13726 | 19 | 22.5576 | 343
27452 | 20 | 22.5576 | 343
54904 | 21 | 22.5576 | 343
109808 | 22 | 22.5576 | 343
219617 | 23 | 22.5576 | 343
439234 | 24 | 22.5576 | 343
878469 | 25 | 22.5576 | 343
1756938 | 26 | 22.5576 | 343
3513877 | 27 | 22.5576 | 343
7027755 | 28 | 22.5576 | 343
14055511 | 29 | 22.5576 | 343
28111022 | 30 | 19.5988 | 299
56222044 | 31 | 19.5988 | 299
112444088 | 32 | 19.5988 | 299
224888177 | 33 | 19.5988 | 299
449776355 | 34 | 19.5988 | 299
899552711 | 35 | 19.5988 | 299
1799105422 | 36 | 14.1485 | 110
3598210845 | 37 | 14.1485 | 110
7196421690 | 38 | 14.1485 | 110
14392843381 | 39 | 14.1485 | 110
28785686762 | 40 | 14.1485 | 110
57571373525 | 41 | 14.1485 | 110
115142747051 | 42 | 14.1485 | 110
230285494102 | 43 | 14.1485 | 110
460570988204 | 44 | 14.1485 | 110
921141976408 | 45 | 14.1485 | 110
1842283952817 | 46 | 14.1485 | 110
3684567905635 | 47 | 14.1485 | 110
7369135811271 | 48 | 14.1485 | 110
14738271622542 | 49 | 7.53705 | 29
29476543245084 | 50 | 7.53705 | 29
58953086490168 | 51 | 7.53705 | 29
117906172980337 | 52 | 7.53705 | 29
235812345960674 | 53 | 4.63978e-310 | 2
235812345960675 | 53 | 3.67235 | 27
471624691921351 | 54 | 3.67235 | 27
943249383842702 | 55 | 3.67235 | 27
1886498767685404 | 56 | 3.67235 | 27
3772997535370808 | 57 | 3.67235 | 27
7545995070741616 | 58 | 1.58101e-322 | 2
7545995070741617 | 58 | 2.66032 | 25
15091990141483234 | 59 | 2.66032 | 25
30183980282966469 | 60 | 2.66032 | 25
60367960565932938 | 61 | 2.66032 | 25
120735921131865876 | 62 | 2.66032 | 25
241471842263731752 | 63 | 2.66032 | 25
482943684527463505 | 64 | 2.66032 | 25
965887369054927010 | 65 | 2.66032 | 25
1931774738109854020 | 66 | 2.66032 | 25
3863549476219708040 | 67 | 2.66032 | 25
7727098952439416080 | 68 | 2.66032 | 25
-2992546168830719456 | 69 | 2.66032 | 25
-5985092337661438912 | 70 | 2.66032 | 25
6476559398386673792 | 71 | 2.66032 | 25
-5493625276936204032 | 72 | 2.66032 | 25
7459493519837143553 | 73 | 2.66032 | 25
-3527757034035264509 | 74 | 2.66032 | 25
-7055514068070529017 | 75 | 2.66032 | 25
4335715937568493582 | 76 | 2.66032 | 25
8671431875136987165 | 77 | 2.66032 | 25
-1103880323435577285 | 78 | 2.66032 | 25
-2207760646871154569 | 79 | 2.66032 | 25
-4415521293742309138 | 80 | 2.66032 | 25
-8831042587484618275 | 81 | 2.66032 | 25
784658898740315067 | 82 | 2.66032 | 25
1569317797480630134 | 83 | 2.66032 | 25
3138635594961260268 | 84 | 1.86738 | 13
6277271189922520537 | 85 | 1.86738 | 13
-5892201693864510542 | 86 | 1.86738 | 13
6662340685980530533 | 87 | 1.86738 | 13
-5122062701748490549 | 88 | 1.86738 | 13
8202618670212570519 | 89 | 1.86738 | 13
-2041506733284410577 | 90 | 1.86738 | 13
-4083013466568821153 | 91 | 1.86738 | 13
-8166026933137642305 | 92 | 1.86738 | 13
2114690207434267006 | 93 | 1.86738 | 13
4229380414868534013 | 94 | 1.86738 | 13
8458760829737068026 | 95 | 7.07732 | 7
8458760829737068027 | 95 | 2.11038 | 6
3138635594961260269 | 84 | 2.66032 | 12
6277271189922520538 | 85 | 2.66032 | 12
-5892201693864510540 | 86 | 2.66032 | 12
6662340685980530537 | 87 | 2.66032 | 12
-5122062701748490542 | 88 | 0.398115 | 8
-5122062701748490541 | 88 | 1.59742 | 4
14738271622543 | 49 | 7.69569 | 81
29476543245086 | 50 | 7.69569 | 81
58953086490173 | 51 | 7.69569 | 81
117906172980347 | 52 | 7.69569 | 81
235812345960695 | 53 | 7.69569 | 81
471624691921391 | 54 | 7.69569 | 81
943249383842783 | 55 | 7.69569 | 81
1886498767685566 | 56 | 7.69569 | 81
3772997535371133 | 57 | 7.69569 | 81
7545995070742266 | 58 | 5.83005 | 51
15091990141484533 | 59 | 5.83005 | 51
30183980282969067 | 60 | 5.83005 | 51
60367960565938135 | 61 | 5.83005 | 51
120735921131876271 | 62 | 5.83005 | 51
241471842263752542 | 63 | 5.83005 | 51
482943684527505084 | 64 | 5.83005 | 51
965887369055010168 | 65 | 5.83005 | 51
1931774738110020336 | 66 | 5.83005 | 51
3863549476220040672 | 67 | 5.83005 | 51
7727098952440081344 | 68 | 5.83005 | 51
-2992546168829388928 | 69 | 5.83005 | 51
-5985092337658777855 | 70 | 5.83005 | 51
6476559398391995907 | 71 | 5.83005 | 51
-5493625276925559801 | 72 | 5.83005 | 51
7459493519858432015 | 73 | 5.83005 | 51
-3527757033992687585 | 74 | 5.83005 | 51
-7055514067985375169 | 75 | 5.83005 | 51
4335715937738801278 | 76 | 5.83005 | 51
8671431875477602556 | 77 | 5.83005 | 51
-1103880322754346503 | 78 | 5.83005 | 51
-2207760645508693005 | 79 | 5.83005 | 51
-4415521291017386009 | 80 | 5.83005 | 51
-8831042582034772018 | 81 | 5.83005 | 51
784658909640007581 | 82 | 5.83005 | 51
1569317819280015163 | 83 | 5.83005 | 51
3138635638560030327 | 84 | 5.83005 | 51
6277271277120060654 | 85 | 4.3693 | 23
-5892201519469430308 | 86 | 4.3693 | 23
6662341034770691000 | 87 | 4.3693 | 23
-5122062004168169616 | 88 | 4.3693 | 23
8202620065373212385 | 89 | 4.3693 | 23
-2041503942963126846 | 90 | 4.3693 | 23
-4083007885926253691 | 91 | 4.3693 | 23
-8166015771852507382 | 92 | 4.63978e-310 | 1
-8166015771852507381 | 92 | 4.21817 | 22
2114712530004536855 | 93 | 4.21817 | 22
4229425060009073710 | 94 | 4.21817 | 22
8458850120018147421 | 95 | 4.21817 | 22
-1529043833673256774 | 96 | 4.21817 | 22
-3058087667346513548 | 97 | 4.63978e-310 | 9
-3058087667346513547 | 97 | 1.62815 | 13
-6116175334693027093 | 98 | 1.62815 | 13
6214393404323497430 | 99 | 1.62815 | 13
-6017957265062556756 | 100 | 10.7732 | 1
-6017957265062556755 | 100 | 1.62815 | 12
6410829543584438107 | 101 | 1.62815 | 12
-5625084986540675402 | 102 | 1.62815 | 12
7196574100628200812 | 103 | 1.62815 | 12
-4053595872453149991 | 104 | 1.62815 | 12
-8107191744906299981 | 105 | 1.62815 | 12
2232360583896951654 | 106 | 1.62815 | 12
4464721167793903309 | 107 | 1.62815 | 12
8929442335587806618 | 108 | 1.62815 | 12
-587859402533938379 | 109 | 1.62815 | 12
-1175718805067876757 | 110 | 1.62815 | 12
-2351437610135753513 | 111 | 1.62815 | 12
-4702875220271507026 | 112 | 1.62815 | 12
9040993633166537565 | 113 | 1.62815 | 12
-364756807376476486 | 114 | 1.62815 | 12
-729513614752952972 | 115 | 1.62815 | 12
-1459027229505905944 | 116 | 1.62815 | 12
-2918054459011811887 | 117 | 1.62815 | 12
-5836108918023623774 | 118 | 0.473776 | 1
-5836108918023623773 | 118 | 1.62815 | 11
6774526237662304070 | 119 | 1.27738 | 3
6774526237662304071 | 119 | 4.63978e-310 | 8
6277271277120060655 | 85 | 2.53353 | 28
-5892201519469430306 | 86 | 2.29073 | 25
6662341034770691005 | 87 | 2.29073 | 25
-5122062004168169606 | 88 | 2.29073 | 21
8202620065373212405 | 89 | 2.29073 | 21
-2041503942963126805 | 90 | 2.29073 | 21
-4083007885926253609 | 91 | 2.29073 | 21
-8166015771852507218 | 92 | 4.63978e-310 | 5
-8166015771852507217 | 92 | 1.73001 | 16
2114712530004537183 | 93 | 1.73001 | 16
4229425060009074366 | 94 | 1.47571 | 13
8458850120018148732 | 95 | 1.47571 | 13
-1529043833673254152 | 96 | 1.47571 | 13
-3058087667346508304 | 97 | 1.47571 | 13
-6116175334693016608 | 98 | 1.47571 | 13
6214393404323518400 | 99 | 1.47571 | 13
-6017957265062514816 | 100 | 1.47571 | 13
6410829543584521985 | 101 | 1.47571 | 13
-5625084986540507646 | 102 | 1.47571 | 13
7196574100628536324 | 103 | 3.05843 | 9
7196574100628536325 | 103 | 2.02295 | 4
4229425060009074367 | 94 | 4.63978e-310 | 3
-5122062004168169605 | 88 | 4.63978e-310 | 4
-5892201519469430305 | 86 | 4.63978e-310 | 3
7545995070742267 | 58 | 3.3116 | 30
15091990141484534 | 59 | 2.12013 | 12
30183980282969068 | 60 | 2.12013 | 12
60367960565938136 | 61 | 4.63978e-310 | 9
60367960565938137 | 61 | 4.63978e-310 | 3
15091990141484535 | 59 | 1.7075 | 18
30183980282969070 | 60 | 1.7075 | 18
60367960565938140 | 61 | 1.7075 | 18
120735921131876281 | 62 | 1.7075 | 18
241471842263752562 | 63 | 1.7075 | 18
482943684527505124 | 64 | 4.63978e-310 | 7
482943684527505125 | 64 | 1.22405 | 11
965887369055010250 | 65 | 1.22405 | 11
1931774738110020500 | 66 | 1.22405 | 11
3863549476220041000 | 67 | 1.22405 | 11
7727098952440082001 | 68 | 1.22405 | 11
-2992546168829387613 | 69 | 1.22405 | 11
-5985092337658775225 | 70 | 1.22405 | 11
6476559398392001166 | 71 | 4.63978e-310 | 3
6476559398392001167 | 71 | 4.63978e-310 | 8
1799105423 | 36 | 19.3951 | 189
3598210846 | 37 | 19.3951 | 189
7196421693 | 38 | 19.3951 | 189
14392843386 | 39 | 19.3951 | 189
28785686772 | 40 | 19.3951 | 189
57571373544 | 41 | 19.3951 | 189
115142747088 | 42 | 19.3951 | 189
230285494176 | 43 | 14.5917 | 172
460570988352 | 44 | 12.3106 | 100
921141976704 | 45 | 12.3106 | 90
1842283953408 | 46 | 11.5458 | 81
3684567906817 | 47 | 11.5458 | 81
7369135813635 | 48 | 11.5458 | 81
14738271627271 | 49 | 11.5458 | 81
29476543254542 | 50 | 11.5458 | 81
58953086509085 | 51 | 11.5458 | 81
117906173018170 | 52 | 11.5458 | 81
235812346036341 | 53 | 11.5458 | 81
471624692072682 | 54 | 11.5458 | 81
943249384145365 | 55 | 11.5458 | 81
1886498768290730 | 56 | 11.5458 | 81
3772997536581460 | 57 | 11.5458 | 81
7545995073162920 | 58 | 8.77318 | 22
15091990146325840 | 59 | 8.77318 | 22
30183980292651681 | 60 | 8.77318 | 22
60367960585303362 | 61 | 3.9382 | 2
60367960585303363 | 61 | 3.46031 | 20
120735921170606726 | 62 | 3.46031 | 20
241471842341213452 | 63 | 3.46031 | 20
482943684682426904 | 64 | 3.46031 | 20
965887369364853808 | 65 | 3.46031 | 20
1931774738729707616 | 66 | 9.22717 | 2
1931774738729707617 | 66 | 2.73507 | 18
3863549477459415235 | 67 | 2.73507 | 18
7727098954918830470 | 68 | 2.73507 | 17
-2992546163871890676 | 69 | 2.73507 | 17
-5985092327743781352 | 70 | 2.73507 | 17
6476559418221988912 | 71 | 2.73507 | 15
-5493625237265573792 | 72 | 2.23504 | 12
7459493599178404032 | 73 | 1.63042e-322 | 8
7459493599178404033 | 73 | 1.63042e-322 | 4
-5493625237265573791 | 72 | 2.54473 | 3
6476559418221988913 | 71 | 4.63978e-310 | 2
7727098954918830471 | 68 | 0.573764 | 1
7545995073162921 | 58 | 6.10111 | 59
15091990146325843 | 59 | 6.10111 | 59
30183980292651687 | 60 | 6.10111 | 59
60367960585303375 | 61 | 6.10111 | 59
120735921170606750 | 62 | 6.10111 | 59
241471842341213500 | 63 | 3.17939 | 34
482943684682427000 | 64 | 4.63978e-310 | 8
482943684682427001 | 64 | 2.54406 | 26
965887369364854002 | 65 | 2.54406 | 26
1931774738729708005 | 66 | 2.54406 | 26
3863549477459416010 | 67 | 2.54406 | 26
7727098954918832020 | 68 | 2.21955 | 23
-2992546163871887576 | 69 | 1.65874 | 17
-5985092327743775152 | 70 | 1.65874 | 16
6476559418222001312 | 71 | 1.65874 | 16
-5493625237265548992 | 72 | 2.42092e-322 | 7
-5493625237265548991 | 72 | 0.771082 | 9
-5985092327743775151 | 70 | 0.570475 | 1
-2992546163871887575 | 69 | 1.98855 | 6
7727098954918832021 | 68 | 4.38183 | 3
241471842341213501 | 63 | 3.96364 | 25
482943684682427003 | 64 | 3.96364 | 25
965887369364854007 | 65 | 3.96364 | 25
1931774738729708015 | 66 | 3.96364 | 25
3863549477459416030 | 67 | 3.6522 | 22
7727098954918832060 | 68 | 3.6522 | 22
-2992546163871887496 | 69 | 3.6522 | 22
-5985092327743774992 | 70 | 3.6522 | 20
6476559418222001633 | 71 | 3.6522 | 20
-5493625237265548350 | 72 | 3.6522 | 20
7459493599178454916 | 73 | 3.6522 | 20
-3527756875352641783 | 74 | 3.6522 | 20
-7055513750705283565 | 75 | 3.6522 | 20
4335716572298984486 | 76 | 3.6522 | 20
8671433144597968973 | 77 | 3.6522 | 20
-1103877784513613670 | 78 | 3.6522 | 20
-2207755569027227339 | 79 | 3.6522 | 20
-4415511138054454678 | 80 | 3.6522 | 18
-8831022276108909356 | 81 | 3.6522 | 18
784699521491732905 | 82 | 3.6522 | 18
1569399042983465810 | 83 | 3.6522 | 18
3138798085966931620 | 84 | 3.34345 | 16
6277596171933863240 | 85 | 3.34345 | 16
-5891551729841825135 | 86 | 3.34345 | 16
6663640614025901346 | 87 | 0 | 3
6663640614025901347 | 87 | 2.40635 | 13
-5119462845657748921 | 88 | 2.40635 | 13
8207818382394053774 | 89 | 2.40635 | 13
-2031107308921444067 | 90 | 2.40635 | 13
-4062214617842888134 | 91 | 2.40635 | 13
-8124429235685776267 | 92 | 2.40635 | 13
2197885602337999082 | 93 | 2.40635 | 13
4395771204675998165 | 94 | 2.40635 | 13
8791542409351996330 | 95 | 2.40635 | 13
-863659255005558955 | 96 | 2.40635 | 13
-1727318510011117909 | 97 | 2.40635 | 13
-3454637020022235817 | 98 | 2.40635 | 13
-6909274040044471634 | 99 | 2.40635 | 13
4628195993620608349 | 100 | 2.40635 | 13
-9190352086468334918 | 101 | 2.40635 | 13
66039900772881781 | 102 | 2.40635 | 13
132079801545763562 | 103 | 2.40635 | 13
264159603091527124 | 104 | 2.40635 | 13
528319206183054249 | 105 | 2.40635 | 13
1056638412366108499 | 106 | 2.40635 | 13
2113276824732216998 | 107 | 0.440352 | 1
2113276824732216999 | 107 | 1.97984 | 12
4226553649464433999 | 108 | 1.97984 | 12
8453107298928867999 | 109 | 1.97984 | 12
-1540529475851815618 | 110 | 1.97984 | 12
-3081058951703631236 | 111 | 1.97984 | 12
-6162117903407262471 | 112 | 1.97984 | 12
6122508266895026674 | 113 | 1.97984 | 12
-6201727539919498268 | 114 | 1.57504 | 9
-6201727539919498267 | 114 | 0.737005 | 3
3138798085966931621 | 84 | 4.63978e-310 | 2
-4415511138054454677 | 80 | 4.63978e-310 | 2
-5985092327743774991 | 70 | 4.63978e-310 | 2
3863549477459416031 | 67 | 4.63978e-310 | 3
1842283953409 | 46 | 4.63978e-310 | 9
921141976705 | 45 | 4.63978e-310 | 10
460570988353 | 44 | 11.5629 | 72
921141976706 | 45 | 9.97638 | 65
1842283953412 | 46 | 9.97638 | 65
3684567906824 | 47 | 9.97638 | 65
7369135813649 | 48 | 9.97638 | 65
14738271627298 | 49 | 9.97638 | 65
29476543254597 | 50 | 9.97638 | 65
58953086509195 | 51 | 9.97638 | 65
117906173018390 | 52 | 4.63978e-310 | 9
117906173018391 | 52 | 8.56901 | 56
235812346036782 | 53 | 8.56901 | 56
471624692073564 | 54 | 8.56901 | 56
943249384147128 | 55 | 8.56901 | 56
1886498768294257 | 56 | 8.56901 | 56
3772997536588515 | 57 | 8.56901 | 56
7545995073177031 | 58 | 8.56901 | 56
15091990146354062 | 59 | 8.56901 | 56
30183980292708124 | 60 | 8.56901 | 56
60367960585416249 | 61 | 8.56901 | 56
120735921170832498 | 62 | 7.19054 | 22
241471842341664996 | 63 | 7.19054 | 22
482943684683329993 | 64 | 7.19054 | 22
965887369366659987 | 65 | 7.19054 | 22
1931774738733319975 | 66 | 7.19054 | 22
3863549477466639950 | 67 | 7.19054 | 22
7727098954933279900 | 68 | 7.19054 | 22
-2992546163842991816 | 69 | 5.14121 | 19
-5985092327685983632 | 70 | 5.14121 | 19
6476559418337584353 | 71 | 5.14121 | 19
-5493625237034382910 | 72 | 4.04812 | 16
7459493599640785796 | 73 | 4.04812 | 16
-3527756874427980023 | 74 | 4.04812 | 16
-7055513748855960045 | 75 | 4.04812 | 16
4335716575997631527 | 76 | 4.04812 | 16
8671433151995263054 | 77 | 4.04812 | 16
-1103877769719025508 | 78 | 4.04812 | 16
-2207755539438051015 | 79 | 4.04812 | 16
-4415511078876102030 | 80 | 4.04812 | 16
-8831022157752204059 | 81 | 4.04812 | 16
784699758205143499 | 82 | 4.04812 | 16
1569399516410286999 | 83 | 4.04812 | 16
3138799032820573998 | 84 | 4.04812 | 16
6277598065641147997 | 85 | 4.04812 | 16
-5891547942427255622 | 86 | 4.04812 | 16
6663648188855040373 | 87 | 4.04812 | 16
-5119447695999470869 | 88 | 4.04812 | 16
8207848681710609878 | 89 | 4.04812 | 16
-2031046710288331860 | 90 | 4.04812 | 16
-4062093420576663719 | 91 | 4.04812 | 16
-8124186841153327437 | 92 | 4.04812 | 16
2198370391402896742 | 93 | 0.297673 | 2
2198370391402896743 | 93 | 3.81644 | 14
4396740782805793487 | 94 | 3.81644 | 14
8793481565611586974 | 95 | 3.81644 | 14
-859780942486377668 | 96 | 3.81644 | 14
-1719561884972755336 | 97 | 2.63422 | 11
-3439123769945510671 | 98 | 2.63422 | 11
-6878247539891021341 | 99 | 2.63422 | 11
4690248993927508935 | 100 | 2.63422 | 11
-9066246085854533746 | 101 | 2.63422 | 11
314251902000484124 | 102 | 41.2665 | 9
314251902000484125 | 102 | 32.8945 | 2
-1719561884972755335 | 97 | 4.63978e-310 | 3
-5493625237034382909 | 72 | 4.63978e-310 | 3
-2992546163842991815 | 69 | 4.63978e-310 | 3
120735921170832499 | 62 | 7.57677 | 34
241471842341664998 | 63 | 7.57677 | 34
482943684683329996 | 64 | 6.75602 | 18
965887369366659992 | 65 | 6.75602 | 18
1931774738733319984 | 66 | 6.75602 | 18
3863549477466639968 | 67 | 6.75602 | 18
7727098954933279936 | 68 | 6.75602 | 18
-2992546163842991744 | 69 | 5.54164 | 17
-5985092327685983487 | 70 | 5.54164 | 17
6476559418337584643 | 71 | 5.54164 | 17
-5493625237034382330 | 72 | 5.54164 | 17
7459493599640786956 | 73 | 5.54164 | 17
-3527756874427977704 | 74 | 5.54164 | 17
-7055513748855955408 | 75 | 5.54164 | 17
4335716575997640800 | 76 | 5.54164 | 17
8671433151995281601 | 77 | 5.54164 | 17
-1103877769718988414 | 78 | 5.54164 | 17
-2207755539437976827 | 79 | 5.54164 | 17
-4415511078875953653 | 80 | 5.54164 | 17
-8831022157751907306 | 81 | 5.54164 | 17
784699758205737004 | 82 | 5.54164 | 17
1569399516411474009 | 83 | 5.54164 | 17
3138799032822948019 | 84 | 5.54164 | 17
6277598065645896038 | 85 | 5.54164 | 17
-5891547942417759540 | 86 | 5.54164 | 17
6663648188874032536 | 87 | 5.54164 | 17
-5119447695961486543 | 88 | 5.54164 | 17
8207848681786578531 | 89 | 5.54164 | 17
-2031046710136394553 | 90 | 5.54164 | 17
-4062093420272789106 | 91 | 5.54164 | 17
-8124186840545578212 | 92 | 5.54164 | 17
2198370392618395192 | 93 | 5.54164 | 17
4396740785236790385 | 94 | 5.54164 | 17
8793481570473580771 | 95 | 5.54164 | 17
-859780932762390074 | 96 | 0.51715 | 6
-859780932762390073 | 96 | 3.27879 | 11
-1719561865524780145 | 97 | 3.27879 | 11
-3439123731049560289 | 98 | 3.27879 | 11
-6878247462099120577 | 99 | 3.27879 | 11
4690249149511310463 | 100 | 3.27879 | 11
-9066245774686930689 | 101 | 3.27879 | 11
314252524335690238 | 102 | 7.26041 | 6
314252524335690239 | 102 | 25.0566 | 5
-2992546163842991743 | 69 | 4.63978e-310 | 1
482943684683329997 | 64 | 6.26345 | 16
965887369366659994 | 65 | 6.26345 | 16
1931774738733319988 | 66 | 6.26345 | 16
3863549477466639977 | 67 | 6.26345 | 16
7727098954933279954 | 68 | 4.63978e-310 | 7
7727098954933279955 | 68 | 4.63978e-310 | 9
921141976707 | 45 | 4.63978e-310 | 7
230285494177 | 43 | 14.5046 | 17
460570988354 | 44 | 14.5046 | 17
921141976709 | 45 | 14.5046 | 17
1842283953419 | 46 | 14.5046 | 17
3684567906839 | 47 | 14.5046 | 17
7369135813678 | 48 | 2.21631 | 12
14738271627357 | 49 | 2.21631 | 12
29476543254714 | 50 | 2.21631 | 12
58953086509428 | 51 | 2.21631 | 12
117906173018856 | 52 | 4.63978e-310 | 2
117906173018857 | 52 | 4.63978e-310 | 10
7369135813679 | 48 | 4.63978e-310 | 5
28111023 | 30 | 16.611 | 44
56222046 | 31 | 16.611 | 44
112444092 | 32 | 16.611 | 44
224888185 | 33 | 16.611 | 44
449776371 | 34 | 16.611 | 44
899552742 | 35 | 16.611 | 44
1799105485 | 36 | 16.611 | 44
3598210970 | 37 | 16.611 | 44
7196421940 | 38 | 16.611 | 44
14392843881 | 39 | 16.611 | 44
28785687763 | 40 | 16.611 | 44
57571375526 | 41 | 16.611 | 44
115142751052 | 42 | 12.3272 | 25
230285502104 | 43 | 12.3272 | 25
460571004209 | 44 | 12.3272 | 25
921142008418 | 45 | 12.3272 | 25
1842284016836 | 46 | 12.3272 | 25
3684568033673 | 47 | 12.3272 | 25
7369136067347 | 48 | 12.3272 | 25
14738272134694 | 49 | 12.3272 | 11
29476544269389 | 50 | 12.3272 | 11
58953088538779 | 51 | 12.3272 | 11
117906177077558 | 52 | 12.3272 | 11
235812354155116 | 53 | 12.3272 | 11
471624708310232 | 54 | 12.3272 | 11
943249416620465 | 55 | 12.3272 | 11
1886498833240931 | 56 | 12.3272 | 11
3772997666481863 | 57 | 12.3272 | 11
7545995332963726 | 58 | 12.3272 | 11
15091990665927452 | 59 | 12.3272 | 11
30183981331854904 | 60 | 12.3272 | 11
60367962663709808 | 61 | 12.3272 | 11
120735925327419616 | 62 | 5.29352 | 1
120735925327419617 | 62 | 0.512123 | 10
14738272134695 | 49 | 5.49246 | 14
29476544269390 | 50 | 5.49246 | 14
58953088538781 | 51 | 5.49246 | 14
117906177077562 | 52 | 5.49246 | 14
235812354155125 | 53 | 5.49246 | 14
471624708310250 | 54 | 5.49246 | 13
943249416620501 | 55 | 5.49246 | 13
1886498833241002 | 56 | 5.49246 | 13
3772997666482004 | 57 | 5.49246 | 13
7545995332964008 | 58 | 5.49246 | 13
15091990665928016 | 59 | 5.49246 | 13
30183981331856033 | 60 | 5.49246 | 13
60367962663712067 | 61 | 5.49246 | 13
120735925327424135 | 62 | 5.49246 | 13
241471850654848270 | 63 | 5.49246 | 13
482943701309696541 | 64 | 5.49246 | 13
965887402619393083 | 65 | 5.49246 | 13
1931774805238786166 | 66 | 5.49246 | 13
3863549610477572332 | 67 | 24.9585 | 6
3863549610477572333 | 67 | 71.5659 | 7
471624708310251 | 54 | 4.63978e-310 | 1
115142751053 | 42 | 13.9881 | 19
230285502106 | 43 | 13.9658 | 18
460571004213 | 44 | 13.9658 | 18
921142008426 | 45 | 4.63978e-310 | 1
921142008427 | 45 | 13.9658 | 17
1842284016854 | 46 | 4.63978e-310 | 7
1842284016855 | 46 | 4.63978e-310 | 10
230285502107 | 43 | 4.63978e-310 | 1
429 | 14 | 14.0049 | 63
858 | 15 | 14.0049 | 63
1716 | 16 | 14.0049 | 63
3432 | 17 | 14.0049 | 36
6864 | 18 | 14.0049 | 36
13728 | 19 | 3.89206 | 11
27457 | 20 | 3.89206 | 11
54914 | 21 | 3.89206 | 11
109828 | 22 | 4.63978e-310 | 4
109829 | 22 | 4.63978e-310 | 7
13729 | 19 | 14.0049 | 25
27458 | 20 | 14.0049 | 25
54916 | 21 | 4.63978e-310 | 4
54917 | 21 | 11.2771 | 21
109834 | 22 | 11.2771 | 21
219669 | 23 | 11.2771 | 21
439338 | 24 | 11.2771 | 21
878677 | 25 | 11.2771 | 21
1757354 | 26 | 11.2771 | 21
3514708 | 27 | 11.2771 | 21
7029416 | 28 | 11.2771 | 21
14058833 | 29 | 11.2771 | 21
28117666 | 30 | 11.2771 | 21
56235332 | 31 | 11.2771 | 21
112470664 | 32 | 11.2771 | 21
224941328 | 33 | 11.2771 | 21
449882656 | 34 | 11.2771 | 21
899765312 | 35 | 11.2771 | 21
1799530625 | 36 | 11.2771 | 21
3599061250 | 37 | 11.2771 | 21
7198122501 | 38 | 11.2771 | 21
14396245002 | 39 | 11.2771 | 21
28792490004 | 40 | 11.2771 | 21
57584980008 | 41 | 11.2771 | 21
115169960017 | 42 | 11.2771 | 21
230339920035 | 43 | 11.2771 | 21
460679840070 | 44 | 11.2771 | 21
921359680140 | 45 | 11.2771 | 21
1842719360281 | 46 | 11.2771 | 21
3685438720563 | 47 | 11.2771 | 21
7370877441126 | 48 | 11.2771 | 21
14741754882252 | 49 | 11.2771 | 21
29483509764504 | 50 | 11.2771 | 19
58967019529008 | 51 | 11.2771 | 19
117934039058017 | 52 | 11.2771 | 19
235868078116035 | 53 | 11.2771 | 19
471736156232070 | 54 | 11.2771 | 19
943472312464140 | 55 | 11.2771 | 19
1886944624928281 | 56 | 11.2771 | 19
3773889249856562 | 57 | 11.2771 | 19
7547778499713125 | 58 | 11.2771 | 19
15095556999426251 | 59 | 11.2771 | 19
30191113998852503 | 60 | 11.2771 | 19
60382227997705007 | 61 | 11.2771 | 19
120764455995410015 | 62 | 11.2771 | 19
241528911990820030 | 63 | 11.2771 | 19
483057823981640060 | 64 | 11.2771 | 19
966115647963280120 | 65 | 11.2771 | 19
1932231295926560240 | 66 | 11.2771 | 19
3864462591853120480 | 67 | 11.2771 | 19
7728925183706240961 | 68 | 11.2771 | 19
-2988893706297069693 | 69 | 11.2771 | 19
-5977787412594139385 | 70 | 11.2771 | 19
6491169248521272847 | 71 | 11.2771 | 19
-5464405576667005922 | 72 | 11.2771 | 19
7517932920375539773 | 73 | 11.2771 | 19
-3410878232958472069 | 74 | 11.2771 | 19
-6821756465916944138 | 75 | 11.2771 | 19
4803231141875663340 | 76 | 11.2771 | 19
-8840281789958224936 | 77 | 4.72032 | 9
-8840281789958224935 | 77 | 56.4545 | 10
29483509764505 | 50 | 4.63978e-310 | 2
3433 | 17 | 6.36457 | 27
6866 | 18 | 6.36457 | 27
13732 | 19 | 6.36457 | 27
27465 | 20 | 6.36457 | 27
54931 | 21 | 6.36457 | 27
109862 | 22 | 4.63978e-310 | 6
109863 | 22 | 5.31214 | 21
219727 | 23 | 5.31214 | 21
439455 | 24 | 5.31214 | 21
878911 | 25 | 5.31214 | 21
1757822 | 26 | 5.31214 | 21
3515644 | 27 | 5.31214 | 21
7031289 | 28 | 5.31214 | 21
14062578 | 29 | 4.63978e-310 | 4
14062579 | 29 | 4.25108 | 17
28125158 | 30 | 4.25108 | 17
56250317 | 31 | 4.25108 | 17
112500634 | 32 | 4.63978e-310 | 6
112500635 | 32 | 2.19205 | 11
225001271 | 33 | 2.19205 | 11
450002543 | 34 | 2.19205 | 11
900005087 | 35 | 2.19205 | 11
1800010174 | 36 | 2.19205 | 11
3600020348 | 37 | 2.19205 | 11
7200040696 | 38 | 2.19205 | 11
14400081393 | 39 | 2.19205 | 11
28800162787 | 40 | 2.19205 | 11
57600325575 | 41 | 2.19205 | 11
115200651151 | 42 | 2.19205 | 11
230401302302 | 43 | 2.19205 | 11
460802604604 | 44 | 85.0149 | 4
460802604605 | 44 | 0.277806 | 7
27 | 10 | 19.2812 | 77
54 | 11 | 19.2812 | 77
108 | 12 | 10.6949 | 44
217 | 13 | 10.6949 | 44
435 | 14 | 10.6949 | 44
871 | 15 | 10.6949 | 44
1743 | 16 | 10.6949 | 44
3486 | 17 | 2.8391 | 27
6973 | 18 | 2.8391 | 27
13946 | 19 | 2.8391 | 26
27892 | 20 | 2.8391 | 26
55784 | 21 | 2.8391 | 26
111568 | 22 | 2.8391 | 26
223136 | 23 | 2.8391 | 26
446273 | 24 | 2.8391 | 26
892546 | 25 | 2.8391 | 26
1785093 | 26 | 2.8391 | 26
3570187 | 27 | 2.8391 | 26
7140375 | 28 | 2.8391 | 26
14280750 | 29 | 2.8391 | 26
28561501 | 30 | 2.8391 | 26
57123003 | 31 | 2.8391 | 26
114246006 | 32 | 2.8391 | 26
228492013 | 33 | 2.8391 | 26
456984027 | 34 | 2.8391 | 26
913968054 | 35 | 2.8391 | 26
1827936109 | 36 | 2.8391 | 26
3655872219 | 37 | 2.8391 | 26
7311744438 | 38 | 2.8391 | 26
14623488876 | 39 | 2.8391 | 26
29246977753 | 40 | 2.8391 | 26
58493955506 | 41 | 4.63978e-310 | 1
58493955507 | 41 | 2.4622 | 25
116987911014 | 42 | 2.1085 | 20
233975822028 | 43 | 2.1085 | 20
467951644056 | 44 | 2.1085 | 20
935903288112 | 45 | 2.1085 | 20
1871806576224 | 46 | 2.1085 | 20
3743613152448 | 47 | 2.1085 | 20
7487226304897 | 48 | 2.1085 | 20
14974452609795 | 49 | 2.1085 | 20
29948905219590 | 50 | 0.176999 | 10
29948905219591 | 50 | 0.77812 | 10
116987911015 | 42 | 4.63978e-310 | 5
13947 | 19 | 4.63978e-310 | 1
3487 | 17 | 7.23659 | 17
6975 | 18 | 7.23659 | 17
13950 | 19 | 7.23659 | 17
27900 | 20 | 4.63978e-310 | 1
27901 | 20 | 3.30239 | 16
55802 | 21 | 3.30239 | 16
111605 | 22 | 3.30239 | 16
223211 | 23 | 3.30239 | 16
446423 | 24 | 3.30239 | 16
892847 | 25 | 3.30239 | 16
1785694 | 26 | 4.63978e-310 | 1
1785695 | 26 | 2.90356 | 15
3571390 | 27 | 2.90356 | 15
7142780 | 28 | 4.63978e-310 | 5
7142781 | 28 | 4.63978e-310 | 10
109 | 12 | 19.2812 | 33
218 | 13 | 19.2812 | 33
436 | 14 | 19.2812 | 33
872 | 15 | 12.2497 | 18
1744 | 16 | 12.2497 | 18
3488 | 17 | 4.63978e-310 | 1
3489 | 17 | 3.5718 | 17
6978 | 18 | 3.5718 | 17
13957 | 19 | 3.5718 | 17
27915 | 20 | 3.5718 | 17
55830 | 21 | 2.40062 | 12
111661 | 22 | 2.40062 | 12
223322 | 23 | 1.9151 | 11
446645 | 24 | 1.9151 | 11
893290 | 25 | 1.9151 | 11
1786581 | 26 | 1.9151 | 11
3573162 | 27 | 1.9151 | 11
7146324 | 28 | 1.9151 | 11
14292649 | 29 | 1.9151 | 11
28585299 | 30 | 1.9151 | 11
57170598 | 31 | 1.9151 | 11
114341196 | 32 | 1.9151 | 11
228682392 | 33 | 59.4319 | 1
228682393 | 33 | 0.141532 | 10
223323 | 23 | 4.63978e-310 | 1
55831 | 21 | 4.63978e-310 | 5
873 | 15 | 9.19513 | 15
1746 | 16 | 9.19513 | 15
3493 | 17 | 9.19513 | 15
6987 | 18 | 9.19513 | 15
13974 | 19 | 9.19513 | 15
27948 | 20 | 4.63978e-310 | 8
27949 | 20 | 4.63978e-310 | 7
1 | 1 | 23.9946 | 708
2 | 2 | 18.4408 | 361
4 | 3 | 18.4408 | 361
8 | 4 | 18.4408 | 361
17 | 5 | 18.4408 | 361
34 | 6 | 7.46304 | 42
68 | 7 | 5.9538 | 23
136 | 8 | 5.9538 | 23
272 | 9 | 5.9538 | 23
545 | 10 | 5.9538 | 23
1091 | 11 | 5.9538 | 23
2182 | 12 | 5.9538 | 23
4365 | 13 | 5.9538 | 23
8730 | 14 | 4.6887 | 22
17461 | 15 | 4.6887 | 22
34922 | 16 | 4.67353 | 11
69845 | 17 | 4.67353 | 11
139691 | 18 | 4.67353 | 11
279383 | 19 | 4.67353 | 11
558766 | 20 | 1.63042e-322 | 10
558767 | 20 | 1.52685 | 1
34923 | 16 | 4.43452 | 11
69847 | 17 | 4.43452 | 11
139695 | 18 | 4.43452 | 11
279390 | 19 | 4.43452 | 11
558780 | 20 | 25 | 3
558781 | 20 | 1.03038 | 8
8731 | 14 | 4.63978e-310 | 1
69 | 7 | 6.68917 | 19
138 | 8 | 6.68917 | 19
276 | 9 | 6.68917 | 19
552 | 10 | 6.68917 | 19
1104 | 11 | 6.68917 | 19
2208 | 12 | 6.68917 | 19
4417 | 13 | 6.68917 | 19
8834 | 14 | 3.62406 | 2
8835 | 14 | 5.98745 | 17
17671 | 15 | 5.98745 | 17
35342 | 16 | 5.98745 | 17
70685 | 17 | 5.98745 | 17
141371 | 18 | 5.98745 | 17
282743 | 19 | 5.98745 | 17
565486 | 20 | 5.98745 | 17
1130972 | 21 | 5.98745 | 17
2261945 | 22 | 5.98745 | 17
4523890 | 23 | 5.98745 | 17
9047781 | 24 | 5.98745 | 17
18095563 | 25 | 5.98745 | 17
36191126 | 26 | 0 | 1
36191127 | 26 | 3.27386 | 16
72382255 | 27 | 3.27386 | 16
144764511 | 28 | 3.27386 | 16
289529022 | 29 | 3.27386 | 16
579058044 | 30 | 3.27386 | 16
1158116089 | 31 | 3.27386 | 16
2316232178 | 32 | 3.27386 | 16
4632464357 | 33 | 3.27386 | 16
9264928714 | 34 | 3.27386 | 16
18529857429 | 35 | 3.27386 | 16
37059714859 | 36 | 3.27386 | 16
74119429718 | 37 | 3.27386 | 16
148238859436 | 38 | 3.27386 | 16
296477718873 | 39 | 3.27386 | 16
592955437746 | 40 | 3.27386 | 16
1185910875492 | 41 | 2.86904 | 14
2371821750984 | 42 | 2.86904 | 14
4743643501968 | 43 | 2.86904 | 14
9487287003936 | 44 | 2.86904 | 14
18974574007873 | 45 | 2.86904 | 14
37949148015747 | 46 | 2.86904 | 14
75898296031494 | 47 | 2.86904 | 14
151796592062988 | 48 | 3.76135 | 3
151796592062989 | 48 | 2.86904 | 11
303593184125979 | 49 | 2.86904 | 11
607186368251958 | 50 | 2.86904 | 11
1214372736503917 | 51 | 2.86904 | 11
2428745473007835 | 52 | 2.86904 | 11
4857490946015670 | 53 | 2.86904 | 11
9714981892031340 | 54 | 2.86904 | 11
19429963784062681 | 55 | 2.86904 | 11
38859927568125363 | 56 | 2.86904 | 11
77719855136250727 | 57 | 2.86904 | 11
155439710272501454 | 58 | 2.86904 | 11
310879420545002909 | 59 | 2.86904 | 11
621758841090005818 | 60 | 2.86904 | 11
1243517682180011636 | 61 | 2.86904 | 11
2487035364360023272 | 62 | 2.86904 | 11
4974070728720046544 | 63 | 2.86904 | 11
-8498602616269458528 | 64 | 2.86904 | 11
1449538841170634560 | 65 | 0.386055 | 8
1449538841170634561 | 65 | 7.90505e-322 | 3
1185910875493 | 41 | 4.63978e-310 | 2
35 | 6 | 18.4408 | 319
70 | 7 | 18.4408 | 319
140 | 8 | 7.09342 | 17
281 | 9 | 7.09342 | 17
562 | 10 | 4.63978e-310 | 8
563 | 10 | 4.63978e-310 | 9
141 | 8 | 16.9205 | 302
282 | 9 | 16.9205 | 302
565 | 10 | 16.9205 | 302
1131 | 11 | 16.9205 | 302
2262 | 12 | 16.9205 | 302
4524 | 13 | 16.9205 | 302
9048 | 14 | 16.9205 | 302
18097 | 15 | 16.9205 | 302
36194 | 16 | 16.9205 | 302
72388 | 17 | 16.9205 | 302
144776 | 18 | 12.5982 | 149
289553 | 19 | 12.5982 | 149
579107 | 20 | 12.5982 | 149
1158214 | 21 | 12.5982 | 149
2316429 | 22 | 12.5982 | 149
4632859 | 23 | 12.5982 | 149
9265719 | 24 | 12.5982 | 149
18531438 | 25 | 12.5982 | 149
37062876 | 26 | 0.202455 | 2
37062877 | 26 | 12.5982 | 147
74125755 | 27 | 12.5982 | 147
148251511 | 28 | 12.5982 | 147
296503022 | 29 | 12.5982 | 147
593006045 | 30 | 12.5982 | 147
1186012091 | 31 | 12.5982 | 147
2372024183 | 32 | 12.5982 | 147
4744048366 | 33 | 12.5982 | 147
9488096733 | 34 | 12.5982 | 147
18976193466 | 35 | 12.5982 | 147
37952386932 | 36 | 12.5982 | 147
75904773864 | 37 | 10.4353 | 36
151809547729 | 38 | 10.4353 | 36
303619095459 | 39 | 10.4353 | 36
607238190919 | 40 | 10.4353 | 36
1214476381839 | 41 | 10.4353 | 36
2428952763679 | 42 | 10.4353 | 36
4857905527359 | 43 | 10.4353 | 36
9715811054718 | 44 | 10.4353 | 36
19431622109437 | 45 | 10.4353 | 36
38863244218875 | 46 | 10.4353 | 36
77726488437750 | 47 | 7.60565 | 24
155452976875500 | 48 | 7.60565 | 24
310905953751000 | 49 | 7.60565 | 23
621811907502000 | 50 | 7.46906 | 22
1243623815004001 | 51 | 7.46906 | 22
2487247630008003 | 52 | 7.46906 | 22
4974495260016006 | 53 | 7.46906 | 22
9948990520032013 | 54 | 7.46906 | 22
19897981040064026 | 55 | 7.46906 | 21
39795962080128052 | 56 | 6.76831 | 13
79591924160256104 | 57 | 2.48546 | 11
159183848320512208 | 58 | 2.48546 | 11
318367696641024416 | 59 | 2.48546 | 11
636735393282048833 | 60 | 2.48546 | 11
1273470786564097667 | 61 | 2.48546 | 11
2546941573128195334 | 62 | 2.48546 | 11
5093883146256390669 | 63 | 2.48546 | 11
-8258977781196770278 | 64 | 2.48546 | 11
1928788511316011061 | 65 | 2.48546 | 11
3857577022632022123 | 66 | 2.48546 | 11
7715154045264044246 | 67 | 0 | 6
7715154045264044247 | 67 | 4.63978e-310 | 5
79591924160256105 | 57 | 4.63978e-310 | 2
39795962080128053 | 56 | 4.63978e-310 | 8
19897981040064027 | 55 | 4.63978e-310 | 1
621811907502001 | 50 | 4.63978e-310 | 1
310905953751001 | 49 | 4.63978e-310 | 1
77726488437751 | 47 | 2.82725 | 12
155452976875502 | 48 | 4.63978e-310 | 7
155452976875503 | 48 | 4.63978e-310 | 5
75904773865 | 37 | 10.6155 | 111
151809547730 | 38 | 3.9252 | 14
303619095460 | 39 | 3.9252 | 14
607238190920 | 40 | 3.9252 | 14
1214476381840 | 41 | 3.9252 | 14
2428952763680 | 42 | 3.9252 | 14
4857905527360 | 43 | 3.9252 | 14
9715811054720 | 44 | 2.9138 | 12
19431622109440 | 45 | 2.9138 | 12
38863244218880 | 46 | 2.9138 | 12
77726488437761 | 47 | 2.9138 | 12
155452976875522 | 48 | 2.9138 | 12
310905953751045 | 49 | 2.9138 | 12
621811907502090 | 50 | 2.9138 | 12
1243623815004180 | 51 | 2.9138 | 12
2487247630008360 | 52 | 119.435 | 8
2487247630008361 | 52 | 4.63978e-310 | 4
9715811054721 | 44 | 4.63978e-310 | 2
151809547731 | 38 | 8.85231 | 97
303619095462 | 39 | 8.85231 | 97
607238190924 | 40 | 8.85231 | 97
1214476381849 | 41 | 8.85231 | 97
2428952763699 | 42 | 8.85231 | 97
4857905527398 | 43 | 8.85231 | 75
9715811054797 | 44 | 8.85231 | 75
19431622109595 | 45 | 8.85231 | 75
38863244219190 | 46 | 8.85231 | 75
77726488438381 | 47 | 8.85231 | 75
155452976876763 | 48 | 8.85231 | 75
310905953753527 | 49 | 8.85231 | 75
621811907507055 | 50 | 8.85231 | 75
1243623815014111 | 51 | 8.85231 | 75
2487247630028222 | 52 | 62.9148 | 3
2487247630028223 | 52 | 8.85231 | 72
4974495260056446 | 53 | 6.72588 | 59
9948990520112892 | 54 | 6.72588 | 59
19897981040225784 | 55 | 6.72588 | 59
39795962080451569 | 56 | 6.72588 | 59
79591924160903138 | 57 | 6.21236 | 28
159183848321806276 | 58 | 4.63978e-310 | 7
159183848321806277 | 58 | 5.53573 | 21
318367696643612555 | 59 | 5.53573 | 21
636735393287225111 | 60 | 5.53573 | 21
1273470786574450223 | 61 | 5.53573 | 21
2546941573148900447 | 62 | 5.53573 | 21
5093883146297800895 | 63 | 5.53573 | 21
-8258977781113949825 | 64 | 5.53573 | 21
1928788511481651966 | 65 | 5.53573 | 21
3857577022963303933 | 66 | 5.53573 | 21
7715154045926607866 | 67 | 5.53573 | 21
-3016435981856335884 | 68 | 0.877466 | 6
-3016435981856335883 | 68 | 4.45839 | 15
-6032871963712671765 | 69 | 4.45839 | 15
6381000146284208086 | 70 | 4.45839 | 15
-5684743781141135443 | 71 | 4.45839 | 15
7077256511427280731 | 72 | 4.45839 | 15
-4292231050854990154 | 73 | 4.45839 | 15
-8584462101709980308 | 74 | 4.45839 | 15
1277819870289591001 | 75 | 4.45839 | 15
2555639740579182003 | 76 | 4.45839 | 15
5111279481158364006 | 77 | 2.36838 | 14
-8224185111392823603 | 78 | 2.36838 | 14
1998373850923904411 | 79 | 2.36838 | 14
3996747701847808822 | 80 | 2.36838 | 14
7993495403695617645 | 81 | 2.36838 | 14
-2459753266318316326 | 82 | 4.71575 | 4
-2459753266318316325 | 82 | 0 | 10
5111279481158364007 | 77 | 4.63978e-310 | 1
79591924160903139 | 57 | 5.40255 | 31
159183848321806279 | 58 | 5.40255 | 31
318367696643612558 | 59 | 5.40255 | 31
636735393287225117 | 60 | 5.40255 | 31
1273470786574450235 | 61 | 5.40255 | 31
2546941573148900471 | 62 | 5.40255 | 31
5093883146297800942 | 63 | 5.40255 | 31
-8258977781113949732 | 64 | 5.40255 | 31
1928788511481652153 | 65 | 5.40255 | 31
3857577022963304306 | 66 | 5.40255 | 31
7715154045926608612 | 67 | 5.40255 | 31
-3016435981856334391 | 68 | 5.40255 | 31
-6032871963712668781 | 69 | 5.40255 | 31
6381000146284214054 | 70 | 5.40255 | 31
-5684743781141123507 | 71 | 5.40255 | 31
7077256511427304602 | 72 | 3.77551 | 17
-4292231050854942412 | 73 | 3.77551 | 17
-8584462101709884824 | 74 | 0.508383 | 6
-8584462101709884823 | 74 | 1.84408 | 11
1277819870289781970 | 75 | 14.1558 | 7
1277819870289781971 | 75 | 14.2362 | 4
7077256511427304603 | 72 | 3.64389 | 14
-4292231050854942409 | 73 | 3.64389 | 14
-8584462101709884818 | 74 | 3.64389 | 14
1277819870289781980 | 75 | 3.64389 | 14
2555639740579563961 | 76 | 3.64389 | 14
5111279481159127922 | 77 | 3.64389 | 14
-8224185111391295772 | 78 | 3.64389 | 14
1998373850926960073 | 79 | 3.64389 | 14
3996747701853920146 | 80 | 3.25446 | 12
7993495403707840293 | 81 | 3.25446 | 12
-2459753266293871029 | 82 | 3.25446 | 12
-4919506532587742058 | 83 | 72.9263 | 6
-4919506532587742057 | 83 | 69.4547 | 6
3996747701853920147 | 80 | 4.63978e-310 | 2
4974495260056447 | 53 | 5.62412 | 13
9948990520112894 | 54 | 4.63978e-310 | 6
9948990520112895 | 54 | 4.63978e-310 | 7
4857905527399 | 43 | 4.36612 | 22
9715811054798 | 44 | 4.36612 | 22
19431622109596 | 45 | 4.36612 | 22
38863244219192 | 46 | 4.63978e-310 | 9
38863244219193 | 46 | 3.70745 | 13
77726488438386 | 47 | 3.70745 | 13
155452976876773 | 48 | 3.70745 | 13
310905953753546 | 49 | 3.70745 | 13
621811907507092 | 50 | 3.70745 | 13
1243623815014184 | 51 | 3.70745 | 13
2487247630028369 | 52 | 3.70745 | 13
4974495260056738 | 53 | 4.63978e-310 | 9
4974495260056739 | 53 | 4.63978e-310 | 4
144777 | 18 | 13.7984 | 153
289555 | 19 | 13.7984 | 153
579111 | 20 | 13.7984 | 153
1158222 | 21 | 12.7173 | 126
2316445 | 22 | 12.7173 | 126
4632891 | 23 | 12.7173 | 126
9265783 | 24 | 12.7173 | 126
18531566 | 25 | 12.7173 | 126
37063132 | 26 | 12.7173 | 126
74126264 | 27 | 12.7173 | 126
148252529 | 28 | 12.7173 | 126
296505058 | 29 | 12.7173 | 126
593010117 | 30 | 12.7173 | 126
1186020235 | 31 | 12.7173 | 126
2372040470 | 32 | 12.6292 | 118
4744080940 | 33 | 12.6292 | 118
9488161880 | 34 | 10.1843 | 101
18976323761 | 35 | 10.1843 | 101
37952647523 | 36 | 10.1843 | 101
75905295046 | 37 | 10.1843 | 101
151810590092 | 38 | 10.1843 | 101
303621180184 | 39 | 9.36681 | 68
607242360368 | 40 | 9.36681 | 68
1214484720736 | 41 | 3.64273 | 29
2428969441473 | 42 | 3.64273 | 29
4857938882946 | 43 | 3.64273 | 29
9715877765892 | 44 | 2.51508 | 16
19431755531784 | 45 | 2.51508 | 16
38863511063569 | 46 | 2.51508 | 16
77727022127139 | 47 | 2.51508 | 16
155454044254278 | 48 | 2.51508 | 16
310908088508556 | 49 | 2.51508 | 16
621816177017112 | 50 | 2.51508 | 16
1243632354034225 | 51 | 2.51508 | 16
2487264708068451 | 52 | 2.51508 | 16
4974529416136902 | 53 | 2.51508 | 16
9949058832273805 | 54 | 2.51508 | 16
19898117664547611 | 55 | 2.51508 | 16
39796235329095222 | 56 | 2.51508 | 16
79592470658190445 | 57 | 2.51508 | 16
159184941316380891 | 58 | 2.51508 | 16
318369882632761782 | 59 | 2.51508 | 16
636739765265523565 | 60 | 2.51508 | 16
1273479530531047131 | 61 | 2.51508 | 16
2546959061062094263 | 62 | 2.51508 | 16
5093918122124188526 | 63 | 2.51508 | 16
-8258907829461174563 | 64 | 2.51508 | 16
1928928414787202490 | 65 | 2.51508 | 16
3857856829574404980 | 66 | 2.51508 | 16
7715713659148809961 | 67 | 2.51508 | 16
-3015316755411931694 | 68 | 2.51508 | 16
-6030633510823863388 | 69 | 1.63042e-322 | 1
-6030633510823863387 | 69 | 2.51508 | 15
6385477052061824842 | 70 | 2.51508 | 15
-5675789969585901932 | 71 | 1.63042e-322 | 4
-5675789969585901931 | 71 | 1.46015 | 11
7095164134537747754 | 72 | 1.46015 | 11
-4256415804634056108 | 73 | 1.46015 | 11
-8512831609268112215 | 74 | 1.46015 | 11
1421080855173327186 | 75 | 4.79244e-322 | 5
1421080855173327187 | 75 | 2.87418 | 6
9715877765893 | 44 | 2.19812 | 13
19431755531786 | 45 | 4.63978e-310 | 5
19431755531787 | 45 | 4.63978e-310 | 8
1214484720737 | 41 | 6.08956 | 39
2428969441474 | 42 | 4.63978e-310 | 5
2428969441475 | 42 | 6.08956 | 34
4857938882950 | 43 | 6.08956 | 34
9715877765901 | 44 | 6.08956 | 34
19431755531803 | 45 | 6.08956 | 34
38863511063607 | 46 | 6.08956 | 34
77727022127215 | 47 | 6.08956 | 34
155454044254430 | 48 | 6.08956 | 34
310908088508860 | 49 | 6.08956 | 34
621816177017720 | 50 | 6.08956 | 34
1243632354035441 | 51 | 6.08956 | 34
2487264708070882 | 52 | 6.08956 | 34
4974529416141764 | 53 | 6.08956 | 34
9949058832283529 | 54 | 6.08956 | 34
19898117664567059 | 55 | 6.08956 | 34
39796235329134119 | 56 | 6.08956 | 34
79592470658268239 | 57 | 6.08956 | 34
159184941316536478 | 58 | 6.08956 | 34
318369882633072956 | 59 | 3.69158 | 32
636739765266145912 | 60 | 3.69158 | 32
1273479530532291825 | 61 | 3.69158 | 32
2546959061064583651 | 62 | 3.69158 | 32
5093918122129167302 | 63 | 3.69158 | 32
-8258907829451217011 | 64 | 3.69158 | 32
1928928414807117594 | 65 | 3.69158 | 32
3857856829614235188 | 66 | 4.63978e-310 | 9
3857856829614235189 | 66 | 3.1878 | 23
7715713659228470379 | 67 | 3.1878 | 23
-3015316755252610858 | 68 | 3.1878 | 23
-6030633510505221715 | 69 | 3.1878 | 23
6385477052699108186 | 70 | 3.1878 | 23
-5675789968311335243 | 71 | 3.1878 | 23
7095164137086881130 | 72 | 3.1878 | 23
-4256415799535789355 | 73 | 3.1878 | 23
-8512831599071578710 | 74 | 3.1878 | 23
1421080875566394196 | 75 | 3.1878 | 23
2842161751132788393 | 76 | 3.1878 | 23
5684323502265576787 | 77 | 3.1878 | 23
-7078097069178398041 | 78 | 3.1878 | 23
4290549935352755535 | 79 | 3.1878 | 23
8581099870705511071 | 80 | 3.1878 | 23
-1284544332298529474 | 81 | 3.1878 | 23
-2569088664597058947 | 82 | 3.1878 | 23
-5138177329194117894 | 83 | 3.10297 | 22
8170389415321315828 | 84 | 3.10297 | 22
-2105965243066919959 | 85 | 3.10297 | 22
-4211930486133839917 | 86 | 3.10297 | 22
-8423860972267679834 | 87 | 3.10297 | 22
1599022129174191948 | 88 | 3.10297 | 22
3198044258348383896 | 89 | 3.10297 | 22
6396088516696767792 | 90 | 3.10297 | 20
-5654567040316016031 | 91 | 3.10297 | 20
7137609993077519555 | 92 | 3.10297 | 20
-4171524087554512506 | 93 | 3.10297 | 20
-8343048175109025011 | 94 | 3.10297 | 20
1760647723491501595 | 95 | 3.10297 | 20
3521295446983003190 | 96 | 3.10297 | 20
7042590893966006380 | 97 | 3.10297 | 20
-4361562285777538856 | 98 | 1.47598 | 12
-8723124571555077712 | 99 | 1.29013 | 11
1000494930599396192 | 100 | 1.29013 | 11
2000989861198792385 | 101 | 1.29013 | 11
4001979722397584770 | 102 | 1.29013 | 11
8003959444795169540 | 103 | 0.592715 | 9
8003959444795169541 | 103 | 6.52992 | 2
-8723124571555077711 | 99 | 4.63978e-310 | 1
-4361562285777538855 | 98 | 4.63978e-310 | 8
6396088516696767793 | 90 | 4.63978e-310 | 2
-5138177329194117893 | 83 | 4.63978e-310 | 1
318369882633072957 | 59 | 4.63978e-310 | 2
303621180185 | 39 | 7.05633 | 33
607242360371 | 40 | 7.05633 | 33
1214484720742 | 41 | 7.05633 | 33
2428969441484 | 42 | 4.63978e-310 | 8
2428969441485 | 42 | 7.05633 | 25
4857938882970 | 43 | 5.59582 | 18
9715877765940 | 44 | 5.59582 | 18
19431755531880 | 45 | 5.59582 | 18
38863511063760 | 46 | 5.59582 | 18
77727022127520 | 47 | 5.59582 | 18
155454044255040 | 48 | 5.59582 | 18
310908088510080 | 49 | 5.59582 | 18
621816177020160 | 50 | 2.81802 | 13
1243632354040320 | 51 | 6.90513e-310 | 10
1243632354040321 | 51 | 4.63978e-310 | 3
621816177020161 | 50 | 4.63978e-310 | 5
4857938882971 | 43 | 4.63978e-310 | 7
9488161881 | 34 | 3.40697 | 17
18976323763 | 35 | 3.40697 | 17
37952647526 | 36 | 3.40697 | 17
75905295052 | 37 | 4.63978e-310 | 4
75905295053 | 37 | 3.40697 | 13
151810590107 | 38 | 3.40697 | 13
303621180215 | 39 | 3.40697 | 13
607242360431 | 40 | 3.40697 | 13
1214484720862 | 41 | 3.40697 | 13
2428969441724 | 42 | 2.40756 | 6
2428969441725 | 42 | 5.40914 | 7
2372040471 | 32 | 4.63978e-310 | 8
1158223 | 21 | 9.4824 | 27
2316446 | 22 | 9.4824 | 27
4632892 | 23 | 9.4824 | 27
9265784 | 24 | 8.00353 | 23
18531568 | 25 | 8.00353 | 23
37063136 | 26 | 4.77426 | 18
74126273 | 27 | 4.77426 | 18
148252547 | 28 | 4.77426 | 18
296505094 | 29 | 4.63978e-310 | 3
296505095 | 29 | 3.71342 | 15
593010191 | 30 | 3.71342 | 15
1186020383 | 31 | 3.71342 | 15
2372040766 | 32 | 3.71342 | 15
4744081533 | 33 | 3.71342 | 15
9488163066 | 34 | 3.71342 | 15
18976326132 | 35 | 0 | 5
18976326133 | 35 | 4.14791 | 10
37063137 | 26 | 4.63978e-310 | 5
9265785 | 24 | 4.63978e-310 | 4
3 | 2 | 20.6938 | 347
6 | 3 | 20.6938 | 347
12 | 4 | 20.6938 | 347
25 | 5 | 20.6938 | 347
50 | 6 | 6.38295 | 61
100 | 7 | 6.38295 | 57
200 | 8 | 6.38295 | 57
401 | 9 | 6.38295 | 57
803 | 10 | 6.38295 | 57
1607 | 11 | 6.38295 | 57
3214 | 12 | 5.58964 | 50
6428 | 13 | 5.58964 | 50
12856 | 14 | 5.58964 | 50
25712 | 15 | 5.58964 | 50
51425 | 16 | 5.58964 | 50
102850 | 17 | 5.58964 | 50
205701 | 18 | 5.58964 | 50
411402 | 19 | 5.58964 | 50
822804 | 20 | 5.58964 | 50
1645609 | 21 | 5.58964 | 50
3291219 | 22 | 5.58964 | 50
6582438 | 23 | 5.20586 | 41
13164876 | 24 | 5.20586 | 41
26329753 | 25 | 5.20586 | 41
52659506 | 26 | 5.20586 | 41
105319013 | 27 | 5.20586 | 41
210638026 | 28 | 5.20586 | 39
421276053 | 29 | 5.20586 | 39
842552107 | 30 | 5.20586 | 39
1685104214 | 31 | 5.20586 | 39
3370208428 | 32 | 5.20586 | 39
6740416856 | 33 | 4.13636 | 32
13480833712 | 34 | 4.13636 | 32
26961667424 | 35 | 4.13636 | 30
53923334848 | 36 | 4.13636 | 30
107846669697 | 37 | 4.13636 | 30
215693339395 | 38 | 4.13636 | 30
431386678790 | 39 | 2.93473 | 17
862773357580 | 40 | 1.71117 | 2
862773357581 | 40 | 2.06728 | 15
1725546715163 | 41 | 2.06728 | 15
3451093430326 | 42 | 2.06728 | 15
6902186860652 | 43 | 2.06728 | 15
13804373721305 | 44 | 2.06728 | 15
27608747442610 | 45 | 2.06728 | 15
55217494885220 | 46 | 2.06728 | 15
110434989770441 | 47 | 2.06728 | 15
220869979540882 | 48 | 1.31468 | 2
220869979540883 | 48 | 2.03586 | 13
441739959081767 | 49 | 2.03586 | 13
883479918163535 | 50 | 2.03586 | 13
1766959836327071 | 51 | 2.03586 | 13
3533919672654143 | 52 | 2.03586 | 13
7067839345308286 | 53 | 84.4086 | 2
7067839345308287 | 53 | 1.51091 | 11
14135678690616574 | 54 | 1.51091 | 11
28271357381233148 | 55 | 1.51091 | 11
56542714762466296 | 56 | 1.51091 | 11
113085429524932592 | 57 | 1.51091 | 11
226170859049865184 | 58 | 1.51091 | 11
452341718099730369 | 59 | 1.51091 | 11
904683436199460738 | 60 | 1.51091 | 11
1809366872398921476 | 61 | 1.51091 | 11
3618733744797842953 | 62 | 1.51091 | 11
7237467489595685906 | 63 | 1.51091 | 11
-3971809094518179804 | 64 | 0.0990325 | 9
-3971809094518179803 | 64 | 4.26786 | 2
431386678791 | 39 | 1.9376 | 13
862773357582 | 40 | 1.9376 | 13
1725546715165 | 41 | 1.9376 | 13
3451093430331 | 42 | 1.9376 | 13
6902186860663 | 43 | 1.9376 | 13
13804373721327 | 44 | 1.9376 | 13
27608747442654 | 45 | 1.9376 | 13
55217494885309 | 46 | 1.9376 | 13
110434989770618 | 47 | 3.98844 | 8
110434989770619 | 47 | 2.2477 | 5
26961667425 | 35 | 4.63978e-310 | 2
6740416857 | 33 | 4.63978e-310 | 7
210638027 | 28 | 4.63978e-310 | 2
6582439 | 23 | 4.63978e-310 | 9
3215 | 12 | 4.63978e-310 | 7
101 | 7 | 4.63978e-310 | 4
51 | 6 | 16.1439 | 286
102 | 7 | 16.1439 | 286
205 | 8 | 16.1439 | 286
410 | 9 | 12.0115 | 241
821 | 10 | 12.0115 | 241
1643 | 11 | 12.0115 | 241
3286 | 12 | 12.0115 | 241
6572 | 13 | 12.0115 | 241
13145 | 14 | 12.0115 | 241
26290 | 15 | 12.0115 | 241
52580 | 16 | 12.0115 | 241
105161 | 17 | 12.0115 | 241
210323 | 18 | 12.0115 | 241
420646 | 19 | 12.0115 | 241
841293 | 20 | 12.0115 | 241
1682587 | 21 | 12.0115 | 241
3365175 | 22 | 12.0115 | 241
6730350 | 23 | 12.0115 | 241
13460700 | 24 | 6.0389 | 20
26921401 | 25 | 6.0389 | 20
53842802 | 26 | 6.0389 | 20
107685604 | 27 | 6.0389 | 20
215371208 | 28 | 6.0389 | 20
430742416 | 29 | 4.63978e-310 | 3
430742417 | 29 | 4.55783 | 17
861484835 | 30 | 4.55783 | 17
1722969670 | 31 | 4.55783 | 17
3445939340 | 32 | 4.55783 | 17
6891878681 | 33 | 4.55783 | 17
13783757363 | 34 | 4.55783 | 17
27567514726 | 35 | 6.90513e-310 | 1
27567514727 | 35 | 3.73346 | 16
55135029454 | 36 | 3.73346 | 16
110270058908 | 37 | 3.73346 | 16
220540117816 | 38 | 3.73346 | 16
441080235633 | 39 | 3.73346 | 16
882160471267 | 40 | 3.73346 | 16
1764320942535 | 41 | 3.73346 | 16
3528641885071 | 42 | 3.73346 | 16
7057283770143 | 43 | 3.73346 | 16
14114567540286 | 44 | 3.73346 | 16
28229135080573 | 45 | 3.73346 | 16
56458270161147 | 46 | 3.73346 | 16
112916540322294 | 47 | 3.73346 | 16
225833080644588 | 48 | 3.73346 | 16
451666161289176 | 49 | 1.63042e-322 | 2
451666161289177 | 49 | 2.6194 | 14
903332322578355 | 50 | 2.6194 | 14
1806664645156710 | 51 | 2.6194 | 11
3613329290313420 | 52 | 3.41063 | 9
3613329290313421 | 52 | 0 | 2
1806664645156711 | 51 | 4.63978e-310 | 3
13460701 | 24 | 11.3493 | 221
26921402 | 25 | 11.3493 | 221
53842804 | 26 | 5.37403 | 20
107685608 | 27 | 5.37403 | 20
215371216 | 28 | 5.37403 | 20
430742433 | 29 | 5.37403 | 20
861484866 | 30 | 2.70521 | 11
1722969733 | 31 | 2.70521 | 11
3445939466 | 32 | 2.70521 | 11
6891878932 | 33 | 2.70521 | 11
13783757865 | 34 | 2.70521 | 11
27567515731 | 35 | 2.70521 | 11
55135031462 | 36 | 3.67407 | 2
55135031463 | 36 | 0.0139042 | 9
861484867 | 30 | 4.63978e-310 | 9
53842805 | 26 | 11.1354 | 201
107685611 | 27 | 11.1354 | 201
215371222 | 28 | 11.1354 | 201
430742445 | 29 | 11.1354 | 201
861484891 | 30 | 11.1354 | 201
1722969782 | 31 | 11.1354 | 201
3445939564 | 32 | 10.0583 | 96
6891879129 | 33 | 10.0583 | 96
13783758258 | 34 | 10.0583 | 96
27567516516 | 35 | 10.0583 | 96
55135033032 | 36 | 4.48704 | 21
110270066064 | 37 | 4.48704 | 21
220540132129 | 38 | 4.48704 | 21
441080264258 | 39 | 4.36052 | 14
882160528516 | 40 | 3.87809 | 3
882160528517 | 40 | 3.64113 | 11
1764321057034 | 41 | 3.64113 | 11
3528642114068 | 42 | 3.64113 | 11
7057284228136 | 43 | 3.64113 | 11
14114568456273 | 44 | 3.64113 | 11
28229136912546 | 45 | 2.40365 | 4
28229136912547 | 45 | 0.233959 | 7
441080264259 | 39 | 4.63978e-310 | 7
55135033033 | 36 | 8.25482 | 75
110270066066 | 37 | 4.63978e-310 | 2
110270066067 | 37 | 7.37054 | 73
220540132134 | 38 | 7.37054 | 73
441080264268 | 39 | 4.63978e-310 | 8
441080264269 | 39 | 6.62907 | 65
882160528539 | 40 | 6.62907 | 65
1764321057078 | 41 | 6.62907 | 65
3528642114156 | 42 | 6.62907 | 65
7057284228313 | 43 | 6.62907 | 65
14114568456626 | 44 | 6.62907 | 60
28229136913252 | 45 | 6.62907 | 60
56458273826504 | 46 | 6.39142 | 50
112916547653008 | 47 | 6.39142 | 50
225833095306017 | 48 | 6.39142 | 50
451666190612034 | 49 | 6.39142 | 50
903332381224068 | 50 | 6.39142 | 50
1806664762448136 | 51 | 3.88939 | 32
3613329524896272 | 52 | 3.88939 | 32
7226659049792545 | 53 | 3.88939 | 32
14453318099585091 | 54 | 3.88939 | 32
28906636199170183 | 55 | 3.88939 | 32
57813272398340367 | 56 | 3.88939 | 32
115626544796680734 | 57 | 3.88939 | 32
231253089593361468 | 58 | 3.78231 | 31
462506179186722936 | 59 | 3.78231 | 31
925012358373445872 | 60 | 3.78231 | 31
1850024716746891745 | 61 | 3.78231 | 31
3700049433493783491 | 62 | 3.78231 | 31
7400098866987566982 | 63 | 3.2169 | 26
-3646546339734417651 | 64 | 3.2169 | 26
-7293092679468835301 | 65 | 3.2169 | 26
3860558714771881014 | 66 | 3.2169 | 26
7721117429543762028 | 67 | 2.89882 | 16
-3004509214622027560 | 68 | 2.89882 | 16
-6009018429244055120 | 69 | 4.63978e-310 | 3
-6009018429244055119 | 69 | 2.03422 | 13
6428707215221441378 | 70 | 2.03422 | 13
-5589329643266668860 | 71 | 2.03422 | 13
7268084787176213897 | 72 | 2.03422 | 13
-3910574499357123822 | 73 | 2.03422 | 13
-7821148998714247643 | 74 | 2.03422 | 13
2804446076281056330 | 75 | 2.03422 | 13
5608892152562112660 | 76 | 2.03422 | 13
-7228959768585326296 | 77 | 2.03422 | 12
3988824536538899024 | 78 | 2.03422 | 12
7977649073077798048 | 79 | 2.03422 | 12
-2491445927553955519 | 80 | 2.03422 | 12
-4982891855107911037 | 81 | 2.03422 | 12
8480960363493729542 | 82 | 1.63042e-322 | 4
8480960363493729543 | 82 | 3.31417 | 8
-7228959768585326295 | 77 | 4.63978e-310 | 1
7721117429543762029 | 67 | 4.63978e-310 | 10
7400098866987566983 | 63 | 4.63978e-310 | 5
231253089593361469 | 58 | 4.63978e-310 | 1
1806664762448137 | 51 | 3.16832 | 18
3613329524896275 | 52 | 3.16832 | 18
7226659049792550 | 53 | 2.91191 | 17
14453318099585100 | 54 | 4.63978e-310 | 8
14453318099585101 | 54 | 4.63978e-310 | 9
7226659049792551 | 53 | 4.63978e-310 | 1
56458273826505 | 46 | 4.63978e-310 | 10
14114568456627 | 44 | 4.63978e-310 | 5
3445939565 | 32 | 9.12225 | 105
6891879130 | 33 | 2.96129 | 30
13783758260 | 34 | 2.96129 | 30
27567516521 | 35 | 2.96129 | 30
55135033043 | 36 | 2.96129 | 30
110270066086 | 37 | 2.96129 | 30
220540132173 | 38 | 2.96129 | 30
441080264347 | 39 | 2.96129 | 30
882160528695 | 40 | 2.96129 | 30
1764321057390 | 41 | 2.96129 | 30
3528642114781 | 42 | 2.96129 | 30
7057284229563 | 43 | 2.96129 | 30
14114568459126 | 44 | 2.73795 | 21
28229136918252 | 45 | 2.64945 | 20
56458273836504 | 46 | 2.64945 | 20
112916547673008 | 47 | 2.64945 | 20
225833095346016 | 48 | 1.75327 | 11
451666190692032 | 49 | 1.75327 | 11
903332381384065 | 50 | 1.75327 | 11
1806664762768131 | 51 | 1.75327 | 11
3613329525536262 | 52 | 1.75327 | 11
7226659051072524 | 53 | 1.75327 | 11
14453318102145049 | 54 | 1.75327 | 11
28906636204290099 | 55 | 1.75327 | 11
57813272408580198 | 56 | 2.0751 | 10
57813272408580199 | 56 | 0.255404 | 1
225833095346017 | 48 | 4.63978e-310 | 9
28229136918253 | 45 | 4.63978e-310 | 1
14114568459127 | 44 | 4.63978e-310 | 9
6891879131 | 33 | 7.05585 | 75
13783758262 | 34 | 7.05585 | 75
27567516524 | 35 | 7.05585 | 75
55135033048 | 36 | 7.05585 | 75
110270066096 | 37 | 4.3148 | 20
220540132193 | 38 | 4.3148 | 20
441080264386 | 39 | 4.63978e-310 | 8
441080264387 | 39 | 2.00563 | 12
882160528774 | 40 | 2.00563 | 12
1764321057548 | 41 | 4.63978e-310 | 6
1764321057549 | 41 | 0.775628 | 6
110270066097 | 37 | 5.92125 | 55
220540132195 | 38 | 5.92125 | 55
441080264391 | 39 | 5.92125 | 55
882160528782 | 40 | 5.54907 | 21
1764321057564 | 41 | 5.54907 | 21
3528642115128 | 42 | 4.63978e-310 | 5
3528642115129 | 42 | 3.91787 | 16
7057284230258 | 43 | 3.91787 | 16
14114568460517 | 44 | 3.91787 | 16
28229136921035 | 45 | 3.91787 | 16
56458273842070 | 46 | 3.91787 | 16
112916547684140 | 47 | 3.66991 | 15
225833095368280 | 48 | 3.66991 | 15
451666190736561 | 49 | 3.66991 | 15
903332381473122 | 50 | 3.62143 | 13
1806664762946244 | 51 | 3.62143 | 13
3613329525892488 | 52 | 3.62143 | 13
7226659051784977 | 53 | 3.62143 | 13
14453318103569954 | 54 | 3.62143 | 13
28906636207139909 | 55 | 3.62143 | 13
57813272414279818 | 56 | 3.62143 | 13
115626544828559636 | 57 | 3.62143 | 13
231253089657119273 | 58 | 3.62143 | 13
462506179314238547 | 59 | 3.62143 | 13
925012358628477095 | 60 | 3.62143 | 13
1850024717256954191 | 61 | 3.62143 | 13
3700049434513908382 | 62 | 3.62143 | 13
7400098869027816765 | 63 | 3.62143 | 13
-3646546335653918086 | 64 | 3.62143 | 13
-7293092671307836172 | 65 | 3.62143 | 13
3860558731093879272 | 66 | 3.62143 | 13
7721117462187758544 | 67 | 3.62143 | 13
-3004509149334034528 | 68 | 1.37149 | 1
-3004509149334034527 | 68 | 3.62143 | 12
-6009018298668069054 | 69 | 3.62143 | 12
6428707476373413508 | 70 | 3.62143 | 12
-5589329120962724600 | 71 | 3.62143 | 12
7268085831784102416 | 72 | 3.62143 | 12
-3910572410141346783 | 73 | 3.62143 | 12
-7821144820282693566 | 74 | 4.63978e-310 | 5
-7821144820282693565 | 74 | 2.48262 | 7
903332381473123 | 50 | 4.63978e-310 | 2
112916547684141 | 47 | 4.63978e-310 | 1
882160528783 | 40 | 4.31267 | 34
1764321057567 | 41 | 4.31267 | 34
3528642115134 | 42 | 3.25311 | 30
7057284230269 | 43 | 3.25311 | 30
14114568460538 | 44 | 3.25311 | 30
28229136921076 | 45 | 4.63978e-310 | 3
28229136921077 | 45 | 2.96946 | 27
56458273842154 | 46 | 4.63978e-310 | 2
56458273842155 | 46 | 2.96946 | 25
112916547684311 | 47 | 2.96946 | 25
225833095368623 | 48 | 2.96946 | 25
451666190737247 | 49 | 2.96946 | 25
903332381474495 | 50 | 2.96946 | 25
1806664762948990 | 51 | 2.96946 | 25
3613329525897981 | 52 | 2.96946 | 25
7226659051795963 | 53 | 2.96946 | 25
14453318103591926 | 54 | 2.93009 | 24
28906636207183852 | 55 | 2.93009 | 24
57813272414367704 | 56 | 4.63978e-310 | 10
57813272414367705 | 56 | 2.77441 | 14
115626544828735411 | 57 | 2.77441 | 14
231253089657470822 | 58 | 2.77441 | 14
462506179314941645 | 59 | 2.77441 | 14
925012358629883291 | 60 | 2.77441 | 14
1850024717259766582 | 61 | 2.77441 | 12
3700049434519533165 | 62 | 2.77441 | 12
7400098869039066331 | 63 | 2.77441 | 12
-3646546335631418953 | 64 | 2.77441 | 12
-7293092671262837906 | 65 | 2.77441 | 12
3860558731183875805 | 66 | 2.77441 | 12
7721117462367751611 | 67 | 2.77441 | 12
-3004509148974048394 | 68 | 2.77441 | 12
-6009018297948096788 | 69 | 2.77441 | 12
6428707477813358041 | 70 | 2.77441 | 12
-5589329118082835533 | 71 | 2.77441 | 12
7268085837543880551 | 72 | 2.77441 | 12
-3910572398621790513 | 73 | 2.77441 | 12
-7821144797243581025 | 74 | 2.77441 | 12
2804454479222389566 | 75 | 2.77441 | 12
5608908958444779133 | 76 | 2.77441 | 12
-7228926156819993350 | 77 | 2.77441 | 12
3988891760069564916 | 78 | 2.77441 | 12
7977783520139129832 | 79 | 4.63978e-310 | 9
7977783520139129833 | 79 | 1.35393 | 3
1850024717259766583 | 61 | 4.63978e-310 | 2
14453318103591927 | 54 | 4.63978e-310 | 1
3528642115135 | 42 | 4.63978e-310 | 4
411 | 9 | 7.55271 | 45
823 | 10 | 7.55271 | 45
1647 | 11 | 7.55271 | 45
3295 | 12 | 7.55271 | 45
6590 | 13 | 4.63978e-310 | 9
6591 | 13 | 6.29848 | 36
13182 | 14 | 6.29848 | 36
26365 | 15 | 6.29848 | 36
52731 | 16 | 6.29848 | 36
105463 | 17 | 6.29848 | 36
210927 | 18 | 6.29848 | 36
421854 | 19 | 6.29848 | 36
843708 | 20 | 6.29848 | 35
1687417 | 21 | 6.29848 | 35
3374834 | 22 | 11.0195 | 9
3374835 | 22 | 4.49106 | 26
6749670 | 23 | 4.49106 | 26
13499340 | 24 | 23.2845 | 9
13499341 | 24 | 3.0903 | 17
26998682 | 25 | 2.58556 | 16
53997364 | 26 | 2.58556 | 16
107994728 | 27 | 4.63978e-310 | 8
107994729 | 27 | 4.63978e-310 | 8
26998683 | 25 | 4.63978e-310 | 1
843709 | 20 | 4.63978e-310 | 1
