ID | Depth | diameter | Number of points
0 | 0 | 29.316 | 1600
0 | 1 | 29.316 | 1600
0 | 2 | 29.316 | 1600
0 | 3 | 29.316 | 1600
0 | 4 | 29.316 | 1600
0 | 5 | 29.316 | 1600
0 | 6 | 23.9315 | 161
0 | 7 | 23.9315 | 161
0 | 8 | 23.9315 | 161
0 | 9 | 23.9315 | 161
0 | 10 | 21.6491 | 110
1 | 11 | 21.6491 | 110
2 | 12 | 21.6491 | 110
5 | 13 | 21.6491 | 110
11 | 14 | 21.6491 | 110
23 | 15 | 21.6491 | 110
46 | 16 | 21.6491 | 110
92 | 17 | 19.1104 | 85
185 | 18 | 19.1104 | 85
370 | 19 | 19.1104 | 85
740 | 20 | 19.1104 | 85
1481 | 21 | 19.1104 | 85
2962 | 22 | 4.63978e-310 | 1
2963 | 22 | 16.8297 | 84
5926 | 23 | 16.8297 | 84
11852 | 24 | 16.8297 | 84
23704 | 25 | 16.8297 | 84
47408 | 26 | 16.8297 | 84
94817 | 27 | 16.8297 | 84
189634 | 28 | 16.8297 | 84
379268 | 29 | 16.8297 | 84
758536 | 30 | 16.8297 | 84
1517073 | 31 | 16.8297 | 84
3034146 | 32 | 16.8297 | 84
6068292 | 33 | 16.8297 | 84
12136585 | 34 | 16.8297 | 84
24273171 | 35 | 16.8297 | 84
48546343 | 36 | 16.8297 | 84
97092686 | 37 | 16.8297 | 84
194185372 | 38 | 16.8297 | 84
388370745 | 39 | 16.8297 | 84
776741490 | 40 | 10.5755 | 14
1553482980 | 41 | 6.90513e-310 | 2
1553482981 | 41 | 8.06957 | 12
3106965962 | 42 | 4.63978e-310 | 4
3106965963 | 42 | 22.8878 | 8
776741491 | 40 | 12.3086 | 70
1553482982 | 41 | 12.3086 | 70
3106965964 | 42 | 12.3086 | 70
6213931928 | 43 | 12.3086 | 70
12427863857 | 44 | 12.3086 | 70
24855727714 | 45 | 12.3086 | 70
49711455429 | 46 | 12.3086 | 70
99422910858 | 47 | 8.76694 | 41
198845821716 | 48 | 6.90513e-310 | 3
198845821717 | 48 | 7.57262 | 38
397691643434 | 49 | 7.57262 | 38
795383286868 | 50 | 7.57262 | 38
1590766573736 | 51 | 7.57262 | 38
3181533147472 | 52 | 7.57262 | 38
6363066294944 | 53 | 0.944346 | 10
6363066294945 | 53 | 4.7216 | 28
12726132589890 | 54 | 4.7216 | 28
25452265179781 | 55 | 4.7216 | 28
50904530359562 | 56 | 4.7216 | 28
101809060719125 | 57 | 4.7216 | 28
203618121438251 | 58 | 4.7216 | 28
407236242876502 | 59 | 4.7216 | 28
814472485753004 | 60 | 4.7216 | 28
1628944971506008 | 61 | 4.7216 | 28
3257889943012017 | 62 | 4.7216 | 28
6515779886024034 | 63 | 4.7216 | 28
13031559772048068 | 64 | 4.7216 | 28
26063119544096136 | 65 | 4.7216 | 28
52126239088192273 | 66 | 4.7216 | 28
104252478176384546 | 67 | 4.7216 | 28
208504956352769093 | 68 | 4.7216 | 28
417009912705538186 | 69 | 4.7216 | 28
834019825411076373 | 70 | 4.7216 | 28
1668039650822152746 | 71 | 4.7216 | 28
3336079301644305492 | 72 | 4.7216 | 28
6672158603288610985 | 73 | 4.7216 | 28
-5102426867132329645 | 74 | 4.7216 | 28
8241890339444892327 | 75 | 4.7216 | 28
-1962963394819766962 | 76 | 4.7216 | 28
-3925926789639533923 | 77 | 4.7216 | 28
-7851853579279067846 | 78 | 4.7216 | 28
2743036915151415925 | 79 | 4.7216 | 28
5486073830302831851 | 80 | 4.7216 | 28
-7474596413103887913 | 81 | 4.7216 | 28
3497551247501775791 | 82 | 4.7216 | 28
6995102495003551582 | 83 | 4.7216 | 28
-4456539083702448452 | 84 | 4.7216 | 28
-8913078167404896904 | 85 | 4.7216 | 28
620587738899757809 | 86 | 4.7216 | 28
1241175477799515618 | 87 | 4.7216 | 28
2482350955599031237 | 88 | 4.7216 | 28
4964701911198062475 | 89 | 4.7216 | 28
-8517340251313426666 | 90 | 4.7216 | 28
1412063571082698284 | 91 | 3.81812 | 24
2824127142165396568 | 92 | 3.81812 | 24
5648254284330793136 | 93 | 3.81812 | 24
-7150235505047965343 | 94 | 3.81812 | 24
4146273063613620930 | 95 | 3.81812 | 24
8292546127227241860 | 96 | 3.81812 | 24
-1861651819255067896 | 97 | 3.06825 | 19
-3723303638510135792 | 98 | 3.06825 | 19
-7446607277020271584 | 99 | 3.06825 | 19
3553529519669008449 | 100 | 3.06825 | 19
7107059039338016899 | 101 | 3.06825 | 19
-4232625995033517817 | 102 | 3.06825 | 19
-8465251990067035633 | 103 | 3.06825 | 19
1516240093575480351 | 104 | 3.06825 | 19
3032480187150960702 | 105 | 6.90513e-310 | 5
3032480187150960703 | 105 | 2.94792 | 14
6064960374301921407 | 106 | 2.94792 | 14
-6316823325105708802 | 107 | 2.94792 | 14
5813097423498134012 | 108 | 2.94792 | 14
-6820549226713283592 | 109 | 2.94792 | 14
4805645620282984433 | 110 | 2.94792 | 14
-8835452833143582749 | 111 | 2.94792 | 14
775838407422386119 | 112 | 2.94792 | 14
1551676814844772239 | 113 | 2.94792 | 14
3103353629689544478 | 114 | 2.94792 | 14
6206707259379088957 | 115 | 2.94792 | 14
-6033329554951373702 | 116 | 2.94792 | 14
6380084963806804212 | 117 | 2.94792 | 14
-5686574146095943192 | 118 | 2.94792 | 14
7073595781517665232 | 119 | 2.94792 | 14
-4299552510674221151 | 120 | 2.94792 | 14
-8599105021348442301 | 121 | 2.94792 | 14
1248534031012667014 | 122 | 2.94792 | 14
2497068062025334028 | 123 | 2.94792 | 14
4994136124050668057 | 124 | 2.94792 | 14
-8458471825608215502 | 125 | 2.94792 | 14
1529800422493120612 | 126 | 2.94792 | 14
3059600844986241224 | 127 | 2.94792 | 14
6119201689972482448 | 128 | 4.63978e-310 | 3
6119201689972482449 | 128 | 2.14241 | 11
-6208340693764586718 | 129 | 2.14241 | 11
6030062686180378180 | 130 | 2.14241 | 11
-6386618701348795256 | 131 | 2.14241 | 11
5673506671011961104 | 132 | 2.14241 | 11
-7099730731685629407 | 133 | 2.14241 | 11
4247282610338292802 | 134 | 2.14241 | 11
8494565220676585604 | 135 | 2.14241 | 11
-1457613632356380408 | 136 | 1.63042e-322 | 7
-1457613632356380407 | 136 | 1.63042e-322 | 4
-1861651819255067895 | 97 | 4.63978e-310 | 5
1412063571082698285 | 91 | 4.63978e-310 | 4
99422910859 | 47 | 8.13309 | 29
198845821718 | 48 | 8.13309 | 29
397691643436 | 49 | 8.13309 | 29
795383286873 | 50 | 8.13309 | 29
1590766573746 | 51 | 8.13309 | 29
3181533147493 | 52 | 8.13309 | 29
6363066294986 | 53 | 4.63978e-310 | 2
6363066294987 | 53 | 8.13309 | 27
12726132589974 | 54 | 8.13309 | 27
25452265179948 | 55 | 4.63978e-310 | 2
25452265179949 | 55 | 7.84283 | 25
50904530359899 | 56 | 7.84283 | 25
101809060719798 | 57 | 7.84283 | 25
203618121439597 | 58 | 7.84283 | 25
407236242879195 | 59 | 7.84283 | 25
814472485758390 | 60 | 7.59451 | 18
1628944971516781 | 61 | 7.59451 | 18
3257889943033563 | 62 | 7.59451 | 18
6515779886067126 | 63 | 7.59451 | 18
13031559772134252 | 64 | 7.59451 | 18
26063119544268505 | 65 | 7.59451 | 18
52126239088537011 | 66 | 7.59451 | 18
104252478177074022 | 67 | 7.59451 | 18
208504956354148045 | 68 | 7.59451 | 18
417009912708296091 | 69 | 7.59451 | 18
834019825416592183 | 70 | 7.59451 | 18
1668039650833184366 | 71 | 7.59451 | 18
3336079301666368732 | 72 | 7.59451 | 18
6672158603332737464 | 73 | 7.59451 | 18
-5102426867044076688 | 74 | 5.88651 | 13
8241890339621398240 | 75 | 5.88651 | 13
-1962963394466755136 | 76 | 5.88651 | 13
-3925926788933510271 | 77 | 5.88651 | 13
-7851853577867020541 | 78 | 5.88651 | 13
2743036917975510534 | 79 | 5.88651 | 13
5486073835951021069 | 80 | 5.88651 | 13
-7474596401807509478 | 81 | 5.88651 | 13
3497551270094532661 | 82 | 5.88651 | 13
6995102540189065323 | 83 | 5.88651 | 13
-4456538993331420969 | 84 | 5.88651 | 13
-8913077986662841938 | 85 | 5.88651 | 13
620588100383867740 | 86 | 5.88651 | 13
1241176200767735480 | 87 | 4.63978e-310 | 4
1241176200767735481 | 87 | 4.63978e-310 | 9
-5102426867044076687 | 74 | 4.63978e-310 | 5
814472485758391 | 60 | 4.63978e-310 | 7
93 | 17 | 8.34932 | 25
186 | 18 | 8.34932 | 25
372 | 19 | 8.34932 | 25
744 | 20 | 8.34932 | 25
1489 | 21 | 8.34932 | 25
2979 | 22 | 8.34932 | 25
5959 | 23 | 8.34932 | 25
11919 | 24 | 8.34932 | 25
23839 | 25 | 8.34932 | 25
47679 | 26 | 8.34932 | 25
95359 | 27 | 8.34932 | 25
190718 | 28 | 8.34932 | 25
381436 | 29 | 8.34932 | 24
762873 | 30 | 8.34932 | 24
1525746 | 31 | 8.34932 | 24
3051493 | 32 | 8.34932 | 24
6102987 | 33 | 8.34932 | 24
12205974 | 34 | 8.34932 | 24
24411948 | 35 | 8.34932 | 24
48823896 | 36 | 8.34932 | 24
97647792 | 37 | 4.0112 | 11
195295585 | 38 | 4.0112 | 11
390591171 | 39 | 4.0112 | 11
781182343 | 40 | 4.0112 | 11
1562364686 | 41 | 4.63978e-310 | 9
1562364687 | 41 | 4.63978e-310 | 2
97647793 | 37 | 4.49623 | 13
195295587 | 38 | 4.49623 | 13
390591175 | 39 | 4.49623 | 13
781182350 | 40 | 4.49623 | 13
1562364701 | 41 | 4.49623 | 13
3124729403 | 42 | 4.49623 | 13
6249458806 | 43 | 4.49623 | 13
12498917612 | 44 | 4.49623 | 13
24997835224 | 45 | 4.49623 | 13
49995670448 | 46 | 4.30622 | 12
99991340896 | 47 | 4.30622 | 12
199982681793 | 48 | 4.30622 | 12
399965363586 | 49 | 4.30622 | 12
799930727172 | 50 | 4.30622 | 12
1599861454345 | 51 | 4.30622 | 12
3199722908690 | 52 | 4.30622 | 12
6399445817380 | 53 | 4.30622 | 12
12798891634760 | 54 | 1.63042e-322 | 4
12798891634761 | 54 | 1.63042e-322 | 8
49995670449 | 46 | 4.63978e-310 | 1
381437 | 29 | 4.63978e-310 | 1
1 | 10 | 9.24756 | 51
2 | 11 | 4.63978e-310 | 10
3 | 11 | 6.88244 | 41
6 | 12 | 5.6541 | 27
12 | 13 | 5.6541 | 27
25 | 14 | 5.6541 | 27
50 | 15 | 5.6541 | 27
100 | 16 | 5.6541 | 27
201 | 17 | 5.6541 | 27
402 | 18 | 5.6541 | 27
804 | 19 | 5.6541 | 27
1609 | 20 | 5.6541 | 27
3219 | 21 | 5.6541 | 27
6439 | 22 | 5.6541 | 27
12878 | 23 | 5.64836 | 22
25756 | 24 | 5.64836 | 22
51512 | 25 | 4.63978e-310 | 4
51513 | 25 | 4.20394 | 18
103026 | 26 | 4.20394 | 18
206052 | 27 | 1.58101e-322 | 9
206053 | 27 | 1.58101e-322 | 9
12879 | 23 | 4.63978e-310 | 5
7 | 12 | 6.88244 | 14
14 | 13 | 6.88244 | 14
29 | 14 | 6.88244 | 14
59 | 15 | 6.88244 | 14
118 | 16 | 6.88244 | 14
236 | 17 | 6.88244 | 14
472 | 18 | 6.88244 | 14
945 | 19 | 6.88244 | 14
1891 | 20 | 6.88244 | 14
3783 | 21 | 6.88244 | 14
7566 | 22 | 6.88244 | 14
15133 | 23 | 6.88244 | 14
30267 | 24 | 6.88244 | 14
60534 | 25 | 6.88244 | 14
121068 | 26 | 6.88244 | 14
242136 | 27 | 6.88244 | 14
484272 | 28 | 1.58101e-322 | 4
484273 | 28 | 1.63042e-322 | 10
1 | 6 | 29.316 | 1439
2 | 7 | 29.316 | 1439
5 | 8 | 29.316 | 1439
11 | 9 | 29.316 | 1439
22 | 10 | 28.6686 | 1104
45 | 11 | 28.6686 | 1104
90 | 12 | 28.6686 | 1104
180 | 13 | 19.6008 | 158
360 | 14 | 16.1589 | 108
720 | 15 | 16.1589 | 108
1440 | 16 | 16.1589 | 108
2881 | 17 | 16.1589 | 108
5762 | 18 | 11.4388 | 68
11525 | 19 | 11.4388 | 68
23050 | 20 | 11.4388 | 68
46101 | 21 | 11.4388 | 68
92202 | 22 | 11.4388 | 68
184404 | 23 | 11.4388 | 68
368809 | 24 | 11.4388 | 68
737618 | 25 | 11.4388 | 68
1475236 | 26 | 11.4388 | 68
2950472 | 27 | 11.4388 | 68
5900944 | 28 | 11.4388 | 68
11801889 | 29 | 11.4388 | 68
23603779 | 30 | 11.4388 | 68
47207558 | 31 | 11.4388 | 68
94415116 | 32 | 11.3157 | 38
188830232 | 33 | 9.67259 | 28
377660464 | 34 | 9.67259 | 28
755320929 | 35 | 9.67259 | 28
1510641859 | 36 | 9.67259 | 28
3021283718 | 37 | 9.67259 | 28
6042567437 | 38 | 9.67259 | 28
12085134875 | 39 | 9.67259 | 28
24170269751 | 40 | 9.67259 | 28
48340539502 | 41 | 9.67259 | 28
96681079005 | 42 | 9.67259 | 28
193362158011 | 43 | 9.67259 | 28
386724316022 | 44 | 9.67259 | 28
773448632044 | 45 | 9.67259 | 28
1546897264089 | 46 | 9.67259 | 28
3093794528178 | 47 | 9.67259 | 28
6187589056356 | 48 | 9.67259 | 28
12375178112712 | 49 | 9.67259 | 28
24750356225424 | 50 | 9.67259 | 28
49500712450848 | 51 | 9.67259 | 28
99001424901696 | 52 | 9.67259 | 28
198002849803392 | 53 | 9.67259 | 28
396005699606784 | 54 | 9.67259 | 28
792011399213568 | 55 | 9.67259 | 28
1584022798427137 | 56 | 9.67259 | 28
3168045596854274 | 57 | 9.67259 | 28
6336091193708548 | 58 | 9.67259 | 28
12672182387417097 | 59 | 9.67259 | 28
25344364774834194 | 60 | 9.67259 | 28
50688729549668388 | 61 | 9.67259 | 28
101377459099336776 | 62 | 9.67259 | 28
202754918198673553 | 63 | 9.67259 | 28
405509836397347106 | 64 | 1.58101e-322 | 1
405509836397347107 | 64 | 5.59034 | 27
811019672794694215 | 65 | 5.59034 | 27
1622039345589388430 | 66 | 5.59034 | 27
3244078691178776860 | 67 | 5.59034 | 27
6488157382357553721 | 68 | 5.59034 | 27
-5470429308994444174 | 69 | 5.59034 | 27
7505885455720663269 | 70 | 5.59034 | 27
-3434973162268225078 | 71 | 3.21143e-322 | 1
-3434973162268225077 | 71 | 4.81495 | 26
-6869946324536450153 | 72 | 4.81495 | 26
4706851424636651310 | 73 | 1.63042e-322 | 5
4706851424636651311 | 73 | 3.86316 | 21
-9033041224436248994 | 74 | 1.58101e-322 | 8
-9033041224436248993 | 74 | 2.61212 | 13
380661624837053631 | 75 | 2.61212 | 13
761323249674107263 | 76 | 2.61212 | 13
1522646499348214526 | 77 | 19.8156 | 9
1522646499348214527 | 77 | 1.53219 | 4
188830233 | 33 | 4.63978e-310 | 10
94415117 | 32 | 7.05595 | 30
188830235 | 33 | 7.05595 | 30
377660471 | 34 | 7.05595 | 30
755320943 | 35 | 7.05595 | 30
1510641886 | 36 | 7.05595 | 30
3021283773 | 37 | 7.05595 | 30
6042567546 | 38 | 7.05595 | 30
12085135092 | 39 | 3.91496 | 14
24170270185 | 40 | 3.91496 | 14
48340540371 | 41 | 3.91496 | 14
96681080742 | 42 | 3.91496 | 14
193362161484 | 43 | 3.91496 | 14
386724322969 | 44 | 3.91496 | 14
773448645938 | 45 | 3.91496 | 14
1546897291876 | 46 | 3.91496 | 14
3093794583752 | 47 | 3.91496 | 14
6187589167504 | 48 | 2.41165 | 13
12375178335009 | 49 | 2.41165 | 13
24750356670019 | 50 | 2.41165 | 13
49500713340038 | 51 | 2.41165 | 13
99001426680076 | 52 | 2.41165 | 13
198002853360153 | 53 | 2.41165 | 13
396005706720307 | 54 | 2.41165 | 13
792011413440614 | 55 | 2.41165 | 13
1584022826881229 | 56 | 2.41165 | 13
3168045653762458 | 57 | 2.41165 | 13
6336091307524916 | 58 | 2.41165 | 13
12672182615049832 | 59 | 1.58101e-322 | 8
12672182615049833 | 59 | 1.63042e-322 | 5
6187589167505 | 48 | 4.63978e-310 | 1
12085135093 | 39 | 3.49398 | 16
24170270187 | 40 | 3.49398 | 16
48340540375 | 41 | 3.49398 | 16
96681080750 | 42 | 3.49398 | 16
193362161500 | 43 | 3.49398 | 16
386724323001 | 44 | 3.49398 | 16
773448646003 | 45 | 3.49398 | 16
1546897292006 | 46 | 3.49398 | 16
3093794584013 | 47 | 3.49398 | 16
6187589168026 | 48 | 1.63042e-322 | 3
6187589168027 | 48 | 3.0459 | 13
12375178336054 | 49 | 1.63042e-322 | 3
12375178336055 | 49 | 4.63978e-310 | 10
5763 | 18 | 12.3392 | 40
11526 | 19 | 12.3392 | 40
23052 | 20 | 4.59496 | 15
46104 | 21 | 4.59496 | 15
92208 | 22 | 27.7894 | 1
92209 | 22 | 4.59496 | 14
184419 | 23 | 4.59496 | 14
368838 | 24 | 4.59496 | 14
737677 | 25 | 4.59496 | 14
1475354 | 26 | 4.59496 | 14
2950708 | 27 | 4.59496 | 14
5901416 | 28 | 4.59496 | 14
11802832 | 29 | 4.59496 | 14
23605665 | 30 | 4.59496 | 14
47211330 | 31 | 4.59496 | 14
94422660 | 32 | 4.59496 | 14
188845321 | 33 | 4.59496 | 14
377690643 | 34 | 4.59496 | 14
755381287 | 35 | 4.59496 | 14
1510762574 | 36 | 1.58101e-322 | 2
1510762575 | 36 | 4.16994 | 12
3021525150 | 37 | 4.16994 | 12
6043050301 | 38 | 4.16994 | 12
12086100602 | 39 | 4.16994 | 12
24172201204 | 40 | 4.16994 | 12
48344402408 | 41 | 4.16994 | 12
96688804816 | 42 | 4.16994 | 12
193377609632 | 43 | 1.63042e-322 | 3
193377609633 | 43 | 1.63042e-322 | 9
23053 | 20 | 12.3392 | 25
46106 | 21 | 12.3392 | 25
92213 | 22 | 12.3392 | 25
184427 | 23 | 12.3392 | 25
368855 | 24 | 12.3392 | 25
737710 | 25 | 1.63042e-322 | 1
737711 | 25 | 11.4329 | 24
1475422 | 26 | 11.4329 | 24
2950844 | 27 | 11.4329 | 24
5901688 | 28 | 11.4329 | 24
11803376 | 29 | 9.93769 | 14
23606753 | 30 | 9.93769 | 14
47213507 | 31 | 9.93769 | 14
94427015 | 32 | 9.93769 | 14
188854030 | 33 | 1.63042e-322 | 10
188854031 | 33 | 1.63042e-322 | 4
11803377 | 29 | 1.63042e-322 | 10
361 | 14 | 8.50964 | 50
723 | 15 | 8.50964 | 50
1447 | 16 | 8.50964 | 50
2894 | 17 | 3.83069 | 17
5789 | 18 | 3.83069 | 17
11578 | 19 | 1.63042e-322 | 7
11579 | 19 | 1.63042e-322 | 10
2895 | 17 | 8.50964 | 33
5791 | 18 | 8.50964 | 33
11582 | 19 | 8.50964 | 33
23164 | 20 | 8.50964 | 33
46328 | 21 | 8.50964 | 29
92657 | 22 | 8.50964 | 29
185315 | 23 | 8.50964 | 29
370631 | 24 | 8.50964 | 29
741262 | 25 | 1.58101e-322 | 2
741263 | 25 | 3.388 | 27
1482527 | 26 | 3.388 | 27
2965055 | 27 | 3.388 | 27
5930111 | 28 | 3.388 | 27
11860222 | 29 | 3.388 | 27
23720444 | 30 | 3.388 | 27
47440889 | 31 | 3.388 | 27
94881778 | 32 | 3.388 | 27
189763556 | 33 | 3.388 | 27
379527113 | 34 | 3.388 | 27
759054227 | 35 | 3.388 | 27
1518108455 | 36 | 3.388 | 27
3036216911 | 37 | 3.388 | 27
6072433823 | 38 | 3.388 | 27
12144867646 | 39 | 3.388 | 27
24289735293 | 40 | 3.388 | 27
48579470586 | 41 | 1.63042e-322 | 6
48579470587 | 41 | 2.58858 | 21
97158941175 | 42 | 2.58858 | 21
194317882350 | 43 | 2.58858 | 21
388635764700 | 44 | 2.18008 | 13
777271529400 | 45 | 2.18008 | 13
1554543058800 | 46 | 1.58101e-322 | 2
1554543058801 | 46 | 1.63103 | 11
3109086117602 | 47 | 1.63103 | 11
6218172235205 | 48 | 1.63103 | 11
12436344470410 | 49 | 1.63103 | 11
24872688940820 | 50 | 1.63042e-322 | 2
24872688940821 | 50 | 1.63042e-322 | 9
388635764701 | 44 | 1.58101e-322 | 8
46329 | 21 | 1.63042e-322 | 4
181 | 13 | 26.0186 | 946
362 | 14 | 26.0186 | 946
725 | 15 | 26.0186 | 946
1450 | 16 | 26.0186 | 946
2900 | 17 | 26.0186 | 946
5800 | 18 | 25.0792 | 688
11601 | 19 | 25.0792 | 688
23202 | 20 | 25.0792 | 688
46404 | 21 | 25.0792 | 688
92809 | 22 | 25.0792 | 688
185618 | 23 | 25.0792 | 688
371237 | 24 | 25.0792 | 688
742475 | 25 | 25.0792 | 688
1484950 | 26 | 25.0792 | 688
2969901 | 27 | 25.0792 | 688
5939802 | 28 | 18.4724 | 66
11879604 | 29 | 18.4724 | 66
23759209 | 30 | 18.4724 | 66
47518418 | 31 | 17.9553 | 42
95036837 | 32 | 17.9553 | 42
190073675 | 33 | 17.9553 | 42
380147350 | 34 | 17.9553 | 42
760294700 | 35 | 17.9553 | 42
1520589400 | 36 | 17.9553 | 42
3041178800 | 37 | 17.9553 | 42
6082357601 | 38 | 17.9553 | 42
12164715203 | 39 | 17.9553 | 42
24329430407 | 40 | 17.9553 | 42
48658860814 | 41 | 17.9553 | 42
97317721629 | 42 | 17.9553 | 42
194635443258 | 43 | 17.9553 | 42
389270886517 | 44 | 17.9553 | 42
778541773035 | 45 | 17.9553 | 42
1557083546071 | 46 | 17.9553 | 42
3114167092142 | 47 | 17.9553 | 42
6228334184285 | 48 | 17.9553 | 42
12456668368570 | 49 | 17.9553 | 42
24913336737140 | 50 | 17.9553 | 42
49826673474281 | 51 | 17.9553 | 42
99653346948563 | 52 | 17.9553 | 42
199306693897126 | 53 | 17.9553 | 42
398613387794252 | 54 | 17.9553 | 42
797226775588504 | 55 | 17.9553 | 42
1594453551177008 | 56 | 17.9553 | 42
3188907102354017 | 57 | 17.9553 | 42
6377814204708034 | 58 | 17.9553 | 42
12755628409416068 | 59 | 7.95446e-322 | 1
12755628409416069 | 59 | 9.89695 | 41
25511256818832139 | 60 | 9.89695 | 41
51022513637664279 | 61 | 9.89695 | 41
102045027275328558 | 62 | 9.89695 | 41
204090054550657116 | 63 | 5.60077 | 17
408180109101314232 | 64 | 5.60077 | 17
816360218202628464 | 65 | 5.60077 | 17
1632720436405256929 | 66 | 5.60077 | 17
3265440872810513859 | 67 | 5.60077 | 17
6530881745621027718 | 68 | 4.63978e-310 | 9
6530881745621027719 | 68 | 0.319255 | 8
204090054550657117 | 63 | 4.07595 | 24
408180109101314235 | 64 | 4.07595 | 24
816360218202628470 | 65 | 4.07595 | 24
1632720436405256940 | 66 | 4.07595 | 24
3265440872810513880 | 67 | 4.07595 | 24
6530881745621027761 | 68 | 4.07595 | 24
-5384980582467496094 | 69 | 3.81443 | 23
7676782908774559428 | 70 | 3.81443 | 23
-3093178256160432759 | 71 | 3.81443 | 23
-6186356512320865518 | 72 | 3.81443 | 23
6074031049067820580 | 73 | 3.81443 | 23
-6298681975573910455 | 74 | 3.81443 | 23
5849380122561730706 | 75 | 2.98929 | 18
-6747983828586090203 | 76 | 2.98929 | 18
4950776416537371211 | 77 | 2.98929 | 18
-8545191240634809194 | 78 | 2.98929 | 18
1356361592439933228 | 79 | 2.98929 | 18
2712723184879866457 | 80 | 2.98929 | 18
5425446369759732914 | 81 | 2.98929 | 18
-7595851334190085788 | 82 | 2.98929 | 18
3255041405329380040 | 83 | 2.12543 | 14
6510082810658760080 | 84 | 2.12543 | 14
-5426578452392031455 | 85 | 2.12543 | 14
7593587168925488706 | 86 | 2.12543 | 14
-3259569735858574204 | 87 | 2.12543 | 14
-6519139471717148407 | 88 | 2.12543 | 14
5408465130275254802 | 89 | 1.7849 | 1
5408465130275254803 | 89 | 1.84041 | 13
-7629813813159042010 | 90 | 4.63978e-310 | 5
-7629813813159042009 | 90 | 1.58101e-322 | 8
3255041405329380041 | 83 | 4.63978e-310 | 4
5849380122561730707 | 75 | 4.63978e-310 | 5
-5384980582467496093 | 69 | 4.63978e-310 | 1
47518419 | 31 | 8.14334 | 24
95036838 | 32 | 8.14334 | 24
190073677 | 33 | 8.14334 | 24
380147354 | 34 | 8.14334 | 24
760294708 | 35 | 4.27785 | 11
1520589416 | 36 | 4.27785 | 11
3041178833 | 37 | 4.27785 | 11
6082357667 | 38 | 4.27785 | 11
12164715335 | 39 | 4.27785 | 11
24329430671 | 40 | 4.27785 | 11
48658861342 | 41 | 4.27785 | 11
97317722685 | 42 | 4.27785 | 11
194635445370 | 43 | 4.27785 | 11
389270890740 | 44 | 4.63978e-310 | 5
389270890741 | 44 | 4.63978e-310 | 6
760294709 | 35 | 3.59466 | 13
1520589418 | 36 | 3.59466 | 13
3041178836 | 37 | 3.59466 | 13
6082357672 | 38 | 3.59466 | 13
12164715345 | 39 | 3.59466 | 13
24329430691 | 40 | 3.59466 | 13
48658861382 | 41 | 3.59466 | 13
97317722765 | 42 | 3.59466 | 13
194635445531 | 43 | 3.59466 | 13
389270891062 | 44 | 3.59466 | 13
778541782125 | 45 | 3.59466 | 13
1557083564250 | 46 | 3.59466 | 13
3114167128501 | 47 | 3.59466 | 13
6228334257003 | 48 | 3.59466 | 13
12456668514006 | 49 | 3.59466 | 13
24913337028013 | 50 | 3.59466 | 13
49826674056026 | 51 | 2.33816 | 12
99653348112053 | 52 | 2.33816 | 12
199306696224106 | 53 | 1.22019 | 10
199306696224107 | 53 | 0.504198 | 2
49826674056027 | 51 | 4.63978e-310 | 1
5939803 | 28 | 20.0108 | 622
11879606 | 29 | 17.5606 | 542
23759212 | 30 | 17.5606 | 542
47518424 | 31 | 9.46609 | 84
95036849 | 32 | 9.46609 | 84
190073699 | 33 | 9.46609 | 84
380147398 | 34 | 9.46609 | 84
760294797 | 35 | 9.46609 | 84
1520589594 | 36 | 9.46609 | 84
3041179189 | 37 | 9.46609 | 84
6082358378 | 38 | 9.46609 | 84
12164716756 | 39 | 9.46609 | 84
24329433513 | 40 | 9.46609 | 84
48658867027 | 41 | 9.46609 | 84
97317734054 | 42 | 9.46609 | 84
194635468109 | 43 | 9.46609 | 84
389270936219 | 44 | 9.46609 | 84
778541872438 | 45 | 9.46609 | 84
1557083744877 | 46 | 9.46609 | 84
3114167489755 | 47 | 9.46609 | 84
6228334979511 | 48 | 9.46609 | 84
12456669959022 | 49 | 9.46609 | 84
24913339918045 | 50 | 9.46609 | 84
49826679836091 | 51 | 9.46609 | 84
99653359672182 | 52 | 9.46609 | 84
199306719344365 | 53 | 9.46609 | 84
398613438688731 | 54 | 9.46609 | 84
797226877377462 | 55 | 9.46609 | 84
1594453754754924 | 56 | 3.15854 | 27
3188907509509848 | 57 | 3.15854 | 27
6377815019019696 | 58 | 3.15854 | 27
12755630038039393 | 59 | 3.15854 | 27
25511260076078786 | 60 | 3.15854 | 26
51022520152157572 | 61 | 2.8463 | 22
102045040304315144 | 62 | 9.97635 | 8
102045040304315145 | 62 | 1.6603 | 14
204090080608630290 | 63 | 1.6603 | 14
408180161217260580 | 64 | 1.6603 | 14
816360322434521161 | 65 | 1.6603 | 14
1632720644869042322 | 66 | 1.6603 | 14
3265441289738084644 | 67 | 6.57013 | 5
3265441289738084645 | 67 | 0.1372 | 9
51022520152157573 | 61 | 4.63978e-310 | 4
25511260076078787 | 60 | 4.63978e-310 | 1
1594453754754925 | 56 | 7.73984 | 57
3188907509509850 | 57 | 7.73984 | 57
6377815019019700 | 58 | 7.73984 | 57
12755630038039400 | 59 | 7.16787 | 8
12755630038039401 | 59 | 5.35509 | 49
25511260076078802 | 60 | 5.35509 | 49
51022520152157605 | 61 | 5.35509 | 49
102045040304315211 | 62 | 5.35509 | 49
204090080608630422 | 63 | 5.35509 | 49
408180161217260845 | 64 | 5.35509 | 49
816360322434521691 | 65 | 5.35509 | 49
1632720644869043383 | 66 | 5.35509 | 49
3265441289738086766 | 67 | 5.35509 | 49
6530882579476173533 | 68 | 5.35509 | 49
-5384978914757204549 | 69 | 5.35509 | 49
7676786244195142518 | 70 | 5.35509 | 49
-3093171585319266579 | 71 | 5.35509 | 49
-6186343170638533158 | 72 | 5.35509 | 49
6074057732432485301 | 73 | 5.35509 | 49
-6298628608844581014 | 74 | 5.35509 | 49
5849486856020389588 | 75 | 4.44575 | 48
-6747770361668772440 | 76 | 2.72048 | 16
4951203350372006736 | 77 | 2.72048 | 16
-8544337372965538144 | 78 | 1.76437 | 9
-8544337372965538143 | 78 | 2.2815 | 7
-6747770361668772439 | 76 | 3.92164 | 32
4951203350372006738 | 77 | 1.49697 | 17
-8544337372965538139 | 78 | 1.49697 | 17
1358069327778475339 | 79 | 1.49697 | 17
2716138655556950678 | 80 | 1.49697 | 17
5432277311113901356 | 81 | 1.49697 | 17
-7582189451481748904 | 82 | 1.49697 | 17
3282365170746053809 | 83 | 1.49697 | 17
6564730341492107618 | 84 | 1.49697 | 17
-5317283390725336379 | 85 | 1.49697 | 17
7812177292258878859 | 86 | 1.49697 | 17
-2822389489191793897 | 87 | 1.49697 | 17
-5644778978383587794 | 88 | 1.49697 | 17
7157186116942376028 | 89 | 1.49697 | 17
-4132371839824799559 | 90 | 1.49697 | 17
-8264743679649599117 | 91 | 1.49697 | 17
1917256714410353382 | 92 | 1.49697 | 17
3834513428820706764 | 93 | 1.49697 | 17
7669026857641413528 | 94 | 0.242446 | 7
7669026857641413529 | 94 | 0.504011 | 10
4951203350372006739 | 77 | 2.20045 | 15
-8544337372965538137 | 78 | 2.20045 | 15
1358069327778475342 | 79 | 4.63978e-310 | 6
1358069327778475343 | 79 | 4.63978e-310 | 9
5849486856020389589 | 75 | 4.63978e-310 | 1
47518425 | 31 | 17.5606 | 458
95036850 | 32 | 17.5606 | 458
190073701 | 33 | 17.5606 | 458
380147403 | 34 | 17.5606 | 458
760294807 | 35 | 17.5606 | 458
1520589615 | 36 | 17.5606 | 458
3041179231 | 37 | 17.5606 | 458
6082358462 | 38 | 17.5606 | 458
12164716924 | 39 | 17.5606 | 458
24329433848 | 40 | 17.5606 | 458
48658867696 | 41 | 17.5606 | 458
97317735393 | 42 | 17.5606 | 458
194635470787 | 43 | 17.5606 | 458
389270941574 | 44 | 17.5606 | 458
778541883149 | 45 | 17.5606 | 458
1557083766299 | 46 | 17.5606 | 458
3114167532598 | 47 | 17.5606 | 458
6228335065197 | 48 | 17.5606 | 458
12456670130394 | 49 | 17.5606 | 458
24913340260788 | 50 | 3.42458 | 7
24913340260789 | 50 | 16.1969 | 451
49826680521578 | 51 | 14.7038 | 413
99653361043156 | 52 | 14.7038 | 413
199306722086312 | 53 | 14.7038 | 413
398613444172625 | 54 | 14.7038 | 413
797226888345250 | 55 | 14.7038 | 413
1594453776690501 | 56 | 14.7038 | 413
3188907553381002 | 57 | 14.2755 | 345
6377815106762004 | 58 | 14.2755 | 345
12755630213524008 | 59 | 14.2755 | 345
25511260427048017 | 60 | 14.2755 | 345
51022520854096034 | 61 | 14.2755 | 345
102045041708192069 | 62 | 14.2755 | 345
204090083416384138 | 63 | 14.2755 | 345
408180166832768277 | 64 | 14.2755 | 345
816360333665536554 | 65 | 13.0235 | 261
1632720667331073108 | 66 | 13.0235 | 261
3265441334662146217 | 67 | 13.0235 | 261
6530882669324292434 | 68 | 13.0235 | 261
-5384978735060966748 | 69 | 13.0235 | 261
7676786603587618120 | 70 | 13.0235 | 261
-3093170866534315376 | 71 | 13.0235 | 261
-6186341733068630751 | 72 | 13.0235 | 261
6074060607572290115 | 73 | 13.0235 | 261
-6298622858564971386 | 74 | 13.0235 | 261
5849498356579608845 | 75 | 13.0235 | 261
-6747747360550333926 | 76 | 13.0235 | 261
4951249352608883765 | 77 | 13.0235 | 261
-8544245368491784086 | 78 | 13.0235 | 261
1358253336725983444 | 79 | 13.0235 | 261
2716506673451966888 | 80 | 13.0235 | 261
5433013346903933777 | 81 | 13.0235 | 261
-7580717379901684062 | 82 | 6.90513e-310 | 8
-7580717379901684061 | 82 | 12.6935 | 253
3285309313906183494 | 83 | 12.6935 | 253
6570618627812366989 | 84 | 12.6935 | 253
-5305506818084817638 | 85 | 12.6935 | 253
7835730437539916340 | 86 | 0 | 1
7835730437539916341 | 86 | 10.6427 | 252
-2775283198629718933 | 87 | 10.6427 | 252
-5550566397259437865 | 88 | 10.6427 | 252
7345611279190675887 | 89 | 10.6427 | 252
-3755521515328199842 | 90 | 10.6427 | 252
-7511043030656399683 | 91 | 10.6427 | 252
3424658012396752250 | 92 | 10.6427 | 252
6849316024793504501 | 93 | 10.6427 | 252
-4748112024122542613 | 94 | 10.6427 | 252
8950520025464466390 | 95 | 10.6427 | 252
-545704022780618836 | 96 | 10.6427 | 252
-1091408045561237671 | 97 | 10.6427 | 252
-2182816091122475341 | 98 | 10.6427 | 252
-4365632182244950682 | 99 | 10.6427 | 252
-8731264364489901364 | 100 | 10.6427 | 252
984215344729748889 | 101 | 10.6427 | 252
1968430689459497779 | 102 | 10.6427 | 252
3936861378918995559 | 103 | 10.6427 | 252
7873722757837991118 | 104 | 7.64557 | 12
-2699298558033569379 | 105 | 7.64557 | 12
-5398597116067138757 | 106 | 7.64557 | 12
7649549841575274103 | 107 | 7.64557 | 12
-3147644390559003410 | 108 | 4.63978e-310 | 2
-3147644390559003409 | 108 | 4.63978e-310 | 10
7873722757837991119 | 104 | 9.91301 | 240
-2699298558033569377 | 105 | 9.91301 | 240
-5398597116067138754 | 106 | 9.91301 | 240
7649549841575274109 | 107 | 9.91301 | 240
-3147644390559003398 | 108 | 8.18258 | 181
-6295288781118006795 | 109 | 8.18258 | 181
5856166511473538026 | 110 | 8.18258 | 181
-6734411050762475564 | 111 | 8.18258 | 175
4977921972184600489 | 112 | 8.18258 | 175
-8490900129340350637 | 113 | 8.18258 | 175
1464943815028850342 | 114 | 8.18258 | 175
2929887630057700684 | 115 | 6.12859 | 67
5859775260115401369 | 116 | 6.12859 | 67
-6727193553478748878 | 117 | 6.12859 | 67
4992356966752053860 | 118 | 6.12859 | 67
-8462030140205443895 | 119 | 6.12859 | 67
1522683793298663826 | 120 | 6.12859 | 67
3045367586597327653 | 121 | 6.12859 | 67
6090735173194655307 | 122 | 6.12859 | 67
-6265273727320241002 | 123 | 6.12859 | 67
5916196619069069613 | 124 | 6.12859 | 67
-6614350835571412390 | 125 | 3.05695 | 39
5218042402566726836 | 126 | 2.52017 | 15
-8010659268576097944 | 127 | 2.52017 | 15
2425425536557355728 | 128 | 2.52017 | 15
4850851073114711456 | 129 | 2.52017 | 15
-8745041927480128704 | 130 | 2.52017 | 15
956660218749294209 | 131 | 2.52017 | 15
1913320437498588419 | 132 | 2.52017 | 15
3826640874997176839 | 133 | 2.52017 | 15
7653281749994353679 | 134 | 2.52017 | 15
-3140180573720844258 | 135 | 5.12387 | 5
-3140180573720844257 | 135 | 3.05032 | 10
5218042402566726837 | 126 | 2.55675 | 24
-8010659268576097942 | 127 | 4.63978e-310 | 6
-8010659268576097941 | 127 | 2.10041 | 18
2425425536557355735 | 128 | 2.10041 | 18
4850851073114711470 | 129 | 2.10041 | 18
-8745041927480128676 | 130 | 2.10041 | 18
956660218749294265 | 131 | 2.10041 | 18
1913320437498588530 | 132 | 2.10041 | 18
3826640874997177060 | 133 | 3.77267 | 7
3826640874997177061 | 133 | 1.36459 | 11
7653281749994354123 | 134 | 1.36459 | 11
-3140180573720843370 | 135 | 1.36459 | 11
-6280361147441686739 | 136 | 1.36459 | 11
5886021778826178138 | 137 | 1.36459 | 11
-6674700516057195339 | 138 | 1.36459 | 11
5097343041595160938 | 139 | 1.36459 | 11
-8252057990519229740 | 140 | 1.36459 | 11
1942628092671092136 | 141 | 1.36459 | 11
3885256185342184272 | 142 | 1.36459 | 11
7770512370684368544 | 143 | 1.36459 | 11
-2905719332340814527 | 144 | 1.36459 | 11
-5811438664681629054 | 145 | 1.52702 | 10
-5811438664681629053 | 145 | 14.2177 | 1
-6614350835571412389 | 125 | 3.0157 | 28
5218042402566726838 | 126 | 3.0157 | 28
-8010659268576097940 | 127 | 2.52316 | 20
2425425536557355737 | 128 | 2.52316 | 20
4850851073114711474 | 129 | 2.06451 | 14
-8745041927480128667 | 130 | 2.06451 | 14
956660218749294282 | 131 | 2.06451 | 14
1913320437498588565 | 132 | 2.06451 | 14
3826640874997177130 | 133 | 0.679062 | 5
3826640874997177131 | 133 | 1.98938 | 9
4850851073114711475 | 129 | 4.63978e-310 | 6
-8010659268576097939 | 127 | 4.63978e-310 | 8
2929887630057700685 | 115 | 6.41969 | 108
5859775260115401370 | 116 | 6.41969 | 108
-6727193553478748876 | 117 | 4.23072 | 70
4992356966752053864 | 118 | 4.23072 | 70
-8462030140205443887 | 119 | 4.23072 | 70
1522683793298663842 | 120 | 4.23072 | 70
3045367586597327684 | 121 | 4.23072 | 70
6090735173194655369 | 122 | 4.23072 | 70
-6265273727320240878 | 123 | 4.23072 | 70
5916196619069069861 | 124 | 4.23072 | 70
-6614350835571411894 | 125 | 4.23072 | 70
5218042402566727829 | 126 | 4.23072 | 70
-8010659268576095958 | 127 | 3.55585 | 31
2425425536557359700 | 128 | 3.55585 | 31
4850851073114719400 | 129 | 4.22394 | 8
4850851073114719401 | 129 | 2.14127 | 23
-8745041927480112813 | 130 | 2.14127 | 23
956660218749325991 | 131 | 2.14127 | 23
1913320437498651983 | 132 | 2.14127 | 23
3826640874997303967 | 133 | 2.14127 | 23
7653281749994607934 | 134 | 2.14127 | 23
-3140180573720335747 | 135 | 2.14127 | 23
-6280361147440671494 | 136 | 2.14127 | 23
5886021778828208628 | 137 | 2.14127 | 23
-6674700516053134360 | 138 | 2.08059 | 20
5097343041603282896 | 139 | 2.08059 | 20
-8252057990502985824 | 140 | 0.396819 | 1
-8252057990502985823 | 140 | 1.76794 | 19
1942628092703579970 | 141 | 1.76794 | 18
3885256185407159941 | 142 | 1.76794 | 18
7770512370814319882 | 143 | 1.76794 | 18
-2905719332080911851 | 144 | 1.76794 | 18
-5811438664161823702 | 145 | 1.76794 | 13
6823866745385904213 | 146 | 1.76794 | 13
-4799010582937743189 | 147 | 1.76794 | 13
8848722907834065239 | 148 | 1.76794 | 13
-749298258041421138 | 149 | 1.76794 | 13
-1498596516082842276 | 150 | 1.76794 | 13
-2997193032165684552 | 151 | 1.76794 | 13
-5994386064331369104 | 152 | 1.14982 | 11
6457971945046813408 | 153 | 1.14982 | 11
-5530800183615924800 | 154 | 1.14982 | 11
7385143706477702016 | 155 | 1.14982 | 11
-3676456660754147584 | 156 | 1.72131 | 4
-3676456660754147583 | 156 | 0.438966 | 7
-5994386064331369103 | 152 | 4.63978e-310 | 2
-5811438664161823701 | 145 | 4.63978e-310 | 5
1942628092703579971 | 141 | 4.63978e-310 | 1
-6674700516053134359 | 138 | 4.63978e-310 | 3
-8010659268576095957 | 127 | 3.03155 | 39
2425425536557359703 | 128 | 3.03155 | 39
4850851073114719407 | 129 | 3.03155 | 39
-8745041927480112801 | 130 | 3.03155 | 39
956660218749326014 | 131 | 2.90613 | 26
1913320437498652028 | 132 | 2.42969 | 18
3826640874997304056 | 133 | 0.253993 | 3
3826640874997304057 | 133 | 1.74938 | 15
7653281749994608114 | 134 | 1.74938 | 15
-3140180573720335388 | 135 | 1.74938 | 15
-6280361147440670775 | 136 | 1.74938 | 15
5886021778828210066 | 137 | 1.74938 | 15
-6674700516053131484 | 138 | 0.410387 | 9
-6674700516053131483 | 138 | 1.97633 | 6
1913320437498652029 | 132 | 4.63978e-310 | 8
956660218749326015 | 131 | 1.1813 | 13
1913320437498652031 | 132 | 1.1813 | 13
3826640874997304063 | 133 | 1.1813 | 13
7653281749994608127 | 134 | 1.1813 | 13
-3140180573720335362 | 135 | 1.09491 | 12
-6280361147440670724 | 136 | 1.09491 | 12
5886021778828210169 | 137 | 1.09491 | 12
-6674700516053131277 | 138 | 1.09491 | 12
5097343041603289063 | 139 | 1.09491 | 12
-8252057990502973490 | 140 | 1.09491 | 12
1942628092703604636 | 141 | 0.853889 | 8
1942628092703604637 | 141 | 2.90288 | 4
-3140180573720335361 | 135 | 4.63978e-310 | 1
-6727193553478748875 | 117 | 6.41969 | 38
4992356966752053866 | 118 | 6.41969 | 38
-8462030140205443884 | 119 | 6.41969 | 38
1522683793298663849 | 120 | 6.41969 | 38
3045367586597327699 | 121 | 6.41969 | 38
6090735173194655398 | 122 | 6.41969 | 38
-6265273727320240819 | 123 | 6.41969 | 38
5916196619069069978 | 124 | 6.41969 | 38
-6614350835571411660 | 125 | 6.41969 | 38
5218042402566728296 | 126 | 6.41969 | 38
-8010659268576095024 | 127 | 1.63042e-322 | 9
-8010659268576095023 | 127 | 3.79341 | 29
2425425536557361570 | 128 | 3.79341 | 29
4850851073114723140 | 129 | 3.79341 | 29
-8745041927480105336 | 130 | 3.79341 | 29
956660218749340945 | 131 | 3.79341 | 29
1913320437498681891 | 132 | 3.79341 | 29
3826640874997363783 | 133 | 3.79341 | 29
7653281749994727567 | 134 | 3.79341 | 29
-3140180573720096481 | 135 | 3.79341 | 29
-6280361147440192962 | 136 | 5.71257 | 1
-6280361147440192961 | 136 | 3.78684 | 28
5886021778829165694 | 137 | 3.78684 | 28
-6674700516051220228 | 138 | 3.78684 | 28
5097343041607111160 | 139 | 3.78684 | 28
-8252057990495329295 | 140 | 3.78684 | 28
1942628092718893026 | 141 | 3.78684 | 28
3885256185437786053 | 142 | 3.78684 | 28
7770512370875572107 | 143 | 3.78684 | 28
-2905719331958407401 | 144 | 3.78684 | 28
-5811438663916814802 | 145 | 3.28288 | 22
6823866745875922012 | 146 | 3.28288 | 22
-4799010581957707592 | 147 | 3.28288 | 22
8848722909794136433 | 148 | 3.28288 | 22
-749298254121278749 | 149 | 3.28288 | 22
-1498596508242557498 | 150 | 3.28288 | 22
-2997193016485114996 | 151 | 3.13859 | 9
-2997193016485114995 | 151 | 1.98398 | 13
-5994386032970229990 | 152 | 2.31588 | 8
-5994386032970229989 | 152 | 4.63978e-310 | 5
-5811438663916814801 | 145 | 4.63978e-310 | 6
-6734411050762475563 | 111 | 4.63978e-310 | 6
-3147644390559003397 | 108 | 6.92141 | 59
-6295288781118006794 | 109 | 6.92141 | 59
5856166511473538028 | 110 | 2.94863 | 23
-6734411050762475560 | 111 | 1.47598 | 11
4977921972184600496 | 112 | 6.90513e-310 | 4
4977921972184600497 | 112 | 1.63042e-322 | 7
-6734411050762475559 | 111 | 1.72865 | 12
4977921972184600499 | 112 | 1.72865 | 12
-8490900129340350618 | 113 | 1.72865 | 12
1464943815028850381 | 114 | 1.72865 | 12
2929887630057700763 | 115 | 1.72865 | 12
5859775260115401526 | 116 | 1.60317 | 11
-6727193553478748564 | 117 | 0 | 5
-6727193553478748563 | 117 | 2.89572 | 6
5859775260115401527 | 116 | 4.63978e-310 | 1
5856166511473538029 | 110 | 5.52237 | 36
-6734411050762475558 | 111 | 4.63978e-310 | 2
-6734411050762475557 | 111 | 5.52237 | 34
4977921972184600502 | 112 | 5.52237 | 34
-8490900129340350612 | 113 | 3.60045 | 19
1464943815028850392 | 114 | 2.85272 | 12
2929887630057700785 | 115 | 2.85272 | 12
5859775260115401571 | 116 | 2.85272 | 12
-6727193553478748473 | 117 | 2.85272 | 12
4992356966752054670 | 118 | 2.85272 | 12
-8462030140205442276 | 119 | 2.85272 | 12
1522683793298667064 | 120 | 2.85272 | 12
3045367586597334128 | 121 | 2.85272 | 12
6090735173194668257 | 122 | 2.85272 | 12
-6265273727320215102 | 123 | 2.85272 | 12
5916196619069121412 | 124 | 7.76358 | 7
5916196619069121413 | 124 | 7.33292 | 5
1464943815028850393 | 114 | 4.63978e-310 | 7
-8490900129340350611 | 113 | 2.31479 | 15
1464943815028850394 | 114 | 2.31479 | 15
2929887630057700788 | 115 | 2.31479 | 15
5859775260115401576 | 116 | 2.31479 | 15
-6727193553478748463 | 117 | 2.31479 | 15
4992356966752054690 | 118 | 2.31479 | 15
-8462030140205442235 | 119 | 2.31479 | 15
1522683793298667146 | 120 | 2.31479 | 11
3045367586597334292 | 121 | 4.63978e-310 | 9
3045367586597334293 | 121 | 31.0732 | 2
1522683793298667147 | 120 | 17.3769 | 4
816360333665536555 | 65 | 10.3943 | 84
1632720667331073110 | 66 | 10.3943 | 77
3265441334662146221 | 67 | 10.3943 | 77
6530882669324292443 | 68 | 10.3943 | 77
-5384978735060966730 | 69 | 10.3943 | 77
7676786603587618156 | 70 | 10.3943 | 77
-3093170866534315303 | 71 | 10.3943 | 77
-6186341733068630606 | 72 | 10.3943 | 77
6074060607572290404 | 73 | 4.32683 | 63
-6298622858564970808 | 74 | 4.32683 | 63
5849498356579610001 | 75 | 4.32683 | 63
-6747747360550331613 | 76 | 4.32683 | 63
4951249352608888391 | 77 | 4.32683 | 63
-8544245368491774834 | 78 | 4.32683 | 63
1358253336726001948 | 79 | 3.25145 | 12
2716506673452003896 | 80 | 1.66154 | 11
5433013346904007792 | 81 | 1.66154 | 11
-7580717379901536031 | 82 | 1.66154 | 11
3285309313906479555 | 83 | 1.66154 | 11
6570618627812959110 | 84 | 1.66154 | 11
-5305506818083633395 | 85 | 1.66154 | 11
7835730437542284827 | 86 | 1.66154 | 11
-2775283198624981962 | 87 | 1.66154 | 11
-5550566397249963924 | 88 | 1.66154 | 11
7345611279209623769 | 89 | 1.66154 | 11
-3755521515290304078 | 90 | 1.87239 | 6
-3755521515290304077 | 90 | 0.0598035 | 5
2716506673452003897 | 80 | 4.63978e-310 | 1
1358253336726001949 | 79 | 3.90852 | 51
2716506673452003899 | 80 | 3.90852 | 51
5433013346904007799 | 81 | 3.90852 | 51
-7580717379901536017 | 82 | 3.90852 | 51
3285309313906479583 | 83 | 3.90852 | 51
6570618627812959166 | 84 | 3.90852 | 51
-5305506818083633284 | 85 | 3.90852 | 51
7835730437542285048 | 86 | 3.90852 | 51
-2775283198624981520 | 87 | 3.90852 | 51
-5550566397249963040 | 88 | 3.90852 | 51
7345611279209625536 | 89 | 3.7623 | 35
-3755521515290300544 | 90 | 3.7623 | 35
-7511043030580601087 | 91 | 3.7623 | 35
3424658012548349443 | 92 | 3.7623 | 35
6849316025096698887 | 93 | 3.7623 | 35
-4748112023516153842 | 94 | 3.7623 | 35
8950520026677243932 | 95 | 3.7623 | 12
-545704020355063752 | 96 | 8.88325 | 9
-545704020355063751 | 96 | 1.10228 | 3
8950520026677243933 | 95 | 3.16264 | 23
-545704020355063749 | 96 | 3.16264 | 23
-1091408040710127497 | 97 | 3.16264 | 23
-2182816081420254994 | 98 | 3.16264 | 23
-4365632162840509988 | 99 | 3.16264 | 23
-8731264325681019975 | 100 | 3.16264 | 23
984215422347511667 | 101 | 3.16264 | 23
1968430844695023335 | 102 | 3.16264 | 23
3936861689390046670 | 103 | 3.16264 | 23
7873723378780093341 | 104 | 3.16264 | 23
-2699297316149364934 | 105 | 0 | 7
-2699297316149364933 | 105 | 1.44411 | 16
-5398594632298729865 | 106 | 1.44411 | 16
7649554809112091886 | 107 | 1.44411 | 16
-3147634455485367844 | 108 | 1.28325 | 14
-6295268910970735688 | 109 | 1.28325 | 14
5856206251768080240 | 110 | 1.28325 | 14
-6734331570173391136 | 111 | 1.28325 | 14
4978080933362769345 | 112 | 1.28325 | 14
-8490582206984012925 | 113 | 1.28325 | 14
1465579659741525767 | 114 | 1.28325 | 14
2931159319483051535 | 115 | 1.28325 | 14
5862318638966103070 | 116 | 1.28325 | 14
-6722106795777345476 | 117 | 1.28325 | 14
5002530482154860664 | 118 | 1.28325 | 14
-8441683109399830287 | 119 | 1.28325 | 14
1563377854909891042 | 120 | 1.28325 | 11
3126755709819782085 | 121 | 1.28325 | 11
6253511419639564170 | 122 | 1.28325 | 11
-5939721234430423276 | 123 | 1.28325 | 11
6567301604848705065 | 124 | 1.28325 | 11
-5312140864012141485 | 125 | 1.28325 | 11
7822462345685268647 | 126 | 1.28325 | 11
-2801819382339014321 | 127 | 1.28325 | 11
-5603638764678028641 | 128 | 1.28325 | 11
7239466544353494335 | 129 | 1.28325 | 11
-3967810985002562946 | 130 | 1.28325 | 11
-7935621970005125891 | 131 | 1.28325 | 11
2575500133699299835 | 132 | 1.28325 | 11
5151000267398599670 | 133 | 1.28325 | 11
-8144743538912352275 | 134 | 1.28325 | 11
2157256995884847066 | 135 | 4.74797e-321 | 2
2157256995884847067 | 135 | 6.90513e-310 | 9
1563377854909891043 | 120 | 4.63978e-310 | 3
-3147634455485367843 | 108 | 4.63978e-310 | 2
7345611279209625537 | 89 | 2.77207 | 16
-3755521515290300542 | 90 | 4.63978e-310 | 2
-3755521515290300541 | 90 | 2.51218 | 14
-7511043030580601082 | 91 | 4.63978e-310 | 10
-7511043030580601081 | 91 | 4.63978e-310 | 4
6074060607572290405 | 73 | 5.94995 | 14
-6298622858564970805 | 74 | 5.94995 | 14
5849498356579610006 | 75 | 5.94995 | 14
-6747747360550331603 | 76 | 5.94995 | 14
4951249352608888411 | 77 | 5.94995 | 14
-8544245368491774794 | 78 | 2.87868 | 12
1358253336726002028 | 79 | 4.63978e-310 | 9
1358253336726002029 | 79 | 4.63978e-310 | 3
-8544245368491774793 | 78 | 4.63978e-310 | 2
1632720667331073111 | 66 | 4.63978e-310 | 7
3188907553381003 | 57 | 12.5753 | 68
6377815106762007 | 58 | 12.5753 | 68
12755630213524014 | 59 | 12.5753 | 68
25511260427048028 | 60 | 12.5753 | 68
51022520854096057 | 61 | 12.5753 | 68
102045041708192114 | 62 | 12.5753 | 68
204090083416384228 | 63 | 12.5753 | 68
408180166832768456 | 64 | 3.9143 | 24
816360333665536913 | 65 | 3.9143 | 24
1632720667331073826 | 66 | 3.9143 | 24
3265441334662147653 | 67 | 3.9143 | 24
6530882669324295307 | 68 | 3.9143 | 24
-5384978735060961002 | 69 | 3.9143 | 24
7676786603587629613 | 70 | 3.9143 | 24
-3093170866534292390 | 71 | 2.22539 | 21
-6186341733068584780 | 72 | 2.22539 | 21
6074060607572382056 | 73 | 2.22539 | 21
-6298622858564787504 | 74 | 2.22539 | 21
5849498356579976608 | 75 | 2.22539 | 21
-6747747360549598399 | 76 | 2.22539 | 21
4951249352610354819 | 77 | 2.22539 | 21
-8544245368488841978 | 78 | 2.22539 | 21
1358253336731867661 | 79 | 2.22539 | 21
2716506673463735322 | 80 | 1.96821 | 20
5433013346927470645 | 81 | 1.96821 | 20
-7580717379854610326 | 82 | 1.96821 | 20
3285309314000330964 | 83 | 1.96821 | 20
6570618628000661929 | 84 | 1.96821 | 20
-5305506817708227757 | 85 | 1.96821 | 20
7835730438293096102 | 86 | 1.96821 | 20
-2775283197123359412 | 87 | 1.88574 | 19
-5550566394246718824 | 88 | 1.88574 | 19
7345611285216113969 | 89 | 1.88574 | 19
-3755521503277323678 | 90 | 0.704025 | 9
-3755521503277323677 | 90 | 0.108426 | 10
-2775283197123359411 | 87 | 4.63978e-310 | 1
2716506673463735323 | 80 | 4.63978e-310 | 1
-3093170866534292389 | 71 | 4.63978e-310 | 3
408180166832768457 | 64 | 9.03287 | 44
816360333665536914 | 65 | 4.63978e-310 | 5
816360333665536915 | 65 | 6.42248 | 39
1632720667331073831 | 66 | 6.42248 | 39
3265441334662147663 | 67 | 6.42248 | 39
6530882669324295326 | 68 | 6.42248 | 39
-5384978735060960964 | 69 | 6.42248 | 39
7676786603587629688 | 70 | 6.42248 | 39
-3093170866534292240 | 71 | 6.42248 | 39
-6186341733068584480 | 72 | 6.42248 | 39
6074060607572382656 | 73 | 6.42248 | 39
-6298622858564786303 | 74 | 6.42248 | 39
5849498356579979011 | 75 | 6.42248 | 39
-6747747360549593593 | 76 | 6.42248 | 39
4951249352610364431 | 77 | 6.42248 | 39
-8544245368488822754 | 78 | 6.42248 | 39
1358253336731906109 | 79 | 6.42248 | 39
2716506673463812218 | 80 | 6.42248 | 39
5433013346927624437 | 81 | 6.42248 | 39
-7580717379854302741 | 82 | 6.42248 | 39
3285309314000946134 | 83 | 4.04515 | 16
6570618628001892268 | 84 | 0.262154 | 4
6570618628001892269 | 84 | 4.04515 | 12
-5305506817705767078 | 85 | 4.04515 | 12
7835730438298017460 | 86 | 2.76193 | 11
-2775283197113516695 | 87 | 2.76193 | 11
-5550566394227033390 | 88 | 2.76193 | 11
7345611285255484836 | 89 | 2.76193 | 11
-3755521503198581944 | 90 | 13.6994 | 9
-3755521503198581943 | 90 | 7.77506 | 2
7835730438298017461 | 86 | 4.63978e-310 | 1
3285309314000946135 | 83 | 2.44951 | 23
6570618628001892270 | 84 | 2.44951 | 21
-5305506817705767075 | 85 | 2.44951 | 21
7835730438298017467 | 86 | 2.44951 | 21
-2775283197113516682 | 87 | 2.44951 | 21
-5550566394227033364 | 88 | 2.44951 | 21
7345611285255484888 | 89 | 2.44951 | 21
-3755521503198581840 | 90 | 2.44951 | 21
-7511043006397163679 | 91 | 2.44951 | 21
3424658060915224258 | 92 | 2.44951 | 21
6849316121830448516 | 93 | 3.09322 | 1
6849316121830448517 | 93 | 1.96605 | 20
-4748111830048654582 | 94 | 1.96605 | 20
8950520413612242453 | 95 | 1.96605 | 20
-545703246485066709 | 96 | 1.96605 | 20
-1091406492970133418 | 97 | 1.96605 | 20
-2182812985940266836 | 98 | 2.02332 | 9
-2182812985940266835 | 98 | 1.33766 | 11
-4365625971880533669 | 99 | 1.33766 | 11
-8731251943761067337 | 100 | 1.33766 | 11
984240186187416942 | 101 | 0.396415 | 8
984240186187416943 | 101 | 1.1523 | 3
6570618628001892271 | 84 | 4.63978e-310 | 2
49826680521579 | 51 | 9.77608 | 38
99653361043159 | 52 | 9.77608 | 38
199306722086319 | 53 | 9.77608 | 38
398613444172639 | 54 | 9.77608 | 38
797226888345279 | 55 | 9.77608 | 38
1594453776690558 | 56 | 9.77608 | 38
3188907553381116 | 57 | 9.77608 | 38
6377815106762232 | 58 | 9.77608 | 38
12755630213524464 | 59 | 8.73171 | 36
25511260427048929 | 60 | 8.73171 | 36
51022520854097859 | 61 | 8.73171 | 36
102045041708195718 | 62 | 6.90513e-310 | 4
102045041708195719 | 62 | 7.83274 | 32
204090083416391439 | 63 | 7.83274 | 32
408180166832782878 | 64 | 7.83274 | 32
816360333665565756 | 65 | 7.83274 | 32
1632720667331131513 | 66 | 7.83274 | 32
3265441334662263027 | 67 | 7.83274 | 32
6530882669324526054 | 68 | 7.64091 | 31
-5384978735060499507 | 69 | 7.64091 | 31
7676786603588552602 | 70 | 7.64091 | 31
-3093170866532446412 | 71 | 6.90513e-310 | 6
-3093170866532446411 | 71 | 5.83796 | 25
-6186341733064892821 | 72 | 5.83796 | 25
6074060607579765975 | 73 | 5.83796 | 25
-6298622858550019666 | 74 | 5.83796 | 25
5849498356609512284 | 75 | 5.83796 | 25
-6747747360490527048 | 76 | 5.83796 | 25
4951249352728497520 | 77 | 5.83796 | 25
-8544245368252556576 | 78 | 5.83796 | 16
1358253337204438465 | 79 | 5.83796 | 16
2716506674408876930 | 80 | 4.63978e-310 | 3
2716506674408876931 | 80 | 4.15743 | 13
5433013348817753862 | 81 | 4.15743 | 13
-7580717376074043892 | 82 | 4.15743 | 13
3285309321561463832 | 83 | 4.15743 | 13
6570618643122927664 | 84 | 4.15743 | 13
-5305506787463696287 | 85 | 4.15743 | 13
7835730498782159043 | 86 | 4.15743 | 13
-2775283076145233529 | 87 | 4.15743 | 13
-5550566152290467058 | 88 | 4.15743 | 13
7345611769128617500 | 89 | 4.15743 | 13
-3755520535452316616 | 90 | 4.15743 | 13
-7511041070904633231 | 91 | 4.15743 | 13
3424661931900285155 | 92 | 4.15743 | 13
6849323863800570311 | 93 | 4.15743 | 13
-4748096346108410993 | 94 | 4.15743 | 13
8950551381492729630 | 95 | 4.15743 | 13
-545641310724092355 | 96 | 4.15743 | 13
-1091282621448184710 | 97 | 4.15743 | 13
-2182565242896369419 | 98 | 4.15743 | 13
-4365130485792738838 | 99 | 4.15743 | 13
-8730260971585477676 | 100 | 4.15743 | 13
986222130538596264 | 101 | 4.15743 | 13
1972444261077192529 | 102 | 4.15743 | 13
3944888522154385059 | 103 | 4.15743 | 13
7889777044308770118 | 104 | 4.63978e-310 | 3
7889777044308770119 | 104 | 4.63978e-310 | 10
-8544245368252556575 | 78 | 4.63978e-310 | 9
6530882669324526055 | 68 | 4.63978e-310 | 1
12755630213524465 | 59 | 4.63978e-310 | 2
11879607 | 29 | 11.618 | 80
23759215 | 30 | 11.618 | 80
47518431 | 31 | 11.618 | 80
95036863 | 32 | 11.618 | 80
190073727 | 33 | 11.618 | 80
380147454 | 34 | 8.25949 | 47
760294909 | 35 | 8.25949 | 47
1520589819 | 36 | 8.25949 | 47
3041179639 | 37 | 8.25949 | 47
6082359278 | 38 | 8.25949 | 47
12164718556 | 39 | 8.25949 | 47
24329437112 | 40 | 8.25949 | 47
48658874224 | 41 | 8.25949 | 47
97317748448 | 42 | 8.25949 | 47
194635496897 | 43 | 8.25949 | 47
389270993794 | 44 | 8.25949 | 47
778541987588 | 45 | 8.25949 | 47
1557083975177 | 46 | 8.25949 | 47
3114167950355 | 47 | 8.25949 | 47
6228335900711 | 48 | 8.25949 | 47
12456671801422 | 49 | 8.25949 | 47
24913343602844 | 50 | 8.25949 | 47
49826687205688 | 51 | 8.25949 | 47
99653374411376 | 52 | 8.25949 | 47
199306748822753 | 53 | 8.25949 | 47
398613497645506 | 54 | 8.25949 | 47
797226995291012 | 55 | 8.25949 | 47
1594453990582025 | 56 | 8.25949 | 47
3188907981164050 | 57 | 8.25949 | 47
6377815962328101 | 58 | 8.25949 | 47
12755631924656203 | 59 | 8.25949 | 47
25511263849312407 | 60 | 8.25949 | 47
51022527698624815 | 61 | 8.25949 | 47
102045055397249630 | 62 | 6.90513e-310 | 2
102045055397249631 | 62 | 8.25949 | 45
204090110794499263 | 63 | 8.25949 | 45
408180221588998527 | 64 | 8.25949 | 45
816360443177997054 | 65 | 8.25949 | 45
1632720886355994109 | 66 | 8.25949 | 45
3265441772711988218 | 67 | 4.63978e-310 | 6
3265441772711988219 | 67 | 6.59661 | 39
6530883545423976439 | 68 | 6.59661 | 39
-5384976982861598737 | 69 | 6.59661 | 39
7676790107986354142 | 70 | 4.63978e-310 | 2
7676790107986354143 | 70 | 6.08886 | 37
-3093163857736843330 | 71 | 6.08886 | 37
-6186327715473686659 | 72 | 6.08886 | 37
6074088642762178299 | 73 | 6.08886 | 37
-6298566788185195017 | 74 | 6.08886 | 37
5849610497339161582 | 75 | 6.08886 | 37
-6747523079031228451 | 76 | 6.08886 | 37
4951697915647094715 | 77 | 6.08886 | 37
-8543348242415362186 | 78 | 6.08886 | 37
1360047588878827245 | 79 | 6.08886 | 37
2720095177757654490 | 80 | 6.08886 | 37
5440190355515308980 | 81 | 3.91187 | 25
-7566363362678933655 | 82 | 3.91187 | 25
3314017348351684306 | 83 | 3.91187 | 25
6628034696703368612 | 84 | 3.91187 | 25
-5190674680302814391 | 85 | 3.91187 | 25
8065394713103922834 | 86 | 3.91187 | 24
-2315954647501705947 | 87 | 3.91187 | 24
-4631909295003411893 | 88 | 3.91187 | 24
9182925483702727830 | 89 | 3.91187 | 24
-80893106304095956 | 90 | 3.91187 | 24
-161786212608191911 | 91 | 3.91187 | 24
-323572425216383822 | 92 | 3.91187 | 24
-647144850432767643 | 93 | 3.91187 | 24
-1294289700865535286 | 94 | 3.91187 | 24
-2588579401731070572 | 95 | 3.91187 | 24
-5177158803462141143 | 96 | 3.91187 | 24
8092426466785269331 | 97 | 3.91187 | 24
-2261891140139012953 | 98 | 3.91187 | 24
-4523782280278025905 | 99 | 3.91187 | 24
-9047564560556051809 | 100 | 3.91187 | 24
351614952597447998 | 101 | 3.72468 | 11
703229905194895997 | 102 | 3.72468 | 11
1406459810389791995 | 103 | 3.72468 | 11
2812919620779583990 | 104 | 3.72468 | 11
5625839241559167981 | 105 | 3.72468 | 11
-7195065590591215653 | 106 | 3.72468 | 11
4056612892527120311 | 107 | 3.72468 | 11
8113225785054240622 | 108 | 1.50973 | 7
8113225785054240623 | 108 | 9.53285 | 4
351614952597447999 | 101 | 3.4902 | 13
703229905194895999 | 102 | 3.4902 | 13
1406459810389791998 | 103 | 4.63978e-310 | 4
1406459810389791999 | 103 | 4.63978e-310 | 9
8065394713103922835 | 86 | 4.63978e-310 | 1
5440190355515308981 | 81 | 2.8631 | 12
-7566363362678933654 | 82 | 4.63978e-310 | 9
-7566363362678933653 | 82 | 4.63978e-310 | 3
380147455 | 34 | 5.9538 | 33
760294910 | 35 | 5.49626 | 30
1520589820 | 36 | 5.49626 | 30
3041179641 | 37 | 5.49626 | 30
6082359282 | 38 | 5.49626 | 23
12164718564 | 39 | 5.49626 | 23
24329437128 | 40 | 5.49626 | 23
48658874256 | 41 | 5.49626 | 23
97317748512 | 42 | 5.49626 | 23
194635497025 | 43 | 5.49626 | 23
389270994050 | 44 | 5.49626 | 23
778541988101 | 45 | 5.49626 | 23
1557083976203 | 46 | 5.49626 | 23
3114167952406 | 47 | 5.49626 | 23
6228335904812 | 48 | 5.49626 | 23
12456671809624 | 49 | 5.49626 | 23
24913343619249 | 50 | 5.49626 | 23
49826687238499 | 51 | 5.49626 | 23
99653374476998 | 52 | 5.49626 | 23
199306748953997 | 53 | 5.49626 | 23
398613497907994 | 54 | 4.63978e-310 | 1
398613497907995 | 54 | 4.28719 | 22
797226995815991 | 55 | 4.28719 | 22
1594453991631983 | 56 | 4.28719 | 22
3188907983263966 | 57 | 4.28719 | 22
6377815966527933 | 58 | 4.28719 | 22
12755631933055866 | 59 | 4.28719 | 19
25511263866111732 | 60 | 4.28719 | 19
51022527732223465 | 61 | 4.28719 | 19
102045055464446931 | 62 | 4.28719 | 19
204090110928893862 | 63 | 4.28719 | 19
408180221857787724 | 64 | 4.28719 | 19
816360443715575448 | 65 | 4.28719 | 19
1632720887431150897 | 66 | 4.28719 | 19
3265441774862301794 | 67 | 9.12731 | 9
3265441774862301795 | 67 | 1.61779 | 10
12755631933055867 | 59 | 4.63978e-310 | 3
6082359283 | 38 | 4.63978e-310 | 7
760294911 | 35 | 4.63978e-310 | 3
5801 | 18 | 19.6544 | 258
11602 | 19 | 19.6544 | 258
23204 | 20 | 19.6544 | 258
46409 | 21 | 19.6544 | 258
92818 | 22 | 19.6544 | 258
185636 | 23 | 19.2005 | 257
371273 | 24 | 19.2005 | 257
742547 | 25 | 19.2005 | 257
1485095 | 26 | 19.2005 | 257
2970190 | 27 | 15.6331 | 41
5940381 | 28 | 15.6331 | 41
11880763 | 29 | 15.6331 | 41
23761527 | 30 | 15.6331 | 41
47523055 | 31 | 15.6331 | 41
95046111 | 32 | 15.6331 | 41
190092222 | 33 | 1.63042e-322 | 5
190092223 | 33 | 15.3419 | 36
380184446 | 34 | 15.3419 | 36
760368893 | 35 | 15.3419 | 36
1520737786 | 36 | 15.3419 | 36
3041475573 | 37 | 15.3419 | 36
6082951146 | 38 | 14.1929 | 34
12165902293 | 39 | 14.1929 | 34
24331804586 | 40 | 11.4521 | 13
48663609173 | 41 | 11.4521 | 13
97327218347 | 42 | 11.4521 | 13
194654436694 | 43 | 11.4521 | 13
389308873389 | 44 | 11.4521 | 13
778617746778 | 45 | 11.4521 | 13
1557235493556 | 46 | 11.4521 | 13
3114470987112 | 47 | 11.4521 | 13
6228941974225 | 48 | 11.4521 | 13
12457883948451 | 49 | 11.4521 | 13
24915767896902 | 50 | 9.04709 | 12
49831535793804 | 51 | 9.04709 | 12
99663071587608 | 52 | 4.63978e-310 | 7
99663071587609 | 52 | 7.95446e-322 | 5
24915767896903 | 50 | 4.63978e-310 | 1
24331804587 | 40 | 10.619 | 21
48663609174 | 41 | 4.63978e-310 | 8
48663609175 | 41 | 5.40418 | 13
97327218350 | 42 | 5.40418 | 13
194654436700 | 43 | 5.40418 | 13
389308873400 | 44 | 5.40418 | 13
778617746800 | 45 | 5.40418 | 13
1557235493601 | 46 | 5.40418 | 13
3114470987203 | 47 | 5.40418 | 13
6228941974406 | 48 | 5.40418 | 13
12457883948812 | 49 | 5.40418 | 13
24915767897625 | 50 | 5.40418 | 13
49831535795250 | 51 | 5.40418 | 13
99663071590501 | 52 | 5.40418 | 13
199326143181002 | 53 | 5.40418 | 13
398652286362005 | 54 | 5.40418 | 13
797304572724010 | 55 | 5.40418 | 13
1594609145448021 | 56 | 5.40418 | 13
3189218290896042 | 57 | 5.40418 | 13
6378436581792085 | 58 | 5.40418 | 13
12756873163584170 | 59 | 5.40418 | 13
25513746327168340 | 60 | 5.40418 | 13
51027492654336680 | 61 | 5.34717 | 11
102054985308673360 | 62 | 6.37345e-322 | 7
102054985308673361 | 62 | 1.58101e-322 | 4
51027492654336681 | 61 | 4.63978e-310 | 2
6082951147 | 38 | 4.63978e-310 | 2
2970191 | 27 | 16.8476 | 216
5940383 | 28 | 16.8476 | 216
11880766 | 29 | 11.2672 | 45
23761533 | 30 | 11.2672 | 45
47523066 | 31 | 11.2672 | 45
95046132 | 32 | 11.2672 | 45
190092265 | 33 | 11.2672 | 45
380184530 | 34 | 11.2672 | 45
760369060 | 35 | 11.2672 | 45
1520738120 | 36 | 11.2672 | 45
3041476241 | 37 | 11.2672 | 45
6082952483 | 38 | 11.2672 | 45
12165904966 | 39 | 11.2672 | 45
24331809932 | 40 | 11.2672 | 45
48663619864 | 41 | 11.2672 | 45
97327239728 | 42 | 11.2672 | 45
194654479456 | 43 | 11.2672 | 45
389308958912 | 44 | 11.2672 | 45
778617917825 | 45 | 11.2672 | 45
1557235835650 | 46 | 11.2672 | 45
3114471671300 | 47 | 11.2672 | 45
6228943342600 | 48 | 11.2672 | 45
12457886685200 | 49 | 11.2672 | 45
24915773370400 | 50 | 11.2672 | 45
49831546740801 | 51 | 11.2672 | 45
99663093481603 | 52 | 11.2672 | 45
199326186963206 | 53 | 10.5827 | 41
398652373926412 | 54 | 10.5827 | 41
797304747852824 | 55 | 10.5827 | 41
1594609495705648 | 56 | 4.79244e-322 | 2
1594609495705649 | 56 | 10.5827 | 39
3189218991411299 | 57 | 10.5827 | 39
6378437982822599 | 58 | 10.5827 | 39
12756875965645198 | 59 | 10.5827 | 39
25513751931290396 | 60 | 10.5827 | 39
51027503862580792 | 61 | 5.92431 | 14
102055007725161584 | 62 | 5.92431 | 14
204110015450323169 | 63 | 5.92431 | 14
408220030900646338 | 64 | 5.92431 | 14
816440061801292677 | 65 | 5.92431 | 14
1632880123602585355 | 66 | 5.92431 | 14
3265760247205170710 | 67 | 5.92431 | 14
6531520494410341421 | 68 | 5.92431 | 14
-5383703084888868773 | 69 | 5.92431 | 14
7679337903931814070 | 70 | 6.90513e-310 | 2
7679337903931814071 | 70 | 3.72283 | 12
-3088068265845923473 | 71 | 3.72283 | 12
-6176136531691846945 | 72 | 3.72283 | 12
6094471010325857727 | 73 | 3.72283 | 12
-6257802053057836161 | 74 | 3.72283 | 12
5931139967593879294 | 75 | 3.72283 | 12
-6584464138521793028 | 76 | 3.72283 | 12
5277815796665965561 | 77 | 3.72283 | 12
-7891112480377620493 | 78 | 3.72283 | 12
2664519112954310631 | 79 | 3.72283 | 12
5329038225908621262 | 80 | 3.72283 | 12
-7788667621892309091 | 81 | 3.72283 | 12
2869408829924933434 | 82 | 3.72283 | 12
5738817659849866869 | 83 | 3.72283 | 12
-6969108754009817878 | 84 | 3.72283 | 12
4508526565689915860 | 85 | 13.2859 | 5
4508526565689915861 | 85 | 1.58101e-322 | 7
51027503862580793 | 61 | 4.37721 | 25
102055007725161586 | 62 | 4.37721 | 25
204110015450323173 | 63 | 4.37721 | 25
408220030900646346 | 64 | 4.37721 | 25
816440061801292693 | 65 | 4.37721 | 25
1632880123602585386 | 66 | 4.37721 | 25
3265760247205170772 | 67 | 3.82264 | 24
6531520494410341544 | 68 | 3.82264 | 24
-5383703084888868528 | 69 | 4.63978e-310 | 2
-5383703084888868527 | 69 | 3.73731 | 22
7679337903931814563 | 70 | 3.73731 | 22
-3088068265845922490 | 71 | 4.63978e-310 | 10
-3088068265845922489 | 71 | 3.36223 | 12
-6176136531691844978 | 72 | 3.36223 | 12
6094471010325861661 | 73 | 3.36223 | 12
-6257802053057828293 | 74 | 3.36223 | 12
5931139967593895031 | 75 | 3.36223 | 12
-6584464138521761554 | 76 | 2.97378 | 4
-6584464138521761553 | 76 | 8.917 | 8
3265760247205170773 | 67 | 4.63978e-310 | 1
199326186963207 | 53 | 4.63978e-310 | 4
11880767 | 29 | 16.5414 | 171
23761534 | 30 | 16.5414 | 171
47523068 | 31 | 7.15758 | 28
95046136 | 32 | 4.153 | 11
190092272 | 33 | 4.153 | 11
380184544 | 34 | 4.63978e-310 | 8
380184545 | 34 | 1.58101e-322 | 3
95046137 | 32 | 5.353 | 17
190092275 | 33 | 5.353 | 17
380184550 | 34 | 4.63978e-310 | 9
380184551 | 34 | 8.20672 | 8
47523069 | 31 | 11.1669 | 143
95046138 | 32 | 11.1669 | 143
190092276 | 33 | 11.1669 | 143
380184552 | 34 | 11.1669 | 143
760369104 | 35 | 11.1669 | 143
1520738208 | 36 | 11.1669 | 143
3041476417 | 37 | 11.1669 | 143
6082952834 | 38 | 11.1669 | 143
12165905668 | 39 | 11.1669 | 143
24331811336 | 40 | 11.1669 | 143
48663622672 | 41 | 9.06631 | 113
97327245344 | 42 | 9.06631 | 113
194654490688 | 43 | 9.06631 | 113
389308981376 | 44 | 9.06631 | 113
778617962752 | 45 | 9.06631 | 113
1557235925505 | 46 | 9.06631 | 113
3114471851011 | 47 | 9.06631 | 113
6228943702023 | 48 | 9.06631 | 113
12457887404046 | 49 | 5.77993 | 18
24915774808092 | 50 | 5.77993 | 18
49831549616184 | 51 | 5.77993 | 18
99663099232368 | 52 | 5.77993 | 18
199326198464737 | 53 | 5.77993 | 18
398652396929475 | 54 | 5.77993 | 18
797304793858950 | 55 | 5.77993 | 18
1594609587717900 | 56 | 5.77993 | 18
3189219175435800 | 57 | 3.21143e-322 | 2
3189219175435801 | 57 | 4.36363 | 16
6378438350871602 | 58 | 1.24044 | 2
6378438350871603 | 58 | 4.36363 | 14
12756876701743206 | 59 | 71.7542 | 10
12756876701743207 | 59 | 8.66638 | 4
12457887404047 | 49 | 7.84941 | 95
24915774808095 | 50 | 7.84941 | 95
49831549616190 | 51 | 7.84941 | 95
99663099232381 | 52 | 7.84941 | 95
199326198464762 | 53 | 7.84941 | 95
398652396929524 | 54 | 7.84941 | 68
797304793859048 | 55 | 7.84941 | 68
1594609587718097 | 56 | 7.84941 | 68
3189219175436194 | 57 | 7.6819 | 45
6378438350872389 | 58 | 7.6819 | 45
12756876701744779 | 59 | 7.6819 | 45
25513753403489559 | 60 | 7.6819 | 45
51027506806979118 | 61 | 7.6819 | 45
102055013613958236 | 62 | 4.80259 | 30
204110027227916473 | 63 | 4.80259 | 30
408220054455832946 | 64 | 2.35601 | 14
816440108911665893 | 65 | 2.35601 | 14
1632880217823331786 | 66 | 2.35601 | 14
3265760435646663572 | 67 | 2.35601 | 14
6531520871293327144 | 68 | 14.2506 | 8
6531520871293327145 | 68 | 4.63978e-310 | 6
408220054455832947 | 64 | 3.20469 | 16
816440108911665895 | 65 | 3.20469 | 16
1632880217823331791 | 66 | 3.20469 | 16
3265760435646663583 | 67 | 3.20469 | 16
6531520871293327166 | 68 | 3.20469 | 16
-5383702331122897284 | 69 | 3.20469 | 16
7679339411463757049 | 70 | 3.20469 | 16
-3088065250782037518 | 71 | 3.20469 | 16
-6176130501564075036 | 72 | 3.20469 | 16
6094483070581401544 | 73 | 3.20469 | 16
-6257777932546748528 | 74 | 0.161871 | 3
-6257777932546748527 | 74 | 2.36023 | 13
5931188208616054563 | 75 | 2.36023 | 13
-6584367656477442490 | 76 | 3.19165 | 6
-6584367656477442489 | 76 | 3.73521 | 7
102055013613958237 | 62 | 2.90614 | 15
204110027227916475 | 63 | 2.90614 | 15
408220054455832950 | 64 | 2.90614 | 15
816440108911665900 | 65 | 4.63978e-310 | 7
816440108911665901 | 65 | 4.63978e-310 | 8
3189219175436195 | 57 | 7.31882 | 23
6378438350872391 | 58 | 7.31882 | 23
12756876701744782 | 59 | 4.63978e-310 | 6
12756876701744783 | 59 | 3.11968 | 17
25513753403489567 | 60 | 3.11968 | 17
51027506806979135 | 61 | 3.11968 | 17
102055013613958270 | 62 | 3.11968 | 17
204110027227916541 | 63 | 3.11968 | 17
408220054455833083 | 64 | 3.11968 | 17
816440108911666167 | 65 | 3.11968 | 17
1632880217823332335 | 66 | 3.11968 | 17
3265760435646664670 | 67 | 3.11968 | 17
6531520871293329341 | 68 | 3.11968 | 17
-5383702331122892934 | 69 | 3.11968 | 17
7679339411463765749 | 70 | 3.11968 | 17
-3088065250782020117 | 71 | 3.11968 | 17
-6176130501564040234 | 72 | 1.22584 | 1
-6176130501564040233 | 72 | 3.11968 | 16
6094483070581471150 | 73 | 3.11968 | 16
-6257777932546609315 | 74 | 3.11968 | 16
5931188208616332986 | 75 | 3.11968 | 16
-6584367656476885644 | 76 | 3.11968 | 16
5278008760755780329 | 77 | 3.11968 | 16
-7890726552197990958 | 78 | 2.96143 | 12
2665290969313569701 | 79 | 2.96143 | 12
5330581938627139403 | 80 | 2.96143 | 12
-7785580196455272809 | 81 | 2.96143 | 12
2875583680799005999 | 82 | 2.96143 | 12
5751167361598011998 | 83 | 2.42092e-322 | 8
5751167361598011999 | 83 | 4.08173 | 4
-7890726552197990957 | 78 | 4.63978e-310 | 4
398652396929525 | 54 | 4.09273 | 27
797304793859050 | 55 | 4.63978e-310 | 8
797304793859051 | 55 | 3.80394 | 19
1594609587718102 | 56 | 3.80394 | 19
3189219175436205 | 57 | 3.80394 | 19
6378438350872411 | 58 | 3.80394 | 19
12756876701744823 | 59 | 3.80394 | 19
25513753403489647 | 60 | 3.80394 | 19
51027506806979294 | 61 | 3.80394 | 19
102055013613958588 | 62 | 4.63978e-310 | 1
102055013613958589 | 62 | 3.28201 | 18
204110027227917179 | 63 | 3.28201 | 18
408220054455834358 | 64 | 3.28201 | 18
816440108911668716 | 65 | 3.28201 | 18
1632880217823337432 | 66 | 3.28201 | 18
3265760435646674865 | 67 | 3.28201 | 18
6531520871293349730 | 68 | 3.28201 | 18
-5383702331122852156 | 69 | 3.28201 | 18
7679339411463847305 | 70 | 3.28201 | 18
-3088065250781857006 | 71 | 0.738152 | 4
-3088065250781857005 | 71 | 2.52307 | 14
-6176130501563714010 | 72 | 2.52307 | 14
6094483070582123596 | 73 | 2.52307 | 14
-6257777932545304424 | 74 | 2.52307 | 14
5931188208618942768 | 75 | 1.96448 | 11
-6584367656471666080 | 76 | 1.96448 | 11
5278008760766219456 | 77 | 1.01025 | 8
5278008760766219457 | 77 | 2.61833 | 3
5931188208618942769 | 75 | 4.63978e-310 | 3
48663622673 | 41 | 3.90539 | 30
97327245346 | 42 | 4.63978e-310 | 8
97327245347 | 42 | 3.4761 | 22
194654490695 | 43 | 3.4761 | 22
389308981391 | 44 | 3.4761 | 22
778617962782 | 45 | 3.4761 | 22
1557235925565 | 46 | 3.4761 | 22
3114471851131 | 47 | 3.4761 | 22
6228943702262 | 48 | 3.4761 | 22
12457887404524 | 49 | 3.4761 | 22
24915774809048 | 50 | 3.4761 | 22
49831549618096 | 51 | 4.63978e-310 | 6
49831549618097 | 51 | 2.68157 | 16
99663099236194 | 52 | 2.68157 | 16
199326198472389 | 53 | 2.68157 | 16
398652396944778 | 54 | 1.9814 | 15
797304793889556 | 55 | 1.9814 | 15
1594609587779113 | 56 | 1.9814 | 15
3189219175558226 | 57 | 1.9814 | 15
6378438351116452 | 58 | 12.3835 | 2
6378438351116453 | 58 | 1.9814 | 13
12756876702232906 | 59 | 1.9814 | 13
25513753404465812 | 60 | 1.9814 | 13
51027506808931625 | 61 | 1.9814 | 13
102055013617863251 | 62 | 1.9814 | 13
204110027235726503 | 63 | 1.9814 | 13
408220054471453006 | 64 | 1.9814 | 13
816440108942906012 | 65 | 2.42092e-322 | 1
816440108942906013 | 65 | 1.96923 | 12
1632880217885812026 | 66 | 1.96923 | 12
3265760435771624052 | 67 | 1.96923 | 12
6531520871543248104 | 68 | 1.96923 | 12
-5383702330623055408 | 69 | 1.96923 | 12
7679339412463440801 | 70 | 1.96923 | 12
-3088065248782670014 | 71 | 1.96923 | 12
-6176130497565340027 | 72 | 1.96923 | 12
6094483078578871562 | 73 | 1.96923 | 12
-6257777916551808492 | 74 | 1.96923 | 12
5931188240605934633 | 75 | 1.96923 | 12
-6584367592497682349 | 76 | 1.96923 | 12
5278008888714186919 | 77 | 1.96923 | 12
-7890726296281177778 | 78 | 1.96923 | 12
2665291481147196061 | 79 | 1.96923 | 12
5330582962294392123 | 80 | 1.96923 | 12
-7785578149120767370 | 81 | 1.96923 | 11
2875587775468016876 | 82 | 1.96923 | 11
5751175550936033752 | 83 | 1.96923 | 11
-6944392971837484112 | 84 | 1.96923 | 11
4557958130034583393 | 85 | 1.96923 | 11
9115916260069166786 | 86 | 1.96923 | 11
-214911553571218044 | 87 | 1.96923 | 11
-429823107142436087 | 88 | 1.96923 | 11
-859646214284872173 | 89 | 1.96923 | 11
-1719292428569744346 | 90 | 1.96923 | 11
-3438584857139488692 | 91 | 1.96923 | 11
-6877169714278977384 | 92 | 3.80147 | 3
-6877169714278977383 | 92 | 2.96524 | 8
-7785578149120767369 | 81 | 4.63978e-310 | 1
398652396944779 | 54 | 4.63978e-310 | 1
185637 | 23 | 4.63978e-310 | 1
23 | 10 | 17.2119 | 335
46 | 11 | 17.2119 | 335
93 | 12 | 17.2119 | 335
187 | 13 | 17.2119 | 335
375 | 14 | 17.2119 | 335
751 | 15 | 17.2119 | 335
1503 | 16 | 17.2119 | 335
3007 | 17 | 17.2119 | 335
6014 | 18 | 17.2119 | 335
12029 | 19 | 17.2119 | 335
24059 | 20 | 17.2119 | 335
48119 | 21 | 17.2119 | 335
96238 | 22 | 17.2119 | 335
192477 | 23 | 17.2119 | 335
384954 | 24 | 2.94077 | 16
769909 | 25 | 2.94077 | 16
1539819 | 26 | 2.94077 | 16
3079639 | 27 | 2.94077 | 16
6159278 | 28 | 1.63042e-322 | 9
6159279 | 28 | 1.63042e-322 | 7
384955 | 24 | 16.2757 | 319
769911 | 25 | 16.2757 | 319
1539822 | 26 | 16.2757 | 319
3079645 | 27 | 16.2757 | 319
6159291 | 28 | 16.2757 | 319
12318582 | 29 | 4.5579 | 26
24637164 | 30 | 3.13488 | 13
49274329 | 31 | 3.13488 | 13
98548659 | 32 | 3.13488 | 13
197097318 | 33 | 3.13488 | 13
394194637 | 34 | 3.13488 | 13
788389275 | 35 | 3.13488 | 13
1576778550 | 36 | 2.95334 | 12
3153557100 | 37 | 2.95334 | 12
6307114201 | 38 | 2.95334 | 12
12614228402 | 39 | 2.95334 | 12
25228456805 | 40 | 2.95334 | 12
50456913611 | 41 | 2.95334 | 12
100913827222 | 42 | 2.95334 | 12
201827654445 | 43 | 2.95334 | 12
403655308890 | 44 | 2.95334 | 12
807310617780 | 45 | 2.95334 | 12
1614621235560 | 46 | 3.21143e-322 | 1
1614621235561 | 46 | 2.6565 | 11
3229242471122 | 47 | 2.6565 | 11
6458484942244 | 48 | 2.6565 | 11
12916969884489 | 49 | 2.6565 | 11
25833939768978 | 50 | 2.6565 | 11
51667879537957 | 51 | 2.6565 | 11
103335759075914 | 52 | 2.6565 | 11
206671518151829 | 53 | 2.6565 | 11
413343036303659 | 54 | 2.6565 | 11
826686072607319 | 55 | 2.6565 | 11
1653372145214639 | 56 | 2.6565 | 11
3306744290429278 | 57 | 2.6565 | 11
6613488580858557 | 58 | 2.6565 | 11
13226977161717114 | 59 | 3.21143e-322 | 9
13226977161717115 | 59 | 1.63042e-322 | 2
1576778551 | 36 | 4.63978e-310 | 1
24637165 | 30 | 1.9764 | 13
49274331 | 31 | 1.9764 | 13
98548662 | 32 | 1.9764 | 13
197097324 | 33 | 1.9764 | 13
394194649 | 34 | 1.9764 | 13
788389298 | 35 | 1.9764 | 13
1576778597 | 36 | 1.9764 | 13
3153557194 | 37 | 1.9764 | 12
6307114389 | 38 | 1.9764 | 12
12614228778 | 39 | 1.9764 | 12
25228457556 | 40 | 1.9764 | 12
50456915113 | 41 | 1.9764 | 12
100913830227 | 42 | 1.9764 | 12
201827660454 | 43 | 1.9764 | 12
403655320908 | 44 | 1.9764 | 12
807310641817 | 45 | 1.9764 | 12
1614621283634 | 46 | 1.9764 | 12
3229242567268 | 47 | 1.9764 | 12
6458485134536 | 48 | 1.9764 | 12
12916970269073 | 49 | 1.9764 | 12
25833940538147 | 50 | 1.9764 | 12
51667881076295 | 51 | 1.9764 | 12
103335762152591 | 52 | 1.9764 | 12
206671524305183 | 53 | 1.9764 | 12
413343048610366 | 54 | 1.9764 | 12
826686097220733 | 55 | 1.9764 | 12
1653372194441466 | 56 | 3.21143e-322 | 2
1653372194441467 | 56 | 3.21143e-322 | 10
3153557195 | 37 | 4.63978e-310 | 1
12318583 | 29 | 15.3794 | 293
24637166 | 30 | 15.3794 | 293
49274333 | 31 | 15.3794 | 293
98548667 | 32 | 15.3794 | 293
197097335 | 33 | 15.3794 | 293
394194671 | 34 | 15.3794 | 293
788389343 | 35 | 15.3794 | 293
1576778687 | 36 | 15.3794 | 293
3153557374 | 37 | 15.3794 | 293
6307114748 | 38 | 14.3411 | 189
12614229496 | 39 | 14.3411 | 189
25228458992 | 40 | 14.3411 | 189
50456917985 | 41 | 14.3411 | 189
100913835971 | 42 | 14.3411 | 189
201827671942 | 43 | 14.3411 | 189
403655343884 | 44 | 14.3411 | 189
807310687769 | 45 | 14.3411 | 189
1614621375538 | 46 | 14.3411 | 189
3229242751076 | 47 | 14.3411 | 189
6458485502153 | 48 | 14.3411 | 189
12916971004307 | 49 | 14.3411 | 189
25833942008615 | 50 | 14.3411 | 189
51667884017230 | 51 | 14.3411 | 189
103335768034460 | 52 | 14.3411 | 189
206671536068920 | 53 | 1.58101e-322 | 4
206671536068921 | 53 | 13.926 | 185
413343072137842 | 54 | 13.926 | 185
826686144275684 | 55 | 13.926 | 185
1653372288551368 | 56 | 11.4438 | 119
3306744577102737 | 57 | 11.4438 | 119
6613489154205474 | 58 | 11.4438 | 119
13226978308410948 | 59 | 11.4438 | 119
26453956616821896 | 60 | 7.35418 | 63
52907913233643792 | 61 | 2.5939 | 12
105815826467287585 | 62 | 2.5939 | 12
211631652934575170 | 63 | 2.5939 | 12
423263305869150340 | 64 | 2.5939 | 12
846526611738300681 | 65 | 2.5939 | 12
1693053223476601362 | 66 | 2.5939 | 12
3386106446953202725 | 67 | 2.5939 | 12
6772212893906405450 | 68 | 2.5939 | 12
-4902318285896740715 | 69 | 2.5939 | 12
8642107501916070186 | 70 | 2.5939 | 12
-1162529069877411244 | 71 | 2.5939 | 12
-2325058139754822487 | 72 | 2.5939 | 12
-4650116279509644973 | 73 | 2.5939 | 12
9146511514690261670 | 74 | 9.53547e-322 | 1
9146511514690261671 | 74 | 2.01219 | 11
-153721044329028274 | 75 | 2.01219 | 11
-307442088658056547 | 76 | 2.01219 | 11
-614884177316113093 | 77 | 2.01219 | 11
-1229768354632226186 | 78 | 6.90513e-310 | 7
-1229768354632226185 | 78 | 1.58101e-322 | 4
52907913233643793 | 61 | 7.35418 | 51
105815826467287587 | 62 | 7.35418 | 51
211631652934575175 | 63 | 7.35418 | 51
423263305869150350 | 64 | 7.35418 | 51
846526611738300700 | 65 | 7.35418 | 51
1693053223476601400 | 66 | 7.35418 | 51
3386106446953202801 | 67 | 7.35418 | 51
6772212893906405602 | 68 | 7.35418 | 51
-4902318285896740412 | 69 | 6.69551 | 47
8642107501916070792 | 70 | 6.69551 | 47
-1162529069877410032 | 71 | 6.69551 | 47
-2325058139754820063 | 72 | 6.69551 | 47
-4650116279509640125 | 73 | 6.69551 | 47
9146511514690271366 | 74 | 4.79244e-322 | 8
9146511514690271367 | 74 | 5.89795 | 39
-153721044329008882 | 75 | 5.75772 | 38
-307442088658017763 | 76 | 5.75772 | 38
-614884177316035525 | 77 | 5.75772 | 38
-1229768354632071050 | 78 | 13.3527 | 7
-1229768354632071049 | 78 | 3.62972 | 31
-2459536709264142098 | 79 | 3.62972 | 20
-4919073418528284196 | 80 | 3.62972 | 20
8608597236652983224 | 81 | 2.39924 | 12
-1229549600403585167 | 82 | 2.39924 | 12
-2459099200807170334 | 83 | 2.39924 | 12
-4918198401614340668 | 84 | 0.813753 | 4
-4918198401614340667 | 84 | 2.42092e-322 | 8
8608597236652983225 | 81 | 4.63978e-310 | 8
-2459536709264142097 | 79 | 2.01259 | 11
-4919073418528284194 | 80 | 2.01259 | 11
8608597236652983229 | 81 | 2.01259 | 11
-1229549600403585157 | 82 | 2.01259 | 11
-2459099200807170313 | 83 | 2.01259 | 11
-4918198401614340625 | 84 | 2.01259 | 11
8610347270480870366 | 85 | 2.01259 | 11
-1226049532747810883 | 86 | 2.01259 | 11
-2452099065495621766 | 87 | 0.263991 | 10
-2452099065495621765 | 87 | 1.58792 | 1
-153721044329008881 | 75 | 4.63978e-310 | 1
-4902318285896740411 | 69 | 4.63978e-310 | 4
26453956616821897 | 60 | 6.0543 | 56
52907913233643794 | 61 | 6.0543 | 56
105815826467287589 | 62 | 6.0543 | 56
211631652934575179 | 63 | 6.0543 | 56
423263305869150358 | 64 | 6.0543 | 56
846526611738300717 | 65 | 6.0543 | 56
1693053223476601435 | 66 | 6.0543 | 56
3386106446953202870 | 67 | 6.0543 | 56
6772212893906405740 | 68 | 6.0543 | 56
-4902318285896740136 | 69 | 6.0543 | 56
8642107501916071344 | 70 | 4.96561 | 38
-1162529069877408928 | 71 | 4.96561 | 38
-2325058139754817855 | 72 | 4.96561 | 38
-4650116279509635710 | 73 | 4.96561 | 38
9146511514690280196 | 74 | 3.56656 | 20
-153721044328991224 | 75 | 7.75036 | 10
-153721044328991223 | 75 | 6.90513e-310 | 10
9146511514690280197 | 74 | 3.64624 | 18
-153721044328991222 | 75 | 3.64624 | 18
-307442088657982444 | 76 | 3.64624 | 18
-614884177315964887 | 77 | 3.64624 | 18
-1229768354631929774 | 78 | 3.64624 | 18
-2459536709263859547 | 79 | 3.64624 | 18
-4919073418527719093 | 80 | 3.64624 | 18
8608597236654113430 | 81 | 3.64624 | 18
-1229549600401324756 | 82 | 3.64624 | 18
-2459099200802649511 | 83 | 3.64624 | 18
-4918198401605299022 | 84 | 3.64624 | 18
8610347270498953573 | 85 | 3.64624 | 18
-1226049532711644470 | 86 | 3.64624 | 18
-2452099065423288940 | 87 | 3.64624 | 18
-4904198130846577880 | 88 | 3.64624 | 18
8638347812016395856 | 89 | 3.64624 | 18
-1170048449676759904 | 90 | 2.54398 | 9
-1170048449676759903 | 90 | 11.8234 | 9
8642107501916071345 | 70 | 3.67538 | 18
-1162529069877408926 | 71 | 3.67538 | 18
-2325058139754817851 | 72 | 3.67538 | 18
-4650116279509635702 | 73 | 3.67538 | 18
9146511514690280212 | 74 | 2.64416 | 17
-153721044328991192 | 75 | 2.64416 | 11
-307442088657982383 | 76 | 2.64416 | 11
-614884177315964765 | 77 | 2.64416 | 11
-1229768354631929529 | 78 | 2.64416 | 11
-2459536709263859058 | 79 | 2.64416 | 11
-4919073418527718116 | 80 | 2.64416 | 11
8608597236654115385 | 81 | 2.64416 | 11
-1229549600401320845 | 82 | 2.64416 | 11
-2459099200802641690 | 83 | 2.64416 | 11
-4918198401605283380 | 84 | 2.64416 | 11
8610347270498984856 | 85 | 2.64416 | 11
-1226049532711581904 | 86 | 2.64416 | 11
-2452099065423163808 | 87 | 2.64416 | 11
-4904198130846327616 | 88 | 2.64416 | 11
8638347812016896384 | 89 | 4.14928 | 2
8638347812016896385 | 89 | 0.722643 | 9
-153721044328991191 | 75 | 4.63978e-310 | 6
9146511514690280213 | 74 | 4.63978e-310 | 1
1653372288551369 | 56 | 12.8123 | 66
3306744577102739 | 57 | 12.8123 | 66
6613489154205478 | 58 | 12.8123 | 66
13226978308410956 | 59 | 12.8123 | 66
26453956616821912 | 60 | 12.8123 | 66
52907913233643825 | 61 | 12.8123 | 66
105815826467287650 | 62 | 12.8123 | 66
211631652934575301 | 63 | 12.8123 | 66
423263305869150602 | 64 | 12.8123 | 66
846526611738301204 | 65 | 12.8123 | 66
1693053223476602409 | 66 | 12.8123 | 66
3386106446953204818 | 67 | 12.8123 | 66
6772212893906409637 | 68 | 12.8123 | 66
-4902318285896732341 | 69 | 12.8123 | 66
8642107501916086935 | 70 | 12.8123 | 66
-1162529069877377746 | 71 | 12.8123 | 66
-2325058139754755492 | 72 | 12.8123 | 66
-4650116279509510984 | 73 | 12.8123 | 66
9146511514690529648 | 74 | 12.8123 | 66
-153721044328492319 | 75 | 12.8123 | 66
-307442088656984638 | 76 | 12.8123 | 66
-614884177313969276 | 77 | 12.8123 | 66
-1229768354627938552 | 78 | 12.8123 | 66
-2459536709255877103 | 79 | 12.8123 | 66
-4919073418511754205 | 80 | 12.8123 | 66
8608597236686043206 | 81 | 5.24301 | 30
-1229549600337465204 | 82 | 5.24301 | 30
-2459099200674930408 | 83 | 5.24301 | 30
-4918198401349860815 | 84 | 5.24301 | 30
8610347271009829986 | 85 | 4.72329 | 2
8610347271009829987 | 85 | 5.24301 | 28
-1226049531689891641 | 86 | 5.24301 | 28
-2452099063379783282 | 87 | 2.842 | 16
-4904198126759566564 | 88 | 2.73846 | 14
8638347820190418489 | 89 | 2.73846 | 14
-1170048433328714638 | 90 | 4.63978e-310 | 6
-1170048433328714637 | 90 | 6.95483 | 8
-4904198126759566563 | 88 | 4.63978e-310 | 2
-2452099063379783281 | 87 | 2.42597 | 12
-4904198126759566562 | 88 | 6.14859 | 2
-4904198126759566561 | 88 | 4.00193e-322 | 10
8608597236686043207 | 81 | 7.62619 | 36
-1229549600337465202 | 82 | 7.62619 | 36
-2459099200674930403 | 83 | 7.62619 | 36
-4918198401349860806 | 84 | 7.62619 | 36
8610347271009830004 | 85 | 4.40362 | 31
-1226049531689891608 | 86 | 4.40362 | 31
-2452099063379783215 | 87 | 4.40362 | 31
-4904198126759566429 | 88 | 4.40362 | 31
8638347820190418758 | 89 | 4.40362 | 31
-1170048433328714099 | 90 | 4.40362 | 31
-2340096866657428198 | 91 | 4.40362 | 31
-4680193733314856396 | 92 | 4.40362 | 31
9086356607079838825 | 93 | 4.40362 | 31
-274030859549873965 | 94 | 4.40362 | 31
-548061719099747930 | 95 | 1.63042e-322 | 10
-548061719099747929 | 95 | 4.13276 | 21
-1096123438199495857 | 96 | 4.13276 | 21
-2192246876398991713 | 97 | 4.13276 | 21
-4384493752797983425 | 98 | 4.13276 | 21
-8768987505595966850 | 99 | 4.13276 | 21
908769062517617917 | 100 | 4.13276 | 21
1817538125035235835 | 101 | 4.13276 | 21
3635076250070471671 | 102 | 4.13276 | 21
7270152500140943343 | 103 | 4.13276 | 21
-3906439073427664929 | 104 | 4.13276 | 21
-7812878146855329857 | 105 | 4.13276 | 21
2820987779998891902 | 106 | 4.13276 | 21
5641975559997783805 | 107 | 4.13276 | 21
-7162792953713984006 | 108 | 4.13276 | 21
4121158166281583605 | 109 | 4.13276 | 21
8242316332563167210 | 110 | 4.13276 | 21
-1962111408583217195 | 111 | 4.13276 | 21
-3924222817166434390 | 112 | 4.13276 | 21
-7848445634332868779 | 113 | 4.13276 | 21
2749852805043814058 | 114 | 2.80485 | 10
2749852805043814059 | 114 | 2.25246 | 11
5499705610087628118 | 115 | 6.79025 | 9
5499705610087628119 | 115 | 0.877388 | 2
8610347271009830005 | 85 | 4.63978e-310 | 5
6307114749 | 38 | 12.0964 | 104
12614229498 | 39 | 12.0964 | 104
25228458997 | 40 | 12.0964 | 104
50456917994 | 41 | 12.0964 | 104
100913835989 | 42 | 12.0964 | 104
201827671979 | 43 | 12.0964 | 104
403655343958 | 44 | 12.0964 | 104
807310687916 | 45 | 11.4959 | 102
1614621375832 | 46 | 11.4959 | 102
3229242751664 | 47 | 11.4959 | 102
6458485503328 | 48 | 11.4959 | 102
12916971006657 | 49 | 11.4959 | 102
25833942013314 | 50 | 11.4959 | 102
51667884026629 | 51 | 11.4959 | 102
103335768053259 | 52 | 11.4959 | 102
206671536106518 | 53 | 11.4959 | 102
413343072213036 | 54 | 8.16952 | 60
826686144426072 | 55 | 8.16952 | 60
1653372288852144 | 56 | 8.16952 | 60
3306744577704288 | 57 | 8.16952 | 60
6613489155408576 | 58 | 8.16952 | 60
13226978310817153 | 59 | 8.16952 | 60
26453956621634306 | 60 | 6.45302 | 39
52907913243268613 | 61 | 6.45302 | 39
105815826486537227 | 62 | 6.45302 | 39
211631652973074454 | 63 | 6.45302 | 39
423263305946148908 | 64 | 6.45302 | 39
846526611892297816 | 65 | 7.83262 | 10
846526611892297817 | 65 | 5.53459 | 29
1693053223784595634 | 66 | 4.53517 | 19
3386106447569191268 | 67 | 4.53517 | 19
6772212895138382536 | 68 | 4.53517 | 19
-4902318283432786543 | 69 | 4.53517 | 19
8642107506843978530 | 70 | 15.6185 | 7
8642107506843978531 | 70 | 4.18352 | 12
-1162529060021594553 | 71 | 4.18352 | 12
-2325058120043189106 | 72 | 4.18352 | 12
-4650116240086378212 | 73 | 4.18352 | 12
9146511593536795193 | 74 | 4.18352 | 12
-153720886635961230 | 75 | 4.63978e-310 | 9
-153720886635961229 | 75 | 5.83739 | 3
1693053223784595635 | 66 | 4.63978e-310 | 10
26453956621634307 | 60 | 3.86424 | 21
52907913243268615 | 61 | 3.86424 | 21
105815826486537230 | 62 | 3.86424 | 21
211631652973074460 | 63 | 3.4676 | 13
423263305946148921 | 64 | 3.4676 | 13
846526611892297842 | 65 | 3.4676 | 13
1693053223784595685 | 66 | 3.4676 | 13
3386106447569191371 | 67 | 3.4676 | 13
6772212895138382743 | 68 | 3.4676 | 13
-4902318283432786129 | 69 | 3.4676 | 13
8642107506843979358 | 70 | 3.4676 | 13
-1162529060021592899 | 71 | 3.4676 | 13
-2325058120043185797 | 72 | 3.4676 | 13
-4650116240086371594 | 73 | 7.28259 | 10
-4650116240086371593 | 73 | 1.52686 | 3
211631652973074461 | 63 | 4.63978e-310 | 8
413343072213037 | 54 | 5.08786 | 42
826686144426074 | 55 | 5.08786 | 42
1653372288852149 | 56 | 5.08786 | 42
3306744577704299 | 57 | 5.08786 | 42
6613489155408598 | 58 | 5.08786 | 42
13226978310817196 | 59 | 8.73997 | 1
13226978310817197 | 59 | 5.08786 | 41
26453956621634394 | 60 | 5.08786 | 41
52907913243268788 | 61 | 5.08786 | 41
105815826486537576 | 62 | 5.08786 | 41
211631652973075152 | 63 | 1.63042e-322 | 4
211631652973075153 | 63 | 5.08786 | 37
423263305946150307 | 64 | 5.08786 | 37
846526611892300614 | 65 | 5.08786 | 37
1693053223784601228 | 66 | 3.91396 | 25
3386106447569202456 | 67 | 3.91396 | 25
6772212895138404913 | 68 | 3.91396 | 25
-4902318283432741789 | 69 | 3.91396 | 25
8642107506844068038 | 70 | 4.63978e-310 | 1
8642107506844068039 | 70 | 2.63258 | 24
-1162529060021415537 | 71 | 2.63258 | 24
-2325058120042831074 | 72 | 2.63258 | 24
-4650116240085662148 | 73 | 2.63258 | 24
9146511593538227320 | 74 | 2.63258 | 24
-153720886633096975 | 75 | 2.63258 | 24
-307441773266193950 | 76 | 2.63258 | 24
-614883546532387900 | 77 | 2.63258 | 24
-1229767093064775800 | 78 | 2.63258 | 24
-2459534186129551600 | 79 | 2.63258 | 24
-4919068372259103199 | 80 | 2.63258 | 24
8608607329191345218 | 81 | 2.63258 | 24
-1229529415326861180 | 82 | 2.63258 | 24
-2459058830653722359 | 83 | 2.63258 | 24
-4918117661307444717 | 84 | 2.63258 | 24
8610508751094662183 | 85 | 2.63258 | 24
-1225726571520227250 | 86 | 2.63258 | 24
-2451453143040454499 | 87 | 2.63258 | 24
-4902906286080908997 | 88 | 2.63258 | 24
8640931501547733622 | 89 | 2.63258 | 24
-1164881070614084372 | 90 | 2.63258 | 24
-2329762141228168743 | 91 | 2.63258 | 24
-4659524282456337486 | 92 | 1.64184 | 13
9127695508796876644 | 93 | 1.64184 | 13
-191353056115798328 | 94 | 1.49533 | 12
-382706112231596656 | 95 | 1.49533 | 12
-765412224463193312 | 96 | 0.141938 | 8
-765412224463193311 | 96 | 0.450725 | 4
-191353056115798327 | 94 | 4.63978e-310 | 1
-4659524282456337485 | 92 | 1.73105 | 11
9127695508796876647 | 93 | 1.73105 | 11
-191353056115798322 | 94 | 1.73105 | 11
-382706112231596644 | 95 | 0.479755 | 8
-382706112231596643 | 95 | 2.7175 | 3
1693053223784601229 | 66 | 1.85891 | 12
3386106447569202459 | 67 | 1.85891 | 12
6772212895138404919 | 68 | 1.85891 | 12
-4902318283432741778 | 69 | 1.85891 | 12
8642107506844068061 | 70 | 1.85891 | 12
-1162529060021415494 | 71 | 1.85891 | 12
-2325058120042830988 | 72 | 1.85891 | 12
-4650116240085661976 | 73 | 1.85891 | 12
9146511593538227664 | 74 | 1.85891 | 12
-153720886633096288 | 75 | 4.63978e-310 | 9
-153720886633096287 | 75 | 4.63978e-310 | 3
807310687917 | 45 | 4.63978e-310 | 2
