ID | Depth | diameter | Number of points
0 | 0 | 29.316 | 1600
0 | 1 | 29.316 | 1600
1 | 2 | 29.316 | 1600
2 | 3 | 28.9488 | 1011
4 | 4 | 28.9488 | 1011
8 | 5 | 28.9488 | 1011
17 | 6 | 28.9488 | 1011
34 | 7 | 28.9488 | 1011
68 | 8 | 24.335 | 277
136 | 9 | 24.335 | 277
273 | 10 | 24.335 | 277
546 | 11 | 24.335 | 277
1092 | 12 | 24.335 | 277
2185 | 13 | 24.335 | 277
4371 | 14 | 24.335 | 277
8742 | 15 | 22.9571 | 242
17484 | 16 | 22.9571 | 242
34968 | 17 | 22.9571 | 242
69937 | 18 | 22.9571 | 242
139874 | 19 | 21.992 | 234
279749 | 20 | 21.992 | 234
559499 | 21 | 21.992 | 234
1118999 | 22 | 21.992 | 234
2237999 | 23 | 21.992 | 234
4475999 | 24 | 21.992 | 234
8951998 | 25 | 21.992 | 234
17903996 | 26 | 21.992 | 234
35807993 | 27 | 21.992 | 234
71615986 | 28 | 21.992 | 231
143231972 | 29 | 21.992 | 231
286463944 | 30 | 21.992 | 231
572927889 | 31 | 21.992 | 231
1145855778 | 32 | 21.992 | 231
2291711556 | 33 | 21.992 | 231
4583423112 | 34 | 21.992 | 231
9166846224 | 35 | 13.6933 | 8
9166846225 | 35 | 21.992 | 223
18333692450 | 36 | 21.992 | 223
36667384900 | 37 | 21.992 | 223
73334769801 | 38 | 21.992 | 223
146669539603 | 39 | 21.992 | 223
293339079206 | 40 | 21.992 | 223
586678158413 | 41 | 21.992 | 223
1173356316826 | 42 | 21.992 | 223
2346712633652 | 43 | 18.1073 | 189
4693425267305 | 44 | 18.1073 | 189
9386850534611 | 45 | 18.1073 | 189
18773701069223 | 46 | 18.1073 | 189
37547402138447 | 47 | 18.1073 | 189
75094804276895 | 48 | 18.1073 | 189
150189608553791 | 49 | 18.1073 | 189
300379217107582 | 50 | 18.1073 | 189
600758434215164 | 51 | 17.6258 | 125
1201516868430329 | 52 | 17.6258 | 125
2403033736860658 | 53 | 17.6258 | 125
4806067473721316 | 54 | 17.6258 | 125
9612134947442632 | 55 | 12.2467 | 74
19224269894885264 | 56 | 12.2467 | 74
38448539789770528 | 57 | 12.2467 | 74
76897079579541056 | 58 | 12.2467 | 74
153794159159082113 | 59 | 12.2467 | 74
307588318318164227 | 60 | 12.2467 | 74
615176636636328454 | 61 | 10.9887 | 41
1230353273272656908 | 62 | 1.63042e-322 | 4
1230353273272656909 | 62 | 10.9887 | 37
2460706546545313818 | 63 | 10.9887 | 37
4921413093090627636 | 64 | 3.21143e-322 | 2
4921413093090627637 | 64 | 6.31124 | 35
-8603917887528296341 | 65 | 6.31124 | 35
1238908298652958934 | 66 | 2.42092e-322 | 6
1238908298652958935 | 66 | 5.49866 | 29
2477816597305917871 | 67 | 5.49866 | 29
4955633194611835742 | 68 | 5.49866 | 29
-8535477684485880132 | 69 | 6.37345e-322 | 3
-8535477684485880131 | 69 | 5.49866 | 26
1375788704737791354 | 70 | 5.49866 | 26
2751577409475582708 | 71 | 5.49866 | 26
5503154818951165416 | 72 | 5.49866 | 26
-7440434435807220784 | 73 | 6.90513e-310 | 10
-7440434435807220783 | 73 | 2.52884 | 16
3565875202095110051 | 74 | 2.52884 | 16
7131750404190220102 | 75 | 2.52884 | 16
-4183243265329111412 | 76 | 2.52884 | 16
-8366486530658222823 | 77 | 2.52884 | 16
1713771012393105970 | 78 | 2.52884 | 16
3427542024786211940 | 79 | 2.52884 | 16
6855084049572423880 | 80 | 2.52884 | 16
-4736575974564703856 | 81 | 2.52884 | 16
8973592124580143904 | 82 | 3.69998 | 2
8973592124580143905 | 82 | 2.43031 | 14
-499559824549263806 | 83 | 2.43031 | 14
-999119649098527612 | 84 | 4.63978e-310 | 10
-999119649098527611 | 84 | 1.38896 | 4
615176636636328455 | 61 | 6.18273 | 33
1230353273272656911 | 62 | 6.18273 | 33
2460706546545313822 | 63 | 3.6839 | 16
4921413093090627645 | 64 | 3.6839 | 16
-8603917887528296326 | 65 | 3.6839 | 16
1238908298652958965 | 66 | 3.6839 | 16
2477816597305917930 | 67 | 13.5711 | 2
2477816597305917931 | 67 | 3.03112 | 14
4955633194611835863 | 68 | 3.03112 | 14
-8535477684485879890 | 69 | 3.03112 | 14
1375788704737791836 | 70 | 3.03112 | 14
2751577409475583673 | 71 | 3.03112 | 14
5503154818951167347 | 72 | 3.03112 | 14
-7440434435807216922 | 73 | 3.03112 | 14
3565875202095117772 | 74 | 3.03112 | 14
7131750404190235544 | 75 | 4.63978e-310 | 9
7131750404190235545 | 75 | 1.58101e-322 | 5
2460706546545313823 | 63 | 2.37716 | 17
4921413093090627646 | 64 | 2.37716 | 17
-8603917887528296324 | 65 | 2.37716 | 17
1238908298652958969 | 66 | 2.37716 | 17
2477816597305917938 | 67 | 2.37716 | 17
4955633194611835876 | 68 | 2.37716 | 17
-8535477684485879864 | 69 | 6.96082 | 9
-8535477684485879863 | 69 | 1.74655 | 8
9612134947442633 | 55 | 9.80042 | 51
19224269894885267 | 56 | 9.80042 | 51
38448539789770534 | 57 | 7.0446 | 12
76897079579541069 | 58 | 7.0446 | 12
153794159159082138 | 59 | 1.58101e-322 | 6
153794159159082139 | 59 | 6.99121 | 6
38448539789770535 | 57 | 8.88888 | 39
76897079579541071 | 58 | 8.88888 | 39
153794159159082143 | 59 | 8.88888 | 39
307588318318164287 | 60 | 8.88888 | 39
615176636636328575 | 61 | 8.88888 | 39
1230353273272657150 | 62 | 8.88888 | 39
2460706546545314301 | 63 | 8.88888 | 39
4921413093090628602 | 64 | 8.18338 | 38
-8603917887528294412 | 65 | 8.18338 | 38
1238908298652962792 | 66 | 8.18338 | 38
2477816597305925584 | 67 | 8.18338 | 38
4955633194611851168 | 68 | 8.18338 | 38
-8535477684485849279 | 69 | 8.18338 | 38
1375788704737853059 | 70 | 8.18338 | 38
2751577409475706118 | 71 | 8.18338 | 38
5503154818951412236 | 72 | 8.18338 | 38
-7440434435806727143 | 73 | 8.18338 | 38
3565875202096097331 | 74 | 8.18338 | 38
7131750404192194663 | 75 | 8.18338 | 38
-4183243265325162289 | 76 | 8.18338 | 38
-8366486530650324578 | 77 | 8.18338 | 38
1713771012408902460 | 78 | 8.18338 | 38
3427542024817804920 | 79 | 8.18338 | 38
6855084049635609840 | 80 | 8.18338 | 38
-4736575974438331936 | 81 | 8.18338 | 38
8973592124832887744 | 82 | 8.18338 | 38
-499559824043776127 | 83 | 8.18338 | 38
-999119648087552253 | 84 | 8.18338 | 38
-1998239296175104506 | 85 | 8.18338 | 38
-3996478592350209012 | 86 | 8.18338 | 38
-7992957184700418024 | 87 | 3.06463 | 12
2460829704308715569 | 88 | 3.06463 | 12
4921659408617431139 | 89 | 3.06463 | 12
-8603425256474689338 | 90 | 3.06463 | 12
1239893560760172940 | 91 | 1.97362 | 2
1239893560760172941 | 91 | 6.39502 | 10
-7992957184700418023 | 87 | 7.31052 | 26
2460829704308715571 | 88 | 7.31052 | 26
4921659408617431143 | 89 | 7.31052 | 26
-8603425256474689330 | 90 | 7.31052 | 15
1239893560760172956 | 91 | 7.31052 | 15
2479787121520345912 | 92 | 7.31052 | 15
4959574243040691825 | 93 | 7.31052 | 15
-8527595587628167965 | 94 | 7.31052 | 15
1391552898453215686 | 95 | 7.31052 | 15
2783105796906431373 | 96 | 7.31052 | 15
5566211593812862746 | 97 | 3.64159 | 13
-7314320886083826124 | 98 | 3.64159 | 13
3818102301541899369 | 99 | 3.64159 | 13
7636204603083798738 | 100 | 1.80896 | 8
7636204603083798739 | 100 | 8.83579 | 5
5566211593812862747 | 97 | 4.63978e-310 | 2
-8603425256474689329 | 90 | 3.6051 | 11
1239893560760172958 | 91 | 3.6051 | 11
2479787121520345917 | 92 | 3.6051 | 11
4959574243040691834 | 93 | 3.6051 | 11
-8527595587628167947 | 94 | 3.6051 | 11
1391552898453215722 | 95 | 3.6051 | 11
2783105796906431444 | 96 | 3.6051 | 11
5566211593812862888 | 97 | 3.6051 | 11
-7314320886083825840 | 98 | 12.7344 | 9
-7314320886083825839 | 98 | 0 | 2
4921413093090628603 | 64 | 4.63978e-310 | 1
600758434215165 | 51 | 12.108 | 64
1201516868430330 | 52 | 4.63978e-310 | 1
1201516868430331 | 52 | 10.8188 | 63
2403033736860663 | 53 | 10.8188 | 63
4806067473721326 | 54 | 10.8188 | 63
9612134947442653 | 55 | 10.8188 | 63
19224269894885306 | 56 | 10.8188 | 63
38448539789770613 | 57 | 10.8188 | 63
76897079579541226 | 58 | 2.37152e-322 | 1
76897079579541227 | 58 | 9.32622 | 62
153794159159082454 | 59 | 9.32622 | 62
307588318318164908 | 60 | 9.32622 | 62
615176636636329816 | 61 | 9.32622 | 62
1230353273272659632 | 62 | 9.32622 | 62
2460706546545319265 | 63 | 9.32622 | 62
4921413093090638531 | 64 | 9.32622 | 62
-8603917887528274554 | 65 | 9.32622 | 17
1238908298653002509 | 66 | 9.32622 | 17
2477816597306005019 | 67 | 9.32622 | 17
4955633194612010038 | 68 | 9.32622 | 17
-8535477684485531540 | 69 | 9.32622 | 17
1375788704738488536 | 70 | 4.37161 | 12
2751577409476977073 | 71 | 4.37161 | 12
5503154818953954147 | 72 | 4.37161 | 12
-7440434435801643322 | 73 | 6.90513e-310 | 10
-7440434435801643321 | 73 | 1.58101e-322 | 2
1375788704738488537 | 70 | 4.63978e-310 | 5
-8603917887528274553 | 65 | 3.90111 | 45
1238908298653002510 | 66 | 3.90111 | 45
2477816597306005021 | 67 | 3.90111 | 45
4955633194612010042 | 68 | 3.90111 | 45
-8535477684485531532 | 69 | 3.70781 | 33
1375788704738488553 | 70 | 3.70781 | 33
2751577409476977106 | 71 | 3.19299 | 28
5503154818953954213 | 72 | 3.19299 | 28
-7440434435801643189 | 73 | 3.19299 | 28
3565875202106265239 | 74 | 3.19299 | 28
7131750404212530479 | 75 | 3.19299 | 28
-4183243265284490657 | 76 | 3.19299 | 28
-8366486530568981314 | 77 | 3.19299 | 28
1713771012571588988 | 78 | 2.8463 | 16
3427542025143177977 | 79 | 2.8463 | 16
6855084050286355955 | 80 | 2.8463 | 16
-4736575973136839706 | 81 | 2.8463 | 16
8973592127435872204 | 82 | 2.8463 | 16
-499559818837807207 | 83 | 2.8463 | 16
-999119637675614414 | 84 | 2.8463 | 16
-1998239275351228828 | 85 | 2.8463 | 16
-3996478550702457655 | 86 | 2.8463 | 16
-7992957101404915310 | 87 | 2.8463 | 16
2460829870899720997 | 88 | 2.8463 | 16
4921659741799441995 | 89 | 2.8463 | 16
-8603424590110667625 | 90 | 2.8463 | 16
1239894893488216367 | 91 | 2.8463 | 16
2479789786976432735 | 92 | 2.8463 | 16
4959579573952865470 | 93 | 2.8463 | 16
-8527584925803820676 | 94 | 17.283 | 8
-8527584925803820675 | 94 | 50.336 | 8
1713771012571588989 | 78 | 2.5662 | 12
3427542025143177978 | 79 | 40.0105 | 1
3427542025143177979 | 79 | 2.184 | 11
6855084050286355959 | 80 | 2.184 | 11
-4736575973136839697 | 81 | 2.184 | 11
8973592127435872222 | 82 | 4.63978e-310 | 3
8973592127435872223 | 82 | 4.63978e-310 | 8
2751577409476977107 | 71 | 4.63978e-310 | 5
-8535477684485531531 | 69 | 2.28097 | 12
1375788704738488554 | 70 | 2.28097 | 12
2751577409476977108 | 71 | 2.28097 | 12
5503154818953954216 | 72 | 2.28097 | 12
-7440434435801643184 | 73 | 4.63978e-310 | 8
-7440434435801643183 | 73 | 4.63978e-310 | 4
2346712633653 | 43 | 8.78809 | 34
4693425267307 | 44 | 8.78809 | 34
9386850534615 | 45 | 8.78809 | 34
18773701069230 | 46 | 8.78809 | 34
37547402138460 | 47 | 8.44271 | 18
75094804276920 | 48 | 4.63978e-310 | 5
75094804276921 | 48 | 4.44811 | 13
150189608553842 | 49 | 4.44811 | 13
300379217107685 | 50 | 4.44811 | 13
600758434215370 | 51 | 4.63978e-310 | 5
600758434215371 | 51 | 4.63978e-310 | 8
37547402138461 | 47 | 8.64643 | 16
75094804276922 | 48 | 8.64643 | 16
150189608553844 | 49 | 8.64643 | 16
300379217107689 | 50 | 8.64643 | 16
600758434215379 | 51 | 8.64643 | 16
1201516868430758 | 52 | 1.63042e-322 | 1
1201516868430759 | 52 | 7.8837 | 15
2403033736861519 | 53 | 7.8837 | 15
4806067473723039 | 54 | 7.8837 | 15
9612134947446079 | 55 | 7.8837 | 15
19224269894892159 | 56 | 7.8837 | 15
38448539789784318 | 57 | 1.63042e-322 | 10
38448539789784319 | 57 | 3.21143e-322 | 5
71615987 | 28 | 4.63978e-310 | 3
139875 | 19 | 4.63978e-310 | 8
8743 | 15 | 11.3434 | 35
17486 | 16 | 4.37569 | 13
34972 | 17 | 4.37569 | 13
69944 | 18 | 4.37569 | 13
139889 | 19 | 4.37569 | 13
279779 | 20 | 4.37569 | 13
559559 | 21 | 4.37569 | 13
1119118 | 22 | 4.63978e-310 | 4
1119119 | 22 | 4.63978e-310 | 9
17487 | 16 | 7.55925 | 22
34974 | 17 | 5.44763 | 11
69948 | 18 | 5.44763 | 11
139896 | 19 | 4.63978e-310 | 1
139897 | 19 | 4.63978e-310 | 10
34975 | 17 | 7.55925 | 11
69951 | 18 | 7.55925 | 11
139903 | 19 | 7.55925 | 11
279806 | 20 | 7.55925 | 11
559612 | 21 | 7.55925 | 11
1119225 | 22 | 7.55925 | 11
2238450 | 23 | 7.55925 | 11
4476901 | 24 | 7.55925 | 11
8953802 | 25 | 7.55925 | 11
17907605 | 26 | 7.55925 | 11
35815211 | 27 | 7.55925 | 11
71630423 | 28 | 7.55925 | 11
143260847 | 29 | 7.55925 | 11
286521694 | 30 | 7.55925 | 11
573043388 | 31 | 3.21143e-322 | 7
573043389 | 31 | 1.63042e-322 | 4
69 | 8 | 28.6867 | 734
139 | 9 | 28.6867 | 734
278 | 10 | 18.7379 | 81
556 | 11 | 18.7379 | 81
1112 | 12 | 17.2991 | 50
2224 | 13 | 17.2991 | 50
4449 | 14 | 17.2991 | 50
8899 | 15 | 17.2991 | 50
17799 | 16 | 17.2991 | 50
35598 | 17 | 17.2991 | 50
71196 | 18 | 17.2991 | 50
142393 | 19 | 17.2991 | 50
284786 | 20 | 17.2991 | 50
569573 | 21 | 17.2991 | 50
1139146 | 22 | 17.2991 | 50
2278292 | 23 | 22.533 | 4
2278293 | 23 | 14.8774 | 46
4556586 | 24 | 14.8774 | 46
9113173 | 25 | 14.8774 | 46
18226346 | 26 | 14.8774 | 46
36452693 | 27 | 14.8774 | 46
72905387 | 28 | 14.8774 | 46
145810774 | 29 | 9.06305 | 1
145810775 | 29 | 14.4014 | 45
291621550 | 30 | 13.1771 | 34
583243100 | 31 | 13.1771 | 34
1166486200 | 32 | 4.63978e-310 | 9
1166486201 | 32 | 10.7005 | 25
2332972403 | 33 | 10.7005 | 25
4665944807 | 34 | 10.7005 | 25
9331889614 | 35 | 6.90513e-310 | 10
9331889615 | 35 | 4.9778 | 15
18663779230 | 36 | 4.9778 | 15
37327558461 | 37 | 4.9778 | 15
74655116922 | 38 | 4.63978e-310 | 1
74655116923 | 38 | 4.59948 | 14
149310233847 | 39 | 4.59948 | 14
298620467694 | 40 | 4.63978e-310 | 8
298620467695 | 40 | 4.63978e-310 | 6
291621551 | 30 | 14.4014 | 11
583243102 | 31 | 14.4014 | 11
1166486205 | 32 | 14.4014 | 11
2332972411 | 33 | 14.4014 | 11
4665944823 | 34 | 14.4014 | 11
9331889646 | 35 | 4.63978e-310 | 5
9331889647 | 35 | 4.63978e-310 | 6
1113 | 12 | 13.5831 | 31
2227 | 13 | 13.5831 | 31
4454 | 14 | 12.0659 | 29
8909 | 15 | 12.0659 | 29
17819 | 16 | 12.0659 | 29
35638 | 17 | 12.0659 | 29
71277 | 18 | 12.0659 | 29
142555 | 19 | 12.0659 | 29
285110 | 20 | 12.0659 | 29
570220 | 21 | 12.0659 | 29
1140440 | 22 | 12.0659 | 29
2280881 | 23 | 12.0659 | 29
4561762 | 24 | 12.0659 | 29
9123524 | 25 | 12.0659 | 29
18247048 | 26 | 6.90513e-310 | 2
18247049 | 26 | 10.036 | 27
36494099 | 27 | 10.036 | 27
72988199 | 28 | 10.036 | 27
145976399 | 29 | 10.036 | 27
291952799 | 30 | 10.036 | 27
583905598 | 31 | 10.036 | 27
1167811196 | 32 | 4.63978e-310 | 5
1167811197 | 32 | 8.54108 | 22
2335622394 | 33 | 8.54108 | 22
4671244789 | 34 | 8.54108 | 22
9342489578 | 35 | 8.54108 | 22
18684979157 | 36 | 8.54108 | 22
37369958314 | 37 | 7.71155 | 20
74739916629 | 38 | 7.71155 | 20
149479833259 | 39 | 7.71155 | 20
298959666518 | 40 | 7.71155 | 20
597919333037 | 41 | 7.71155 | 20
1195838666074 | 42 | 7.11042 | 14
2391677332149 | 43 | 7.11042 | 14
4783354664298 | 44 | 6.90513e-310 | 1
4783354664299 | 44 | 6.80007 | 13
9566709328599 | 45 | 6.80007 | 13
19133418657198 | 46 | 6.80007 | 13
38266837314396 | 47 | 14.695 | 1
38266837314397 | 47 | 5.92142 | 12
76533674628795 | 48 | 5.92142 | 12
153067349257590 | 49 | 5.92142 | 12
306134698515180 | 50 | 4.63978e-310 | 4
306134698515181 | 50 | 4.63978e-310 | 8
1195838666075 | 42 | 4.63978e-310 | 6
37369958315 | 37 | 4.63978e-310 | 2
4455 | 14 | 4.63978e-310 | 2
279 | 10 | 24.5727 | 653
558 | 11 | 24.5727 | 653
1116 | 12 | 24.5727 | 653
2233 | 13 | 24.5727 | 653
4466 | 14 | 24.5727 | 653
8933 | 15 | 24.5727 | 653
17867 | 16 | 24.5727 | 653
35735 | 17 | 24.5727 | 653
71471 | 18 | 24.5727 | 653
142942 | 19 | 4.63978e-310 | 6
142943 | 19 | 24.5369 | 647
285886 | 20 | 21.4642 | 514
571772 | 21 | 21.4642 | 514
1143545 | 22 | 21.4642 | 514
2287090 | 23 | 21.4642 | 514
4574180 | 24 | 21.4642 | 514
9148361 | 25 | 21.4642 | 514
18296722 | 26 | 21.4642 | 514
36593444 | 27 | 21.4642 | 514
73186888 | 28 | 21.4642 | 514
146373776 | 29 | 21.4642 | 514
292747553 | 30 | 21.4642 | 514
585495106 | 31 | 15.6066 | 406
1170990213 | 32 | 15.6066 | 406
2341980426 | 33 | 15.6066 | 258
4683960852 | 34 | 15.6066 | 258
9367921704 | 35 | 11.1432 | 83
18735843408 | 36 | 11.1432 | 83
37471686816 | 37 | 1.58595e-321 | 6
37471686817 | 37 | 9.69721 | 77
74943373634 | 38 | 9.69721 | 77
149886747268 | 39 | 9.69721 | 77
299773494537 | 40 | 9.69721 | 77
599546989075 | 41 | 9.69721 | 77
1199093978150 | 42 | 9.19225 | 73
2398187956300 | 43 | 9.19225 | 73
4796375912600 | 44 | 9.19225 | 73
9592751825200 | 45 | 8.93148 | 71
19185503650401 | 46 | 8.93148 | 71
38371007300802 | 47 | 8.93148 | 71
76742014601604 | 48 | 8.93148 | 71
153484029203208 | 49 | 4.40645 | 19
306968058406416 | 50 | 4.40645 | 19
613936116812832 | 51 | 4.21839 | 11
1227872233625665 | 52 | 4.21839 | 11
2455744467251330 | 53 | 4.21839 | 11
4911488934502660 | 54 | 0 | 2
4911488934502661 | 54 | 3.81634 | 9
613936116812833 | 51 | 4.63978e-310 | 8
153484029203209 | 49 | 5.7348 | 52
306968058406418 | 50 | 5.7348 | 52
613936116812837 | 51 | 5.7348 | 52
1227872233625675 | 52 | 5.7348 | 52
2455744467251350 | 53 | 5.7348 | 52
4911488934502701 | 54 | 5.7348 | 52
9822977869005403 | 55 | 5.7348 | 52
19645955738010806 | 56 | 5.7348 | 52
39291911476021612 | 57 | 5.4295 | 48
78583822952043225 | 58 | 5.4295 | 48
157167645904086451 | 59 | 5.4295 | 48
314335291808172903 | 60 | 5.4295 | 48
628670583616345806 | 61 | 5.4295 | 48
1257341167232691612 | 62 | 5.4295 | 48
2514682334465383224 | 63 | 5.4295 | 48
5029364668930766448 | 64 | 3.65392 | 23
-8388014735848018720 | 65 | 3.65392 | 23
1670714602013514176 | 66 | 3.65392 | 23
3341429204027028352 | 67 | 3.65392 | 23
6682858408054056705 | 68 | 3.65392 | 23
-5081027257601438206 | 69 | 3.65392 | 23
8284689558506675205 | 70 | 3.65392 | 23
-1877364956696201206 | 71 | 3.65392 | 23
-3754729913392402412 | 72 | 3.65392 | 23
-7509459826784804823 | 73 | 3.65392 | 23
3427824420139941970 | 74 | 3.65392 | 23
6855648840279883940 | 75 | 1.01378 | 2
6855648840279883941 | 75 | 2.863 | 21
-4735446393149783734 | 76 | 2.863 | 21
8975851287409984149 | 77 | 2.863 | 21
-495041498889583318 | 78 | 2.45435 | 19
-990082997779166636 | 79 | 2.45435 | 19
-1980165995558333272 | 80 | 2.45435 | 19
-3960331991116666544 | 81 | 0.0380849 | 3
-3960331991116666543 | 81 | 1.88616 | 16
-7920663982233333085 | 82 | 1.88616 | 16
2605416109242885446 | 83 | 1.88616 | 16
5210832218485770893 | 84 | 1.88616 | 16
-8025079636738009829 | 85 | 1.88616 | 16
2396584800233531958 | 86 | 1.88616 | 16
4793169600467063916 | 87 | 1.88616 | 16
-8860404872775423784 | 88 | 1.88616 | 16
725934328158704049 | 89 | 1.88616 | 16
1451868656317408099 | 90 | 1.88616 | 16
2903737312634816199 | 91 | 1.88616 | 16
5807474625269632398 | 92 | 1.88616 | 16
-6831794823170286819 | 93 | 1.88616 | 16
4783154427368977978 | 94 | 1.88616 | 16
-8880435218971595659 | 95 | 1.88616 | 16
685873635766360298 | 96 | 1.88616 | 16
1371747271532720596 | 97 | 1.88616 | 16
2743494543065441193 | 98 | 1.88616 | 16
5486989086130882387 | 99 | 1.88616 | 16
-7472765901447786842 | 100 | 1.88616 | 16
3501212270813977932 | 101 | 0.563325 | 8
3501212270813977933 | 101 | 1.52666 | 8
-495041498889583317 | 78 | 4.63978e-310 | 2
5029364668930766449 | 64 | 3.54884 | 25
-8388014735848018718 | 65 | 3.54884 | 25
1670714602013514180 | 66 | 2.20035 | 17
3341429204027028360 | 67 | 4.63978e-310 | 9
3341429204027028361 | 67 | 4.63978e-310 | 8
1670714602013514181 | 66 | 4.63978e-310 | 8
39291911476021613 | 57 | 4.63978e-310 | 4
9592751825201 | 45 | 4.63978e-310 | 2
1199093978151 | 42 | 4.63978e-310 | 4
9367921705 | 35 | 15.5186 | 175
18735843410 | 36 | 15.5186 | 175
37471686820 | 37 | 15.5186 | 175
74943373640 | 38 | 12.3772 | 11
149886747281 | 39 | 12.3772 | 11
299773494562 | 40 | 12.3772 | 11
599546989125 | 41 | 12.3772 | 11
1199093978250 | 42 | 12.3772 | 11
2398187956500 | 43 | 12.3772 | 11
4796375913000 | 44 | 12.3772 | 11
9592751826000 | 45 | 12.3772 | 11
19185503652001 | 46 | 12.3772 | 11
38371007304002 | 47 | 12.3772 | 11
76742014608004 | 48 | 12.3772 | 11
153484029216009 | 49 | 12.3772 | 11
306968058432018 | 50 | 12.3772 | 11
613936116864036 | 51 | 12.3772 | 11
1227872233728072 | 52 | 1.90215e-321 | 2
1227872233728073 | 52 | 6.90513e-310 | 9
74943373641 | 38 | 13.089 | 164
149886747282 | 39 | 13.089 | 164
299773494564 | 40 | 13.089 | 164
599546989128 | 41 | 13.089 | 164
1199093978256 | 42 | 13.089 | 164
2398187956512 | 43 | 13.089 | 164
4796375913024 | 44 | 6.67937 | 114
9592751826048 | 45 | 6.67937 | 114
19185503652097 | 46 | 6.67937 | 114
38371007304194 | 47 | 6.67937 | 114
76742014608389 | 48 | 6.67937 | 114
153484029216778 | 49 | 6.52661 | 65
306968058433556 | 50 | 6.52661 | 65
613936116867112 | 51 | 6.52661 | 65
1227872233734225 | 52 | 6.52661 | 65
2455744467468451 | 53 | 6.52661 | 65
4911488934936902 | 54 | 6.52661 | 65
9822977869873804 | 55 | 1.58101e-322 | 1
9822977869873805 | 55 | 6.52661 | 64
19645955739747610 | 56 | 4.66258 | 40
39291911479495220 | 57 | 2.43281 | 6
39291911479495221 | 57 | 3.60358 | 34
78583822958990442 | 58 | 3.60358 | 34
157167645917980885 | 59 | 3.60358 | 34
314335291835961770 | 60 | 3.53333 | 6
314335291835961771 | 60 | 3.01897 | 28
628670583671923543 | 61 | 3.01897 | 28
1257341167343847087 | 62 | 3.01897 | 28
2514682334687694174 | 63 | 2.43891 | 26
5029364669375388349 | 64 | 2.43891 | 26
-8388014734958774917 | 65 | 2.43891 | 26
1670714603792001782 | 66 | 2.43891 | 26
3341429207584003564 | 67 | 2.43891 | 26
6682858415168007128 | 68 | 2.43891 | 26
-5081027243373537359 | 69 | 2.43891 | 26
8284689586962476898 | 70 | 2.43891 | 26
-1877364899784597820 | 71 | 2.43891 | 26
-3754729799569195640 | 72 | 2.43891 | 26
-7509459599138391280 | 73 | 2.43891 | 26
3427824875432769056 | 74 | 2.43891 | 25
6855649750865538112 | 75 | 4.63978e-310 | 8
6855649750865538113 | 75 | 1.71407 | 17
-4735444571978475389 | 76 | 1.71407 | 17
8975854929752600838 | 77 | 1.52118 | 12
-495034214204349939 | 78 | 1.52118 | 12
-990068428408699878 | 79 | 1.52118 | 12
-1980136856817399755 | 80 | 1.52118 | 12
-3960273713634799510 | 81 | 1.52118 | 12
-7920547427269599020 | 82 | 1.29394 | 4
-7920547427269599019 | 82 | 0.256587 | 8
8975854929752600839 | 77 | 4.63978e-310 | 5
3427824875432769057 | 74 | 4.63978e-310 | 1
2514682334687694175 | 63 | 4.63978e-310 | 2
19645955739747611 | 56 | 6.52661 | 24
39291911479495223 | 57 | 6.52661 | 24
78583822958990447 | 58 | 6.52661 | 24
157167645917980895 | 59 | 6.52661 | 24
314335291835961790 | 60 | 4.53317 | 14
628670583671923580 | 61 | 4.53317 | 14
1257341167343847160 | 62 | 4.53317 | 14
2514682334687694320 | 63 | 4.63978e-310 | 1
2514682334687694321 | 63 | 2.54532 | 13
5029364669375388643 | 64 | 2.54532 | 13
-8388014734958774329 | 65 | 2.54532 | 13
1670714603792002958 | 66 | 2.54532 | 13
3341429207584005917 | 67 | 2.54532 | 13
6682858415168011834 | 68 | 2.54532 | 13
-5081027243373527948 | 69 | 2.54532 | 13
8284689586962495721 | 70 | 2.54532 | 13
-1877364899784560174 | 71 | 1.72141 | 7
-1877364899784560173 | 71 | 0.0547319 | 6
314335291835961791 | 60 | 4.63978e-310 | 10
153484029216779 | 49 | 4.11091 | 49
306968058433558 | 50 | 4.11091 | 49
613936116867117 | 51 | 4.11091 | 49
1227872233734234 | 52 | 4.11091 | 49
2455744467468468 | 53 | 4.11091 | 49
4911488934936936 | 54 | 4.11091 | 49
9822977869873872 | 55 | 4.11091 | 49
19645955739747744 | 56 | 4.79244e-322 | 2
19645955739747745 | 56 | 3.88948 | 47
39291911479495490 | 57 | 6.90513e-310 | 4
39291911479495491 | 57 | 2.93266 | 43
78583822958990983 | 58 | 2.93266 | 43
157167645917981966 | 59 | 2.93266 | 43
314335291835963932 | 60 | 2.93266 | 43
628670583671927865 | 61 | 2.93266 | 43
1257341167343855730 | 62 | 3.21143e-322 | 4
1257341167343855731 | 62 | 2.82339 | 39
2514682334687711462 | 63 | 2.82339 | 39
5029364669375422924 | 64 | 2.82339 | 39
-8388014734958705768 | 65 | 2.82339 | 39
1670714603792140081 | 66 | 2.82339 | 39
3341429207584280163 | 67 | 2.82339 | 39
6682858415168560327 | 68 | 2.82339 | 39
-5081027243372430962 | 69 | 2.34711 | 26
8284689586964689692 | 70 | 2.34711 | 26
-1877364899780172232 | 71 | 2.34711 | 26
-3754729799560344464 | 72 | 2.34711 | 26
-7509459599120688928 | 73 | 2.34711 | 26
3427824875468173761 | 74 | 2.34711 | 26
6855649750936347522 | 75 | 2.34711 | 26
-4735444571836856571 | 76 | 2.34711 | 26
8975854930035838474 | 77 | 2.34711 | 26
-495034213637874668 | 78 | 2.34711 | 26
-990068427275749335 | 79 | 2.34711 | 26
-1980136854551498669 | 80 | 2.34711 | 26
-3960273709102997338 | 81 | 0.272527 | 8
-3960273709102997337 | 81 | 2.02087 | 18
-7920547418205994674 | 82 | 3.20529 | 5
-7920547418205994673 | 82 | 1.42559 | 13
2605649237297562271 | 83 | 1.42559 | 13
5211298474595124543 | 84 | 1.42559 | 13
-8024147124519302529 | 85 | 1.42559 | 13
2398449824670946558 | 86 | 1.42559 | 13
4796899649341893116 | 87 | 1.42559 | 13
-8852944775025765384 | 88 | 1.42559 | 13
740854523658020848 | 89 | 1.42559 | 13
1481709047316041696 | 90 | 0 | 2
1481709047316041697 | 90 | 1.42559 | 11
2963418094632083394 | 91 | 1.42559 | 11
5926836189264166788 | 92 | 1.42559 | 11
-6593071695181218040 | 93 | 1.42559 | 11
5260600683347115536 | 94 | 1.42559 | 11
-7925542707015320544 | 95 | 1.42559 | 11
2595658659678910528 | 96 | 1.42559 | 11
5191317319357821056 | 97 | 1.42559 | 11
-8064109434993909504 | 98 | 1.42559 | 11
2318525203721732608 | 99 | 1.42559 | 11
4637050407443465217 | 100 | 1.42559 | 11
-9172643258822621182 | 101 | 6.37345e-322 | 10
-9172643258822621181 | 101 | 4.65445 | 1
-5081027243372430961 | 69 | 1.72448 | 13
8284689586964689694 | 70 | 1.72448 | 13
-1877364899780172228 | 71 | 1.72448 | 13
-3754729799560344455 | 72 | 1.72448 | 13
-7509459599120688909 | 73 | 1.72448 | 13
3427824875468173798 | 74 | 4.63978e-310 | 9
3427824875468173799 | 74 | 4.63978e-310 | 4
4796375913025 | 44 | 11.6764 | 50
9592751826051 | 45 | 11.6764 | 50
19185503652102 | 46 | 11.6764 | 50
38371007304205 | 47 | 11.6764 | 50
76742014608410 | 48 | 11.6764 | 50
153484029216821 | 49 | 11.6764 | 50
306968058433642 | 50 | 11.6764 | 50
613936116867285 | 51 | 11.6764 | 50
1227872233734570 | 52 | 1.63042e-322 | 1
1227872233734571 | 52 | 6.58544 | 49
2455744467469142 | 53 | 6.58544 | 49
4911488934938284 | 54 | 6.15285 | 28
9822977869876568 | 55 | 6.15285 | 28
19645955739753136 | 56 | 6.90513e-310 | 10
19645955739753137 | 56 | 5.4077 | 18
39291911479506275 | 57 | 5.4077 | 18
78583822959012550 | 58 | 5.4077 | 18
157167645918025100 | 59 | 5.4077 | 18
314335291836050200 | 60 | 5.4077 | 18
628670583672100400 | 61 | 5.4077 | 18
1257341167344200800 | 62 | 5.4077 | 18
2514682334688401601 | 63 | 5.4077 | 18
5029364669376803202 | 64 | 1.37973 | 3
5029364669376803203 | 64 | 2.91334 | 15
-8388014734955945210 | 65 | 10.9742 | 2
-8388014734955945209 | 65 | 2.8931 | 13
1670714603797661198 | 66 | 2.8931 | 13
3341429207595322397 | 67 | 2.8931 | 13
6682858415190644794 | 68 | 2.84097 | 1
6682858415190644795 | 68 | 2.8931 | 12
-5081027243328262025 | 69 | 2.8931 | 12
8284689587053027566 | 70 | 2.8931 | 12
-1877364899603496483 | 71 | 2.8931 | 12
-3754729799206992965 | 72 | 2.8931 | 12
-7509459598413985929 | 73 | 2.8931 | 12
3427824876881579759 | 74 | 2.8931 | 12
6855649753763159518 | 75 | 2.8931 | 12
-4735444566183232580 | 76 | 2.8931 | 12
8975854941343086457 | 77 | 2.8931 | 12
-495034191023378702 | 78 | 2.8931 | 12
-990068382046757404 | 79 | 3.79357 | 10
-990068382046757403 | 79 | 10.6162 | 2
4911488934938285 | 54 | 5.6677 | 21
9822977869876570 | 55 | 4.63978e-310 | 1
9822977869876571 | 55 | 3.38005 | 20
19645955739753142 | 56 | 4.63978e-310 | 7
19645955739753143 | 56 | 1.73271 | 13
39291911479506286 | 57 | 1.73271 | 13
78583822959012572 | 58 | 1.73271 | 13
157167645918025145 | 59 | 1.73271 | 13
314335291836050291 | 60 | 1.73271 | 13
628670583672100582 | 61 | 1.73271 | 13
1257341167344201164 | 62 | 1.73271 | 13
2514682334688402328 | 63 | 4.63978e-310 | 2
2514682334688402329 | 63 | 1.73271 | 11
5029364669376804659 | 64 | 1.73271 | 11
-8388014734955942298 | 65 | 1.73271 | 11
1670714603797667021 | 66 | 1.73271 | 11
3341429207595334043 | 67 | 1.73271 | 11
6682858415190668086 | 68 | 1.56967 | 1
6682858415190668087 | 68 | 0.0967986 | 10
2341980427 | 33 | 13.2632 | 148
4683960854 | 34 | 13.2632 | 148
9367921708 | 35 | 4.63759 | 64
18735843416 | 36 | 4.63759 | 64
37471686832 | 37 | 3.69315 | 32
74943373664 | 38 | 3.69315 | 32
149886747329 | 39 | 3.69315 | 32
299773494658 | 40 | 3.69315 | 32
599546989316 | 41 | 3.69315 | 32
1199093978632 | 42 | 2.1745 | 16
2398187957264 | 43 | 2.1745 | 15
4796375914529 | 44 | 2.1745 | 15
9592751829058 | 45 | 2.1745 | 15
19185503658117 | 46 | 2.1745 | 15
38371007316234 | 47 | 2.1745 | 15
76742014632469 | 48 | 2.1745 | 15
153484029264939 | 49 | 2.1745 | 15
306968058529878 | 50 | 6.90513e-310 | 7
306968058529879 | 50 | 3.21143e-322 | 8
2398187957265 | 43 | 4.63978e-310 | 1
1199093978633 | 42 | 2.35501 | 16
2398187957266 | 43 | 4.63978e-310 | 3
2398187957267 | 43 | 1.87788 | 13
4796375914534 | 44 | 4.63978e-310 | 3
4796375914535 | 44 | 4.63978e-310 | 10
37471686833 | 37 | 3.35072 | 32
74943373667 | 38 | 3.35072 | 32
149886747335 | 39 | 3.35072 | 32
299773494670 | 40 | 3.35072 | 32
599546989340 | 41 | 4.63978e-310 | 4
599546989341 | 41 | 2.86187 | 28
1199093978682 | 42 | 2.86187 | 28
2398187957364 | 43 | 2.00368 | 18
4796375914728 | 44 | 2.00368 | 18
9592751829457 | 45 | 2.00368 | 18
19185503658915 | 46 | 2.00368 | 18
38371007317831 | 47 | 2.00368 | 18
76742014635663 | 48 | 2.00368 | 18
153484029271327 | 49 | 2.00368 | 18
306968058542654 | 50 | 2.00368 | 18
613936117085308 | 51 | 2.00368 | 18
1227872234170617 | 52 | 2.00368 | 18
2455744468341235 | 53 | 2.00368 | 18
4911488936682470 | 54 | 6.30297 | 4
4911488936682471 | 54 | 1.30676 | 14
9822977873364943 | 55 | 1.30676 | 14
19645955746729886 | 56 | 1.30676 | 14
39291911493459773 | 57 | 1.30676 | 14
78583822986919546 | 58 | 1.30676 | 14
157167645973839093 | 59 | 1.30676 | 14
314335291947678186 | 60 | 6.07171 | 3
314335291947678187 | 60 | 1.21058 | 11
628670583895356374 | 61 | 1.21058 | 11
1257341167790712748 | 62 | 1.63042e-322 | 3
1257341167790712749 | 62 | 4.63978e-310 | 8
2398187957365 | 43 | 4.63978e-310 | 10
9367921709 | 35 | 12.1117 | 84
18735843419 | 36 | 12.1117 | 84
37471686838 | 37 | 12.1117 | 84
74943373676 | 38 | 4.58776 | 27
149886747352 | 39 | 4.58776 | 27
299773494705 | 40 | 4.58776 | 27
599546989410 | 41 | 4.58776 | 27
1199093978821 | 42 | 4.58776 | 27
2398187957643 | 43 | 4.58776 | 27
4796375915286 | 44 | 4.58776 | 27
9592751830572 | 45 | 4.51753 | 24
19185503661145 | 46 | 4.51753 | 24
38371007322291 | 47 | 4.51753 | 24
76742014644582 | 48 | 4.26197 | 7
76742014644583 | 48 | 4.01523 | 17
153484029289167 | 49 | 4.01523 | 17
306968058578335 | 50 | 4.01523 | 17
613936117156670 | 51 | 3.60436 | 14
1227872234313341 | 52 | 3.60436 | 14
2455744468626682 | 53 | 3.60436 | 14
4911488937253365 | 54 | 3.60436 | 14
9822977874506731 | 55 | 3.60436 | 14
19645955749013462 | 56 | 3.60436 | 14
39291911498026925 | 57 | 3.60436 | 14
78583822996053851 | 58 | 3.60436 | 14
157167645992107703 | 59 | 3.60436 | 14
314335291984215407 | 60 | 3.60436 | 14
628670583968430814 | 61 | 3.60436 | 14
1257341167936861629 | 62 | 3.60436 | 14
2514682335873723259 | 63 | 3.60436 | 14
5029364671747446519 | 64 | 3.60436 | 14
-8388014730214658578 | 65 | 3.60436 | 14
1670714613280234460 | 66 | 3.60436 | 14
3341429226560468921 | 67 | 3.60436 | 14
6682858453120937842 | 68 | 3.22916 | 12
-5081027167467675931 | 69 | 3.22916 | 12
8284689738774199755 | 70 | 3.22916 | 12
-1877364596161152106 | 71 | 3.22916 | 12
-3754729192322304211 | 72 | 3.22916 | 12
-7509458384644608421 | 73 | 3.22916 | 12
3427827304420334775 | 74 | 3.22916 | 12
6855654608840669550 | 75 | 3.22916 | 12
-4735434856028212515 | 76 | 3.22916 | 12
8975874361653126586 | 77 | 1.58595e-321 | 4
8975874361653126587 | 77 | 6.90513e-310 | 8
6682858453120937843 | 68 | 4.63978e-310 | 2
613936117156671 | 51 | 4.63978e-310 | 3
9592751830573 | 45 | 4.63978e-310 | 3
74943373677 | 38 | 11.4424 | 57
149886747355 | 39 | 11.4424 | 57
299773494710 | 40 | 8.62984 | 12
599546989420 | 41 | 8.62984 | 12
1199093978841 | 42 | 8.62984 | 12
2398187957682 | 43 | 8.62984 | 12
4796375915365 | 44 | 8.62984 | 12
9592751830731 | 45 | 8.62984 | 12
19185503661463 | 46 | 8.62984 | 12
38371007322927 | 47 | 8.62984 | 12
76742014645855 | 48 | 8.62984 | 12
153484029291710 | 49 | 8.62984 | 12
306968058583420 | 50 | 8.62984 | 12
613936117166841 | 51 | 8.62984 | 12
1227872234333682 | 52 | 8.62984 | 12
2455744468667365 | 53 | 8.62984 | 12
4911488937334730 | 54 | 8.62984 | 11
9822977874669461 | 55 | 8.62984 | 11
19645955749338923 | 56 | 8.62984 | 11
39291911498677847 | 57 | 8.62984 | 11
78583822997355694 | 58 | 8.62984 | 11
157167645994711388 | 59 | 8.62984 | 11
314335291989422777 | 60 | 8.62984 | 11
628670583978845555 | 61 | 8.62984 | 11
1257341167957691111 | 62 | 8.62984 | 11
2514682335915382223 | 63 | 8.62984 | 11
5029364671830764446 | 64 | 8.12065 | 2
5029364671830764447 | 64 | 3.21143e-322 | 9
4911488937334731 | 54 | 4.63978e-310 | 1
299773494711 | 40 | 4.34695 | 45
599546989422 | 41 | 4.34695 | 45
1199093978845 | 42 | 4.34695 | 45
2398187957691 | 43 | 4.34695 | 45
4796375915382 | 44 | 4.34695 | 45
9592751830764 | 45 | 4.34695 | 45
19185503661529 | 46 | 4.34695 | 45
38371007323059 | 47 | 4.34695 | 45
76742014646118 | 48 | 4.34695 | 43
153484029292236 | 49 | 4.34695 | 42
306968058584473 | 50 | 4.34695 | 42
613936117168946 | 51 | 4.34695 | 42
1227872234337892 | 52 | 4.34695 | 42
2455744468675785 | 53 | 4.34695 | 42
4911488937351570 | 54 | 4.34695 | 42
9822977874703140 | 55 | 4.34695 | 42
19645955749406280 | 56 | 4.34695 | 42
39291911498812560 | 57 | 4.28497 | 31
78583822997625121 | 58 | 4.28497 | 31
157167645995250242 | 59 | 2.78212 | 24
314335291990500484 | 60 | 2.78212 | 24
628670583981000968 | 61 | 2.78212 | 24
1257341167962001936 | 62 | 2.26128 | 18
2514682335924003873 | 63 | 2.26128 | 18
5029364671848007746 | 64 | 2.26128 | 18
-8388014730013536124 | 65 | 5.11338 | 2
-8388014730013536123 | 65 | 1.9829 | 16
1670714613682479371 | 66 | 1.9829 | 16
3341429227364958743 | 67 | 1.9829 | 16
6682858454729917486 | 68 | 4.6337 | 10
6682858454729917487 | 68 | 2.39487 | 6
1257341167962001937 | 62 | 4.63978e-310 | 6
157167645995250243 | 59 | 4.63978e-310 | 7
39291911498812561 | 57 | 4.20736 | 11
78583822997625123 | 58 | 4.20736 | 11
157167645995250247 | 59 | 4.20736 | 11
314335291990500494 | 60 | 4.20736 | 11
628670583981000988 | 61 | 4.20736 | 11
1257341167962001976 | 62 | 7.11455e-322 | 1
1257341167962001977 | 62 | 0.586804 | 10
153484029292237 | 49 | 4.63978e-310 | 1
76742014646119 | 48 | 4.63978e-310 | 2
585495107 | 31 | 13.4021 | 108
1170990214 | 32 | 13.4021 | 108
2341980428 | 33 | 10.8583 | 46
4683960857 | 34 | 10.8583 | 46
9367921715 | 35 | 10.8583 | 46
18735843430 | 36 | 10.8583 | 46
37471686860 | 37 | 10.8583 | 46
74943373720 | 38 | 10.8583 | 46
149886747440 | 39 | 10.8583 | 46
299773494880 | 40 | 10.8583 | 46
599546989761 | 41 | 10.8583 | 46
1199093979522 | 42 | 10.8583 | 46
2398187959045 | 43 | 10.8583 | 46
4796375918091 | 44 | 10.8583 | 46
9592751836182 | 45 | 10.8583 | 46
19185503672364 | 46 | 10.8583 | 46
38371007344729 | 47 | 10.8583 | 46
76742014689458 | 48 | 3.21143e-322 | 1
76742014689459 | 48 | 10.2316 | 45
153484029378918 | 49 | 10.2316 | 45
306968058757836 | 50 | 8.48021 | 43
613936117515672 | 51 | 8.48021 | 43
1227872235031344 | 52 | 8.48021 | 43
2455744470062688 | 53 | 6.97854 | 41
4911488940125377 | 54 | 6.97854 | 41
9822977880250754 | 55 | 6.97854 | 41
19645955760501508 | 56 | 6.97854 | 41
39291911521003016 | 57 | 6.97854 | 41
78583823042006033 | 58 | 6.97854 | 41
157167646084012066 | 59 | 6.97854 | 41
314335292168024132 | 60 | 6.97854 | 41
628670584336048265 | 61 | 6.97854 | 41
1257341168672096531 | 62 | 6.97854 | 41
2514682337344193062 | 63 | 6.97854 | 41
5029364674688386124 | 64 | 3.66355 | 25
-8388014724332779368 | 65 | 2.86812 | 15
1670714625043992880 | 66 | 2.86812 | 15
3341429250087985761 | 67 | 2.86812 | 15
6682858500175971523 | 68 | 2.86812 | 15
-5081027073357608570 | 69 | 2.55249 | 14
8284689926994334476 | 70 | 2.55249 | 14
-1877364219720882664 | 71 | 2.55249 | 14
-3754728439441765327 | 72 | 2.55249 | 14
-7509456878883530654 | 73 | 2.55249 | 14
3427830315942490309 | 74 | 2.55249 | 14
6855660631884980619 | 75 | 2.55249 | 14
-4735422809939590378 | 76 | 2.55249 | 14
8975898453830370861 | 77 | 2.55249 | 14
-494947166048809893 | 78 | 2.55249 | 14
-989894332097619785 | 79 | 2.55249 | 14
-1979788664195239569 | 80 | 2.55249 | 14
-3959577328390479138 | 81 | 2.55249 | 14
-7919154656780958275 | 82 | 2.55249 | 14
2608434760147635066 | 83 | 2.55249 | 14
5216869520295270132 | 84 | 6.90513e-310 | 10
5216869520295270133 | 84 | 6.37345e-322 | 4
-5081027073357608569 | 69 | 4.63978e-310 | 1
-8388014724332779367 | 65 | 4.63978e-310 | 10
5029364674688386125 | 64 | 5.73995 | 16
-8388014724332779365 | 65 | 5.73995 | 16
1670714625043992886 | 66 | 5.73995 | 16
3341429250087985773 | 67 | 5.73995 | 16
6682858500175971547 | 68 | 5.73995 | 16
-5081027073357608521 | 69 | 5.73995 | 16
8284689926994334575 | 70 | 5.73995 | 16
-1877364219720882466 | 71 | 5.73995 | 16
-3754728439441764931 | 72 | 5.73995 | 16
-7509456878883529861 | 73 | 5.73995 | 16
3427830315942491894 | 74 | 5.73995 | 16
6855660631884983788 | 75 | 5.73995 | 16
-4735422809939584040 | 76 | 5.73995 | 16
8975898453830383536 | 77 | 4.23473 | 12
-494947166048784544 | 78 | 4.23473 | 12
-989894332097569087 | 79 | 4.23473 | 12
-1979788664195138173 | 80 | 4.23473 | 12
-3959577328390276346 | 81 | 4.63978e-310 | 9
-3959577328390276345 | 81 | 4.63978e-310 | 3
8975898453830383537 | 77 | 4.63978e-310 | 4
2455744470062689 | 53 | 4.63978e-310 | 2
306968058757837 | 50 | 4.63978e-310 | 2
2341980429 | 33 | 11.1991 | 62
4683960859 | 34 | 11.1991 | 62
9367921719 | 35 | 11.1991 | 62
18735843439 | 36 | 11.1991 | 62
37471686879 | 37 | 11.1991 | 62
74943373758 | 38 | 54.8811 | 9
74943373759 | 38 | 7.5345 | 53
149886747518 | 39 | 7.5345 | 53
299773495036 | 40 | 7.5345 | 53
599546990072 | 41 | 7.5345 | 53
1199093980144 | 42 | 7.5345 | 53
2398187960288 | 43 | 7.5345 | 53
4796375920576 | 44 | 5.97924 | 44
9592751841152 | 45 | 5.97924 | 44
19185503682304 | 46 | 5.97924 | 44
38371007364609 | 47 | 5.97924 | 44
76742014729219 | 48 | 5.97924 | 44
153484029458438 | 49 | 5.97924 | 44
306968058916876 | 50 | 3.42037 | 20
613936117833752 | 51 | 2.67679 | 17
1227872235667504 | 52 | 2.67679 | 17
2455744471335008 | 53 | 2.67679 | 17
4911488942670016 | 54 | 6.90513e-310 | 10
4911488942670017 | 54 | 13.2223 | 7
613936117833753 | 51 | 4.63978e-310 | 3
306968058916877 | 50 | 2.88569 | 24
613936117833754 | 51 | 2.88569 | 24
1227872235667509 | 52 | 2.88569 | 24
2455744471335019 | 53 | 2.88569 | 24
4911488942670038 | 54 | 2.76433 | 13
9822977885340076 | 55 | 2.76433 | 13
19645955770680152 | 56 | 2.76433 | 13
39291911541360305 | 57 | 2.76433 | 13
78583823082720611 | 58 | 2.76433 | 13
157167646165441222 | 59 | 2.76433 | 13
314335292330882444 | 60 | 2.76433 | 13
628670584661764889 | 61 | 2.76433 | 13
1257341169323529779 | 62 | 2.76433 | 13
2514682338647059559 | 63 | 2.76433 | 13
5029364677294119118 | 64 | 2.76433 | 13
-8388014719121313380 | 65 | 2.26576 | 12
1670714635466924856 | 66 | 2.26576 | 12
3341429270933849713 | 67 | 2.26576 | 12
6682858541867699427 | 68 | 2.26576 | 12
-5081026989974152762 | 69 | 2.26576 | 12
8284690093761246093 | 70 | 2.26576 | 12
-1877363886187059430 | 71 | 2.26576 | 12
-3754727772374118860 | 72 | 2.26576 | 12
-7509455544748237720 | 73 | 2.26576 | 12
3427832984213076177 | 74 | 2.26576 | 12
6855665968426152355 | 75 | 2.26576 | 12
-4735412136857246905 | 76 | 2.26576 | 12
8975919799995057806 | 77 | 3.79343 | 5
8975919799995057807 | 77 | 8.40257 | 7
-8388014719121313379 | 65 | 4.63978e-310 | 1
4911488942670039 | 54 | 1.97136 | 11
9822977885340078 | 55 | 1.97136 | 11
19645955770680156 | 56 | 1.97136 | 11
39291911541360313 | 57 | 1.97136 | 11
78583823082720627 | 58 | 1.97136 | 11
157167646165441254 | 59 | 1.97136 | 11
314335292330882509 | 60 | 1.97136 | 11
628670584661765019 | 61 | 1.97136 | 11
1257341169323530039 | 62 | 1.97136 | 11
2514682338647060079 | 63 | 1.97136 | 11
5029364677294120159 | 64 | 1.97136 | 11
-8388014719121311298 | 65 | 3.6207 | 10
-8388014719121311297 | 65 | 0.0355049 | 1
4796375920577 | 44 | 4.63978e-310 | 9
285887 | 20 | 18.0688 | 133
571775 | 21 | 18.0688 | 133
1143551 | 22 | 18.0688 | 133
2287103 | 23 | 18.0688 | 133
4574207 | 24 | 18.0688 | 133
9148415 | 25 | 18.0688 | 133
18296830 | 26 | 13.6391 | 19
36593661 | 27 | 13.6391 | 19
73187322 | 28 | 13.6391 | 19
146374645 | 29 | 13.6391 | 19
292749291 | 30 | 13.6391 | 19
585498583 | 31 | 13.6391 | 19
1170997167 | 32 | 13.6391 | 19
2341994335 | 33 | 13.6391 | 19
4683988670 | 34 | 13.6391 | 19
9367977341 | 35 | 13.6391 | 19
18735954683 | 36 | 13.6391 | 19
37471909366 | 37 | 13.6391 | 19
74943818733 | 38 | 13.6391 | 19
149887637467 | 39 | 13.6391 | 19
299775274934 | 40 | 3.21143e-322 | 4
299775274935 | 40 | 10.4038 | 15
599550549870 | 41 | 10.4038 | 15
1199101099741 | 42 | 10.4038 | 15
2398202199482 | 43 | 1.58101e-322 | 10
2398202199483 | 43 | 1.58101e-322 | 5
18296831 | 26 | 17.5816 | 114
36593663 | 27 | 17.5816 | 114
73187327 | 28 | 17.5816 | 114
146374654 | 29 | 17.5816 | 114
292749308 | 30 | 1.63042e-322 | 1
292749309 | 30 | 17.5816 | 113
585498618 | 31 | 6.08922 | 42
1170997236 | 32 | 6.08922 | 42
2341994472 | 33 | 6.00422 | 35
4683988945 | 34 | 6.00422 | 35
9367977890 | 35 | 6.00422 | 35
18735955780 | 36 | 6.00422 | 35
37471911560 | 37 | 2.31023 | 15
74943823121 | 38 | 2.31023 | 15
149887646242 | 39 | 2.31023 | 15
299775292484 | 40 | 2.31023 | 15
599550584969 | 41 | 2.31023 | 15
1199101169938 | 42 | 2.31023 | 15
2398202339877 | 43 | 2.31023 | 15
4796404679754 | 44 | 1.63042e-322 | 9
4796404679755 | 44 | 1.63042e-322 | 6
37471911561 | 37 | 4.20887 | 20
74943823122 | 38 | 4.20887 | 20
149887646244 | 39 | 4.63978e-310 | 9
149887646245 | 39 | 2.88735 | 11
299775292490 | 40 | 2.88735 | 11
599550584980 | 41 | 2.88735 | 11
1199101169960 | 42 | 1.63042e-322 | 7
1199101169961 | 42 | 1.63042e-322 | 4
2341994473 | 33 | 4.63978e-310 | 7
585498619 | 31 | 12.58 | 71
1170997238 | 32 | 12.58 | 71
2341994476 | 33 | 12.58 | 71
4683988952 | 34 | 12.58 | 71
9367977905 | 35 | 12.58 | 71
18735955811 | 36 | 12.58 | 71
37471911622 | 37 | 6.69799 | 32
74943823244 | 38 | 0.502487 | 2
74943823245 | 38 | 3.82286 | 30
149887646490 | 39 | 3.82286 | 30
299775292980 | 40 | 1.90735 | 16
599550585960 | 41 | 1.78387 | 15
1199101171921 | 42 | 1.78387 | 15
2398202343842 | 43 | 1.78387 | 15
4796404687685 | 44 | 1.78387 | 15
9592809375370 | 45 | 1.78387 | 15
19185618750740 | 46 | 0.619676 | 7
19185618750741 | 46 | 1.03061 | 8
599550585961 | 41 | 4.63978e-310 | 1
299775292981 | 40 | 2.68157 | 14
599550585963 | 41 | 2.68157 | 14
1199101171926 | 42 | 2.68157 | 14
2398202343853 | 43 | 2.68157 | 14
4796404687706 | 44 | 1.66166 | 13
9592809375412 | 45 | 1.66166 | 13
19185618750824 | 46 | 1.66166 | 13
38371237501649 | 47 | 1.66166 | 13
76742475003299 | 48 | 1.66166 | 13
153484950006598 | 49 | 1.66166 | 13
306969900013196 | 50 | 1.66166 | 13
613939800026392 | 51 | 1.66166 | 13
1227879600052784 | 52 | 87.7224 | 6
1227879600052785 | 52 | 2.08853 | 7
4796404687707 | 44 | 4.63978e-310 | 1
37471911623 | 37 | 8.78611 | 39
74943823247 | 38 | 8.78611 | 39
149887646495 | 39 | 8.78611 | 39
299775292991 | 40 | 8.78611 | 39
599550585982 | 41 | 8.78611 | 39
1199101171965 | 42 | 8.78611 | 39
2398202343931 | 43 | 8.78611 | 39
4796404687863 | 44 | 8.78611 | 39
9592809375726 | 45 | 1.46332 | 3
9592809375727 | 45 | 8.49481 | 36
19185618751455 | 46 | 8.49481 | 36
38371237502910 | 47 | 8.49481 | 36
76742475005820 | 48 | 8.49481 | 36
153484950011641 | 49 | 8.49481 | 36
306969900023283 | 50 | 8.49481 | 36
613939800046567 | 51 | 8.49481 | 36
1227879600093134 | 52 | 0.508721 | 10
1227879600093135 | 52 | 6.57269 | 26
2455759200186271 | 53 | 6.57269 | 26
4911518400372542 | 54 | 64.7126 | 2
4911518400372543 | 54 | 5.90619 | 24
9823036800745086 | 55 | 129.638 | 2
9823036800745087 | 55 | 4.64923 | 22
19646073601490174 | 56 | 4.64923 | 22
39292147202980348 | 57 | 4.64923 | 22
78584294405960697 | 58 | 4.64923 | 22
157168588811921394 | 59 | 4.64923 | 22
314337177623842789 | 60 | 4.64923 | 22
628674355247685578 | 61 | 4.64923 | 22
1257348710495371156 | 62 | 4.64923 | 22
2514697420990742312 | 63 | 4.64923 | 22
5029394841981484625 | 64 | 4.64923 | 22
-8387954389746582366 | 65 | 4.79244e-322 | 6
-8387954389746582365 | 65 | 3.52942 | 16
1670835294216386887 | 66 | 3.52942 | 16
3341670588432773774 | 67 | 3.52942 | 16
6683341176865547548 | 68 | 3.52942 | 16
-5080061719978456519 | 69 | 3.52942 | 16
8286620633752638579 | 70 | 3.52942 | 16
-1873502806204274457 | 71 | 3.52942 | 16
-3747005612408548913 | 72 | 3.52942 | 16
-7494011224817097826 | 73 | 4.16536 | 2
-7494011224817097825 | 73 | 3.08823 | 14
3458721624075355967 | 74 | 3.08823 | 14
6917443248150711935 | 75 | 3.08823 | 14
-4611857577408127746 | 76 | 3.08823 | 14
9223028918893296124 | 77 | 2.78744 | 13
-686235922959367 | 78 | 2.78744 | 13
-1372471845918734 | 79 | 2.78744 | 13
-2744943691837468 | 80 | 2.78744 | 13
-5489887383674936 | 81 | 2.78744 | 13
-10979774767349871 | 82 | 2.78744 | 13
-21959549534699741 | 83 | 2.78744 | 13
-43919099069399482 | 84 | 2.78744 | 13
-87838198138798964 | 85 | 2.78744 | 13
-175676396277597927 | 86 | 2.78744 | 13
-351352792555195854 | 87 | 2.78744 | 13
-702705585110391707 | 88 | 2.78744 | 13
-1405411170220783414 | 89 | 1.63042e-322 | 7
-1405411170220783413 | 89 | 2.37152e-322 | 6
9223028918893296125 | 77 | 4.63978e-310 | 1
3 | 3 | 24.8022 | 589
6 | 4 | 24.8022 | 510
12 | 5 | 9.02521 | 47
24 | 6 | 8.48815 | 33
49 | 7 | 8.48815 | 33
98 | 8 | 8.48815 | 33
196 | 9 | 8.48815 | 33
392 | 10 | 8.48815 | 33
785 | 11 | 8.48815 | 33
1571 | 12 | 8.48815 | 33
3142 | 13 | 8.48815 | 33
6284 | 14 | 8.48815 | 33
12569 | 15 | 8.48815 | 33
25139 | 16 | 8.48815 | 33
50278 | 17 | 8.48815 | 33
100556 | 18 | 8.48815 | 33
201113 | 19 | 8.48815 | 33
402227 | 20 | 8.48815 | 33
804454 | 21 | 4.63978e-310 | 3
804455 | 21 | 8.48815 | 30
1608910 | 22 | 8.48815 | 30
3217820 | 23 | 4.63978e-310 | 4
3217821 | 23 | 4.60864 | 26
6435643 | 24 | 4.60864 | 26
12871286 | 25 | 4.60864 | 26
25742572 | 26 | 4.60864 | 26
51485145 | 27 | 4.60864 | 26
102970290 | 28 | 4.60864 | 26
205940580 | 29 | 4.60864 | 26
411881161 | 30 | 4.60864 | 26
823762323 | 31 | 4.60864 | 26
1647524646 | 32 | 3.97066 | 22
3295049293 | 33 | 3.97066 | 22
6590098586 | 34 | 3.97066 | 22
13180197173 | 35 | 3.97066 | 22
26360394346 | 36 | 3.97066 | 22
52720788693 | 37 | 3.97066 | 22
105441577386 | 38 | 2.89304 | 13
210883154772 | 39 | 2.89304 | 13
421766309544 | 40 | 2.89304 | 13
843532619088 | 41 | 0.250725 | 1
843532619089 | 41 | 2.37257 | 12
1687065238178 | 42 | 2.37257 | 12
3374130476356 | 43 | 2.37257 | 12
6748260952713 | 44 | 2.37257 | 12
13496521905426 | 45 | 2.37257 | 12
26993043810853 | 46 | 2.37257 | 12
53986087621707 | 47 | 2.37257 | 12
107972175243415 | 48 | 2.37257 | 12
215944350486830 | 49 | 2.37257 | 12
431888700973660 | 50 | 69.1055 | 7
431888700973661 | 50 | 4.63978e-310 | 5
105441577387 | 38 | 4.63978e-310 | 9
1647524647 | 32 | 4.63978e-310 | 4
25 | 6 | 9.01018 | 14
51 | 7 | 9.01018 | 14
103 | 8 | 9.01018 | 14
207 | 9 | 9.01018 | 14
414 | 10 | 9.01018 | 14
828 | 11 | 4.63978e-310 | 7
829 | 11 | 4.63978e-310 | 7
13 | 5 | 21.7327 | 463
27 | 6 | 21.7327 | 463
54 | 7 | 21.7327 | 463
108 | 8 | 21.7327 | 463
216 | 9 | 21.7327 | 463
432 | 10 | 21.7327 | 463
865 | 11 | 21.7327 | 463
1730 | 12 | 21.7327 | 463
3461 | 13 | 21.7327 | 463
6922 | 14 | 21.7327 | 214
13845 | 15 | 21.7327 | 214
27690 | 16 | 8.65988 | 14
55381 | 17 | 8.65988 | 14
110762 | 18 | 8.56543 | 13
221524 | 19 | 8.56543 | 13
443049 | 20 | 8.56543 | 13
886099 | 21 | 8.56543 | 13
1772199 | 22 | 8.56543 | 13
3544399 | 23 | 8.56543 | 13
7088799 | 24 | 8.56543 | 13
14177599 | 25 | 8.56543 | 13
28355198 | 26 | 8.56543 | 13
56710397 | 27 | 8.56543 | 13
113420794 | 28 | 4.63978e-310 | 7
113420795 | 28 | 4.63978e-310 | 6
110763 | 18 | 4.63978e-310 | 1
27691 | 16 | 13.1618 | 200
55383 | 17 | 13.1618 | 200
110767 | 18 | 13.1618 | 200
221535 | 19 | 13.1618 | 200
443070 | 20 | 10.1122 | 97
886141 | 21 | 10.1122 | 97
1772282 | 22 | 7.74363 | 77
3544565 | 23 | 7.74363 | 77
7089130 | 24 | 7.74363 | 77
14178260 | 25 | 7.74363 | 77
28356521 | 26 | 7.74363 | 77
56713042 | 27 | 7.74363 | 77
113426085 | 28 | 7.74363 | 77
226852170 | 29 | 7.74363 | 77
453704340 | 30 | 7.74363 | 77
907408681 | 31 | 7.74363 | 77
1814817363 | 32 | 7.74363 | 77
3629634727 | 33 | 7.74363 | 77
7259269454 | 34 | 7.74363 | 77
14518538908 | 35 | 7.74363 | 77
29037077816 | 36 | 6.9234 | 74
58074155633 | 37 | 6.9234 | 74
116148311266 | 38 | 4.31349 | 46
232296622532 | 39 | 4.31349 | 46
464593245065 | 40 | 4.31349 | 46
929186490130 | 41 | 4.31349 | 46
1858372980260 | 42 | 4.31349 | 46
3716745960520 | 43 | 3.28436 | 33
7433491921041 | 44 | 3.28436 | 33
14866983842083 | 45 | 3.28436 | 33
29733967684166 | 46 | 3.28436 | 33
59467935368332 | 47 | 3.28436 | 33
118935870736664 | 48 | 1.63042e-322 | 1
118935870736665 | 48 | 3.28436 | 32
237871741473330 | 49 | 3.28436 | 32
475743482946660 | 50 | 3.28436 | 32
951486965893320 | 51 | 3.28436 | 32
1902973931786641 | 52 | 3.28436 | 32
3805947863573283 | 53 | 3.28436 | 32
7611895727146567 | 54 | 3.28436 | 32
15223791454293134 | 55 | 3.28436 | 32
30447582908586268 | 56 | 3.28436 | 32
60895165817172536 | 57 | 1.63042e-322 | 9
60895165817172537 | 57 | 2.88161 | 23
121790331634345074 | 58 | 2.48726 | 15
243580663268690149 | 59 | 2.48726 | 15
487161326537380299 | 60 | 2.48726 | 15
974322653074760599 | 61 | 2.48726 | 15
1948645306149521198 | 62 | 1.63042e-322 | 1
1948645306149521199 | 62 | 2.48726 | 14
3897290612299042398 | 63 | 2.48726 | 14
7794581224598084796 | 64 | 2.48726 | 14
-2857581624513382024 | 65 | 2.48726 | 14
-5715163249026764047 | 66 | 2.48726 | 14
7016417575656023523 | 67 | 2.48726 | 14
-4413908922397504569 | 68 | 2.48726 | 14
-8827817844795009138 | 69 | 2.48726 | 14
791108384119533340 | 70 | 2.48726 | 14
1582216768239066680 | 71 | 1.63042e-322 | 5
1582216768239066681 | 71 | 1.63042e-322 | 9
121790331634345075 | 58 | 1.63042e-322 | 8
3716745960521 | 43 | 1.36237 | 13
7433491921042 | 44 | 1.63042e-322 | 9
7433491921043 | 44 | 1.63042e-322 | 4
116148311267 | 38 | 5.27789 | 28
232296622534 | 39 | 3.66605 | 24
464593245068 | 40 | 3.66605 | 24
929186490136 | 41 | 3.66605 | 24
1858372980272 | 42 | 3.66605 | 24
3716745960544 | 43 | 3.66605 | 24
7433491921088 | 44 | 1.63042e-322 | 7
7433491921089 | 44 | 2.967 | 17
14866983842178 | 45 | 1.63042e-322 | 2
14866983842179 | 45 | 2.44876 | 15
29733967684358 | 46 | 2.16312 | 14
59467935368717 | 47 | 2.16312 | 14
118935870737435 | 48 | 2.16312 | 14
237871741474870 | 49 | 2.16312 | 14
475743482949740 | 50 | 2.16312 | 14
951486965899480 | 51 | 1.63042e-322 | 10
951486965899481 | 51 | 1.63042e-322 | 4
29733967684359 | 46 | 1.63042e-322 | 1
232296622535 | 39 | 1.63042e-322 | 4
29037077817 | 36 | 1.63042e-322 | 3
1772283 | 22 | 3.47378 | 20
3544566 | 23 | 4.63978e-310 | 5
3544567 | 23 | 3.32282 | 15
7089134 | 24 | 1.56263 | 11
14178269 | 25 | 1.56263 | 11
28356538 | 26 | 1.56263 | 11
56713076 | 27 | 1.56263 | 11
113426152 | 28 | 1.63042e-322 | 2
113426153 | 28 | 1.63042e-322 | 9
7089135 | 24 | 4.63978e-310 | 4
443071 | 20 | 12.0378 | 103
886143 | 21 | 12.0378 | 103
1772287 | 22 | 12.0378 | 103
3544575 | 23 | 12.0378 | 103
7089150 | 24 | 12.0378 | 103
14178301 | 25 | 12.0378 | 103
28356603 | 26 | 12.0378 | 103
56713207 | 27 | 12.0378 | 103
113426415 | 28 | 12.0378 | 103
226852831 | 29 | 12.0378 | 103
453705662 | 30 | 12.0378 | 103
907411324 | 31 | 12.0378 | 103
1814822648 | 32 | 12.0378 | 103
3629645296 | 33 | 12.0378 | 32
7259290592 | 34 | 10.4123 | 18
14518581185 | 35 | 10.4123 | 18
29037162371 | 36 | 10.4123 | 18
58074324743 | 37 | 10.4123 | 18
116148649486 | 38 | 10.4123 | 18
232297298972 | 39 | 10.4123 | 18
464594597944 | 40 | 10.4123 | 18
929189195889 | 41 | 10.4123 | 18
1858378391779 | 42 | 10.4123 | 18
3716756783558 | 43 | 3.25293 | 13
7433513567116 | 44 | 3.25293 | 13
14867027134232 | 45 | 3.25293 | 13
29734054268464 | 46 | 3.25293 | 13
59468108536929 | 47 | 3.25293 | 13
118936217073858 | 48 | 3.25293 | 13
237872434147716 | 49 | 3.25293 | 13
475744868295433 | 50 | 3.25293 | 13
951489736590867 | 51 | 3.25293 | 13
1902979473181735 | 52 | 3.25293 | 13
3805958946363471 | 53 | 3.25293 | 13
7611917892726943 | 54 | 3.25293 | 13
15223835785453887 | 55 | 3.25293 | 13
30447671570907775 | 56 | 3.25293 | 13
60895343141815550 | 57 | 3.25293 | 13
121790686283631101 | 58 | 3.25293 | 13
243581372567262202 | 59 | 1.63042e-322 | 1
243581372567262203 | 59 | 2.84446 | 12
487162745134524406 | 60 | 2.84446 | 12
974325490269048812 | 61 | 2.84446 | 12
1948650980538097625 | 62 | 2.84446 | 12
3897301961076195251 | 63 | 2.84446 | 12
7794603922152390502 | 64 | 1.63042e-322 | 4
7794603922152390503 | 64 | 1.63042e-322 | 8
3716756783559 | 43 | 1.63042e-322 | 5
7259290593 | 34 | 3.27783 | 14
14518581186 | 35 | 3.27783 | 14
29037162372 | 36 | 1.63042e-322 | 10
29037162373 | 36 | 1.58101e-322 | 4
3629645297 | 33 | 11.259 | 71
7259290594 | 34 | 11.259 | 71
14518581189 | 35 | 11.259 | 71
29037162379 | 36 | 11.259 | 71
58074324758 | 37 | 11.259 | 71
116148649517 | 38 | 11.259 | 71
232297299034 | 39 | 1.63042e-322 | 5
232297299035 | 39 | 11.259 | 66
464594598070 | 40 | 11.259 | 66
929189196140 | 41 | 11.259 | 65
1858378392281 | 42 | 11.259 | 65
3716756784562 | 43 | 1.63042e-322 | 3
3716756784563 | 43 | 6.18932 | 62
7433513569126 | 44 | 4.52418 | 39
14867027138252 | 45 | 1.63042e-322 | 4
14867027138253 | 45 | 4.24972 | 35
29734054276507 | 46 | 4.24972 | 35
59468108553014 | 47 | 1.63042e-322 | 5
59468108553015 | 47 | 3.49371 | 30
118936217106030 | 48 | 1.63042e-322 | 5
118936217106031 | 48 | 2.40668 | 25
237872434212063 | 49 | 2.40668 | 25
475744868424126 | 50 | 2.40668 | 25
951489736848252 | 51 | 2.40668 | 23
1902979473696504 | 52 | 2.40668 | 23
3805958947393008 | 53 | 2.40668 | 23
7611917894786016 | 54 | 2.40668 | 23
15223835789572033 | 55 | 2.40668 | 23
30447671579144066 | 56 | 2.40668 | 23
60895343158288133 | 57 | 2.40668 | 23
121790686316576266 | 58 | 2.40668 | 23
243581372633152532 | 59 | 2.40668 | 23
487162745266305064 | 60 | 1.58101e-322 | 1
487162745266305065 | 60 | 2.32902 | 22
974325490532610130 | 61 | 2.32902 | 22
1948650981065220261 | 62 | 2.32902 | 22
3897301962130440523 | 63 | 2.32902 | 22
7794603924260881046 | 64 | 1.5687 | 15
-2857536225187789523 | 65 | 1.5687 | 15
-5715072450375579045 | 66 | 1.5687 | 15
7016599172958393526 | 67 | 1.5687 | 15
-4413545727792764564 | 68 | 1.5687 | 15
-8827091455585529127 | 69 | 1.5687 | 15
792561162538493363 | 70 | 1.5687 | 15
1585122325076986726 | 71 | 1.63042e-322 | 4
1585122325076986727 | 71 | 1.23172 | 11
3170244650153973454 | 72 | 1.23172 | 11
6340489300307946908 | 73 | 1.63042e-322 | 5
6340489300307946909 | 73 | 1.63042e-322 | 6
7794603924260881047 | 64 | 1.63042e-322 | 7
951489736848253 | 51 | 1.63042e-322 | 2
7433513569127 | 44 | 3.09678 | 23
14867027138254 | 45 | 3.09678 | 23
29734054276509 | 46 | 3.09678 | 23
59468108553018 | 47 | 3.09678 | 23
118936217106037 | 48 | 3.09678 | 23
237872434212074 | 49 | 3.09678 | 23
475744868424149 | 50 | 3.09678 | 23
951489736848298 | 51 | 1.63042e-322 | 4
951489736848299 | 51 | 2.8816 | 19
1902979473696599 | 52 | 2.8816 | 19
3805958947393198 | 53 | 2.8816 | 19
7611917894786397 | 54 | 2.8816 | 19
15223835789572795 | 55 | 2.8816 | 19
30447671579145590 | 56 | 2.8816 | 19
60895343158291181 | 57 | 2.8816 | 19
121790686316582362 | 58 | 2.8816 | 19
243581372633164725 | 59 | 2.8816 | 19
487162745266329451 | 60 | 2.8816 | 19
974325490532658902 | 61 | 1.63042e-322 | 10
974325490532658903 | 61 | 1.63042e-322 | 9
929189196141 | 41 | 1.58101e-322 | 1
6923 | 14 | 17.2707 | 249
13847 | 15 | 17.2707 | 249
27695 | 16 | 17.2707 | 249
55390 | 17 | 17.2707 | 249
110780 | 18 | 17.2707 | 175
221560 | 19 | 16.0288 | 161
443120 | 20 | 16.0288 | 161
886240 | 21 | 16.0288 | 161
1772480 | 22 | 8.28119 | 59
3544961 | 23 | 8.28119 | 59
7089922 | 24 | 8.28119 | 59
14179844 | 25 | 8.28119 | 59
28359688 | 26 | 8.28119 | 59
56719376 | 27 | 8.28119 | 59
113438753 | 28 | 8.28119 | 59
226877506 | 29 | 8.28119 | 59
453755013 | 30 | 8.28119 | 59
907510027 | 31 | 8.28119 | 59
1815020054 | 32 | 8.28119 | 59
3630040108 | 33 | 8.28119 | 59
7260080216 | 34 | 4.78399 | 32
14520160433 | 35 | 4.78399 | 32
29040320867 | 36 | 4.78399 | 32
58080641734 | 37 | 1.63042e-322 | 4
58080641735 | 37 | 4.63106 | 28
116161283471 | 38 | 4.63106 | 28
232322566943 | 39 | 4.63106 | 28
464645133887 | 40 | 4.63106 | 28
929290267774 | 41 | 2.2609 | 13
1858580535549 | 42 | 2.2609 | 13
3717161071099 | 43 | 2.2609 | 13
7434322142198 | 44 | 2.2609 | 13
14868644284396 | 45 | 1.58101e-322 | 8
14868644284397 | 45 | 1.58101e-322 | 5
929290267775 | 41 | 3.1436 | 15
1858580535550 | 42 | 3.1436 | 15
3717161071100 | 43 | 3.1436 | 15
7434322142201 | 44 | 3.1436 | 15
14868644284403 | 45 | 3.1436 | 15
29737288568807 | 46 | 3.1436 | 15
59474577137614 | 47 | 3.1436 | 15
118949154275228 | 48 | 3.1436 | 15
237898308550456 | 49 | 3.1436 | 15
475796617100913 | 50 | 3.1436 | 15
951593234201826 | 51 | 3.1436 | 15
1903186468403652 | 52 | 4.63978e-310 | 10
1903186468403653 | 52 | 4.63978e-310 | 5
7260080217 | 34 | 4.80947 | 27
14520160434 | 35 | 4.80947 | 27
29040320868 | 36 | 4.80947 | 27
58080641736 | 37 | 4.80947 | 27
116161283473 | 38 | 4.80947 | 27
232322566946 | 39 | 4.80947 | 27
464645133892 | 40 | 4.80947 | 27
929290267785 | 41 | 4.80947 | 27
1858580535570 | 42 | 4.80947 | 27
3717161071140 | 43 | 3.85488 | 16
7434322142281 | 44 | 3.85488 | 16
14868644284562 | 45 | 3.85488 | 16
29737288569124 | 46 | 3.85488 | 16
59474577138249 | 47 | 3.85488 | 16
118949154276499 | 48 | 3.85488 | 16
237898308552999 | 49 | 3.85488 | 16
475796617105998 | 50 | 3.85488 | 16
951593234211997 | 51 | 3.85488 | 16
1903186468423995 | 52 | 3.85488 | 16
3806372936847990 | 53 | 4.63978e-310 | 8
3806372936847991 | 53 | 4.63978e-310 | 8
3717161071141 | 43 | 4.06161 | 11
7434322142282 | 44 | 4.63978e-310 | 8
7434322142283 | 44 | 4.63978e-310 | 3
1772481 | 22 | 9.03974 | 102
3544962 | 23 | 9.03974 | 102
7089925 | 24 | 9.03974 | 102
14179850 | 25 | 9.03974 | 102
28359700 | 26 | 9.03974 | 102
56719401 | 27 | 9.03974 | 102
113438802 | 28 | 8.47649 | 83
226877604 | 29 | 8.47649 | 83
453755209 | 30 | 8.47649 | 83
907510418 | 31 | 8.47649 | 83
1815020836 | 32 | 8.47649 | 83
3630041672 | 33 | 8.47649 | 83
7260083344 | 34 | 7.12155 | 72
14520166689 | 35 | 7.12155 | 72
29040333378 | 36 | 6.26594 | 12
58080666757 | 37 | 6.26594 | 12
116161333514 | 38 | 6.26594 | 12
232322667029 | 39 | 6.26594 | 12
464645334059 | 40 | 6.26594 | 12
929290668118 | 41 | 6.26594 | 12
1858581336236 | 42 | 6.26594 | 12
3717162672472 | 43 | 4.63978e-310 | 2
3717162672473 | 43 | 4.63978e-310 | 10
29040333379 | 36 | 6.50871 | 60
58080666758 | 37 | 4.63978e-310 | 4
58080666759 | 37 | 6.50871 | 56
116161333518 | 38 | 6.50871 | 56
232322667036 | 39 | 6.50871 | 56
464645334072 | 40 | 3.58884 | 12
929290668144 | 41 | 3.58884 | 12
1858581336288 | 42 | 3.58884 | 12
3717162672576 | 43 | 4.63978e-310 | 6
3717162672577 | 43 | 4.63978e-310 | 6
464645334073 | 40 | 5.15903 | 44
929290668147 | 41 | 5.15903 | 44
1858581336295 | 42 | 5.15903 | 44
3717162672591 | 43 | 5.15903 | 44
7434325345183 | 44 | 5.15903 | 44
14868650690367 | 45 | 5.15903 | 44
29737301380734 | 46 | 5.15903 | 44
59474602761468 | 47 | 5.15903 | 44
118949205522936 | 48 | 5.15903 | 44
237898411045872 | 49 | 4.63978e-310 | 5
237898411045873 | 49 | 5.11272 | 39
475796822091746 | 50 | 5.11272 | 39
951593644183492 | 51 | 5.11272 | 39
1903187288366985 | 52 | 5.11272 | 39
3806374576733971 | 53 | 5.11272 | 39
7612749153467942 | 54 | 5.11272 | 31
15225498306935884 | 55 | 5.11272 | 31
30450996613871768 | 56 | 5.11272 | 31
60901993227743537 | 57 | 5.11272 | 31
121803986455487074 | 58 | 5.11272 | 31
243607972910974148 | 59 | 5.11272 | 31
487215945821948296 | 60 | 4.32457 | 24
974431891643896592 | 61 | 4.32457 | 24
1948863783287793185 | 62 | 4.32457 | 24
3897727566575586370 | 63 | 3.98522 | 19
7795455133151172741 | 64 | 3.98522 | 19
-2855833807407206134 | 65 | 3.98522 | 18
-5711667614814412267 | 66 | 3.98522 | 18
7023408844080727083 | 67 | 3.98522 | 18
-4399926385548097450 | 68 | 3.98522 | 18
-8799852771096194899 | 69 | 3.98522 | 18
847038531517161818 | 70 | 3.98522 | 18
1694077063034323636 | 71 | 4.63978e-310 | 1
1694077063034323637 | 71 | 3.57296 | 17
3388154126068647274 | 72 | 3.57296 | 17
6776308252137294548 | 73 | 3.57296 | 17
-4894127569434962520 | 74 | 3.57296 | 16
8658488934839626576 | 75 | 3.57296 | 16
-1129766204030298463 | 76 | 3.57296 | 16
-2259532408060596925 | 77 | 3.57296 | 16
-4519064816121193850 | 78 | 3.57296 | 16
-9038129632242387699 | 79 | 3.57296 | 16
370484809224776218 | 80 | 3.57296 | 16
740969618449552437 | 81 | 3.57296 | 16
1481939236899104875 | 82 | 3.57296 | 16
2963878473798209750 | 83 | 3.57296 | 16
5927756947596419500 | 84 | 3.57296 | 16
-6591230178516712616 | 85 | 3.23064 | 15
5264283716676126384 | 86 | 4.63978e-310 | 9
5264283716676126385 | 86 | 4.63978e-310 | 6
-6591230178516712615 | 85 | 4.63978e-310 | 1
-4894127569434962519 | 74 | 4.63978e-310 | 1
-2855833807407206133 | 65 | 4.63978e-310 | 1
3897727566575586371 | 63 | 4.63978e-310 | 5
487215945821948297 | 60 | 4.63978e-310 | 7
7612749153467943 | 54 | 4.63978e-310 | 8
7260083345 | 34 | 4.39726 | 11
14520166691 | 35 | 4.39726 | 11
29040333382 | 36 | 0.393889 | 10
29040333383 | 36 | 0.8165 | 1
113438803 | 28 | 4.17652 | 19
226877607 | 29 | 4.17652 | 19
453755214 | 30 | 4.17652 | 19
907510429 | 31 | 4.17652 | 19
1815020859 | 32 | 4.17652 | 19
3630041719 | 33 | 4.17652 | 19
7260083438 | 34 | 4.17652 | 19
14520166877 | 35 | 4.17652 | 19
29040333754 | 36 | 2.17993 | 16
58080667509 | 37 | 2.17993 | 16
116161335019 | 38 | 2.17993 | 16
232322670038 | 39 | 1.88979 | 11
464645340076 | 40 | 4.63978e-310 | 7
464645340077 | 40 | 4.63978e-310 | 4
232322670039 | 39 | 4.63978e-310 | 5
29040333755 | 36 | 4.63978e-310 | 3
221561 | 19 | 1.78755 | 14
443123 | 20 | 1.78755 | 14
886246 | 21 | 1.78755 | 14
1772493 | 22 | 1.78755 | 14
3544987 | 23 | 1.78755 | 14
7089974 | 24 | 143.572 | 8
7089975 | 24 | 4.63978e-310 | 6
110781 | 18 | 11.4422 | 74
221562 | 19 | 11.4422 | 74
443125 | 20 | 11.4422 | 74
886250 | 21 | 11.4422 | 74
1772500 | 22 | 8.95413 | 51
3545001 | 23 | 8.95413 | 51
7090002 | 24 | 8.95413 | 50
14180004 | 25 | 8.95413 | 50
28360009 | 26 | 8.95413 | 50
56720019 | 27 | 8.95413 | 50
113440038 | 28 | 8.95413 | 50
226880077 | 29 | 8.95413 | 50
453760154 | 30 | 8.95413 | 50
907520308 | 31 | 8.95413 | 50
1815040616 | 32 | 8.95413 | 50
3630081233 | 33 | 8.95413 | 50
7260162466 | 34 | 8.95413 | 50
14520324932 | 35 | 8.95413 | 50
29040649865 | 36 | 8.95413 | 50
58081299730 | 37 | 8.95413 | 50
116162599460 | 38 | 8.95413 | 50
232325198920 | 39 | 8.95413 | 50
464650397840 | 40 | 7.63299 | 34
929300795680 | 41 | 7.63299 | 34
1858601591360 | 42 | 7.63299 | 34
3717203182721 | 43 | 7.63299 | 34
7434406365442 | 44 | 7.63299 | 33
14868812730885 | 45 | 7.63299 | 33
29737625461771 | 46 | 7.63299 | 33
59475250923542 | 47 | 7.63299 | 33
118950501847085 | 48 | 7.63299 | 33
237901003694170 | 49 | 7.63299 | 33
475802007388340 | 50 | 7.63299 | 33
951604014776680 | 51 | 4.63978e-310 | 7
951604014776681 | 51 | 7.63299 | 26
1903208029553362 | 52 | 4.63978e-310 | 6
1903208029553363 | 52 | 4.34993 | 20
3806416059106727 | 53 | 4.34993 | 20
7612832118213454 | 54 | 4.34993 | 20
15225664236426908 | 55 | 4.34993 | 20
30451328472853817 | 56 | 4.34993 | 20
60902656945707635 | 57 | 4.34993 | 20
121805313891415270 | 58 | 4.63978e-310 | 2
121805313891415271 | 58 | 3.83241 | 18
243610627782830542 | 59 | 3.83241 | 18
487221255565661085 | 60 | 3.83241 | 18
974442511131322171 | 61 | 3.83241 | 18
1948885022262644342 | 62 | 3.83241 | 18
3897770044525288685 | 63 | 3.83241 | 18
7795540089050577370 | 64 | 4.63978e-310 | 3
7795540089050577371 | 64 | 3.55078 | 15
-2855663895608396874 | 65 | 3.55078 | 15
-5711327791216793747 | 66 | 3.55078 | 15
7024088491275964122 | 67 | 3.55078 | 15
-4398567091157623372 | 68 | 3.55078 | 15
-8797134182315246744 | 69 | 3.55078 | 15
852475709079058129 | 70 | 3.55078 | 15
1704951418158116259 | 71 | 3.55078 | 15
3409902836316232518 | 72 | 3.55078 | 15
6819805672632465037 | 73 | 3.55078 | 15
-4807132728444621541 | 74 | 3.55078 | 15
8832478616820308535 | 75 | 3.55078 | 15
-781786840068934545 | 76 | 3.55078 | 15
-1563573680137869089 | 77 | 3.55078 | 15
-3127147360275738177 | 78 | 3.55078 | 15
-6254294720551476354 | 79 | 2.37152e-322 | 2
-6254294720551476353 | 79 | 2.90198 | 13
5938154632606598910 | 80 | 2.90198 | 13
-6570434808496353796 | 81 | 2.90198 | 13
5305874456716844024 | 82 | 2.90198 | 13
-7834995160275863567 | 83 | 2.90198 | 13
2776753753157824482 | 84 | 2.90198 | 13
5553507506315648964 | 85 | 2.90198 | 13
-7339729061078253687 | 86 | 2.90198 | 13
3767285951553044242 | 87 | 2.90198 | 13
7534571903106088485 | 88 | 2.90198 | 13
-3377600267497374646 | 89 | 2.90198 | 13
-6755200534994749292 | 90 | 2.05093 | 12
4936343003720053032 | 91 | 4.63978e-310 | 7
4936343003720053033 | 91 | 0.315836 | 5
-6755200534994749291 | 90 | 4.63978e-310 | 1
7434406365443 | 44 | 4.63978e-310 | 1
464650397841 | 40 | 2.83737 | 16
929300795682 | 41 | 2.83737 | 16
1858601591365 | 42 | 2.83737 | 16
3717203182730 | 43 | 2.83737 | 16
7434406365461 | 44 | 2.83737 | 16
14868812730922 | 45 | 2.83737 | 16
29737625461844 | 46 | 2.83737 | 16
59475250923688 | 47 | 2.83737 | 16
118950501847376 | 48 | 1.64321 | 11
237901003694752 | 49 | 1.64321 | 11
475802007389505 | 50 | 1.64321 | 11
951604014779010 | 51 | 1.64321 | 11
1903208029558020 | 52 | 0.183512 | 1
1903208029558021 | 52 | 0.317256 | 10
118950501847377 | 48 | 4.63978e-310 | 5
7090003 | 24 | 4.63978e-310 | 1
1772501 | 22 | 2.40161 | 23
3545003 | 23 | 2.40161 | 23
7090006 | 24 | 2.40161 | 23
14180012 | 25 | 2.40161 | 23
28360024 | 26 | 2.40161 | 16
56720049 | 27 | 2.40161 | 16
113440098 | 28 | 2.40161 | 16
226880196 | 29 | 2.40161 | 16
453760392 | 30 | 2.40161 | 16
907520784 | 31 | 0 | 2
907520785 | 31 | 1.97854 | 14
1815041570 | 32 | 1.97854 | 14
3630083141 | 33 | 1.97854 | 14
7260166283 | 34 | 1.97854 | 14
14520332566 | 35 | 1.97854 | 14
29040665133 | 36 | 1.97854 | 14
58081330267 | 37 | 1.97854 | 14
116162660534 | 38 | 1.97854 | 14
232325321068 | 39 | 1.97854 | 14
464650642136 | 40 | 1.97854 | 14
929301284273 | 41 | 1.97854 | 14
1858602568546 | 42 | 1.97854 | 14
3717205137093 | 43 | 1.97854 | 14
7434410274186 | 44 | 1.97854 | 14
14868820548372 | 45 | 1.97854 | 14
29737641096744 | 46 | 1.97854 | 14
59475282193488 | 47 | 1.97854 | 14
118950564386976 | 48 | 1.97854 | 14
237901128773952 | 49 | 0.384217 | 10
237901128773953 | 49 | 0.464574 | 4
28360025 | 26 | 4.63978e-310 | 7
7 | 4 | 11.8871 | 79
15 | 5 | 11.8871 | 79
30 | 6 | 11.8871 | 79
61 | 7 | 11.8871 | 79
122 | 8 | 11.8871 | 79
245 | 9 | 11.8871 | 79
491 | 10 | 11.8871 | 79
982 | 11 | 5.00501 | 26
1964 | 12 | 3.90382 | 23
3929 | 13 | 3.90382 | 23
7859 | 14 | 3.90382 | 23
15718 | 15 | 3.90382 | 15
31436 | 16 | 3.90382 | 15
62872 | 17 | 3.20438 | 13
125745 | 18 | 3.20438 | 13
251491 | 19 | 3.20438 | 13
502982 | 20 | 3.20438 | 13
1005964 | 21 | 3.20438 | 13
2011929 | 22 | 3.20438 | 13
4023858 | 23 | 3.20438 | 13
8047716 | 24 | 3.20438 | 13
16095433 | 25 | 3.20438 | 13
32190866 | 26 | 1.92942 | 9
32190867 | 26 | 0.296887 | 4
62873 | 17 | 1.80832 | 2
15719 | 15 | 0.196202 | 8
1965 | 12 | 4.63978e-310 | 3
983 | 11 | 8.24832 | 53
1967 | 12 | 8.24832 | 53
3934 | 13 | 8.24832 | 53
7868 | 14 | 5.94812 | 45
15737 | 15 | 5.94812 | 45
31474 | 16 | 5.94812 | 45
62948 | 17 | 4.90339 | 43
125896 | 18 | 4.90339 | 43
251792 | 19 | 3.1807 | 13
503585 | 20 | 3.1807 | 13
1007171 | 21 | 3.1807 | 13
2014343 | 22 | 3.1807 | 13
4028687 | 23 | 3.1807 | 13
8057374 | 24 | 3.1807 | 13
16114749 | 25 | 3.1807 | 13
32229499 | 26 | 3.1807 | 13
64458999 | 27 | 3.1807 | 13
128917998 | 28 | 3.1807 | 13
257835996 | 29 | 4.63978e-310 | 7
257835997 | 29 | 4.63978e-310 | 6
251793 | 19 | 4.82288 | 30
503586 | 20 | 3.12071 | 16
1007172 | 21 | 1.4445 | 8
1007173 | 21 | 1.02893 | 8
503587 | 20 | 3.65381 | 14
1007174 | 21 | 1.74948 | 9
1007175 | 21 | 1.97972 | 5
62949 | 17 | 4.63978e-310 | 2
7869 | 14 | 0.972653 | 8
