ID | Depth | diameter | Number of points
0 | 0 | 29.316 | 1600
0 | 1 | 29.316 | 1600
1 | 2 | 29.316 | 1600
2 | 3 | 29.316 | 1600
5 | 4 | 29.316 | 1600
11 | 5 | 29.316 | 1600
22 | 6 | 29.316 | 1600
45 | 7 | 29.316 | 1600
90 | 8 | 29.316 | 1538
181 | 9 | 29.316 | 1538
363 | 10 | 29.316 | 1538
726 | 11 | 29.316 | 1538
1452 | 12 | 29.316 | 1538
2905 | 13 | 29.316 | 1538
5811 | 14 | 29.316 | 1538
11622 | 15 | 21.9077 | 416
23245 | 16 | 21.9077 | 416
46490 | 17 | 6.90513e-310 | 3
46491 | 17 | 21.9077 | 413
92983 | 18 | 21.9077 | 413
185966 | 19 | 21.9077 | 413
371932 | 20 | 11.1588 | 151
743864 | 21 | 11.1588 | 151
1487728 | 22 | 11.1588 | 151
2975457 | 23 | 11.1588 | 151
5950914 | 24 | 11.1588 | 151
11901828 | 25 | 11.1588 | 151
23803657 | 26 | 11.1588 | 151
47607314 | 27 | 11.1588 | 151
95214629 | 28 | 11.1588 | 151
190429258 | 29 | 11.1588 | 151
380858517 | 30 | 11.1588 | 151
761717034 | 31 | 11.1588 | 151
1523434068 | 32 | 9.56024 | 98
3046868137 | 33 | 9.56024 | 98
6093736274 | 34 | 9.56024 | 98
12187472548 | 35 | 9.56024 | 98
24374945096 | 36 | 9.56024 | 98
48749890192 | 37 | 54.1922 | 10
48749890193 | 37 | 8.66267 | 88
97499780386 | 38 | 8.66267 | 88
194999560773 | 39 | 8.66267 | 88
389999121546 | 40 | 6.32839 | 48
779998243092 | 41 | 6.32839 | 48
1559996486185 | 42 | 6.32839 | 48
3119992972370 | 43 | 3.31036 | 15
6239985944741 | 44 | 3.31036 | 15
12479971889483 | 45 | 3.31036 | 15
24959943778966 | 46 | 3.31036 | 15
49919887557933 | 47 | 3.31036 | 15
99839775115866 | 48 | 3.31036 | 15
199679550231732 | 49 | 3.31036 | 15
399359100463465 | 50 | 3.31036 | 15
798718200926931 | 51 | 3.31036 | 15
1597436401853862 | 52 | 3.31036 | 15
3194872803707725 | 53 | 3.31036 | 15
6389745607415450 | 54 | 22.0841 | 5
6389745607415451 | 54 | 5.78632 | 10
3119992972371 | 43 | 6.32839 | 33
6239985944742 | 44 | 6.32839 | 33
12479971889484 | 45 | 6.32839 | 33
24959943778968 | 46 | 6.32839 | 33
49919887557937 | 47 | 6.32839 | 33
99839775115874 | 48 | 6.32839 | 33
199679550231749 | 49 | 6.32839 | 33
399359100463499 | 50 | 6.32839 | 33
798718200926998 | 51 | 6.32839 | 33
1597436401853996 | 52 | 6.32839 | 33
3194872803707992 | 53 | 6.32839 | 33
6389745607415984 | 54 | 8.66795 | 2
6389745607415985 | 54 | 5.5614 | 31
12779491214831970 | 55 | 5.5614 | 31
25558982429663940 | 56 | 2.70506 | 18
51117964859327880 | 57 | 2.70506 | 18
102235929718655760 | 58 | 0.279672 | 5
102235929718655761 | 58 | 2.67067 | 13
204471859437311522 | 59 | 2.67067 | 13
408943718874623045 | 60 | 2.67067 | 13
817887437749246091 | 61 | 2.67067 | 13
1635774875498492182 | 62 | 2.67067 | 13
3271549750996984364 | 63 | 2.67067 | 13
6543099501993968729 | 64 | 2.67067 | 13
-5360545069721614157 | 65 | 2.67067 | 13
7725653934266323302 | 66 | 2.38429 | 12
-2995436205176905012 | 67 | 2.38429 | 12
-5990872410353810023 | 68 | 2.38429 | 12
6464999253001931570 | 69 | 6.90513e-310 | 10
6464999253001931571 | 69 | 32.4085 | 2
7725653934266323303 | 66 | 4.63978e-310 | 1
25558982429663941 | 56 | 3.54969 | 13
51117964859327883 | 57 | 3.54969 | 13
102235929718655767 | 58 | 3.54969 | 13
204471859437311534 | 59 | 4.63978e-310 | 3
204471859437311535 | 59 | 4.63978e-310 | 10
389999121547 | 40 | 7.01282 | 40
779998243095 | 41 | 7.01282 | 40
1559996486190 | 42 | 7.01282 | 40
3119992972381 | 43 | 7.01282 | 40
6239985944762 | 44 | 7.01282 | 40
12479971889525 | 45 | 7.01282 | 40
24959943779050 | 46 | 6.47348 | 36
49919887558100 | 47 | 6.47348 | 36
99839775116200 | 48 | 6.47348 | 36
199679550232400 | 49 | 6.47348 | 36
399359100464800 | 50 | 5.47547 | 29
798718200929600 | 51 | 5.47547 | 29
1597436401859200 | 52 | 5.47547 | 29
3194872803718400 | 53 | 5.47547 | 29
6389745607436800 | 54 | 3.37016 | 18
12779491214873601 | 55 | 3.37016 | 18
25558982429747202 | 56 | 3.37016 | 18
51117964859494404 | 57 | 3.37016 | 18
102235929718988809 | 58 | 3.37016 | 18
204471859437977619 | 59 | 3.37016 | 18
408943718875955239 | 60 | 3.37016 | 18
817887437751910479 | 61 | 3.37016 | 18
1635774875503820958 | 62 | 3.37016 | 18
3271549751007641916 | 63 | 3.37016 | 18
6543099502015283833 | 64 | 3.37016 | 18
-5360545069678983949 | 65 | 3.37016 | 18
7725653934351583718 | 66 | 2.73593 | 16
-2995436205006384179 | 67 | 2.73593 | 16
-5990872410012768358 | 68 | 2.73593 | 16
6464999253684014900 | 69 | 2.73593 | 16
-5516745566341521816 | 70 | 2.73593 | 16
7413252941026507984 | 71 | 0.64104 | 2
7413252941026507985 | 71 | 2.5577 | 14
-3620238191656535646 | 72 | 2.5577 | 14
-7240476383313071291 | 73 | 2.5577 | 14
3965791307083409034 | 74 | 46.6239 | 8
3965791307083409035 | 74 | 29.3548 | 6
7725653934351583719 | 66 | 4.63978e-310 | 2
6389745607436801 | 54 | 1.5687 | 11
12779491214873602 | 55 | 4.63978e-310 | 6
12779491214873603 | 55 | 4.63978e-310 | 5
399359100464801 | 50 | 4.63978e-310 | 7
24959943779051 | 46 | 4.63978e-310 | 4
1523434069 | 32 | 11.1588 | 53
3046868138 | 33 | 11.1588 | 53
6093736277 | 34 | 11.1588 | 53
12187472555 | 35 | 11.1588 | 53
24374945110 | 36 | 11.1588 | 53
48749890221 | 37 | 11.1588 | 53
97499780442 | 38 | 11.1588 | 53
194999560884 | 39 | 4.95478 | 23
389999121768 | 40 | 4.95478 | 23
779998243536 | 41 | 4.95478 | 23
1559996487073 | 42 | 4.95478 | 23
3119992974146 | 43 | 4.95478 | 23
6239985948292 | 44 | 4.95478 | 23
12479971896585 | 45 | 4.95478 | 23
24959943793170 | 46 | 4.95478 | 23
49919887586340 | 47 | 4.95478 | 23
99839775172681 | 48 | 4.95478 | 23
199679550345363 | 49 | 4.95478 | 23
399359100690727 | 50 | 4.95478 | 23
798718201381455 | 51 | 4.95478 | 23
1597436402762910 | 52 | 1.63042e-322 | 4
1597436402762911 | 52 | 3.44193 | 19
3194872805525822 | 53 | 3.44193 | 19
6389745611051644 | 54 | 3.44193 | 19
12779491222103288 | 55 | 3.44193 | 19
25558982444206576 | 56 | 2.16096 | 11
51117964888413153 | 57 | 2.16096 | 11
102235929776826306 | 58 | 3.47983 | 3
102235929776826307 | 58 | 4.63978e-310 | 8
25558982444206577 | 56 | 4.63978e-310 | 8
194999560885 | 39 | 11.1588 | 30
389999121770 | 40 | 11.1588 | 30
779998243541 | 41 | 11.1588 | 30
1559996487082 | 42 | 11.1588 | 30
3119992974165 | 43 | 11.1588 | 30
6239985948330 | 44 | 11.1588 | 30
12479971896660 | 45 | 2.94058 | 21
24959943793320 | 46 | 4.63978e-310 | 5
24959943793321 | 46 | 2.56832 | 16
49919887586642 | 47 | 2.56832 | 16
99839775173285 | 48 | 2.56832 | 16
199679550346570 | 49 | 6.55652 | 2
199679550346571 | 49 | 2.56832 | 14
399359100693142 | 50 | 2.56832 | 14
798718201386284 | 51 | 2.56832 | 14
1597436402772569 | 52 | 2.56832 | 14
3194872805545138 | 53 | 2.56832 | 14
6389745611090276 | 54 | 2.56832 | 14
12779491222180553 | 55 | 2.56832 | 14
25558982444361107 | 56 | 2.56832 | 14
51117964888722214 | 57 | 2.56832 | 14
102235929777444429 | 58 | 2.56832 | 14
204471859554888858 | 59 | 2.56832 | 14
408943719109777717 | 60 | 2.56832 | 14
817887438219555435 | 61 | 2.56832 | 14
1635774876439110871 | 62 | 2.56832 | 14
3271549752878221743 | 63 | 2.56832 | 14
6543099505756443486 | 64 | 27.4223 | 8
6543099505756443487 | 64 | 0.680991 | 6
12479971896661 | 45 | 4.63978e-310 | 9
371933 | 20 | 19.3072 | 262
743866 | 21 | 19.3072 | 262
1487733 | 22 | 19.3072 | 262
2975467 | 23 | 19.3072 | 262
5950935 | 24 | 19.3072 | 262
11901870 | 25 | 9.22909 | 57
23803740 | 26 | 9.22909 | 57
47607481 | 27 | 9.22909 | 57
95214962 | 28 | 5.98744 | 42
190429924 | 29 | 4.66531 | 33
380859848 | 30 | 3.48126 | 22
761719697 | 31 | 3.48126 | 22
1523439395 | 32 | 3.48126 | 22
3046878790 | 33 | 3.48126 | 22
6093757581 | 34 | 3.48126 | 22
12187515163 | 35 | 3.48126 | 22
24375030327 | 36 | 3.48126 | 22
48750060654 | 37 | 3.48126 | 22
97500121308 | 38 | 3.48126 | 22
195000242616 | 39 | 3.02245 | 16
390000485232 | 40 | 3.02245 | 16
780000970464 | 41 | 0.365312 | 9
780000970465 | 41 | 0.204373 | 7
195000242617 | 39 | 4.63978e-310 | 6
380859849 | 30 | 2.79537 | 11
761719698 | 31 | 2.79537 | 11
1523439396 | 32 | 2.79537 | 11
3046878793 | 33 | 2.79537 | 11
6093757586 | 34 | 2.79537 | 11
12187515172 | 35 | 2.79537 | 11
24375030345 | 36 | 2.79537 | 11
48750060690 | 37 | 2.79537 | 11
97500121380 | 38 | 2.79537 | 11
195000242761 | 39 | 2.79537 | 11
390000485523 | 40 | 2.79537 | 11
780000971046 | 41 | 2.79537 | 11
1560001942092 | 42 | 7.86117 | 4
1560001942093 | 42 | 9.98355 | 7
190429925 | 29 | 4.63978e-310 | 9
95214963 | 28 | 8.8021 | 15
190429926 | 29 | 7.49112 | 14
380859853 | 30 | 7.49112 | 14
761719706 | 31 | 7.49112 | 14
1523439412 | 32 | 4.63978e-310 | 3
1523439413 | 32 | 3.80068 | 11
3046878827 | 33 | 3.80068 | 11
6093757655 | 34 | 3.80068 | 11
12187515310 | 35 | 3.80068 | 11
24375030620 | 36 | 3.80068 | 11
48750061240 | 37 | 3.80068 | 11
97500122481 | 38 | 3.80068 | 11
195000244962 | 39 | 3.80068 | 11
390000489924 | 40 | 3.80068 | 11
780000979849 | 41 | 3.80068 | 11
1560001959699 | 42 | 3.80068 | 11
3120003919398 | 43 | 3.80068 | 11
6240007838797 | 44 | 3.80068 | 11
12480015677594 | 45 | 3.80068 | 11
24960031355189 | 46 | 3.80068 | 11
49920062710378 | 47 | 1.72118 | 10
49920062710379 | 47 | 5.74218 | 1
190429927 | 29 | 4.63978e-310 | 1
11901871 | 25 | 16.0557 | 205
23803743 | 26 | 16.0557 | 205
47607487 | 27 | 16.0557 | 205
95214974 | 28 | 16.0557 | 205
190429948 | 29 | 16.0557 | 205
380859896 | 30 | 16.0557 | 205
761719793 | 31 | 16.0557 | 205
1523439586 | 32 | 10.7889 | 139
3046879172 | 33 | 10.7889 | 139
6093758344 | 34 | 9.08657 | 117
12187516688 | 35 | 9.08657 | 117
24375033376 | 36 | 9.08657 | 117
48750066753 | 37 | 9.08657 | 117
97500133507 | 38 | 9.08657 | 117
195000267014 | 39 | 9.08657 | 117
390000534028 | 40 | 9.08657 | 117
780001068056 | 41 | 9.08657 | 117
1560002136112 | 42 | 9.08657 | 117
3120004272224 | 43 | 5.56254 | 13
6240008544448 | 44 | 5.56254 | 13
12480017088896 | 45 | 30.4614 | 4
12480017088897 | 45 | 54.6004 | 9
3120004272225 | 43 | 8.12619 | 104
6240008544450 | 44 | 8.12619 | 104
12480017088900 | 45 | 8.12619 | 104
24960034177801 | 46 | 8.12619 | 104
49920068355602 | 47 | 8.12619 | 103
99840136711205 | 48 | 8.12619 | 103
199680273422411 | 49 | 8.12619 | 103
399360546844823 | 50 | 8.12619 | 103
798721093689647 | 51 | 8.12619 | 103
1597442187379294 | 52 | 8.12619 | 103
3194884374758589 | 53 | 8.12619 | 103
6389768749517178 | 54 | 8.12619 | 103
12779537499034356 | 55 | 8.12619 | 103
25559074998068713 | 56 | 8.12619 | 103
51118149996137426 | 57 | 8.12619 | 103
102236299992274852 | 58 | 8.12619 | 103
204472599984549705 | 59 | 8.12619 | 103
408945199969099410 | 60 | 8.12619 | 103
817890399938198821 | 61 | 8.12619 | 103
1635780799876397643 | 62 | 8.12619 | 103
3271561599752795287 | 63 | 8.12619 | 103
6543123199505590574 | 64 | 8.12619 | 103
-5360497674698370468 | 65 | 8.12619 | 103
7725748724312810680 | 66 | 3.78702 | 12
-2995246625083930255 | 67 | 3.78702 | 12
-5990493250167860509 | 68 | 3.78702 | 12
6465757573373830599 | 69 | 3.78702 | 12
-5515228926961890417 | 70 | 3.78702 | 12
7416286219785770783 | 71 | 3.78702 | 12
-3614171634138010050 | 72 | 3.78702 | 12
-7228343268276020099 | 73 | 3.78702 | 12
3990057537157511418 | 74 | 40.5057 | 9
3990057537157511419 | 74 | 0 | 3
7725748724312810681 | 66 | 8.12619 | 91
-2995246625083930254 | 67 | 8.12619 | 91
-5990493250167860508 | 68 | 8.12619 | 91
6465757573373830600 | 69 | 8.12619 | 91
-5515228926961890415 | 70 | 8.12619 | 91
7416286219785770787 | 71 | 8.12619 | 91
-3614171634138010042 | 72 | 8.12619 | 91
-7228343268276020083 | 73 | 8.12619 | 91
3990057537157511451 | 74 | 8.12619 | 91
7980115074315022902 | 75 | 7.68753 | 39
-2486513925079505812 | 76 | 7.68753 | 39
-4973027850159011623 | 77 | 7.68753 | 39
8500688373391528371 | 78 | 7.68753 | 39
-1445367326926494873 | 79 | 7.68753 | 39
-2890734653852989746 | 80 | 7.68753 | 39
-5781469307705979492 | 81 | 7.68753 | 39
6883805458297592633 | 82 | 7.68753 | 39
-4679133157114366350 | 83 | 7.06106 | 26
9088477759480818917 | 84 | 7.06106 | 26
-269788554747913782 | 85 | 44.1306 | 1
-269788554747913781 | 85 | 7.04474 | 25
-539577109495827562 | 86 | 7.04474 | 25
-1079154218991655123 | 87 | 7.04474 | 25
-2158308437983310245 | 88 | 7.04474 | 25
-4316616875966620489 | 89 | 7.04474 | 25
-8633233751933240978 | 90 | 3.22422 | 15
1180276569843069661 | 91 | 3.22422 | 15
2360553139686139323 | 92 | 3.22422 | 15
4721106279372278646 | 93 | 3.22422 | 15
-9004531514964994323 | 94 | 3.22422 | 15
437681043779562970 | 95 | 3.22422 | 15
875362087559125940 | 96 | 3.22422 | 15
1750724175118251880 | 97 | 3.22422 | 15
3501448350236503760 | 98 | 2.61657 | 14
7002896700473007520 | 99 | 2.61657 | 14
-4440950672763536576 | 100 | 2.54152 | 11
-8881901345527073152 | 101 | 2.54152 | 11
682941382655405312 | 102 | 2.54152 | 11
1365882765310810625 | 103 | 2.54152 | 11
2731765530621621251 | 104 | 2.54152 | 11
5463531061243242503 | 105 | 2.54152 | 11
-7519681951223066610 | 106 | 2.54152 | 11
3407380171263418396 | 107 | 2.54152 | 11
6814760342526836793 | 108 | 2.54152 | 11
-4817223388655878029 | 109 | 2.54152 | 11
8812297296397795558 | 110 | 2.54152 | 11
-822149480913960499 | 111 | 2.54152 | 11
-1644298961827920997 | 112 | 2.54152 | 11
-3288597923655841993 | 113 | 2.54152 | 11
-6577195847311683986 | 114 | 2.54152 | 11
5292352379086183645 | 115 | 2.54152 | 11
-7862039315537184326 | 116 | 0.0930977 | 10
-7862039315537184325 | 116 | 40.5984 | 1
-4440950672763536575 | 100 | 4.63978e-310 | 3
3501448350236503761 | 98 | 4.63978e-310 | 1
-8633233751933240977 | 90 | 4.63978e-310 | 10
-4679133157114366349 | 83 | 2.53421 | 13
9088477759480818919 | 84 | 2.53421 | 13
-269788554747913778 | 85 | 4.63978e-310 | 3
-269788554747913777 | 85 | 4.63978e-310 | 10
7980115074315022903 | 75 | 4.10109 | 52
-2486513925079505810 | 76 | 4.10109 | 52
-4973027850159011620 | 77 | 4.63978e-310 | 8
-4973027850159011619 | 77 | 3.34724 | 44
8500688373391528379 | 78 | 3.34724 | 44
-1445367326926494857 | 79 | 3.34724 | 44
-2890734653852989714 | 80 | 3.34724 | 44
-5781469307705979428 | 81 | 3.34724 | 44
6883805458297592760 | 82 | 0.402593 | 4
6883805458297592761 | 82 | 3.34724 | 40
-4679133157114366094 | 83 | 3.34724 | 40
9088477759480819428 | 84 | 3.34724 | 40
-269788554747912759 | 85 | 3.34724 | 40
-539577109495825517 | 86 | 3.34724 | 40
-1079154218991651033 | 87 | 3.34724 | 40
-2158308437983302066 | 88 | 3.34724 | 40
-4316616875966604131 | 89 | 3.34724 | 40
-8633233751933208261 | 90 | 3.34724 | 40
1180276569843135095 | 91 | 3.34724 | 40
2360553139686270191 | 92 | 3.34724 | 40
4721106279372540383 | 93 | 3.34724 | 40
-9004531514964470849 | 94 | 3.34724 | 40
437681043780609919 | 95 | 3.34724 | 40
875362087561219839 | 96 | 3.34724 | 40
1750724175122439679 | 97 | 3.34724 | 40
3501448350244879358 | 98 | 3.34724 | 40
7002896700489758717 | 99 | 3.34724 | 40
-4440950672730034182 | 100 | 2.62666 | 13
-8881901345460068363 | 101 | 2.62666 | 13
682941382789414890 | 102 | 2.62666 | 13
1365882765578829780 | 103 | 2.62666 | 13
2731765531157659560 | 104 | 2.62666 | 13
5463531062315319121 | 105 | 2.62666 | 13
-7519681949078913373 | 106 | 2.62666 | 13
3407380175551724870 | 107 | 2.33291 | 2
3407380175551724871 | 107 | 2.25294 | 11
6814760351103449742 | 108 | 2.25294 | 11
-4817223371502652131 | 109 | 2.25294 | 11
8812297330704247354 | 110 | 1.90149 | 1
8812297330704247355 | 110 | 1.16747 | 10
-4440950672730034181 | 100 | 3.13049 | 27
-8881901345460068361 | 101 | 3.13049 | 27
682941382789414895 | 102 | 3.13049 | 27
1365882765578829790 | 103 | 3.13049 | 27
2731765531157659580 | 104 | 3.13049 | 27
5463531062315319160 | 105 | 3.13049 | 27
-7519681949078913295 | 106 | 3.13049 | 27
3407380175551725027 | 107 | 3.13049 | 27
6814760351103450054 | 108 | 3.13049 | 27
-4817223371502651507 | 109 | 3.13049 | 27
8812297330704248603 | 110 | 3.13049 | 27
-822149412301054409 | 111 | 3.13049 | 27
-1644298824602108817 | 112 | 3.13049 | 27
-3288597649204217634 | 113 | 2.13116 | 17
-6577195298408435267 | 114 | 2.13116 | 17
5292353476892681083 | 115 | 2.13116 | 17
-7862037119924189450 | 116 | 1.58148 | 11
2722669833861172716 | 117 | 1.58148 | 11
5445339667722345432 | 118 | 1.58148 | 11
-7556064738264860752 | 119 | 0.0227209 | 2
-7556064738264860751 | 119 | 0.660544 | 9
-7862037119924189449 | 116 | 4.63978e-310 | 6
-3288597649204217633 | 113 | 4.63978e-310 | 10
49920068355603 | 47 | 4.63978e-310 | 1
6093758345 | 34 | 7.41258 | 22
12187516690 | 35 | 7.41258 | 22
24375033381 | 36 | 7.41258 | 22
48750066762 | 37 | 4.63978e-310 | 6
48750066763 | 37 | 7.22015 | 16
97500133526 | 38 | 7.22015 | 16
195000267053 | 39 | 7.22015 | 16
390000534107 | 40 | 7.22015 | 16
780001068214 | 41 | 7.22015 | 16
1560002136428 | 42 | 4.63978e-310 | 3
1560002136429 | 42 | 3.49627 | 13
3120004272858 | 43 | 3.25068 | 11
6240008545716 | 44 | 4.63978e-310 | 5
6240008545717 | 44 | 4.63978e-310 | 6
3120004272859 | 43 | 4.63978e-310 | 2
1523439587 | 32 | 13.0552 | 66
3046879174 | 33 | 13.0552 | 66
6093758349 | 34 | 13.0552 | 66
12187516698 | 35 | 13.0552 | 66
24375033396 | 36 | 13.0552 | 66
48750066792 | 37 | 13.0552 | 66
97500133584 | 38 | 13.0552 | 66
195000267169 | 39 | 13.0552 | 66
390000534339 | 40 | 13.0552 | 66
780001068679 | 41 | 13.0552 | 66
1560002137359 | 42 | 13.0552 | 66
3120004274719 | 43 | 13.0552 | 66
6240008549439 | 44 | 13.0552 | 66
12480017098879 | 45 | 13.0552 | 66
24960034197758 | 46 | 4.67123 | 14
49920068395516 | 47 | 4.67123 | 14
99840136791032 | 48 | 3.35607 | 13
199680273582064 | 49 | 3.35607 | 13
399360547164128 | 50 | 4.63978e-310 | 4
399360547164129 | 50 | 3.21143e-322 | 9
99840136791033 | 48 | 4.63978e-310 | 1
24960034197759 | 46 | 11.9705 | 52
49920068395519 | 47 | 11.9705 | 52
99840136791038 | 48 | 11.9705 | 52
199680273582076 | 49 | 11.9705 | 52
399360547164152 | 50 | 11.9705 | 52
798721094328304 | 51 | 11.9705 | 52
1597442188656609 | 52 | 11.9705 | 52
3194884377313218 | 53 | 11.9705 | 52
6389768754626436 | 54 | 11.9705 | 52
12779537509252872 | 55 | 5.04576 | 24
25559075018505744 | 56 | 4.88328 | 18
51118150037011489 | 57 | 4.88328 | 18
102236300074022979 | 58 | 4.88328 | 18
204472600148045959 | 59 | 4.88328 | 18
408945200296091918 | 60 | 4.88328 | 18
817890400592183837 | 61 | 4.88328 | 18
1635780801184367674 | 62 | 4.88328 | 18
3271561602368735349 | 63 | 4.88328 | 18
6543123204737470698 | 64 | 4.88328 | 18
-5360497664234610220 | 65 | 4.88328 | 18
7725748745240331176 | 66 | 4.88328 | 18
-2995246583228889264 | 67 | 4.88328 | 18
-5990493166457778528 | 68 | 4.88328 | 18
6465757740793994561 | 69 | 4.88328 | 18
-5515228592121562493 | 70 | 4.88328 | 18
7416286889466426630 | 71 | 4.88328 | 18
-3614170294776698355 | 72 | 4.88328 | 18
-7228340589553396710 | 73 | 2.80074 | 13
3990062894602758196 | 74 | 2.80074 | 13
7980125789205516392 | 75 | 2.80074 | 13
-2486492495298518831 | 76 | 2.80074 | 13
-4972984990597037661 | 77 | 2.80074 | 13
8500774092515476294 | 78 | 2.80074 | 13
-1445195888678599027 | 79 | 2.80074 | 13
-2890391777357198053 | 80 | 2.80074 | 13
-5780783554714396106 | 81 | 2.80074 | 13
6885176964280759404 | 82 | 2.80074 | 13
-4676390145148032808 | 83 | 7.46995 | 1
-4676390145148032807 | 83 | 2.80074 | 12
9093963783413486002 | 84 | 6.46247 | 8
9093963783413486003 | 84 | 1.63042e-322 | 4
-7228340589553396709 | 73 | 4.63978e-310 | 5
25559075018505745 | 56 | 4.63978e-310 | 6
12779537509252873 | 55 | 8.42789 | 28
25559075018505746 | 56 | 8.42789 | 28
51118150037011492 | 57 | 8.42789 | 28
102236300074022985 | 58 | 8.42789 | 28
204472600148045971 | 59 | 8.42789 | 28
408945200296091942 | 60 | 8.42789 | 28
817890400592183885 | 61 | 8.42789 | 28
1635780801184367770 | 62 | 8.42789 | 28
3271561602368735540 | 63 | 8.42789 | 28
6543123204737471080 | 64 | 8.42789 | 28
-5360497664234609455 | 65 | 8.42789 | 28
7725748745240332706 | 66 | 8.42789 | 28
-2995246583228886203 | 67 | 8.42789 | 28
-5990493166457772405 | 68 | 8.42789 | 28
6465757740794006806 | 69 | 8.42789 | 28
-5515228592121538003 | 70 | 8.42789 | 28
7416286889466475611 | 71 | 8.42789 | 28
-3614170294776600394 | 72 | 8.42789 | 28
-7228340589553200787 | 73 | 8.42789 | 28
3990062894603150042 | 74 | 2.61724 | 7
3990062894603150043 | 74 | 6.85038 | 21
7980125789206300087 | 75 | 6.85038 | 21
-2486492495296951442 | 76 | 6.85038 | 21
-4972984990593902883 | 77 | 6.85038 | 21
8500774092521745850 | 78 | 6.85038 | 21
-1445195888666059915 | 79 | 6.85038 | 21
-2890391777332119829 | 80 | 6.85038 | 21
-5780783554664239658 | 81 | 6.85038 | 21
6885176964381072301 | 82 | 6.85038 | 21
-4676390144947407013 | 83 | 6.85038 | 21
9093963783814737590 | 84 | 6.85038 | 21
-258816506080076436 | 85 | 4.96309 | 19
-517633012160152872 | 86 | 4.96309 | 19
-1035266024320305744 | 87 | 4.96309 | 19
-2070532048640611488 | 88 | 11.7024 | 9
-2070532048640611487 | 88 | 7.90505e-322 | 10
-258816506080076435 | 85 | 4.63978e-310 | 2
11623 | 15 | 28.5392 | 1122
23246 | 16 | 28.5392 | 1122
46492 | 17 | 28.5392 | 1122
92985 | 18 | 28.5392 | 1122
185970 | 19 | 28.5392 | 1122
371940 | 20 | 28.5392 | 1122
743881 | 21 | 28.5392 | 1122
1487762 | 22 | 28.5392 | 1122
2975525 | 23 | 28.5392 | 1122
5951051 | 24 | 28.5392 | 1122
11902103 | 25 | 28.5392 | 1122
23804207 | 26 | 28.5392 | 1122
47608415 | 27 | 28.5392 | 1122
95216831 | 28 | 28.5392 | 1122
190433663 | 29 | 28.5392 | 1122
380867326 | 30 | 28.5392 | 1122
761734653 | 31 | 28.5392 | 1122
1523469306 | 32 | 28.5392 | 1122
3046938613 | 33 | 28.5392 | 1122
6093877226 | 34 | 28.5392 | 1122
12187754453 | 35 | 28.5392 | 1122
24375508907 | 36 | 28.5392 | 1122
48751017815 | 37 | 28.5392 | 1122
97502035630 | 38 | 6.90513e-310 | 1
97502035631 | 38 | 28.5392 | 1121
195004071263 | 39 | 28.5392 | 1121
390008142527 | 40 | 28.5392 | 1121
780016285054 | 41 | 23.1831 | 942
1560032570108 | 42 | 23.1831 | 942
3120065140216 | 43 | 23.1831 | 942
6240130280433 | 44 | 23.1831 | 942
12480260560866 | 45 | 23.1831 | 942
24960521121733 | 46 | 23.1831 | 942
49921042243467 | 47 | 23.1831 | 942
99842084486934 | 48 | 22.5072 | 655
199684168973868 | 49 | 22.5072 | 655
399368337947736 | 50 | 22.5072 | 655
798736675895473 | 51 | 22.5072 | 655
1597473351790947 | 52 | 22.5072 | 655
3194946703581894 | 53 | 14.0679 | 381
6389893407163789 | 54 | 14.0679 | 381
12779786814327579 | 55 | 14.0679 | 381
25559573628655158 | 56 | 13.6619 | 371
51119147257310316 | 57 | 13.6619 | 371
102238294514620632 | 58 | 6.90513e-310 | 5
102238294514620633 | 58 | 13.6619 | 366
204476589029241266 | 59 | 13.6619 | 366
408953178058482532 | 60 | 13.6619 | 366
817906356116965065 | 61 | 13.6619 | 366
1635812712233930130 | 62 | 13.6619 | 366
3271625424467860260 | 63 | 13.6619 | 366
6543250848935720520 | 64 | 13.6619 | 366
-5360242375838110576 | 65 | 13.6619 | 366
7726259322033330464 | 66 | 13.6619 | 366
-2994225429642890688 | 67 | 13.6619 | 366
-5988450859285781375 | 68 | 13.6619 | 366
6469842355137988867 | 69 | 13.6619 | 366
-5507059363433573881 | 70 | 13.6619 | 366
7432625346842403855 | 71 | 13.6619 | 366
-3581493380024743906 | 72 | 13.6619 | 366
-7162986760049487811 | 73 | 13.6619 | 366
4120770553610575995 | 74 | 13.6619 | 366
8241541107221151991 | 75 | 13.6619 | 366
-1963661859267247634 | 76 | 13.6619 | 366
-3927323718534495268 | 77 | 13.6619 | 366
-7854647437068990535 | 78 | 13.6619 | 366
2737449199571570547 | 79 | 13.6619 | 366
5474898399143141094 | 80 | 6.09764 | 59
-7496947275423269428 | 81 | 6.09764 | 59
3452849522863012760 | 82 | 6.09764 | 59
6905699045726025520 | 83 | 6.09764 | 59
-4635345982257500576 | 84 | 4.01936 | 27
9176052109194550465 | 85 | 4.01936 | 27
-94639855320450686 | 86 | 4.01936 | 27
-189279710640901371 | 87 | 4.01936 | 27
-378559421281802742 | 88 | 4.01936 | 27
-757118842563605483 | 89 | 4.01936 | 27
-1514237685127210966 | 90 | 4.01936 | 27
-3028475370254421932 | 91 | 4.01936 | 27
-6056950740508843864 | 92 | 4.01936 | 27
6332842592691863888 | 93 | 4.01936 | 27
-5781058888325823839 | 94 | 4.01936 | 27
6884626297057903939 | 95 | 4.01936 | 27
-4677491479593743738 | 96 | 4.01936 | 27
9091761114522064141 | 97 | 4.01936 | 27
-263221844665423333 | 98 | 4.01936 | 27
-526443689330846666 | 99 | 4.01936 | 27
-1052887378661693332 | 100 | 6.90513e-310 | 1
-1052887378661693331 | 100 | 4.01936 | 26
-2105774757323386661 | 101 | 4.01936 | 26
-4211549514646773321 | 102 | 4.01936 | 26
-8423099029293546641 | 103 | 4.01936 | 26
1600546015122458334 | 104 | 0.471414 | 2
1600546015122458335 | 104 | 3.598 | 24
3201092030244916671 | 105 | 3.598 | 24
6402184060489833343 | 106 | 3.598 | 24
-5642375952729884929 | 107 | 3.598 | 24
7161992168249781758 | 108 | 3.598 | 24
-4122759737209988099 | 109 | 3.598 | 24
-8245519474419976198 | 110 | 2.86455 | 16
1955705124869599220 | 111 | 0.378031 | 2
1955705124869599221 | 111 | 2.60206 | 14
3911410249739198443 | 112 | 2.60206 | 14
7822820499478396887 | 113 | 2.60206 | 14
-2801103074752757842 | 114 | 2.60206 | 14
-5602206149505515684 | 115 | 2.60206 | 14
7242331774698520249 | 116 | 2.60206 | 14
-3962080524312511118 | 117 | 2.60206 | 14
-7924161048625022236 | 118 | 2.60206 | 14
2598421976459507144 | 119 | 2.60206 | 14
5196843952919014289 | 120 | 2.60206 | 14
-8053056167871523038 | 121 | 2.60206 | 14
2340631737966505540 | 122 | 2.60206 | 14
4681263475933011080 | 123 | 2.60206 | 14
-9084217121843529456 | 124 | 2.60206 | 14
278309830022492705 | 125 | 2.60206 | 14
556619660044985411 | 126 | 2.60206 | 14
1113239320089970823 | 127 | 2.60206 | 14
2226478640179941647 | 128 | 2.60206 | 14
4452957280359883295 | 129 | 2.60206 | 14
8905914560719766590 | 130 | 2.60206 | 14
-634914952270018436 | 131 | 2.60206 | 14
-1269829904540036872 | 132 | 2.60206 | 14
-2539659809080073744 | 133 | 2.60206 | 14
-5079319618160147488 | 134 | 2.60206 | 14
8288104837389256641 | 135 | 2.60206 | 14
-1870534398931038333 | 136 | 2.60206 | 14
-3741068797862076665 | 137 | 2.60206 | 14
-7482137595724153329 | 138 | 2.60206 | 14
3482468882261244959 | 139 | 2.60206 | 14
6964937764522489918 | 140 | 2.60206 | 14
-4516868544664571780 | 141 | 2.60206 | 14
-9033737089329143560 | 142 | 2.39195 | 13
379269895051264496 | 143 | 2.39195 | 13
758539790102528992 | 144 | 2.39195 | 13
1517079580205057984 | 145 | 0 | 4
1517079580205057985 | 145 | 0 | 9
-9033737089329143559 | 142 | 4.63978e-310 | 1
-8245519474419976197 | 110 | 4.63978e-310 | 8
-4635345982257500575 | 84 | 3.59946 | 32
9176052109194550466 | 85 | 3.59946 | 32
-94639855320450683 | 86 | 3.59946 | 32
-189279710640901365 | 87 | 3.59946 | 32
-378559421281802730 | 88 | 3.59946 | 32
-757118842563605459 | 89 | 3.59946 | 32
-1514237685127210917 | 90 | 3.59946 | 32
-3028475370254421834 | 91 | 3.59946 | 32
-6056950740508843668 | 92 | 3.59946 | 32
6332842592691864280 | 93 | 3.59946 | 32
-5781058888325823055 | 94 | 3.59946 | 32
6884626297057905506 | 95 | 3.59946 | 32
-4677491479593740603 | 96 | 3.59946 | 32
9091761114522070410 | 97 | 2.74709 | 24
-263221844665410796 | 98 | 2.74709 | 24
-526443689330821591 | 99 | 2.74709 | 24
-1052887378661643182 | 100 | 2.69938 | 17
-2105774757323286364 | 101 | 2.69938 | 17
-4211549514646572727 | 102 | 2.69938 | 17
-8423099029293145454 | 103 | 2.63236 | 11
1600546015123260709 | 104 | 2.63236 | 11
3201092030246521419 | 105 | 2.63236 | 11
6402184060493042838 | 106 | 2.63236 | 11
-5642375952723465940 | 107 | 2.63236 | 11
7161992168262619736 | 108 | 4.63978e-310 | 2
7161992168262619737 | 108 | 4.63978e-310 | 9
-8423099029293145453 | 103 | 4.63978e-310 | 6
-1052887378661643181 | 100 | 4.63978e-310 | 7
9091761114522070411 | 97 | 4.63978e-310 | 8
5474898399143141095 | 80 | 13.4554 | 307
-7496947275423269425 | 81 | 13.4554 | 307
3452849522863012767 | 82 | 13.4554 | 307
6905699045726025535 | 83 | 13.4554 | 307
-4635345982257500546 | 84 | 13.4554 | 302
9176052109194550525 | 85 | 13.4554 | 302
-94639855320450565 | 86 | 13.4554 | 302
-189279710640901129 | 87 | 13.4554 | 302
-378559421281802257 | 88 | 13.4554 | 302
-757118842563604514 | 89 | 9.35103 | 86
-1514237685127209027 | 90 | 9.35103 | 86
-3028475370254418054 | 91 | 9.35103 | 86
-6056950740508836108 | 92 | 9.35103 | 86
6332842592691879400 | 93 | 9.35103 | 86
-5781058888325792816 | 94 | 5.0284 | 35
6884626297057965985 | 95 | 5.0284 | 35
-4677491479593619646 | 96 | 5.0284 | 35
9091761114522312324 | 97 | 5.0284 | 35
-263221844664926967 | 98 | 5.0284 | 35
-526443689329853934 | 99 | 5.0284 | 35
-1052887378659707867 | 100 | 5.0284 | 35
-2105774757319415734 | 101 | 5.0284 | 35
-4211549514638831467 | 102 | 5.0284 | 35
-8423099029277662934 | 103 | 5.0284 | 35
1600546015154225748 | 104 | 5.0284 | 35
3201092030308451497 | 105 | 5.0284 | 35
6402184060616902995 | 106 | 5.0284 | 35
-5642375952475745625 | 107 | 5.0284 | 35
7161992168758060367 | 108 | 5.0284 | 35
-4122759736193430881 | 109 | 5.0284 | 35
-8245519472386861762 | 110 | 5.0284 | 35
1955705128935828092 | 111 | 4.86805 | 32
3911410257871656185 | 112 | 4.86805 | 32
7822820515743312370 | 113 | 4.86805 | 32
-2801103042222926876 | 114 | 4.86805 | 32
-5602206084445853752 | 115 | 4.86805 | 32
7242331904817844113 | 116 | 4.86805 | 32
-3962080264073863389 | 117 | 4.86805 | 32
-7924160528147726778 | 118 | 4.86805 | 32
2598423017414098061 | 119 | 4.86805 | 32
5196846034828196122 | 120 | 3.82188 | 24
-8053052004053159371 | 121 | 3.82188 | 24
2340640065603232874 | 122 | 3.82188 | 24
4681280131206465749 | 123 | 3.82188 | 24
-9084183811296620118 | 124 | 3.82188 | 24
278376451116311380 | 125 | 2.18111 | 7
278376451116311381 | 125 | 3.67522 | 17
556752902232622762 | 126 | 3.77696 | 2
556752902232622763 | 126 | 2.555 | 15
1113505804465245526 | 127 | 2.555 | 15
2227011608930491053 | 128 | 2.555 | 15
4454023217860982106 | 129 | 0 | 4
4454023217860982107 | 129 | 1.71512 | 11
8908046435721964215 | 130 | 1.71512 | 11
-630651202265623186 | 131 | 1.71512 | 11
-1261302404531246372 | 132 | 0 | 4
-1261302404531246371 | 132 | 0 | 7
5196846034828196123 | 120 | 4.63978e-310 | 8
1955705128935828093 | 111 | 4.63978e-310 | 3
-5781058888325792815 | 94 | 7.79352 | 51
6884626297057965987 | 95 | 7.79352 | 51
-4677491479593619641 | 96 | 7.79352 | 51
9091761114522312334 | 97 | 7.79352 | 51
-263221844664926947 | 98 | 7.79352 | 51
-526443689329853894 | 99 | 7.79352 | 51
-1052887378659707787 | 100 | 7.79352 | 51
-2105774757319415574 | 101 | 7.79352 | 50
-4211549514638831148 | 102 | 7.79352 | 50
-8423099029277662296 | 103 | 7.79352 | 50
1600546015154227025 | 104 | 7.79352 | 50
3201092030308454051 | 105 | 7.79352 | 50
6402184060616908102 | 106 | 7.79352 | 50
-5642375952475735412 | 107 | 7.79352 | 50
7161992168758080792 | 108 | 7.79352 | 50
-4122759736193390032 | 109 | 7.79352 | 50
-8245519472386780063 | 110 | 7.79352 | 50
1955705128935991490 | 111 | 7.50407 | 47
3911410257871982980 | 112 | 7.50407 | 47
7822820515743965960 | 113 | 7.50407 | 47
-2801103042221619696 | 114 | 7.50407 | 47
-5602206084443239392 | 115 | 7.50407 | 47
7242331904823072832 | 116 | 7.50407 | 47
-3962080264063405952 | 117 | 7.50407 | 47
-7924160528126811903 | 118 | 7.50407 | 47
2598423017455927811 | 119 | 7.50407 | 47
5196846034911855623 | 120 | 7.50407 | 47
-8053052003885840370 | 121 | 7.50407 | 47
2340640065937870876 | 122 | 7.50407 | 47
4681280131875741752 | 123 | 7.50407 | 47
-9084183809958068111 | 124 | 7.50407 | 47
278376453793415394 | 125 | 7.50407 | 47
556752907586830789 | 126 | 7.50407 | 47
1113505815173661578 | 127 | 6.93922 | 46
2227011630347323156 | 128 | 6.93922 | 46
4454023260694646312 | 129 | 2.61276 | 14
8908046521389292625 | 130 | 2.61276 | 14
-630651030930966366 | 131 | 2.61276 | 14
-1261302061861932732 | 132 | 2.61276 | 14
-2522604123723865463 | 133 | 2.61276 | 14
-5045208247447730926 | 134 | 2.61276 | 14
8356327578814089765 | 135 | 2.61276 | 14
-1734088916081372085 | 136 | 2.61276 | 14
-3468177832162744169 | 137 | 2.61276 | 14
-6936355664325488337 | 138 | 2.61276 | 14
4574032745058574943 | 139 | 2.61276 | 14
9148065490117149887 | 140 | 2.61276 | 14
-150613093475251841 | 141 | 2.61276 | 14
-301226186950503682 | 142 | 2.61276 | 14
-602452373901007364 | 143 | 2.61276 | 14
-1204904747802014728 | 144 | 2.61276 | 14
-2409809495604029456 | 145 | 2.05918 | 13
-4819618991208058912 | 146 | 2.05918 | 13
8807506091293433792 | 147 | 2.05918 | 13
-831731891122684032 | 148 | 0 | 1
-831731891122684031 | 148 | 1.56836 | 12
-1663463782245368061 | 149 | 1.56836 | 12
-3326927564490736122 | 150 | 1.56836 | 12
-6653855128981472244 | 151 | 1.56836 | 12
5139033815746607128 | 152 | 1.56836 | 12
-8168676442216337359 | 153 | 1.56836 | 12
2109391189276876898 | 154 | 0 | 5
2109391189276876899 | 154 | 0 | 7
-2409809495604029455 | 145 | 4.63978e-310 | 1
4454023260694646313 | 129 | 5.6821 | 32
8908046521389292627 | 130 | 5.6821 | 32
-630651030930966361 | 131 | 5.6821 | 32
-1261302061861932722 | 132 | 3.58382 | 16
-2522604123723865444 | 133 | 3.58382 | 16
-5045208247447730887 | 134 | 3.58382 | 16
8356327578814089842 | 135 | 3.58382 | 16
-1734088916081371932 | 136 | 3.58382 | 16
-3468177832162743863 | 137 | 3.58382 | 16
-6936355664325487726 | 138 | 3.58382 | 16
4574032745058576165 | 139 | 3.58382 | 16
9148065490117152330 | 140 | 3.58382 | 16
-150613093475246955 | 141 | 3.58382 | 16
-301226186950493910 | 142 | 4.63978e-310 | 3
-301226186950493909 | 142 | 2.13372 | 13
-602452373900987817 | 143 | 2.13372 | 13
-1204904747801975633 | 144 | 2.13372 | 13
-2409809495603951266 | 145 | 2.37319 | 8
-2409809495603951265 | 145 | 6.37345e-322 | 5
-1261302061861932721 | 132 | 4.16281 | 16
-2522604123723865441 | 133 | 4.16281 | 16
-5045208247447730881 | 134 | 4.16281 | 16
8356327578814089855 | 135 | 4.16281 | 16
-1734088916081371905 | 136 | 4.16281 | 16
-3468177832162743809 | 137 | 4.16281 | 16
-6936355664325487618 | 138 | 4.16281 | 16
4574032745058576381 | 139 | 4.16281 | 16
9148065490117152762 | 140 | 4.16281 | 16
-150613093475246091 | 141 | 4.16281 | 16
-301226186950492181 | 142 | 4.16281 | 16
-602452373900984362 | 143 | 4.16281 | 16
-1204904747801968724 | 144 | 4.16281 | 16
-2409809495603937447 | 145 | 4.16281 | 16
-4819618991207874894 | 146 | 4.16281 | 16
8807506091293801828 | 147 | 2.42092e-322 | 3
8807506091293801829 | 147 | 3.321 | 13
-831731891121947957 | 148 | 3.321 | 13
-1663463782243895913 | 149 | 3.321 | 13
-3326927564487791826 | 150 | 3.321 | 13
-6653855128975583652 | 151 | 3.321 | 13
5139033815758384312 | 152 | 3.321 | 13
-8168676442192782992 | 153 | 3.321 | 13
2109391189323985632 | 154 | 0 | 8
2109391189323985633 | 154 | 0 | 5
1113505815173661579 | 127 | 4.63978e-310 | 1
1955705128935991491 | 111 | 4.63978e-310 | 3
-2105774757319415573 | 101 | 4.63978e-310 | 1
-757118842563604513 | 89 | 12.9149 | 216
-1514237685127209026 | 90 | 12.9149 | 216
-3028475370254418052 | 91 | 12.9149 | 216
-6056950740508836104 | 92 | 12.9149 | 216
6332842592691879408 | 93 | 12.9149 | 216
-5781058888325792800 | 94 | 12.9149 | 216
6884626297057966017 | 95 | 12.9149 | 216
-4677491479593619582 | 96 | 12.9149 | 216
9091761114522312453 | 97 | 12.9149 | 216
-263221844664926710 | 98 | 12.9149 | 216
-526443689329853419 | 99 | 12.9149 | 216
-1052887378659706838 | 100 | 11.0325 | 127
-2105774757319413676 | 101 | 11.0325 | 127
-4211549514638827351 | 102 | 11.0325 | 127
-8423099029277654702 | 103 | 11.0325 | 127
1600546015154242212 | 104 | 11.0325 | 127
3201092030308484424 | 105 | 3.75798 | 17
6402184060616968848 | 106 | 3.75798 | 17
-5642375952475613919 | 107 | 3.75798 | 17
7161992168758323778 | 108 | 3.75798 | 17
-4122759736192904059 | 109 | 3.75798 | 17
-8245519472385808117 | 110 | 3.75798 | 17
1955705128937935382 | 111 | 3.75798 | 17
3911410257875870765 | 112 | 3.75798 | 17
7822820515751741530 | 113 | 7.11455e-322 | 5
7822820515751741531 | 113 | 1.72095 | 12
-2801103042206068554 | 114 | 1.72095 | 12
-5602206084412137108 | 115 | 1.72095 | 12
7242331904885277400 | 116 | 4.63978e-310 | 2
7242331904885277401 | 116 | 4.63978e-310 | 10
3201092030308484425 | 105 | 11.0325 | 110
6402184060616968850 | 106 | 11.0325 | 110
-5642375952475613915 | 107 | 11.0325 | 110
7161992168758323787 | 108 | 11.0325 | 110
-4122759736192904041 | 109 | 11.0325 | 110
-8245519472385808081 | 110 | 11.0325 | 110
1955705128937935455 | 111 | 11.0325 | 110
3911410257875870910 | 112 | 11.0325 | 110
7822820515751741820 | 113 | 11.0325 | 110
-2801103042206067975 | 114 | 11.0325 | 110
-5602206084412135949 | 115 | 11.0325 | 110
7242331904885279718 | 116 | 11.0325 | 110
-3962080263938992179 | 117 | 11.0325 | 110
-7924160527877984358 | 118 | 11.0325 | 110
2598423017953582901 | 119 | 11.0325 | 110
5196846035907165802 | 120 | 11.0325 | 110
-8053052001895220012 | 121 | 11.0325 | 110
2340640069919111592 | 122 | 8.99701 | 35
4681280139838223184 | 123 | 2.24497 | 11
-9084183794033105248 | 124 | 2.38319 | 7
-9084183794033105247 | 124 | 2.4459 | 4
4681280139838223185 | 123 | 8.55844 | 24
-9084183794033105246 | 124 | 8.55844 | 24
278376485643341125 | 125 | 8.55844 | 24
556752971286682250 | 126 | 8.4438 | 21
1113505942573364500 | 127 | 3.67909 | 18
2227011885146729000 | 128 | 3.17821 | 11
4454023770293458000 | 129 | 0.734378 | 10
4454023770293458001 | 129 | 6.45494 | 1
2227011885146729001 | 128 | 1.05586 | 7
1113505942573364501 | 127 | 0 | 3
556752971286682251 | 126 | 4.63978e-310 | 3
2340640069919111593 | 122 | 7.19497 | 75
4681280139838223186 | 123 | 4.88 | 38
-9084183794033105244 | 124 | 4.88 | 38
278376485643341129 | 125 | 4.88 | 38
556752971286682258 | 126 | 29.9139 | 7
556752971286682259 | 126 | 4.88 | 31
1113505942573364518 | 127 | 2.38086 | 23
2227011885146729036 | 128 | 1.93498 | 15
4454023770293458073 | 129 | 1.93498 | 15
8908047540586916146 | 130 | 1.93498 | 15
-630648992535719324 | 131 | 1.93498 | 15
-1261297985071438647 | 132 | 1.93498 | 15
-2522595970142877294 | 133 | 1.93498 | 15
-5045191940285754588 | 134 | 1.93498 | 15
8356360193138042441 | 135 | 1.93498 | 15
-1734023687433466734 | 136 | 1.93498 | 15
-3468047374866933468 | 137 | 1.93498 | 15
-6936094749733866936 | 138 | 5.93757 | 2
-6936094749733866935 | 138 | 1.93498 | 13
4574554574241817746 | 139 | 1.93498 | 13
9149109148483635493 | 140 | 1.93498 | 13
-148525776742280629 | 141 | 1.93498 | 13
-297051553484561258 | 142 | 1.93498 | 13
-594103106969122516 | 143 | 1.93498 | 13
-1188206213938245032 | 144 | 1.93498 | 13
-2376412427876490063 | 145 | 1.93498 | 13
-4752824855752980125 | 146 | 1.93498 | 13
8941094362203591366 | 147 | 14.7439 | 5
8941094362203591367 | 147 | 4.75521 | 8
2227011885146729037 | 128 | 4.63978e-310 | 8
1113505942573364519 | 127 | 4.63978e-310 | 8
4681280139838223187 | 123 | 5.34991 | 37
-9084183794033105241 | 124 | 5.34991 | 37
278376485643341135 | 125 | 5.34991 | 37
556752971286682271 | 126 | 5.34991 | 37
1113505942573364542 | 127 | 5.34991 | 37
2227011885146729084 | 128 | 5.34991 | 37
4454023770293458168 | 129 | 5.34991 | 37
8908047540586916337 | 130 | 5.34991 | 37
-630648992535718942 | 131 | 5.34991 | 37
-1261297985071437884 | 132 | 5.34991 | 37
-2522595970142875768 | 133 | 5.34991 | 37
-5045191940285751535 | 134 | 5.34991 | 37
8356360193138048547 | 135 | 5.34991 | 37
-1734023687433454522 | 136 | 5.34991 | 37
-3468047374866909043 | 137 | 5.34991 | 37
-6936094749733818085 | 138 | 5.34991 | 37
4574554574241915447 | 139 | 5.34991 | 37
9149109148483830894 | 140 | 5.34991 | 37
-148525776741889827 | 141 | 5.34991 | 37
-297051553483779654 | 142 | 5.02949 | 36
-594103106967559308 | 143 | 5.02949 | 36
-1188206213935118616 | 144 | 5.02949 | 36
-2376412427870237231 | 145 | 5.02949 | 36
-4752824855740474462 | 146 | 4.00775 | 28
8941094362228602692 | 147 | 4.00775 | 28
-564555349252346231 | 148 | 4.00775 | 28
-1129110698504692461 | 149 | 4.00775 | 28
-2258221397009384922 | 150 | 4.00775 | 28
-4516442794018769843 | 151 | 4.00775 | 28
-9032885588037539686 | 152 | 4.00775 | 28
380972897634472244 | 153 | 4.00775 | 28
761945795268944488 | 154 | 4.00775 | 28
1523891590537888976 | 155 | 4.00775 | 28
3047783181075777953 | 156 | 4.00775 | 28
6095566362151555906 | 157 | 4.00775 | 28
-6255611349406439804 | 158 | 3.53665 | 21
5935521374896672009 | 159 | 3.53665 | 21
-6575701323916207598 | 160 | 3.51495 | 17
5295341425877136420 | 161 | 3.51495 | 17
-7856061221955278776 | 162 | 3.51495 | 17
2734621629798994065 | 163 | 3.51495 | 17
5469243259597988130 | 164 | 3.51495 | 17
-7508257554513575355 | 165 | 3.51495 | 17
3430228964682400906 | 166 | 3.51495 | 17
6860457929364801812 | 167 | 3.14792 | 15
-4725828214979947991 | 168 | 3.14792 | 15
8995087643749655634 | 169 | 3.14792 | 15
-456568786210240348 | 170 | 3.14792 | 15
-913137572420480695 | 171 | 3.14792 | 15
-1826275144840961390 | 172 | 3.14792 | 15
-3652550289681922779 | 173 | 3.14792 | 15
-7305100579363845558 | 174 | 3.14792 | 15
3836542914981860500 | 175 | 3.14792 | 15
7673085829963721000 | 176 | 0 | 3
7673085829963721001 | 176 | 3.14792 | 12
-3100572413782109614 | 177 | 0 | 5
-3100572413782109613 | 177 | 0 | 7
6860457929364801813 | 167 | 4.63978e-310 | 2
-6575701323916207597 | 160 | 4.63978e-310 | 4
-6255611349406439803 | 158 | 4.63978e-310 | 7
-4752824855740474461 | 146 | 4.63978e-310 | 8
-297051553483779653 | 142 | 4.63978e-310 | 1
-1052887378659706837 | 100 | 9.05379 | 89
-2105774757319413674 | 101 | 9.05379 | 89
-4211549514638827348 | 102 | 9.05379 | 89
-8423099029277654696 | 103 | 9.05379 | 89
1600546015154242225 | 104 | 9.05379 | 89
3201092030308484451 | 105 | 9.05379 | 89
6402184060616968903 | 106 | 9.05379 | 89
-5642375952475613809 | 107 | 9.05379 | 89
7161992168758323998 | 108 | 9.05379 | 89
-4122759736192903619 | 109 | 9.05379 | 89
-8245519472385807238 | 110 | 1.63042e-322 | 2
-8245519472385807237 | 110 | 9.05379 | 87
1955705128937937142 | 111 | 7.62506 | 79
3911410257875874284 | 112 | 7.62506 | 79
7822820515751748568 | 113 | 4.87926 | 20
-2801103042206054479 | 114 | 4.87926 | 20
-5602206084412108958 | 115 | 1.55039 | 4
-5602206084412108957 | 115 | 4.82014 | 16
7242331904885333703 | 116 | 4.82014 | 16
-3962080263938884210 | 117 | 2.43324 | 11
-7924160527877768419 | 118 | 2.43324 | 11
2598423017954014779 | 119 | 2.43324 | 11
5196846035908029559 | 120 | 2.43324 | 11
-8053052001893492498 | 121 | 0 | 10
-8053052001893492497 | 121 | 29.3432 | 1
-3962080263938884209 | 117 | 4.63978e-310 | 5
7822820515751748569 | 113 | 4.8213 | 59
-2801103042206054477 | 114 | 4.8213 | 59
-5602206084412108954 | 115 | 4.8213 | 59
7242331904885333709 | 116 | 4.8213 | 59
-3962080263938884197 | 117 | 4.8213 | 59
-7924160527877768394 | 118 | 4.8213 | 59
2598423017954014828 | 119 | 4.8213 | 59
5196846035908029657 | 120 | 4.8213 | 59
-8053052001893492302 | 121 | 4.33934 | 21
2340640069922567013 | 122 | 4.33934 | 21
4681280139845134026 | 123 | 4.33934 | 21
-9084183794019283563 | 124 | 4.33934 | 21
278376485670984490 | 125 | 4.33934 | 21
556752971341968980 | 126 | 0.428278 | 8
556752971341968981 | 126 | 2.13356 | 13
1113505942683937962 | 127 | 2.13356 | 11
2227011885367875925 | 128 | 2.13356 | 11
4454023770735751850 | 129 | 2.13356 | 11
8908047541471503700 | 130 | 2.13356 | 11
-630648990766544216 | 131 | 2.13356 | 11
-1261297981533088432 | 132 | 2.13356 | 11
-2522595963066176863 | 133 | 2.13356 | 11
-5045191926132353725 | 134 | 2.13356 | 11
8356360221444844166 | 135 | 4.56465 | 4
8356360221444844167 | 135 | 1.4661 | 7
1113505942683937963 | 127 | 4.63978e-310 | 2
-8053052001893492301 | 121 | 3.89167 | 38
2340640069922567014 | 122 | 2.92654 | 32
4681280139845134028 | 123 | 2.92654 | 32
-9084183794019283560 | 124 | 2.92654 | 32
278376485670984496 | 125 | 2.92654 | 32
556752971341968993 | 126 | 2.92654 | 32
1113505942683937986 | 127 | 2.92654 | 32
2227011885367875973 | 128 | 2.92654 | 32
4454023770735751947 | 129 | 2.92654 | 32
8908047541471503894 | 130 | 2.92654 | 31
-630648990766543828 | 131 | 2.22189 | 4
-630648990766543827 | 131 | 2.39644 | 27
-1261297981533087653 | 132 | 2.39644 | 27
-2522595963066175306 | 133 | 2.39644 | 27
-5045191926132350612 | 134 | 2.39644 | 27
8356360221444850393 | 135 | 2.39644 | 27
-1734023630819850830 | 136 | 2.39644 | 27
-3468047261639701659 | 137 | 2.39644 | 27
-6936094523279403318 | 138 | 2.09248 | 22
4574555027150744980 | 139 | 2.09248 | 22
9149110054301489960 | 140 | 2.09248 | 22
-148523965106571696 | 141 | 2.09248 | 22
-297047930213143392 | 142 | 2.09248 | 22
-594095860426286783 | 143 | 2.09248 | 22
-1188191720852573565 | 144 | 2.09248 | 22
-2376383441705147130 | 145 | 2.09248 | 22
-4752766883410294259 | 146 | 2.09248 | 22
8941210306888963098 | 147 | 2.09248 | 22
-564323459931625420 | 148 | 2.09248 | 22
-1128646919863250840 | 149 | 2.09248 | 22
-2257293839726501679 | 150 | 2.09248 | 22
-4514587679453003357 | 151 | 2.09248 | 22
-9029175358906006714 | 152 | 0.247096 | 3
-9029175358906006713 | 152 | 1.75252 | 19
388393355897538190 | 153 | 1.75252 | 19
776786711795076380 | 154 | 1.75252 | 19
1553573423590152761 | 155 | 1.75252 | 19
3107146847180305522 | 156 | 1.75252 | 16
6214293694360611044 | 157 | 1.75252 | 16
-6018156684988329527 | 158 | 1.75252 | 16
6410430703732892562 | 159 | 1.75252 | 16
-5625882666243766491 | 160 | 1.75252 | 16
7194978741222018634 | 161 | 1.75252 | 16
-4056786591265514348 | 162 | 1.75252 | 16
-8113573182531028696 | 163 | 1.75252 | 16
2219597708647494224 | 164 | 1.75252 | 16
4439195417294988448 | 165 | 1.75252 | 16
8878390834589976896 | 166 | 1.75252 | 16
-689962404529597824 | 167 | 1.34864 | 12
-1379924809059195648 | 168 | 1.34864 | 12
-2759849618118391295 | 169 | 1.34864 | 12
-5519699236236782590 | 170 | 4.63978e-310 | 10
-5519699236236782589 | 170 | 4.63978e-310 | 2
-689962404529597823 | 167 | 4.63978e-310 | 4
3107146847180305523 | 156 | 4.63978e-310 | 3
-6936094523279403317 | 138 | 4.63978e-310 | 5
8908047541471503895 | 130 | 4.63978e-310 | 1
2340640069922567015 | 122 | 4.63978e-310 | 6
1955705128937937143 | 111 | 4.63978e-310 | 8
-4635345982257500545 | 84 | 4.63978e-310 | 5
25559573628655159 | 56 | 4.63978e-310 | 10
3194946703581895 | 53 | 16.4375 | 274
6389893407163790 | 54 | 16.4375 | 274
12779786814327580 | 55 | 16.4375 | 274
25559573628655160 | 56 | 16.4375 | 274
51119147257310320 | 57 | 16.4375 | 274
102238294514620641 | 58 | 16.4375 | 274
204476589029241282 | 59 | 16.4375 | 274
408953178058482564 | 60 | 16.4375 | 274
817906356116965129 | 61 | 16.4375 | 274
1635812712233930259 | 62 | 16.4375 | 274
3271625424467860518 | 63 | 16.4375 | 274
6543250848935721037 | 64 | 16.4375 | 274
-5360242375838109542 | 65 | 16.4375 | 274
7726259322033332533 | 66 | 16.4375 | 274
-2994225429642886549 | 67 | 16.4375 | 274
-5988450859285773097 | 68 | 16.4375 | 274
6469842355138005422 | 69 | 16.4375 | 274
-5507059363433540772 | 70 | 9.35464 | 167
7432625346842470073 | 71 | 9.35464 | 167
-3581493380024611469 | 72 | 9.35464 | 167
-7162986760049222937 | 73 | 9.35464 | 167
4120770553611105742 | 74 | 9.35464 | 167
8241541107222211484 | 75 | 9.35464 | 167
-1963661859265128647 | 76 | 9.35464 | 167
-3927323718530257293 | 77 | 9.35464 | 167
-7854647437060514586 | 78 | 9.35464 | 167
2737449199588522444 | 79 | 9.35464 | 167
5474898399177044889 | 80 | 9.35464 | 167
-7496947275355461837 | 81 | 9.35464 | 167
3452849522998627942 | 82 | 9.35464 | 167
6905699045997255885 | 83 | 9.35464 | 167
-4635345981715039846 | 84 | 9.35464 | 167
9176052110279471924 | 85 | 0 | 2
9176052110279471925 | 85 | 8.55153 | 165
-94639853150607765 | 86 | 8.55153 | 165
-189279706301215529 | 87 | 8.55153 | 165
-378559412602431057 | 88 | 8.55153 | 165
-757118825204862114 | 89 | 159.225 | 3
-757118825204862113 | 89 | 8.55153 | 162
-1514237650409724226 | 90 | 8.55153 | 162
-3028475300819448451 | 91 | 8.55153 | 162
-6056950601638896902 | 92 | 8.55153 | 162
6332842870431757813 | 93 | 8.55153 | 162
-5781058332846035989 | 94 | 8.55153 | 162
6884627408017479638 | 95 | 8.55153 | 162
-4677489257674592340 | 96 | 8.55153 | 162
9091765558360366936 | 97 | 7.98736 | 153
-263212956988817744 | 98 | 7.98736 | 153
-526425913977635487 | 99 | 7.98736 | 153
-1052851827955270973 | 100 | 7.98736 | 153
-2105703655910541946 | 101 | 6.81497 | 59
-4211407311821083892 | 102 | 6.81497 | 59
-8422814623642167783 | 103 | 6.81497 | 59
1601114826425216050 | 104 | 6.81497 | 59
3202229652850432101 | 105 | 6.81497 | 59
6404459305700864203 | 106 | 6.81497 | 59
-5637825462307823210 | 107 | 6.81497 | 59
7171093149093905196 | 108 | 6.81497 | 59
-4104557775521741224 | 109 | 6.81497 | 59
-8209115551043482448 | 110 | 6.81497 | 59
2028512971622586720 | 111 | 6.81497 | 59
4057025943245173441 | 112 | 6.81497 | 59
8114051886490346883 | 113 | 6.81497 | 59
-2218640300728857849 | 114 | 6.81497 | 59
-4437280601457715697 | 115 | 6.81497 | 59
-8874561202915431394 | 116 | 6.81497 | 59
697621667878688829 | 117 | 6.81497 | 59
1395243335757377658 | 118 | 3.50468 | 40
2790486671514755316 | 119 | 3.50468 | 40
5580973343029510632 | 120 | 3.50468 | 40
-7284797387650530352 | 121 | 2.77163 | 20
3877149298408490913 | 122 | 2.77163 | 20
7754298596816981827 | 123 | 2.77163 | 20
-2938146880075587962 | 124 | 2.77163 | 20
-5876293760151175924 | 125 | 0.296761 | 10
-5876293760151175923 | 125 | 3.48606 | 10
-7284797387650530351 | 121 | 2.16141 | 20
3877149298408490915 | 122 | 2.16141 | 20
7754298596816981830 | 123 | 2.16141 | 20
-2938146880075587955 | 124 | 2.16141 | 20
-5876293760151175909 | 125 | 2.16141 | 20
6694156553407199798 | 126 | 2.16141 | 20
-5058430966895152019 | 127 | 2.16141 | 20
8329882139919247578 | 128 | 1.72665 | 15
-1786979793871056460 | 129 | 1.72665 | 15
-3573959587742112920 | 130 | 1.72665 | 15
-7147919175484225839 | 131 | 1.72665 | 15
4150905722741099938 | 132 | 1.72665 | 15
8301811445482199876 | 133 | 1.72665 | 15
-1843121182745151864 | 134 | 1.72665 | 15
-3686242365490303728 | 135 | 1.72665 | 15
-7372484730980607456 | 136 | 1.72665 | 15
3701774611748336704 | 137 | 0.585674 | 3
3701774611748336705 | 137 | 1.13962 | 12
7403549223496673411 | 138 | 1.13962 | 12
-3639645626716204793 | 139 | 1.13962 | 12
-7279291253432409586 | 140 | 1.13962 | 12
3888161566844732445 | 141 | 1.13962 | 12
7776323133689464891 | 142 | 1.13962 | 12
-2894097806330621834 | 143 | 0.901512 | 6
-2894097806330621833 | 143 | 0.598751 | 6
8329882139919247579 | 128 | 4.63978e-310 | 5
1395243335757377659 | 118 | 3.52036 | 19
2790486671514755318 | 119 | 3.52036 | 19
5580973343029510636 | 120 | 3.52036 | 19
-7284797387650530344 | 121 | 4.63978e-310 | 7
-7284797387650530343 | 121 | 2.39413 | 12
3877149298408490931 | 122 | 2.39413 | 12
7754298596816981863 | 123 | 2.39413 | 12
-2938146880075587890 | 124 | 2.39413 | 12
-5876293760151175780 | 125 | 4.63978e-310 | 1
-5876293760151175779 | 125 | 2.39413 | 11
6694156553407200059 | 126 | 2.39413 | 11
-5058430966895151497 | 127 | 2.39413 | 11
8329882139919248622 | 128 | 0.3567 | 6
8329882139919248623 | 128 | 4.63978e-310 | 5
-2105703655910541945 | 101 | 7.04554 | 94
-4211407311821083890 | 102 | 7.04554 | 94
-8422814623642167780 | 103 | 4.63978e-310 | 2
-8422814623642167779 | 103 | 5.75376 | 92
1601114826425216058 | 104 | 5.75376 | 92
3202229652850432116 | 105 | 5.75376 | 92
6404459305700864232 | 106 | 5.75376 | 92
-5637825462307823151 | 107 | 5.75376 | 92
7171093149093905315 | 108 | 5.75376 | 92
-4104557775521740986 | 109 | 3.44668 | 41
-8209115551043481971 | 110 | 3.44668 | 41
2028512971622587675 | 111 | 3.44668 | 41
4057025943245175350 | 112 | 0.308602 | 5
4057025943245175351 | 112 | 2.88812 | 36
8114051886490350703 | 113 | 2.88812 | 36
-2218640300728850210 | 114 | 2.88812 | 36
-4437280601457700419 | 115 | 2.88812 | 36
-8874561202915400838 | 116 | 1.96651 | 22
697621667878749941 | 117 | 1.96651 | 22
1395243335757499883 | 118 | 1.96651 | 22
2790486671514999767 | 119 | 1.96651 | 22
5580973343029999534 | 120 | 1.96651 | 21
-7284797387649552548 | 121 | 1.28453 | 11
3877149298410446520 | 122 | 1.28453 | 11
7754298596820893041 | 123 | 1.28453 | 11
-2938146880067765533 | 124 | 1.28453 | 11
-5876293760135531065 | 125 | 1.28453 | 11
6694156553438489487 | 126 | 1.28453 | 11
-5058430966832572642 | 127 | 3.61942 | 1
-5058430966832572641 | 127 | 4.79244e-322 | 10
-7284797387649552547 | 121 | 4.63978e-310 | 10
5580973343029999535 | 120 | 4.63978e-310 | 1
-8874561202915400837 | 116 | 1.95513 | 14
697621667878749943 | 117 | 1.95513 | 14
1395243335757499886 | 118 | 1.95513 | 14
2790486671514999772 | 119 | 4.63978e-310 | 4
2790486671514999773 | 119 | 4.63978e-310 | 10
-4104557775521740985 | 109 | 3.4838 | 51
-8209115551043481969 | 110 | 3.4838 | 51
2028512971622587679 | 111 | 3.4838 | 51
4057025943245175359 | 112 | 3.4838 | 51
8114051886490350718 | 113 | 3.4838 | 51
-2218640300728850180 | 114 | 3.4838 | 51
-4437280601457700360 | 115 | 3.4838 | 51
-8874561202915400720 | 116 | 1.3488e-321 | 9
-8874561202915400719 | 116 | 2.88383 | 42
697621667878750178 | 117 | 2.88383 | 42
1395243335757500356 | 118 | 2.88383 | 42
2790486671515000712 | 119 | 2.88383 | 42
5580973343030001425 | 120 | 2.88383 | 42
-7284797387649548766 | 121 | 2.88383 | 42
3877149298410454085 | 122 | 2.88383 | 42
7754298596820908171 | 123 | 2.88383 | 42
-2938146880067735274 | 124 | 2.88383 | 42
-5876293760135470548 | 125 | 2.88383 | 36
6694156553438610520 | 126 | 2.88383 | 36
-5058430966832330576 | 127 | 2.88383 | 36
8329882140044890464 | 128 | 2.88383 | 36
-1786979793619770687 | 129 | 2.88383 | 36
-3573959587239541373 | 130 | 2.88383 | 36
-7147919174479082746 | 131 | 1.0886 | 1
-7147919174479082745 | 131 | 2.70294 | 35
4150905724751386126 | 132 | 2.70294 | 35
8301811449502772252 | 133 | 1.60732 | 13
-1843121174704007112 | 134 | 1.60732 | 13
-3686242349408014223 | 135 | 1.60732 | 13
-7372484698816028446 | 136 | 1.60732 | 13
3701774676077494725 | 137 | 1.60732 | 13
7403549352154989451 | 138 | 1.60732 | 13
-3639645369399572714 | 139 | 1.60732 | 13
-7279290738799145428 | 140 | 0.4589 | 10
-7279290738799145427 | 140 | 0.663259 | 3
8301811449502772253 | 133 | 2.23725 | 22
-1843121174704007110 | 134 | 1.90286 | 18
-3686242349408014220 | 135 | 1.90286 | 18
-7372484698816028440 | 136 | 1.90286 | 18
3701774676077494737 | 137 | 1.90286 | 18
7403549352154989474 | 138 | 1.90286 | 18
-3639645369399572668 | 139 | 1.42052 | 4
-3639645369399572667 | 139 | 1.68696 | 14
-7279290738799145334 | 140 | 1.68696 | 14
3888162596111260948 | 141 | 1.68696 | 14
7776325192222521897 | 142 | 1.68696 | 14
-2894093689264507822 | 143 | 1.26838 | 12
-5788187378529015644 | 144 | 1.26838 | 12
6870369316651520329 | 145 | 1.26838 | 12
-4706005440406510958 | 146 | 1.26838 | 12
9034733192896529701 | 147 | 1.26838 | 12
-377277687916492214 | 148 | 1.26838 | 12
-754555375832984428 | 149 | 7.28345 | 3
-754555375832984427 | 149 | 4.63978e-310 | 9
-2894093689264507821 | 143 | 4.63978e-310 | 2
-1843121174704007109 | 134 | 4.63978e-310 | 4
-5876293760135470547 | 125 | 4.63978e-310 | 6
9091765558360366937 | 97 | 4.63978e-310 | 9
-5507059363433540771 | 70 | 9.23221 | 107
7432625346842470075 | 71 | 9.23221 | 107
-3581493380024611466 | 72 | 9.23221 | 107
-7162986760049222931 | 73 | 9.23221 | 107
4120770553611105755 | 74 | 9.23221 | 107
8241541107222211511 | 75 | 9.23221 | 107
-1963661859265128594 | 76 | 9.23221 | 107
-3927323718530257187 | 77 | 9.23221 | 107
-7854647437060514374 | 78 | 3.62593 | 43
2737449199588522869 | 79 | 3.62593 | 43
5474898399177045739 | 80 | 3.62593 | 43
-7496947275355460137 | 81 | 3.62593 | 43
3452849522998631342 | 82 | 2.27253 | 14
6905699045997262684 | 83 | 2.27253 | 14
-4635345981715026248 | 84 | 2.27253 | 14
9176052110279499121 | 85 | 2.27253 | 14
-94639853150553373 | 86 | 2.27253 | 14
-189279706301106746 | 87 | 2.27253 | 14
-378559412602213492 | 88 | 2.27253 | 14
-757118825204426984 | 89 | 0.0100007 | 3
-757118825204426983 | 89 | 1.79809 | 11
-1514237650408853966 | 90 | 0.815169 | 4
-1514237650408853965 | 90 | 1.73911e-321 | 7
3452849522998631343 | 82 | 2.55912 | 29
6905699045997262687 | 83 | 2.55912 | 29
-4635345981715026242 | 84 | 2.55912 | 29
9176052110279499133 | 85 | 2.55912 | 29
-94639853150553350 | 86 | 0.823972 | 3
-94639853150553349 | 86 | 2.55912 | 26
-189279706301106698 | 87 | 1.9144 | 15
-378559412602213395 | 88 | 1.9144 | 15
-757118825204426790 | 89 | 1.9144 | 15
-1514237650408853579 | 90 | 1.9144 | 15
-3028475300817707157 | 91 | 1.9144 | 15
-6056950601635414314 | 92 | 2.90279 | 8
-6056950601635414313 | 92 | 4.79244e-322 | 7
-189279706301106697 | 87 | 2.43606 | 11
-378559412602213394 | 88 | 2.43606 | 11
-757118825204426787 | 89 | 2.43606 | 11
-1514237650408853573 | 90 | 2.43606 | 11
-3028475300817707145 | 91 | 2.43606 | 11
-6056950601635414290 | 92 | 2.43606 | 11
6332842870438723037 | 93 | 2.43606 | 11
-5781058332832105542 | 94 | 2.43606 | 11
6884627408045340532 | 95 | 2.43606 | 11
-4677489257618870552 | 96 | 2.43606 | 11
9091765558471810513 | 97 | 2.43606 | 11
-263212956765930590 | 98 | 2.43606 | 11
-526425913531861180 | 99 | 2.43606 | 11
-1052851827063722360 | 100 | 5.70277 | 9
-1052851827063722359 | 100 | 0.0454442 | 2
-7854647437060514373 | 78 | 8.10522 | 64
2737449199588522870 | 79 | 6.30039 | 58
5474898399177045740 | 80 | 6.30039 | 58
-7496947275355460136 | 81 | 5.08095 | 55
3452849522998631344 | 82 | 5.08095 | 55
6905699045997262688 | 83 | 5.08095 | 55
-4635345981715026239 | 84 | 5.08095 | 55
9176052110279499139 | 85 | 5.08095 | 55
-94639853150553337 | 86 | 5.08095 | 55
-189279706301106674 | 87 | 4.08641 | 23
-378559412602213347 | 88 | 4.08641 | 23
-757118825204426693 | 89 | 4.08641 | 23
-1514237650408853386 | 90 | 4.08641 | 23
-3028475300817706772 | 91 | 2.25141 | 16
-6056950601635413543 | 92 | 2.25141 | 16
6332842870438724530 | 93 | 2.25141 | 15
-5781058332832102556 | 94 | 2.25141 | 15
6884627408045346504 | 95 | 2.25141 | 15
-4677489257618858607 | 96 | 2.25141 | 15
9091765558471834402 | 97 | 2.25141 | 15
-263212956765882811 | 98 | 2.25141 | 15
-526425913531765621 | 99 | 2.25141 | 15
-1052851827063531242 | 100 | 2.25141 | 15
-2105703654127062484 | 101 | 2.25141 | 15
-4211407308254124967 | 102 | 2.25141 | 15
-8422814616508249934 | 103 | 0.558031 | 2
-8422814616508249933 | 103 | 1.90997 | 13
1601114840693051751 | 104 | 1.90997 | 13
3202229681386103503 | 105 | 1.90997 | 13
6404459362772207006 | 106 | 4.63978e-310 | 3
6404459362772207007 | 106 | 4.63978e-310 | 10
6332842870438724531 | 93 | 4.63978e-310 | 1
-3028475300817706771 | 91 | 4.63978e-310 | 7
-189279706301106673 | 87 | 4.22273 | 32
-378559412602213346 | 88 | 4.63978e-310 | 1
-378559412602213345 | 88 | 3.17822 | 31
-757118825204426689 | 89 | 3.17822 | 31
-1514237650408853377 | 90 | 3.17822 | 31
-3028475300817706754 | 91 | 3.17822 | 31
-6056950601635413508 | 92 | 3.17822 | 31
6332842870438724600 | 93 | 3.17822 | 30
-5781058332832102416 | 94 | 3.17822 | 30
6884627408045346784 | 95 | 3.17822 | 30
-4677489257618858048 | 96 | 3.17822 | 30
9091765558471835520 | 97 | 3.17822 | 30
-263212956765880576 | 98 | 3.17822 | 30
-526425913531761151 | 99 | 3.17822 | 30
-1052851827063522302 | 100 | 3.17822 | 30
-2105703654127044604 | 101 | 3.17822 | 30
-4211407308254089207 | 102 | 3.17822 | 30
-8422814616508178414 | 103 | 1.77435 | 1
-8422814616508178413 | 103 | 3.03781 | 29
1601114840693194791 | 104 | 3.03781 | 29
3202229681386389582 | 105 | 3.03781 | 29
6404459362772779165 | 106 | 3.03781 | 29
-5637825348163993285 | 107 | 3.03781 | 29
7171093377381565046 | 108 | 3.03781 | 29
-4104557318946421524 | 109 | 3.03781 | 29
-8209114637892843047 | 110 | 3.03781 | 29
2028514797923865523 | 111 | 3.03781 | 29
4057029595847731046 | 112 | 2.17497 | 22
8114059191695462092 | 113 | 2.17497 | 22
-2218625690318627432 | 114 | 1.90853 | 19
-4437251380637254864 | 115 | 1.90853 | 19
-8874502761274509727 | 116 | 1.90853 | 19
697738551160532162 | 117 | 1.90853 | 19
1395477102321064324 | 118 | 1.14649 | 5
1395477102321064325 | 118 | 1.44369 | 14
2790954204642128650 | 119 | 1.82267 | 10
2790954204642128651 | 119 | 0.821659 | 4
-2218625690318627431 | 114 | 4.63978e-310 | 3
4057029595847731047 | 112 | 4.63978e-310 | 7
6332842870438724601 | 93 | 4.63978e-310 | 1
-7496947275355460135 | 81 | 4.63978e-310 | 3
2737449199588522871 | 79 | 4.63978e-310 | 6
99842084486935 | 48 | 22.3648 | 287
199684168973870 | 49 | 22.3648 | 287
399368337947741 | 50 | 22.3648 | 287
798736675895482 | 51 | 22.3648 | 122
1597473351790964 | 52 | 22.3648 | 122
3194946703581929 | 53 | 22.3648 | 122
6389893407163859 | 54 | 22.3648 | 122
12779786814327719 | 55 | 22.3648 | 122
25559573628655438 | 56 | 22.3648 | 122
51119147257310876 | 57 | 22.3648 | 122
102238294514621753 | 58 | 22.3648 | 122
204476589029243507 | 59 | 22.3648 | 122
408953178058487014 | 60 | 22.3648 | 122
817906356116974028 | 61 | 22.3648 | 122
1635812712233948056 | 62 | 22.3648 | 122
3271625424467896113 | 63 | 22.3648 | 122
6543250848935792227 | 64 | 22.3648 | 122
-5360242375837967162 | 65 | 13.0699 | 115
7726259322033617293 | 66 | 13.0699 | 115
-2994225429642317029 | 67 | 13.0699 | 115
-5988450859284634058 | 68 | 11.6775 | 100
6469842355140283501 | 69 | 11.6775 | 100
-5507059363428984614 | 70 | 6.7521 | 59
7432625346851582388 | 71 | 6.7521 | 59
-3581493380006386840 | 72 | 6.7521 | 59
-7162986760012773679 | 73 | 6.7521 | 59
4120770553684004259 | 74 | 6.7521 | 59
8241541107368008518 | 75 | 6.7521 | 59
-1963661858973534580 | 76 | 5.09743 | 53
-3927323717947069159 | 77 | 5.09743 | 53
-7854647435894138317 | 78 | 5.09743 | 53
2737449201921274983 | 79 | 5.09743 | 53
5474898403842549966 | 80 | 5.09743 | 53
-7496947266024451684 | 81 | 5.09743 | 52
3452849541660648248 | 82 | 5.09743 | 52
6905699083321296496 | 83 | 5.09743 | 52
-4635345907066958624 | 84 | 5.09743 | 52
9176052259575634368 | 85 | 5.09743 | 52
-94639554558282880 | 86 | 5.09743 | 52
-189279109116565760 | 87 | 5.09743 | 52
-378558218233131520 | 88 | 5.09743 | 52
-757116436466263039 | 89 | 5.09743 | 52
-1514232872932526077 | 90 | 5.09743 | 52
-3028465745865052154 | 91 | 4.63978e-310 | 4
-3028465745865052153 | 91 | 4.66785 | 48
-6056931491730104305 | 92 | 4.66785 | 48
6332881090249343006 | 93 | 4.66785 | 48
-5780981893210865604 | 94 | 3.66363 | 28
6884780287287820409 | 95 | 3.66363 | 28
-4677183499133910798 | 96 | 4.79244e-322 | 10
-4677183499133910797 | 96 | 2.28844 | 18
9092377075441730022 | 97 | 2.28844 | 18
-261989922826091572 | 98 | 2.28844 | 18
-523979845652183143 | 99 | 2.28844 | 18
-1047959691304366285 | 100 | 2.28844 | 18
-2095919382608732569 | 101 | 2.28844 | 18
-4191838765217465138 | 102 | 2.28844 | 18
-8383677530434930275 | 103 | 2.28844 | 18
1679389012839691066 | 104 | 2.28844 | 18
3358778025679382133 | 105 | 2.28844 | 18
6717556051358764266 | 106 | 2.28844 | 18
-5011631970992023083 | 107 | 2.28844 | 18
8423480131725505451 | 108 | 2.28844 | 18
-1599783810258540713 | 109 | 2.28844 | 18
-3199567620517081425 | 110 | 2.28844 | 18
-6399135241034162850 | 111 | 2.28844 | 18
5648473591641225916 | 112 | 2.28844 | 18
-7149796890427099783 | 113 | 2.28844 | 18
4147150292855352050 | 114 | 1.38408 | 7
4147150292855352051 | 114 | 1.76411 | 11
8294300585710704103 | 115 | 1.76411 | 11
-1858142902288143410 | 116 | 1.76411 | 11
-3716285804576286819 | 117 | 1.76411 | 11
-7432571609152573638 | 118 | 1.76411 | 11
3581600855404404340 | 119 | 1.76411 | 11
7163201710808808680 | 120 | 18.1409 | 2
7163201710808808681 | 120 | 71.8786 | 9
-5780981893210865603 | 94 | 3.41502 | 20
6884780287287820410 | 95 | 3.41502 | 20
-4677183499133910795 | 96 | 3.41502 | 20
9092377075441730026 | 97 | 4.63978e-310 | 8
9092377075441730027 | 97 | 3.41502 | 12
-261989922826091562 | 98 | 3.41502 | 12
-523979845652183124 | 99 | 4.63978e-310 | 10
-523979845652183123 | 99 | 4.63978e-310 | 2
-7496947266024451683 | 81 | 4.63978e-310 | 1
-1963661858973534579 | 76 | 4.63978e-310 | 6
-5507059363428984613 | 70 | 8.09713 | 41
7432625346851582390 | 71 | 8.09713 | 41
-3581493380006386835 | 72 | 8.09713 | 41
-7162986760012773670 | 73 | 3.91541 | 14
4120770553684004276 | 74 | 3.91541 | 14
8241541107368008553 | 75 | 3.91541 | 14
-1963661858973534510 | 76 | 3.91541 | 14
-3927323717947069020 | 77 | 3.91541 | 14
-7854647435894138040 | 78 | 3.91541 | 14
2737449201921275536 | 79 | 3.91541 | 14
5474898403842551072 | 80 | 3.27759 | 12
-7496947266024449471 | 81 | 3.27759 | 12
3452849541660652674 | 82 | 11.2857 | 10
3452849541660652675 | 82 | 39.4145 | 2
5474898403842551073 | 80 | 4.63978e-310 | 2
-7162986760012773669 | 73 | 7.64914 | 27
4120770553684004278 | 74 | 7.64914 | 27
8241541107368008557 | 75 | 7.64914 | 27
-1963661858973534502 | 76 | 7.17732 | 19
-3927323717947069003 | 77 | 7.17732 | 19
-7854647435894138006 | 78 | 7.17732 | 19
2737449201921275605 | 79 | 7.17732 | 19
5474898403842551211 | 80 | 7.17732 | 19
-7496947266024449194 | 81 | 0.0186843 | 1
-7496947266024449193 | 81 | 3.25438 | 18
3452849541660653230 | 82 | 2.37152e-322 | 6
3452849541660653231 | 82 | 3.10314 | 12
6905699083321306463 | 83 | 3.10314 | 12
-4635345907066938690 | 84 | 3.10314 | 12
9176052259575674237 | 85 | 3.10314 | 12
-94639554558203142 | 86 | 3.10314 | 12
-189279109116406284 | 87 | 2.21719 | 1
-189279109116406283 | 87 | 2.68612 | 11
-378558218232812565 | 88 | 2.68612 | 11
-757116436465625130 | 89 | 2.68612 | 11
-1514232872931250260 | 90 | 2.68612 | 11
-3028465745862500520 | 91 | 2.68612 | 11
-6056931491725001040 | 92 | 42.1365 | 5
-6056931491725001039 | 92 | 5.21538 | 6
-1963661858973534501 | 76 | 4.63978e-310 | 8
-5988450859284634057 | 68 | 8.80822 | 15
6469842355140283502 | 69 | 8.80822 | 15
-5507059363428984611 | 70 | 8.80822 | 15
7432625346851582394 | 71 | 8.80822 | 15
-3581493380006386827 | 72 | 8.80822 | 15
-7162986760012773653 | 73 | 8.80822 | 15
4120770553684004310 | 74 | 8.80822 | 15
8241541107368008621 | 75 | 8.80822 | 15
-1963661858973534373 | 76 | 8.80822 | 15
-3927323717947068745 | 77 | 8.80822 | 15
-7854647435894137490 | 78 | 8.80822 | 15
2737449201921276637 | 79 | 8.80822 | 15
5474898403842553274 | 80 | 8.80822 | 15
-7496947266024445068 | 81 | 6.90513e-310 | 4
-7496947266024445067 | 81 | 8.16403 | 11
3452849541660661483 | 82 | 8.16403 | 11
6905699083321322967 | 83 | 8.16403 | 11
-4635345907066905682 | 84 | 8.16403 | 11
9176052259575740253 | 85 | 8.16403 | 11
-94639554558071110 | 86 | 8.16403 | 11
-189279109116142219 | 87 | 8.16403 | 11
-378558218232284438 | 88 | 8.16403 | 11
-757116436464568875 | 89 | 8.16403 | 11
-1514232872929137749 | 90 | 8.16403 | 11
-3028465745858275498 | 91 | 6.90513e-310 | 10
-3028465745858275497 | 91 | 6.90513e-310 | 1
-5360242375837967161 | 65 | 4.63978e-310 | 7
798736675895483 | 51 | 20.1576 | 165
1597473351790966 | 52 | 7.66214 | 35
3194946703581933 | 53 | 7.66214 | 35
6389893407163867 | 54 | 7.66214 | 35
12779786814327734 | 55 | 7.66214 | 35
25559573628655469 | 56 | 7.66214 | 35
51119147257310938 | 57 | 7.66214 | 35
102238294514621876 | 58 | 7.66214 | 35
204476589029243752 | 59 | 5.39625 | 34
408953178058487504 | 60 | 3.29266 | 22
817906356116975008 | 61 | 3.29266 | 22
1635812712233950016 | 62 | 3.29266 | 22
3271625424467900032 | 63 | 3.29266 | 22
6543250848935800065 | 64 | 3.29266 | 22
-5360242375837951485 | 65 | 3.29266 | 22
7726259322033648646 | 66 | 3.29266 | 22
-2994225429642254324 | 67 | 0.264425 | 6
-2994225429642254323 | 67 | 2.78291 | 16
-5988450859284508646 | 68 | 2.78291 | 16
6469842355140534324 | 69 | 2.67631 | 14
-5507059363428482968 | 70 | 2.67631 | 14
7432625346852585680 | 71 | 1.91674 | 1
7432625346852585681 | 71 | 2.08509 | 13
-3581493380004380253 | 72 | 2.08509 | 13
-7162986760008760505 | 73 | 2.08509 | 13
4120770553692030606 | 74 | 2.08509 | 13
8241541107384061212 | 75 | 2.08509 | 13
-1963661858941429191 | 76 | 2.08509 | 13
-3927323717882858382 | 77 | 6.90513e-310 | 2
-3927323717882858381 | 77 | 1.95238 | 11
-7854647435765716762 | 78 | 1.95238 | 11
2737449202178118093 | 79 | 1.95238 | 11
5474898404356236186 | 80 | 13.4031 | 10
5474898404356236187 | 80 | 3.21143e-322 | 1
6469842355140534325 | 69 | 4.63978e-310 | 2
408953178058487505 | 60 | 2.31023 | 12
817906356116975011 | 61 | 2.31023 | 12
1635812712233950022 | 62 | 2.31023 | 12
3271625424467900044 | 63 | 2.31023 | 12
6543250848935800088 | 64 | 2.31023 | 11
-5360242375837951440 | 65 | 2.31023 | 11
7726259322033648736 | 66 | 2.31023 | 11
-2994225429642254144 | 67 | 2.31023 | 11
-5988450859284508288 | 68 | 2.31023 | 11
6469842355140535040 | 69 | 3.21143e-322 | 3
6469842355140535041 | 69 | 4.63978e-310 | 8
6543250848935800089 | 64 | 4.63978e-310 | 1
204476589029243753 | 59 | 4.63978e-310 | 1
1597473351790967 | 52 | 18.4751 | 130
3194946703581935 | 53 | 18.4751 | 130
6389893407163871 | 54 | 18.4751 | 130
12779786814327743 | 55 | 18.4751 | 130
25559573628655487 | 56 | 18.4751 | 130
51119147257310975 | 57 | 18.4751 | 130
102238294514621950 | 58 | 15.4397 | 75
204476589029243901 | 59 | 15.4397 | 75
408953178058487802 | 60 | 15.4397 | 75
817906356116975604 | 61 | 15.4397 | 75
1635812712233951208 | 62 | 15.4397 | 75
3271625424467902416 | 63 | 15.4397 | 75
6543250848935804832 | 64 | 15.4397 | 75
-5360242375837941951 | 65 | 15.4397 | 75
7726259322033667714 | 66 | 15.4397 | 75
-2994225429642216188 | 67 | 15.4397 | 75
-5988450859284432375 | 68 | 15.4397 | 75
6469842355140686866 | 69 | 9.85762 | 36
-5507059363428177883 | 70 | 9.85762 | 36
7432625346853195850 | 71 | 6.57608 | 35
-3581493380003159915 | 72 | 6.57608 | 35
-7162986760006319829 | 73 | 6.57608 | 35
4120770553696911959 | 74 | 6.57608 | 35
8241541107393823918 | 75 | 6.57608 | 35
-1963661858921903779 | 76 | 6.57608 | 35
-3927323717843807557 | 77 | 6.57608 | 35
-7854647435687615113 | 78 | 6.57608 | 35
2737449202334321390 | 79 | 6.57608 | 35
5474898404668642780 | 80 | 6.57608 | 35
-7496947264372266056 | 81 | 6.57608 | 35
3452849544965019504 | 82 | 6.57608 | 31
6905699089930039009 | 83 | 6.57608 | 31
-4635345893849473597 | 84 | 6.57608 | 31
9176052286010604422 | 85 | 6.57608 | 31
-94639501688342772 | 86 | 4.5828 | 28
-189279003376685543 | 87 | 4.5828 | 28
-378558006753371086 | 88 | 4.5828 | 28
-757116013506742171 | 89 | 4.5828 | 28
-1514232027013484342 | 90 | 4.5828 | 27
-3028464054026968684 | 91 | 4.5828 | 27
-6056928108053937367 | 92 | 4.5828 | 27
6332887857601676882 | 93 | 2.83083 | 3
6332887857601676883 | 93 | 4.53681 | 24
-5780968358506197850 | 94 | 1.51406 | 5
-5780968358506197849 | 94 | 3.47712 | 19
6884807356697155918 | 95 | 3.47712 | 19
-4677129360315239780 | 96 | 3.47712 | 19
9092485353079072057 | 97 | 3.47712 | 19
-261773367551407502 | 98 | 11.6255 | 1
-261773367551407501 | 98 | 2.95478 | 18
-523546735102815002 | 99 | 2.95478 | 18
-1047093470205630004 | 100 | 2.95478 | 17
-2094186940411260008 | 101 | 2.07685 | 11
-4188373880822520016 | 102 | 7.11455e-322 | 5
-4188373880822520015 | 102 | 7.90505e-322 | 6
-2094186940411260007 | 101 | 4.63978e-310 | 6
-1047093470205630003 | 100 | 4.63978e-310 | 1
-1514232027013484341 | 90 | 4.63978e-310 | 1
-94639501688342771 | 86 | 4.63978e-310 | 3
3452849544965019505 | 82 | 4.63978e-310 | 4
7432625346853195851 | 71 | 4.63978e-310 | 1
6469842355140686867 | 69 | 11.803 | 39
-5507059363428177881 | 70 | 11.803 | 39
7432625346853195854 | 71 | 11.803 | 39
-3581493380003159908 | 72 | 11.803 | 39
-7162986760006319816 | 73 | 11.803 | 39
4120770553696911984 | 74 | 11.803 | 39
8241541107393823968 | 75 | 11.803 | 39
-1963661858921903679 | 76 | 11.803 | 39
-3927323717843807358 | 77 | 11.803 | 39
-7854647435687614716 | 78 | 11.803 | 36
2737449202334322184 | 79 | 11.803 | 36
5474898404668644369 | 80 | 11.803 | 36
-7496947264372262878 | 81 | 11.803 | 36
3452849544965025861 | 82 | 11.803 | 36
6905699089930051723 | 83 | 11.803 | 36
-4635345893849448169 | 84 | 11.803 | 36
9176052286010655278 | 85 | 11.803 | 36
-94639501688241060 | 86 | 11.803 | 36
-189279003376482119 | 87 | 11.803 | 36
-378558006752964237 | 88 | 11.803 | 36
-757116013505928474 | 89 | 11.803 | 36
-1514232027011856947 | 90 | 11.803 | 36
-3028464054023713894 | 91 | 11.803 | 36
-6056928108047427787 | 92 | 11.803 | 36
6332887857614696043 | 93 | 11.803 | 36
-5780968358480159530 | 94 | 7.12159 | 21
6884807356749232557 | 95 | 7.12159 | 21
-4677129360211086502 | 96 | 3.88959 | 11
9092485353287378613 | 97 | 3.88959 | 11
-261773367134794389 | 98 | 3.88959 | 11
-523546734269588777 | 99 | 3.88959 | 11
-1047093468539177554 | 100 | 3.88959 | 11
-2094186937078355107 | 101 | 3.88959 | 11
-4188373874156710214 | 102 | 3.88959 | 11
-8376747748313420428 | 103 | 22.4441 | 6
-8376747748313420427 | 103 | 3.48361 | 5
-4677129360211086501 | 96 | 4.63978e-310 | 10
-5780968358480159529 | 94 | 11.7615 | 15
6884807356749232558 | 95 | 11.7615 | 15
-4677129360211086500 | 96 | 11.7615 | 15
9092485353287378617 | 97 | 11.7615 | 15
-261773367134794382 | 98 | 11.7615 | 15
-523546734269588763 | 99 | 11.7615 | 15
-1047093468539177526 | 100 | 11.7615 | 15
-2094186937078355052 | 101 | 11.7615 | 15
-4188373874156710104 | 102 | 11.7615 | 15
-8376747748313420208 | 103 | 11.7615 | 15
1693248577082711201 | 104 | 11.7615 | 15
3386497154165422402 | 105 | 11.7615 | 15
6772994308330844804 | 106 | 11.7615 | 15
-4900755457047862008 | 107 | 11.7615 | 15
8645233159613827600 | 108 | 11.7615 | 15
-1156277754481896415 | 109 | 11.7615 | 15
-2312555508963792829 | 110 | 11.7615 | 15
-4625111017927585658 | 111 | 11.7615 | 15
9196522037854380300 | 112 | 11.7615 | 15
-53699998000791016 | 113 | 11.7615 | 15
-107399996001582032 | 114 | 11.7615 | 15
-214799992003164064 | 115 | 11.7615 | 15
-429599984006328128 | 116 | 31.1061 | 6
-429599984006328127 | 116 | 3.5617 | 9
-7854647435687614715 | 78 | 4.63978e-310 | 3
102238294514621951 | 58 | 15.8607 | 55
204476589029243903 | 59 | 15.8607 | 55
408953178058487807 | 60 | 15.8607 | 55
817906356116975614 | 61 | 15.8607 | 55
1635812712233951229 | 62 | 15.8607 | 55
3271625424467902459 | 63 | 15.8607 | 55
6543250848935804918 | 64 | 15.8607 | 55
-5360242375837941779 | 65 | 15.8607 | 55
7726259322033668059 | 66 | 15.8607 | 55
-2994225429642215497 | 67 | 15.8607 | 55
-5988450859284430993 | 68 | 15.8607 | 55
6469842355140689630 | 69 | 15.8607 | 55
-5507059363428172356 | 70 | 15.1902 | 42
7432625346853206904 | 71 | 15.1902 | 42
-3581493380003137807 | 72 | 15.1902 | 42
-7162986760006275613 | 73 | 15.1902 | 42
4120770553697000390 | 74 | 15.1902 | 42
8241541107394000780 | 75 | 15.1902 | 42
-1963661858921550056 | 76 | 15.1902 | 42
-3927323717843100112 | 77 | 15.1902 | 42
-7854647435686200224 | 78 | 15.1902 | 42
2737449202337151168 | 79 | 15.1902 | 42
5474898404674302336 | 80 | 15.1902 | 42
-7496947264360946944 | 81 | 12.1608 | 9
-7496947264360946943 | 81 | 12.6567 | 33
3452849544987657730 | 82 | 12.6567 | 33
6905699089975315460 | 83 | 12.6567 | 33
-4635345893758920695 | 84 | 12.6567 | 33
9176052286191710226 | 85 | 12.6567 | 33
-94639501326131164 | 86 | 12.6567 | 33
-189279002652262328 | 87 | 12.6567 | 33
-378558005304524655 | 88 | 12.6567 | 33
-757116010609049310 | 89 | 9.10926 | 6
-757116010609049309 | 89 | 10.7573 | 27
-1514232021218098617 | 90 | 10.7573 | 27
-3028464042436197234 | 91 | 10.7573 | 27
-6056928084872394467 | 92 | 10.7573 | 27
6332887903964762683 | 93 | 10.7573 | 27
-5780968265780026250 | 94 | 10.7573 | 27
6884807542149499117 | 95 | 10.7573 | 27
-4677128989410553382 | 96 | 10.7573 | 27
9092486094888444853 | 97 | 10.7573 | 27
-261771883932661910 | 98 | 40.2398 | 4
-261771883932661909 | 98 | 9.46634 | 23
-523543767865323818 | 99 | 9.46634 | 23
-1047087535730647636 | 100 | 9.46634 | 23
-2094175071461295272 | 101 | 9.46634 | 23
-4188350142922590544 | 102 | 9.46634 | 23
-8376700285845181088 | 103 | 9.46634 | 23
1693343502019189441 | 104 | 9.46634 | 23
3386687004038378882 | 105 | 9.46634 | 23
6773374008076757764 | 106 | 9.46634 | 23
-4899996057556036087 | 107 | 9.46634 | 23
8646751958597479442 | 108 | 8.05829 | 11
-1153240156514592732 | 109 | 7.13244 | 7
-1153240156514592731 | 109 | 16.0119 | 4
8646751958597479443 | 108 | 7.77996 | 12
-1153240156514592730 | 109 | 7.77996 | 12
-2306480313029185459 | 110 | 7.77996 | 12
-4612960626058370917 | 111 | 7.77996 | 12
9220822821592809782 | 112 | 7.77996 | 12
-5098430523932051 | 113 | 7.77996 | 12
-10196861047864101 | 114 | 7.77996 | 12
-20393722095728201 | 115 | 7.77996 | 12
-40787444191456401 | 116 | 7.77996 | 12
-81574888382912801 | 117 | 7.77996 | 12
-163149776765825602 | 118 | 7.77996 | 12
-326299553531651204 | 119 | 47.9253 | 10
-326299553531651203 | 119 | 1.44993 | 2
-5507059363428172355 | 70 | 7.13375 | 13
7432625346853206907 | 71 | 7.13375 | 13
-3581493380003137801 | 72 | 7.13375 | 13
-7162986760006275602 | 73 | 7.13375 | 13
4120770553697000412 | 74 | 7.13375 | 13
8241541107394000825 | 75 | 7.13375 | 13
-1963661858921549965 | 76 | 7.13375 | 13
-3927323717843099930 | 77 | 4.63978e-310 | 4
-3927323717843099929 | 77 | 4.63978e-310 | 9
780016285055 | 41 | 20.0069 | 179
1560032570111 | 42 | 20.0069 | 179
3120065140222 | 43 | 3.18327 | 16
6240130280445 | 44 | 3.18327 | 16
12480260560891 | 45 | 3.18327 | 16
24960521121782 | 46 | 0.456112 | 2
24960521121783 | 46 | 2.75249 | 14
49921042243567 | 47 | 2.75249 | 14
99842084487135 | 48 | 2.75249 | 14
199684168974270 | 49 | 2.75249 | 14
399368337948540 | 50 | 2.75249 | 14
798736675897080 | 51 | 2.75249 | 14
1597473351794160 | 52 | 2.75249 | 14
3194946703588321 | 53 | 2.75249 | 14
6389893407176642 | 54 | 2.37152e-322 | 3
6389893407176643 | 54 | 2.40711 | 11
12779786814353286 | 55 | 2.37152e-322 | 4
12779786814353287 | 55 | 4.63978e-310 | 7
3120065140223 | 43 | 19.1955 | 163
6240130280446 | 44 | 19.1955 | 163
12480260560892 | 45 | 9.35302 | 108
24960521121785 | 46 | 9.35302 | 108
49921042243570 | 47 | 9.35302 | 108
99842084487140 | 48 | 9.35302 | 108
199684168974280 | 49 | 6.58435 | 76
399368337948560 | 50 | 6.58435 | 76
798736675897120 | 51 | 6.58435 | 76
1597473351794241 | 52 | 6.58435 | 76
3194946703588482 | 53 | 6.58435 | 76
6389893407176964 | 54 | 6.58435 | 76
12779786814353928 | 55 | 6.58435 | 76
25559573628707856 | 56 | 6.58435 | 65
51119147257415712 | 57 | 6.58435 | 65
102238294514831424 | 58 | 6.58435 | 65
204476589029662848 | 59 | 6.58435 | 65
408953178059325697 | 60 | 6.58435 | 65
817906356118651395 | 61 | 6.58435 | 65
1635812712237302791 | 62 | 6.58435 | 65
3271625424474605582 | 63 | 1.86435 | 13
6543250848949211165 | 64 | 1.86435 | 13
-5360242375811129285 | 65 | 1.86435 | 13
7726259322087293046 | 66 | 1.86435 | 13
-2994225429534965523 | 67 | 1.86435 | 13
-5988450859069931045 | 68 | 1.86435 | 13
6469842355569689527 | 69 | 1.86435 | 13
-5507059362570172561 | 70 | 1.86435 | 13
7432625348569206494 | 71 | 1.86435 | 13
-3581493376571138628 | 72 | 1.86435 | 13
-7162986753142277256 | 73 | 1.86435 | 13
4120770567424997105 | 74 | 1.86435 | 13
8241541134849994211 | 75 | 1.86435 | 13
-1963661804009563193 | 76 | 1.86435 | 13
-3927323608019126385 | 77 | 1.86435 | 13
-7854647216038252770 | 78 | 1.86435 | 13
2737449641633046076 | 79 | 1.86435 | 13
5474899283266092152 | 80 | 1.86435 | 13
-7496945507177367312 | 81 | 1.86435 | 13
3452853059354816992 | 82 | 4.63978e-310 | 9
3452853059354816993 | 82 | 6.37345e-322 | 4
3271625424474605583 | 63 | 5.23067 | 52
6543250848949211167 | 64 | 5.23067 | 52
-5360242375811129282 | 65 | 5.23067 | 52
7726259322087293052 | 66 | 4.07595 | 43
-2994225429534965512 | 67 | 4.07595 | 43
-5988450859069931023 | 68 | 4.07595 | 43
6469842355569689571 | 69 | 4.07595 | 43
-5507059362570172474 | 70 | 4.07595 | 43
7432625348569206668 | 71 | 4.07595 | 43
-3581493376571138279 | 72 | 4.07595 | 43
-7162986753142276558 | 73 | 4.07595 | 43
4120770567424998500 | 74 | 4.07595 | 43
8241541134849997000 | 75 | 4.07595 | 43
-1963661804009557615 | 76 | 4.07595 | 43
-3927323608019115229 | 77 | 4.07595 | 43
-7854647216038230457 | 78 | 4.07595 | 43
2737449641633090702 | 79 | 3.24077 | 38
5474899283266181405 | 80 | 3.24077 | 38
-7496945507177188806 | 81 | 3.24077 | 38
3452853059355174004 | 82 | 3.24077 | 38
6905706118710348008 | 83 | 3.24077 | 38
-4635331836288855599 | 84 | 3.24077 | 38
9176080401131840418 | 85 | 2.20035 | 20
-94583271445870779 | 86 | 2.20035 | 20
-189166542891741558 | 87 | 2.20035 | 18
-378333085783483116 | 88 | 2.20035 | 18
-756666171566966232 | 89 | 1.08701 | 10
-756666171566966231 | 89 | 1.92403 | 8
-189166542891741557 | 87 | 4.63978e-310 | 2
9176080401131840419 | 85 | 1.83608 | 18
-94583271445870778 | 86 | 1.80061 | 11
-189166542891741556 | 87 | 0.412445 | 10
-189166542891741555 | 87 | 0.632687 | 1
-94583271445870777 | 86 | 4.63978e-310 | 7
2737449641633090703 | 79 | 4.63978e-310 | 5
7726259322087293053 | 66 | 4.63978e-310 | 9
25559573628707857 | 56 | 2.33037 | 11
51119147257415714 | 57 | 4.63978e-310 | 5
51119147257415715 | 57 | 4.63978e-310 | 6
199684168974281 | 49 | 5.0141 | 32
399368337948563 | 50 | 5.0141 | 32
798736675897127 | 51 | 5.0141 | 32
1597473351794254 | 52 | 5.0141 | 32
3194946703588509 | 53 | 5.0141 | 32
6389893407177018 | 54 | 5.0141 | 32
12779786814354036 | 55 | 5.0141 | 32
25559573628708073 | 56 | 5.0141 | 32
51119147257416146 | 57 | 5.0141 | 32
102238294514832292 | 58 | 4.63978e-310 | 4
102238294514832293 | 58 | 3.84149 | 28
204476589029664586 | 59 | 3.84149 | 28
408953178059329173 | 60 | 3.84149 | 28
817906356118658347 | 61 | 3.84149 | 28
1635812712237316695 | 62 | 3.84149 | 28
3271625424474633390 | 63 | 3.84149 | 28
6543250848949266780 | 64 | 3.84149 | 28
-5360242375811018055 | 65 | 3.84149 | 28
7726259322087515506 | 66 | 54.5304 | 4
7726259322087515507 | 66 | 3.34485 | 24
-2994225429534520601 | 67 | 3.34485 | 24
-5988450859069041202 | 68 | 3.34485 | 23
6469842355571469213 | 69 | 3.34485 | 23
-5507059362566613189 | 70 | 3.34485 | 23
7432625348576325239 | 71 | 3.34485 | 23
-3581493376556901138 | 72 | 3.34485 | 22
-7162986753113802276 | 73 | 2.6457 | 13
4120770567481947064 | 74 | 1.95776 | 2
4120770567481947065 | 74 | 2.6457 | 11
8241541134963894131 | 75 | 2.6457 | 11
-1963661803781763353 | 76 | 2.6457 | 11
-3927323607563526706 | 77 | 2.6457 | 11
-7854647215127053412 | 78 | 2.6457 | 11
2737449643455444792 | 79 | 2.6457 | 11
5474899286910889585 | 80 | 2.6457 | 11
-7496945499887772445 | 81 | 2.6457 | 11
3452853073934006726 | 82 | 2.6457 | 11
6905706147868013453 | 83 | 2.6457 | 11
-4635331777973524709 | 84 | 2.6457 | 11
9176080517762502198 | 85 | 2.6457 | 11
-94583038184547220 | 86 | 2.6457 | 11
-189166076369094439 | 87 | 2.6457 | 11
-378332152738188878 | 88 | 0.16872 | 10
-378332152738188877 | 88 | 0.501029 | 1
-7162986753113802275 | 73 | 4.63978e-310 | 9
-3581493376556901137 | 72 | 4.63978e-310 | 1
-5988450859069041201 | 68 | 4.63978e-310 | 1
12480260560893 | 45 | 13.3551 | 55
24960521121787 | 46 | 13.3551 | 55
49921042243574 | 47 | 13.3551 | 55
99842084487148 | 48 | 13.3551 | 55
199684168974296 | 49 | 13.3551 | 55
399368337948593 | 50 | 13.3551 | 55
798736675897186 | 51 | 13.3551 | 55
1597473351794373 | 52 | 13.3551 | 55
3194946703588746 | 53 | 13.3551 | 55
6389893407177493 | 54 | 13.3551 | 55
12779786814354987 | 55 | 13.3551 | 55
25559573628709975 | 56 | 13.3551 | 55
51119147257419951 | 57 | 13.3551 | 55
102238294514839902 | 58 | 2.37152e-322 | 5
102238294514839903 | 58 | 12.7745 | 50
204476589029679806 | 59 | 12.7745 | 50
408953178059359612 | 60 | 12.7745 | 50
817906356118719224 | 61 | 12.7745 | 50
1635812712237438449 | 62 | 12.7745 | 50
3271625424474876899 | 63 | 12.7745 | 50
6543250848949753799 | 64 | 12.7745 | 50
-5360242375810044017 | 65 | 12.7745 | 50
7726259322089463582 | 66 | 12.7745 | 50
-2994225429530624451 | 67 | 12.7745 | 50
-5988450859061248902 | 68 | 12.7745 | 50
6469842355587053812 | 69 | 12.7745 | 50
-5507059362535443991 | 70 | 12.7745 | 50
7432625348638663634 | 71 | 12.7745 | 50
-3581493376432224347 | 72 | 12.7745 | 50
-7162986752864448694 | 73 | 12.7745 | 50
4120770567980654228 | 74 | 12.7745 | 50
8241541135961308457 | 75 | 12.7745 | 50
-1963661801786934701 | 76 | 12.7745 | 50
-3927323603573869402 | 77 | 12.7745 | 50
-7854647207147738803 | 78 | 12.7745 | 50
2737449659414074011 | 79 | 12.7745 | 50
5474899318828148022 | 80 | 9.04727 | 22
-7496945436053255572 | 81 | 3.45725 | 18
3452853201603040472 | 82 | 3.45725 | 18
6905706403206080944 | 83 | 3.45725 | 18
-4635331267297389727 | 84 | 3.45725 | 18
9176081539114772163 | 85 | 3.45725 | 18
-94580995480007289 | 86 | 3.45725 | 18
-189161990960014578 | 87 | 3.45725 | 18
-378323981920029156 | 88 | 11.9526 | 4
-378323981920029155 | 88 | 3.22304 | 14
-756647963840058310 | 89 | 3.22304 | 14
-1513295927680116619 | 90 | 3.22304 | 14
-3026591855360233237 | 91 | 3.22304 | 14
-6053183710720466474 | 92 | 3.22304 | 14
6340376652268618668 | 93 | 2.37479 | 11
-5765990769172314280 | 94 | 4.80142 | 3
-5765990769172314279 | 94 | 4.63978e-310 | 8
6340376652268618669 | 93 | 4.63978e-310 | 3
-7496945436053255571 | 81 | 4.63978e-310 | 4
5474899318828148023 | 80 | 12.7745 | 28
-7496945436053255570 | 81 | 12.7745 | 28
3452853201603040476 | 82 | 12.7745 | 28
6905706403206080953 | 83 | 12.7745 | 28
-4635331267297389710 | 84 | 12.7745 | 28
9176081539114772197 | 85 | 12.7745 | 28
-94580995480007221 | 86 | 12.7745 | 28
-189161990960014442 | 87 | 12.7745 | 28
-378323981920028883 | 88 | 12.7745 | 28
-756647963840057765 | 89 | 12.7745 | 28
-1513295927680115530 | 90 | 6.34167 | 27
-3026591855360231060 | 91 | 6.34167 | 27
-6053183710720462120 | 92 | 6.34167 | 27
6340376652268627376 | 93 | 6.34167 | 27
-5765990769172296864 | 94 | 6.34167 | 27
6914762535364957888 | 95 | 6.34167 | 27
-4617219002979635839 | 96 | 6.34167 | 27
9212306067750279939 | 97 | 6.34167 | 27
-22131938208991737 | 98 | 6.34167 | 27
-44263876417983474 | 99 | 6.34167 | 27
-88527752835966947 | 100 | 6.34167 | 27
-177055505671933894 | 101 | 6.34167 | 27
-354111011343867787 | 102 | 6.34167 | 27
-708222022687735573 | 103 | 6.34167 | 27
-1416444045375471146 | 104 | 1.03135 | 6
-1416444045375471145 | 104 | 5.14484 | 21
-2832888090750942290 | 105 | 3.19784 | 6
-2832888090750942289 | 105 | 3.49398 | 15
-5665776181501884578 | 106 | 3.49398 | 15
7115191710705782460 | 107 | 3.49398 | 15
-4216360652297986696 | 108 | 3.49398 | 15
-8432721304595973392 | 109 | 3.4146 | 11
1581301464517604832 | 110 | 3.4146 | 11
3162602929035209665 | 111 | 3.4146 | 11
6325205858070419331 | 112 | 3.4146 | 11
-5796332357568712953 | 113 | 3.4146 | 11
6854079358572125710 | 114 | 4.63978e-310 | 7
6854079358572125711 | 114 | 22.0599 | 4
-8432721304595973391 | 109 | 4.63978e-310 | 4
-1513295927680115529 | 90 | 4.63978e-310 | 1
91 | 8 | 21.2619 | 62
183 | 9 | 21.2619 | 62
366 | 10 | 21.2619 | 62
732 | 11 | 21.2619 | 62
1465 | 12 | 21.2619 | 62
2931 | 13 | 21.2619 | 62
5862 | 14 | 21.2619 | 62
11724 | 15 | 21.2619 | 62
23449 | 16 | 21.2619 | 62
46899 | 17 | 21.2619 | 62
93798 | 18 | 21.2619 | 62
187597 | 19 | 21.2619 | 62
375195 | 20 | 21.2619 | 62
750390 | 21 | 21.2619 | 62
1500780 | 22 | 4.63978e-310 | 1
1500781 | 22 | 19.9387 | 61
3001562 | 23 | 19.9387 | 61
6003124 | 24 | 19.9387 | 61
12006248 | 25 | 12.5503 | 42
24012497 | 26 | 12.5503 | 42
48024994 | 27 | 12.5503 | 42
96049988 | 28 | 12.5503 | 42
192099976 | 29 | 12.5503 | 42
384199953 | 30 | 12.5503 | 42
768399906 | 31 | 12.5503 | 42
1536799812 | 32 | 12.5503 | 42
3073599624 | 33 | 12.5503 | 42
6147199249 | 34 | 12.5503 | 42
12294398499 | 35 | 12.5503 | 42
24588796999 | 36 | 12.5503 | 42
49177593998 | 37 | 12.5503 | 42
98355187996 | 38 | 12.5503 | 42
196710375992 | 39 | 12.5503 | 42
393420751984 | 40 | 12.5503 | 42
786841503968 | 41 | 12.5503 | 40
1573683007936 | 42 | 6.81378 | 16
3147366015873 | 43 | 6.81378 | 16
6294732031746 | 44 | 6.81378 | 16
12589464063493 | 45 | 6.81378 | 16
25178928126986 | 46 | 6.81378 | 16
50357856253972 | 47 | 6.81378 | 16
100715712507944 | 48 | 6.81378 | 16
201431425015888 | 49 | 4.20486 | 13
402862850031777 | 50 | 4.20486 | 13
805725700063554 | 51 | 4.20486 | 13
1611451400127109 | 52 | 4.20486 | 13
3222902800254218 | 53 | 4.63978e-310 | 3
3222902800254219 | 53 | 4.63978e-310 | 10
201431425015889 | 49 | 4.63978e-310 | 3
1573683007937 | 42 | 7.53693 | 24
3147366015874 | 43 | 7.53693 | 24
6294732031749 | 44 | 7.53693 | 24
12589464063499 | 45 | 7.53693 | 24
25178928126999 | 46 | 7.53693 | 24
50357856253998 | 47 | 7.53693 | 24
100715712507996 | 48 | 7.53693 | 24
201431425015992 | 49 | 7.53693 | 24
402862850031984 | 50 | 7.53693 | 24
805725700063968 | 51 | 7.53693 | 24
1611451400127936 | 52 | 7.53693 | 24
3222902800255872 | 53 | 7.53693 | 24
6445805600511744 | 54 | 7.53693 | 24
12891611201023489 | 55 | 7.53693 | 24
25783222402046979 | 56 | 7.53693 | 24
51566444804093958 | 57 | 7.41141 | 22
103132889608187916 | 58 | 7.41141 | 22
206265779216375832 | 59 | 7.41141 | 22
412531558432751664 | 60 | 6.87502 | 16
825063116865503328 | 61 | 4.63978e-310 | 8
825063116865503329 | 61 | 0 | 8
412531558432751665 | 60 | 4.63978e-310 | 6
51566444804093959 | 57 | 4.63978e-310 | 2
786841503969 | 41 | 4.63978e-310 | 2
12006249 | 25 | 17.6258 | 19
24012499 | 26 | 17.6258 | 19
48024998 | 27 | 11.3889 | 16
96049997 | 28 | 11.3889 | 16
192099994 | 29 | 11.3889 | 16
384199988 | 30 | 4.63978e-310 | 10
384199989 | 30 | 4.63978e-310 | 6
48024999 | 27 | 4.63978e-310 | 3
