ID | Depth | diameter | Number of points
0 | 0 | 29.316 | 1600
1 | 1 | 29.316 | 1600
2 | 2 | 29.316 | 1600
5 | 3 | 29.316 | 1600
10 | 4 | 29.316 | 1600
21 | 5 | 29.316 | 1600
43 | 6 | 29.316 | 1600
86 | 7 | 24.2201 | 690
172 | 8 | 24.2201 | 690
344 | 9 | 21.6811 | 455
689 | 10 | 21.6811 | 455
1378 | 11 | 21.6811 | 455
2756 | 12 | 21.6811 | 449
5513 | 13 | 21.6811 | 449
11027 | 14 | 21.6811 | 449
22054 | 15 | 17.5383 | 235
44109 | 16 | 17.5383 | 235
88218 | 17 | 3.69755 | 16
176436 | 18 | 4.63978e-310 | 5
176437 | 18 | 3.50797 | 11
352874 | 19 | 3.50797 | 11
705749 | 20 | 3.50797 | 11
1411498 | 21 | 3.50797 | 11
2822997 | 22 | 3.50797 | 11
5645994 | 23 | 0 | 9
5645995 | 23 | 0.048925 | 2
88219 | 17 | 15.4321 | 219
176438 | 18 | 15.4321 | 219
352877 | 19 | 15.4321 | 219
705754 | 20 | 0.317134 | 6
705755 | 20 | 15.0839 | 213
1411511 | 21 | 15.0839 | 213
2823023 | 22 | 15.0839 | 213
5646046 | 23 | 15.0839 | 213
11292093 | 24 | 15.0839 | 213
22584186 | 25 | 15.0839 | 213
45168373 | 26 | 15.0839 | 213
90336747 | 27 | 15.0839 | 213
180673494 | 28 | 15.0839 | 213
361346988 | 29 | 15.0839 | 213
722693977 | 30 | 15.0839 | 213
1445387955 | 31 | 15.0839 | 213
2890775911 | 32 | 15.0839 | 213
5781551823 | 33 | 15.0839 | 213
11563103646 | 34 | 15.0839 | 213
23126207292 | 35 | 1.61141 | 4
23126207293 | 35 | 14.0949 | 209
46252414587 | 36 | 14.0949 | 209
92504829175 | 37 | 14.0949 | 209
185009658350 | 38 | 14.0949 | 209
370019316701 | 39 | 14.0949 | 209
740038633402 | 40 | 14.0949 | 209
1480077266804 | 41 | 14.0949 | 209
2960154533608 | 42 | 11.8492 | 138
5920309067217 | 43 | 11.8492 | 138
11840618134434 | 44 | 11.8492 | 138
23681236268868 | 45 | 11.8492 | 138
47362472537736 | 46 | 11.8492 | 138
94724945075472 | 47 | 11.8492 | 138
189449890150945 | 48 | 11.8492 | 138
378899780301890 | 49 | 10.3248 | 57
757799560603780 | 50 | 10.3248 | 57
1515599121207560 | 51 | 10.3248 | 57
3031198242415120 | 52 | 10.3248 | 53
6062396484830241 | 53 | 10.3248 | 53
12124792969660482 | 54 | 10.3248 | 53
24249585939320964 | 55 | 10.3248 | 53
48499171878641928 | 56 | 10.3248 | 53
96998343757283856 | 57 | 10.3248 | 53
193996687514567712 | 58 | 10.3248 | 53
387993375029135424 | 59 | 10.3248 | 53
775986750058270849 | 60 | 10.3248 | 53
1551973500116541699 | 61 | 10.3248 | 53
3103947000233083398 | 62 | 10.3248 | 53
6207894000466166796 | 63 | 10.3248 | 53
-6030956072777218023 | 64 | 10.3248 | 53
6384831928155115570 | 65 | 8.33376 | 43
-5677080217399320476 | 66 | 8.33376 | 43
7092583638910910665 | 67 | 8.33376 | 43
-4261576795887730286 | 68 | 8.33376 | 43
-8523153591775460572 | 69 | 8.33376 | 43
1400436890158630472 | 70 | 8.33376 | 43
2800873780317260944 | 71 | 4.94922 | 22
5601747560634521888 | 72 | 12.0731 | 1
5601747560634521889 | 72 | 3.85037 | 21
-7243248952440507837 | 73 | 3.85037 | 21
3960246168828535942 | 74 | 3.85037 | 21
7920492337657071885 | 75 | 3.85037 | 21
-2605759398395407846 | 76 | 3.85037 | 21
-5211518796790815692 | 77 | 2.30804 | 14
8023706480127920232 | 78 | 2.30804 | 14
-2399331113453711151 | 79 | 2.30804 | 14
-4798662226907422301 | 80 | 2.30804 | 14
8849419619894707014 | 81 | 2.30804 | 14
-747904833920137587 | 82 | 2.30804 | 14
-1495809667840275174 | 83 | 4.63978e-310 | 10
-1495809667840275173 | 83 | 0.719839 | 4
-5211518796790815691 | 77 | 4.63978e-310 | 7
2800873780317260945 | 71 | 3.21873 | 21
5601747560634521890 | 72 | 3.21873 | 21
-7243248952440507836 | 73 | 3.21873 | 19
3960246168828535944 | 74 | 2.03426 | 12
7920492337657071888 | 75 | 1.87329 | 11
-2605759398395407839 | 76 | 1.87329 | 11
-5211518796790815678 | 77 | 11.6731 | 5
-5211518796790815677 | 77 | 2.56599 | 6
7920492337657071889 | 75 | 4.63978e-310 | 1
3960246168828535945 | 74 | 4.63978e-310 | 7
-7243248952440507835 | 73 | 4.63978e-310 | 2
6384831928155115571 | 65 | 4.63978e-310 | 10
3031198242415121 | 52 | 4.63978e-310 | 4
378899780301891 | 49 | 11.7722 | 81
757799560603782 | 50 | 4.63978e-310 | 10
757799560603783 | 50 | 8.96949 | 71
1515599121207566 | 51 | 5.55019 | 36
3031198242415132 | 52 | 5.55019 | 36
6062396484830265 | 53 | 5.55019 | 36
12124792969660531 | 54 | 5.55019 | 36
24249585939321063 | 55 | 5.55019 | 36
48499171878642126 | 56 | 5.55019 | 36
96998343757284253 | 57 | 5.55019 | 36
193996687514568506 | 58 | 5.55019 | 29
387993375029137012 | 59 | 5.55019 | 29
775986750058274024 | 60 | 5.55019 | 29
1551973500116548049 | 61 | 5.55019 | 29
3103947000233096099 | 62 | 5.55019 | 29
6207894000466192199 | 63 | 5.55019 | 29
-6030956072777167217 | 64 | 5.55019 | 29
6384831928155217182 | 65 | 5.55019 | 29
-5677080217399117251 | 66 | 5.55019 | 29
7092583638911317115 | 67 | 5.55019 | 29
-4261576795886917386 | 68 | 2.37152e-322 | 10
-4261576795886917385 | 68 | 3.98199 | 19
-8523153591773834770 | 69 | 3.98199 | 19
1400436890161882077 | 70 | 3.98199 | 19
2800873780323764154 | 71 | 2.20536 | 14
5601747560647528308 | 72 | 2.20536 | 14
-7243248952414494999 | 73 | 2.20536 | 14
3960246168880561619 | 74 | 2.20536 | 14
7920492337761123239 | 75 | 2.20536 | 14
-2605759398187305138 | 76 | 2.20536 | 14
-5211518796374610276 | 77 | 2.20536 | 14
8023706480960331064 | 78 | 2.20536 | 14
-2399331111788889487 | 79 | 2.20536 | 14
-4798662223577778973 | 80 | 2.20536 | 14
8849419626553993671 | 81 | 2.20536 | 14
-747904820601564274 | 82 | 6.91623 | 9
-747904820601564273 | 82 | 2.52629 | 5
2800873780323764155 | 71 | 4.63978e-310 | 5
193996687514568507 | 58 | 4.63978e-310 | 7
1515599121207567 | 51 | 8.68858 | 35
3031198242415134 | 52 | 8.68858 | 35
6062396484830268 | 53 | 8.68858 | 35
12124792969660536 | 54 | 8.68858 | 35
24249585939321072 | 55 | 8.68858 | 35
48499171878642144 | 56 | 7.33628 | 30
96998343757284288 | 57 | 7.33628 | 30
193996687514568577 | 58 | 7.33628 | 30
387993375029137155 | 59 | 7.33628 | 30
775986750058274311 | 60 | 7.33628 | 30
1551973500116548623 | 61 | 7.33628 | 30
3103947000233097246 | 62 | 4.32797 | 11
6207894000466194492 | 63 | 4.32797 | 11
-6030956072777162632 | 64 | 4.32797 | 11
6384831928155226352 | 65 | 1.58101e-322 | 1
6384831928155226353 | 65 | 1.58101e-322 | 10
3103947000233097247 | 62 | 2.82317 | 19
6207894000466194494 | 63 | 2.82317 | 19
-6030956072777162628 | 64 | 2.82317 | 19
6384831928155226360 | 65 | 2.82317 | 19
-5677080217399098896 | 66 | 2.82317 | 19
7092583638911353824 | 67 | 2.82317 | 19
-4261576795886843967 | 68 | 2.82317 | 19
-8523153591773687934 | 69 | 0.593104 | 1
-8523153591773687933 | 69 | 2.3124 | 18
1400436890162175751 | 70 | 2.3124 | 18
2800873780324351502 | 71 | 5.34718 | 6
2800873780324351503 | 71 | 2.06679 | 12
5601747560648703006 | 72 | 2.06679 | 12
-7243248952412145603 | 73 | 2.06679 | 12
3960246168885260411 | 74 | 2.06679 | 12
7920492337770520822 | 75 | 2.06679 | 12
-2605759398168509971 | 76 | 2.06679 | 12
-5211518796337019941 | 77 | 2.06679 | 12
8023706481035511734 | 78 | 2.06679 | 12
-2399331111638528148 | 79 | 2.06679 | 12
-4798662223277056296 | 80 | 2.06679 | 12
8849419627155439024 | 81 | 1.59429 | 11
-747904819398673567 | 82 | 1.59429 | 11
-1495809638797347134 | 83 | 1.59429 | 11
-2991619277594694267 | 84 | 1.59429 | 11
-5983238555189388534 | 85 | 1.59429 | 11
6480266963330774549 | 86 | 1.59429 | 11
-5486210147048002517 | 87 | 1.59429 | 11
7474323779613546583 | 88 | 1.59429 | 11
-3498096514482458450 | 89 | 1.59429 | 11
-6996193028964916900 | 90 | 1.59429 | 11
4454358015779717816 | 91 | 1.59429 | 11
8908716031559435633 | 92 | 1.59429 | 11
-629312010590680349 | 93 | 1.59429 | 11
-1258624021181360698 | 94 | 1.59429 | 11
-2517248042362721396 | 95 | 1.59429 | 11
-5034496084725442791 | 96 | 1.59429 | 11
8377751904258666034 | 97 | 1.59429 | 11
-1691240265192219548 | 98 | 1.59429 | 11
-3382480530384439095 | 99 | 1.59429 | 11
-6764961060768878189 | 100 | 1.59429 | 11
4916821952171795239 | 101 | 1.59429 | 11
-8613100169365961138 | 102 | 1.59429 | 11
1220543734977629340 | 103 | 1.59429 | 11
2441087469955258681 | 104 | 1.59429 | 11
4882174939910517362 | 105 | 1.59429 | 11
-8682394193888516892 | 106 | 7.16395e-322 | 9
-8682394193888516891 | 106 | 4.63978e-310 | 2
8849419627155439025 | 81 | 4.63978e-310 | 1
48499171878642145 | 56 | 4.63978e-310 | 5
2960154533609 | 42 | 14.0131 | 71
5920309067219 | 43 | 14.0131 | 71
11840618134439 | 44 | 14.0131 | 71
23681236268879 | 45 | 14.0131 | 71
47362472537758 | 46 | 14.0131 | 71
94724945075516 | 47 | 14.0131 | 71
189449890151033 | 48 | 14.0131 | 71
378899780302067 | 49 | 14.0131 | 71
757799560604134 | 50 | 14.0131 | 71
1515599121208269 | 51 | 14.0131 | 71
3031198242416539 | 52 | 14.0131 | 71
6062396484833078 | 53 | 14.0131 | 71
12124792969666156 | 54 | 14.0131 | 71
24249585939332312 | 55 | 7.8135 | 41
48499171878664624 | 56 | 5.02362 | 29
96998343757329249 | 57 | 5.02362 | 29
193996687514658498 | 58 | 4.63978e-310 | 5
193996687514658499 | 58 | 5.02362 | 24
387993375029316998 | 59 | 5.02362 | 24
775986750058633996 | 60 | 5.02362 | 24
1551973500117267993 | 61 | 5.02362 | 24
3103947000234535986 | 62 | 5.02362 | 24
6207894000469071972 | 63 | 5.02362 | 24
-6030956072771407671 | 64 | 5.02362 | 24
6384831928166736274 | 65 | 3.14883 | 11
-5677080217376079068 | 66 | 3.14883 | 11
7092583638957393481 | 67 | 3.14883 | 11
-4261576795794764654 | 68 | 4.63978e-310 | 7
-4261576795794764653 | 68 | 4.63978e-310 | 4
6384831928166736275 | 65 | 2.32324 | 13
-5677080217376079066 | 66 | 2.32324 | 13
7092583638957393485 | 67 | 2.32324 | 13
-4261576795794764646 | 68 | 2.32324 | 13
-8523153591589529292 | 69 | 2.32324 | 13
1400436890530493032 | 70 | 2.32324 | 13
2800873781060986065 | 71 | 2.32324 | 13
5601747562121972130 | 72 | 2.32324 | 13
-7243248949465607355 | 73 | 2.32324 | 13
3960246174778336907 | 74 | 2.32324 | 13
7920492349556673814 | 75 | 2.32324 | 13
-2605759374596203987 | 76 | 2.32324 | 13
-5211518749192407973 | 77 | 2.32324 | 13
8023706575324735670 | 78 | 2.8319 | 5
8023706575324735671 | 78 | 4.63978e-310 | 8
48499171878664625 | 56 | 2.9214 | 12
96998343757329251 | 57 | 2.9214 | 12
193996687514658503 | 58 | 2.9214 | 12
387993375029317007 | 59 | 2.9214 | 12
775986750058634014 | 60 | 2.9214 | 12
1551973500117268028 | 61 | 2.9214 | 12
3103947000234536056 | 62 | 2.9214 | 12
6207894000469072113 | 63 | 2.9214 | 12
-6030956072771407389 | 64 | 2.9214 | 12
6384831928166736838 | 65 | 2.9214 | 12
-5677080217376077940 | 66 | 2.9214 | 12
7092583638957395736 | 67 | 2.9214 | 12
-4261576795794760143 | 68 | 2.9214 | 12
-8523153591589520285 | 69 | 2.9214 | 12
1400436890530511046 | 70 | 2.9214 | 12
2800873781061022092 | 71 | 2.9214 | 12
5601747562122044185 | 72 | 2.9214 | 12
-7243248949465463246 | 73 | 2.9214 | 12
3960246174778625125 | 74 | 2.9214 | 12
7920492349557250251 | 75 | 2.9214 | 12
-2605759374595051114 | 76 | 2.9214 | 12
-5211518749190102227 | 77 | 2.9214 | 12
8023706575329347162 | 78 | 2.9214 | 12
-2399330923050857292 | 79 | 2.88063 | 11
-4798661846101714583 | 80 | 2.88063 | 11
8849420381506122450 | 81 | 2.88063 | 11
-747903310697306716 | 82 | 2.88063 | 11
-1495806621394613431 | 83 | 2.88063 | 11
-2991613242789226862 | 84 | 0.0731067 | 1
-2991613242789226861 | 84 | 3.99246 | 10
-2399330923050857291 | 79 | 4.63978e-310 | 1
24249585939332313 | 55 | 13.8912 | 30
48499171878664626 | 56 | 13.8912 | 30
96998343757329252 | 57 | 13.8912 | 19
193996687514658504 | 58 | 13.8912 | 19
387993375029317009 | 59 | 13.8912 | 19
775986750058634018 | 60 | 13.8912 | 19
1551973500117268037 | 61 | 13.8912 | 19
3103947000234536074 | 62 | 13.8912 | 19
6207894000469072148 | 63 | 13.8912 | 19
-6030956072771407319 | 64 | 13.8912 | 19
6384831928166736979 | 65 | 13.8912 | 19
-5677080217376077657 | 66 | 13.8912 | 19
7092583638957396302 | 67 | 13.8912 | 19
-4261576795794759012 | 68 | 13.8912 | 19
-8523153591589518024 | 69 | 13.8912 | 19
1400436890530515569 | 70 | 13.8912 | 19
2800873781061031139 | 71 | 13.8912 | 19
5601747562122062278 | 72 | 13.8912 | 19
-7243248949465427059 | 73 | 13.8912 | 19
3960246174778697498 | 74 | 13.8912 | 19
7920492349557394996 | 75 | 13.8912 | 19
-2605759374594761623 | 76 | 13.8912 | 19
-5211518749189523246 | 77 | 13.8912 | 19
8023706575330505125 | 78 | 13.8912 | 19
-2399330923048541366 | 79 | 13.4642 | 18
-4798661846097082732 | 80 | 13.4642 | 18
8849420381515386152 | 81 | 13.4642 | 18
-747903310678779312 | 82 | 13.4642 | 18
-1495806621357558624 | 83 | 102.003 | 5
-1495806621357558623 | 83 | 4.3139 | 13
-2991613242715117246 | 84 | 4.3139 | 13
-5983226485430234492 | 85 | 4.3139 | 13
6480291102849082632 | 86 | 4.3139 | 13
-5486161868011386351 | 87 | 4.3139 | 13
7474420337686778914 | 88 | 7.95947 | 1
7474420337686778915 | 88 | 3.93903 | 12
-3497903398335993786 | 89 | 3.93903 | 12
-6995806796671987571 | 90 | 3.93903 | 12
4455130480365576475 | 91 | 3.93903 | 12
8910260960731152951 | 92 | 3.93903 | 12
-626222152247245713 | 93 | 3.93903 | 12
-1252444304494491425 | 94 | 3.93903 | 12
-2504888608988982849 | 95 | 3.93903 | 12
-5009777217977965697 | 96 | 3.93903 | 12
8427189637753620222 | 97 | 0 | 1
8427189637753620223 | 97 | 3.93903 | 11
-1592364798202311169 | 98 | 3.93903 | 11
-3184729596404622337 | 99 | 3.93903 | 11
-6369459192809244673 | 100 | 3.93903 | 11
5707825688091062270 | 101 | 16.2908 | 10
5707825688091062271 | 101 | 0.499205 | 1
-2399330923048541365 | 79 | 4.63978e-310 | 1
96998343757329253 | 57 | 3.59993 | 11
193996687514658507 | 58 | 3.59993 | 11
387993375029317015 | 59 | 3.59993 | 11
775986750058634030 | 60 | 3.59993 | 11
1551973500117268060 | 61 | 3.59993 | 11
3103947000234536120 | 62 | 4.63978e-310 | 9
3103947000234536121 | 62 | 4.63978e-310 | 2
22055 | 15 | 21.6811 | 214
44111 | 16 | 21.6811 | 214
88222 | 17 | 21.6811 | 214
176445 | 18 | 21.6811 | 214
352890 | 19 | 21.6811 | 214
705780 | 20 | 15.5695 | 74
1411561 | 21 | 15.5695 | 74
2823123 | 22 | 15.5695 | 74
5646246 | 23 | 15.5695 | 74
11292492 | 24 | 15.5695 | 74
22584985 | 25 | 15.5695 | 74
45169970 | 26 | 15.5695 | 74
90339940 | 27 | 15.5695 | 74
180679880 | 28 | 15.5695 | 74
361359760 | 29 | 15.5695 | 74
722719521 | 30 | 15.5695 | 74
1445439043 | 31 | 15.5695 | 74
2890878086 | 32 | 15.5695 | 74
5781756172 | 33 | 15.5695 | 74
11563512345 | 34 | 15.5695 | 74
23127024691 | 35 | 15.5695 | 74
46254049382 | 36 | 15.5695 | 74
92508098764 | 37 | 15.5695 | 74
185016197528 | 38 | 9.80512 | 17
370032395056 | 39 | 9.80512 | 17
740064790113 | 40 | 9.80512 | 17
1480129580227 | 41 | 9.80512 | 17
2960259160455 | 42 | 9.80512 | 17
5920518320911 | 43 | 9.80512 | 17
11841036641822 | 44 | 9.80512 | 17
23682073283645 | 45 | 9.80512 | 17
47364146567290 | 46 | 9.80512 | 17
94728293134580 | 47 | 9.80512 | 17
189456586269161 | 48 | 9.80512 | 17
378913172538322 | 49 | 9.80512 | 17
757826345076644 | 50 | 8.91533 | 12
1515652690153288 | 51 | 0.805596 | 9
1515652690153289 | 51 | 4.63978e-310 | 3
757826345076645 | 50 | 170.423 | 5
185016197529 | 38 | 9.04528 | 57
370032395058 | 39 | 9.04528 | 57
740064790116 | 40 | 9.04528 | 57
1480129580232 | 41 | 4.63978e-310 | 2
1480129580233 | 41 | 9.04528 | 55
2960259160466 | 42 | 4.53175 | 36
5920518320933 | 43 | 4.53175 | 36
11841036641867 | 44 | 4.53175 | 36
23682073283734 | 45 | 4.53175 | 16
47364146567469 | 46 | 4.53175 | 16
94728293134938 | 47 | 4.53175 | 16
189456586269876 | 48 | 4.53175 | 16
378913172539753 | 49 | 4.53175 | 16
757826345079506 | 50 | 3.59946 | 14
1515652690159013 | 51 | 3.59946 | 14
3031305380318026 | 52 | 3.59946 | 14
6062610760636052 | 53 | 3.59946 | 14
12125221521272105 | 54 | 3.59946 | 14
24250443042544210 | 55 | 58.4163 | 4
24250443042544211 | 55 | 50.1393 | 10
757826345079507 | 50 | 4.63978e-310 | 2
23682073283735 | 45 | 3.72839 | 20
47364146567471 | 46 | 3.72839 | 20
94728293134943 | 47 | 3.72839 | 20
189456586269886 | 48 | 3.72839 | 20
378913172539773 | 49 | 3.72839 | 20
757826345079546 | 50 | 3.72839 | 20
1515652690159093 | 51 | 3.72839 | 20
3031305380318186 | 52 | 3.72839 | 20
6062610760636372 | 53 | 3.72839 | 20
12125221521272744 | 54 | 3.72839 | 20
24250443042545488 | 55 | 3.72839 | 20
48500886085090976 | 56 | 3.72839 | 20
97001772170181952 | 57 | 3.72839 | 20
194003544340363905 | 58 | 3.72839 | 20
388007088680727810 | 59 | 1.04499 | 9
388007088680727811 | 59 | 1.599 | 11
776014177361455622 | 60 | 1.599 | 11
1552028354722911245 | 61 | 1.599 | 11
3104056709445822490 | 62 | 1.599 | 11
6208113418891644981 | 63 | 1.599 | 11
-6030517235926261654 | 64 | 4.63978e-310 | 4
-6030517235926261653 | 64 | 0.65708 | 7
2960259160467 | 42 | 9.04528 | 19
5920518320935 | 43 | 9.04528 | 19
11841036641870 | 44 | 9.04528 | 19
23682073283740 | 45 | 9.04528 | 19
47364146567480 | 46 | 9.04528 | 19
94728293134960 | 47 | 9.04528 | 19
189456586269920 | 48 | 9.04528 | 19
378913172539840 | 49 | 4.63978e-310 | 4
378913172539841 | 49 | 3.64832 | 15
757826345079683 | 50 | 3.64832 | 15
1515652690159367 | 51 | 3.64832 | 15
3031305380318735 | 52 | 3.64832 | 15
6062610760637471 | 53 | 3.64832 | 15
12125221521274942 | 54 | 3.64832 | 15
24250443042549885 | 55 | 3.64832 | 15
48500886085099770 | 56 | 3.00966 | 12
97001772170199540 | 57 | 3.00966 | 12
194003544340399080 | 58 | 0.880553 | 7
194003544340399081 | 58 | 3.47293 | 5
48500886085099771 | 56 | 5.22244 | 3
705781 | 20 | 10.414 | 140
1411563 | 21 | 10.414 | 140
2823126 | 22 | 10.414 | 140
5646252 | 23 | 5.04033 | 29
11292505 | 24 | 5.04033 | 29
22585010 | 25 | 5.04033 | 29
45170021 | 26 | 5.04033 | 29
90340043 | 27 | 5.04033 | 29
180680086 | 28 | 4.63978e-310 | 10
180680087 | 28 | 3.22349 | 19
361360174 | 29 | 3.22349 | 19
722720348 | 30 | 4.63978e-310 | 10
722720349 | 30 | 4.63978e-310 | 9
5646253 | 23 | 8.92066 | 111
11292507 | 24 | 8.92066 | 111
22585014 | 25 | 8.92066 | 111
45170029 | 26 | 8.92066 | 111
90340058 | 27 | 7.80489 | 73
180680117 | 28 | 7.80489 | 73
361360234 | 29 | 5.70166 | 35
722720469 | 30 | 5.70166 | 35
1445440938 | 31 | 5.70166 | 35
2890881877 | 32 | 5.70166 | 35
5781763754 | 33 | 5.70166 | 35
11563527508 | 34 | 5.70166 | 35
23127055016 | 35 | 5.70166 | 35
46254110032 | 36 | 5.70166 | 35
92508220065 | 37 | 5.70166 | 35
185016440131 | 38 | 5.70166 | 35
370032880263 | 39 | 5.70166 | 35
740065760526 | 40 | 5.70166 | 35
1480131521053 | 41 | 5.70166 | 35
2960263042106 | 42 | 5.70166 | 35
5920526084212 | 43 | 5.09127 | 33
11841052168424 | 44 | 5.09127 | 33
23682104336849 | 45 | 5.09127 | 33
47364208673699 | 46 | 5.09127 | 33
94728417347399 | 47 | 5.09127 | 33
189456834694799 | 48 | 5.09127 | 33
378913669389598 | 49 | 5.09127 | 33
757827338779196 | 50 | 5.09127 | 33
1515654677558393 | 51 | 5.09127 | 33
3031309355116787 | 52 | 5.09127 | 33
6062618710233575 | 53 | 5.09127 | 33
12125237420467150 | 54 | 5.09127 | 33
24250474840934300 | 55 | 5.09127 | 33
48500949681868601 | 56 | 5.09127 | 33
97001899363737203 | 57 | 5.09127 | 33
194003798727474407 | 58 | 5.09127 | 33
388007597454948815 | 59 | 5.09127 | 33
776015194909897630 | 60 | 4.05348 | 22
1552030389819795260 | 61 | 19.2736 | 3
1552030389819795261 | 61 | 2.8942 | 19
3104060779639590523 | 62 | 2.8942 | 19
6208121559279181046 | 63 | 2.8942 | 19
-6030500955151189523 | 64 | 2.8942 | 19
6385742163407172570 | 65 | 2.8942 | 19
-5675259746895206476 | 66 | 2.8942 | 19
7096224579919138665 | 67 | 2.8942 | 19
-4254294913871274286 | 68 | 2.8942 | 19
-8508589827742548572 | 69 | 2.8942 | 19
1429564418224454472 | 70 | 2.8942 | 19
2859128836448908944 | 71 | 2.8942 | 19
5718257672897817889 | 72 | 2.8942 | 19
-7010228727913915838 | 73 | 0 | 1
-7010228727913915837 | 73 | 2.8942 | 18
4426286617881719943 | 74 | 2.8942 | 18
8852573235763439887 | 75 | 2.8942 | 18
-741597602182671842 | 76 | 2.74389 | 5
-741597602182671841 | 76 | 2.26261 | 13
-1483195204365343682 | 77 | 2.26261 | 13
-2966390408730687364 | 78 | 1.69958 | 5
-2966390408730687363 | 78 | 1.51989 | 8
776015194909897631 | 60 | 2.50189 | 11
1552030389819795262 | 61 | 4.63978e-310 | 10
1552030389819795263 | 61 | 4.63978e-310 | 1
5920526084213 | 43 | 4.63978e-310 | 2
361360235 | 29 | 4.36941 | 38
722720470 | 30 | 2.27977 | 15
1445440941 | 31 | 2.27977 | 15
2890881882 | 32 | 2.27977 | 15
5781763764 | 33 | 2.27977 | 15
11563527529 | 34 | 2.27977 | 15
23127055058 | 35 | 4.63978e-310 | 1
23127055059 | 35 | 2.27977 | 14
46254110118 | 36 | 4.63978e-310 | 6
46254110119 | 36 | 4.63978e-310 | 8
722720471 | 30 | 4.33243 | 23
1445440943 | 31 | 4.33243 | 23
2890881886 | 32 | 1.83064 | 11
5781763772 | 33 | 4.63978e-310 | 9
5781763773 | 33 | 4.63978e-310 | 2
2890881887 | 32 | 2.42046 | 12
5781763774 | 33 | 2.42046 | 12
11563527549 | 34 | 2.42046 | 12
23127055099 | 35 | 2.42046 | 12
46254110198 | 36 | 2.42046 | 12
92508220397 | 37 | 2.42046 | 12
185016440795 | 38 | 2.42046 | 12
370032881590 | 39 | 2.42046 | 12
740065763180 | 40 | 2.42046 | 12
1480131526360 | 41 | 2.42046 | 12
2960263052720 | 42 | 2.42046 | 12
5920526105440 | 43 | 2.42046 | 12
11841052210881 | 44 | 2.42046 | 12
23682104421763 | 45 | 2.42046 | 12
47364208843527 | 46 | 2.42046 | 12
94728417687054 | 47 | 2.42046 | 12
189456835374108 | 48 | 2.42046 | 12
378913670748217 | 49 | 2.42046 | 12
757827341496435 | 50 | 2.42046 | 12
1515654682992871 | 51 | 2.42046 | 12
3031309365985742 | 52 | 2.42046 | 12
6062618731971484 | 53 | 2.42046 | 12
12125237463942968 | 54 | 2.42046 | 12
24250474927885936 | 55 | 2.42046 | 12
48500949855771872 | 56 | 2.42046 | 12
97001899711543744 | 57 | 2.42046 | 12
194003799423087488 | 58 | 2.42046 | 12
388007598846174977 | 59 | 2.42046 | 12
776015197692349955 | 60 | 2.42046 | 12
1552030395384699911 | 61 | 2.42046 | 12
3104060790769399822 | 62 | 1.7618 | 11
6208121581538799644 | 63 | 1.7618 | 11
-6030500910631952328 | 64 | 1.7618 | 11
6385742252445646960 | 65 | 1.7618 | 11
-5675259568818257696 | 66 | 1.7618 | 11
7096224936073036224 | 67 | 1.7618 | 11
-4254294201563479168 | 68 | 1.7618 | 11
-8508588403126958335 | 69 | 1.7618 | 11
1429567267455634947 | 70 | 1.7618 | 11
2859134534911269894 | 71 | 1.27936 | 7
2859134534911269895 | 71 | 0.215566 | 4
3104060790769399823 | 62 | 4.63978e-310 | 1
90340059 | 27 | 8.87452 | 38
180680119 | 28 | 8.87452 | 38
361360238 | 29 | 8.87452 | 38
722720477 | 30 | 8.87452 | 38
1445440955 | 31 | 8.87452 | 38
2890881911 | 32 | 8.87452 | 38
5781763823 | 33 | 8.87452 | 38
11563527647 | 34 | 8.87452 | 38
23127055294 | 35 | 8.87452 | 38
46254110588 | 36 | 8.87452 | 38
92508221176 | 37 | 1.06687 | 1
92508221177 | 37 | 8.34813 | 37
185016442355 | 38 | 8.34813 | 37
370032884711 | 39 | 8.34813 | 37
740065769423 | 40 | 8.34813 | 37
1480131538847 | 41 | 8.34813 | 37
2960263077694 | 42 | 8.34813 | 37
5920526155388 | 43 | 8.34813 | 37
11841052310776 | 44 | 8.34813 | 37
23682104621552 | 45 | 8.34813 | 37
47364209243104 | 46 | 8.34813 | 37
94728418486209 | 47 | 8.34813 | 37
189456836972419 | 48 | 8.34813 | 37
378913673944838 | 49 | 2.75099 | 18
757827347889676 | 50 | 2.75099 | 18
1515654695779353 | 51 | 2.75099 | 18
3031309391558707 | 52 | 2.75099 | 18
6062618783117414 | 53 | 2.75099 | 18
12125237566234828 | 54 | 2.75099 | 18
24250475132469656 | 55 | 2.75099 | 18
48500950264939312 | 56 | 2.75099 | 18
97001900529878624 | 57 | 2.75099 | 18
194003801059757249 | 58 | 2.75099 | 18
388007602119514498 | 59 | 2.75099 | 18
776015204239028996 | 60 | 2.75099 | 18
1552030408478057992 | 61 | 1.84841 | 15
3104060816956115985 | 62 | 1.84841 | 15
6208121633912231970 | 63 | 1.84841 | 15
-6030500805885087676 | 64 | 1.84841 | 15
6385742461939376264 | 65 | 2.34529 | 5
6385742461939376265 | 65 | 0.165041 | 10
1552030408478057993 | 61 | 4.63978e-310 | 3
378913673944839 | 49 | 3.86424 | 19
757827347889678 | 50 | 3.86424 | 19
1515654695779357 | 51 | 3.86424 | 19
3031309391558714 | 52 | 3.86424 | 19
6062618783117429 | 53 | 3.86424 | 19
12125237566234858 | 54 | 3.86424 | 19
24250475132469717 | 55 | 3.86424 | 19
48500950264939434 | 56 | 3.31686 | 17
97001900529878868 | 57 | 3.31686 | 17
194003801059757736 | 58 | 3.31686 | 17
388007602119515472 | 59 | 6.25947 | 2
388007602119515473 | 59 | 2.18337 | 15
776015204239030946 | 60 | 2.18337 | 13
1552030408478061892 | 61 | 2.18337 | 13
3104060816956123784 | 62 | 7.16395e-322 | 9
3104060816956123785 | 62 | 4.12012 | 4
776015204239030947 | 60 | 4.63978e-310 | 2
48500950264939435 | 56 | 4.63978e-310 | 2
2757 | 12 | 4.63978e-310 | 6
345 | 9 | 13.8934 | 235
690 | 10 | 13.8934 | 235
1380 | 11 | 4.63978e-310 | 3
1381 | 11 | 13.3316 | 232
2763 | 12 | 13.3316 | 232
5526 | 13 | 13.3316 | 232
11052 | 14 | 11.5409 | 96
22105 | 15 | 11.5409 | 96
44210 | 16 | 4.63978e-310 | 1
44211 | 16 | 8.5204 | 95
88423 | 17 | 8.5204 | 95
176847 | 18 | 8.5204 | 95
353695 | 19 | 8.5204 | 95
707390 | 20 | 4.63978e-310 | 7
707391 | 20 | 8.15049 | 88
1414783 | 21 | 8.15049 | 88
2829567 | 22 | 8.15049 | 88
5659134 | 23 | 8.15049 | 88
11318268 | 24 | 1.58101e-322 | 8
11318269 | 24 | 7.43462 | 80
22636539 | 25 | 7.43462 | 80
45273078 | 26 | 7.43462 | 80
90546156 | 27 | 7.43462 | 80
181092313 | 28 | 7.43462 | 80
362184627 | 29 | 7.43462 | 80
724369254 | 30 | 7.43462 | 80
1448738509 | 31 | 7.43462 | 80
2897477018 | 32 | 7.43462 | 80
5794954036 | 33 | 7.43462 | 80
11589908072 | 34 | 7.43462 | 80
23179816144 | 35 | 11.3669 | 3
23179816145 | 35 | 6.53014 | 77
46359632290 | 36 | 6.53014 | 77
92719264581 | 37 | 6.53014 | 77
185438529162 | 38 | 6.53014 | 77
370877058324 | 39 | 6.36045 | 76
741754116648 | 40 | 6.36045 | 76
1483508233296 | 41 | 6.36045 | 76
2967016466593 | 42 | 6.36045 | 76
5934032933187 | 43 | 6.36045 | 76
11868065866375 | 44 | 6.36045 | 76
23736131732750 | 45 | 3.69682 | 36
47472263465501 | 46 | 3.69682 | 36
94944526931002 | 47 | 3.69682 | 36
189889053862004 | 48 | 3.69682 | 36
379778107724008 | 49 | 0.723742 | 3
379778107724009 | 49 | 3.27359 | 33
759556215448019 | 50 | 3.27359 | 33
1519112430896039 | 51 | 3.27359 | 33
3038224861792078 | 52 | 1.10934 | 10
3038224861792079 | 52 | 2.70921 | 23
6076449723584159 | 53 | 2.70921 | 23
12152899447168319 | 54 | 2.70921 | 23
24305798894336638 | 55 | 2.70921 | 23
48611597788673277 | 56 | 2.70921 | 23
97223195577346555 | 57 | 2.70921 | 23
194446391154693110 | 58 | 2.70921 | 23
388892782309386221 | 59 | 2.70921 | 23
777785564618772443 | 60 | 2.70921 | 23
1555571129237544886 | 61 | 2.05627 | 11
3111142258475089772 | 62 | 3.94025 | 10
3111142258475089773 | 62 | 3.85777 | 1
1555571129237544887 | 61 | 2.25762 | 12
3111142258475089775 | 62 | 2.25762 | 12
6222284516950179550 | 63 | 5.96008 | 1
6222284516950179551 | 63 | 1.60905 | 11
-6002175039809192514 | 64 | 3.92665 | 3
-6002175039809192513 | 64 | 0.665544 | 8
23736131732751 | 45 | 4.12643 | 40
47472263465502 | 46 | 4.12643 | 40
94944526931005 | 47 | 4.12643 | 40
189889053862010 | 48 | 4.12643 | 40
379778107724020 | 49 | 4.12643 | 40
759556215448040 | 50 | 4.12643 | 40
1519112430896080 | 51 | 3.71252 | 38
3038224861792161 | 52 | 3.71252 | 38
6076449723584322 | 53 | 3.71252 | 38
12152899447168644 | 54 | 3.71252 | 38
24305798894337288 | 55 | 3.71252 | 38
48611597788674577 | 56 | 3.71252 | 38
97223195577349155 | 57 | 3.71252 | 38
194446391154698310 | 58 | 1.05717 | 2
194446391154698311 | 58 | 3.47635 | 36
388892782309396622 | 59 | 3.47635 | 36
777785564618793244 | 60 | 2.98378 | 35
1555571129237586488 | 61 | 0.317667 | 6
1555571129237586489 | 61 | 2.98378 | 29
3111142258475172979 | 62 | 2.98378 | 29
6222284516950345959 | 63 | 2.98378 | 29
-6002175039808859698 | 64 | 2.41041 | 21
6442393994091832221 | 65 | 2.41041 | 21
-5561956085525887173 | 66 | 2.41041 | 21
7322831902657777270 | 67 | 2.41041 | 21
-3801080268393997075 | 68 | 2.41041 | 21
-7602160536787994150 | 69 | 2.41041 | 21
3242423000133563316 | 70 | 2.41041 | 21
6484846000267126632 | 71 | 2.41041 | 21
-5477052073175298351 | 72 | 2.41041 | 21
7492639927358954915 | 73 | 2.41041 | 21
-3461464218991641786 | 74 | 2.41041 | 21
-6922928437983283572 | 75 | 2.06703 | 16
4600887197742984472 | 76 | 2.06703 | 16
9201774395485968945 | 77 | 2.06703 | 16
-43195282737613726 | 78 | 2.06703 | 16
-86390565475227452 | 79 | 2.06703 | 16
-172781130950454904 | 80 | 2.06703 | 16
-345562261900909808 | 81 | 1.32005 | 4
-345562261900909807 | 81 | 1.79029 | 12
-691124523801819613 | 82 | 1.79029 | 12
-1382249047603639225 | 83 | 1.79029 | 12
-2764498095207278449 | 84 | 1.79029 | 12
-5528996190414556897 | 85 | 1.79029 | 12
7388751692880437822 | 86 | 1.79029 | 12
-3669240687948675972 | 87 | 4.79244e-322 | 8
-3669240687948675971 | 87 | 0.0290501 | 4
-6922928437983283571 | 75 | 4.63978e-310 | 5
-6002175039808859697 | 64 | 4.63978e-310 | 8
777785564618793245 | 60 | 4.63978e-310 | 1
1519112430896081 | 51 | 4.63978e-310 | 2
370877058325 | 39 | 4.63978e-310 | 1
11053 | 14 | 12.9661 | 136
22106 | 15 | 8.45769 | 88
44213 | 16 | 8.45769 | 88
88426 | 17 | 5.57765 | 49
176853 | 18 | 5.57765 | 49
353706 | 19 | 5.57765 | 49
707412 | 20 | 5.57765 | 49
1414825 | 21 | 5.57765 | 49
2829651 | 22 | 5.57765 | 49
5659302 | 23 | 5.57765 | 49
11318604 | 24 | 4.63978e-310 | 7
11318605 | 24 | 5.57765 | 42
22637210 | 25 | 5.57765 | 42
45274421 | 26 | 5.57765 | 42
90548843 | 27 | 5.57765 | 42
181097686 | 28 | 5.57765 | 42
362195372 | 29 | 5.57765 | 42
724390744 | 30 | 4.37058 | 22
1448781489 | 31 | 4.37058 | 22
2897562978 | 32 | 2.92879 | 16
5795125957 | 33 | 2.92879 | 16
11590251914 | 34 | 2.92879 | 16
23180503828 | 35 | 2.92879 | 16
46361007656 | 36 | 2.92879 | 16
92722015312 | 37 | 4.63978e-310 | 7
92722015313 | 37 | 4.63978e-310 | 9
2897562979 | 32 | 4.63978e-310 | 6
724390745 | 30 | 3.59644 | 20
1448781490 | 31 | 3.59644 | 20
2897562981 | 32 | 3.59644 | 20
5795125962 | 33 | 3.59644 | 20
11590251924 | 34 | 3.59644 | 20
23180503848 | 35 | 3.59644 | 20
46361007697 | 36 | 3.59644 | 20
92722015394 | 37 | 3.59644 | 20
185444030789 | 38 | 3.59644 | 20
370888061578 | 39 | 3.59644 | 18
741776123156 | 40 | 3.59644 | 18
1483552246312 | 41 | 3.59644 | 18
2967104492624 | 42 | 3.59644 | 18
5934208985248 | 43 | 1.58101e-322 | 4
5934208985249 | 43 | 2.20922 | 14
11868417970499 | 44 | 2.20922 | 14
23736835940999 | 45 | 2.20922 | 14
47473671881998 | 46 | 2.20922 | 13
94947343763997 | 47 | 2.20922 | 13
189894687527994 | 48 | 1.92793 | 12
379789375055988 | 49 | 4.63978e-310 | 1
379789375055989 | 49 | 1.92793 | 11
759578750111979 | 50 | 1.92793 | 11
1519157500223958 | 51 | 1.92793 | 11
3038315000447917 | 52 | 1.92793 | 11
6076630000895835 | 53 | 1.92793 | 11
12153260001791671 | 54 | 1.92793 | 11
24306520003583343 | 55 | 1.92793 | 11
48613040007166686 | 56 | 1.92793 | 11
97226080014333373 | 57 | 1.92793 | 11
194452160028666746 | 58 | 1.92793 | 11
388904320057333492 | 59 | 1.92793 | 11
777808640114666985 | 60 | 1.92793 | 11
1555617280229333970 | 61 | 5.19645 | 1
1555617280229333971 | 61 | 7.42989 | 10
189894687527995 | 48 | 4.63978e-310 | 1
47473671881999 | 46 | 4.63978e-310 | 1
370888061579 | 39 | 4.63978e-310 | 2
88427 | 17 | 5.55229 | 39
176854 | 18 | 4.63978e-310 | 7
176855 | 18 | 5.22891 | 32
353710 | 19 | 5.22891 | 32
707421 | 20 | 5.22891 | 32
1414843 | 21 | 5.22891 | 32
2829687 | 22 | 5.22891 | 32
5659375 | 23 | 5.22891 | 32
11318750 | 24 | 5.22891 | 32
22637501 | 25 | 5.22891 | 32
45275002 | 26 | 5.22891 | 32
90550004 | 27 | 5.22891 | 32
181100008 | 28 | 5.22891 | 32
362200016 | 29 | 5.22891 | 32
724400033 | 30 | 5.22891 | 32
1448800067 | 31 | 5.22891 | 32
2897600134 | 32 | 5.22891 | 32
5795200268 | 33 | 5.22891 | 32
11590400537 | 34 | 5.22891 | 32
23180801074 | 35 | 5.22891 | 32
46361602148 | 36 | 4.63978e-310 | 2
46361602149 | 36 | 5.19408 | 30
92723204298 | 37 | 5.19408 | 30
185446408596 | 38 | 2.42092e-322 | 1
185446408597 | 38 | 5.19408 | 29
370892817194 | 39 | 2.34516 | 14
741785634388 | 40 | 2.34516 | 14
1483571268776 | 41 | 2.34516 | 14
2967142537552 | 42 | 2.34516 | 11
5934285075104 | 43 | 2.34516 | 11
11868570150209 | 44 | 2.34516 | 11
23737140300418 | 45 | 14.0756 | 10
23737140300419 | 45 | 0 | 1
2967142537553 | 42 | 4.63978e-310 | 3
370892817195 | 39 | 3.8706 | 15
741785634391 | 40 | 3.8706 | 15
1483571268782 | 41 | 0.0801829 | 9
1483571268783 | 41 | 4.20376 | 6
22107 | 15 | 8.04526 | 48
44215 | 16 | 8.04526 | 48
88430 | 17 | 8.04526 | 48
176861 | 18 | 8.04526 | 48
353723 | 19 | 8.04526 | 48
707447 | 20 | 8.04526 | 48
1414895 | 21 | 8.04526 | 48
2829790 | 22 | 8.04526 | 48
5659581 | 23 | 8.04526 | 48
11319162 | 24 | 5.5976 | 31
22638324 | 25 | 3.80815 | 19
45276648 | 26 | 3.80815 | 19
90553297 | 27 | 3.80815 | 19
181106595 | 28 | 3.80815 | 19
362213191 | 29 | 3.80815 | 19
724426383 | 30 | 3.80815 | 19
1448852767 | 31 | 3.80815 | 19
2897705535 | 32 | 3.80815 | 19
5795411070 | 33 | 3.80815 | 19
11590822140 | 34 | 3.80815 | 19
23181644280 | 35 | 3.80815 | 19
46363288561 | 36 | 3.80815 | 19
92726577123 | 37 | 3.80815 | 19
185453154247 | 38 | 3.80815 | 19
370906308495 | 39 | 3.80815 | 19
741812616991 | 40 | 3.80815 | 19
1483625233982 | 41 | 3.80815 | 19
2967250467965 | 42 | 3.80815 | 19
5934500935931 | 43 | 3.80815 | 19
11869001871863 | 44 | 3.80815 | 19
23738003743727 | 45 | 3.80815 | 19
47476007487454 | 46 | 3.80815 | 19
94952014974909 | 47 | 3.80815 | 19
189904029949819 | 48 | 3.80815 | 19
379808059899638 | 49 | 3.80815 | 19
759616119799276 | 50 | 0.620712 | 1
759616119799277 | 50 | 3.09227 | 18
1519232239598555 | 51 | 3.09227 | 18
3038464479197111 | 52 | 3.09227 | 18
6076928958394223 | 53 | 3.09227 | 18
12153857916788446 | 54 | 10.1551 | 8
12153857916788447 | 54 | 8.96352 | 10
22638325 | 25 | 2.10282 | 12
45276650 | 26 | 2.10282 | 12
90553300 | 27 | 2.10282 | 11
181106600 | 28 | 4.63978e-310 | 3
181106601 | 28 | 4.63978e-310 | 8
90553301 | 27 | 4.63978e-310 | 1
11319163 | 24 | 4.01281 | 17
22638327 | 25 | 4.01281 | 17
45276654 | 26 | 4.01281 | 17
90553308 | 27 | 4.01281 | 17
181106616 | 28 | 4.63978e-310 | 2
181106617 | 28 | 4.01281 | 15
362213235 | 29 | 4.01281 | 15
724426470 | 30 | 4.01281 | 15
1448852941 | 31 | 4.01281 | 15
2897705882 | 32 | 4.01281 | 15
5795411764 | 33 | 4.01379 | 2
5795411765 | 33 | 3.13277 | 13
11590823530 | 34 | 4.63978e-310 | 8
11590823531 | 34 | 4.63978e-310 | 5
87 | 7 | 28.6686 | 910
175 | 8 | 28.6686 | 910
350 | 9 | 24.4913 | 155
700 | 10 | 24.4913 | 155
1401 | 11 | 24.4913 | 155
2803 | 12 | 24.4913 | 155
5606 | 13 | 24.4913 | 155
11212 | 14 | 16.197 | 77
22425 | 15 | 16.197 | 77
44851 | 16 | 16.197 | 77
89703 | 17 | 16.197 | 77
179407 | 18 | 16.197 | 77
358814 | 19 | 11.5837 | 28
717629 | 20 | 11.5837 | 28
1435258 | 21 | 11.5837 | 28
2870516 | 22 | 11.5837 | 28
5741033 | 23 | 11.5837 | 28
11482066 | 24 | 11.5837 | 28
22964133 | 25 | 11.5837 | 28
45928266 | 26 | 11.5837 | 28
91856532 | 27 | 2.29821 | 8
91856533 | 27 | 10.0681 | 20
183713066 | 28 | 10.0681 | 20
367426132 | 29 | 10.0681 | 20
734852265 | 30 | 10.0681 | 20
1469704531 | 31 | 10.0681 | 20
2939409062 | 32 | 4.63978e-310 | 7
2939409063 | 32 | 9.3465 | 13
5878818127 | 33 | 9.3465 | 13
11757636255 | 34 | 9.3465 | 13
23515272510 | 35 | 9.3465 | 13
47030545021 | 36 | 9.3465 | 13
94061090042 | 37 | 9.3465 | 13
188122180085 | 38 | 9.3465 | 13
376244360170 | 39 | 5.28621 | 11
752488720341 | 40 | 5.28621 | 11
1504977440682 | 41 | 5.28621 | 11
3009954881364 | 42 | 5.28621 | 11
6019909762729 | 43 | 5.28621 | 11
12039819525458 | 44 | 5.28621 | 11
24079639050917 | 45 | 5.28621 | 11
48159278101835 | 46 | 5.28621 | 11
96318556203670 | 47 | 5.28621 | 11
192637112407340 | 48 | 5.28621 | 11
385274224814680 | 49 | 5.28621 | 11
770548449629360 | 50 | 86.3123 | 2
770548449629361 | 50 | 0.783188 | 9
376244360171 | 39 | 4.63978e-310 | 2
358815 | 19 | 13.2231 | 49
717630 | 20 | 13.2231 | 49
1435260 | 21 | 13.2231 | 49
2870521 | 22 | 13.2231 | 49
5741043 | 23 | 13.2231 | 49
11482086 | 24 | 13.2231 | 48
22964172 | 25 | 11.2237 | 38
45928345 | 26 | 11.2237 | 38
91856691 | 27 | 11.2237 | 38
183713383 | 28 | 11.2237 | 38
367426766 | 29 | 11.2237 | 38
734853532 | 30 | 4.63978e-310 | 7
734853533 | 30 | 10.1508 | 31
1469707066 | 31 | 10.1508 | 31
2939414133 | 32 | 10.1508 | 31
5878828266 | 33 | 10.1508 | 31
11757656533 | 34 | 10.1508 | 31
23515313066 | 35 | 10.1508 | 31
47030626133 | 36 | 10.1508 | 31
94061252266 | 37 | 10.1508 | 31
188122504533 | 38 | 10.1508 | 31
376245009066 | 39 | 10.1508 | 31
752490018133 | 40 | 10.1508 | 31
1504980036266 | 41 | 10.1508 | 31
3009960072532 | 42 | 10.1508 | 31
6019920145065 | 43 | 10.1508 | 31
12039840290130 | 44 | 8.64067 | 26
24079680580261 | 45 | 8.64067 | 26
48159361160522 | 46 | 8.64067 | 26
96318722321044 | 47 | 77.1872 | 6
96318722321045 | 47 | 8.64067 | 20
192637444642090 | 48 | 8.64067 | 20
385274889284180 | 49 | 8.64067 | 20
770549778568360 | 50 | 8.64067 | 20
1541099557136720 | 51 | 7.85054 | 18
3082199114273441 | 52 | 7.85054 | 18
6164398228546883 | 53 | 7.85054 | 18
12328796457093766 | 54 | 7.85054 | 18
24657592914187532 | 55 | 7.85054 | 18
49315185828375064 | 56 | 7.85054 | 18
98630371656750128 | 57 | 7.85054 | 18
197260743313500257 | 58 | 7.85054 | 18
394521486627000515 | 59 | 7.85054 | 18
789042973254001030 | 60 | 7.85054 | 18
1578085946508002060 | 61 | 37.4029 | 10
1578085946508002061 | 61 | 0 | 8
1541099557136721 | 51 | 4.63978e-310 | 2
12039840290131 | 44 | 4.63978e-310 | 5
22964173 | 25 | 4.63978e-310 | 10
11482087 | 24 | 4.63978e-310 | 1
11213 | 14 | 15.3769 | 78
22426 | 15 | 15.3769 | 78
44853 | 16 | 15.3769 | 78
89706 | 17 | 9.48145 | 5
89707 | 17 | 13.1724 | 73
179414 | 18 | 13.1724 | 73
358829 | 19 | 13.1724 | 73
717658 | 20 | 13.1724 | 73
1435316 | 21 | 13.1724 | 73
2870633 | 22 | 13.1724 | 73
5741266 | 23 | 13.1724 | 73
11482533 | 24 | 13.1724 | 73
22965066 | 25 | 13.1724 | 73
45930132 | 26 | 7.62983 | 68
91860264 | 27 | 4.63978e-310 | 6
91860265 | 27 | 6.53773 | 62
183720530 | 28 | 4.63978e-310 | 4
183720531 | 28 | 6.53773 | 58
367441062 | 29 | 6.53773 | 58
734882125 | 30 | 6.53773 | 58
1469764250 | 31 | 6.53773 | 58
2939528500 | 32 | 6.53773 | 58
5879057000 | 33 | 6.53773 | 58
11758114000 | 34 | 6.53773 | 58
23516228001 | 35 | 6.53773 | 58
47032456003 | 36 | 6.53773 | 58
94064912006 | 37 | 6.53773 | 58
188129824013 | 38 | 6.53773 | 58
376259648027 | 39 | 6.53773 | 58
752519296054 | 40 | 6.53356 | 56
1505038592108 | 41 | 6.53356 | 56
3010077184216 | 42 | -0.54595 | 5
3010077184217 | 42 | 4.521 | 51
6020154368434 | 43 | 4.521 | 50
12040308736868 | 44 | 4.00514 | 36
24080617473736 | 45 | 4.00514 | 36
48161234947473 | 46 | 4.00514 | 36
96322469894946 | 47 | 4.00514 | 36
192644939789893 | 48 | 4.00514 | 36
385289879579787 | 49 | 4.00514 | 36
770579759159574 | 50 | 4.00514 | 36
1541159518319149 | 51 | 4.00514 | 36
3082319036638299 | 52 | 4.00514 | 36
6164638073276598 | 53 | 4.00514 | 36
12329276146553196 | 54 | 4.00514 | 36
24658552293106393 | 55 | 4.00514 | 36
49317104586212786 | 56 | 4.00514 | 36
98634209172425573 | 57 | 4.00514 | 36
197268418344851146 | 58 | 4.00514 | 36
394536836689702293 | 59 | 4.00514 | 36
789073673379404587 | 60 | 4.00514 | 36
1578147346758809174 | 61 | 4.00514 | 36
3156294693517618348 | 62 | 4.00514 | 36
6312589387035236696 | 63 | 4.00514 | 36
-5821565299639078224 | 64 | 4.00514 | 36
6803613474431395168 | 65 | 4.00514 | 36
-4839517124846761280 | 66 | 4.00514 | 36
8767709824016029057 | 67 | 4.00514 | 36
-911324425677493502 | 68 | 4.00514 | 36
-1822648851354987003 | 69 | 4.00514 | 36
-3645297702709974006 | 70 | 3.49587 | 15
-7290595405419948011 | 71 | 3.49587 | 15
3865553262869655594 | 72 | 3.49587 | 15
7731106525739311188 | 73 | 3.49587 | 15
-2984531022230929240 | 74 | 3.49587 | 15
-5969062044461858479 | 75 | 3.49587 | 15
6508619984785834658 | 76 | 3.49587 | 15
-5429504104137882299 | 77 | 3.49587 | 15
7587735865433787018 | 78 | 3.49587 | 15
-3271272342841977579 | 79 | 3.49587 | 15
-6542544685683955158 | 80 | 3.49587 | 15
5361654702341641300 | 81 | 3.49587 | 15
-7723434669026269015 | 82 | 3.49587 | 15
2999874735657013586 | 83 | 3.49587 | 15
5999749471314027173 | 84 | 3.49587 | 15
-6447245131081497270 | 85 | 3.49587 | 15
5552253811546557077 | 86 | 3.49587 | 15
-7342236450616437462 | 87 | 3.49587 | 15
3762271172476676693 | 88 | 3.49587 | 15
7524542344953353386 | 89 | 3.49587 | 15
-3397659383802844843 | 90 | 3.49587 | 15
-6795318767605689685 | 91 | 3.49587 | 15
4856106538498172246 | 92 | 3.49587 | 15
-8734530996713207123 | 93 | 3.49587 | 15
977682080283137370 | 94 | 3.49587 | 15
1955364160566274740 | 95 | 3.49587 | 15
3910728321132549480 | 96 | 3.49587 | 15
7821456642265098960 | 97 | 3.49587 | 15
-2803830789179353696 | 98 | 3.49587 | 15
-5607661578358707392 | 99 | 6.50892 | 8
-5607661578358707391 | 99 | 4.63978e-310 | 7
-3645297702709974005 | 70 | 4.00514 | 21
-7290595405419948010 | 71 | 4.00514 | 21
3865553262869655597 | 72 | 4.00514 | 21
7731106525739311194 | 73 | 4.00514 | 21
-2984531022230929228 | 74 | 4.00514 | 21
-5969062044461858455 | 75 | 4.00514 | 21
6508619984785834706 | 76 | 4.00514 | 20
-5429504104137882203 | 77 | 4.00514 | 20
7587735865433787210 | 78 | 4.00514 | 20
-3271272342841977196 | 79 | 4.00514 | 20
-6542544685683954391 | 80 | 4.00514 | 20
5361654702341642835 | 81 | 4.00514 | 20
-7723434669026265945 | 82 | 4.00514 | 20
2999874735657019726 | 83 | 4.00514 | 20
5999749471314039453 | 84 | 4.00514 | 20
-6447245131081472709 | 85 | 4.00514 | 20
5552253811546606199 | 86 | 4.00514 | 20
-7342236450616339218 | 87 | 4.00514 | 20
3762271172476873180 | 88 | 4.00514 | 20
7524542344953746361 | 89 | 4.00514 | 20
-3397659383802058893 | 90 | 4.00514 | 20
-6795318767604117785 | 91 | 4.00514 | 20
4856106538501316047 | 92 | 4.00514 | 20
-8734530996706919521 | 93 | 4.00514 | 20
977682080295712575 | 94 | 4.00514 | 20
1955364160591425151 | 95 | 4.00514 | 20
3910728321182850302 | 96 | 4.00514 | 20
7821456642365700604 | 97 | 4.00514 | 20
-2803830788978150407 | 98 | 4.00514 | 20
-5607661577956300814 | 99 | 4.00514 | 20
7231420917796949988 | 100 | 4.00514 | 20
-3983902238115651640 | 101 | 4.00514 | 20
-7967804476231303280 | 102 | 2.96951 | 14
2511135121246945057 | 103 | 2.96951 | 14
5022270242493890115 | 104 | 2.96951 | 14
-8402203588721771385 | 105 | 2.96951 | 14
1642336896266008847 | 106 | 2.96951 | 14
3284673792532017694 | 107 | 2.96951 | 14
6569347585064035389 | 108 | 2.96951 | 14
-5308048903581480837 | 109 | 2.96951 | 14
7830646266546589942 | 110 | 2.96951 | 14
-2785451540616371732 | 111 | 0.0561408 | 2
-2785451540616371731 | 111 | 2.00171 | 12
-5570903081232743461 | 112 | 2.00171 | 12
7304937911244064695 | 113 | 2.00171 | 12
-3836868251221422225 | 114 | 2.00171 | 12
-7673736502442844450 | 115 | 2.22137 | 2
-7673736502442844449 | 115 | 7.44427 | 10
-7967804476231303279 | 102 | 4.63978e-310 | 6
6508619984785834707 | 76 | 4.63978e-310 | 1
12040308736869 | 44 | 1.12683 | 14
24080617473738 | 45 | 4.63978e-310 | 1
24080617473739 | 45 | 1.12683 | 13
48161234947479 | 46 | 1.12683 | 13
96322469894959 | 47 | 1.12683 | 13
192644939789918 | 48 | 1.12683 | 13
385289879579837 | 49 | 1.12683 | 13
770579759159674 | 50 | 4.63978e-310 | 3
770579759159675 | 50 | 4.63978e-310 | 10
6020154368435 | 43 | 4.63978e-310 | 1
752519296055 | 40 | 4.63978e-310 | 2
45930133 | 26 | 4.63978e-310 | 5
351 | 9 | 28.5492 | 755
703 | 10 | 28.5492 | 755
1406 | 11 | 13.9417 | 73
2812 | 12 | 13.9417 | 70
5624 | 13 | 13.9417 | 70
11248 | 14 | 13.9417 | 70
22496 | 15 | 10.4774 | 37
44992 | 16 | 10.4774 | 37
89984 | 17 | 10.4774 | 37
179969 | 18 | 10.4774 | 37
359938 | 19 | 6.14555 | 16
719877 | 20 | 6.14555 | 16
1439754 | 21 | 6.14555 | 16
2879508 | 22 | 6.14555 | 15
5759017 | 23 | 6.14555 | 15
11518034 | 24 | 6.14555 | 15
23036068 | 25 | 6.14555 | 15
46072137 | 26 | 6.14555 | 15
92144275 | 27 | 6.14555 | 15
184288551 | 28 | 6.14555 | 15
368577102 | 29 | 6.14555 | 15
737154204 | 30 | 6.14555 | 15
1474308408 | 31 | 4.63978e-310 | 10
1474308409 | 31 | 4.63978e-310 | 5
2879509 | 22 | 4.63978e-310 | 1
359939 | 19 | 10.4774 | 21
719878 | 20 | 10.4774 | 21
1439756 | 21 | 10.4774 | 21
2879512 | 22 | 10.4774 | 21
5759024 | 23 | 4.63978e-310 | 1
5759025 | 23 | 8.09373 | 20
11518050 | 24 | 8.09373 | 20
23036101 | 25 | 8.09373 | 20
46072203 | 26 | 8.09373 | 20
92144407 | 27 | 8.09373 | 20
184288814 | 28 | 8.09373 | 20
368577628 | 29 | 8.09373 | 20
737155256 | 30 | 8.09373 | 20
1474310513 | 31 | 8.09373 | 20
2948621026 | 32 | 11.3041 | 3
2948621027 | 32 | 5.56149 | 17
5897242055 | 33 | 5.56149 | 17
11794484110 | 34 | 5.56149 | 17
23588968221 | 35 | 5.56149 | 17
47177936442 | 36 | 5.56149 | 17
94355872885 | 37 | 5.56149 | 17
188711745770 | 38 | 5.56149 | 17
377423491541 | 39 | 5.56149 | 17
754846983082 | 40 | 5.56149 | 17
1509693966165 | 41 | 5.56149 | 17
3019387932330 | 42 | 4.63978e-310 | 8
3019387932331 | 42 | 4.63978e-310 | 9
22497 | 15 | 10.2101 | 33
44994 | 16 | 10.2101 | 33
89989 | 17 | 10.2101 | 33
179978 | 18 | 10.2101 | 33
359957 | 19 | 10.2101 | 33
719914 | 20 | 4.63978e-310 | 1
719915 | 20 | 5.73899 | 32
1439830 | 21 | 5.73899 | 32
2879660 | 22 | 5.73899 | 32
5759320 | 23 | 5.73899 | 32
11518640 | 24 | 5.73899 | 32
23037280 | 25 | 4.63978e-310 | 5
23037281 | 25 | 4.91469 | 27
46074562 | 26 | 4.91469 | 27
92149125 | 27 | 4.91469 | 27
184298251 | 28 | 4.91469 | 27
368596503 | 29 | 4.91469 | 27
737193007 | 30 | 4.91469 | 27
1474386014 | 31 | 4.54479 | 25
2948772028 | 32 | 4.54479 | 25
5897544057 | 33 | 4.54479 | 25
11795088115 | 34 | 4.54479 | 25
23590176230 | 35 | 0.464211 | 1
23590176231 | 35 | 3.84026 | 24
47180352462 | 36 | 3.50086 | 19
94360704924 | 37 | 3.34622 | 17
188721409849 | 38 | 3.34622 | 17
377442819698 | 39 | 3.34622 | 17
754885639396 | 40 | 0.836061 | 4
754885639397 | 40 | 3.34622 | 13
1509771278794 | 41 | 4.6469 | 3
1509771278795 | 41 | 4.63978e-310 | 10
94360704925 | 37 | 4.63978e-310 | 2
47180352463 | 36 | 4.63978e-310 | 5
1474386015 | 31 | 4.63978e-310 | 2
2813 | 12 | 4.63978e-310 | 3
1407 | 11 | 23.6416 | 682
2815 | 12 | 23.6416 | 682
5630 | 13 | 18.7947 | 517
11261 | 14 | 18.7947 | 517
22522 | 15 | 9.09016 | 99
45045 | 16 | 9.09016 | 99
90091 | 17 | 9.09016 | 99
180182 | 18 | 9.09016 | 99
360364 | 19 | 9.09016 | 99
720729 | 20 | 9.09016 | 99
1441458 | 21 | 9.09016 | 99
2882916 | 22 | 8.74709 | 36
5765832 | 23 | 8.74709 | 36
11531664 | 24 | 8.74709 | 36
23063329 | 25 | 8.74709 | 36
46126658 | 26 | 0.36879 | 2
46126659 | 26 | 8.51988 | 34
92253318 | 27 | 8.51988 | 34
184506637 | 28 | 8.51988 | 34
369013274 | 29 | 8.51988 | 34
738026548 | 30 | 8.51988 | 34
1476053096 | 31 | 4.63978e-310 | 4
1476053097 | 31 | 8.32236 | 30
2952106194 | 32 | 0.435765 | 10
2952106195 | 32 | 3.15611 | 20
5904212390 | 33 | 3.15611 | 20
11808424780 | 34 | 2.86723 | 13
23616849560 | 35 | 2.86723 | 13
47233699121 | 36 | 2.86723 | 13
94467398243 | 37 | 2.86723 | 13
188934796487 | 38 | 2.86723 | 13
377869592974 | 39 | 2.48533 | 2
377869592975 | 39 | 2.30172 | 11
755739185950 | 40 | 2.30172 | 11
1511478371900 | 41 | 2.30172 | 11
3022956743800 | 42 | 2.30172 | 11
6045913487600 | 43 | 2.30172 | 11
12091826975201 | 44 | 2.30172 | 11
24183653950403 | 45 | 2.30172 | 11
48367307900807 | 46 | 2.30172 | 11
96734615801615 | 47 | 2.30172 | 11
193469231603231 | 48 | 2.30172 | 11
386938463206463 | 49 | 2.30172 | 11
773876926412926 | 50 | 2.30172 | 11
1547753852825853 | 51 | 2.30172 | 11
3095507705651706 | 52 | 2.30172 | 11
6191015411303412 | 53 | 3.3484 | 2
6191015411303413 | 53 | 1.61675 | 9
11808424781 | 34 | 4.63978e-310 | 7
2882917 | 22 | 7.33335 | 63
5765834 | 23 | 7.33335 | 63
11531668 | 24 | 7.33335 | 63
23063336 | 25 | 7.16809 | 62
46126673 | 26 | 7.16809 | 62
92253347 | 27 | 7.16809 | 62
184506694 | 28 | 7.16809 | 62
369013388 | 29 | 7.16809 | 62
738026777 | 30 | 7.16809 | 62
1476053555 | 31 | 7.16809 | 62
2952107111 | 32 | 7.16809 | 62
5904214222 | 33 | 7.16809 | 62
11808428444 | 34 | 7.16809 | 62
23616856888 | 35 | 4.77597 | 61
47233713777 | 36 | 4.77597 | 61
94467427554 | 37 | 4.77597 | 61
188934855108 | 38 | 4.77597 | 61
377869710216 | 39 | 4.77597 | 61
755739420432 | 40 | 3.61784 | 48
1511478840864 | 41 | 3.61784 | 38
3022957681728 | 42 | 4.63978e-310 | 6
3022957681729 | 42 | 2.52384 | 32
6045915363458 | 43 | 2.41304 | 20
12091830726916 | 44 | 2.41304 | 20
24183661453832 | 45 | 0 | 1
24183661453833 | 45 | 2.19761 | 19
48367322907666 | 46 | 2.19761 | 19
96734645815332 | 47 | 2.19761 | 19
193469291630665 | 48 | 2.19761 | 19
386938583261330 | 49 | 2.19761 | 19
773877166522660 | 50 | 2.19761 | 19
1547754333045320 | 51 | 6.90513e-310 | 7
1547754333045321 | 51 | 1.84441 | 12
3095508666090642 | 52 | 1.84441 | 12
6191017332181285 | 53 | 1.84441 | 12
12382034664362571 | 54 | 1.84441 | 12
24764069328725142 | 55 | 1.84441 | 12
49528138657450284 | 56 | 1.84441 | 12
99056277314900568 | 57 | 2.59061 | 7
99056277314900569 | 57 | 0.467433 | 5
6045915363459 | 43 | 1.41737 | 12
12091830726918 | 44 | 1.41737 | 12
24183661453836 | 45 | 1.41737 | 12
48367322907673 | 46 | 1.41737 | 12
96734645815347 | 47 | 1.41737 | 12
193469291630694 | 48 | 1.41737 | 12
386938583261389 | 49 | 1.41737 | 12
773877166522779 | 50 | 1.41737 | 12
1547754333045558 | 51 | 1.41737 | 12
3095508666091117 | 52 | 1.41737 | 12
6191017332182235 | 53 | 1.41737 | 12
12382034664364470 | 54 | 0.296775 | 6
12382034664364471 | 54 | 0.0541231 | 6
1511478840865 | 41 | 4.63978e-310 | 10
755739420433 | 40 | 3.07104 | 13
1511478840867 | 41 | 3.07104 | 13
3022957681734 | 42 | 3.07104 | 13
6045915363469 | 43 | 3.07104 | 13
12091830726938 | 44 | 2.6098 | 11
24183661453877 | 45 | 2.6098 | 11
48367322907754 | 46 | 1.00705 | 9
48367322907755 | 46 | 1.29557 | 2
12091830726939 | 44 | 4.63978e-310 | 2
23616856889 | 35 | 4.63978e-310 | 1
23063337 | 25 | 4.63978e-310 | 1
22523 | 15 | 17.2568 | 418
45047 | 16 | 17.2568 | 418
90094 | 17 | 17.2568 | 418
180188 | 18 | 10.4164 | 126
360377 | 19 | 10.4164 | 126
720755 | 20 | 10.4164 | 126
1441511 | 21 | 10.4164 | 126
2883022 | 22 | 10.4164 | 126
5766044 | 23 | 7.59746 | 104
11532089 | 24 | 7.59746 | 104
23064179 | 25 | 7.59746 | 104
46128358 | 26 | 7.59746 | 104
92256716 | 27 | 7.59746 | 104
184513433 | 28 | 7.59746 | 104
369026867 | 29 | 7.59746 | 104
738053734 | 30 | 7.59746 | 104
1476107468 | 31 | 7.59746 | 104
2952214936 | 32 | 7.59746 | 104
5904429873 | 33 | 7.59746 | 104
11808859746 | 34 | 7.59746 | 104
23617719493 | 35 | 7.59746 | 104
47235438987 | 36 | 7.59746 | 104
94470877974 | 37 | 3.344 | 28
188941755949 | 38 | 3.344 | 28
377883511898 | 39 | 0.167589 | 8
377883511899 | 39 | 3.01651 | 20
755767023798 | 40 | 3.01651 | 20
1511534047597 | 41 | 3.01651 | 20
3023068095195 | 42 | 3.01651 | 20
6046136190390 | 43 | 3.01651 | 20
12092272380780 | 44 | 3.01651 | 20
24184544761560 | 45 | 3.01651 | 20
48369089523120 | 46 | 1.7866 | 8
48369089523121 | 46 | 2.25505 | 12
96738179046243 | 47 | 2.25505 | 12
193476358092487 | 48 | 2.25505 | 12
386952716184974 | 49 | 2.25505 | 12
773905432369949 | 50 | 2.25505 | 12
1547810864739899 | 51 | 2.25505 | 12
3095621729479799 | 52 | 2.25505 | 12
6191243458959599 | 53 | 2.25505 | 12
12382486917919198 | 54 | 2.25505 | 12
24764973835838396 | 55 | 2.25505 | 12
49529947671676792 | 56 | 2.25505 | 12
99059895343353584 | 57 | 2.25505 | 12
198119790686707168 | 58 | 2.25505 | 12
396239581373414336 | 59 | 2.25505 | 12
792479162746828673 | 60 | 2.25505 | 12
1584958325493657346 | 61 | 0 | 9
1584958325493657347 | 61 | 1.26865 | 3
94470877975 | 37 | 4.49171 | 76
188941755950 | 38 | 4.49171 | 76
377883511900 | 39 | 4.49171 | 76
755767023800 | 40 | 4.49171 | 76
1511534047600 | 41 | 2.93665 | 20
3023068095201 | 42 | 2.93665 | 20
6046136190402 | 43 | 2.93665 | 20
12092272380804 | 44 | 2.93665 | 20
24184544761608 | 45 | 1.01356 | 2
24184544761609 | 45 | 2.93665 | 18
48369089523219 | 46 | 2.93665 | 18
96738179046438 | 47 | 2.93665 | 18
193476358092876 | 48 | 2.93665 | 18
386952716185752 | 49 | 2.3092 | 13
773905432371504 | 50 | 2.3092 | 13
1547810864743008 | 51 | 2.3092 | 13
3095621729486017 | 52 | 2.3092 | 13
6191243458972035 | 53 | 2.3092 | 13
12382486917944071 | 54 | 2.3092 | 13
24764973835888142 | 55 | 2.79881 | 1
24764973835888143 | 55 | 1.9239 | 12
49529947671776287 | 56 | 1.9239 | 12
99059895343552575 | 57 | 1.9239 | 12
198119790687105150 | 58 | 1.9239 | 12
396239581374210300 | 59 | 1.9239 | 12
792479162748420600 | 60 | 1.9239 | 12
1584958325496841200 | 61 | 0.0418467 | 3
1584958325496841201 | 61 | 0 | 9
386952716185753 | 49 | 4.63978e-310 | 5
1511534047601 | 41 | 4.20032 | 56
3023068095203 | 42 | 4.20032 | 56
6046136190407 | 43 | 4.20032 | 56
12092272380815 | 44 | 4.20032 | 56
24184544761630 | 45 | 4.20032 | 56
48369089523261 | 46 | 4.20032 | 56
96738179046523 | 47 | 4.20032 | 56
193476358093046 | 48 | 3.78742 | 26
386952716186092 | 49 | 3.78742 | 26
773905432372185 | 50 | 3.78742 | 26
1547810864744371 | 51 | 3.78742 | 26
3095621729488743 | 52 | 3.78742 | 26
6191243458977487 | 53 | 3.78742 | 26
12382486917954974 | 54 | 3.78742 | 26
24764973835909949 | 55 | 3.78742 | 26
49529947671819898 | 56 | 3.78742 | 26
99059895343639797 | 57 | 3.78742 | 26
198119790687279594 | 58 | 3.78742 | 26
396239581374559188 | 59 | 3.78742 | 26
792479162749118376 | 60 | 3.78742 | 26
1584958325498236752 | 61 | 3.78742 | 26
3169916650996473504 | 62 | 3.78742 | 26
6339833301992947009 | 63 | 3.78742 | 26
-5767077469723657598 | 64 | 3.78742 | 26
6912589134262236420 | 65 | 3.78742 | 26
-4621565805185078775 | 66 | 3.78742 | 26
9203612463339394067 | 67 | 3.78742 | 26
-39519147030763481 | 68 | 3.78742 | 26
-79038294061526961 | 69 | 3.78742 | 26
-158076588123053922 | 70 | 3.78742 | 26
-316153176246107844 | 71 | 3.78742 | 26
-632306352492215688 | 72 | 3.41785 | 13
-1264612704984431376 | 73 | 3.41785 | 13
-2529225409968862752 | 74 | 3.41785 | 13
-5058450819937725504 | 75 | 3.41785 | 13
8329842433834100608 | 76 | 3.41785 | 13
-1787059206041350400 | 77 | 3.41785 | 13
-3574118412082700799 | 78 | 3.41785 | 13
-7148236824165401598 | 79 | 1.10842 | 1
-7148236824165401597 | 79 | 3.14482 | 12
4150270425378748422 | 80 | 3.14482 | 12
8300540850757496845 | 81 | 3.14482 | 12
-1845662372194557926 | 82 | 0 | 8
-1845662372194557925 | 82 | 1.37172 | 4
-632306352492215687 | 72 | 3.3439 | 13
-1264612704984431374 | 73 | 3.3439 | 13
-2529225409968862748 | 74 | 3.3439 | 13
-5058450819937725496 | 75 | 3.3439 | 12
8329842433834100625 | 76 | 3.3439 | 12
-1787059206041350366 | 77 | 3.3439 | 12
-3574118412082700732 | 78 | 3.3439 | 12
-7148236824165401464 | 79 | 3.3439 | 12
4150270425378748689 | 80 | 3.3439 | 12
8300540850757497378 | 81 | 3.3439 | 12
-1845662372194556860 | 82 | 3.63746 | 8
-1845662372194556859 | 82 | 0.517439 | 4
-5058450819937725495 | 75 | 4.63978e-310 | 1
193476358093047 | 48 | 3.8837 | 30
386952716186095 | 49 | 3.8837 | 30
773905432372190 | 50 | 3.8837 | 30
1547810864744381 | 51 | 3.8837 | 30
3095621729488762 | 52 | 3.8837 | 30
6191243458977525 | 53 | 3.8837 | 30
12382486917955050 | 54 | 3.8837 | 30
24764973835910100 | 55 | 3.8837 | 30
49529947671820201 | 56 | 3.8837 | 30
99059895343640403 | 57 | 3.8837 | 30
198119790687280806 | 58 | 4.63978e-310 | 2
198119790687280807 | 58 | 3.03908 | 28
396239581374561614 | 59 | 3.03908 | 28
792479162749123229 | 60 | 3.03908 | 28
1584958325498246459 | 61 | 3.03908 | 28
3169916650996492919 | 62 | 3.03908 | 28
6339833301992985839 | 63 | 3.03908 | 28
-5767077469723579937 | 64 | 3.03908 | 28
6912589134262391743 | 65 | 3.03908 | 28
-4621565805184768130 | 66 | 4.63978e-310 | 6
-4621565805184768129 | 66 | 2.59639 | 22
9203612463340015358 | 67 | 2.59639 | 22
-39519147029520900 | 68 | 2.59639 | 22
-79038294059041799 | 69 | 2.59639 | 22
-158076588118083598 | 70 | 2.59639 | 22
-316153176236167196 | 71 | 2.59639 | 22
-632306352472334392 | 72 | 2.48975 | 15
-1264612704944668784 | 73 | 2.48975 | 15
-2529225409889337567 | 74 | 2.48975 | 15
-5058450819778675133 | 75 | 2.48975 | 15
8329842434152201350 | 76 | 2.48975 | 15
-1787059205405148916 | 77 | 2.48975 | 15
-3574118410810297832 | 78 | 2.48975 | 15
-7148236821620595663 | 79 | 2.48975 | 15
4150270430468360290 | 80 | 2.48975 | 15
8300540860936720580 | 81 | 2.48975 | 15
-1845662351836110456 | 82 | 2.48975 | 15
-3691324703672220912 | 83 | 2.48975 | 15
-7382649407344441824 | 84 | 2.48975 | 15
3681445259020667969 | 85 | 2.48975 | 15
7362890518041335939 | 86 | 2.48975 | 15
-3720963037626879738 | 87 | 2.48975 | 15
-7441926075253759476 | 88 | 5.73553 | 10
-7441926075253759475 | 88 | 1.54398 | 5
-632306352472334391 | 72 | 4.63978e-310 | 7
5766045 | 23 | 3.92046 | 22
11532090 | 24 | 3.92046 | 22
23064180 | 25 | 3.24609 | 18
46128360 | 26 | 3.24609 | 18
92256720 | 27 | 3.24609 | 18
184513440 | 28 | 3.24609 | 18
369026880 | 29 | 3.24609 | 18
738053761 | 30 | 3.24609 | 18
1476107522 | 31 | 4.63978e-310 | 1
1476107523 | 31 | 3.04817 | 17
2952215047 | 32 | 3.04817 | 17
5904430095 | 33 | 3.04817 | 17
11808860191 | 34 | 3.04817 | 17
23617720383 | 35 | 3.04817 | 17
47235440766 | 36 | 3.04817 | 17
94470881532 | 37 | 3.04817 | 17
188941763064 | 38 | 3.04817 | 17
377883526128 | 39 | 3.04817 | 17
755767052257 | 40 | 3.04817 | 17
1511534104515 | 41 | 3.04817 | 17
3023068209030 | 42 | 2.56127 | 14
6046136418061 | 43 | 2.56127 | 14
12092272836123 | 44 | 2.56127 | 14
24184545672246 | 45 | 2.56127 | 14
48369091344492 | 46 | 2.56127 | 14
96738182688984 | 47 | 2.56127 | 14
193476365377968 | 48 | 2.56127 | 14
386952730755936 | 49 | 0.0747035 | 10
386952730755937 | 49 | 2.6616 | 4
3023068209031 | 42 | 4.63978e-310 | 3
23064181 | 25 | 4.63978e-310 | 4
180189 | 18 | 15.9377 | 292
360378 | 19 | 15.9377 | 292
720756 | 20 | 15.9377 | 292
1441512 | 21 | 15.9377 | 292
2883024 | 22 | 15.9377 | 292
5766048 | 23 | 11.0696 | 206
11532096 | 24 | 7.08492 | 55
23064193 | 25 | 7.08492 | 55
46128387 | 26 | 7.08492 | 55
92256775 | 27 | 7.08492 | 55
184513551 | 28 | 7.08492 | 55
369027103 | 29 | 7.08492 | 55
738054206 | 30 | 1.58101e-322 | 2
738054207 | 30 | 7.08492 | 53
1476108414 | 31 | 1.63042e-322 | 5
1476108415 | 31 | 6.5685 | 48
2952216831 | 32 | 6.5685 | 48
5904433662 | 33 | 6.5685 | 48
11808867324 | 34 | 3.7262 | 33
23617734648 | 35 | 3.7262 | 33
47235469296 | 36 | 4.63978e-310 | 9
47235469297 | 36 | 3.7262 | 24
94470938594 | 37 | 1.27073 | 13
188941877188 | 38 | 1.27073 | 13
377883754377 | 39 | 1.27073 | 13
755767508754 | 40 | 1.27073 | 13
1511535017508 | 41 | 1.27073 | 13
3023070035016 | 42 | 1.27073 | 13
6046140070032 | 43 | 1.27073 | 13
12092280140064 | 44 | 1.27073 | 13
24184560280128 | 45 | 1.27073 | 13
48369120560256 | 46 | 1.27073 | 13
96738241120512 | 47 | 1.27073 | 13
193476482241025 | 48 | 1.27073 | 13
386952964482050 | 49 | 2.42092e-322 | 2
386952964482051 | 49 | 0.938117 | 11
773905928964103 | 50 | 0.938117 | 11
1547811857928207 | 51 | 0.938117 | 11
3095623715856415 | 52 | 0.938117 | 11
6191247431712830 | 53 | 0.938117 | 11
12382494863425660 | 54 | 0.938117 | 11
24764989726851320 | 55 | 0.938117 | 11
49529979453702640 | 56 | 0.938117 | 11
99059958907405281 | 57 | 0.938117 | 11
198119917814810563 | 58 | 0.938117 | 11
396239835629621127 | 59 | 0.938117 | 11
792479671259242255 | 60 | 0.938117 | 11
1584959342518484510 | 61 | 0.145938 | 8
1584959342518484511 | 61 | 0 | 3
94470938595 | 37 | 2.36566 | 11
188941877190 | 38 | 4.63978e-310 | 4
188941877191 | 38 | 4.63978e-310 | 7
11808867325 | 34 | 1.53161 | 15
23617734650 | 35 | 1.53161 | 15
47235469301 | 36 | 1.53161 | 15
94470938603 | 37 | 1.53161 | 15
188941877206 | 38 | 4.63978e-310 | 1
188941877207 | 38 | 1.53161 | 14
377883754414 | 39 | 1.53161 | 14
755767508828 | 40 | 1.41162 | 13
1511535017656 | 41 | 1.41162 | 13
3023070035312 | 42 | 1.41162 | 13
6046140070624 | 43 | 2.54317 | 2
6046140070625 | 43 | 1.06767 | 11
12092280141250 | 44 | 1.06767 | 11
24184560282500 | 45 | 1.06767 | 11
48369120565001 | 46 | 1.06767 | 11
96738241130002 | 47 | 4.63978e-310 | 2
96738241130003 | 47 | 4.63978e-310 | 9
755767508829 | 40 | 4.63978e-310 | 1
11532097 | 24 | 10.5985 | 151
23064194 | 25 | 7.08063 | 40
46128389 | 26 | 7.08063 | 40
92256779 | 27 | 7.08063 | 40
184513558 | 28 | 7.08063 | 40
369027116 | 29 | 32.7484 | 1
369027117 | 29 | 4.6227 | 39
738054235 | 30 | 4.6227 | 39
1476108471 | 31 | 4.6227 | 39
2952216942 | 32 | 4.6227 | 39
5904433885 | 33 | 4.6227 | 39
11808867771 | 34 | 4.6227 | 39
23617735543 | 35 | 4.6227 | 39
47235471087 | 36 | 4.6227 | 39
94470942174 | 37 | 34.8436 | 8
94470942175 | 37 | 4.08097 | 31
188941884350 | 38 | 6.90063 | 4
188941884351 | 38 | 2.97478 | 27
377883768703 | 39 | 2.97478 | 27
755767537406 | 40 | 2.97478 | 27
1511535074812 | 41 | 2.97478 | 27
3023070149624 | 42 | 2.97478 | 27
6046140299248 | 43 | 4.63978e-310 | 2
6046140299249 | 43 | 2.70539 | 25
12092280598499 | 44 | 2.70539 | 25
24184561196998 | 45 | 2.70539 | 25
48369122393996 | 46 | 2.70539 | 25
96738244787992 | 47 | 2.70539 | 25
193476489575984 | 48 | 1.42661 | 11
386952979151968 | 49 | 1.42661 | 11
773905958303936 | 50 | 0.0177234 | 10
773905958303937 | 50 | 0.450799 | 1
193476489575985 | 48 | 1.68819 | 14
386952979151970 | 49 | 1.68819 | 14
773905958303941 | 50 | 1.68819 | 14
1547811916607883 | 51 | 1.68819 | 14
3095623833215767 | 52 | 1.68819 | 14
6191247666431534 | 53 | 1.68819 | 14
12382495332863068 | 54 | 1.68819 | 14
24764990665726137 | 55 | 1.68819 | 14
49529981331452274 | 56 | 1.68819 | 14
99059962662904548 | 57 | 1.68819 | 14
198119925325809096 | 58 | 0.110834 | 6
198119925325809097 | 58 | 0.0177234 | 8
23064195 | 25 | 10.5985 | 111
46128391 | 26 | 10.5985 | 111
92256782 | 27 | 10.5985 | 111
184513565 | 28 | 10.5985 | 111
369027130 | 29 | 8.74556 | 94
738054261 | 30 | 8.74556 | 94
1476108522 | 31 | 4.63978e-310 | 10
1476108523 | 31 | 8.74556 | 84
2952217046 | 32 | 8.74556 | 84
5904434092 | 33 | 6.71324 | 83
11808868184 | 34 | 6.71324 | 83
23617736368 | 35 | 6.71324 | 83
47235472737 | 36 | 6.71324 | 83
94470945474 | 37 | 6.71324 | 83
188941890948 | 38 | 6.71324 | 83
377883781896 | 39 | 6.71324 | 83
755767563792 | 40 | 6.71324 | 83
1511535127584 | 41 | 5.26511 | 58
3023070255168 | 42 | 5.15452 | 45
6046140510336 | 43 | 5.15452 | 45
12092281020673 | 44 | 5.15452 | 45
24184562041347 | 45 | 5.15452 | 45
48369124082695 | 46 | 5.15452 | 45
96738248165390 | 47 | 5.15452 | 45
193476496330780 | 48 | 5.15452 | 45
386952992661560 | 49 | 1.4827 | 9
386952992661561 | 49 | 4.51119 | 36
773905985323122 | 50 | 4.51119 | 36
1547811970646244 | 51 | 4.51119 | 18
3095623941292489 | 52 | 4.51119 | 18
6191247882584978 | 53 | 4.51119 | 18
12382495765169957 | 54 | 4.51119 | 18
24764991530339914 | 55 | 4.51119 | 18
49529983060679828 | 56 | 2.54101 | 3
49529983060679829 | 56 | 3.26233 | 15
99059966121359658 | 57 | 3.26233 | 15
198119932242719316 | 58 | 3.26233 | 15
396239864485438632 | 59 | 1.16989 | 4
396239864485438633 | 59 | 2.07533 | 11
792479728970877267 | 60 | 2.07533 | 11
1584959457941754534 | 61 | 2.07533 | 11
3169918915883509068 | 62 | 2.07533 | 11
6339837831767018137 | 63 | 2.07533 | 11
-5767068410175515341 | 64 | 2.07533 | 11
6912607253358520934 | 65 | 2.07533 | 11
-4621529566992509747 | 66 | 2.07533 | 11
9203684939724532122 | 67 | 2.07533 | 11
-39374194260487372 | 68 | 2.07533 | 11
-78748388520974744 | 69 | 2.07533 | 11
-157496777041949487 | 70 | 2.07533 | 11
-314993554083898974 | 71 | 4.63978e-310 | 10
-314993554083898973 | 71 | 4.63978e-310 | 1
1547811970646245 | 51 | 3.66782 | 18
3095623941292491 | 52 | 3.66782 | 18
6191247882584982 | 53 | 3.66782 | 18
12382495765169965 | 54 | 3.66782 | 18
24764991530339931 | 55 | 3.66782 | 18
49529983060679863 | 56 | 3.66782 | 18
99059966121359727 | 57 | 3.66782 | 18
198119932242719455 | 58 | 3.66782 | 18
396239864485438910 | 59 | 3.66782 | 18
792479728970877820 | 60 | 3.66782 | 18
1584959457941755641 | 61 | 3.66782 | 18
3169918915883511282 | 62 | 4.63978e-310 | 1
3169918915883511283 | 62 | 3.52278 | 17
6339837831767022567 | 63 | 3.52278 | 17
-5767068410175506482 | 64 | 3.52278 | 17
6912607253358538652 | 65 | 3.52278 | 17
-4621529566992474312 | 66 | 3.52278 | 17
9203684939724602993 | 67 | 3.52278 | 17
-39374194260345630 | 68 | 2.67752 | 15
-78748388520691260 | 69 | 2.67752 | 15
-157496777041382520 | 70 | 2.67752 | 15
-314993554082765040 | 71 | 2.67752 | 15
-629987108165530079 | 72 | 2.67752 | 15
-1259974216331060158 | 73 | 2.67752 | 15
-2519948432662120316 | 74 | 2.67752 | 15
-5039896865324240632 | 75 | 2.67752 | 15
8366950343061070353 | 76 | 2.67752 | 15
-1712843387587410909 | 77 | 2.67752 | 15
-3425686775174821818 | 78 | 2.67752 | 15
-6851373550349643635 | 79 | 2.67752 | 15
4743996973010264346 | 80 | 2.67752 | 15
-8958750127689022924 | 81 | 2.67752 | 15
529243818331505768 | 82 | 2.67752 | 15
1058487636663011537 | 83 | 2.67752 | 15
2116975273326023074 | 84 | 2.67752 | 15
4233950546652046148 | 85 | 2.67752 | 15
8467901093304092296 | 86 | 2.86102 | 2
8467901093304092297 | 86 | 2.25511 | 13
-1510941887101367021 | 87 | 2.25511 | 13
-3021883774202734041 | 88 | 2.25511 | 13
-6043767548405468082 | 89 | 6.69489 | 8
-6043767548405468081 | 89 | 4.96966 | 5
-39374194260345629 | 68 | 4.63978e-310 | 2
3023070255169 | 42 | 2.77868 | 13
6046140510338 | 43 | 2.77868 | 13
12092281020677 | 44 | 2.77868 | 13
24184562041354 | 45 | 4.63978e-310 | 8
24184562041355 | 45 | 4.63978e-310 | 5
1511535127585 | 41 | 2.31798 | 25
3023070255171 | 42 | 2.31798 | 25
6046140510343 | 43 | 2.31798 | 25
12092281020687 | 44 | 2.31798 | 25
24184562041374 | 45 | 2.31798 | 25
48369124082749 | 46 | 2.31798 | 25
96738248165498 | 47 | 2.31798 | 25
193476496330996 | 48 | 4.63978e-310 | 9
193476496330997 | 48 | 1.77011 | 16
386952992661994 | 49 | 1.77011 | 16
773905985323989 | 50 | 1.77011 | 16
1547811970647979 | 51 | 1.77011 | 16
3095623941295959 | 52 | 1.77011 | 16
6191247882591919 | 53 | 1.77011 | 16
12382495765183839 | 54 | 1.77011 | 16
24764991530367679 | 55 | 1.77011 | 16
49529983060735358 | 56 | 1.85992 | 3
49529983060735359 | 56 | 1.46105 | 13
99059966121470719 | 57 | 1.46105 | 13
198119932242941438 | 58 | 4.63978e-310 | 9
198119932242941439 | 58 | 0.167639 | 4
5904434093 | 33 | 4.63978e-310 | 1
369027131 | 29 | 7.63935 | 17
738054262 | 30 | 4.63978e-310 | 2
738054263 | 30 | 7.45483 | 15
1476108527 | 31 | 7.45483 | 15
2952217054 | 32 | 4.63978e-310 | 9
2952217055 | 32 | 4.63978e-310 | 6
5766049 | 23 | 10.7288 | 86
11532099 | 24 | 10.7288 | 86
23064199 | 25 | 10.7288 | 86
46128399 | 26 | 10.7288 | 86
92256798 | 27 | 10.7288 | 86
184513596 | 28 | 10.7288 | 86
369027193 | 29 | 10.7288 | 86
738054387 | 30 | 10.7288 | 86
1476108775 | 31 | 10.7288 | 86
2952217551 | 32 | 10.7288 | 86
5904435102 | 33 | 4.63978e-310 | 10
5904435103 | 33 | 9.64182 | 76
11808870206 | 34 | 9.64182 | 76
23617740413 | 35 | 9.64182 | 76
47235480826 | 36 | 9.64182 | 76
94470961653 | 37 | 9.64182 | 76
188941923307 | 38 | 9.64182 | 76
377883846614 | 39 | 9.64182 | 76
755767693228 | 40 | 9.64182 | 76
1511535386456 | 41 | 9.64182 | 76
3023070772912 | 42 | 7.67491 | 49
6046141545825 | 43 | 7.67491 | 49
12092283091651 | 44 | 7.67491 | 49
24184566183302 | 45 | 7.67491 | 49
48369132366605 | 46 | 7.67491 | 49
96738264733210 | 47 | 7.67491 | 49
193476529466420 | 48 | 7.67491 | 49
386953058932840 | 49 | 7.67491 | 49
773906117865680 | 50 | 7.67491 | 49
1547812235731361 | 51 | 7.67491 | 49
3095624471462723 | 52 | 7.67491 | 49
6191248942925447 | 53 | 7.67491 | 49
12382497885850894 | 54 | 7.67491 | 49
24764995771701789 | 55 | 7.67491 | 49
49529991543403579 | 56 | 7.67491 | 49
99059983086807159 | 57 | 7.67491 | 49
198119966173614319 | 58 | 7.67491 | 49
396239932347228638 | 59 | 7.67491 | 49
792479864694457276 | 60 | 7.45354 | 45
1584959729388914552 | 61 | 6.32177 | 30
3169919458777829105 | 62 | 6.32177 | 30
6339838917555658210 | 63 | 6.32177 | 30
-5767066238598235196 | 64 | 6.32177 | 30
6912611596513081224 | 65 | 6.32177 | 30
-4621520880683389167 | 66 | 6.32177 | 30
9203702312342773282 | 67 | 6.32177 | 30
-39339449024005052 | 68 | 6.32177 | 30
-78678898048010103 | 69 | 6.32177 | 30
-157357796096020206 | 70 | 2.82118 | 12
-314715592192040412 | 71 | 4.63978e-310 | 8
-314715592192040411 | 71 | 4.63978e-310 | 4
-157357796096020205 | 70 | 4.68945 | 18
-314715592192040409 | 71 | 4.68945 | 18
-629431184384080818 | 72 | 4.68945 | 18
-1258862368768161636 | 73 | 4.68945 | 18
-2517724737536323272 | 74 | 1.93466 | 1
-2517724737536323271 | 74 | 2.97358 | 17
-5035449475072646542 | 75 | 2.97358 | 17
8375845123564258532 | 76 | 2.97358 | 17
-1695053826581034552 | 77 | 2.97358 | 17
-3390107653162069104 | 78 | 0.583247 | 3
-3390107653162069103 | 78 | 2.76292 | 14
-6780215306324138206 | 79 | 2.65156 | 12
4886313461061275204 | 80 | 2.65156 | 12
-8674117151587001208 | 81 | 2.65156 | 12
1098509770535549200 | 82 | 2.65156 | 12
2197019541071098401 | 83 | 2.65156 | 12
4394039082142196802 | 84 | 2.02454 | 11
8788078164284393604 | 85 | 2.02454 | 11
-870587745140764407 | 86 | 2.02454 | 11
-1741175490281528814 | 87 | 2.02454 | 11
-3482350980563057627 | 88 | 2.02454 | 11
-6964701961126115253 | 89 | 2.02454 | 11
4517340151457321111 | 90 | 2.02454 | 11
9034680302914642222 | 91 | 2.02454 | 11
-377383467880267172 | 92 | 4.63978e-310 | 8
-377383467880267171 | 92 | 30.4315 | 3
4394039082142196803 | 84 | 4.63978e-310 | 1
-6780215306324138205 | 79 | 4.63978e-310 | 2
1584959729388914553 | 61 | 3.50018 | 15
3169919458777829107 | 62 | 3.50018 | 15
6339838917555658214 | 63 | 3.50018 | 15
-5767066238598235187 | 64 | 3.50018 | 15
6912611596513081243 | 65 | 3.50018 | 15
-4621520880683389129 | 66 | 3.50018 | 15
9203702312342773359 | 67 | 3.50018 | 15
-39339449024004898 | 68 | 3.50018 | 15
-78678898048009796 | 69 | 3.50018 | 15
-157357796096019592 | 70 | 4.63978e-310 | 10
-157357796096019591 | 70 | 4.63978e-310 | 5
792479864694457277 | 60 | 4.63978e-310 | 4
3023070772913 | 42 | 6.91183 | 27
6046141545826 | 43 | 6.91183 | 27
12092283091652 | 44 | 6.91183 | 27
24184566183305 | 45 | 6.91183 | 27
48369132366611 | 46 | 6.91183 | 27
96738264733223 | 47 | 6.91183 | 27
193476529466447 | 48 | 6.91183 | 27
386953058932895 | 49 | 6.91183 | 27
773906117865790 | 50 | 6.91183 | 27
1547812235731580 | 51 | 6.91183 | 27
3095624471463161 | 52 | 6.91183 | 27
6191248942926322 | 53 | 6.91183 | 27
12382497885852645 | 54 | 6.91183 | 27
24764995771705291 | 55 | 6.91183 | 27
49529991543410583 | 56 | 6.91183 | 27
99059983086821167 | 57 | 6.91183 | 27
198119966173642334 | 58 | 6.91183 | 27
396239932347284669 | 59 | 6.91183 | 27
792479864694569338 | 60 | 5.94424 | 12
1584959729389138677 | 61 | 5.94424 | 12
3169919458778277355 | 62 | 5.94424 | 12
6339838917556554711 | 63 | 5.94424 | 12
-5767066238596442194 | 64 | 5.94424 | 12
6912611596516667228 | 65 | 5.94424 | 12
-4621520880676217160 | 66 | 5.94424 | 12
9203702312357117296 | 67 | 5.94424 | 12
-39339448995317024 | 68 | 5.94424 | 12
-78678897990634047 | 69 | 5.94424 | 12
-157357795981268094 | 70 | 5.94424 | 12
-314715591962536188 | 71 | 5.94424 | 12
-629431183925072375 | 72 | 5.94424 | 12
-1258862367850144750 | 73 | 2.52104 | 8
-1258862367850144749 | 73 | 1.33192 | 4
792479864694569339 | 60 | 5.58198 | 15
1584959729389138678 | 61 | 4.86138 | 14
3169919458778277356 | 62 | 4.86138 | 14
6339838917556554712 | 63 | 4.86138 | 14
-5767066238596442192 | 64 | 4.86138 | 14
6912611596516667233 | 65 | 4.86138 | 14
-4621520880676217150 | 66 | 4.86138 | 14
9203702312357117316 | 67 | 4.63978e-310 | 1
9203702312357117317 | 67 | 4.24562 | 13
-39339448995316981 | 68 | 4.24562 | 13
-78678897990633961 | 69 | 4.24562 | 13
-157357795981267922 | 70 | 4.24562 | 13
-314715591962535844 | 71 | 4.24562 | 13
-629431183925071688 | 72 | 4.24562 | 13
-1258862367850143376 | 73 | 4.24562 | 13
-2517724735700286752 | 74 | 4.24562 | 13
-5035449471400573504 | 75 | 4.24562 | 13
8375845130908404608 | 76 | 4.24562 | 13
-1695053811892742400 | 77 | 4.24562 | 13
-3390107623785484799 | 78 | 4.24562 | 13
-6780215247570969598 | 79 | 4.24562 | 13
4886313578567612420 | 80 | 4.63978e-310 | 5
4886313578567612421 | 80 | 1.51043 | 8
1584959729389138679 | 61 | 4.63978e-310 | 1
5631 | 13 | 15.8879 | 165
11262 | 14 | 15.8879 | 165
22524 | 15 | 15.8879 | 165
45049 | 16 | 15.8879 | 165
90098 | 17 | 15.8879 | 165
180196 | 18 | 15.8879 | 162
360392 | 19 | 15.8879 | 162
720785 | 20 | 15.8879 | 162
1441570 | 21 | 15.8879 | 162
2883140 | 22 | 15.8879 | 162
5766281 | 23 | 15.8879 | 162
11532563 | 24 | 15.8879 | 162
23065127 | 25 | 15.8879 | 162
46130254 | 26 | 15.8879 | 162
92260508 | 27 | 15.8879 | 162
184521017 | 28 | 15.8879 | 162
369042035 | 29 | 15.8879 | 162
738084070 | 30 | 15.8879 | 162
1476168140 | 31 | 14.2657 | 67
2952336281 | 32 | 14.2657 | 67
5904672563 | 33 | 14.2657 | 67
11809345127 | 34 | 14.2657 | 67
23618690255 | 35 | 14.2657 | 67
47237380510 | 36 | 14.2657 | 67
94474761021 | 37 | 14.2657 | 67
188949522042 | 38 | 14.2657 | 67
377899044084 | 39 | 14.2657 | 67
755798088168 | 40 | 14.2657 | 67
1511596176336 | 41 | 14.2657 | 67
3023192352673 | 42 | 14.2657 | 67
6046384705346 | 43 | 14.2657 | 67
12092769410692 | 44 | 0.305206 | 1
12092769410693 | 44 | 13.9997 | 66
24185538821386 | 45 | 13.9997 | 66
48371077642773 | 46 | 13.9997 | 66
96742155285546 | 47 | 4.63978e-310 | 9
96742155285547 | 47 | 11.2784 | 57
193484310571094 | 48 | 10.3478 | 50
386968621142188 | 49 | 10.3478 | 50
773937242284376 | 50 | 0.138628 | 4
773937242284377 | 50 | 9.76042 | 46
1547874484568754 | 51 | 9.76042 | 46
3095748969137508 | 52 | 9.76042 | 46
6191497938275017 | 53 | 9.76042 | 46
12382995876550034 | 54 | 9.76042 | 46
24765991753100068 | 55 | 9.76042 | 46
49531983506200137 | 56 | 9.76042 | 46
99063967012400274 | 57 | 9.76042 | 46
198127934024800548 | 58 | 9.76042 | 46
396255868049601096 | 59 | 2.71334 | 23
792511736099202193 | 60 | 2.71334 | 23
1585023472198404387 | 61 | 2.71334 | 23
3170046944396808774 | 62 | 2.71334 | 23
6340093888793617549 | 63 | 2.71334 | 23
-5766556296122316518 | 64 | 63.5886 | 1
-5766556296122316517 | 64 | 2.18851 | 22
6913631481464918583 | 65 | 2.18851 | 22
-4619481110779714449 | 66 | 2.18851 | 22
9207781852150122719 | 67 | 2.18851 | 22
-31180369409306177 | 68 | 2.18851 | 22
-62360738818612353 | 69 | 2.18851 | 22
-124721477637224706 | 70 | 2.18851 | 22
-249442955274449412 | 71 | 2.18851 | 22
-498885910548898823 | 72 | 2.18851 | 22
-997771821097797645 | 73 | 2.18851 | 22
-1995543642195595290 | 74 | 6.78444 | 10
-1995543642195595289 | 74 | 1.47376 | 12
-3991087284391190578 | 75 | 1.47376 | 12
-7982174568782381156 | 76 | 1.47376 | 12
2482394936144789304 | 77 | 1.47376 | 12
4964789872289578609 | 78 | 1.47376 | 12
-8517164329130394398 | 79 | 1.38278 | 11
1412415415448762820 | 80 | 1.38278 | 11
2824830830897525640 | 81 | 4.63978e-310 | 6
2824830830897525641 | 81 | 4.63978e-310 | 5
-8517164329130394397 | 79 | 4.63978e-310 | 1
396255868049601097 | 59 | 7.63782 | 23
792511736099202195 | 60 | 7.63782 | 23
1585023472198404391 | 61 | 7.63782 | 23
3170046944396808782 | 62 | 3.50435 | 19
6340093888793617565 | 63 | 3.50435 | 19
-5766556296122316485 | 64 | 3.50435 | 19
6913631481464918646 | 65 | 3.50435 | 19
-4619481110779714324 | 66 | 3.50435 | 19
9207781852150122968 | 67 | 3.50435 | 19
-31180369409305680 | 68 | 4.63978e-310 | 1
-31180369409305679 | 68 | 3.31076 | 18
-62360738818611358 | 69 | 3.31076 | 18
-124721477637222715 | 70 | 3.31076 | 18
-249442955274445429 | 71 | 3.31076 | 18
-498885910548890857 | 72 | 3.31076 | 18
-997771821097781714 | 73 | 3.31076 | 18
-1995543642195563428 | 74 | 4.75734 | 4
-1995543642195563427 | 74 | 2.3381 | 14
-3991087284391126854 | 75 | 2.3381 | 14
-7982174568782253708 | 76 | 2.3381 | 14
2482394936145044200 | 77 | 2.42092e-322 | 9
2482394936145044201 | 77 | 2.42092e-322 | 5
3170046944396808783 | 62 | 4.63978e-310 | 4
193484310571095 | 48 | 4.63978e-310 | 7
1476168141 | 31 | 13.6567 | 95
2952336282 | 32 | 13.6567 | 95
5904672564 | 33 | 13.6567 | 95
11809345129 | 34 | 13.6567 | 95
23618690259 | 35 | 13.6567 | 95
47237380518 | 36 | 13.6567 | 95
94474761036 | 37 | 13.6567 | 95
188949522072 | 38 | 13.6567 | 95
377899044144 | 39 | 13.6567 | 95
755798088288 | 40 | 13.6567 | 95
1511596176576 | 41 | 13.6567 | 95
3023192353153 | 42 | 13.6567 | 95
6046384706307 | 43 | 13.6567 | 95
12092769412615 | 44 | 13.6567 | 95
24185538825230 | 45 | 9.5152 | 70
48371077650460 | 46 | 9.5152 | 70
96742155300920 | 47 | 9.5152 | 70
193484310601840 | 48 | 9.5152 | 70
386968621203681 | 49 | 9.5152 | 70
773937242407362 | 50 | 9.5152 | 70
1547874484814725 | 51 | 9.5152 | 70
3095748969629450 | 52 | 9.5152 | 70
6191497939258901 | 53 | 9.5152 | 70
12382995878517803 | 54 | 9.5152 | 70
24765991757035607 | 55 | 9.5152 | 70
49531983514071214 | 56 | 5.87811 | 56
99063967028142429 | 57 | 5.87811 | 56
198127934056284858 | 58 | 5.87811 | 56
396255868112569717 | 59 | 5.87811 | 56
792511736225139434 | 60 | 5.87811 | 56
1585023472450278868 | 61 | 5.87811 | 56
3170046944900557736 | 62 | 4.17289 | 39
6340093889801115472 | 63 | 4.17289 | 39
-5766556294107320672 | 64 | 1.58101e-322 | 10
-5766556294107320671 | 64 | 4.17289 | 29
6913631485494910274 | 65 | 4.17289 | 29
-4619481102719731068 | 66 | 4.17289 | 29
9207781868270089481 | 67 | 4.17289 | 29
-31180337169372654 | 68 | 4.17289 | 29
-62360674338745308 | 69 | 4.17289 | 29
-124721348677490616 | 70 | 4.17289 | 29
-249442697354981232 | 71 | 4.63978e-310 | 2
-249442697354981231 | 71 | 4.12087 | 27
-498885394709962462 | 72 | 4.63978e-310 | 6
-498885394709962461 | 72 | 3.48527 | 21
-997770789419924921 | 73 | 3.48527 | 21
-1995541578839849842 | 74 | 3.48527 | 21
-3991083157679699684 | 75 | 3.48527 | 21
-7982166315359399368 | 76 | 3.48527 | 21
2482411442990752880 | 77 | 2.65064 | 16
4964822885981505760 | 78 | 2.65064 | 16
-8517098301746540095 | 79 | 2.65064 | 16
1412547470216471426 | 80 | 2.65064 | 16
2825094940432942853 | 81 | 2.65064 | 16
5650189880865885706 | 82 | 2.65064 | 16
-7146364311977780204 | 83 | 2.32099 | 12
4154015449753991208 | 84 | 2.32099 | 12
8308030899507982416 | 85 | 2.32099 | 12
-1830682274693586784 | 86 | 2.32099 | 12
-3661364549387173567 | 87 | 2.32099 | 12
-7322729098774347133 | 88 | 2.32099 | 12
3801285876160857350 | 89 | 2.32099 | 12
7602571752321714701 | 90 | 2.32099 | 12
-3241600569066122213 | 91 | 2.32099 | 12
-6483201138132244426 | 92 | 3.43699 | 3
-6483201138132244425 | 92 | 4.63978e-310 | 9
-7146364311977780203 | 83 | 4.63978e-310 | 4
2482411442990752881 | 77 | 4.63978e-310 | 5
3170046944900557737 | 62 | 2.78485 | 17
6340093889801115474 | 63 | 2.78485 | 17
-5766556294107320667 | 64 | 2.78485 | 17
6913631485494910282 | 65 | 2.78485 | 17
-4619481102719731052 | 66 | 2.78485 | 17
9207781868270089513 | 67 | 2.78485 | 17
-31180337169372589 | 68 | 2.78485 | 17
-62360674338745177 | 69 | 2.78485 | 17
-124721348677490354 | 70 | 2.78485 | 17
-249442697354980707 | 71 | 2.78485 | 17
-498885394709961414 | 72 | 2.78485 | 17
-997770789419922827 | 73 | 2.78485 | 17
-1995541578839845653 | 74 | 2.78485 | 17
-3991083157679691306 | 75 | 6.61345 | 3
-3991083157679691305 | 75 | 1.57193 | 14
-7982166315359382610 | 76 | 1.57193 | 14
2482411442990786397 | 77 | 1.57193 | 14
4964822885981572795 | 78 | 1.57193 | 14
-8517098301746406026 | 79 | 1.51506 | 13
1412547470216739564 | 80 | 5.90301 | 3
1412547470216739565 | 80 | 4.63978e-310 | 10
-8517098301746406025 | 79 | 4.63978e-310 | 1
49531983514071215 | 56 | 4.60254 | 14
99063967028142430 | 57 | 4.60254 | 14
198127934056284860 | 58 | 4.60254 | 14
396255868112569721 | 59 | 4.60254 | 14
792511736225139443 | 60 | 4.60254 | 14
1585023472450278886 | 61 | 4.60254 | 14
3170046944900557772 | 62 | 4.60254 | 14
6340093889801115545 | 63 | 4.60254 | 14
-5766556294107320526 | 64 | 4.60254 | 14
6913631485494910565 | 65 | 4.60254 | 14
-4619481102719730486 | 66 | 4.60254 | 14
9207781868270090644 | 67 | 4.60254 | 14
-31180337169370328 | 68 | 0.0151056 | 6
-31180337169370327 | 68 | 0.17369 | 8
24185538825231 | 45 | 12.9528 | 25
48371077650463 | 46 | 12.9528 | 25
96742155300926 | 47 | 12.9528 | 25
193484310601852 | 48 | 12.9528 | 24
386968621203704 | 49 | 12.9528 | 24
773937242407409 | 50 | 12.9528 | 24
1547874484814818 | 51 | 12.9528 | 24
3095748969629637 | 52 | 12.9528 | 24
6191497939259274 | 53 | 12.9528 | 24
12382995878518549 | 54 | 12.9528 | 24
24765991757037099 | 55 | 12.9528 | 24
49531983514074198 | 56 | 4.63978e-310 | 3
49531983514074199 | 56 | 10.8419 | 21
99063967028148398 | 57 | 4.63978e-310 | 9
99063967028148399 | 57 | 10.0897 | 12
198127934056296799 | 58 | 10.0897 | 12
396255868112593598 | 59 | 10.0897 | 12
792511736225187197 | 60 | 10.0897 | 12
1585023472450374394 | 61 | 42.3216 | 9
1585023472450374395 | 61 | 28.9802 | 3
193484310601853 | 48 | 4.63978e-310 | 1
180197 | 18 | 4.63978e-310 | 3
