ID | Depth | diameter | Number of points
0 | 0 | 29.316 | 1600
0 | 1 | 25.6058 | 1127
0 | 2 | 19.1894 | 146
0 | 3 | 19.1894 | 146
1 | 4 | 19.1894 | 146
3 | 5 | 19.1894 | 146
6 | 6 | 19.1894 | 146
12 | 7 | 19.1894 | 146
24 | 8 | 19.1894 | 146
48 | 9 | 19.1894 | 134
97 | 10 | 19.1894 | 134
194 | 11 | 19.1894 | 134
389 | 12 | 19.1894 | 134
778 | 13 | 18.0678 | 119
1557 | 14 | 18.0678 | 119
3115 | 15 | 18.0678 | 119
6231 | 16 | 18.0678 | 119
12462 | 17 | 18.0678 | 119
24924 | 18 | 18.0678 | 119
49848 | 19 | 16.3814 | 114
99697 | 20 | 16.3814 | 114
199395 | 21 | 16.3814 | 114
398791 | 22 | 16.3814 | 114
797583 | 23 | 16.3814 | 114
1595166 | 24 | 16.3814 | 114
3190333 | 25 | 16.3814 | 114
6380667 | 26 | 16.3814 | 114
12761334 | 27 | 16.3814 | 114
25522668 | 28 | 16.3814 | 114
51045336 | 29 | 16.3814 | 114
102090672 | 30 | 16.3814 | 114
204181345 | 31 | 16.3814 | 114
408362691 | 32 | 16.3814 | 114
816725383 | 33 | 16.3814 | 114
1633450767 | 34 | 16.3814 | 114
3266901535 | 35 | 16.3814 | 114
6533803070 | 36 | 4.63978e-310 | 1
6533803071 | 36 | 15.1565 | 113
13067606143 | 37 | 15.1565 | 113
26135212287 | 38 | 15.1565 | 113
52270424575 | 39 | 15.1565 | 113
104540849150 | 40 | 15.1565 | 113
209081698300 | 41 | 15.1565 | 113
418163396600 | 42 | 15.1565 | 113
836326793200 | 43 | 15.1565 | 113
1672653586401 | 44 | 15.1565 | 113
3345307172802 | 45 | 15.1565 | 113
6690614345605 | 46 | 15.1565 | 113
13381228691211 | 47 | 15.1565 | 113
26762457382422 | 48 | 15.1565 | 113
53524914764844 | 49 | 15.1565 | 113
107049829529688 | 50 | 15.1565 | 113
214099659059377 | 51 | 15.1565 | 113
428199318118754 | 52 | 15.1565 | 113
856398636237508 | 53 | 15.1565 | 113
1712797272475017 | 54 | 15.1565 | 113
3425594544950034 | 55 | 13.4733 | 96
6851189089900069 | 56 | 13.4733 | 96
13702378179800139 | 57 | 13.4733 | 96
27404756359600279 | 58 | 13.4733 | 96
54809512719200558 | 59 | 13.4733 | 96
109619025438401116 | 60 | 13.4733 | 96
219238050876802233 | 61 | 13.4733 | 96
438476101753604467 | 62 | 13.4733 | 96
876952203507208934 | 63 | 13.4733 | 96
1753904407014417869 | 64 | 13.4733 | 96
3507808814028835738 | 65 | 13.4733 | 96
7015617628057671477 | 66 | 13.4733 | 96
-4415508817594208662 | 67 | 11.1916 | 70
-8831017635188417324 | 68 | 11.1916 | 70
784708803332716968 | 69 | 11.1916 | 70
1569417606665433936 | 70 | 11.1916 | 70
3138835213330867872 | 71 | 11.1916 | 48
6277670426661735745 | 72 | 11.1916 | 48
-5891403220386080126 | 73 | 11.1916 | 48
6663937632937391365 | 74 | 11.1916 | 48
-5118868807834768886 | 75 | 1.63042e-322 | 3
-5118868807834768885 | 75 | 9.26391 | 45
8209006458040013846 | 76 | 8.87214 | 39
-2028731157629523924 | 77 | 1.63042e-322 | 4
-2028731157629523923 | 77 | 8.87214 | 35
-4057462315259047846 | 78 | 6.33514 | 21
-8114924630518095691 | 79 | 6.33514 | 21
2216894812673360235 | 80 | 6.33514 | 21
4433789625346720471 | 81 | 6.33514 | 21
8867579250693440943 | 82 | 6.33514 | 21
-711585572322669729 | 83 | 6.33514 | 21
-1423171144645339457 | 84 | 6.33514 | 21
-2846342289290678914 | 85 | 4.29492 | 13
-5692684578581357828 | 86 | 4.29492 | 13
7061374916546835960 | 87 | 1.63042e-322 | 2
7061374916546835961 | 87 | 3.02269 | 11
-4323994240615879694 | 88 | 3.02269 | 11
-8647988481231759387 | 89 | 3.02269 | 11
1150767111246032842 | 90 | 1.63042e-322 | 1
1150767111246032843 | 90 | 1.63042e-322 | 10
-2846342289290678913 | 85 | 1.58101e-322 | 8
-4057462315259047845 | 78 | 2.65045 | 14
-8114924630518095689 | 79 | 2.65045 | 14
2216894812673360239 | 80 | 2.65045 | 14
4433789625346720478 | 81 | 2.65045 | 14
8867579250693440957 | 82 | 2.65045 | 14
-711585572322669702 | 83 | 1.63042e-322 | 3
-711585572322669701 | 83 | 2.65045 | 11
-1423171144645339401 | 84 | 2.65045 | 11
-2846342289290678802 | 85 | 1.63042e-322 | 3
-2846342289290678801 | 85 | 1.63042e-322 | 8
8209006458040013847 | 76 | 1.63042e-322 | 6
3138835213330867873 | 71 | 9.52067 | 22
6277670426661735747 | 72 | 9.52067 | 22
-5891403220386080121 | 73 | 9.52067 | 22
6663937632937391375 | 74 | 9.52067 | 22
-5118868807834768866 | 75 | 9.52067 | 22
8209006458040013884 | 76 | 9.52067 | 22
-2028731157629523847 | 77 | 9.52067 | 22
-4057462315259047694 | 78 | 1.63042e-322 | 7
-4057462315259047693 | 78 | 6.69815 | 15
-8114924630518095385 | 79 | 6.69815 | 15
2216894812673360846 | 80 | 6.69815 | 15
4433789625346721693 | 81 | 6.69815 | 15
8867579250693443386 | 82 | 1.63042e-322 | 6
8867579250693443387 | 82 | 1.63042e-322 | 9
-4415508817594208661 | 67 | 13.1753 | 26
-8831017635188417321 | 68 | 13.1753 | 26
784708803332716975 | 69 | 13.1753 | 26
1569417606665433950 | 70 | 13.1753 | 26
3138835213330867901 | 71 | 13.1753 | 26
6277670426661735802 | 72 | 13.1753 | 26
-5891403220386080012 | 73 | 13.1753 | 26
6663937632937391592 | 74 | 13.1753 | 26
-5118868807834768431 | 75 | 13.1753 | 26
8209006458040014754 | 76 | 13.1753 | 26
-2028731157629522107 | 77 | 13.1753 | 26
-4057462315259044214 | 78 | 13.1753 | 26
-8114924630518088428 | 79 | 13.1753 | 26
2216894812673374760 | 80 | 13.1753 | 26
4433789625346749521 | 81 | 13.1753 | 26
8867579250693499042 | 82 | 13.1753 | 26
-711585572322553531 | 83 | 13.1753 | 26
-1423171144645107062 | 84 | 1.63042e-322 | 6
-1423171144645107061 | 84 | 9.34094 | 20
-2846342289290214121 | 85 | 9.34094 | 20
-5692684578580428242 | 86 | 9.34094 | 20
7061374916548695132 | 87 | 9.34094 | 20
-4323994240612161351 | 88 | 9.34094 | 20
-8647988481224322702 | 89 | 9.34094 | 20
1150767111260906213 | 90 | 9.34094 | 20
2301534222521812427 | 91 | 9.34094 | 20
4603068445043624854 | 92 | 9.34094 | 19
9206136890087249708 | 93 | 1.63042e-322 | 3
9206136890087249709 | 93 | 8.2683 | 16
-34470293535052198 | 94 | 8.2683 | 16
-68940587070104396 | 95 | 8.2683 | 16
-137881174140208792 | 96 | 8.2683 | 16
-275762348280417584 | 97 | 8.2683 | 16
-551524696560835167 | 98 | 8.2683 | 16
-1103049393121670334 | 99 | 8.2683 | 16
-2206098786243340667 | 100 | 8.2683 | 16
-4412197572486681334 | 101 | 8.2683 | 16
-8824395144973362668 | 102 | 1.63042e-322 | 4
-8824395144973362667 | 102 | 2.82829 | 12
797953783762826282 | 103 | 2.82829 | 12
1595907567525652564 | 104 | 1.63042e-322 | 9
1595907567525652565 | 104 | 1.63042e-322 | 3
4603068445043624855 | 92 | 1.63042e-322 | 1
3425594544950035 | 55 | 15.1565 | 17
6851189089900071 | 56 | 15.1565 | 17
13702378179800143 | 57 | 15.1565 | 17
27404756359600287 | 58 | 15.1565 | 17
54809512719200575 | 59 | 15.1565 | 17
109619025438401151 | 60 | 15.1565 | 17
219238050876802302 | 61 | 15.1565 | 17
438476101753604604 | 62 | 15.1565 | 17
876952203507209209 | 63 | 15.1565 | 17
1753904407014418418 | 64 | 15.1565 | 17
3507808814028836837 | 65 | 15.1565 | 17
7015617628057673674 | 66 | 15.1565 | 17
-4415508817594204267 | 67 | 15.1565 | 17
-8831017635188408534 | 68 | 15.1565 | 17
784708803332734548 | 69 | 15.1565 | 17
1569417606665469097 | 70 | 15.1565 | 17
3138835213330938194 | 71 | 15.1565 | 17
6277670426661876388 | 72 | 15.1565 | 17
-5891403220385798840 | 73 | 15.1565 | 17
6663937632937953937 | 74 | 15.1565 | 17
-5118868807833643741 | 75 | 15.1565 | 17
8209006458042264135 | 76 | 15.1565 | 17
-2028731157625023346 | 77 | 15.1565 | 17
-4057462315250046692 | 78 | 15.1565 | 17
-8114924630500093384 | 79 | 15.1565 | 17
2216894812709364848 | 80 | 15.1565 | 17
4433789625418729696 | 81 | 15.1565 | 17
8867579250837459392 | 82 | 15.1565 | 17
-711585572034632832 | 83 | 15.1565 | 17
-1423171144069265663 | 84 | 15.1565 | 17
-2846342288138531326 | 85 | 15.1565 | 17
-5692684576277062651 | 86 | 15.1565 | 17
7061374921155426315 | 87 | 15.1565 | 17
-4323994231398698986 | 88 | 15.1565 | 17
-8647988462797397971 | 89 | 15.1565 | 17
1150767148114755674 | 90 | 9.63871 | 12
2301534296229511348 | 91 | 9.63871 | 12
4603068592459022697 | 92 | 9.63871 | 12
9206137184918045394 | 93 | 2.37152e-322 | 6
9206137184918045395 | 93 | 2.37152e-322 | 6
1150767148114755675 | 90 | 4.63978e-310 | 5
49849 | 19 | 4.63978e-310 | 5
779 | 13 | 17.4741 | 15
1559 | 14 | 17.4741 | 15
3118 | 15 | 17.4741 | 15
6236 | 16 | 4.63978e-310 | 1
6237 | 16 | 17.3094 | 14
12474 | 17 | 17.3094 | 14
24948 | 18 | 17.3094 | 14
49897 | 19 | 17.3094 | 14
99794 | 20 | 17.3094 | 14
199588 | 21 | 4.63978e-310 | 6
199589 | 21 | 4.63978e-310 | 8
49 | 9 | 5.92142 | 12
98 | 10 | 5.92142 | 12
197 | 11 | 5.92142 | 12
395 | 12 | 5.92142 | 12
791 | 13 | 5.92142 | 12
1583 | 14 | 5.92142 | 12
3167 | 15 | 5.92142 | 12
6335 | 16 | 5.92142 | 12
12671 | 17 | 5.92142 | 12
25343 | 18 | 5.92142 | 12
50686 | 19 | 5.92142 | 12
101373 | 20 | 5.92142 | 12
202747 | 21 | 5.92142 | 12
405494 | 22 | 5.92142 | 12
810989 | 23 | 5.92142 | 12
1621979 | 24 | 5.92142 | 12
3243958 | 25 | 5.92142 | 12
6487916 | 26 | 2.37152e-322 | 8
6487917 | 26 | 2.37152e-322 | 4
1 | 2 | 25.6058 | 981
2 | 3 | 25.6058 | 981
5 | 4 | 25.6058 | 981
11 | 5 | 25.6058 | 981
22 | 6 | 25.6058 | 981
45 | 7 | 25.6058 | 981
91 | 8 | 25.6058 | 981
183 | 9 | 25.6058 | 981
367 | 10 | 25.6058 | 981
734 | 11 | 25.6058 | 981
1469 | 12 | 25.6058 | 981
2938 | 13 | 25.6058 | 981
5877 | 14 | 25.6058 | 981
11754 | 15 | 24.2939 | 943
23509 | 16 | 24.2939 | 943
47019 | 17 | 24.2939 | 943
94038 | 18 | 24.2939 | 943
188077 | 19 | 24.2939 | 943
376154 | 20 | 17.3425 | 44
752309 | 21 | 17.3425 | 44
1504618 | 22 | 15.6894 | 41
3009236 | 23 | 15.6894 | 41
6018472 | 24 | 12.9756 | 25
12036944 | 25 | 12.9756 | 25
24073888 | 26 | 12.9756 | 25
48147776 | 27 | 11.5737 | 18
96295552 | 28 | 133.95 | 2
96295553 | 28 | 10.124 | 16
192591107 | 29 | 10.124 | 16
385182214 | 30 | 10.124 | 16
770364428 | 31 | 57.4602 | 1
770364429 | 31 | 6.04237 | 15
1540728859 | 32 | 6.04237 | 15
3081457719 | 33 | 6.04237 | 15
6162915439 | 34 | 6.04237 | 15
12325830879 | 35 | 6.04237 | 15
24651661759 | 36 | 6.04237 | 15
49303323519 | 37 | 6.04237 | 15
98606647039 | 38 | 6.04237 | 15
197213294078 | 39 | 6.04237 | 15
394426588157 | 40 | 6.04237 | 15
788853176315 | 41 | 6.04237 | 15
1577706352630 | 42 | 6.04237 | 15
3155412705260 | 43 | 6.37345e-322 | 3
3155412705261 | 43 | 4.45531 | 12
6310825410523 | 44 | 4.45531 | 12
12621650821046 | 45 | 4.45531 | 12
25243301642093 | 46 | 4.45531 | 12
50486603284186 | 47 | 4.45531 | 12
100973206568373 | 48 | 4.45531 | 12
201946413136747 | 49 | 4.45531 | 12
403892826273494 | 50 | 4.45531 | 12
807785652546988 | 51 | 3.79195 | 11
1615571305093976 | 52 | 6.90513e-310 | 3
1615571305093977 | 52 | 6.90513e-310 | 8
807785652546989 | 51 | 4.63978e-310 | 1
48147777 | 27 | 4.63978e-310 | 7
6018473 | 24 | 7.08565 | 16
12036946 | 25 | 5.65872 | 15
24073893 | 26 | 5.65872 | 15
48147786 | 27 | 5.65872 | 15
96295572 | 28 | 5.65872 | 15
192591144 | 29 | 5.65872 | 15
385182288 | 30 | 4.63978e-310 | 6
385182289 | 30 | 4.63978e-310 | 9
12036947 | 25 | 4.63978e-310 | 1
1504619 | 22 | 4.63978e-310 | 3
376155 | 20 | 24.2939 | 899
752310 | 21 | 24.2939 | 899
1504620 | 22 | 24.2939 | 899
3009241 | 23 | 24.2939 | 899
6018483 | 24 | 24.2939 | 899
12036966 | 25 | 24.2939 | 899
24073932 | 26 | 21.7605 | 104
48147864 | 27 | 17.4914 | 95
96295729 | 28 | 17.4914 | 95
192591458 | 29 | 17.4914 | 95
385182916 | 30 | 17.4914 | 95
770365832 | 31 | 13.6139 | 42
1540731664 | 32 | 13.6139 | 42
3081463329 | 33 | 13.6139 | 42
6162926658 | 34 | 13.6139 | 42
12325853317 | 35 | 13.6139 | 42
24651706634 | 36 | 13.6139 | 42
49303413269 | 37 | 13.6139 | 42
98606826539 | 38 | 13.6139 | 42
197213653078 | 39 | 13.6139 | 42
394427306156 | 40 | 13.6139 | 42
788854612313 | 41 | 13.6139 | 42
1577709224626 | 42 | 13.6139 | 42
3155418449252 | 43 | 13.6139 | 42
6310836898504 | 44 | 13.6139 | 42
12621673797009 | 45 | 13.6139 | 42
25243347594019 | 46 | 13.6139 | 42
50486695188038 | 47 | 13.6139 | 42
100973390376077 | 48 | 13.6139 | 42
201946780752154 | 49 | 13.6139 | 42
403893561504308 | 50 | 13.6139 | 42
807787123008616 | 51 | 9.09114 | 13
1615574246017232 | 52 | 9.09114 | 13
3231148492034465 | 53 | 9.09114 | 13
6462296984068930 | 54 | 9.09114 | 13
12924593968137861 | 55 | 9.09114 | 13
25849187936275723 | 56 | 9.09114 | 13
51698375872551447 | 57 | 9.09114 | 13
103396751745102894 | 58 | 4.63978e-310 | 8
103396751745102895 | 58 | 4.63978e-310 | 5
807787123008617 | 51 | 8.80631 | 29
1615574246017235 | 52 | 8.80631 | 29
3231148492034470 | 53 | 8.80631 | 29
6462296984068940 | 54 | 4.63978e-310 | 4
6462296984068941 | 54 | 8.0892 | 25
12924593968137882 | 55 | 8.0892 | 25
25849187936275765 | 56 | 8.0892 | 25
51698375872551530 | 57 | 8.0892 | 25
103396751745103060 | 58 | 8.0892 | 25
206793503490206120 | 59 | 8.0892 | 25
413587006980412241 | 60 | 8.0892 | 25
827174013960824483 | 61 | 8.0892 | 25
1654348027921648966 | 62 | 8.0892 | 25
3308696055843297932 | 63 | 8.0892 | 25
6617392111686595864 | 64 | 8.0892 | 25
-5211959850336359887 | 65 | 8.0892 | 25
8022824373036831842 | 66 | 8.0892 | 25
-2401095327635887932 | 67 | 3.93802 | 17
-4802190655271775864 | 68 | 3.93802 | 17
8842362763165999888 | 69 | 3.93802 | 17
-762018547377551840 | 70 | 3.93802 | 17
-1524037094755103680 | 71 | 3.93802 | 17
-3048074189510207360 | 72 | 3.93802 | 17
-6096148379020414720 | 73 | 3.93802 | 17
6254447315668722177 | 74 | 3.93802 | 17
-5937849442372107261 | 75 | 3.93802 | 17
6571045188965337094 | 76 | 3.93802 | 17
-5304653695778877428 | 77 | 3.93802 | 17
7837436682151796760 | 78 | 3.93802 | 17
-2771870709405958096 | 79 | 3.93802 | 17
-5543741418811916191 | 80 | 3.93802 | 17
7359261236085719234 | 81 | 3.93802 | 17
-3728221601538113147 | 82 | 3.93802 | 17
-7456443203076226294 | 83 | 3.93802 | 17
3533857667557099028 | 84 | 3.93802 | 17
7067715335114198056 | 85 | 3.93802 | 17
-4311313403481155504 | 86 | 3.55606 | 12
-8622626806962311008 | 87 | 0.352095 | 3
-8622626806962311007 | 87 | 4.63978e-310 | 9
-4311313403481155503 | 86 | 4.63978e-310 | 5
-2401095327635887931 | 67 | 4.63978e-310 | 8
770365833 | 31 | 8.63421 | 53
1540731667 | 32 | 8.63421 | 53
3081463334 | 33 | 4.63978e-310 | 1
3081463335 | 33 | 7.06352 | 52
6162926671 | 34 | 7.06352 | 52
12325853342 | 35 | 6.88842 | 18
24651706685 | 36 | 6.88842 | 18
49303413370 | 37 | 6.88842 | 18
98606826741 | 38 | 6.88842 | 18
197213653483 | 39 | 6.88842 | 18
394427306966 | 40 | 6.88842 | 18
788854613932 | 41 | 6.88842 | 18
1577709227864 | 42 | 6.88842 | 18
3155418455728 | 43 | 6.88842 | 18
6310836911456 | 44 | 6.88842 | 18
12621673822912 | 45 | 6.88842 | 18
25243347645824 | 46 | 6.88842 | 18
50486695291649 | 47 | 6.88842 | 18
100973390583298 | 48 | 6.88842 | 18
201946781166597 | 49 | 6.88842 | 18
403893562333195 | 50 | 6.88842 | 18
807787124666391 | 51 | 6.88842 | 18
1615574249332783 | 52 | 6.88842 | 18
3231148498665567 | 53 | 6.88842 | 18
6462296997331134 | 54 | 6.88842 | 18
12924593994662269 | 55 | 6.88842 | 18
25849187989324539 | 56 | 6.88842 | 18
51698375978649079 | 57 | 6.88842 | 18
103396751957298158 | 58 | 6.88842 | 18
206793503914596317 | 59 | 6.88842 | 18
413587007829192634 | 60 | 6.88842 | 18
827174015658385268 | 61 | 1.58101e-322 | 7
827174015658385269 | 61 | 3.15067 | 11
1654348031316770538 | 62 | 3.15067 | 11
3308696062633541077 | 63 | 3.15067 | 11
6617392125267082154 | 64 | 3.15067 | 11
-5211959823175387308 | 65 | 3.15067 | 11
8022824427358777000 | 66 | 3.15067 | 11
-2401095218991997615 | 67 | 3.15067 | 11
-4802190437983995230 | 68 | 3.15067 | 11
8842363197741561156 | 69 | 3.15067 | 11
-762017678226429303 | 70 | 3.15067 | 11
-1524035356452858606 | 71 | 3.15067 | 11
-3048070712905717212 | 72 | 3.15067 | 11
-6096141425811434423 | 73 | 3.15067 | 11
6254461222086682770 | 74 | 3.15067 | 11
-5937821629536186076 | 75 | 3.15067 | 11
6571100814637179465 | 76 | 3.15067 | 11
-5304542444435192685 | 77 | 3.15067 | 11
7837659184839166246 | 78 | 3.15067 | 11
-2771425704031219124 | 79 | 3.15067 | 11
-5542851408062438248 | 80 | 7.99463 | 1
-5542851408062438247 | 80 | 4.79244e-322 | 10
12325853343 | 35 | 6.80477 | 34
24651706687 | 36 | 6.80477 | 34
49303413375 | 37 | 6.80477 | 34
98606826750 | 38 | 6.80477 | 34
197213653500 | 39 | 6.80477 | 34
394427307001 | 40 | 6.80477 | 34
788854614002 | 41 | 6.80477 | 34
1577709228005 | 42 | 6.80477 | 34
3155418456010 | 43 | 0.077232 | 10
3155418456011 | 43 | 4.35033 | 24
6310836912022 | 44 | 4.35033 | 24
12621673824045 | 45 | 4.35033 | 24
25243347648091 | 46 | 4.35033 | 24
50486695296183 | 47 | 4.35033 | 24
100973390592366 | 48 | 4.35033 | 24
201946781184732 | 49 | 3.27733 | 6
201946781184733 | 49 | 3.24539 | 18
403893562369467 | 50 | 3.24539 | 18
807787124738934 | 51 | 3.24539 | 18
1615574249477869 | 52 | 3.24539 | 18
3231148498955739 | 53 | 3.24539 | 18
6462296997911479 | 54 | 3.24539 | 18
12924593995822959 | 55 | 3.24539 | 18
25849187991645918 | 56 | 3.24539 | 18
51698375983291836 | 57 | 3.24539 | 18
103396751966583673 | 58 | 3.24539 | 18
206793503933167346 | 59 | 3.24539 | 18
413587007866334693 | 60 | 3.24539 | 18
827174015732669386 | 61 | 2.57308 | 13
1654348031465338773 | 62 | 2.57308 | 13
3308696062930677546 | 63 | 2.57308 | 13
6617392125861355092 | 64 | 30.9522 | 8
6617392125861355093 | 64 | 40.7951 | 5
827174015732669387 | 61 | 4.63978e-310 | 5
48147865 | 27 | 4.63978e-310 | 9
24073933 | 26 | 24.2939 | 795
48147866 | 27 | 24.2939 | 795
96295733 | 28 | 24.2939 | 795
192591466 | 29 | 24.2939 | 795
385182933 | 30 | 24.2939 | 795
770365866 | 31 | 24.2939 | 795
1540731732 | 32 | 24.2939 | 795
3081463465 | 33 | 24.2939 | 795
6162926930 | 34 | 21.2319 | 508
12325853860 | 35 | 21.2319 | 508
24651707720 | 36 | 21.2319 | 508
49303415441 | 37 | 21.2319 | 508
98606830883 | 38 | 21.2319 | 508
197213661767 | 39 | 21.2319 | 508
394427323534 | 40 | 21.1005 | 462
788854647068 | 41 | 21.1005 | 462
1577709294136 | 42 | 15.1094 | 350
3155418588272 | 43 | 14.37 | 302
6310837176544 | 44 | 13.8245 | 143
12621674353088 | 45 | 11.939 | 120
25243348706176 | 46 | 11.939 | 120
50486697412352 | 47 | 11.939 | 120
100973394824704 | 48 | 11.939 | 120
201946789649409 | 49 | 11.939 | 120
403893579298818 | 50 | 11.3142 | 47
807787158597636 | 51 | 11.3142 | 47
1615574317195273 | 52 | 11.3142 | 47
3231148634390546 | 53 | 11.3142 | 47
6462297268781093 | 54 | 11.3142 | 47
12924594537562187 | 55 | 11.3142 | 47
25849189075124375 | 56 | 11.3142 | 47
51698378150248750 | 57 | 11.3142 | 47
103396756300497500 | 58 | 11.3142 | 47
206793512600995000 | 59 | 10.4546 | 22
413587025201990000 | 60 | 10.4546 | 22
827174050403980001 | 61 | 10.4546 | 22
1654348100807960003 | 62 | 10.4546 | 22
3308696201615920006 | 63 | 91.7785 | 4
3308696201615920007 | 63 | 7.56647 | 18
6617392403231840014 | 64 | 6.163 | 15
-5211959267245871588 | 65 | 6.163 | 15
8022825539217808441 | 66 | 6.163 | 15
-2401092995273934733 | 67 | 6.163 | 15
-4802185990547869465 | 68 | 6.163 | 15
8842372092613812687 | 69 | 6.163 | 15
-761999888481926242 | 70 | 0.924135 | 6
-761999888481926241 | 70 | 70.268 | 9
6617392403231840015 | 64 | 4.63978e-310 | 3
206793512600995001 | 59 | 10.9609 | 25
413587025201990002 | 60 | 9.72967 | 20
827174050403980005 | 61 | 9.72967 | 20
1654348100807960011 | 62 | 9.72967 | 20
3308696201615920023 | 63 | 9.72967 | 20
6617392403231840046 | 64 | 8.2654 | 18
-5211959267245871524 | 65 | 8.2654 | 18
8022825539217808568 | 66 | 8.2654 | 18
-2401092995273934479 | 67 | 8.2654 | 18
-4802185990547868957 | 68 | 8.2654 | 18
8842372092613813703 | 69 | 8.2654 | 18
-761999888481924210 | 70 | 8.2654 | 18
-1523999776963848420 | 71 | 8.2654 | 18
-3047999553927696839 | 72 | 8.2654 | 18
-6095999107855393678 | 73 | 7.09073 | 17
6254745857998764261 | 74 | 7.09073 | 17
-5937252357712023093 | 75 | 7.09073 | 17
6572239358285505431 | 76 | 7.09073 | 17
-5302265357138540754 | 77 | 7.09073 | 17
7842213359432470109 | 78 | 7.09073 | 17
-2762317354844611398 | 79 | 3.92482 | 12
-5524634709689222796 | 80 | 3.92482 | 12
7397474654331106024 | 81 | 90.8366 | 4
7397474654331106025 | 81 | 13.3348 | 8
-2762317354844611397 | 79 | 4.63978e-310 | 5
-6095999107855393677 | 73 | 4.63978e-310 | 1
6617392403231840047 | 64 | 4.63978e-310 | 2
413587025201990003 | 60 | 4.63978e-310 | 5
403893579298819 | 50 | 11.939 | 73
807787158597638 | 51 | 11.939 | 73
1615574317195277 | 52 | 11.939 | 73
3231148634390554 | 53 | 11.939 | 73
6462297268781109 | 54 | 11.939 | 73
12924594537562219 | 55 | 11.939 | 73
25849189075124439 | 56 | 11.939 | 73
51698378150248879 | 57 | 11.939 | 73
103396756300497758 | 58 | 7.02346 | 39
206793512600995516 | 59 | 7.02346 | 39
413587025201991032 | 60 | 7.02346 | 39
827174050403982064 | 61 | 7.02346 | 39
1654348100807964128 | 62 | 7.02346 | 39
3308696201615928257 | 63 | 7.02346 | 39
6617392403231856515 | 64 | 7.02346 | 39
-5211959267245838586 | 65 | 6.96828 | 33
8022825539217874444 | 66 | 6.96828 | 33
-2401092995273802728 | 67 | 3.89999 | 18
-4802185990547605456 | 68 | 3.89999 | 18
8842372092614340705 | 69 | 3.89999 | 18
-761999888480870205 | 70 | 3.89999 | 18
-1523999776961740410 | 71 | 3.89999 | 18
-3047999553923480819 | 72 | 3.89999 | 18
-6095999107846961638 | 73 | 3.89999 | 18
6254745858015628340 | 74 | 3.89999 | 18
-5937252357678294936 | 75 | 2.96648 | 15
6572239358352961744 | 76 | 2.96648 | 15
-5302265357003628128 | 77 | 2.96648 | 15
7842213359702295360 | 78 | 2.96648 | 15
-2762317354304960895 | 79 | 2.96648 | 15
-5524634708609921790 | 80 | 2.96648 | 15
7397474656489708037 | 81 | 2.96648 | 15
-3651794760730135541 | 82 | 2.96648 | 15
-7303589521460271082 | 83 | 2.96648 | 15
3839565030789009453 | 84 | 2.96648 | 15
7679130061578018907 | 85 | 2.96648 | 15
-3088483950553513801 | 86 | 2.96648 | 15
-6176967901107027602 | 87 | 2.96648 | 15
6092808271495496412 | 88 | 2.96648 | 15
-6261127530718558792 | 89 | 2.96648 | 15
5924489012272434032 | 90 | 55.7187 | 8
5924489012272434033 | 90 | 1.88345 | 7
-5937252357678294935 | 75 | 4.63978e-310 | 3
-2401092995273802727 | 67 | 2.7339 | 15
-4802185990547605454 | 68 | 2.7339 | 15
8842372092614340709 | 69 | 2.7339 | 15
-761999888480870198 | 70 | 4.63978e-310 | 4
-761999888480870197 | 70 | 1.99894 | 11
-1523999776961740394 | 71 | 1.99894 | 11
-3047999553923480788 | 72 | 4.63978e-310 | 4
-3047999553923480787 | 72 | 4.63978e-310 | 7
-5211959267245838585 | 65 | 4.63978e-310 | 6
103396756300497759 | 58 | 8.78356 | 34
206793512600995518 | 59 | 8.78356 | 34
413587025201991036 | 60 | 4.4932 | 33
827174050403982072 | 61 | 4.4932 | 33
1654348100807964144 | 62 | 4.4932 | 33
3308696201615928288 | 63 | 4.4932 | 33
6617392403231856577 | 64 | 4.4932 | 33
-5211959267245838462 | 65 | 3.73665 | 13
8022825539217874693 | 66 | 3.73665 | 13
-2401092995273802229 | 67 | 3.73665 | 13
-4802185990547604457 | 68 | 3.73665 | 13
8842372092614342702 | 69 | 3.73665 | 13
-761999888480866211 | 70 | 3.73665 | 13
-1523999776961732421 | 71 | 3.73665 | 13
-3047999553923464842 | 72 | 3.73665 | 13
-6095999107846929684 | 73 | 3.82357 | 5
-6095999107846929683 | 73 | 6.90513e-310 | 8
-5211959267245838461 | 65 | 4.09058 | 20
8022825539217874694 | 66 | 4.09058 | 20
-2401092995273802228 | 67 | 4.09058 | 20
-4802185990547604456 | 68 | 4.09058 | 20
8842372092614342704 | 69 | 4.09058 | 20
-761999888480866207 | 70 | 4.09058 | 20
-1523999776961732414 | 71 | 4.09058 | 20
-3047999553923464828 | 72 | 4.09058 | 20
-6095999107846929656 | 73 | 4.09058 | 20
6254745858015692304 | 74 | 4.09058 | 20
-5937252357678167007 | 75 | 4.09058 | 20
6572239358353217602 | 76 | 2.35281 | 11
-5302265357003116411 | 77 | 2.35281 | 11
7842213359703318794 | 78 | 2.35281 | 11
-2762317354302914028 | 79 | 2.35281 | 11
-5524634708605828055 | 80 | 2.35281 | 11
7397474656497895507 | 81 | 2.35281 | 11
-3651794760713760602 | 82 | 2.35281 | 11
-7303589521427521204 | 83 | 2.35281 | 11
3839565030854509209 | 84 | 2.35281 | 11
7679130061709018418 | 85 | 1.63042e-322 | 8
7679130061709018419 | 85 | 0.315797 | 3
6572239358353217603 | 76 | 4.63978e-310 | 9
413587025201991037 | 60 | 4.63978e-310 | 1
12621674353089 | 45 | 7.87649 | 23
25243348706178 | 46 | 7.87649 | 23
50486697412357 | 47 | 7.87649 | 23
100973394824715 | 48 | 7.87649 | 23
201946789649430 | 49 | 7.87649 | 23
403893579298861 | 50 | 7.87649 | 23
807787158597723 | 51 | 7.87649 | 23
1615574317195446 | 52 | 3.277 | 11
3231148634390892 | 53 | 4.63978e-310 | 4
3231148634390893 | 53 | 4.63978e-310 | 7
1615574317195447 | 52 | 3.67978 | 12
3231148634390894 | 53 | 3.67978 | 12
6462297268781788 | 54 | 3.67978 | 12
12924594537563576 | 55 | 3.67978 | 12
25849189075127152 | 56 | 3.67978 | 12
51698378150254304 | 57 | 3.67978 | 12
103396756300508608 | 58 | 3.17575 | 11
206793512601017216 | 59 | 4.63978e-310 | 2
206793512601017217 | 59 | 4.63978e-310 | 9
103396756300508609 | 58 | 4.63978e-310 | 1
6310837176545 | 44 | 12.6266 | 159
12621674353091 | 45 | 12.6266 | 159
25243348706182 | 46 | 8.57831 | 101
50486697412365 | 47 | 8.57831 | 101
100973394824731 | 48 | 8.57831 | 101
201946789649463 | 49 | 8.57831 | 101
403893579298926 | 50 | 8.57831 | 65
807787158597852 | 51 | 8.26446 | 62
1615574317195704 | 52 | 8.26446 | 62
3231148634391409 | 53 | 8.26446 | 62
6462297268782818 | 54 | 5.89273 | 38
12924594537565636 | 55 | 5.89273 | 38
25849189075131273 | 56 | 5.89273 | 38
51698378150262546 | 57 | 6.90513e-310 | 3
51698378150262547 | 57 | 4.54794 | 35
103396756300525094 | 58 | 4.54794 | 35
206793512601050189 | 59 | 4.54794 | 35
413587025202100378 | 60 | 4.54794 | 35
827174050404200756 | 61 | 8.52226 | 7
827174050404200757 | 61 | 3.92603 | 28
1654348100808401514 | 62 | 3.92603 | 25
3308696201616803029 | 63 | 3.92603 | 25
6617392403233606059 | 64 | 3.92603 | 25
-5211959267242339498 | 65 | 3.92603 | 25
8022825539224872620 | 66 | 2.32907 | 12
-2401092995259806376 | 67 | 1.34295 | 8
-2401092995259806375 | 67 | 0.591311 | 4
8022825539224872621 | 66 | 1.68642 | 13
-2401092995259806373 | 67 | 1.68642 | 13
-4802185990519612745 | 68 | 1.68642 | 13
8842372092670326127 | 69 | 1.68642 | 13
-761999888368899361 | 70 | 1.68642 | 13
-1523999776737798722 | 71 | 1.68642 | 13
-3047999553475597443 | 72 | 1.68642 | 13
-6095999106951194886 | 73 | 1.68642 | 13
6254745859807161845 | 74 | 1.68642 | 13
-5937252354095227925 | 75 | 1.68642 | 13
6572239365519095766 | 76 | 4.63978e-310 | 4
6572239365519095767 | 76 | 4.63978e-310 | 9
1654348100808401515 | 62 | 4.63978e-310 | 3
6462297268782819 | 54 | 2.69988 | 24
12924594537565639 | 55 | 2.69988 | 24
25849189075131278 | 56 | 4.63978e-310 | 8
25849189075131279 | 56 | 2.10158 | 16
51698378150262558 | 57 | 2.10158 | 16
103396756300525116 | 58 | 2.10158 | 16
206793512601050233 | 59 | 2.10158 | 16
413587025202100466 | 60 | 4.63978e-310 | 9
413587025202100467 | 60 | 4.63978e-310 | 7
807787158597853 | 51 | 4.63978e-310 | 3
403893579298927 | 50 | 7.94147 | 36
807787158597855 | 51 | 7.94147 | 36
1615574317195710 | 52 | 7.94147 | 36
3231148634391421 | 53 | 7.94147 | 36
6462297268782843 | 54 | 7.94147 | 36
12924594537565686 | 55 | 7.94147 | 36
25849189075131373 | 56 | 7.94147 | 36
51698378150262746 | 57 | 2.43839 | 17
103396756300525492 | 58 | 2.43839 | 17
206793512601050984 | 59 | 2.43839 | 17
413587025202101969 | 60 | 2.43839 | 17
827174050404203938 | 61 | 2.43839 | 17
1654348100808407876 | 62 | 2.43839 | 17
3308696201616815752 | 63 | 2.43839 | 17
6617392403233631504 | 64 | 0.860255 | 5
6617392403233631505 | 64 | 1.76306 | 12
-5211959267242288606 | 65 | 21.221 | 3
-5211959267242288605 | 65 | 4.63978e-310 | 9
51698378150262747 | 57 | 5.57464 | 19
103396756300525495 | 58 | 5.57464 | 19
206793512601050990 | 59 | 5.57464 | 19
413587025202101980 | 60 | 5.57464 | 19
827174050404203960 | 61 | 5.57464 | 19
1654348100808407920 | 62 | 5.57464 | 19
3308696201616815841 | 63 | 5.57464 | 19
6617392403233631682 | 64 | 5.57464 | 19
-5211959267242288252 | 65 | 5.57464 | 19
8022825539224975112 | 66 | 4.63978e-310 | 10
8022825539224975113 | 66 | 20.4854 | 9
25243348706183 | 46 | 10.6261 | 58
50486697412367 | 47 | 10.6261 | 58
100973394824735 | 48 | 10.6261 | 58
201946789649470 | 49 | 10.6261 | 58
403893579298941 | 50 | 10.6261 | 58
807787158597883 | 51 | 10.6261 | 58
1615574317195767 | 52 | 10.6261 | 58
3231148634391534 | 53 | 10.6261 | 57
6462297268783069 | 54 | 10.6261 | 57
12924594537566138 | 55 | 10.6261 | 57
25849189075132277 | 56 | 10.6261 | 57
51698378150264554 | 57 | 3.35815 | 24
103396756300529108 | 58 | 2.95987 | 21
206793512601058217 | 59 | 2.95987 | 21
413587025202116434 | 60 | 2.95987 | 21
827174050404232868 | 61 | 1.41361 | 10
827174050404232869 | 61 | 2.06585 | 11
1654348100808465739 | 62 | 2.06585 | 11
3308696201616931478 | 63 | 2.06585 | 11
6617392403233862956 | 64 | 4.8998 | 2
6617392403233862957 | 64 | 0 | 9
103396756300529109 | 58 | 4.63978e-310 | 3
51698378150264555 | 57 | 9.0125 | 33
103396756300529111 | 58 | 9.0125 | 33
206793512601058222 | 59 | 9.0125 | 33
413587025202116444 | 60 | 9.0125 | 33
827174050404232889 | 61 | 9.0125 | 33
1654348100808465779 | 62 | 9.0125 | 33
3308696201616931558 | 63 | 3.82746 | 20
6617392403233863117 | 64 | 3.82746 | 20
-5211959267241825381 | 65 | 3.82746 | 20
8022825539225900855 | 66 | 3.82746 | 20
-2401092995257749905 | 67 | 3.82746 | 20
-4802185990515499809 | 68 | 3.82746 | 20
8842372092678551999 | 69 | 3.82746 | 20
-761999888352447618 | 70 | 3.82746 | 20
-1523999776704895235 | 71 | 3.82746 | 20
-3047999553409790470 | 72 | 5.15368 | 3
-3047999553409790469 | 72 | 3.57474 | 17
-6095999106819580938 | 73 | 3.57474 | 17
6254745860070389740 | 74 | 3.61325 | 1
6254745860070389741 | 74 | 3.16726 | 16
-5937252353568772134 | 75 | 3.16726 | 16
6572239366572007348 | 76 | 3.16726 | 16
-5302265340565536920 | 77 | 3.16726 | 16
7842213392578477776 | 78 | 3.16726 | 16
-2762317288552596064 | 79 | 3.16726 | 16
-5524634577105192128 | 80 | 3.16726 | 16
7397474919499167361 | 81 | 3.16726 | 16
-3651794234711216893 | 82 | 3.16726 | 16
-7303588469422433785 | 83 | 3.16726 | 16
3839567134864684047 | 84 | 3.16726 | 16
7679134269729368094 | 85 | 3.16726 | 16
-3088475534250815427 | 86 | 3.16726 | 16
-6176951068501630853 | 87 | 3.16726 | 16
6092841936706289911 | 88 | 3.16726 | 16
-6261060200296971793 | 89 | 3.16726 | 16
5924623673115608031 | 90 | 3.16726 | 16
-6597496727478335553 | 91 | 3.16726 | 16
5251750618752880510 | 92 | 3.16726 | 16
-7943242836203790596 | 93 | 3.16726 | 16
2560258401301970424 | 94 | 3.16726 | 16
5120516802603940849 | 95 | 3.16726 | 16
-8205710468501669917 | 96 | 3.16726 | 16
2035323136706211782 | 97 | 3.16726 | 16
4070646273412423564 | 98 | 2.46322 | 14
8141292546824847129 | 99 | 2.46322 | 14
-2164158980059857357 | 100 | 2.46322 | 14
-4328317960119714714 | 101 | 1.87981 | 13
-8656635920239429427 | 102 | 1.87981 | 13
1133472233230692762 | 103 | 1.87981 | 13
2266944466461385524 | 104 | 15.8568 | 5
2266944466461385525 | 104 | 14.1394 | 8
-4328317960119714713 | 101 | 4.63978e-310 | 1
4070646273412423565 | 98 | 4.63978e-310 | 2
3308696201616931559 | 63 | 2.67455 | 13
6617392403233863118 | 64 | 2.67455 | 13
-5211959267241825379 | 65 | 2.67455 | 13
8022825539225900859 | 66 | 2.67455 | 13
-2401092995257749898 | 67 | 2.67455 | 13
-4802185990515499795 | 68 | 2.67455 | 13
8842372092678552027 | 69 | 2.67455 | 13
-761999888352447562 | 70 | 2.67455 | 13
-1523999776704895124 | 71 | 2.12543 | 12
-3047999553409790247 | 72 | 2.12543 | 12
-6095999106819580494 | 73 | 2.12543 | 12
6254745860070390629 | 74 | 2.12543 | 12
-5937252353568770358 | 75 | 2.12543 | 12
6572239366572010901 | 76 | 2.12543 | 12
-5302265340565529813 | 77 | 2.12543 | 12
7842213392578491990 | 78 | 2.12543 | 12
-2762317288552567636 | 79 | 2.12543 | 12
-5524634577105135272 | 80 | 2.12543 | 12
7397474919499281072 | 81 | 2.12543 | 12
-3651794234710989472 | 82 | 4.63978e-310 | 2
-3651794234710989471 | 82 | 4.63978e-310 | 10
-1523999776704895123 | 71 | 4.63978e-310 | 1
3231148634391535 | 53 | 4.63978e-310 | 1
3155418588273 | 43 | 11.834 | 48
6310837176546 | 44 | 11.834 | 39
12621674353092 | 45 | 11.834 | 39
25243348706184 | 46 | 11.834 | 39
50486697412368 | 47 | 11.834 | 39
100973394824736 | 48 | 11.834 | 39
201946789649473 | 49 | 11.834 | 39
403893579298946 | 50 | 11.834 | 39
807787158597892 | 51 | 11.834 | 39
1615574317195784 | 52 | 11.834 | 39
3231148634391569 | 53 | 11.834 | 39
6462297268783138 | 54 | 4.80467 | 14
12924594537566277 | 55 | 4.80467 | 14
25849189075132554 | 56 | 4.80467 | 14
51698378150265108 | 57 | 4.80467 | 14
103396756300530216 | 58 | 4.80467 | 14
206793512601060432 | 59 | 1.63042e-322 | 10
206793512601060433 | 59 | 1.58101e-322 | 4
6462297268783139 | 54 | 6.50003 | 25
12924594537566278 | 55 | 6.50003 | 25
25849189075132556 | 56 | 6.50003 | 25
51698378150265113 | 57 | 6.50003 | 25
103396756300530226 | 58 | 6.50003 | 17
206793512601060452 | 59 | 6.50003 | 17
413587025202120905 | 60 | 6.50003 | 17
827174050404241810 | 61 | 6.50003 | 17
1654348100808483620 | 62 | 4.96301 | 15
3308696201616967240 | 63 | 4.63978e-310 | 8
3308696201616967241 | 63 | 4.63978e-310 | 7
1654348100808483621 | 62 | 4.63978e-310 | 2
103396756300530227 | 58 | 4.63978e-310 | 8
6310837176547 | 44 | 4.63978e-310 | 9
1577709294137 | 42 | 9.65284 | 112
3155418588274 | 43 | 9.65284 | 112
6310837176549 | 44 | 9.65284 | 112
12621674353099 | 45 | 9.65284 | 112
25243348706198 | 46 | 9.65284 | 106
50486697412397 | 47 | 9.65284 | 106
100973394824794 | 48 | 8.24647 | 95
201946789649589 | 49 | 8.24647 | 95
403893579299178 | 50 | 8.24647 | 95
807787158598357 | 51 | 8.24647 | 95
1615574317196714 | 52 | 8.24647 | 95
3231148634393428 | 53 | 7.18347 | 46
6462297268786857 | 54 | 7.18347 | 46
12924594537573714 | 55 | 6.38121 | 44
25849189075147429 | 56 | 6.38121 | 44
51698378150294859 | 57 | 6.38121 | 44
103396756300589718 | 58 | 6.38121 | 44
206793512601179436 | 59 | 6.38121 | 44
413587025202358873 | 60 | 6.38121 | 44
827174050404717746 | 61 | 6.38121 | 44
1654348100809435493 | 62 | 6.38121 | 44
3308696201618870986 | 63 | 6.38121 | 44
6617392403237741973 | 64 | 6.38121 | 44
-5211959267234067669 | 65 | 6.38121 | 44
8022825539241416278 | 66 | 5.64725 | 37
-2401092995226719060 | 67 | 18.3505 | 3
-2401092995226719059 | 67 | 5.39583 | 34
-4802185990453438118 | 68 | 5.39583 | 34
8842372092802675381 | 69 | 5.39583 | 34
-761999888104200854 | 70 | 5.39583 | 34
-1523999776208401707 | 71 | 5.39583 | 34
-3047999552416803414 | 72 | 5.39583 | 34
-6095999104833606827 | 73 | 5.39583 | 34
6254745864042337963 | 74 | 5.39583 | 34
-5937252345624875689 | 75 | 5.39583 | 34
6572239382459800239 | 76 | 5.39583 | 34
-5302265308789951138 | 77 | 5.39583 | 34
7842213456129649340 | 78 | 5.39583 | 34
-2762317161450252936 | 79 | 5.39583 | 34
-5524634322900505872 | 80 | 5.39583 | 34
7397475427908539872 | 81 | 3.77315 | 23
-3651793217892471871 | 82 | 3.77315 | 23
-7303586435784943742 | 83 | 3.77315 | 23
3839571202139664133 | 84 | 3.77315 | 23
7679142404279328266 | 85 | 2.74717 | 13
-3088459265150895084 | 86 | 0.761432 | 1
-3088459265150895083 | 86 | 1.90391 | 12
-6176918530301790165 | 87 | 1.90391 | 12
6092907013105971286 | 88 | 1.90391 | 12
-6260930047497609043 | 89 | 1.90391 | 12
5924883978714333530 | 90 | 1.90391 | 12
-6596976116280884556 | 91 | 1.90391 | 12
5252791841147782504 | 92 | 1.90391 | 12
-7941160391413986607 | 93 | 1.90391 | 12
2564423290881578402 | 94 | 1.90391 | 12
5128846581763156804 | 95 | 1.90391 | 12
-8189050910183238007 | 96 | 1.90391 | 12
2068642253343075603 | 97 | 1.90391 | 12
4137284506686151206 | 98 | 39.8098 | 1
4137284506686151207 | 98 | 1.52288 | 11
8274569013372302414 | 99 | 1.52288 | 11
-1897606046964946788 | 100 | 1.52288 | 11
-3795212093929893575 | 101 | 1.52288 | 11
-7590424187859787149 | 102 | 1.52288 | 11
3265895697989977318 | 103 | 1.52288 | 11
6531791395979954637 | 104 | 1.52288 | 11
-5383161281749642341 | 105 | 1.52288 | 11
7680421510210266934 | 106 | 1.52288 | 11
-3085901053289017748 | 107 | 8.498 | 10
-3085901053289017747 | 107 | 2.71084 | 1
7679142404279328267 | 85 | 4.63978e-310 | 10
7397475427908539873 | 81 | 2.86295 | 11
-3651793217892471870 | 82 | 2.86295 | 11
-7303586435784943740 | 83 | 4.63978e-310 | 10
-7303586435784943739 | 83 | 4.63978e-310 | 1
8022825539241416279 | 66 | 4.63978e-310 | 7
12924594537573715 | 55 | 4.63978e-310 | 2
3231148634393429 | 53 | 7.55894 | 49
6462297268786858 | 54 | 6.76569 | 34
12924594537573716 | 55 | 6.76569 | 34
25849189075147433 | 56 | 6.76569 | 34
51698378150294866 | 57 | 6.76569 | 34
103396756300589732 | 58 | 3.81934 | 30
206793512601179465 | 59 | 3.81934 | 30
413587025202358931 | 60 | 3.81934 | 30
827174050404717863 | 61 | 3.81934 | 30
1654348100809435726 | 62 | 3.29259 | 24
3308696201618871452 | 63 | 3.29259 | 24
6617392403237742905 | 64 | 3.29259 | 24
-5211959267234065806 | 65 | 4.63978e-310 | 4
-5211959267234065805 | 65 | 3.29259 | 20
8022825539241420006 | 66 | 3.29259 | 20
-2401092995226711604 | 67 | 3.29259 | 20
-4802185990453423208 | 68 | 3.29259 | 20
8842372092802705200 | 69 | 1.48151 | 9
8842372092802705201 | 69 | 2.10059 | 11
-761999888104141214 | 70 | 2.10059 | 11
-1523999776208282428 | 71 | 2.10059 | 11
-3047999552416564856 | 72 | 2.10059 | 11
-6095999104833129711 | 73 | 2.10059 | 11
6254745864043292194 | 74 | 2.10059 | 11
-5937252345622967228 | 75 | 1.74696 | 9
-5937252345622967227 | 75 | 12.0645 | 2
1654348100809435727 | 62 | 4.63978e-310 | 6
103396756300589733 | 58 | 4.63978e-310 | 4
6462297268786859 | 54 | 2.84289 | 15
12924594537573719 | 55 | 2.84289 | 15
25849189075147438 | 56 | 2.84289 | 15
51698378150294877 | 57 | 2.84289 | 15
103396756300589755 | 58 | 2.84289 | 15
206793512601179511 | 59 | 2.84289 | 15
413587025202359023 | 60 | 2.84289 | 15
827174050404718046 | 61 | 2.84289 | 15
1654348100809436093 | 62 | 2.84289 | 15
3308696201618872186 | 63 | 2.84289 | 15
6617392403237744373 | 64 | 2.84289 | 15
-5211959267234062870 | 65 | 2.84289 | 15
8022825539241425877 | 66 | 2.84289 | 15
-2401092995226699861 | 67 | 2.84289 | 15
-4802185990453399722 | 68 | 2.84289 | 15
8842372092802752173 | 69 | 2.84289 | 15
-761999888104047269 | 70 | 2.84289 | 15
-1523999776208094538 | 71 | 2.84289 | 15
-3047999552416189076 | 72 | 2.84289 | 15
-6095999104832378151 | 73 | 2.84289 | 15
6254745864044795314 | 74 | 2.84289 | 15
-5937252345619960987 | 75 | 2.84289 | 15
6572239382469629642 | 76 | 2.84289 | 15
-5302265308770292332 | 77 | 2.84289 | 15
7842213456168966952 | 78 | 2.84289 | 15
-2762317161371617711 | 79 | 2.84289 | 15
-5524634322743235422 | 80 | 0.784594 | 7
-5524634322743235421 | 80 | 0.511317 | 8
100973394824795 | 48 | 3.11722 | 11
201946789649590 | 49 | 3.11722 | 11
403893579299181 | 50 | 3.11722 | 11
807787158598362 | 51 | 4.63978e-310 | 7
807787158598363 | 51 | 4.63978e-310 | 4
25243348706199 | 46 | 4.63978e-310 | 6
394427323535 | 40 | 17.3236 | 46
788854647070 | 41 | 17.3236 | 46
1577709294140 | 42 | 17.3236 | 46
3155418588280 | 43 | 17.3236 | 46
6310837176560 | 44 | 17.3236 | 46
12621674353121 | 45 | 17.3236 | 46
25243348706242 | 46 | 17.3236 | 46
50486697412484 | 47 | 17.3236 | 46
100973394824968 | 48 | 1.63042e-322 | 3
100973394824969 | 48 | 16.6122 | 43
201946789649938 | 49 | 16.6122 | 43
403893579299876 | 50 | 16.6122 | 43
807787158599753 | 51 | 16.6122 | 43
1615574317199507 | 52 | 16.6122 | 43
3231148634399014 | 53 | 16.6122 | 43
6462297268798028 | 54 | 3.21143e-322 | 8
6462297268798029 | 54 | 11.3661 | 35
12924594537596059 | 55 | 11.3661 | 35
25849189075192119 | 56 | 11.3661 | 35
51698378150384238 | 57 | 11.3661 | 35
103396756300768476 | 58 | 11.3661 | 35
206793512601536953 | 59 | 11.3661 | 35
413587025203073906 | 60 | 6.54181 | 32
827174050406147812 | 61 | 6.54181 | 32
1654348100812295625 | 62 | 6.54181 | 32
3308696201624591251 | 63 | 6.54181 | 32
6617392403249182502 | 64 | 6.54181 | 32
-5211959267211186612 | 65 | 6.54181 | 32
8022825539287178393 | 66 | 6.54181 | 32
-2401092995135194830 | 67 | 6.54181 | 32
-4802185990270389660 | 68 | 2.39897 | 11
8842372093168772296 | 69 | 2.39897 | 11
-761999887372007023 | 70 | 2.39897 | 11
-1523999774744014046 | 71 | 2.39897 | 11
-3047999549488028092 | 72 | 99.2795 | 10
-3047999549488028091 | 72 | 4.77488 | 1
-4802185990270389659 | 68 | 3.35141 | 21
8842372093168772298 | 69 | 3.35141 | 21
-761999887372007020 | 70 | 3.35141 | 21
-1523999774744014039 | 71 | 3.35141 | 21
-3047999549488028078 | 72 | 3.35141 | 21
-6095999098976056155 | 73 | 3.35141 | 21
6254745875757439306 | 74 | 3.35141 | 21
-5937252322194673003 | 75 | 3.35141 | 21
6572239429320205611 | 76 | 3.35141 | 21
-5302265215069140394 | 77 | 2.59853 | 20
7842213643571270828 | 78 | 2.59853 | 20
-2762316786567009960 | 79 | 2.37183 | 13
-5524633573134019919 | 80 | 2.37183 | 13
7397476927441511779 | 81 | 2.37183 | 13
-3651790218826528058 | 82 | 2.37183 | 13
-7303580437653056116 | 83 | 2.37183 | 13
3839583198403439384 | 84 | 2.37183 | 13
7679166396806878768 | 85 | 2.37183 | 13
-3088411280095794080 | 86 | 2.37183 | 13
-6176822560191588160 | 87 | 100.023 | 4
-6176822560191588159 | 87 | 7.87991 | 9
-2762316786567009959 | 79 | 4.63978e-310 | 7
-5302265215069140393 | 77 | 4.63978e-310 | 1
413587025203073907 | 60 | 4.63978e-310 | 3
6162926931 | 34 | 19.0413 | 287
12325853862 | 35 | 19.0413 | 287
24651707724 | 36 | 19.0413 | 287
49303415448 | 37 | 19.0413 | 287
98606830897 | 38 | 19.0413 | 287
197213661794 | 39 | 19.0413 | 287
394427323588 | 40 | 19.0413 | 287
788854647177 | 41 | 19.0413 | 287
1577709294355 | 42 | 19.0413 | 287
3155418588711 | 43 | 19.0413 | 287
6310837177423 | 44 | 19.0413 | 287
12621674354847 | 45 | 19.0413 | 287
25243348709694 | 46 | 19.0413 | 287
50486697419389 | 47 | 19.0413 | 287
100973394838778 | 48 | 19.0413 | 287
201946789677557 | 49 | 19.0413 | 287
403893579355115 | 50 | 19.0413 | 287
807787158710231 | 51 | 19.0413 | 287
1615574317420462 | 52 | 19.0413 | 287
3231148634840924 | 53 | 19.0413 | 208
6462297269681848 | 54 | 7.38426 | 51
12924594539363696 | 55 | 4.99857 | 31
25849189078727393 | 56 | 4.99857 | 31
51698378157454786 | 57 | 4.99857 | 31
103396756314909572 | 58 | 4.99857 | 31
206793512629819145 | 59 | 4.99857 | 31
413587025259638290 | 60 | 4.99857 | 31
827174050519276581 | 61 | 4.99857 | 31
1654348101038553162 | 62 | 4.99857 | 31
3308696202077106324 | 63 | 4.99857 | 31
6617392404154212649 | 64 | 4.99857 | 31
-5211959265401126318 | 65 | 0.24382 | 5
-5211959265401126317 | 65 | 4.57726 | 26
8022825542907298983 | 66 | 4.57726 | 26
-2401092987894953650 | 67 | 4.57726 | 26
-4802185975789907300 | 68 | 4.57726 | 26
8842372122129737016 | 69 | 1.60947 | 7
8842372122129737017 | 69 | 3.78145 | 19
-761999829450077582 | 70 | 3.78145 | 19
-1523999658900155164 | 71 | 2.61657 | 15
-3047999317800310328 | 72 | 2.61657 | 15
-6095998635600620655 | 73 | 2.61657 | 15
6254746802508310306 | 74 | 2.61657 | 15
-5937250468692931003 | 75 | 2.61657 | 15
6572243136323689611 | 76 | 2.61657 | 15
-5302257801062172394 | 77 | 2.61657 | 15
7842228471585206829 | 78 | 2.61657 | 15
-2762287130539137957 | 79 | 2.61657 | 15
-5524574261078275913 | 80 | 2.61657 | 15
7397595551552999790 | 81 | 4.63978e-310 | 2
7397595551552999791 | 81 | 2.54152 | 13
-3651552970603552033 | 82 | 2.54152 | 13
-7303105941207104065 | 83 | 2.54152 | 13
3840532191295343486 | 84 | 2.54152 | 13
7681064382590686972 | 85 | 2.22165 | 12
-3084615308528177672 | 86 | 2.22165 | 12
-6169230617056355343 | 87 | 2.22165 | 12
6108282839596840930 | 88 | 2.11566 | 11
-6230178394515869756 | 89 | 4.63978e-310 | 1
-6230178394515869755 | 89 | 4.63978e-310 | 10
6108282839596840931 | 88 | 4.63978e-310 | 1
7681064382590686973 | 85 | 4.63978e-310 | 1
-1523999658900155163 | 71 | 4.63978e-310 | 4
12924594539363697 | 55 | 5.69219 | 20
25849189078727395 | 56 | 5.69219 | 20
51698378157454790 | 57 | 5.69219 | 20
103396756314909580 | 58 | 5.69219 | 20
206793512629819161 | 59 | 5.69219 | 20
413587025259638323 | 60 | 5.69219 | 20
827174050519276646 | 61 | 5.69219 | 20
1654348101038553292 | 62 | 5.69219 | 20
3308696202077106585 | 63 | 5.69219 | 20
6617392404154213170 | 64 | 5.69219 | 20
-5211959265401125276 | 65 | 5.69219 | 20
8022825542907301064 | 66 | 5.69219 | 20
-2401092987894949488 | 67 | 5.69219 | 20
-4802185975789898975 | 68 | 5.69219 | 20
8842372122129753666 | 69 | 5.69219 | 20
-761999829450044284 | 70 | 5.69219 | 20
-1523999658900088567 | 71 | 5.69219 | 20
-3047999317800177134 | 72 | 5.69219 | 20
-6095998635600354268 | 73 | 5.69219 | 20
6254746802508843081 | 74 | 5.69219 | 20
-5937250468691865454 | 75 | 5.69219 | 20
6572243136325820708 | 76 | 5.69219 | 20
-5302257801057910199 | 77 | 5.69219 | 20
7842228471593731219 | 78 | 5.69219 | 20
-2762287130522089177 | 79 | 5.69219 | 20
-5524574261044178354 | 80 | 4.63978e-310 | 1
-5524574261044178353 | 80 | 5.40323 | 19
7397595551621194911 | 81 | 5.40323 | 19
-3651552970467161794 | 82 | 5.40323 | 19
-7303105940934323587 | 83 | 5.40323 | 19
3840532191840904442 | 84 | 2.65514 | 16
7681064383681808884 | 85 | 4.63978e-310 | 10
7681064383681808885 | 85 | 4.63978e-310 | 6
3840532191840904443 | 84 | 4.63978e-310 | 3
6462297269681849 | 54 | 12.9226 | 157
12924594539363699 | 55 | 12.9226 | 157
25849189078727398 | 56 | 12.9226 | 157
51698378157454797 | 57 | 12.9226 | 157
103396756314909595 | 58 | 12.9226 | 157
206793512629819191 | 59 | 12.9226 | 157
413587025259638383 | 60 | 12.9226 | 157
827174050519276767 | 61 | 12.9226 | 157
1654348101038553534 | 62 | 12.9226 | 157
3308696202077107068 | 63 | 12.9226 | 157
6617392404154214136 | 64 | 12.9226 | 157
-5211959265401123344 | 65 | 12.9226 | 120
8022825542907304928 | 66 | 7.38804 | 119
-2401092987894941760 | 67 | 6.57941 | 91
-4802185975789883520 | 68 | 6.57941 | 91
8842372122129784577 | 69 | 6.57941 | 91
-761999829449982461 | 70 | 6.57941 | 91
-1523999658899964921 | 71 | 6.57941 | 91
-3047999317799929842 | 72 | 6.57941 | 91
-6095998635599859683 | 73 | 6.57941 | 91
6254746802509832251 | 74 | 6.57941 | 91
-5937250468689887114 | 75 | 6.57941 | 91
6572243136329777389 | 76 | 6.57941 | 91
-5302257801049996838 | 77 | 6.57941 | 91
7842228471609557941 | 78 | 6.57941 | 91
-2762287130490435733 | 79 | 6.57941 | 91
-5524574260980871465 | 80 | 6.57941 | 91
7397595551747808686 | 81 | 6.57941 | 91
-3651552970213934244 | 82 | 6.57941 | 91
-7303105940427868487 | 83 | 6.57941 | 91
3840532192853814643 | 84 | 6.57941 | 91
7681064385707629286 | 85 | 5.50011 | 51
-3084615302294293044 | 86 | 3.28103 | 17
-6169230604588586087 | 87 | 3.28103 | 17
6108282864532379442 | 88 | 2.71155 | 13
-6230178344644792732 | 89 | 2.71155 | 13
5986387384419966153 | 90 | 2.71155 | 13
-6473969304869619310 | 91 | 2.71155 | 13
5498805463970312996 | 92 | 2.71155 | 13
-7449133145768925623 | 93 | 2.71155 | 13
3548477782171700370 | 94 | 2.71155 | 13
7096955564343400740 | 95 | 2.71155 | 13
-4252832945022750136 | 96 | 2.71155 | 13
-8505665890045500272 | 97 | 6.52127 | 3
-8505665890045500271 | 97 | 4.63978e-310 | 10
6108282864532379443 | 88 | 4.63978e-310 | 4
-3084615302294293043 | 86 | 4.55018 | 34
-6169230604588586085 | 87 | 4.55018 | 34
6108282864532379446 | 88 | 4.63978e-310 | 8
6108282864532379447 | 88 | 4.34974 | 26
-6230178344644792722 | 89 | 4.34974 | 26
5986387384419966173 | 90 | 4.34974 | 26
-6473969304869619270 | 91 | 4.04141 | 15
5498805463970313076 | 92 | 4.04141 | 15
-7449133145768925464 | 93 | 4.63978e-310 | 6
-7449133145768925463 | 93 | 1.19 | 9
-6473969304869619269 | 91 | 3.64041 | 11
5498805463970313078 | 92 | 3.64041 | 11
-7449133145768925460 | 93 | 3.64041 | 11
3548477782171700696 | 94 | 3.64041 | 11
7096955564343401392 | 95 | 0.0895019 | 5
7096955564343401393 | 95 | 11.2529 | 6
7681064385707629287 | 85 | 4.86619 | 40
-3084615302294293041 | 86 | 4.86619 | 40
-6169230604588586082 | 87 | 4.86619 | 40
6108282864532379452 | 88 | 4.72669 | 25
-6230178344644792712 | 89 | 4.72669 | 25
5986387384419966192 | 90 | 4.72669 | 25
-6473969304869619232 | 91 | 4.72669 | 25
5498805463970313153 | 92 | 4.72669 | 25
-7449133145768925309 | 93 | 4.72669 | 25
3548477782171700999 | 94 | 4.72669 | 25
7096955564343401998 | 95 | 1.58665 | 12
-4252832945022747620 | 96 | 1.58665 | 12
-8505665890045495240 | 97 | 1.58665 | 12
1435412293618561136 | 98 | 1.58665 | 12
2870824587237122272 | 99 | 1.58665 | 12
5741649174474244544 | 100 | 1.09688 | 2
5741649174474244545 | 100 | 0.0629929 | 10
7096955564343401999 | 95 | 2.65427 | 13
-4252832945022747618 | 96 | 2.65427 | 13
-8505665890045495236 | 97 | 2.65427 | 13
1435412293618561145 | 98 | 2.65427 | 13
2870824587237122290 | 99 | 2.65427 | 13
5741649174474244580 | 100 | 2.65427 | 13
-6963445724761062455 | 101 | 2.65427 | 13
4519852624187426706 | 102 | 2.65427 | 13
9039705248374853412 | 103 | 2.65427 | 13
-367333576959844792 | 104 | 5.83771 | 10
-367333576959844791 | 104 | 5.65637 | 3
6108282864532379453 | 88 | 4.67173 | 15
-6230178344644792710 | 89 | 4.63978e-310 | 7
-6230178344644792709 | 89 | 4.63978e-310 | 8
-2401092987894941759 | 67 | 4.83054 | 28
-4802185975789883518 | 68 | 3.43004 | 14
8842372122129784581 | 69 | 3.43004 | 14
-761999829449982453 | 70 | 3.43004 | 14
-1523999658899964905 | 71 | 3.43004 | 14
-3047999317799929810 | 72 | 3.43004 | 14
-6095998635599859620 | 73 | 3.43004 | 14
6254746802509832377 | 74 | 3.43004 | 14
-5937250468689886861 | 75 | 3.43004 | 14
6572243136329777895 | 76 | 3.43004 | 14
-5302257801049995825 | 77 | 3.43004 | 14
7842228471609559966 | 78 | 3.43004 | 14
-2762287130490431684 | 79 | 3.43004 | 14
-5524574260980863368 | 80 | 1.88341 | 11
7397595551747824881 | 81 | 1.88341 | 11
-3651552970213901854 | 82 | 1.88341 | 11
-7303105940427803707 | 83 | 1.88341 | 11
3840532192853944202 | 84 | 1.88341 | 11
7681064385707888404 | 85 | 4.63978e-310 | 9
7681064385707888405 | 85 | 3.82925 | 2
-5524574260980863367 | 80 | 4.63978e-310 | 3
-4802185975789883517 | 68 | 1.4308 | 14
8842372122129784582 | 69 | 1.4308 | 14
-761999829449982452 | 70 | 1.4308 | 14
-1523999658899964904 | 71 | 1.4308 | 14
-3047999317799929808 | 72 | 1.4308 | 14
-6095998635599859616 | 73 | 4.63978e-310 | 2
-6095998635599859615 | 73 | 1.42676 | 12
6254746802509832386 | 74 | 1.42676 | 12
-5937250468689886843 | 75 | 1.42676 | 12
6572243136329777931 | 76 | 1.42676 | 12
-5302257801049995753 | 77 | 1.42676 | 12
7842228471609560111 | 78 | 1.42676 | 12
-2762287130490431393 | 79 | 1.42676 | 12
-5524574260980862786 | 80 | 1.42676 | 12
7397595551747826044 | 81 | 1.42676 | 12
-3651552970213899528 | 82 | 0.0774771 | 8
-3651552970213899527 | 82 | 18.2038 | 4
8022825542907304929 | 66 | 4.63978e-310 | 1
-5211959265401123343 | 65 | 5.93949 | 37
8022825542907304930 | 66 | 5.93949 | 37
-2401092987894941755 | 67 | 5.93949 | 37
-4802185975789883510 | 68 | 5.93949 | 37
8842372122129784597 | 69 | 5.93949 | 37
-761999829449982422 | 70 | 5.93949 | 37
-1523999658899964843 | 71 | 5.93949 | 37
-3047999317799929686 | 72 | 5.93949 | 37
-6095998635599859371 | 73 | 5.93949 | 37
6254746802509832875 | 74 | 5.93949 | 37
-5937250468689885866 | 75 | 5.93949 | 37
6572243136329779884 | 76 | 5.93949 | 37
-5302257801049991848 | 77 | 5.93949 | 37
7842228471609567920 | 78 | 5.93949 | 37
-2762287130490415776 | 79 | 5.93949 | 37
-5524574260980831552 | 80 | 5.93949 | 37
7397595551747888512 | 81 | 5.93949 | 37
-3651552970213774591 | 82 | 5.93949 | 37
-7303105940427549182 | 83 | 5.93949 | 37
3840532192854453252 | 84 | 3.84233 | 30
7681064385708906505 | 85 | 3.84233 | 30
-3084615302291738605 | 86 | 3.84233 | 30
-6169230604583477210 | 87 | 3.84233 | 30
6108282864542597197 | 88 | 3.84233 | 30
-6230178344624357222 | 89 | 3.84233 | 30
5986387384460837173 | 90 | 3.84233 | 30
-6473969304787877269 | 91 | 3.84233 | 30
5498805464133797078 | 92 | 3.84233 | 30
-7449133145441957459 | 93 | 3.84233 | 30
3548477782825636699 | 94 | 3.84233 | 30
7096955565651273398 | 95 | 3.84233 | 30
-4252832942407004820 | 96 | 3.84233 | 30
-8505665884814009640 | 97 | 3.84233 | 30
1435412304081532336 | 98 | 3.84233 | 30
2870824608163064673 | 99 | 3.84233 | 30
5741649216326129347 | 100 | 3.84233 | 30
-6963445641057292922 | 101 | 1.91417 | 1
-6963445641057292921 | 101 | 3.77712 | 29
4519852791594965774 | 102 | 3.77712 | 29
9039705583189931548 | 103 | 3.77712 | 29
-367332907329688520 | 104 | 3.77712 | 29
-734665814659377040 | 105 | 3.77712 | 29
-1469331629318754079 | 106 | 3.77712 | 29
-2938663258637508158 | 107 | 1.58101e-322 | 3
-2938663258637508157 | 107 | 3.46529 | 26
-5877326517275016314 | 108 | 3.46529 | 26
6692091039159518989 | 109 | 3.46529 | 26
-5062561995390513637 | 110 | 3.46529 | 26
8321620082928524343 | 111 | 3.46529 | 26
-1803503907852502930 | 112 | 3.46529 | 26
-3607007815705005860 | 113 | 3.46529 | 26
-7214015631410011719 | 114 | 3.46529 | 26
4018712810889528179 | 115 | 3.46529 | 26
8037425621779056358 | 116 | 3.46529 | 26
-2371892830151438899 | 117 | 3.46529 | 26
-4743785660302877797 | 118 | 3.46529 | 26
8959172753103796023 | 119 | 3.46529 | 26
-528398567501959570 | 120 | 3.46529 | 26
-1056797135003919139 | 121 | 3.46529 | 26
-2113594270007838277 | 122 | 3.46529 | 26
-4227188540015676554 | 123 | 3.46529 | 26
-8454377080031353108 | 124 | 1.94702 | 17
1537989913646845400 | 125 | 0.855565 | 1
1537989913646845401 | 125 | 1.94702 | 16
3075979827293690803 | 126 | 1.94702 | 16
6151959654587381607 | 127 | 1.94702 | 16
-6142824764534788401 | 128 | 1.94702 | 16
6161094544639974815 | 129 | 1.94702 | 16
-6124554984429601986 | 130 | 1.94702 | 16
6197634104850347644 | 131 | 2.81 | 2
6197634104850347645 | 131 | 1.94702 | 14
-6051475864008856326 | 132 | 1.94702 | 14
6343792345691838965 | 133 | 1.94702 | 14
-5759159382325873685 | 134 | 1.94702 | 14
6928425309057804247 | 135 | 1.94702 | 14
-4589893455593943121 | 136 | 1.94702 | 14
-9179786911187886242 | 137 | 1.94702 | 14
87170251333779132 | 138 | 1.94702 | 14
174340502667558264 | 139 | 1.94702 | 14
348681005335116528 | 140 | 1.94702 | 14
697362010670233056 | 141 | 1.94702 | 14
1394724021340466113 | 142 | 1.94702 | 14
2789448042680932226 | 143 | 1.94702 | 14
5578896085361864453 | 144 | 1.94702 | 14
-7288951902985822709 | 145 | 1.94702 | 14
3868840267737906198 | 146 | 1.94702 | 14
7737680535475812397 | 147 | 1.94702 | 14
-2971383002757926822 | 148 | 1.94702 | 14
-5942766005515853643 | 149 | 1.94702 | 14
6561212062677844331 | 150 | 1.94702 | 14
-5324319948353862954 | 151 | 1.75463 | 13
7798104177001825708 | 152 | 18.4473 | 4
7798104177001825709 | 152 | 2.16264 | 9
-5324319948353862953 | 151 | 4.63978e-310 | 1
-8454377080031353107 | 124 | 4.63978e-310 | 9
3840532192854453253 | 84 | 4.63978e-310 | 7
3231148634840925 | 53 | 10.0836 | 79
6462297269681850 | 54 | 6.55696 | 46
12924594539363700 | 55 | 3.57037 | 23
25849189078727401 | 56 | 3.57037 | 23
51698378157454803 | 57 | 3.57037 | 23
103396756314909606 | 58 | 3.57037 | 23
206793512629819213 | 59 | 3.57037 | 23
413587025259638427 | 60 | 3.57037 | 23
827174050519276854 | 61 | 3.57037 | 23
1654348101038553709 | 62 | 3.57037 | 23
3308696202077107418 | 63 | 3.57037 | 23
6617392404154214836 | 64 | 2.50811 | 12
-5211959265401121944 | 65 | 7.86957 | 5
-5211959265401121943 | 65 | 3.60398 | 7
6617392404154214837 | 64 | 2.48067 | 11
-5211959265401121941 | 65 | 2.48067 | 11
8022825542907307734 | 66 | 2.48067 | 11
-2401092987894936148 | 67 | 1.28624 | 10
-2401092987894936147 | 67 | 0 | 1
12924594539363701 | 55 | 3.42171 | 23
25849189078727402 | 56 | 3.42171 | 23
51698378157454805 | 57 | 3.42171 | 23
103396756314909610 | 58 | 4.63978e-310 | 1
103396756314909611 | 58 | 3.42171 | 22
206793512629819222 | 59 | 6.32354 | 4
206793512629819223 | 59 | 3.20631 | 18
413587025259638446 | 60 | 3.20631 | 18
827174050519276892 | 61 | 2.92662 | 16
1654348101038553784 | 62 | 2.92662 | 16
3308696202077107569 | 63 | 2.92662 | 16
6617392404154215138 | 64 | 2.92662 | 16
-5211959265401121340 | 65 | 2.92662 | 16
8022825542907308936 | 66 | 2.92662 | 16
-2401092987894933744 | 67 | 2.92662 | 16
-4802185975789867487 | 68 | 2.92662 | 16
8842372122129816642 | 69 | 2.92662 | 16
-761999829449918331 | 70 | 2.92662 | 16
-1523999658899836662 | 71 | 2.69543 | 12
-3047999317799673324 | 72 | 2.69543 | 11
-6095998635599346648 | 73 | 2.69543 | 11
6254746802510858320 | 74 | 2.69543 | 11
-5937250468687834976 | 75 | 2.69543 | 11
6572243136333881664 | 76 | 2.69543 | 11
-5302257801041788288 | 77 | 2.69543 | 11
7842228471625975041 | 78 | 2.69543 | 11
-2762287130457601534 | 79 | 2.69543 | 11
-5524574260915203067 | 80 | 2.69543 | 11
7397595551879145482 | 81 | 2.69543 | 11
-3651552969951260651 | 82 | 2.69543 | 11
-7303105939902521302 | 83 | 0.141609 | 3
-7303105939902521301 | 83 | 12.8611 | 8
-3047999317799673323 | 72 | 4.63978e-310 | 1
-1523999658899836661 | 71 | 4.63978e-310 | 4
827174050519276893 | 61 | 4.63978e-310 | 2
6462297269681851 | 54 | 6.15633 | 33
12924594539363702 | 55 | 6.15633 | 33
25849189078727404 | 56 | 6.15633 | 33
51698378157454809 | 57 | 6.15633 | 33
103396756314909618 | 58 | 6.15633 | 33
206793512629819236 | 59 | 6.15633 | 33
413587025259638473 | 60 | 6.15633 | 33
827174050519276947 | 61 | 6.15633 | 33
1654348101038553894 | 62 | 6.15633 | 33
3308696202077107789 | 63 | 6.15633 | 33
6617392404154215579 | 64 | 6.15633 | 33
-5211959265401120457 | 65 | 6.15633 | 33
8022825542907310703 | 66 | 6.15633 | 33
-2401092987894930209 | 67 | 6.15633 | 33
-4802185975789860418 | 68 | 6.15633 | 33
8842372122129830780 | 69 | 6.15633 | 33
-761999829449890055 | 70 | 6.15633 | 33
-1523999658899780110 | 71 | 6.15633 | 33
-3047999317799560219 | 72 | 6.15633 | 33
-6095998635599120438 | 73 | 5.31446 | 29
6254746802511310741 | 74 | 5.31446 | 29
-5937250468686930134 | 75 | 5.31446 | 29
6572243136335691349 | 76 | 5.31446 | 29
-5302257801038168918 | 77 | 5.31446 | 29
7842228471633213780 | 78 | 5.31446 | 29
-2762287130443124055 | 79 | 5.31446 | 29
-5524574260886248110 | 80 | 5.31446 | 29
7397595551937055397 | 81 | 5.31446 | 29
-3651552969835440821 | 82 | 5.31446 | 29
-7303105939670881642 | 83 | 5.31446 | 29
3840532194367788332 | 84 | 5.31446 | 29
7681064388735576664 | 85 | 4.3183 | 23
-3084615296238398288 | 86 | 4.3183 | 23
-6169230592476796576 | 87 | 0.167589 | 3
-6169230592476796575 | 87 | 3.82371 | 20
6108282888755958466 | 88 | 3.82371 | 20
-6230178296197634684 | 89 | 3.2947 | 13
5986387481314282248 | 90 | 3.84326 | 1
5986387481314282249 | 90 | 3.21013 | 12
-6473969111080987117 | 91 | 3.21013 | 12
5498805851547577382 | 92 | 3.21013 | 12
-7449132370614396851 | 93 | 3.21013 | 12
3548479332480757915 | 94 | 3.21013 | 12
7096958664961515830 | 95 | 3.21013 | 12
-4252826743786519956 | 96 | 3.21013 | 12
-8505653487573039911 | 97 | 3.21013 | 12
1435437098563471794 | 98 | 3.21013 | 12
2870874197126943588 | 99 | 3.21013 | 12
5741748394253887176 | 100 | 3.21013 | 12
-6963247285201777264 | 101 | 3.21013 | 12
4520249503305997088 | 102 | 3.21013 | 12
9040499006611994177 | 103 | 3.21013 | 12
-365746060485563262 | 104 | 1.58101e-322 | 10
-365746060485563261 | 104 | 7.95446e-322 | 2
-6230178296197634683 | 89 | 4.63978e-310 | 7
7681064388735576665 | 85 | 4.63978e-310 | 6
-6095998635599120437 | 73 | 4.63978e-310 | 4
11755 | 15 | 11.8107 | 38
23510 | 16 | 11.8107 | 38
47020 | 17 | 11.8107 | 38
94040 | 18 | 11.8107 | 38
188080 | 19 | 11.8107 | 38
376160 | 20 | 11.8107 | 38
752320 | 21 | 11.8107 | 38
1504640 | 22 | 11.8107 | 38
3009281 | 23 | 11.8107 | 38
6018562 | 24 | 11.8107 | 38
12037124 | 25 | 11.8107 | 38
24074248 | 26 | 11.8107 | 38
48148496 | 27 | 5.01611 | 20
96296992 | 28 | 2.74615 | 14
192593985 | 29 | 2.74615 | 14
385187971 | 30 | 2.74615 | 14
770375943 | 31 | 2.74615 | 14
1540751886 | 32 | 2.74615 | 14
3081503773 | 33 | 2.74615 | 14
6163007546 | 34 | 2.74615 | 14
12326015093 | 35 | 2.74615 | 14
24652030187 | 36 | 2.74615 | 14
49304060374 | 37 | 4.63978e-310 | 9
49304060375 | 37 | 4.63978e-310 | 5
96296993 | 28 | 4.63978e-310 | 6
48148497 | 27 | 7.03521 | 18
96296994 | 28 | 7.03521 | 18
192593988 | 29 | 7.03521 | 18
385187977 | 30 | 7.03521 | 18
770375954 | 31 | 4.9778 | 17
1540751908 | 32 | 4.9778 | 16
3081503817 | 33 | 4.9778 | 16
6163007635 | 34 | 4.9778 | 16
12326015270 | 35 | 4.9778 | 16
24652030540 | 36 | 4.9778 | 16
49304061081 | 37 | 4.9778 | 16
98608122162 | 38 | 4.6457 | 15
197216244325 | 39 | 4.6457 | 15
394432488651 | 40 | 4.6457 | 15
788864977303 | 41 | 4.6457 | 15
1577729954607 | 42 | 4.6457 | 15
3155459909215 | 43 | 4.6457 | 15
6310919818431 | 44 | 4.6457 | 15
12621839636863 | 45 | 4.6457 | 15
25243679273726 | 46 | 4.6457 | 15
50487358547452 | 47 | 4.6457 | 15
100974717094904 | 48 | 4.6457 | 15
201949434189809 | 49 | 4.6457 | 15
403898868379619 | 50 | 4.6457 | 15
807797736759238 | 51 | 4.6457 | 15
1615595473518476 | 52 | 2.37152e-322 | 6
1615595473518477 | 52 | 4.63978e-310 | 9
98608122163 | 38 | 4.63978e-310 | 1
1540751909 | 32 | 4.63978e-310 | 1
770375955 | 31 | 4.63978e-310 | 1
1 | 1 | 26.2279 | 473
2 | 2 | 26.2279 | 473
5 | 3 | 26.2279 | 473
11 | 4 | 26.2279 | 473
22 | 5 | 26.2279 | 473
44 | 6 | 12.9519 | 65
88 | 7 | 12.9519 | 65
176 | 8 | 12.9519 | 65
353 | 9 | 12.9519 | 65
707 | 10 | 12.9519 | 65
1415 | 11 | 12.9519 | 65
2830 | 12 | 12.9519 | 65
5661 | 13 | 12.9519 | 65
11322 | 14 | 12.9519 | 65
22645 | 15 | 12.9519 | 65
45290 | 16 | 12.9519 | 65
90580 | 17 | 12.9519 | 65
181160 | 18 | 12.9519 | 65
362321 | 19 | 12.9519 | 65
724643 | 20 | 12.9519 | 65
1449287 | 21 | 12.9519 | 65
2898574 | 22 | 12.9519 | 65
5797149 | 23 | 12.9519 | 65
11594299 | 24 | 12.9519 | 65
23188598 | 25 | 12.9519 | 65
46377196 | 26 | 12.9519 | 65
92754393 | 27 | 12.9519 | 65
185508787 | 28 | 12.9519 | 65
371017575 | 29 | 12.9519 | 65
742035151 | 30 | 12.9519 | 65
1484070303 | 31 | 12.9519 | 65
2968140606 | 32 | 12.9519 | 65
5936281213 | 33 | 12.9519 | 65
11872562427 | 34 | 12.9519 | 65
23745124854 | 35 | 12.9519 | 65
47490249708 | 36 | 12.9519 | 65
94980499416 | 37 | 12.9519 | 65
189960998832 | 38 | 10.8145 | 55
379921997664 | 39 | 10.8145 | 55
759843995328 | 40 | 10.8145 | 55
1519687990656 | 41 | 10.3319 | 49
3039375981313 | 42 | 10.3319 | 49
6078751962626 | 43 | 3.94783 | 2
6078751962627 | 43 | 10.3319 | 47
12157503925254 | 44 | 10.3319 | 47
24315007850508 | 45 | 10.3319 | 47
48630015701016 | 46 | 10.3319 | 47
97260031402032 | 47 | 10.3319 | 47
194520062804064 | 48 | 8.82138 | 39
389040125608128 | 49 | 8.82138 | 39
778080251216257 | 50 | 8.82138 | 39
1556160502432514 | 51 | 8.82138 | 39
3112321004865028 | 52 | 8.82138 | 39
6224642009730056 | 53 | 8.82138 | 39
12449284019460112 | 54 | 8.82138 | 39
24898568038920225 | 55 | 8.82138 | 39
49797136077840450 | 56 | 6.53161 | 29
99594272155680900 | 57 | 4.63978e-310 | 9
99594272155680901 | 57 | 5.69555 | 20
199188544311361803 | 58 | 5.69555 | 20
398377088622723606 | 59 | 5.69555 | 20
796754177245447212 | 60 | 5.69555 | 20
1593508354490894424 | 61 | 5.69555 | 20
3187016708981788849 | 62 | 5.69555 | 20
6374033417963577699 | 63 | 5.69555 | 20
-5698677237782396218 | 64 | 5.69555 | 20
7049389598144759181 | 65 | 5.69555 | 20
-4347964877420033253 | 66 | 5.69555 | 20
-8695929754840066506 | 67 | 5.69555 | 20
1054884564029418604 | 68 | 5.69555 | 20
2109769128058837208 | 69 | 5.69555 | 20
4219538256117674416 | 70 | 4.63978e-310 | 1
4219538256117674417 | 70 | 5.29742 | 19
8439076512235348834 | 71 | 5.29742 | 19
-1568591049238853948 | 72 | 4.63978e-310 | 4
-1568591049238853947 | 72 | 5.29742 | 15
-3137182098477707893 | 73 | 5.29742 | 15
-6274364196955415785 | 74 | 5.29742 | 15
5898015679798720047 | 75 | 5.29742 | 15
-6650712714112111521 | 76 | 5.29742 | 15
5145318645485328574 | 77 | 5.29742 | 15
-8156106782738894467 | 78 | 5.29742 | 15
2134530508231762682 | 79 | 4.51038 | 14
4269061016463525364 | 80 | 4.63978e-310 | 1
4269061016463525365 | 80 | 4.15557 | 13
8538122032927050731 | 81 | 4.15557 | 13
-1370500007855450153 | 82 | 4.15557 | 13
-2741000015710900305 | 83 | 4.15557 | 13
-5482000031421800609 | 84 | 4.15557 | 13
7482744010865950398 | 85 | 4.15557 | 13
-3481256051977650819 | 86 | 4.15557 | 13
-6962512103955301638 | 87 | 4.15557 | 13
4521719865798948341 | 88 | 4.15557 | 13
9043439731597896683 | 89 | 4.15557 | 13
-359864610513758250 | 90 | 4.15557 | 13
-719729221027516500 | 91 | 4.15557 | 13
-1439458442055032999 | 92 | 4.15557 | 13
-2878916884110065998 | 93 | 4.15557 | 13
-5757833768220131995 | 94 | 4.15557 | 13
6931076537269287626 | 95 | 4.15557 | 13
-4584590999170976363 | 96 | 4.15557 | 13
-9169181998341952726 | 97 | 4.63978e-310 | 10
-9169181998341952725 | 97 | 4.63978e-310 | 3
2134530508231762683 | 79 | 4.63978e-310 | 1
49797136077840451 | 56 | 4.63978e-310 | 10
194520062804065 | 48 | 4.63978e-310 | 8
1519687990657 | 41 | 4.63978e-310 | 6
189960998833 | 38 | 4.63978e-310 | 10
45 | 6 | 22.3266 | 408
90 | 7 | 22.3266 | 407
181 | 8 | 22.3266 | 407
363 | 9 | 22.3266 | 407
726 | 10 | 22.3266 | 407
1452 | 11 | 22.3266 | 407
2904 | 12 | 22.3266 | 407
5809 | 13 | 22.3266 | 407
11618 | 14 | 22.3266 | 407
23237 | 15 | 22.3266 | 407
46475 | 16 | 22.3266 | 407
92950 | 17 | 22.3266 | 406
185901 | 18 | 22.3266 | 406
371802 | 19 | 22.3266 | 406
743605 | 20 | 22.3266 | 406
1487210 | 21 | 22.3266 | 406
2974421 | 22 | 22.3266 | 406
5948843 | 23 | 22.3266 | 406
11897686 | 24 | 22.3266 | 406
23795372 | 25 | 22.3266 | 406
47590745 | 26 | 22.3266 | 406
95181490 | 27 | 22.3266 | 406
190362981 | 28 | 22.3266 | 406
380725962 | 29 | 22.3266 | 406
761451924 | 30 | 12.647 | 159
1522903848 | 31 | 12.647 | 159
3045807696 | 32 | 12.647 | 159
6091615393 | 33 | 12.647 | 159
12183230787 | 34 | 12.647 | 159
24366461574 | 35 | 12.6086 | 157
48732923148 | 36 | 11.338 | 83
97465846296 | 37 | 11.338 | 83
194931692593 | 38 | 11.338 | 83
389863385186 | 39 | 11.338 | 83
779726770373 | 40 | 11.338 | 83
1559453540747 | 41 | 11.338 | 83
3118907081495 | 42 | 11.338 | 83
6237814162991 | 43 | 11.338 | 83
12475628325982 | 44 | 10.1822 | 65
24951256651965 | 45 | 10.1822 | 65
49902513303931 | 46 | 10.1822 | 65
99805026607862 | 47 | 10.1822 | 65
199610053215724 | 48 | 10.1822 | 65
399220106431448 | 49 | 3.9318 | 56
798440212862896 | 50 | 3.9318 | 56
1596880425725792 | 51 | 3.9318 | 56
3193760851451585 | 52 | 3.9318 | 56
6387521702903170 | 53 | 3.9318 | 56
12775043405806340 | 54 | 3.9318 | 56
25550086811612681 | 55 | 3.9318 | 56
51100173623225362 | 56 | 3.9318 | 56
102200347246450725 | 57 | 3.9318 | 56
204400694492901450 | 58 | 3.9318 | 56
408801388985802900 | 59 | 3.9318 | 56
817602777971605800 | 60 | 3.9318 | 56
1635205555943211600 | 61 | 2.82163 | 16
3270411111886423200 | 62 | 2.20493 | 12
6540822223772846400 | 63 | 1.63042e-322 | 2
6540822223772846401 | 63 | 1.58101e-322 | 10
3270411111886423201 | 62 | 4.63978e-310 | 4
1635205555943211601 | 61 | 3.70651 | 40
3270411111886423202 | 62 | 3.70651 | 40
6540822223772846404 | 63 | 3.70651 | 40
-5365099626163858807 | 64 | 3.70651 | 40
7716544821381834003 | 65 | 3.70651 | 40
-3013654430945883610 | 66 | 3.70651 | 40
-6027308861891767219 | 67 | 3.70651 | 40
6392126349926017178 | 68 | 3.70651 | 40
-5662491373857517260 | 69 | 3.70651 | 40
7121761325994517096 | 70 | 3.70651 | 36
-4203221421720517423 | 71 | 3.70651 | 36
-8406442843441034846 | 72 | 3.70651 | 36
1633858386827481925 | 73 | 3.70651 | 36
3267716773654963851 | 74 | 3.70651 | 36
6535433547309927702 | 75 | 3.70651 | 36
-5375876979089696212 | 76 | 3.70651 | 36
7694990115530159192 | 77 | 3.70651 | 36
-3056763842649233232 | 78 | 3.70651 | 36
-6113527685298466464 | 79 | 3.70651 | 36
6219688703112618688 | 80 | 2.94728 | 29
-6007366667484314240 | 81 | 2.94728 | 29
6432010738740923136 | 82 | 2.94728 | 29
-5582722596227705344 | 83 | 6.90513e-310 | 1
-5582722596227705343 | 83 | 2.45643 | 28
7281298881254140931 | 84 | 2.45643 | 28
-3884146311201269753 | 85 | 2.45643 | 28
-7768292622402539506 | 86 | 6.90513e-310 | 4
-7768292622402539505 | 86 | 2.10692 | 24
2910158828904472607 | 87 | 2.10692 | 24
5820317657808945214 | 88 | 2.10692 | 24
-6806108758091661187 | 89 | 2.10692 | 24
4834526557526229242 | 90 | 2.0058 | 21
-8777690958657093132 | 91 | 1.93229 | 12
891362156395365352 | 92 | 6.90513e-310 | 10
891362156395365353 | 92 | 4.79244e-322 | 2
-8777690958657093131 | 91 | 4.63978e-310 | 9
4834526557526229243 | 90 | 6.90513e-310 | 3
6219688703112618689 | 80 | 4.63978e-310 | 7
7121761325994517097 | 70 | 4.63978e-310 | 4
399220106431449 | 49 | 4.63978e-310 | 9
12475628325983 | 44 | 9.52216 | 18
24951256651967 | 45 | 9.52216 | 18
49902513303935 | 46 | 9.52216 | 18
99805026607870 | 47 | 9.52216 | 18
199610053215740 | 48 | 9.52216 | 18
399220106431480 | 49 | 9.52216 | 18
798440212862961 | 50 | 9.52216 | 18
1596880425725922 | 51 | 9.52216 | 18
3193760851451844 | 52 | 2.05392 | 12
6387521702903688 | 53 | 4.63978e-310 | 10
6387521702903689 | 53 | 4.63978e-310 | 2
3193760851451845 | 52 | 4.63978e-310 | 6
48732923149 | 36 | 12.3944 | 74
97465846298 | 37 | 12.3944 | 74
194931692597 | 38 | 12.3944 | 74
389863385194 | 39 | 12.3944 | 74
779726770388 | 40 | 12.3944 | 74
1559453540777 | 41 | 12.3944 | 74
3118907081554 | 42 | 12.3944 | 74
6237814163108 | 43 | 12.3944 | 74
12475628326216 | 44 | 12.3944 | 74
24951256652433 | 45 | 12.3944 | 74
49902513304867 | 46 | 12.3944 | 74
99805026609734 | 47 | 12.3944 | 74
199610053219469 | 48 | 12.3944 | 74
399220106438938 | 49 | 12.3944 | 74
798440212877876 | 50 | 12.3944 | 74
1596880425755753 | 51 | 12.3944 | 74
3193760851511507 | 52 | 12.3944 | 74
6387521703023014 | 53 | 12.3944 | 74
12775043406046029 | 54 | 12.3944 | 74
25550086812092059 | 55 | 12.3944 | 74
51100173624184118 | 56 | 187.234 | 2
51100173624184119 | 56 | 12.3944 | 72
102200347248368238 | 57 | 12.3944 | 72
204400694496736476 | 58 | 12.3944 | 72
408801388993472952 | 59 | 12.3944 | 72
817602777986945905 | 60 | 12.3944 | 72
1635205555973891810 | 61 | 3.83372 | 39
3270411111947783620 | 62 | 1.58101e-322 | 2
3270411111947783621 | 62 | 3.63463 | 37
6540822223895567242 | 63 | 3.63463 | 37
-5365099625918417132 | 64 | 3.12706 | 24
7716544821872717352 | 65 | 3.12706 | 24
-3013654429964116912 | 66 | 2.58469 | 19
-6027308859928233823 | 67 | 2.58469 | 19
6392126353853083970 | 68 | 2.58469 | 19
-5662491366003383676 | 69 | 2.58469 | 19
7121761341702784264 | 70 | 2.58469 | 19
-4203221390303983088 | 71 | 2.58469 | 19
-8406442780607966175 | 72 | 2.58469 | 19
1633858512493619267 | 73 | 2.58469 | 19
3267717024987238534 | 74 | 1.74515 | 14
6535434049974477068 | 75 | 1.74515 | 14
-5375875973760597480 | 76 | 1.74515 | 14
7694992126188356656 | 77 | 1.74515 | 14
-3056759821332838304 | 78 | 1.74515 | 14
-6113519642665676608 | 79 | 1.74515 | 14
6219704788378198400 | 80 | 1.74515 | 14
-6007334496953154815 | 81 | 1.74515 | 14
6432075079803241987 | 82 | 1.74515 | 14
-5582593914103067642 | 83 | 1.74515 | 14
7281556245503416333 | 84 | 1.74515 | 14
-3883631582702718950 | 85 | 0 | 8
-3883631582702718949 | 85 | 1.51406 | 6
3267717024987238535 | 74 | 4.63978e-310 | 5
-3013654429964116911 | 66 | 4.63978e-310 | 5
-5365099625918417131 | 64 | 2.5207 | 13
7716544821872717355 | 65 | 2.5207 | 13
-3013654429964116905 | 66 | 2.5207 | 13
-6027308859928233809 | 67 | 2.5207 | 13
6392126353853083999 | 68 | 2.5207 | 13
-5662491366003383617 | 69 | 2.5207 | 13
7121761341702784383 | 70 | 2.5207 | 13
-4203221390303982850 | 71 | 4.63978e-310 | 9
-4203221390303982849 | 71 | 4.63978e-310 | 4
1635205555973891811 | 61 | 9.77043 | 33
3270411111947783622 | 62 | 8.15284 | 25
6540822223895567245 | 63 | 8.15284 | 25
-5365099625918417125 | 64 | 8.15284 | 25
7716544821872717366 | 65 | 4.63978e-310 | 3
7716544821872717367 | 65 | 8.15284 | 22
-3013654429964116882 | 66 | 8.15284 | 22
-6027308859928233763 | 67 | 8.15284 | 22
6392126353853084091 | 68 | 8.15284 | 22
-5662491366003383434 | 69 | 8.15284 | 22
7121761341702784748 | 70 | 8.15284 | 22
-4203221390303982120 | 71 | 8.15284 | 22
-8406442780607964240 | 72 | 8.15284 | 22
1633858512493623137 | 73 | 8.15284 | 22
3267717024987246275 | 74 | 8.15284 | 22
6535434049974492550 | 75 | 8.15284 | 22
-5375875973760566515 | 76 | 8.15284 | 22
7694992126188418587 | 77 | 8.15284 | 22
-3056759821332714441 | 78 | 8.15284 | 22
-6113519642665428882 | 79 | 8.15284 | 22
6219704788378693853 | 80 | 8.15284 | 22
-6007334496952163910 | 81 | 8.15284 | 22
6432075079805223797 | 82 | 8.15284 | 22
-5582593914099104021 | 83 | 8.15284 | 22
7281556245511343574 | 84 | 8.15284 | 22
-3883631582686864468 | 85 | 2.37521 | 21
-7767263165373728936 | 86 | 0.247354 | 2
-7767263165373728935 | 86 | 1.97253 | 19
2912217742962093747 | 87 | 1.97253 | 19
5824435485924187494 | 88 | 1.97253 | 19
-6797873101861176628 | 89 | 10.8393 | 7
-6797873101861176627 | 89 | 1.5258 | 12
4850997869987198363 | 90 | 1.5258 | 12
-8744748333735154889 | 91 | 1.5258 | 12
957247406239241839 | 92 | 1.5258 | 12
1914494812478483678 | 93 | 1.5258 | 12
3828989624956967356 | 94 | 1.5258 | 12
7657979249913934713 | 95 | 1.5258 | 12
-3130785573881682189 | 96 | 1.5258 | 12
-6261571147763364378 | 97 | 1.5258 | 12
5923601778182822861 | 98 | 1.5258 | 12
-6599540517343905893 | 99 | 1.5258 | 12
5247663039021739830 | 100 | 0.590641 | 1
5247663039021739831 | 100 | 1.21738 | 11
-7951417995666071953 | 101 | 1.21738 | 11
2543908082377407711 | 102 | 1.21738 | 11
5087816164754815423 | 103 | 1.21738 | 11
-8271111744199920770 | 104 | 10.8393 | 6
-8271111744199920769 | 104 | 61.4438 | 5
-3883631582686864467 | 85 | 4.63978e-310 | 1
3270411111947783623 | 62 | 4.63978e-310 | 8
24366461575 | 35 | 4.63978e-310 | 2
761451925 | 30 | 18.7621 | 247
1522903850 | 31 | 18.7282 | 235
3045807700 | 32 | 18.7282 | 235
6091615400 | 33 | 13.8598 | 201
12183230800 | 34 | 13.8598 | 201
24366461601 | 35 | 13.8598 | 201
48732923202 | 36 | 11.2585 | 145
97465846405 | 37 | 11.2585 | 145
194931692810 | 38 | 11.2585 | 145
389863385620 | 39 | 11.2585 | 145
779726771241 | 40 | 11.2585 | 145
1559453542482 | 41 | 5.13337 | 45
3118907084965 | 42 | 5.13337 | 45
6237814169930 | 43 | 5.13337 | 45
12475628339860 | 44 | 4.67407 | 31
24951256679720 | 45 | 3.21143e-322 | 2
24951256679721 | 45 | 4.25522 | 29
49902513359443 | 46 | 4.25522 | 29
99805026718886 | 47 | 4.25522 | 29
199610053437772 | 48 | 4.25522 | 29
399220106875545 | 49 | 4.25522 | 29
798440213751090 | 50 | 3.77096 | 25
1596880427502180 | 51 | 3.72216 | 18
3193760855004361 | 52 | 3.72216 | 18
6387521710008722 | 53 | 3.72216 | 18
12775043420017445 | 54 | 3.72216 | 18
25550086840034890 | 55 | 1.63042e-322 | 8
25550086840034891 | 55 | 1.58101e-322 | 10
1596880427502181 | 51 | 4.63978e-310 | 7
798440213751091 | 50 | 4.63978e-310 | 4
12475628339861 | 44 | 4.25424 | 14
24951256679723 | 45 | 4.25424 | 14
49902513359446 | 46 | 4.25424 | 14
99805026718892 | 47 | 4.25424 | 14
199610053437785 | 48 | 4.25424 | 14
399220106875570 | 49 | 4.25424 | 14
798440213751141 | 50 | 4.25424 | 14
1596880427502282 | 51 | 4.25424 | 14
3193760855004564 | 52 | 4.25424 | 14
6387521710009128 | 53 | 4.25424 | 14
12775043420018256 | 54 | 4.25424 | 14
25550086840036513 | 55 | 4.25424 | 14
51100173680073027 | 56 | 4.25424 | 14
102200347360146054 | 57 | 4.25424 | 14
204400694720292108 | 58 | 4.25424 | 14
408801389440584217 | 59 | 4.25424 | 14
817602778881168435 | 60 | 4.25424 | 14
1635205557762336871 | 61 | 4.25424 | 14
3270411115524673743 | 62 | 4.25424 | 14
6540822231049347486 | 63 | 4.25424 | 14
-5365099611610856644 | 64 | 4.25424 | 14
7716544850487838328 | 65 | 4.25424 | 14
-3013654372733874960 | 66 | 4.25424 | 14
-6027308745467749920 | 67 | 1.02829 | 10
-6027308745467749919 | 67 | 0.348314 | 4
1559453542483 | 41 | 8.1408 | 100
3118907084966 | 42 | 7.2506 | 43
6237814169932 | 43 | 7.2506 | 43
12475628339865 | 44 | 7.2506 | 43
24951256679731 | 45 | 7.2506 | 43
49902513359463 | 46 | 7.2506 | 43
99805026718926 | 47 | 7.2506 | 43
199610053437853 | 48 | 7.2506 | 43
399220106875706 | 49 | 7.2506 | 43
798440213751412 | 50 | 7.2506 | 43
1596880427502824 | 51 | 7.2506 | 43
3193760855005649 | 52 | 7.2506 | 43
6387521710011298 | 53 | 1.02829 | 3
6387521710011299 | 53 | 7.04516 | 40
12775043420022598 | 54 | 7.04516 | 40
25550086840045196 | 55 | 7.04516 | 40
51100173680090393 | 56 | 7.04516 | 40
102200347360180786 | 57 | 7.04516 | 40
204400694720361573 | 58 | 7.04516 | 40
408801389440723147 | 59 | 7.04516 | 40
817602778881446294 | 60 | 7.04516 | 40
1635205557762892588 | 61 | 7.04516 | 40
3270411115525785177 | 62 | 7.04516 | 40
6540822231051570354 | 63 | 7.04516 | 40
-5365099611606410908 | 64 | 7.04516 | 40
7716544850496729801 | 65 | 7.04516 | 40
-3013654372716092014 | 66 | 7.04516 | 40
-6027308745432184027 | 67 | 7.04516 | 40
6392126582845183563 | 68 | 7.04516 | 40
-5662490908019184490 | 69 | 7.04516 | 40
7121762257671182636 | 70 | 7.04516 | 40
-4203219558367186343 | 71 | 7.04516 | 40
-8406439116734372685 | 72 | 7.04516 | 40
1633865840240806246 | 73 | 0.376438 | 2
1633865840240806247 | 73 | 7.04516 | 38
3267731680481612494 | 74 | 7.04516 | 38
6535463360963224989 | 75 | 7.04516 | 38
-5375817351783101638 | 76 | 1.90549 | 6
-5375817351783101637 | 76 | 7.04516 | 32
7695109370143348343 | 77 | 7.04516 | 32
-3056525333422854929 | 78 | 7.04516 | 32
-6113050666845709858 | 79 | 7.04516 | 32
6220642740018131900 | 80 | 7.04516 | 32
-6005458593673287815 | 81 | 7.04516 | 32
6435826886362975986 | 82 | 7.04516 | 32
-5575090300983599643 | 83 | 7.04516 | 32
7296563471742352331 | 84 | 7.04516 | 32
-3853617130224846953 | 85 | 7.04516 | 32
-7707234260449693906 | 86 | 7.04516 | 32
3032275552810163804 | 87 | 7.04516 | 32
6064551105620327609 | 88 | 7.04516 | 32
-6317641862468896397 | 89 | 7.04516 | 32
5811460348771758822 | 90 | 7.04516 | 32
-6823823376166033972 | 91 | 7.04516 | 32
4799097321377483672 | 92 | 7.04516 | 32
-8848549430954584272 | 93 | 7.04516 | 32
749645211800383073 | 94 | 7.04516 | 32
1499290423600766146 | 95 | 7.04516 | 32
2998580847201532293 | 96 | 7.04516 | 32
5997161694403064587 | 97 | 7.04516 | 32
-6452420684903422441 | 98 | 7.04516 | 32
5541902703902706735 | 99 | 7.04516 | 32
-7362938665904138146 | 100 | 7.04516 | 32
3720866741901275324 | 101 | 7.04516 | 32
7441733483802550649 | 102 | 7.04516 | 32
-3563277106104450317 | 103 | 7.04516 | 32
-7126554212208900634 | 104 | 1.31181 | 6
-7126554212208900633 | 104 | 4.74898 | 26
4193635649291750351 | 105 | 4.74898 | 26
8387271298583500703 | 106 | 4.74898 | 26
-1672201476542550210 | 107 | 4.74898 | 26
-3344402953085100420 | 108 | 1.00539 | 5
-3344402953085100419 | 108 | 4.74898 | 21
-6688805906170200837 | 109 | 4.74898 | 21
5069132261369149942 | 110 | 4.00546 | 20
-8308479550971251731 | 111 | 4.00546 | 20
1829784971767048154 | 112 | 3.35827 | 16
3659569943534096309 | 113 | 3.35827 | 16
7319139887068192618 | 114 | 2.63817 | 13
-3808464299573166380 | 115 | 2.63817 | 13
-7616928599146332760 | 116 | 2.63817 | 13
3212886875416886097 | 117 | 2.63817 | 13
6425773750833772194 | 118 | 2.63817 | 13
-5595196572042007228 | 119 | 2.63817 | 13
7256350929625537160 | 120 | 2.63817 | 13
-3934042214458477295 | 121 | 2.63817 | 13
-7868084428916954590 | 122 | 2.63817 | 13
2710575215875642436 | 123 | 2.63817 | 13
5421150431751284873 | 124 | 2.63817 | 13
-7604443210206981869 | 125 | 2.63817 | 13
3237857653295587879 | 126 | 2.63817 | 13
6475715306591175759 | 127 | 2.63817 | 13
-5495313460527200098 | 128 | 0 | 1
-5495313460527200097 | 128 | 2.14075 | 12
7456117152655151423 | 129 | 2.14075 | 12
-3534509768399248770 | 130 | 2.14075 | 12
-7069019536798497539 | 131 | 2.14075 | 12
4308705000112556539 | 132 | 2.14075 | 12
8617410000225113079 | 133 | 2.14075 | 12
-1211924073259325458 | 134 | 20.3435 | 1
-1211924073259325457 | 134 | 1.90889 | 11
-2423848146518650914 | 135 | 1.90889 | 11
-4847696293037301827 | 136 | 1.90889 | 11
8751351487634947962 | 137 | 1.90889 | 11
-944041098439655692 | 138 | 1.90889 | 11
-1888082196879311384 | 139 | 1.90889 | 11
-3776164393758622767 | 140 | 1.90889 | 11
-7552328787517245533 | 141 | 1.90889 | 11
3342086498675060551 | 142 | 1.90889 | 11
6684172997350121102 | 143 | 1.897 | 10
6684172997350121103 | 143 | 3.75002 | 1
7319139887068192619 | 114 | 4.63978e-310 | 3
1829784971767048155 | 112 | 4.63978e-310 | 4
5069132261369149943 | 110 | 4.63978e-310 | 1
3118907084967 | 42 | 6.91075 | 57
6237814169934 | 43 | 6.91075 | 57
12475628339868 | 44 | 6.91075 | 57
24951256679736 | 45 | 6.49253 | 43
49902513359473 | 46 | 6.49253 | 43
99805026718947 | 47 | 6.49253 | 43
199610053437895 | 48 | 6.49253 | 43
399220106875791 | 49 | 6.49253 | 43
798440213751582 | 50 | 5.74979 | 42
1596880427503164 | 51 | 5.39685 | 24
3193760855006328 | 52 | 5.39685 | 24
6387521710012657 | 53 | 5.39685 | 24
12775043420025314 | 54 | 5.39685 | 24
25550086840050628 | 55 | 5.39685 | 24
51100173680101256 | 56 | 1.58101e-322 | 6
51100173680101257 | 56 | 2.49038 | 18
102200347360202515 | 57 | 2.49038 | 18
204400694720405031 | 58 | 2.49038 | 18
408801389440810062 | 59 | 2.49038 | 18
817602778881620124 | 60 | 2.49038 | 18
1635205557763240248 | 61 | 2.49038 | 18
3270411115526480497 | 62 | 2.49038 | 18
6540822231052960994 | 63 | 2.49038 | 18
-5365099611603629628 | 64 | 2.49038 | 18
7716544850502292360 | 65 | 2.49038 | 18
-3013654372704966895 | 66 | 2.49038 | 18
-6027308745409933790 | 67 | 2.49038 | 18
6392126582889684036 | 68 | 1.62246 | 11
-5662490907930183543 | 69 | 1.62246 | 11
7121762257849184530 | 70 | 1.62246 | 11
-4203219558011182556 | 71 | 1.62246 | 11
-8406439116022365111 | 72 | 1.62246 | 11
1633865841664821395 | 73 | 1.62246 | 11
3267731683329642790 | 74 | 1.58101e-322 | 5
3267731683329642791 | 74 | 0 | 6
6392126582889684037 | 68 | 4.63978e-310 | 7
1596880427503165 | 51 | 5.55371 | 18
3193760855006331 | 52 | 5.55371 | 18
6387521710012662 | 53 | 5.55371 | 18
12775043420025324 | 54 | 5.55371 | 18
25550086840050649 | 55 | 5.55371 | 18
51100173680101299 | 56 | 5.55371 | 18
102200347360202598 | 57 | 5.55371 | 18
204400694720405196 | 58 | 5.55371 | 18
408801389440810392 | 59 | 5.55371 | 18
817602778881620784 | 60 | 5.55371 | 18
1635205557763241568 | 61 | 5.55371 | 18
3270411115526483136 | 62 | 1.63042e-322 | 3
3270411115526483137 | 62 | 2.84994 | 15
6540822231052966274 | 63 | 2.84994 | 15
-5365099611603619067 | 64 | 2.84994 | 15
7716544850502313482 | 65 | 1.63042e-322 | 8
7716544850502313483 | 65 | 1.63042e-322 | 7
798440213751583 | 50 | 4.63978e-310 | 1
24951256679737 | 45 | 5.47195 | 14
49902513359475 | 46 | 5.47195 | 14
99805026718951 | 47 | 5.47195 | 14
199610053437903 | 48 | 5.47195 | 14
399220106875806 | 49 | 5.47195 | 14
798440213751613 | 50 | 5.47195 | 14
1596880427503227 | 51 | 5.47195 | 14
3193760855006454 | 52 | 5.47195 | 14
6387521710012909 | 53 | 5.47195 | 14
12775043420025818 | 54 | 5.47195 | 14
25550086840051637 | 55 | 5.47195 | 14
51100173680103274 | 56 | 4.26794 | 12
102200347360206549 | 57 | 4.26794 | 12
204400694720413099 | 58 | 4.26794 | 12
408801389440826198 | 59 | 1.08956 | 3
408801389440826199 | 59 | 4.63978e-310 | 9
51100173680103275 | 56 | 4.63978e-310 | 2
48732923203 | 36 | 10.3844 | 56
97465846406 | 37 | 10.3844 | 56
194931692812 | 38 | 8.17032 | 44
389863385624 | 39 | 8.17032 | 44
779726771248 | 40 | 8.17032 | 44
1559453542496 | 41 | 5.5761 | 20
3118907084992 | 42 | 5.5761 | 20
6237814169984 | 43 | 5.5761 | 20
12475628339968 | 44 | 4.92987 | 15
24951256679936 | 45 | 4.92987 | 15
49902513359872 | 46 | 4.92987 | 15
99805026719745 | 47 | 4.92987 | 15
199610053439490 | 48 | 1.63042e-322 | 9
199610053439491 | 48 | 1.58101e-322 | 6
12475628339969 | 44 | 4.63978e-310 | 5
1559453542497 | 41 | 4.47744 | 24
3118907084994 | 42 | 4.63978e-310 | 6
3118907084995 | 42 | 3.32819 | 18
6237814169991 | 43 | 3.32819 | 18
12475628339983 | 44 | 3.32819 | 18
24951256679966 | 45 | 3.32819 | 18
49902513359932 | 46 | 3.32819 | 18
99805026719864 | 47 | 1.63042e-322 | 8
99805026719865 | 47 | 1.58101e-322 | 10
194931692813 | 38 | 2.54262 | 12
389863385626 | 39 | 2.54262 | 12
779726771253 | 40 | 2.54262 | 12
1559453542507 | 41 | 2.54262 | 12
3118907085014 | 42 | 2.54262 | 12
6237814170028 | 43 | 2.54262 | 12
12475628340056 | 44 | 2.54262 | 12
24951256680113 | 45 | 2.54262 | 12
49902513360226 | 46 | 2.54262 | 12
99805026720453 | 47 | 2.54262 | 12
199610053440906 | 48 | 3.21143e-322 | 10
199610053440907 | 48 | 3.21143e-322 | 2
6091615401 | 33 | 8.51884 | 34
12183230802 | 34 | 8.51884 | 34
24366461604 | 35 | 8.51884 | 26
48732923209 | 36 | 8.51884 | 26
97465846419 | 37 | 8.51884 | 26
194931692839 | 38 | 8.51884 | 26
389863385678 | 39 | 8.51884 | 26
779726771356 | 40 | 8.51884 | 26
1559453542712 | 41 | 8.51884 | 15
3118907085424 | 42 | 8.51884 | 15
6237814170848 | 43 | 8.51884 | 15
12475628341697 | 44 | 8.51884 | 15
24951256683395 | 45 | 8.51884 | 15
49902513366791 | 46 | 8.51884 | 15
99805026733583 | 47 | 8.51884 | 15
199610053467166 | 48 | 8.51884 | 15
399220106934332 | 49 | 8.51884 | 15
798440213868664 | 50 | 8.51884 | 15
1596880427737329 | 51 | 8.51884 | 15
3193760855474658 | 52 | 5.28136 | 14
6387521710949316 | 53 | 5.28136 | 13
12775043421898632 | 54 | 5.28136 | 13
25550086843797265 | 55 | 5.28136 | 13
51100173687594530 | 56 | 5.28136 | 13
102200347375189060 | 57 | 5.28136 | 13
204400694750378121 | 58 | 5.28136 | 13
408801389500756242 | 59 | 5.28136 | 13
817602779001512484 | 60 | 5.28136 | 13
1635205558003024969 | 61 | 5.28136 | 13
3270411116006049939 | 62 | 5.28136 | 13
6540822232012099879 | 63 | 5.28136 | 13
-5365099609685351858 | 64 | 5.28136 | 13
7716544854338847901 | 65 | 5.28136 | 13
-3013654365031855814 | 66 | 5.28136 | 13
-6027308730063711627 | 67 | 5.28136 | 13
6392126613582128363 | 68 | 5.28136 | 13
-5662490846545294890 | 69 | 5.28136 | 13
7121762380618961837 | 70 | 5.28136 | 13
-4203219312471627941 | 71 | 5.28136 | 13
-8406438624943255882 | 72 | 0.727376 | 6
-8406438624943255881 | 72 | 1.55417 | 7
6387521710949317 | 53 | 4.63978e-310 | 1
3193760855474659 | 52 | 4.63978e-310 | 1
1559453542713 | 41 | 7.07747 | 11
3118907085426 | 42 | 7.07747 | 11
6237814170852 | 43 | 7.07747 | 11
12475628341704 | 44 | 7.07747 | 11
24951256683409 | 45 | 7.07747 | 11
49902513366819 | 46 | 7.07747 | 11
99805026733638 | 47 | 7.07747 | 11
199610053467277 | 48 | 7.07747 | 11
399220106934555 | 49 | 7.07747 | 11
798440213869111 | 50 | 7.07747 | 11
1596880427738223 | 51 | 7.07747 | 11
3193760855476446 | 52 | 7.07747 | 11
6387521710952892 | 53 | 7.07747 | 11
12775043421905784 | 54 | 7.07747 | 11
25550086843811569 | 55 | 7.07747 | 11
51100173687623138 | 56 | 7.07747 | 11
102200347375246276 | 57 | 7.07747 | 11
204400694750492552 | 58 | 0.628836 | 4
204400694750492553 | 58 | 1.97211 | 7
24366461605 | 35 | 4.63978e-310 | 8
1522903851 | 31 | 13.7806 | 12
3045807702 | 32 | 13.7806 | 12
6091615404 | 33 | 13.7806 | 12
12183230808 | 34 | 13.7806 | 12
24366461617 | 35 | 13.7806 | 12
48732923235 | 36 | 13.7806 | 12
97465846470 | 37 | 13.7806 | 12
194931692941 | 38 | 13.7806 | 12
389863385882 | 39 | 13.7806 | 12
779726771764 | 40 | 13.7806 | 12
1559453543528 | 41 | 4.63978e-310 | 6
1559453543529 | 41 | 4.63978e-310 | 6
92951 | 17 | 4.63978e-310 | 1
91 | 7 | 4.63978e-310 | 1
