ID | Depth | diameter | Number of points
0 | 0 | 29.316 | 1600
0 | 1 | 18.8479 | 160
0 | 2 | 18.8479 | 160
0 | 3 | 6.49125 | 36
1 | 4 | 6.49125 | 36
2 | 5 | 6.49125 | 36
4 | 6 | 5.63271 | 26
9 | 7 | 5.63271 | 26
18 | 8 | 5.63271 | 26
36 | 9 | 5.63271 | 26
72 | 10 | 5.63271 | 26
144 | 11 | 5.63271 | 26
288 | 12 | 5.63271 | 26
577 | 13 | 5.63271 | 26
1155 | 14 | 5.63271 | 26
2310 | 15 | 5.63271 | 26
4620 | 16 | 5.63271 | 26
9240 | 17 | 5.63271 | 26
18480 | 18 | 5.63271 | 26
36960 | 19 | 5.63271 | 26
73920 | 20 | 4.8989 | 20
147841 | 21 | 4.8989 | 20
295683 | 22 | 4.8989 | 20
591367 | 23 | 4.8989 | 20
1182735 | 24 | 4.8989 | 20
2365471 | 25 | 4.8989 | 20
4730943 | 26 | 4.8989 | 20
9461886 | 27 | 1.63042e-322 | 1
9461887 | 27 | 3.48861 | 19
18923774 | 28 | 3.48861 | 19
37847548 | 29 | 1.58101e-322 | 8
37847549 | 29 | 1.92993 | 11
75695098 | 30 | 1.63042e-322 | 5
75695099 | 30 | 1.63042e-322 | 6
73921 | 20 | 1.63042e-322 | 6
5 | 6 | 4.63978e-310 | 10
1 | 3 | 13.8668 | 124
3 | 4 | 13.8668 | 124
6 | 5 | 13.8668 | 124
13 | 6 | 13.8668 | 124
26 | 7 | 13.8668 | 124
53 | 8 | 13.8668 | 124
106 | 9 | 13.8668 | 124
213 | 10 | 13.8668 | 124
427 | 11 | 13.8668 | 124
854 | 12 | 6.81031 | 64
1708 | 13 | 6.81031 | 64
3416 | 14 | 6.81031 | 64
6833 | 15 | 6.81031 | 64
13666 | 16 | 6.40405 | 28
27333 | 17 | 6.40405 | 28
54666 | 18 | 4.97699 | 23
109333 | 19 | 4.97699 | 23
218666 | 20 | 4.97699 | 23
437332 | 21 | 1.63042e-322 | 5
437333 | 21 | 2.92615 | 18
874666 | 22 | 2.92615 | 18
1749332 | 23 | 1.63042e-322 | 3
1749333 | 23 | 2.92615 | 15
3498666 | 24 | 2.92615 | 15
6997333 | 25 | 2.92615 | 15
13994666 | 26 | 2.92615 | 11
27989332 | 27 | 2.92615 | 11
55978665 | 28 | 2.92615 | 11
111957330 | 29 | 2.92615 | 11
223914660 | 30 | 1.63042e-322 | 2
223914661 | 30 | 1.63042e-322 | 9
13994667 | 26 | 1.58101e-322 | 4
54667 | 18 | 1.58101e-322 | 5
13667 | 16 | 6.45343 | 36
27334 | 17 | 6.45343 | 36
54668 | 18 | 5.68684 | 31
109336 | 19 | 5.68684 | 31
218673 | 20 | 5.68684 | 31
437346 | 21 | 5.68684 | 31
874692 | 22 | 5.68684 | 31
1749385 | 23 | 5.68684 | 31
3498770 | 24 | 5.68684 | 31
6997540 | 25 | 5.68684 | 31
13995081 | 26 | 5.68684 | 31
27990163 | 27 | 5.68684 | 31
55980327 | 28 | 5.68684 | 31
111960654 | 29 | 5.68684 | 31
223921308 | 30 | 5.68684 | 31
447842617 | 31 | 5.68684 | 31
895685234 | 32 | 5.68684 | 31
1791370468 | 33 | 1.63042e-322 | 2
1791370469 | 33 | 5.68684 | 29
3582740939 | 34 | 5.68684 | 29
7165481879 | 35 | 5.68684 | 29
14330963758 | 36 | 5.27446 | 21
28661927516 | 37 | 5.27446 | 21
57323855032 | 38 | 5.27446 | 21
114647710064 | 39 | 1.63042e-322 | 3
114647710065 | 39 | 4.05335 | 18
229295420131 | 40 | 4.05335 | 18
458590840262 | 41 | 4.05335 | 18
917181680524 | 42 | 1.63042e-322 | 9
917181680525 | 42 | 1.63042e-322 | 9
14330963759 | 36 | 1.63042e-322 | 8
54669 | 18 | 1.63042e-322 | 5
855 | 12 | 8.37333 | 60
1710 | 13 | 8.37333 | 60
3420 | 14 | 8.37333 | 60
6840 | 15 | 8.37333 | 60
13680 | 16 | 1.58101e-322 | 9
13681 | 16 | 8.37333 | 51
27363 | 17 | 8.37333 | 51
54726 | 18 | 5.9778 | 45
109453 | 19 | 5.9778 | 45
218906 | 20 | 5.9778 | 45
437812 | 21 | 5.9778 | 45
875625 | 22 | 5.9778 | 45
1751250 | 23 | 5.9778 | 45
3502501 | 24 | 5.9778 | 45
7005002 | 25 | 5.9778 | 45
14010004 | 26 | 1.26178 | 2
14010005 | 26 | 5.62118 | 43
28020011 | 27 | 5.62118 | 43
56040022 | 28 | 5.62118 | 43
112080044 | 29 | 5.35573 | 41
224160088 | 30 | 5.35573 | 41
448320176 | 31 | 5.35573 | 41
896640352 | 32 | 5.35573 | 41
1793280704 | 33 | 5.35573 | 41
3586561408 | 34 | 5.35573 | 41
7173122816 | 35 | 5.35573 | 41
14346245633 | 36 | 5.35573 | 41
28692491266 | 37 | 5.35573 | 41
57384982533 | 38 | 5.35573 | 41
114769965066 | 39 | 5.35573 | 41
229539930132 | 40 | 5.35573 | 41
459079860264 | 41 | 5.35573 | 38
918159720528 | 42 | 5.35573 | 38
1836319441056 | 43 | 4.63978e-310 | 8
1836319441057 | 43 | 5.35573 | 30
3672638882115 | 44 | 5.35573 | 30
7345277764230 | 45 | 3.56828 | 14
14690555528461 | 46 | 3.56828 | 14
29381111056922 | 47 | 3.56828 | 14
58762222113844 | 48 | 2.53605 | 11
117524444227688 | 49 | 2.53605 | 11
235048888455376 | 50 | 2.53605 | 11
470097776910752 | 51 | 4.63978e-310 | 3
470097776910753 | 51 | 4.63978e-310 | 8
58762222113845 | 48 | 4.63978e-310 | 3
7345277764231 | 45 | 1.75852 | 16
14690555528462 | 46 | 1.75852 | 16
29381111056924 | 47 | 1.75852 | 16
58762222113849 | 48 | 1.75852 | 16
117524444227698 | 49 | 1.75852 | 16
235048888455396 | 50 | 1.70445 | 14
470097776910792 | 51 | 3.73996 | 5
470097776910793 | 51 | 3.46136 | 9
235048888455397 | 50 | 7.01463 | 2
459079860265 | 41 | 0.0885148 | 3
112080045 | 29 | 0.0432498 | 2
54727 | 18 | 3.39505 | 6
1 | 1 | 29.316 | 1440
2 | 2 | 29.316 | 1440
4 | 3 | 9.94869 | 17
9 | 4 | 9.94869 | 17
18 | 5 | 9.94869 | 17
36 | 6 | 9.94869 | 17
72 | 7 | 9.94869 | 17
144 | 8 | 4.63978e-310 | 6
145 | 8 | 6.53239 | 11
290 | 9 | 6.53239 | 11
581 | 10 | 6.53239 | 11
1162 | 11 | 4.63978e-310 | 6
1163 | 11 | 4.63978e-310 | 5
5 | 3 | 29.316 | 1423
10 | 4 | 26.8598 | 1073
20 | 5 | 26.8598 | 1073
40 | 6 | 16.8546 | 266
80 | 7 | 15.3013 | 193
161 | 8 | 15.3013 | 193
323 | 9 | 15.3013 | 193
647 | 10 | 15.3013 | 193
1294 | 11 | 4.63978e-310 | 2
1295 | 11 | 14.36 | 191
2590 | 12 | 14.36 | 191
5181 | 13 | 14.36 | 191
10363 | 14 | 14.36 | 191
20727 | 15 | 14.36 | 191
41455 | 16 | 14.36 | 191
82910 | 17 | 14.36 | 191
165820 | 18 | 14.36 | 191
331640 | 19 | 14.36 | 191
663280 | 20 | 14.36 | 191
1326560 | 21 | 14.36 | 191
2653120 | 22 | 14.36 | 191
5306240 | 23 | 7.90157 | 67
10612481 | 24 | 7.90157 | 67
21224962 | 25 | 7.74065 | 49
42449924 | 26 | 7.74065 | 49
84899849 | 27 | 7.74065 | 49
169799699 | 28 | 7.74065 | 49
339599398 | 29 | 7.74065 | 49
679198796 | 30 | 7.74065 | 49
1358397592 | 31 | 7.74065 | 49
2716795184 | 32 | 7.74065 | 49
5433590368 | 33 | 7.74065 | 49
10867180737 | 34 | 7.74065 | 49
21734361475 | 35 | 7.74065 | 49
43468722950 | 36 | 7.27727 | 38
86937445900 | 37 | 7.27727 | 38
173874891800 | 38 | 7.27727 | 38
347749783600 | 39 | 7.27727 | 38
695499567200 | 40 | 7.27727 | 38
1390999134400 | 41 | 7.27727 | 38
2781998268801 | 42 | 7.27727 | 38
5563996537602 | 43 | 6.88382 | 11
11127993075205 | 44 | 6.88382 | 11
22255986150410 | 45 | 1.50843 | 2
22255986150411 | 45 | 4.39773 | 9
5563996537603 | 43 | 2.68083 | 27
11127993075206 | 44 | 2.68083 | 27
22255986150413 | 45 | 2.68083 | 27
44511972300827 | 46 | 2.68083 | 27
89023944601655 | 47 | 2.68083 | 27
178047889203311 | 48 | 2.68083 | 27
356095778406623 | 49 | 2.68083 | 27
712191556813246 | 50 | 2.68083 | 27
1424383113626492 | 51 | 2.68083 | 27
2848766227252984 | 52 | 2.68083 | 24
5697532454505969 | 53 | 2.68083 | 24
11395064909011939 | 54 | 2.68083 | 24
22790129818023878 | 55 | 2.37152e-322 | 1
22790129818023879 | 55 | 2.68083 | 23
45580259636047759 | 56 | 2.68083 | 23
91160519272095518 | 57 | 2.68083 | 23
182321038544191037 | 58 | 2.68083 | 23
364642077088382074 | 59 | 2.68083 | 23
729284154176764149 | 60 | 2.68083 | 23
1458568308353528299 | 61 | 2.68083 | 23
2917136616707056598 | 62 | 2.68083 | 23
5834273233414113196 | 63 | 2.68083 | 23
-6778197606881325223 | 64 | 2.68083 | 23
4890348859946901170 | 65 | 2.37152e-322 | 8
4890348859946901171 | 65 | 1.95482 | 15
-8666046353815749273 | 66 | 1.95482 | 15
1114651366078053071 | 67 | 1.95482 | 15
2229302732156106143 | 68 | 1.95482 | 15
4458605464312212287 | 69 | 1.95482 | 15
8917210928624424575 | 70 | 1.95482 | 15
-612322216460702465 | 71 | 1.95482 | 15
-1224644432921404930 | 72 | 2.37152e-322 | 6
-1224644432921404929 | 72 | 2.37152e-322 | 9
2848766227252985 | 52 | 4.63978e-310 | 3
43468722951 | 36 | 3.33499 | 11
86937445903 | 37 | 3.33499 | 11
173874891806 | 38 | 4.63978e-310 | 7
173874891807 | 38 | 4.63978e-310 | 4
21224963 | 25 | 3.29023 | 18
42449927 | 26 | 3.29023 | 18
84899854 | 27 | 3.29023 | 18
169799708 | 28 | 3.29023 | 18
339599416 | 29 | 1.88869 | 12
679198832 | 30 | 1.88869 | 12
1358397664 | 31 | 1.88869 | 12
2716795328 | 32 | 4.63978e-310 | 7
2716795329 | 32 | 4.63978e-310 | 5
339599417 | 29 | 4.63978e-310 | 6
5306241 | 23 | 12.147 | 124
10612482 | 24 | 12.147 | 124
21224965 | 25 | 12.147 | 124
42449930 | 26 | 12.0328 | 121
84899861 | 27 | 12.0328 | 121
169799722 | 28 | 12.0328 | 121
339599444 | 29 | 12.0328 | 121
679198888 | 30 | 12.0328 | 121
1358397777 | 31 | 12.0328 | 121
2716795554 | 32 | 12.0328 | 121
5433591109 | 33 | 12.0328 | 121
10867182219 | 34 | 12.0328 | 121
21734364438 | 35 | 12.0328 | 121
43468728876 | 36 | 12.0328 | 121
86937457752 | 37 | 10.5456 | 25
173874915505 | 38 | 10.5456 | 25
347749831010 | 39 | 10.5456 | 25
695499662020 | 40 | 10.5456 | 25
1390999324040 | 41 | 0.45745 | 3
1390999324041 | 41 | 7.49401 | 22
2781998648082 | 42 | 7.49401 | 22
5563997296164 | 43 | 7.49401 | 22
11127994592328 | 44 | 7.49401 | 22
22255989184656 | 45 | 2.37152e-322 | 10
22255989184657 | 45 | 2.1081 | 12
44511978369315 | 46 | 2.1081 | 12
89023956738631 | 47 | 2.1081 | 12
178047913477262 | 48 | 2.1081 | 12
356095826954524 | 49 | 2.1081 | 12
712191653909048 | 50 | 2.1081 | 12
1424383307818097 | 51 | 2.1081 | 12
2848766615636194 | 52 | 2.1081 | 12
5697533231272388 | 53 | 2.1081 | 12
11395066462544776 | 54 | 2.1081 | 12
22790132925089552 | 55 | 2.1081 | 12
45580265850179105 | 56 | 2.1081 | 12
91160531700358211 | 57 | 2.1081 | 12
182321063400716422 | 58 | 2.1081 | 12
364642126801432844 | 59 | 2.1081 | 12
729284253602865689 | 60 | 2.1081 | 12
1458568507205731378 | 61 | 2.1081 | 12
2917137014411462756 | 62 | 2.1081 | 12
5834274028822925513 | 63 | 2.1081 | 12
-6778196016063700590 | 64 | 2.1081 | 12
4890352041582150436 | 65 | 2.1081 | 12
-8666039990545250744 | 66 | 2.1081 | 12
1114664092619050128 | 67 | 2.1081 | 12
2229328185238100257 | 68 | 2.1081 | 12
4458656370476200515 | 69 | 2.1081 | 12
8917312740952401030 | 70 | 2.1081 | 12
-612118591804749555 | 71 | 2.1081 | 12
-1224237183609499110 | 72 | 5.75365 | 4
-1224237183609499109 | 72 | 3.67301 | 8
86937457753 | 37 | 11.552 | 96
173874915506 | 38 | 9.56223 | 77
347749831012 | 39 | 9.56223 | 77
695499662025 | 40 | 9.56223 | 77
1390999324051 | 41 | 9.56223 | 77
2781998648102 | 42 | 9.56223 | 77
5563997296205 | 43 | 9.56223 | 77
11127994592410 | 44 | 9.56223 | 77
22255989184820 | 45 | 9.56223 | 77
44511978369641 | 46 | 9.56223 | 77
89023956739282 | 47 | 9.56223 | 77
178047913478564 | 48 | 9.56223 | 77
356095826957128 | 49 | 9.56223 | 77
712191653914256 | 50 | 9.56223 | 77
1424383307828513 | 51 | 9.56223 | 77
2848766615657026 | 52 | 9.56223 | 77
5697533231314053 | 53 | 9.56223 | 77
11395066462628107 | 54 | 9.56223 | 77
22790132925256214 | 55 | 9.56223 | 77
45580265850512429 | 56 | 9.56223 | 77
91160531701024858 | 57 | 9.56223 | 77
182321063402049716 | 58 | 9.56223 | 77
364642126804099433 | 59 | 9.56223 | 77
729284253608198866 | 60 | 9.56223 | 77
1458568507216397732 | 61 | 9.56223 | 77
2917137014432795465 | 62 | 9.56223 | 77
5834274028865590931 | 63 | 9.56223 | 77
-6778196015978369754 | 64 | 9.56223 | 77
4890352041752812109 | 65 | 9.56223 | 77
-8666039990203927398 | 66 | 9.56223 | 77
1114664093301696821 | 67 | 9.56223 | 77
2229328186603393642 | 68 | 9.56223 | 77
4458656373206787284 | 69 | 7.49329 | 23
8917312746413574568 | 70 | 7.49329 | 23
-612118580882402479 | 71 | 7.49329 | 23
-1224237161764804957 | 72 | 7.49329 | 23
-2448474323529609914 | 73 | 7.49329 | 23
-4896948647059219827 | 74 | 7.49329 | 23
8652846779591111963 | 75 | 7.49329 | 23
-1141050514527327690 | 76 | 7.49329 | 23
-2282101029054655380 | 77 | 0.00974768 | 4
-2282101029054655379 | 77 | 6.49233 | 19
-4564202058109310757 | 78 | 6.49233 | 19
-9128404116218621513 | 79 | 6.49233 | 19
189935841272308591 | 80 | 6.49233 | 19
379871682544617182 | 81 | 6.49233 | 19
759743365089234364 | 82 | 1.63042e-322 | 7
759743365089234365 | 82 | 5.53102 | 12
1519486730178468731 | 83 | 5.53102 | 12
3038973460356937462 | 84 | 5.53102 | 12
6077946920713874924 | 85 | 1.323 | 9
6077946920713874925 | 85 | 0.939712 | 3
4458656373206787285 | 69 | 7.99021 | 54
8917312746413574570 | 70 | 7.99021 | 54
-612118580882402475 | 71 | 7.99021 | 54
-1224237161764804949 | 72 | 7.99021 | 54
-2448474323529609898 | 73 | 7.99021 | 48
-4896948647059219796 | 74 | 7.54624 | 47
8652846779591112024 | 75 | 7.54624 | 47
-1141050514527327567 | 76 | 7.54624 | 47
-2282101029054655134 | 77 | 7.54624 | 47
-4564202058109310268 | 78 | 7.54624 | 47
-9128404116218620535 | 79 | 7.54624 | 47
189935841272310547 | 80 | 7.54624 | 47
379871682544621094 | 81 | 7.54624 | 47
759743365089242189 | 82 | 7.54624 | 47
1519486730178484379 | 83 | 7.54624 | 47
3038973460356968759 | 84 | 7.54624 | 47
6077946920713937518 | 85 | 7.54624 | 47
-6290850232281676579 | 86 | 7.54624 | 47
5865043609146198458 | 87 | 7.54624 | 34
-6716656855417154700 | 88 | 7.54624 | 34
5013430362875242216 | 89 | 3.6459 | 25
-8419883347959067184 | 90 | 3.6459 | 25
1606977377791417248 | 91 | 10.3753 | 6
1606977377791417249 | 91 | 3.1319 | 19
3213954755582834498 | 92 | 3.1319 | 19
6427909511165668996 | 93 | 3.1319 | 19
-5590925051378213624 | 94 | 3.1319 | 19
7264893970953124369 | 95 | 3.1319 | 19
-3916956131803302878 | 96 | 3.1319 | 19
-7833912263606605755 | 97 | 3.1319 | 19
2778919546496340107 | 98 | 3.1319 | 19
5557839092992680214 | 99 | 3.1319 | 19
-7331065887724191188 | 100 | 3.1319 | 19
3784612298261169241 | 101 | 3.1319 | 19
7569224596522338482 | 102 | 3.1319 | 19
-3308294880664874652 | 103 | 3.1319 | 19
-6616589761329749304 | 104 | 3.1319 | 19
5213564551050053008 | 105 | 3.1319 | 19
-8019614971609445600 | 106 | 3.1319 | 19
2407514130490660416 | 107 | 3.1319 | 19
4815028260981320832 | 108 | 3.1319 | 19
-8816687551746909952 | 109 | 3.1319 | 18
813368970215731713 | 110 | 3.1319 | 18
1626737940431463426 | 111 | 3.1319 | 18
3253475880862926853 | 112 | 3.1319 | 18
6506951761725853707 | 113 | 3.1319 | 18
-5432840550257844201 | 114 | 3.1319 | 18
7581062973193863215 | 115 | 3.1319 | 18
-3284618127321825185 | 116 | 3.1319 | 18
-6569236254643650370 | 117 | 3.1319 | 18
5308271564422250876 | 118 | 3.1319 | 18
-7830200944865049864 | 119 | 3.1319 | 18
2786342183979451889 | 120 | 3.1319 | 18
5572684367958903778 | 121 | 3.1319 | 18
-7301375337791744060 | 122 | 19.1654 | 1
-7301375337791744059 | 122 | 3.1319 | 17
3843993398126063499 | 123 | 3.1319 | 17
7687986796252126998 | 124 | 1.5072 | 13
-3070770481205297619 | 125 | 1.5072 | 13
-6141540962410595237 | 126 | 1.5072 | 13
6163662148888361143 | 127 | 1.5072 | 13
-6119419775932829330 | 128 | 6.90513e-310 | 1
-6119419775932829329 | 128 | 1.26692 | 12
6207904521843892958 | 129 | 1.26692 | 12
-6030935030021765699 | 130 | 1.26692 | 12
6384874013666020219 | 131 | 1.26692 | 12
-5676996046377511178 | 132 | 1.26692 | 12
7092751980954529261 | 133 | 1.26692 | 12
-4261240111800493093 | 134 | 1.26692 | 12
-8522480223600986186 | 135 | 1.26692 | 12
1401783626507579244 | 136 | 1.26692 | 12
2803567253015158488 | 137 | 1.26692 | 12
5607134506030316976 | 138 | 1.26692 | 12
-7232475061648917663 | 139 | 1.26692 | 12
3981793950411716291 | 140 | 1.26692 | 12
7963587900823432582 | 141 | 1.26692 | 12
-2519568272062686451 | 142 | 1.26692 | 12
-5039136544125372902 | 143 | 1.26692 | 12
8368470985458805812 | 144 | 1.26692 | 12
-1709802102791939992 | 145 | 0.782037 | 10
-1709802102791939991 | 145 | 0.31483 | 2
7687986796252126999 | 124 | 4.63978e-310 | 4
-8816687551746909951 | 109 | 4.63978e-310 | 1
5013430362875242217 | 89 | 4.63978e-310 | 9
5865043609146198459 | 87 | 4.97566 | 13
-6716656855417154697 | 88 | 4.97566 | 13
5013430362875242223 | 89 | 4.97566 | 13
-8419883347959067169 | 90 | 4.97566 | 13
1606977377791417279 | 91 | 4.97566 | 13
3213954755582834559 | 92 | 4.97566 | 13
6427909511165669119 | 93 | 4.97566 | 13
-5590925051378213378 | 94 | 4.97566 | 13
7264893970953124860 | 95 | 4.63978e-310 | 2
7264893970953124861 | 95 | 4.18582 | 11
-3916956131803301893 | 96 | 4.18582 | 11
-7833912263606603785 | 97 | 4.18582 | 11
2778919546496344046 | 98 | 4.63978e-310 | 6
2778919546496344047 | 98 | 4.63978e-310 | 5
-4896948647059219795 | 74 | 4.63978e-310 | 1
-2448474323529609897 | 73 | 4.63978e-310 | 6
173874915507 | 38 | 6.9487 | 19
347749831014 | 39 | 5.93183 | 17
695499662028 | 40 | 4.63978e-310 | 4
695499662029 | 40 | 4.78701 | 13
1390999324058 | 41 | 4.78701 | 13
2781998648117 | 42 | 4.78701 | 13
5563997296234 | 43 | 4.63978e-310 | 10
5563997296235 | 43 | 4.63978e-310 | 3
347749831015 | 39 | 4.63978e-310 | 2
42449931 | 26 | 4.63978e-310 | 3
81 | 7 | 12.4055 | 73
163 | 8 | 12.4055 | 73
327 | 9 | 12.4055 | 73
654 | 10 | 12.4055 | 71
1309 | 11 | 12.4055 | 71
2618 | 12 | 12.4055 | 71
5237 | 13 | 12.4055 | 71
10474 | 14 | 12.4055 | 71
20948 | 15 | 12.4055 | 71
41897 | 16 | 12.4055 | 71
83795 | 17 | 12.4055 | 71
167590 | 18 | 4.63978e-310 | 2
167591 | 18 | 11.6905 | 69
335182 | 19 | 11.6905 | 69
670364 | 20 | 11.6905 | 69
1340729 | 21 | 11.6905 | 69
2681459 | 22 | 11.6905 | 69
5362919 | 23 | 11.6905 | 69
10725838 | 24 | 11.6905 | 69
21451677 | 25 | 11.6905 | 69
42903355 | 26 | 11.6905 | 69
85806710 | 27 | 11.6905 | 69
171613420 | 28 | 11.6905 | 69
343226840 | 29 | 11.6905 | 69
686453681 | 30 | 11.6905 | 69
1372907362 | 31 | 11.6905 | 69
2745814724 | 32 | 11.6905 | 69
5491629448 | 33 | 11.6905 | 69
10983258897 | 34 | 11.6905 | 69
21966517794 | 35 | 1.57645 | 6
21966517795 | 35 | 9.63068 | 63
43933035590 | 36 | 9.63068 | 63
87866071180 | 37 | 9.63068 | 63
175732142360 | 38 | 9.63068 | 63
351464284720 | 39 | 9.63068 | 63
702928569440 | 40 | 9.63068 | 63
1405857138880 | 41 | 2.3864 | 11
2811714277760 | 42 | 2.3864 | 11
5623428555520 | 43 | 2.3864 | 11
11246857111040 | 44 | 1.58101e-322 | 9
11246857111041 | 44 | 4.63978e-310 | 2
1405857138881 | 41 | 7.3143 | 52
2811714277762 | 42 | 7.3143 | 52
5623428555525 | 43 | 7.3143 | 52
11246857111051 | 44 | 7.3143 | 52
22493714222103 | 45 | 7.3143 | 52
44987428444206 | 46 | 7.3143 | 52
89974856888412 | 47 | 7.3143 | 52
179949713776825 | 48 | 7.3143 | 52
359899427553651 | 49 | 7.3143 | 52
719798855107303 | 50 | 7.3143 | 52
1439597710214607 | 51 | 7.3143 | 52
2879195420429214 | 52 | 7.3143 | 52
5758390840858428 | 53 | 1.56874 | 6
5758390840858429 | 53 | 4.7822 | 46
11516781681716859 | 54 | 4.7822 | 46
23033563363433719 | 55 | 4.7822 | 46
46067126726867438 | 56 | 4.7822 | 46
92134253453734876 | 57 | 4.7822 | 46
184268506907469752 | 58 | 4.33719 | 23
368537013814939504 | 59 | 4.33719 | 23
737074027629879008 | 60 | 4.33719 | 23
1474148055259758017 | 61 | 4.33719 | 23
2948296110519516035 | 62 | 4.33719 | 23
5896592221039032071 | 63 | 4.33719 | 23
-6653559631631487474 | 64 | 4.33719 | 23
5139624810446576668 | 65 | 4.33719 | 23
-8167494452816398279 | 66 | 4.33719 | 23
2111755168076755058 | 67 | 4.33719 | 23
4223510336153510116 | 68 | 3.79995 | 21
8447020672307020233 | 69 | 3.79995 | 21
-1552702729095511150 | 70 | 3.79995 | 21
-3105405458191022299 | 71 | 3.79995 | 21
-6210810916382044597 | 72 | 3.79995 | 21
6025122240945462422 | 73 | 3.79995 | 21
-6396499591818626772 | 74 | 3.79995 | 21
5653744890072298073 | 75 | 3.79995 | 21
-7139254293564955470 | 76 | 3.79995 | 21
4168235486579640676 | 77 | 5.36915 | 10
4168235486579640677 | 77 | 2.04417 | 11
8336470973159281354 | 78 | 2.04417 | 11
-1773802127390988907 | 79 | 2.04417 | 11
-3547604254781977814 | 80 | 2.04417 | 11
-7095208509563955628 | 81 | 2.04417 | 11
4256327054581640361 | 82 | 2.04417 | 11
8512654109163280722 | 83 | 1.35727 | 6
8512654109163280723 | 83 | 5.82077 | 5
4223510336153510117 | 68 | 4.63978e-310 | 2
184268506907469753 | 58 | 4.6457 | 23
368537013814939507 | 59 | 4.6457 | 23
737074027629879014 | 60 | 3.67175 | 20
1474148055259758028 | 61 | 3.67175 | 20
2948296110519516057 | 62 | 3.67175 | 20
5896592221039032114 | 63 | 2.85021 | 12
-6653559631631487387 | 64 | 2.85021 | 12
5139624810446576842 | 65 | 2.85021 | 12
-8167494452816397931 | 66 | 2.85021 | 12
2111755168076755754 | 67 | 2.85021 | 12
4223510336153511509 | 68 | 2.85021 | 12
8447020672307023018 | 69 | 2.85021 | 12
-1552702729095505580 | 70 | 2.85021 | 12
-3105405458191011159 | 71 | 2.85021 | 12
-6210810916382022318 | 72 | 2.85021 | 12
6025122240945506981 | 73 | 2.85021 | 12
-6396499591818537654 | 74 | 1.95044 | 11
5653744890072476309 | 75 | 1.95044 | 11
-7139254293564598997 | 76 | 1.95044 | 11
4168235486580353622 | 77 | 1.95044 | 11
8336470973160707245 | 78 | 1.95044 | 11
-1773802127388137126 | 79 | 1.95044 | 11
-3547604254776274252 | 80 | 1.95044 | 11
-7095208509552548503 | 81 | 1.95044 | 11
4256327054604454610 | 82 | 1.95044 | 11
8512654109208909221 | 83 | 1.95044 | 11
-1421435855291733174 | 84 | 1.95044 | 11
-2842871710583466348 | 85 | 1.95044 | 11
-5685743421166932696 | 86 | 1.95044 | 11
7075257231375686224 | 87 | 1.95044 | 11
-4296229610958179168 | 88 | 1.95044 | 11
-8592459221916358336 | 89 | 13.2468 | 1
-8592459221916358335 | 89 | 0.0978641 | 10
-6396499591818537653 | 74 | 4.63978e-310 | 1
5896592221039032115 | 63 | 4.63978e-310 | 8
737074027629879015 | 60 | 4.63978e-310 | 3
655 | 10 | 4.63978e-310 | 2
41 | 6 | 22.6874 | 807
83 | 7 | 22.6874 | 807
166 | 8 | 4.63978e-310 | 1
167 | 8 | 22.6874 | 806
335 | 9 | 22.6874 | 806
671 | 10 | 22.6874 | 806
1342 | 11 | 22.6874 | 806
2684 | 12 | 22.6874 | 806
5369 | 13 | 22.6874 | 806
10739 | 14 | 22.6874 | 806
21479 | 15 | 22.6874 | 806
42959 | 16 | 22.6874 | 806
85918 | 17 | 22.6874 | 806
171836 | 18 | 22.6874 | 806
343673 | 19 | 22.6874 | 806
687346 | 20 | 18.8558 | 436
1374693 | 21 | 18.8558 | 436
2749387 | 22 | 18.8558 | 436
5498774 | 23 | 18.8558 | 436
10997549 | 24 | 18.8558 | 436
21995099 | 25 | 18.8558 | 436
43990198 | 26 | 18.8558 | 436
87980397 | 27 | 18.8558 | 436
175960794 | 28 | 18.8558 | 436
351921588 | 29 | 18.8558 | 436
703843176 | 30 | 18.8558 | 436
1407686352 | 31 | 18.8558 | 436
2815372704 | 32 | 18.8558 | 436
5630745409 | 33 | 18.8558 | 436
11261490818 | 34 | 18.8558 | 436
22522981636 | 35 | 18.8558 | 436
45045963273 | 36 | 18.8558 | 436
90091926547 | 37 | 18.8558 | 436
180183853094 | 38 | 18.8558 | 436
360367706188 | 39 | 18.8558 | 436
720735412376 | 40 | 9.61297 | 21
1441470824752 | 41 | 9.61297 | 21
2882941649504 | 42 | 9.61297 | 21
5765883299009 | 43 | 9.61297 | 21
11531766598019 | 44 | 9.61297 | 21
23063533196038 | 45 | 9.61297 | 21
46127066392076 | 46 | 9.61297 | 21
92254132784152 | 47 | 9.61297 | 21
184508265568304 | 48 | 9.61297 | 21
369016531136608 | 49 | 9.35165 | 18
738033062273216 | 50 | 9.35165 | 18
1476066124546433 | 51 | 9.35165 | 18
2952132249092866 | 52 | 9.35165 | 18
5904264498185733 | 53 | 9.35165 | 18
11808528996371466 | 54 | 9.35165 | 18
23617057992742933 | 55 | 9.35165 | 18
47234115985485867 | 56 | 9.35165 | 18
94468231970971734 | 57 | 59.2141 | 3
94468231970971735 | 57 | 2.22037 | 15
188936463941943471 | 58 | 2.22037 | 15
377872927883886942 | 59 | 2.22037 | 15
755745855767773885 | 60 | 2.22037 | 15
1511491711535547770 | 61 | 2.22037 | 15
3022983423071095540 | 62 | 2.22037 | 15
6045966846142191081 | 63 | 2.22037 | 15
-6354810381425169453 | 64 | 2.22037 | 15
5737123310859212710 | 65 | 10.379 | 6
5737123310859212711 | 65 | 4.45208 | 9
369016531136609 | 49 | 4.63978e-310 | 3
720735412377 | 40 | 18.8558 | 415
1441470824754 | 41 | 18.8558 | 415
2882941649508 | 42 | 12.7196 | 257
5765883299016 | 43 | 12.6019 | 251
11531766598033 | 44 | 12.6019 | 251
23063533196067 | 45 | 12.6019 | 251
46127066392135 | 46 | 12.6019 | 251
92254132784271 | 47 | 12.6019 | 251
184508265568542 | 48 | 12.6019 | 251
369016531137085 | 49 | 12.6019 | 251
738033062274171 | 50 | 12.6019 | 251
1476066124548342 | 51 | 8.03172 | 152
2952132249096684 | 52 | 8.03172 | 152
5904264498193368 | 53 | 8.03172 | 152
11808528996386737 | 54 | 8.03172 | 152
23617057992773475 | 55 | 8.03172 | 152
47234115985546950 | 56 | 8.03172 | 152
94468231971093900 | 57 | 4.63978e-310 | 1
94468231971093901 | 57 | 8.03172 | 151
188936463942187803 | 58 | 8.03172 | 151
377872927884375606 | 59 | 8.03172 | 151
755745855768751213 | 60 | 8.03172 | 151
1511491711537502427 | 61 | 8.03172 | 151
3022983423075004854 | 62 | 8.03172 | 151
6045966846150009708 | 63 | 8.03172 | 151
-6354810381409532200 | 64 | 5.88275 | 65
5737123310890487216 | 65 | 5.88275 | 65
-6972497451928577184 | 66 | 5.88275 | 65
4501749169852397248 | 67 | 5.19691 | 6
4501749169852397249 | 67 | 5.88275 | 59
9003498339704794498 | 68 | 5.88275 | 42
-439747394299962619 | 69 | 5.88275 | 42
-879494788599925238 | 70 | 5.88275 | 42
-1758989577199850476 | 71 | 5.88275 | 42
-3517979154399700952 | 72 | 5.88275 | 42
-7035958308799401903 | 73 | 5.88275 | 42
4374827456110747810 | 74 | 5.88275 | 42
8749654912221495620 | 75 | 5.88275 | 42
-947434249266560376 | 76 | 5.4306 | 34
-1894868498533120752 | 77 | 5.4306 | 34
-3789736997066241503 | 78 | 5.4306 | 34
-7579473994132483005 | 79 | 5.4306 | 34
3287796085444585606 | 80 | 5.4306 | 34
6575592170889171213 | 81 | 5.4306 | 34
-5295559731931209190 | 82 | 5.4306 | 34
7855624609847133236 | 83 | 5.4306 | 34
-2735494854015285143 | 84 | 5.4306 | 34
-5470989708030570285 | 85 | 5.4306 | 34
7504764657648411047 | 86 | 5.4306 | 34
-3437214758412729522 | 87 | 5.4306 | 34
-6874429516825459043 | 88 | 5.4306 | 34
4697885040058633531 | 89 | 5.4306 | 34
-9050973993592284554 | 90 | 5.4306 | 34
344796086524982508 | 91 | 5.4306 | 34
689592173049965016 | 92 | 11.7808 | 2
689592173049965017 | 92 | 4.70628 | 32
1379184346099930034 | 93 | 4.56706 | 30
2758368692199860069 | 94 | 4.56706 | 30
5516737384399720138 | 95 | 4.56706 | 30
-7413269304910111340 | 96 | 6.90513e-310 | 9
-7413269304910111339 | 96 | 3.19646 | 21
3620205463889328939 | 97 | 3.19646 | 21
7240410927778657879 | 98 | 3.19646 | 21
-3965922218152235858 | 99 | 3.19646 | 21
-7931844436304471715 | 100 | 3.19646 | 21
2583055201100608187 | 101 | 3.19646 | 21
5166110402201216374 | 102 | 3.19646 | 21
-8114523269307118867 | 103 | 3.19646 | 21
2217697535095313882 | 104 | 3.19646 | 21
4435395070190627764 | 105 | 1.51293 | 13
8870790140381255529 | 106 | 1.51293 | 13
-705163792947040557 | 107 | 1.51293 | 13
-1410327585894081113 | 108 | 1.51293 | 13
-2820655171788162225 | 109 | 1.51293 | 13
-5641310343576324449 | 110 | 1.51293 | 13
7164123386556902719 | 111 | 1.51293 | 13
-4118497300595746177 | 112 | 1.51293 | 13
-8236994601191492353 | 113 | 1.51293 | 13
1972754871326566910 | 114 | 1.51293 | 13
3945509742653133820 | 115 | 7.21975 | 4
3945509742653133821 | 115 | 32.707 | 9
4435395070190627765 | 105 | 4.63978e-310 | 8
1379184346099930035 | 93 | 4.63978e-310 | 2
-947434249266560375 | 76 | 4.63978e-310 | 8
9003498339704794499 | 68 | 3.03445 | 17
-439747394299962617 | 69 | 3.03445 | 17
-879494788599925234 | 70 | 3.03445 | 17
-1758989577199850467 | 71 | 3.03445 | 17
-3517979154399700934 | 72 | 1.56102 | 11
-7035958308799401867 | 73 | 1.56102 | 11
4374827456110747883 | 74 | 1.56102 | 11
8749654912221495767 | 75 | 1.56102 | 11
-947434249266560082 | 76 | 1.56102 | 11
-1894868498533120164 | 77 | 1.56102 | 11
-3789736997066240328 | 78 | 4.63978e-310 | 5
-3789736997066240327 | 78 | 4.63978e-310 | 6
-3517979154399700933 | 72 | 4.63978e-310 | 6
-6354810381409532199 | 64 | 7.34267 | 86
5737123310890487218 | 65 | 4.02751 | 50
-6972497451928577179 | 66 | 4.02751 | 50
4501749169852397258 | 67 | 4.02751 | 50
9003498339704794516 | 68 | 4.02751 | 50
-439747394299962583 | 69 | 4.02751 | 50
-879494788599925165 | 70 | 4.02751 | 50
-1758989577199850329 | 71 | 4.02751 | 50
-3517979154399700657 | 72 | 4.02751 | 50
-7035958308799401313 | 73 | 4.02751 | 50
4374827456110748990 | 74 | 4.02751 | 50
8749654912221497980 | 75 | 2.83907 | 32
-947434249266555655 | 76 | 2.83907 | 32
-1894868498533111310 | 77 | 2.83907 | 32
-3789736997066222620 | 78 | 2.83907 | 32
-7579473994132445239 | 79 | 2.83907 | 32
3287796085444661138 | 80 | 2.83907 | 32
6575592170889322276 | 81 | 2.83907 | 32
-5295559731930907064 | 82 | 2.83907 | 32
7855624609847737489 | 83 | 2.83907 | 32
-2735494854014076638 | 84 | 2.83907 | 32
-5470989708028153275 | 85 | 2.83907 | 32
7504764657653245067 | 86 | 2.83907 | 32
-3437214758403061482 | 87 | 2.83907 | 32
-6874429516806122964 | 88 | 2.54461 | 28
4697885040097305688 | 89 | 2.54461 | 28
-9050973993514940240 | 90 | 2.54461 | 28
344796086679671136 | 91 | 2.54461 | 28
689592173359342272 | 92 | 2.54461 | 28
1379184346718684545 | 93 | 2.54461 | 28
2758368693437369091 | 94 | 2.54461 | 28
5516737386874738183 | 95 | 2.54461 | 28
-7413269299960075250 | 96 | 2.54461 | 28
3620205473789401117 | 97 | 2.54461 | 28
7240410947578802235 | 98 | 2.54461 | 28
-3965922178551947146 | 99 | 2.54461 | 28
-7931844357103894291 | 100 | 2.54461 | 28
2583055359501763035 | 101 | 2.54461 | 28
5166110719003526070 | 102 | 2.54461 | 28
-8114522635702499475 | 103 | 2.54461 | 28
2217698802304552666 | 104 | 2.31923 | 27
4435397604609105332 | 105 | 4.63978e-310 | 6
4435397604609105333 | 105 | 1.99657 | 21
8870795209218210666 | 106 | 1.99657 | 21
-705153655273130284 | 107 | 1.99657 | 21
-1410307310546260567 | 108 | 1.99657 | 21
-2820614621092521134 | 109 | 1.99657 | 21
-5641229242185042267 | 110 | 1.99657 | 21
7164285589339467083 | 111 | 1.99657 | 21
-4118172895030617450 | 112 | 0.116251 | 9
-4118172895030617449 | 112 | 1.13311 | 12
-8236345790061234897 | 113 | 1.13311 | 12
1974052493587081823 | 114 | 1.13311 | 12
3948104987174163647 | 115 | 1.13311 | 12
7896209974348327295 | 116 | 1.13311 | 12
-2654324125012897025 | 117 | 1.13311 | 12
-5308648250025794050 | 118 | 1.13311 | 12
7829447573657963516 | 119 | 1.13311 | 12
-2787848926393624583 | 120 | 1.13311 | 12
-5575697852787249166 | 121 | 0.642865 | 4
-5575697852787249165 | 121 | 4.47805 | 8
2217698802304552667 | 104 | 4.63978e-310 | 1
-6874429516806122963 | 88 | 4.63978e-310 | 4
8749654912221497981 | 75 | 2.04054 | 18
-947434249266555653 | 76 | 2.04054 | 18
-1894868498533111306 | 77 | 2.04054 | 18
-3789736997066222612 | 78 | 2.04054 | 18
-7579473994132445224 | 79 | 2.04054 | 18
3287796085444661169 | 80 | 2.04054 | 18
6575592170889322338 | 81 | 1.21771 | 12
-5295559731930906940 | 82 | 1.21771 | 12
7855624609847737737 | 83 | 1.21771 | 12
-2735494854014076141 | 84 | 1.21771 | 12
-5470989708028152281 | 85 | 1.21771 | 12
7504764657653247054 | 86 | 1.21771 | 12
-3437214758403057507 | 87 | 1.21771 | 12
-6874429516806115014 | 88 | 1.21771 | 12
4697885040097321589 | 89 | 1.21771 | 12
-9050973993514908438 | 90 | 4.63978e-310 | 9
-9050973993514908437 | 90 | 4.63978e-310 | 3
6575592170889322339 | 81 | 4.63978e-310 | 6
5737123310890487219 | 65 | 6.39934 | 36
-6972497451928577178 | 66 | 6.39934 | 36
4501749169852397261 | 67 | 6.39934 | 36
9003498339704794522 | 68 | 6.39934 | 36
-439747394299962571 | 69 | 6.39934 | 36
-879494788599925141 | 70 | 6.39934 | 36
-1758989577199850282 | 71 | 6.39934 | 36
-3517979154399700564 | 72 | 6.39934 | 36
-7035958308799401127 | 73 | 6.39934 | 36
4374827456110749363 | 74 | 6.39934 | 36
8749654912221498727 | 75 | 6.39934 | 36
-947434249266554162 | 76 | 6.39934 | 36
-1894868498533108323 | 77 | 6.39934 | 36
-3789736997066216646 | 78 | 6.39934 | 36
-7579473994132433292 | 79 | 5.63175 | 23
3287796085444685033 | 80 | 5.63175 | 23
6575592170889370067 | 81 | 5.63175 | 23
-5295559731930811482 | 82 | 5.63175 | 23
7855624609847928653 | 83 | 5.63175 | 23
-2735494854013694310 | 84 | 5.63175 | 23
-5470989708027388620 | 85 | 5.63175 | 23
7504764657654774377 | 86 | 5.63175 | 23
-3437214758400002862 | 87 | 4.02032 | 14
-6874429516800005724 | 88 | 4.62105 | 9
-6874429516800005723 | 88 | 0.0541231 | 5
-3437214758400002861 | 87 | 4.63978e-310 | 9
-7579473994132433291 | 79 | 2.30598 | 13
3287796085444685034 | 80 | 2.30598 | 13
6575592170889370068 | 81 | 2.30598 | 13
-5295559731930811480 | 82 | 2.30598 | 13
7855624609847928657 | 83 | 2.30598 | 13
-2735494854013694302 | 84 | 2.30598 | 13
-5470989708027388604 | 85 | 2.30598 | 13
7504764657654774408 | 86 | 2.30598 | 12
-3437214758400002799 | 87 | 2.30598 | 12
-6874429516800005597 | 88 | 2.30598 | 12
4697885040109540422 | 89 | 2.30598 | 12
-9050973993490470771 | 90 | 2.30598 | 12
344796086728610074 | 91 | 2.30598 | 12
689592173457220149 | 92 | 2.30598 | 12
1379184346914440298 | 93 | 2.30598 | 12
2758368693828880596 | 94 | 1.58101e-322 | 7
2758368693828880597 | 94 | 1.63042e-322 | 5
7504764657654774409 | 86 | 4.63978e-310 | 1
1476066124548343 | 51 | 8.58354 | 99
2952132249096686 | 52 | 3.60324 | 15
5904264498193373 | 53 | 3.60324 | 15
11808528996386746 | 54 | 1.8588 | 13
23617057992773493 | 55 | 1.8588 | 13
47234115985546986 | 56 | 1.63042e-322 | 4
47234115985546987 | 56 | 1.58101e-322 | 9
11808528996386747 | 54 | 4.63978e-310 | 2
2952132249096687 | 52 | 8.58354 | 84
5904264498193375 | 53 | 8.58354 | 84
11808528996386750 | 54 | 8.58354 | 84
23617057992773500 | 55 | 8.58354 | 84
47234115985547000 | 56 | 8.58354 | 84
94468231971094000 | 57 | 8.58354 | 84
188936463942188001 | 58 | 8.58354 | 84
377872927884376002 | 59 | 8.58354 | 84
755745855768752005 | 60 | 8.58354 | 84
1511491711537504010 | 61 | 8.58354 | 84
3022983423075008021 | 62 | 8.58354 | 84
6045966846150016042 | 63 | 8.58354 | 84
-6354810381409519531 | 64 | 8.58354 | 84
5737123310890512554 | 65 | 8.58354 | 84
-6972497451928526508 | 66 | 5.3725 | 57
4501749169852498600 | 67 | 5.3725 | 57
9003498339704997200 | 68 | 5.3725 | 57
-439747394299557215 | 69 | 5.3725 | 57
-879494788599114429 | 70 | 5.3725 | 57
-1758989577198228857 | 71 | 5.3725 | 57
-3517979154396457714 | 72 | 3.55 | 15
-7035958308792915428 | 73 | 3.55 | 15
4374827456123720761 | 74 | 3.55 | 15
8749654912247441523 | 75 | 3.55 | 15
-947434249214668570 | 76 | 3.55 | 15
-1894868498429337139 | 77 | 3.55 | 15
-3789736996858674278 | 78 | 3.55 | 15
-7579473993717348555 | 79 | 3.55 | 15
3287796086274854507 | 80 | 3.55 | 15
6575592172549709015 | 81 | 3.55 | 15
-5295559728610133586 | 82 | 1.79258 | 11
7855624616489284444 | 83 | 1.62429 | 9
7855624616489284445 | 83 | 4.63978e-310 | 2
-5295559728610133585 | 82 | 4.63978e-310 | 4
-3517979154396457713 | 72 | 5.3324 | 42
-7035958308792915426 | 73 | 4.75288 | 36
4374827456123720765 | 74 | 4.75288 | 36
8749654912247441530 | 75 | 3.77816 | 13
-947434249214668555 | 76 | 3.77816 | 13
-1894868498429337110 | 77 | 3.77816 | 13
-3789736996858674220 | 78 | 3.77816 | 13
-7579473993717348440 | 79 | 3.77816 | 13
3287796086274854736 | 80 | 3.77816 | 13
6575592172549709473 | 81 | 3.77816 | 13
-5295559728610132670 | 82 | 3.77816 | 13
7855624616489286276 | 83 | 1.96605 | 11
-2735494840730979064 | 84 | 1.96605 | 11
-5470989681461958128 | 85 | 1.96605 | 11
7504764710785635361 | 86 | 1.96605 | 11
-3437214652138280893 | 87 | 1.96605 | 11
-6874429304276561786 | 88 | 1.96605 | 11
4697885465156428045 | 89 | 1.96605 | 11
-9050973143396695526 | 90 | 1.96605 | 11
344797786916160564 | 91 | 1.96605 | 11
689595573832321128 | 92 | 1.96605 | 11
1379191147664642256 | 93 | 1.96605 | 11
2758382295329284512 | 94 | 1.96605 | 11
5516764590658569024 | 95 | 1.96605 | 11
-7413214892392413568 | 96 | 6.37345e-322 | 9
-7413214892392413567 | 96 | 6.90513e-310 | 2
7855624616489286277 | 83 | 4.63978e-310 | 2
8749654912247441531 | 75 | 4.75167 | 23
-947434249214668553 | 76 | 4.75167 | 23
-1894868498429337106 | 77 | 3.07368 | 21
-3789736996858674212 | 78 | 3.07368 | 21
-7579473993717348423 | 79 | 3.07368 | 21
3287796086274854770 | 80 | 3.07368 | 21
6575592172549709540 | 81 | 4.63978e-310 | 10
6575592172549709541 | 81 | 2.67981 | 11
-5295559728610132534 | 82 | 2.67981 | 11
7855624616489286548 | 83 | 4.63978e-310 | 3
7855624616489286549 | 83 | 4.63978e-310 | 8
-1894868498429337105 | 77 | 4.63978e-310 | 2
-7035958308792915425 | 73 | 4.63978e-310 | 6
-6972497451928526507 | 66 | 6.74887 | 27
4501749169852498602 | 67 | 6.74887 | 27
9003498339704997205 | 68 | 6.74887 | 27
-439747394299557206 | 69 | 6.74887 | 27
-879494788599114412 | 70 | 4.78617 | 19
-1758989577198228824 | 71 | 4.78617 | 19
-3517979154396457647 | 72 | 4.78617 | 19
-7035958308792915294 | 73 | 3.27348 | 11
4374827456123721029 | 74 | 3.27348 | 11
8749654912247442059 | 75 | 3.27348 | 11
-947434249214667497 | 76 | 3.27348 | 11
-1894868498429334994 | 77 | 3.27348 | 11
-3789736996858669987 | 78 | 3.27348 | 11
-7579473993717339973 | 79 | 3.27348 | 11
3287796086274871670 | 80 | 9.15884 | 1
3287796086274871671 | 80 | 6.39215 | 10
-7035958308792915293 | 73 | 4.63978e-310 | 8
-879494788599114411 | 70 | 4.63978e-310 | 8
5765883299017 | 43 | 4.63978e-310 | 6
2882941649509 | 42 | 11.3825 | 158
5765883299018 | 43 | 11.3825 | 158
11531766598036 | 44 | 11.3825 | 158
23063533196073 | 45 | 11.3825 | 158
46127066392146 | 46 | 11.3825 | 158
92254132784292 | 47 | 4.91295 | 18
184508265568584 | 48 | 4.91295 | 18
369016531137168 | 49 | 4.91295 | 18
738033062274337 | 50 | 4.91295 | 18
1476066124548675 | 51 | 4.91295 | 18
2952132249097350 | 52 | 4.91295 | 18
5904264498194700 | 53 | 4.91295 | 18
11808528996389401 | 54 | 4.91295 | 18
23617057992778802 | 55 | 4.91295 | 18
47234115985557604 | 56 | 4.91295 | 18
94468231971115208 | 57 | 4.91295 | 18
188936463942230416 | 58 | 4.91295 | 18
377872927884460833 | 59 | 4.91295 | 18
755745855768921667 | 60 | 4.91295 | 18
1511491711537843335 | 61 | 4.91295 | 18
3022983423075686670 | 62 | 4.91295 | 18
6045966846151373340 | 63 | 4.91295 | 18
-6354810381406804936 | 64 | 4.91295 | 18
5737123310895941745 | 65 | 4.91295 | 18
-6972497451917668125 | 66 | 4.91295 | 18
4501749169874215366 | 67 | 24.1371 | 1
4501749169874215367 | 67 | 3.48404 | 17
9003498339748430734 | 68 | 3.48404 | 17
-439747394212690147 | 69 | 3.48404 | 17
-879494788425380293 | 70 | 3.48404 | 17
-1758989576850760585 | 71 | 3.48404 | 17
-3517979153701521170 | 72 | 3.48404 | 17
-7035958307403042340 | 73 | 3.48404 | 17
4374827458903466937 | 74 | 3.48404 | 17
8749654917806933875 | 75 | 3.48404 | 17
-947434238095683866 | 76 | 3.48404 | 17
-1894868476191367732 | 77 | 3.48404 | 17
-3789736952382735464 | 78 | 3.48404 | 17
-7579473904765470927 | 79 | 3.48404 | 17
3287796264178609762 | 80 | 3.21143e-322 | 9
3287796264178609763 | 80 | 4.63978e-310 | 8
92254132784293 | 47 | 10.2269 | 140
184508265568587 | 48 | 10.2269 | 140
369016531137174 | 49 | 4.63978e-310 | 6
369016531137175 | 49 | 10.2269 | 134
738033062274351 | 50 | 10.2269 | 134
1476066124548703 | 51 | 10.2269 | 134
2952132249097406 | 52 | 5.46353 | 49
5904264498194813 | 53 | 5.46353 | 49
11808528996389626 | 54 | 5.46353 | 49
23617057992779253 | 55 | 5.46353 | 49
47234115985558506 | 56 | 5.46353 | 49
94468231971117013 | 57 | 5.46353 | 49
188936463942234027 | 58 | 5.46353 | 49
377872927884468055 | 59 | 5.46353 | 49
755745855768936110 | 60 | 5.46353 | 49
1511491711537872221 | 61 | 5.46353 | 49
3022983423075744443 | 62 | 5.46353 | 49
6045966846151488887 | 63 | 5.46353 | 49
-6354810381406573841 | 64 | 5.46353 | 49
5737123310896403935 | 65 | 5.46353 | 49
-6972497451916743745 | 66 | 5.46353 | 49
4501749169876064126 | 67 | 5.46353 | 49
9003498339752128252 | 68 | 3.42987 | 28
-439747394205295111 | 69 | 3.42987 | 28
-879494788410590222 | 70 | 3.42987 | 28
-1758989576821180443 | 71 | 3.42987 | 28
-3517979153642360885 | 72 | 3.42987 | 28
-7035958307284721769 | 73 | 3.42987 | 28
4374827459140108078 | 74 | 3.42987 | 28
8749654918280216157 | 75 | 3.42987 | 28
-947434237149119301 | 76 | 3.42987 | 28
-1894868474298238601 | 77 | 3.42987 | 28
-3789736948596477202 | 78 | 2.4901 | 16
-7579473897192954403 | 79 | 2.4901 | 16
3287796279323642810 | 80 | 0.872461 | 5
3287796279323642811 | 80 | 2.36275 | 11
6575592558647285622 | 81 | 2.36275 | 11
-5295558956414980371 | 82 | 2.36275 | 11
7855626160879590874 | 83 | 2.36275 | 11
-2735491751950369868 | 84 | 2.36275 | 11
-5470983503900739735 | 85 | 2.36275 | 11
7504777065908072146 | 86 | 2.36275 | 11
-3437189941893407324 | 87 | 2.36275 | 11
-6874379883786814647 | 88 | 2.36275 | 11
4697984306135922323 | 89 | 2.36275 | 11
-9050775461437706970 | 90 | 2.36275 | 11
345193150834137677 | 91 | 2.36275 | 11
690386301668275355 | 92 | 2.36275 | 11
1380772603336550710 | 93 | 2.36275 | 11
2761545206673101420 | 94 | 6.90513e-310 | 4
2761545206673101421 | 94 | 7.95446e-322 | 7
-3789736948596477201 | 78 | 2.05995 | 12
-7579473897192954402 | 79 | 2.05995 | 12
3287796279323642813 | 80 | 2.05995 | 12
6575592558647285626 | 81 | 4.63978e-310 | 6
6575592558647285627 | 81 | 4.63978e-310 | 6
9003498339752128253 | 68 | 3.3156 | 21
-439747394205295110 | 69 | 3.3156 | 21
-879494788410590220 | 70 | 3.3156 | 21
-1758989576821180440 | 71 | 3.3156 | 21
-3517979153642360879 | 72 | 3.3156 | 21
-7035958307284721758 | 73 | 3.3156 | 21
4374827459140108100 | 74 | 3.3156 | 21
8749654918280216200 | 75 | 4.63978e-310 | 9
8749654918280216201 | 75 | 2.09889 | 12
-947434237149119214 | 76 | 2.09889 | 12
-1894868474298238428 | 77 | 2.09889 | 12
-3789736948596476856 | 78 | 0.341539 | 4
-3789736948596476855 | 78 | 2.06874 | 8
2952132249097407 | 52 | 6.99606 | 85
5904264498194814 | 53 | 6.99606 | 85
11808528996389629 | 54 | 6.99606 | 85
23617057992779258 | 55 | 6.99606 | 85
47234115985558517 | 56 | 6.99606 | 85
94468231971117035 | 57 | 6.99606 | 85
188936463942234071 | 58 | 6.99606 | 85
377872927884468143 | 59 | 6.99606 | 85
755745855768936287 | 60 | 6.99606 | 85
1511491711537872575 | 61 | 6.99606 | 85
3022983423075745151 | 62 | 6.99606 | 85
6045966846151490303 | 63 | 6.99606 | 85
-6354810381406571010 | 64 | 6.99606 | 85
5737123310896409596 | 65 | 5.14692 | 17
-6972497451916732423 | 66 | 5.14692 | 17
4501749169876086770 | 67 | 5.14692 | 17
9003498339752173540 | 68 | 5.14692 | 17
-439747394205204535 | 69 | 5.14692 | 17
-879494788410409069 | 70 | 5.14692 | 17
-1758989576820818138 | 71 | 5.14692 | 17
-3517979153641636275 | 72 | 5.14692 | 17
-7035958307283272550 | 73 | 5.14692 | 17
4374827459143006517 | 74 | 5.14692 | 17
8749654918286013035 | 75 | 5.14692 | 17
-947434237137525546 | 76 | 5.22503 | 5
-947434237137525545 | 76 | 3.08792 | 12
-1894868474275051090 | 77 | 3.08792 | 12
-3789736948550102179 | 78 | 3.08792 | 12
-7579473897100204357 | 79 | 3.08792 | 12
3287796279509142903 | 80 | 3.08792 | 12
6575592559018285806 | 81 | 3.08792 | 12
-5295558955672980003 | 82 | 3.08792 | 12
7855626162363591610 | 83 | 3.08792 | 12
-2735491748982368396 | 84 | 3.08792 | 12
-5470983497964736791 | 85 | 3.08792 | 12
7504777077780078035 | 86 | 3.08792 | 12
-3437189918149395546 | 87 | 3.08792 | 12
-6874379836298791092 | 88 | 4.63978e-310 | 6
-6874379836298791091 | 88 | 1.58101e-322 | 6
5737123310896409597 | 65 | 6.21444 | 68
-6972497451916732421 | 66 | 6.21444 | 68
4501749169876086774 | 67 | 6.21444 | 68
9003498339752173548 | 68 | 4.8779 | 46
-439747394205204520 | 69 | 4.8779 | 46
-879494788410409039 | 70 | 4.8779 | 46
-1758989576820818078 | 71 | 4.5824 | 45
-3517979153641636155 | 72 | 4.5824 | 45
-7035958307283272310 | 73 | 3.26005 | 35
4374827459143006996 | 74 | 3.26005 | 35
8749654918286013993 | 75 | 3.26005 | 35
-947434237137523630 | 76 | 8.2502 | 1
-947434237137523629 | 76 | 3.25858 | 34
-1894868474275047258 | 77 | 3.25858 | 34
-3789736948550094516 | 78 | 2.38889 | 12
-7579473897100189032 | 79 | 2.38889 | 12
3287796279509173552 | 80 | 2.38889 | 12
6575592559018347105 | 81 | 2.38889 | 12
-5295558955672857405 | 82 | 2.38889 | 12
7855626162363836807 | 83 | 2.38889 | 12
-2735491748981878002 | 84 | 2.38889 | 12
-5470983497963756004 | 85 | 2.38889 | 12
7504777077782039609 | 86 | 2.38889 | 12
-3437189918145472397 | 87 | 2.38889 | 12
-6874379836290944794 | 88 | 2.38889 | 12
4697984401127662028 | 89 | 2.38889 | 12
-9050775271454227559 | 90 | 2.38889 | 12
345193530801096498 | 91 | 4.63978e-310 | 5
345193530801096499 | 91 | 2.37152e-322 | 7
-3789736948550094515 | 78 | 3.06136 | 22
-7579473897100189029 | 79 | 3.06136 | 22
3287796279509173558 | 80 | 2.71194 | 19
6575592559018347116 | 81 | 2.71194 | 19
-5295558955672857383 | 82 | 2.71194 | 19
7855626162363836851 | 83 | 2.71194 | 19
-2735491748981877913 | 84 | 2.71194 | 19
-5470983497963755825 | 85 | 2.71194 | 19
7504777077782039966 | 86 | 2.71194 | 19
-3437189918145471684 | 87 | 2.71194 | 19
-6874379836290943367 | 88 | 2.71194 | 19
4697984401127664883 | 89 | 2.71194 | 19
-9050775271454221850 | 90 | 2.71194 | 19
345193530801107916 | 91 | 2.71194 | 19
690387061602215832 | 92 | 2.71194 | 19
1380774123204431665 | 93 | 2.71194 | 19
2761548246408863331 | 94 | 2.71194 | 19
5523096492817726662 | 95 | 2.71194 | 16
-7400551088074098292 | 96 | 2.71194 | 16
3645641897561355033 | 97 | 2.71194 | 16
7291283795122710066 | 98 | 2.71194 | 13
-3864176483464131484 | 99 | 2.71194 | 13
-7728352966928262968 | 100 | 0.233934 | 3
-7728352966928262967 | 100 | 4.63978e-310 | 10
7291283795122710067 | 98 | 4.63978e-310 | 3
5523096492817726663 | 95 | 4.63978e-310 | 3
3287796279509173559 | 80 | 4.63978e-310 | 3
-7035958307283272309 | 73 | 4.63978e-310 | 10
-1758989576820818077 | 71 | 4.63978e-310 | 1
9003498339752173549 | 68 | 4.1278 | 22
-439747394205204518 | 69 | 4.1278 | 22
-879494788410409036 | 70 | 4.1278 | 22
-1758989576820818071 | 71 | 4.1278 | 22
-3517979153641636142 | 72 | 4.1278 | 22
-7035958307283272284 | 73 | 4.1278 | 22
4374827459143007049 | 74 | 4.1278 | 22
8749654918286014099 | 75 | 4.1278 | 22
-947434237137523417 | 76 | 4.1278 | 22
-1894868474275046834 | 77 | 4.1278 | 22
-3789736948550093668 | 78 | 4.1278 | 22
-7579473897100187336 | 79 | 4.1278 | 22
3287796279509176945 | 80 | 4.1278 | 22
6575592559018353890 | 81 | 4.1278 | 22
-5295558955672843836 | 82 | 4.1278 | 22
7855626162363863945 | 83 | 4.1278 | 22
-2735491748981823726 | 84 | 4.1278 | 22
-5470983497963647452 | 85 | 13.6822 | 1
-5470983497963647451 | 85 | 4.11172 | 21
7504777077782256714 | 86 | 4.11172 | 21
-3437189918145038187 | 87 | 4.11172 | 21
-6874379836290076374 | 88 | 3.68927 | 16
4697984401129398868 | 89 | 3.68927 | 16
-9050775271450753879 | 90 | 3.68927 | 16
345193530808043858 | 91 | 6.78954 | 6
345193530808043859 | 91 | 2.04277 | 10
-6874379836290076373 | 88 | 0 | 5
687347 | 20 | 18.7868 | 370
1374694 | 21 | 18.7868 | 370
2749389 | 22 | 18.7868 | 370
5498779 | 23 | 18.7868 | 370
10997558 | 24 | 8.63545 | 74
21995116 | 25 | 4.10216 | 18
43990232 | 26 | 3.15999 | 16
87980465 | 27 | 3.15999 | 16
175960930 | 28 | 3.15999 | 16
351921861 | 29 | 3.15999 | 16
703843723 | 30 | 3.15999 | 16
1407687447 | 31 | 3.15999 | 16
2815374894 | 32 | 3.15999 | 16
5630749788 | 33 | 3.15999 | 16
11261499577 | 34 | 3.15999 | 16
22522999155 | 35 | 3.15999 | 16
45045998310 | 36 | 3.15999 | 16
90091996620 | 37 | 3.15999 | 16
180183993240 | 38 | 3.15999 | 16
360367986480 | 39 | 1.96544 | 12
720735972960 | 40 | 1.96544 | 12
1441471945920 | 41 | 1.96544 | 12
2882943891841 | 42 | 1.96544 | 12
5765887783683 | 43 | 1.96544 | 12
11531775567366 | 44 | 1.96544 | 12
23063551134732 | 45 | 4.63978e-310 | 9
23063551134733 | 45 | 2.21377 | 3
360367986481 | 39 | 4.63978e-310 | 4
43990233 | 26 | 4.63978e-310 | 2
21995117 | 25 | 4.35095 | 56
43990235 | 26 | 4.35095 | 56
87980470 | 27 | 4.35095 | 56
175960941 | 28 | 4.35095 | 56
351921883 | 29 | 4.35095 | 56
703843766 | 30 | 4.35095 | 56
1407687532 | 31 | 2.49949 | 34
2815375064 | 32 | 2.49949 | 34
5630750129 | 33 | 2.49949 | 34
11261500258 | 34 | 2.01111 | 27
22523000517 | 35 | 2.01111 | 27
45046001034 | 36 | 1.72863 | 19
90092002069 | 37 | 1.72863 | 19
180184004138 | 38 | 1.72863 | 19
360368008276 | 39 | 1.58101e-322 | 3
360368008277 | 39 | 1.5156 | 16
720736016555 | 40 | 1.5156 | 16
1441472033110 | 41 | 1.5156 | 16
2882944066220 | 42 | 1.58101e-322 | 6
2882944066221 | 42 | 1.58101e-322 | 10
45046001035 | 36 | 4.63978e-310 | 8
11261500259 | 34 | 4.63978e-310 | 7
1407687533 | 31 | 3.62921 | 22
2815375067 | 32 | 3.62921 | 22
5630750134 | 33 | 3.62921 | 22
11261500268 | 34 | 3.5398 | 18
22523000537 | 35 | 3.5398 | 18
45046001074 | 36 | 2.57553 | 13
90092002149 | 37 | 2.57553 | 13
180184004299 | 38 | 2.57553 | 13
360368008599 | 39 | 2.57553 | 13
720736017199 | 40 | 2.57553 | 13
1441472034399 | 41 | 2.57553 | 13
2882944068799 | 42 | 2.57553 | 13
5765888137599 | 43 | 2.57553 | 13
11531776275198 | 44 | 2.57553 | 13
23063552550396 | 45 | 2.57553 | 13
46127105100792 | 46 | 1.63042e-322 | 5
46127105100793 | 46 | 1.63042e-322 | 8
45046001075 | 36 | 1.58101e-322 | 5
11261500269 | 34 | 1.63042e-322 | 4
10997559 | 24 | 16.8314 | 296
21995118 | 25 | 16.8314 | 296
43990236 | 26 | 16.8314 | 296
87980472 | 27 | 11.9259 | 190
175960944 | 28 | 10.9268 | 189
351921888 | 29 | 1.63042e-322 | 1
351921889 | 29 | 10.9268 | 188
703843778 | 30 | 8.0436 | 112
1407687556 | 31 | 8.0436 | 112
2815375112 | 32 | 8.0436 | 112
5630750224 | 33 | 8.0436 | 112
11261500449 | 34 | 8.0436 | 112
22523000899 | 35 | 8.0436 | 112
45046001798 | 36 | 8.0436 | 112
90092003596 | 37 | 8.0436 | 112
180184007193 | 38 | 8.0436 | 112
360368014387 | 39 | 8.0436 | 112
720736028775 | 40 | 8.0436 | 112
1441472057551 | 41 | 8.0436 | 112
2882944115103 | 42 | 8.0436 | 112
5765888230206 | 43 | 8.0436 | 112
11531776460412 | 44 | 8.0436 | 97
23063552920824 | 45 | 8.0436 | 97
46127105841648 | 46 | 8.0436 | 97
92254211683296 | 47 | 8.0436 | 97
184508423366592 | 48 | 8.0436 | 97
369016846733184 | 49 | 8.0436 | 97
738033693466368 | 50 | 8.0436 | 97
1476067386932736 | 51 | 8.0436 | 97
2952134773865473 | 52 | 8.0436 | 97
5904269547730946 | 53 | 8.0436 | 97
11808539095461892 | 54 | 8.0436 | 97
23617078190923784 | 55 | 8.0436 | 97
47234156381847568 | 56 | 4.17762 | 17
94468312763695136 | 57 | 4.17762 | 17
188936625527390273 | 58 | 4.17762 | 17
377873251054780547 | 59 | 4.17762 | 17
755746502109561095 | 60 | 4.17762 | 17
1511493004219122190 | 61 | 4.17762 | 17
3022986008438244380 | 62 | 4.17762 | 17
6045972016876488761 | 63 | 4.17762 | 17
-6354800039956574094 | 64 | 4.17762 | 17
5737143993796403429 | 65 | 4.17762 | 17
-6972456086116744757 | 66 | 4.17762 | 17
4501831901476062103 | 67 | 4.17762 | 17
9003663802952124206 | 68 | 4.17762 | 17
-439416467805303204 | 69 | 2.72947 | 9
-439416467805303203 | 69 | 2.0292 | 8
47234156381847569 | 56 | 8.0436 | 80
94468312763695138 | 57 | 8.0436 | 80
188936625527390276 | 58 | 8.0436 | 80
377873251054780552 | 59 | 8.0436 | 80
755746502109561104 | 60 | 8.0436 | 80
1511493004219122208 | 61 | 7.07923 | 27
3022986008438244416 | 62 | 2.74797 | 7
3022986008438244417 | 62 | 3.94525 | 20
6045972016876488834 | 63 | 11.0154 | 5
6045972016876488835 | 63 | 3.18539 | 15
-6354800039956573945 | 64 | 3.18539 | 15
5737143993796403727 | 65 | 3.18539 | 15
-6972456086116744161 | 66 | 3.18539 | 15
4501831901476063295 | 67 | 3.18539 | 15
9003663802952126591 | 68 | 3.18539 | 15
-439416467805298433 | 69 | 3.18539 | 15
-878832935610596866 | 70 | 3.18539 | 15
-1757665871221193731 | 71 | 3.18539 | 15
-3515331742442387462 | 72 | 3.18539 | 15
-7030663484884774923 | 73 | 3.18539 | 15
4385417103940001770 | 74 | 3.18539 | 15
8770834207880003540 | 75 | 2.69384 | 12
-905075657949544536 | 76 | 2.69384 | 12
-1810151315899089072 | 77 | 2.69384 | 12
-3620302631798178144 | 78 | 2.69384 | 12
-7240605263596356288 | 79 | 0.31127 | 6
-7240605263596356287 | 79 | 7.56855 | 6
8770834207880003541 | 75 | 4.63978e-310 | 3
1511493004219122209 | 61 | 4.61764 | 53
3022986008438244419 | 62 | 4.61764 | 53
6045972016876488838 | 63 | 4.61764 | 53
-6354800039956573939 | 64 | 4.61764 | 53
5737143993796403738 | 65 | 4.25853 | 16
-6972456086116744139 | 66 | 4.25853 | 16
4501831901476063338 | 67 | 4.25853 | 16
9003663802952126677 | 68 | 4.25853 | 16
-439416467805298262 | 69 | 4.25853 | 16
-878832935610596523 | 70 | 4.25853 | 16
-1757665871221193045 | 71 | 4.25853 | 16
-3515331742442386090 | 72 | 2.72602 | 11
-7030663484884772179 | 73 | 2.72602 | 11
4385417103940007258 | 74 | 6.37345e-322 | 9
4385417103940007259 | 74 | 1.63042e-322 | 2
-3515331742442386089 | 72 | 4.63978e-310 | 5
5737143993796403739 | 65 | 4.26915 | 37
-6972456086116744137 | 66 | 4.26915 | 37
4501831901476063342 | 67 | 4.26915 | 37
9003663802952126684 | 68 | 4.26915 | 37
-439416467805298248 | 69 | 1.63042e-322 | 5
-439416467805298247 | 69 | 3.62145 | 32
-878832935610596494 | 70 | 3.62145 | 32
-1757665871221192987 | 71 | 3.62145 | 32
-3515331742442385974 | 72 | 3.62145 | 32
-7030663484884771948 | 73 | 3.62145 | 32
4385417103940007720 | 74 | 3.62145 | 32
8770834207880015440 | 75 | 3.62145 | 32
-905075657949520736 | 76 | 3.62145 | 32
-1810151315899041471 | 77 | 3.62145 | 32
-3620302631798082942 | 78 | 2.75999 | 26
-7240605263596165883 | 79 | 2.75999 | 26
3965533546517219850 | 80 | 2.75999 | 26
7931067093034439701 | 81 | 2.75999 | 26
-2584609887640672214 | 82 | 2.75999 | 26
-5169219775281344427 | 83 | 2.75999 | 26
8108304523146862762 | 84 | 2.75999 | 26
-2230135027415826092 | 85 | 2.75999 | 26
-4460270054831652183 | 86 | 2.75999 | 26
-8920540109663304365 | 87 | 2.75999 | 26
605663854382942887 | 88 | 2.75999 | 26
1211327708765885775 | 89 | 2.75999 | 26
2422655417531771550 | 90 | 0.410628 | 1
2422655417531771551 | 90 | 2.57402 | 25
4845310835063543102 | 91 | 2.57402 | 25
-8756122403582465412 | 92 | 2.22297 | 11
934499266544620792 | 93 | 4.16438 | 5
934499266544620793 | 93 | 0.435492 | 6
-8756122403582465411 | 92 | 2.52426 | 14
934499266544620795 | 93 | 2.52426 | 14
1868998533089241590 | 94 | 2.52426 | 14
3737997066178483180 | 95 | 2.52426 | 14
7475994132356966361 | 96 | 2.52426 | 14
-3494755808995618893 | 97 | 2.52426 | 14
-6989511617991237786 | 98 | 2.52426 | 14
4467720837727076044 | 99 | 2.52426 | 14
8935441675454152089 | 100 | 2.52426 | 14
-575860722801247438 | 101 | 2.52426 | 14
-1151721445602494876 | 102 | 0.523419 | 3
-1151721445602494875 | 102 | 1.67965 | 11
-2303442891204989750 | 103 | 1.67965 | 11
-4606885782409979500 | 104 | 1.67965 | 11
-9213771564819959000 | 105 | 0.271475 | 3
-9213771564819958999 | 105 | 4.63978e-310 | 8
-3620302631798082941 | 78 | 4.63978e-310 | 6
11531776460413 | 44 | 3.88027 | 15
23063552920826 | 45 | 4.63978e-310 | 3
23063552920827 | 45 | 2.47434 | 12
46127105841654 | 46 | 2.47434 | 12
92254211683308 | 47 | 2.47434 | 12
184508423366616 | 48 | 4.63978e-310 | 9
184508423366617 | 48 | 4.63978e-310 | 3
703843779 | 30 | 8.65445 | 76
1407687558 | 31 | 4.63978e-310 | 3
1407687559 | 31 | 8.65445 | 73
2815375119 | 32 | 8.65445 | 73
5630750238 | 33 | 8.65445 | 55
11261500476 | 34 | 7.12715 | 37
22523000952 | 35 | 7.12715 | 37
45046001904 | 36 | 12.4142 | 5
45046001905 | 36 | 7.10199 | 32
90092003811 | 37 | 7.10199 | 32
180184007622 | 38 | 7.10199 | 32
360368015244 | 39 | 7.10199 | 30
720736030489 | 40 | 7.10199 | 30
1441472060979 | 41 | 7.10199 | 30
2882944121959 | 42 | 7.10199 | 30
5765888243918 | 43 | 3.58997 | 26
11531776487836 | 44 | 3.58997 | 26
23063552975672 | 45 | 3.58997 | 24
46127105951345 | 46 | 3.58997 | 24
92254211902690 | 47 | 3.58997 | 24
184508423805380 | 48 | 3.58997 | 24
369016847610760 | 49 | 3.58997 | 24
738033695221520 | 50 | 1.63042e-322 | 4
738033695221521 | 50 | 3.58997 | 20
1476067390443042 | 51 | 2.25789 | 11
2952134780886084 | 52 | 2.25789 | 11
5904269561772169 | 53 | 2.25789 | 11
11808539123544338 | 54 | 2.25789 | 11
23617078247088676 | 55 | 2.25789 | 11
47234156494177353 | 56 | 2.25789 | 11
94468312988354707 | 57 | 2.25789 | 11
188936625976709415 | 58 | 2.25789 | 11
377873251953418830 | 59 | 2.25789 | 11
755746503906837661 | 60 | 2.25789 | 11
1511493007813675322 | 61 | 2.25789 | 11
3022986015627350645 | 62 | 2.25789 | 11
6045972031254701291 | 63 | 2.25789 | 11
-6354800011200149033 | 64 | 2.25789 | 11
5737144051309253550 | 65 | 2.25789 | 11
-6972455971091044515 | 66 | 2.25789 | 11
4501832131527462586 | 67 | 2.25789 | 11
9003664263054925172 | 68 | 2.25789 | 11
-439415547599701272 | 69 | 2.25789 | 11
-878831095199402543 | 70 | 2.25789 | 11
-1757662190398805085 | 71 | 2.25789 | 11
-3515324380797610169 | 72 | 2.25789 | 11
-7030648761595220338 | 73 | 4.63978e-310 | 6
-7030648761595220337 | 73 | 4.63978e-310 | 5
1476067390443043 | 51 | 4.63978e-310 | 9
23063552975673 | 45 | 4.63978e-310 | 2
5765888243919 | 43 | 4.63978e-310 | 4
360368015245 | 39 | 4.63978e-310 | 2
11261500477 | 34 | 3.40338 | 18
22523000954 | 35 | 3.40338 | 18
45046001908 | 36 | 3.40338 | 18
90092003817 | 37 | 3.40338 | 18
180184007635 | 38 | 3.40338 | 18
360368015270 | 39 | 3.32277 | 17
720736030540 | 40 | 3.32277 | 17
1441472061080 | 41 | 3.32277 | 17
2882944122160 | 42 | 3.32277 | 17
5765888244321 | 43 | 3.32277 | 17
11531776488642 | 44 | 3.32277 | 17
23063552977285 | 45 | 3.32277 | 17
46127105954571 | 46 | 3.32277 | 17
92254211909143 | 47 | 3.32277 | 17
184508423818287 | 48 | 3.32277 | 17
369016847636574 | 49 | 3.32277 | 17
738033695273148 | 50 | 2.37152e-322 | 2
738033695273149 | 50 | 2.85494 | 15
1476067390546299 | 51 | 2.85494 | 15
2952134781092598 | 52 | 2.85494 | 15
5904269562185197 | 53 | 2.85494 | 15
11808539124370395 | 54 | 2.85494 | 15
23617078248740791 | 55 | 2.85494 | 15
47234156497481583 | 56 | 2.85494 | 15
94468312994963167 | 57 | 2.85494 | 15
188936625989926335 | 58 | 2.85494 | 15
377873251979852670 | 59 | 2.85494 | 15
755746503959705341 | 60 | 2.85494 | 15
1511493007919410683 | 61 | 2.85494 | 15
3022986015838821367 | 62 | 2.85494 | 15
6045972031677642735 | 63 | 2.85494 | 15
-6354800010354266145 | 64 | 2.85494 | 15
5737144053001019326 | 65 | 2.42518 | 14
-6972455967707512964 | 66 | 2.42518 | 14
4501832138294525689 | 67 | 2.42518 | 14
9003664276589051378 | 68 | 2.42518 | 14
-439415520531448860 | 69 | 2.42518 | 14
-878831041062897720 | 70 | 2.42518 | 14
-1757662082125795440 | 71 | 2.42518 | 14
-3515324164251590880 | 72 | 2.42518 | 14
-7030648328503181760 | 73 | 2.42518 | 14
4385447416703188097 | 74 | 2.42518 | 14
8770894833406376194 | 75 | 1.95238 | 12
-904954406896799227 | 76 | 1.95238 | 12
-1809908813793598453 | 77 | 1.95238 | 12
-3619817627587196906 | 78 | 1.95238 | 12
-7239635255174393812 | 79 | 1.95238 | 12
3967473563360763992 | 80 | 1.95238 | 12
7934947126721527984 | 81 | 2.38501 | 1
7934947126721527985 | 81 | 1.61896 | 11
-2576849820266495646 | 82 | 1.61896 | 11
-5153699640532991292 | 83 | 1.61896 | 11
8139344792643569032 | 84 | 0.65295 | 4
8139344792643569033 | 84 | 1.36076 | 7
8770894833406376195 | 75 | 4.63978e-310 | 2
5737144053001019327 | 65 | 4.63978e-310 | 1
360368015271 | 39 | 4.63978e-310 | 1
5630750239 | 33 | 2.54068 | 18
11261500479 | 34 | 2.54068 | 18
22523000958 | 35 | 2.54068 | 18
45046001916 | 36 | 2.54068 | 18
90092003833 | 37 | 2.54068 | 18
180184007666 | 38 | 2.54068 | 18
360368015332 | 39 | 2.54068 | 18
720736030665 | 40 | 2.54068 | 18
1441472061330 | 41 | 2.54068 | 18
2882944122660 | 42 | 2.54068 | 18
5765888245320 | 43 | 4.63978e-310 | 5
5765888245321 | 43 | 1.45295 | 13
11531776490643 | 44 | 1.45295 | 13
23063552981286 | 45 | 4.63978e-310 | 2
23063552981287 | 45 | 1.45295 | 11
46127105962575 | 46 | 1.45295 | 11
92254211925150 | 47 | 4.63978e-310 | 9
92254211925151 | 47 | 4.63978e-310 | 2
175960945 | 28 | 4.63978e-310 | 1
87980473 | 27 | 10.0074 | 106
175960947 | 28 | 10.0074 | 106
351921895 | 29 | 10.0074 | 106
703843790 | 30 | 6.28146 | 40
1407687580 | 31 | 6.28146 | 40
2815375161 | 32 | 6.28146 | 40
5630750323 | 33 | 6.28146 | 40
11261500646 | 34 | 6.28146 | 40
22523001292 | 35 | 6.28146 | 40
45046002584 | 36 | 6.28146 | 40
90092005169 | 37 | 6.28146 | 40
180184010338 | 38 | 6.28146 | 40
360368020677 | 39 | 6.28146 | 40
720736041355 | 40 | 6.28146 | 40
1441472082711 | 41 | 6.28146 | 40
2882944165422 | 42 | 6.28146 | 40
5765888330844 | 43 | 6.28146 | 40
11531776661688 | 44 | 6.28146 | 40
23063553323377 | 45 | 6.28146 | 40
46127106646754 | 46 | 6.28146 | 40
92254213293509 | 47 | 6.28146 | 40
184508426587019 | 48 | 6.28146 | 40
369016853174038 | 49 | 5.42606 | 37
738033706348076 | 50 | 5.42606 | 37
1476067412696152 | 51 | 5.42606 | 37
2952134825392304 | 52 | 4.68329 | 16
5904269650784608 | 53 | 4.68329 | 16
11808539301569217 | 54 | 4.68329 | 16
23617078603138434 | 55 | 4.68329 | 16
47234157206276869 | 56 | 4.68329 | 16
94468314412553739 | 57 | 4.68329 | 16
188936628825107478 | 58 | 4.63978e-310 | 3
188936628825107479 | 58 | 4.20508 | 13
377873257650214959 | 59 | 4.20508 | 13
755746515300429918 | 60 | 4.20508 | 13
1511493030600859836 | 61 | 4.20508 | 13
3022986061201719672 | 62 | 4.20508 | 13
6045972122403439344 | 63 | 4.20508 | 13
-6354799828902672927 | 64 | 4.20508 | 13
5737144415904205762 | 65 | 0 | 10
5737144415904205763 | 65 | 2.04158 | 3
2952134825392305 | 52 | 3.70144 | 21
5904269650784610 | 53 | 2.60793 | 14
11808539301569220 | 54 | 2.60793 | 14
23617078603138440 | 55 | 2.60793 | 14
47234157206276881 | 56 | 2.60793 | 14
94468314412553763 | 57 | 2.60793 | 14
188936628825107526 | 58 | 2.60793 | 14
377873257650215053 | 59 | 2.60793 | 14
755746515300430106 | 60 | 2.60793 | 14
1511493030600860212 | 61 | 1.79821 | 6
1511493030600860213 | 61 | 1.67641 | 8
5904269650784611 | 53 | 4.63978e-310 | 7
369016853174039 | 49 | 4.63978e-310 | 3
703843791 | 30 | 6.16517 | 66
1407687582 | 31 | 6.16517 | 66
2815375165 | 32 | 6.16517 | 66
5630750331 | 33 | 6.16517 | 66
11261500663 | 34 | 6.16517 | 66
22523001327 | 35 | 6.16517 | 66
45046002654 | 36 | 6.16517 | 66
90092005309 | 37 | 6.16517 | 66
180184010618 | 38 | 6.16517 | 66
360368021237 | 39 | 6.16517 | 66
720736042474 | 40 | 6.16517 | 66
1441472084949 | 41 | 6.16517 | 66
2882944169898 | 42 | 6.16517 | 66
5765888339797 | 43 | 6.16517 | 66
11531776679594 | 44 | 4.05003 | 12
23063553359189 | 45 | 4.05003 | 12
46127106718379 | 46 | 4.05003 | 12
92254213436759 | 47 | 4.05003 | 12
184508426873519 | 48 | 4.05003 | 12
369016853747039 | 49 | 4.05003 | 12
738033707494078 | 50 | 4.05003 | 12
1476067414988157 | 51 | 4.05003 | 12
2952134829976314 | 52 | 0.592175 | 10
2952134829976315 | 52 | 0.38851 | 2
11531776679595 | 44 | 6.16517 | 54
23063553359190 | 45 | 3.04802 | 34
46127106718381 | 46 | 3.04802 | 34
92254213436763 | 47 | 3.04802 | 34
184508426873526 | 48 | 3.04802 | 34
369016853747053 | 49 | 3.04802 | 34
738033707494106 | 50 | 3.04802 | 34
1476067414988213 | 51 | 3.04802 | 34
2952134829976427 | 52 | 3.04802 | 34
5904269659952855 | 53 | 3.04802 | 34
11808539319905711 | 54 | 3.04802 | 34
23617078639811423 | 55 | 3.04802 | 34
47234157279622846 | 56 | 0.115491 | 10
47234157279622847 | 56 | 2.70521 | 24
94468314559245695 | 57 | 2.70521 | 24
188936629118491390 | 58 | 2.0516 | 18
377873258236982781 | 59 | 2.0516 | 18
755746516473965562 | 60 | 0.00935936 | 4
755746516473965563 | 60 | 1.89257 | 14
1511493032947931126 | 61 | 6.67293 | 8
1511493032947931127 | 61 | 2.73175 | 6
188936629118491391 | 58 | 4.63978e-310 | 6
23063553359191 | 45 | 3.26466 | 20
46127106718383 | 46 | 3.26466 | 20
92254213436767 | 47 | 3.26466 | 20
184508426873534 | 48 | 3.26466 | 19
369016853747069 | 49 | 3.26466 | 19
738033707494138 | 50 | 4.63978e-310 | 1
738033707494139 | 50 | 3.26466 | 18
1476067414988278 | 51 | 3.26466 | 18
2952134829976556 | 52 | 8.58008 | 10
2952134829976557 | 52 | 0 | 8
184508426873535 | 48 | 4.63978e-310 | 1
11 | 4 | 26.8408 | 350
22 | 5 | 26.8408 | 350
45 | 6 | 26.8408 | 350
90 | 7 | 26.8408 | 350
180 | 8 | 26.8408 | 350
361 | 9 | 26.8408 | 350
723 | 10 | 26.8408 | 350
1447 | 11 | 26.8408 | 350
2894 | 12 | 26.8408 | 350
5789 | 13 | 26.8408 | 350
11578 | 14 | 25.4781 | 150
23156 | 15 | 4.63978e-310 | 3
23157 | 15 | 21.493 | 147
46314 | 16 | 19.6464 | 77
92629 | 17 | 19.6464 | 77
185258 | 18 | 5.11593 | 38
370516 | 19 | 5.11593 | 38
741032 | 20 | 5.11593 | 38
1482064 | 21 | 3.21088 | 30
2964128 | 22 | 3.21088 | 30
5928257 | 23 | 3.21088 | 30
11856514 | 24 | 3.21088 | 30
23713028 | 25 | 3.21088 | 14
47426057 | 26 | 3.21088 | 14
94852115 | 27 | 3.21088 | 14
189704230 | 28 | 3.21088 | 14
379408460 | 29 | 0.32728 | 7
379408461 | 29 | 1.61656 | 7
23713029 | 25 | 2.39359 | 16
47426058 | 26 | 2.02502 | 15
94852116 | 27 | 2.02502 | 15
189704232 | 28 | 2.02502 | 15
379408465 | 29 | 2.02502 | 15
758816930 | 30 | 2.02502 | 15
1517633861 | 31 | 2.02502 | 15
3035267722 | 32 | 2.02502 | 15
6070535444 | 33 | 2.02502 | 15
12141070888 | 34 | 2.02502 | 15
24282141777 | 35 | 2.02502 | 15
48564283554 | 36 | 2.02502 | 15
97128567108 | 37 | 2.02502 | 15
194257134216 | 38 | 2.02502 | 14
388514268433 | 39 | 2.02502 | 14
777028536867 | 40 | 2.02502 | 14
1554057073735 | 41 | 2.02502 | 14
3108114147470 | 42 | 2.02502 | 14
6216228294940 | 43 | 2.02502 | 14
12432456589880 | 44 | 0.882963 | 7
12432456589881 | 44 | 18.5508 | 7
194257134217 | 38 | 4.63978e-310 | 1
47426059 | 26 | 4.63978e-310 | 1
1482065 | 21 | 4.63978e-310 | 8
185259 | 18 | 18.1514 | 39
370519 | 19 | 18.1514 | 39
741038 | 20 | 4.63978e-310 | 1
741039 | 20 | 18.1514 | 38
1482079 | 21 | 18.1514 | 38
2964158 | 22 | 18.1514 | 38
5928317 | 23 | 18.1514 | 38
11856634 | 24 | 4.63978e-310 | 5
11856635 | 24 | 7.28545 | 33
23713270 | 25 | 7.28545 | 30
47426540 | 26 | 7.28545 | 30
94853080 | 27 | 7.28545 | 30
189706160 | 28 | 7.28545 | 30
379412320 | 29 | 7.28545 | 30
758824641 | 30 | 7.28545 | 30
1517649282 | 31 | 0 | 3
1517649283 | 31 | 6.88747 | 27
3035298567 | 32 | 6.88747 | 27
6070597134 | 33 | 6.88747 | 27
12141194268 | 34 | 6.88747 | 11
24282388536 | 35 | 6.88747 | 11
48564777072 | 36 | 6.88747 | 11
97129554145 | 37 | 6.88747 | 11
194259108290 | 38 | 6.88747 | 11
388518216580 | 39 | 6.88747 | 11
777036433160 | 40 | 6.88747 | 11
1554072866321 | 41 | 6.88747 | 11
3108145732642 | 42 | 6.88747 | 11
6216291465285 | 43 | 6.88747 | 11
12432582930570 | 44 | 6.88747 | 11
24865165861141 | 45 | 6.88747 | 11
49730331722283 | 46 | 6.88747 | 11
99460663444566 | 47 | 6.88747 | 11
198921326889132 | 48 | 6.88747 | 11
397842653778264 | 49 | 6.88747 | 11
795685307556528 | 50 | 6.88747 | 11
1591370615113057 | 51 | 6.88747 | 11
3182741230226115 | 52 | 6.88747 | 11
6365482460452230 | 53 | 6.88747 | 11
12730964920904460 | 54 | 6.88747 | 11
25461929841808921 | 55 | 6.88747 | 11
50923859683617843 | 56 | 6.88747 | 11
101847719367235686 | 57 | 1.76611 | 1
101847719367235687 | 57 | 6.83151 | 10
12141194269 | 34 | 6.07211 | 16
24282388538 | 35 | 6.07211 | 16
48564777077 | 36 | 6.07211 | 16
97129554155 | 37 | 6.07211 | 16
194259108311 | 38 | 6.07211 | 16
388518216622 | 39 | 6.07211 | 16
777036433244 | 40 | 6.07211 | 16
1554072866488 | 41 | 6.07211 | 16
3108145732977 | 42 | 6.07211 | 16
6216291465954 | 43 | 4.63978e-310 | 8
6216291465955 | 43 | 4.63978e-310 | 8
23713271 | 25 | 4.63978e-310 | 3
46315 | 16 | 17.3949 | 70
92630 | 17 | 17.3949 | 70
185261 | 18 | 17.3949 | 70
370523 | 19 | 17.3949 | 70
741046 | 20 | 17.3949 | 70
1482092 | 21 | 17.3949 | 70
2964185 | 22 | 17.3949 | 70
5928371 | 23 | 17.3949 | 70
11856742 | 24 | 17.3949 | 70
23713485 | 25 | 17.3949 | 70
47426970 | 26 | 4.63978e-310 | 1
47426971 | 26 | 15.4112 | 69
94853943 | 27 | 15.4112 | 69
189707886 | 28 | 15.4112 | 69
379415773 | 29 | 15.4112 | 69
758831547 | 30 | 15.4112 | 69
1517663094 | 31 | 15.4112 | 69
3035326188 | 32 | 2.42092e-322 | 1
3035326189 | 32 | 15.4112 | 68
6070652379 | 33 | 15.4112 | 68
12141304759 | 34 | 15.4112 | 68
24282609519 | 35 | 15.4112 | 68
48565219038 | 36 | 9.08855 | 34
97130438076 | 37 | 9.08855 | 34
194260876152 | 38 | 4.52717 | 11
388521752304 | 39 | 4.63978e-310 | 1
388521752305 | 39 | 4.63978e-310 | 10
194260876153 | 38 | 8.33908 | 23
388521752306 | 39 | 8.33908 | 23
777043504612 | 40 | 8.33908 | 23
1554087009224 | 41 | 0 | 8
1554087009225 | 41 | 8.33908 | 15
3108174018451 | 42 | 8.33908 | 15
6216348036903 | 43 | 8.33908 | 15
12432696073807 | 44 | 8.33908 | 15
24865392147614 | 45 | 6.2953 | 2
24865392147615 | 45 | 7.13375 | 13
49730784295230 | 46 | 7.13375 | 13
99461568590461 | 47 | 7.13375 | 13
198923137180922 | 48 | 6.68065 | 12
397846274361844 | 49 | 6.68065 | 12
795692548723688 | 50 | 6.68065 | 12
1591385097447376 | 51 | 0.57694 | 2
1591385097447377 | 51 | 7.32934 | 10
198923137180923 | 48 | 4.63978e-310 | 1
48565219039 | 36 | 8.22444 | 34
97130438079 | 37 | 8.22444 | 34
194260876159 | 38 | 8.22444 | 34
388521752318 | 39 | 7.7583 | 5
388521752319 | 39 | 7.84972 | 29
777043504639 | 40 | 7.84972 | 29
1554087009278 | 41 | 4.21331 | 11
3108174018556 | 42 | 4.21331 | 11
6216348037113 | 43 | 4.21331 | 11
12432696074226 | 44 | 4.21331 | 11
24865392148452 | 45 | 4.21331 | 11
49730784296904 | 46 | 4.21331 | 11
99461568593809 | 47 | 4.21331 | 11
198923137187618 | 48 | 4.21331 | 11
397846274375236 | 49 | 4.21331 | 11
795692548750473 | 50 | 4.21331 | 11
1591385097500946 | 51 | 16.6627 | 5
1591385097500947 | 51 | 0.859765 | 6
1554087009279 | 41 | 6.51822 | 18
3108174018558 | 42 | 6.51822 | 18
6216348037116 | 43 | 4.63978e-310 | 7
6216348037117 | 43 | 4.42459 | 11
12432696074234 | 44 | 4.42459 | 11
24865392148468 | 45 | 19.1147 | 1
24865392148469 | 45 | 4.63978e-310 | 10
11579 | 14 | 26.8408 | 200
23159 | 15 | 26.8408 | 200
46319 | 16 | 26.8408 | 200
92638 | 17 | 26.8408 | 200
185276 | 18 | 12.153 | 96
370552 | 19 | 12.153 | 96
741105 | 20 | 12.153 | 96
1482211 | 21 | 12.153 | 96
2964422 | 22 | 12.153 | 96
5928844 | 23 | 12.153 | 96
11857689 | 24 | 12.153 | 96
23715379 | 25 | 12.153 | 96
47430759 | 26 | 12.153 | 96
94861519 | 27 | 12.153 | 96
189723039 | 28 | 12.153 | 96
379446078 | 29 | 12.153 | 96
758892156 | 30 | 12.153 | 96
1517784312 | 31 | 12.153 | 96
3035568625 | 32 | 12.153 | 96
6071137250 | 33 | 12.153 | 96
12142274501 | 34 | 12.153 | 96
24284549003 | 35 | 12.153 | 96
48569098006 | 36 | 4.63978e-310 | 2
48569098007 | 36 | 11.4246 | 94
97138196015 | 37 | 11.4246 | 94
194276392031 | 38 | 11.4246 | 94
388552784063 | 39 | 11.4246 | 94
777105568127 | 40 | 11.4246 | 94
1554211136254 | 41 | 11.4246 | 94
3108422272508 | 42 | 11.4246 | 94
6216844545016 | 43 | 11.4246 | 94
12433689090032 | 44 | 11.4246 | 94
24867378180065 | 45 | 11.4246 | 94
49734756360131 | 46 | 11.4246 | 94
99469512720263 | 47 | 11.4246 | 94
198939025440527 | 48 | 11.4246 | 94
397878050881054 | 49 | 6.90513e-310 | 2
397878050881055 | 49 | 11.4246 | 92
795756101762110 | 50 | 11.4246 | 92
1591512203524221 | 51 | 11.4246 | 92
3183024407048442 | 52 | 11.4246 | 92
6366048814096884 | 53 | 9.42092 | 56
12732097628193769 | 54 | 9.42092 | 56
25464195256387538 | 55 | 9.42092 | 56
50928390512775076 | 56 | 9.42092 | 56
101856781025550153 | 57 | 9.42092 | 56
203713562051100307 | 58 | 9.42092 | 56
407427124102200615 | 59 | 9.42092 | 56
814854248204401231 | 60 | 9.42092 | 56
1629708496408802462 | 61 | 9.42092 | 56
3259416992817604925 | 62 | 9.42092 | 56
6518833985635209851 | 63 | 9.42092 | 56
-5409076102439131913 | 64 | 9.42092 | 56
7628591868831287790 | 65 | 4.63978e-310 | 4
7628591868831287791 | 65 | 7.36309 | 52
-3189560336046976034 | 66 | 7.36309 | 52
-6379120672093952068 | 67 | 7.36309 | 52
5688502729521647480 | 68 | 7.36309 | 52
-7069738614666256656 | 69 | 7.36309 | 52
4307266844377038305 | 70 | 7.36309 | 52
8614533688754076611 | 71 | 7.36309 | 52
-1217676696201398394 | 72 | 7.36309 | 52
-2435353392402796787 | 73 | 7.36309 | 52
-4870706784805593573 | 74 | 7.36309 | 52
8705330504098364471 | 75 | 7.36309 | 52
-1036083065512822674 | 76 | 3.86306 | 13
-2072166131025645347 | 77 | 3.86306 | 13
-4144332262051290693 | 78 | 3.86306 | 13
-8288664524102581386 | 79 | 3.52445 | 11
1869415025504388844 | 80 | 13.8055 | 6
1869415025504388845 | 80 | 1.45795 | 5
-8288664524102581385 | 79 | 4.63978e-310 | 2
-1036083065512822673 | 76 | 5.23663 | 39
-2072166131025645345 | 77 | 5.23663 | 39
-4144332262051290690 | 78 | 5.23663 | 39
-8288664524102581379 | 79 | 5.23663 | 39
1869415025504388858 | 80 | 5.23663 | 39
3738830051008777716 | 81 | 5.23663 | 39
7477660102017555432 | 82 | 5.23663 | 39
-3491423869674440752 | 83 | 5.23663 | 39
-6982847739348881503 | 84 | 5.23663 | 39
4481048595011788610 | 85 | 5.23663 | 39
8962097190023577220 | 86 | 5.23663 | 39
-522549693662397175 | 87 | 5.23663 | 39
-1045099387324794350 | 88 | 4.5413 | 35
-2090198774649588700 | 89 | 4.5413 | 35
-4180397549299177400 | 90 | 4.5413 | 35
-8360795098598354800 | 91 | 4.5413 | 35
1725153876512842016 | 92 | 5.5386 | 6
1725153876512842017 | 92 | 3.68455 | 29
3450307753025684034 | 93 | 3.68455 | 29
6900615506051368068 | 94 | 3.68455 | 29
-4645513061606815479 | 95 | 3.68455 | 29
9155717950495920658 | 96 | 3.68455 | 29
-135308172717710300 | 97 | 3.68455 | 29
-270616345435420600 | 98 | 3.31975 | 14
-541232690870841199 | 99 | 3.31975 | 14
-1082465381741682398 | 100 | 3.31975 | 14
-2164930763483364796 | 101 | 3.31975 | 14
-4329861526966729592 | 102 | 3.31975 | 14
-8659723053933459184 | 103 | 1.7497 | 3
-8659723053933459183 | 103 | 2.7582 | 11
1127297965842633250 | 104 | 2.7582 | 11
2254595931685266501 | 105 | 2.7582 | 11
4509191863370533002 | 106 | 2.7582 | 11
9018383726741066005 | 107 | 2.7582 | 11
-409976620227419605 | 108 | 2.7582 | 11
-819953240454839210 | 109 | 2.7582 | 11
-1639906480909678420 | 110 | 0.859765 | 1
-1639906480909678419 | 110 | 7.67575 | 10
-270616345435420599 | 98 | 2.76719 | 15
-541232690870841197 | 99 | 2.76719 | 15
-1082465381741682394 | 100 | 2.76719 | 15
-2164930763483364787 | 101 | 2.76719 | 15
-4329861526966729574 | 102 | 2.76719 | 15
-8659723053933459148 | 103 | 2.76719 | 15
1127297965842633321 | 104 | 2.76719 | 15
2254595931685266642 | 105 | 2.76719 | 15
4509191863370533285 | 106 | 2.76719 | 15
9018383726741066570 | 107 | 2.76719 | 15
-409976620227418476 | 108 | 2.76719 | 15
-819953240454836951 | 109 | 2.76719 | 15
-1639906480909673902 | 110 | 2.76719 | 15
-3279812961819347803 | 111 | 2.76719 | 15
-6559625923638695606 | 112 | 2.76719 | 15
5327492226432160404 | 113 | 2.76719 | 15
-7791759620845230808 | 114 | 0.706915 | 9
-7791759620845230807 | 114 | 2.09241 | 6
-1045099387324794349 | 88 | 4.63978e-310 | 4
6366048814096885 | 53 | 5.76249 | 36
12732097628193771 | 54 | 5.76249 | 36
25464195256387542 | 55 | 3.92192 | 28
50928390512775084 | 56 | 3.92192 | 28
101856781025550168 | 57 | 3.17815 | 27
203713562051100336 | 58 | 2.80426 | 13
407427124102200672 | 59 | 35.4732 | 10
407427124102200673 | 59 | 34.1347 | 3
203713562051100337 | 58 | 2.47228 | 14
407427124102200675 | 59 | 2.47228 | 14
814854248204401350 | 60 | 2.47228 | 14
1629708496408802701 | 61 | 2.47228 | 14
3259416992817605402 | 62 | 4.63978e-310 | 2
3259416992817605403 | 62 | 2.18996 | 12
6518833985635210806 | 63 | 2.18996 | 12
-5409076102439130004 | 64 | 4.63978e-310 | 2
-5409076102439130003 | 64 | 4.63978e-310 | 10
101856781025550169 | 57 | 4.63978e-310 | 1
25464195256387543 | 55 | 4.63978e-310 | 8
185277 | 18 | 12.3927 | 104
370554 | 19 | 12.3927 | 104
741108 | 20 | 12.3927 | 104
1482216 | 21 | 12.3927 | 104
2964433 | 22 | 12.3927 | 104
5928867 | 23 | 12.3927 | 104
11857735 | 24 | 12.3927 | 104
23715470 | 25 | 12.3927 | 104
47430941 | 26 | 12.3927 | 104
94861882 | 27 | 12.3927 | 104
189723764 | 28 | 12.3927 | 104
379447528 | 29 | 12.3927 | 104
758895056 | 30 | 12.3927 | 104
1517790112 | 31 | 11.8926 | 101
3035580224 | 32 | 11.8926 | 101
6071160448 | 33 | 11.6077 | 22
12142320896 | 34 | 11.6077 | 22
24284641792 | 35 | 11.6077 | 22
48569283585 | 36 | 11.6077 | 22
97138567171 | 37 | 11.6077 | 22
194277134342 | 38 | 11.6077 | 22
388554268684 | 39 | 11.6077 | 22
777108537369 | 40 | 11.6077 | 22
1554217074738 | 41 | 0.72171 | 7
1554217074739 | 41 | 5.71841 | 15
3108434149479 | 42 | 5.71841 | 15
6216868298958 | 43 | 5.71841 | 15
12433736597916 | 44 | 5.44406 | 14
24867473195833 | 45 | 5.44406 | 14
49734946391667 | 46 | 5.44406 | 14
99469892783335 | 47 | 5.44406 | 14
198939785566670 | 48 | 5.44406 | 14
397879571133340 | 49 | 5.44406 | 14
795759142266680 | 50 | 5.44406 | 14
1591518284533360 | 51 | 5.44406 | 14
3183036569066720 | 52 | 5.26357 | 13
6366073138133440 | 53 | 5.26357 | 13
12732146276266881 | 54 | 5.26357 | 13
25464292552533762 | 55 | 5.26357 | 13
50928585105067524 | 56 | 5.26357 | 13
101857170210135048 | 57 | 5.26357 | 13
203714340420270096 | 58 | 3.0579 | 4
203714340420270097 | 58 | 0.609018 | 9
3183036569066721 | 52 | 4.63978e-310 | 1
12433736597917 | 44 | 4.63978e-310 | 1
6071160449 | 33 | 10.1332 | 79
12142320898 | 34 | 10.1332 | 79
24284641797 | 35 | 10.1332 | 79
48569283595 | 36 | 10.1332 | 79
97138567191 | 37 | 10.1332 | 79
194277134383 | 38 | 10.1332 | 79
388554268766 | 39 | 4.63978e-310 | 5
388554268767 | 39 | 9.17778 | 74
777108537535 | 40 | 9.17778 | 74
1554217075070 | 41 | 9.17778 | 74
3108434150140 | 42 | 9.17778 | 74
6216868300280 | 43 | 8.06733 | 68
12433736600560 | 44 | 8.06733 | 68
24867473201121 | 45 | 8.06733 | 68
49734946402242 | 46 | 8.06733 | 68
99469892804485 | 47 | 8.06733 | 68
198939785608971 | 48 | 8.06733 | 68
397879571217942 | 49 | 8.06733 | 68
795759142435884 | 50 | 8.06733 | 68
1591518284871769 | 51 | 8.06733 | 68
3183036569743539 | 52 | 8.06733 | 68
6366073139487078 | 53 | 8.06733 | 68
12732146278974157 | 54 | 8.06733 | 68
25464292557948314 | 55 | 8.06733 | 68
50928585115896628 | 56 | 8.06733 | 68
101857170231793256 | 57 | 8.06733 | 68
203714340463586512 | 58 | 4.63978e-310 | 8
203714340463586513 | 58 | 7.09729 | 60
407428680927173026 | 59 | 7.09729 | 60
814857361854346053 | 60 | 7.09729 | 60
1629714723708692107 | 61 | 7.09729 | 60
3259429447417384214 | 62 | 7.09729 | 60
6518858894834768428 | 63 | 7.09729 | 60
-5409026284040014760 | 64 | 7.09729 | 60
7628691505629522096 | 65 | 6.02028 | 40
-3189361062450507424 | 66 | 6.02028 | 40
-6378722124901014848 | 67 | 6.02028 | 40
5689299823907521920 | 68 | 6.02028 | 40
-7068144425894507776 | 69 | 6.02028 | 40
4310455221920536065 | 70 | 6.02028 | 40
8620910443841072131 | 71 | 6.02028 | 40
-1204923186027407354 | 72 | 6.02028 | 40
-2409846372054814708 | 73 | 6.02028 | 40
-4819692744109629416 | 74 | 6.02028 | 40
8807358585490292785 | 75 | 6.02028 | 40
-832026902728966046 | 76 | 6.02028 | 40
-1664053805457932092 | 77 | 6.02028 | 40
-3328107610915864184 | 78 | 6.02028 | 40
-6656215221831728367 | 79 | 6.02028 | 40
5134313630046094882 | 80 | 6.02028 | 40
-8178116813617361851 | 81 | 6.02028 | 40
2090510446474827914 | 82 | 4.71868 | 20
4181020892949655828 | 83 | 4.71868 | 20
8362041785899311657 | 84 | 4.71868 | 20
-1722660501910928302 | 85 | 4.71868 | 20
-3445321003821856604 | 86 | 4.71868 | 20
-6890642007643713207 | 87 | 4.71868 | 20
4665460058422125202 | 88 | 4.71868 | 20
-9115823956865301212 | 89 | 4.71868 | 20
215096159978949193 | 90 | 4.71868 | 20
430192319957898386 | 91 | 4.71868 | 20
860384639915796773 | 92 | 4.71868 | 20
1720769279831593546 | 93 | 4.71868 | 20
3441538559663187093 | 94 | 4.71868 | 20
6883077119326374187 | 95 | 4.71868 | 20
-4680589835056803241 | 96 | 4.71868 | 20
9085564403595945135 | 97 | 4.71868 | 20
-275615266517661346 | 98 | 4.71868 | 20
-551230533035322691 | 99 | 4.71868 | 20
-1102461066070645381 | 100 | 4.71868 | 20
-2204922132141290761 | 101 | 4.71868 | 20
-4409844264282581521 | 102 | 4.71868 | 20
-8819688528565163042 | 103 | 4.71868 | 20
807367016579225532 | 104 | 4.71868 | 20
1614734033158451065 | 105 | 4.71868 | 20
3229468066316902131 | 106 | 4.71868 | 20
6458936132633804262 | 107 | 4.71868 | 20
-5528871808441943092 | 108 | 4.71868 | 20
7389000456825665432 | 109 | 4.71868 | 20
-3668743160058220752 | 110 | 4.71868 | 20
-7337486320116441504 | 111 | 4.71868 | 20
3771771433476668609 | 112 | 4.71868 | 20
7543542866953337218 | 113 | 3.65803 | 3
7543542866953337219 | 113 | 3.43273 | 17
-3359658339802877177 | 114 | 3.43273 | 17
-6719316679605754354 | 115 | 3.43273 | 17
5008110714498042909 | 116 | 3.43273 | 17
-8430522644713465798 | 117 | 3.43273 | 17
1585698784282620020 | 118 | 3.43273 | 17
3171397568565240040 | 119 | 3.43273 | 17
6342795137130480080 | 120 | 3.43273 | 17
-5761153799448591456 | 121 | 3.43273 | 17
6924436474812368704 | 122 | 3.43273 | 17
-4597871124084814207 | 123 | 3.43273 | 17
-9195742248169628414 | 124 | 3.43273 | 17
55259577370294789 | 125 | 3.43273 | 17
110519154740589579 | 126 | 3.43273 | 17
221038309481179159 | 127 | 3.43273 | 17
442076618962358319 | 128 | 3.43273 | 17
884153237924716639 | 129 | 3.43273 | 17
1768306475849433278 | 130 | 3.43273 | 14
3536612951698866556 | 131 | 1.15776 | 1
3536612951698866557 | 131 | 2.52197 | 13
7073225903397733115 | 132 | 2.52197 | 13
-4300292266914085385 | 133 | 2.52197 | 13
-8600584533828170769 | 134 | 2.52197 | 13
1245575006053210078 | 135 | 2.52197 | 13
2491150012106420157 | 136 | 2.52197 | 13
4982300024212840314 | 137 | 2.24745 | 12
-8482144025283870988 | 138 | 2.24745 | 12
1482456023141809641 | 139 | 2.24745 | 12
2964912046283619282 | 140 | 2.42092e-322 | 5
2964912046283619283 | 140 | 0.757765 | 7
4982300024212840315 | 137 | 4.63978e-310 | 1
1768306475849433279 | 130 | 4.63978e-310 | 3
2090510446474827915 | 82 | 3.36223 | 20
4181020892949655830 | 83 | 3.36223 | 20
8362041785899311660 | 84 | 3.36223 | 20
-1722660501910928296 | 85 | 3.36223 | 20
-3445321003821856591 | 86 | 3.36223 | 20
-6890642007643713182 | 87 | 3.36223 | 20
4665460058422125252 | 88 | 4.63978e-310 | 9
4665460058422125253 | 88 | 2.20965 | 11
-9115823956865301109 | 89 | 2.20965 | 11
215096159978949398 | 90 | 2.20965 | 11
430192319957898797 | 91 | 2.20965 | 11
860384639915797595 | 92 | 2.20965 | 11
1720769279831595190 | 93 | 2.20965 | 11
3441538559663190381 | 94 | 2.20965 | 11
6883077119326380762 | 95 | 2.20965 | 11
-4680589835056790092 | 96 | 2.20965 | 11
9085564403595971433 | 97 | 2.20965 | 11
-275615266517608750 | 98 | 2.20965 | 11
-551230533035217499 | 99 | 2.20965 | 11
-1102461066070434997 | 100 | 2.20965 | 11
-2204922132140869993 | 101 | 2.20965 | 11
-4409844264281739985 | 102 | 2.20965 | 11
-8819688528563479970 | 103 | 2.20965 | 11
807367016582591676 | 104 | 0.172382 | 4
807367016582591677 | 104 | 1.78408 | 7
7628691505629522097 | 65 | 4.47804 | 20
-3189361062450507421 | 66 | 4.47804 | 20
-6378722124901014842 | 67 | 4.47804 | 20
5689299823907521932 | 68 | 4.47804 | 20
-7068144425894507751 | 69 | 4.47804 | 20
4310455221920536115 | 70 | 4.47804 | 20
8620910443841072231 | 71 | 4.47804 | 20
-1204923186027407153 | 72 | 4.47804 | 20
-2409846372054814305 | 73 | 4.47804 | 20
-4819692744109628610 | 74 | 4.47804 | 20
8807358585490294396 | 75 | 4.47804 | 20
-832026902728962824 | 76 | 4.47804 | 20
-1664053805457925648 | 77 | 4.47804 | 18
-3328107610915851296 | 78 | 4.47804 | 18
-6656215221831702592 | 79 | 4.47804 | 18
5134313630046146433 | 80 | 4.47804 | 18
-8178116813617258750 | 81 | 4.47804 | 18
2090510446475034116 | 82 | 2.49984 | 13
4181020892950068233 | 83 | 2.49984 | 13
8362041785900136467 | 84 | 2.49984 | 13
-1722660501909278681 | 85 | 2.49984 | 13
-3445321003818557362 | 86 | 2.49984 | 13
-6890642007637114724 | 87 | 2.49984 | 13
4665460058435322169 | 88 | 2.49984 | 13
-9115823956838907278 | 89 | 2.49984 | 13
215096160031737060 | 90 | 2.49984 | 13
430192320063474121 | 91 | 2.49984 | 13
860384640126948243 | 92 | 2.49984 | 13
1720769280253896486 | 93 | 2.49984 | 13
3441538560507792973 | 94 | 2.49984 | 13
6883077121015585947 | 95 | 2.49984 | 13
-4680589831678379721 | 96 | 2.49984 | 13
9085564410352792174 | 97 | 2.00561 | 11
-275615253003967267 | 98 | 2.00561 | 11
-551230506007934534 | 99 | 2.00561 | 11
-1102461012015869068 | 100 | 2.00561 | 11
-2204922024031738135 | 101 | 2.00561 | 11
-4409844048063476269 | 102 | 2.00561 | 11
-8819688096126952538 | 103 | 2.00561 | 11
807367881455646541 | 104 | 2.00561 | 11
1614735762911293083 | 105 | 2.00561 | 11
3229471525822586166 | 106 | 2.00561 | 11
6458943051645172333 | 107 | 2.00561 | 11
-5528857970419206950 | 108 | 2.00561 | 11
7389028132871137717 | 109 | 2.00561 | 11
-3668687807967276182 | 110 | 2.00561 | 11
-7337375615934552364 | 111 | 2.00561 | 11
3771992841840446889 | 112 | 2.00561 | 11
7543985683680893778 | 113 | 0.72027 | 5
7543985683680893779 | 113 | 3.15323 | 6
9085564410352792175 | 97 | 4.63978e-310 | 2
2090510446475034117 | 82 | 4.63978e-310 | 5
-1664053805457925647 | 77 | 4.63978e-310 | 2
6216868300281 | 43 | 4.63978e-310 | 6
1517790113 | 31 | 4.63978e-310 | 3
