ID | Depth | diameter | Number of points
0 | 0 | 29.316 | 1600
1 | 1 | 29.316 | 1600
2 | 2 | 28.2066 | 1384
4 | 3 | 28.2066 | 1384
8 | 4 | 28.2066 | 1384
16 | 5 | 27.2309 | 1192
32 | 6 | 19.2006 | 481
64 | 7 | 19.2006 | 481
128 | 8 | 4.63978e-310 | 8
129 | 8 | 19.2006 | 473
259 | 9 | 19.2006 | 473
518 | 10 | 19.2006 | 473
1037 | 11 | 19.2006 | 473
2074 | 12 | 19.2006 | 473
4148 | 13 | 5.24586 | 38
8296 | 14 | 3.35389 | 18
16593 | 15 | 3.35389 | 18
33186 | 16 | 3.35389 | 18
66372 | 17 | 3.35389 | 18
132745 | 18 | 3.35389 | 18
265490 | 19 | 3.35389 | 18
530980 | 20 | 4.63978e-310 | 5
530981 | 20 | 2.68157 | 13
1061963 | 21 | 2.68157 | 13
2123926 | 22 | 4.63978e-310 | 1
2123927 | 22 | 1.68794 | 12
4247854 | 23 | 4.63978e-310 | 2
4247855 | 23 | 4.63978e-310 | 10
8297 | 14 | 2.74285 | 20
16595 | 15 | 2.74285 | 20
33190 | 16 | 4.63978e-310 | 7
33191 | 16 | 1.9811 | 13
66382 | 17 | 1.9811 | 13
132765 | 18 | 1.9811 | 13
265530 | 19 | 1.9811 | 12
531060 | 20 | 1.9811 | 12
1062121 | 21 | 1.9811 | 12
2124243 | 22 | 1.9811 | 12
4248487 | 23 | 1.9811 | 12
8496974 | 24 | 1.9811 | 12
16993948 | 25 | 1.9811 | 12
33987896 | 26 | 1.9811 | 12
67975793 | 27 | 1.9811 | 12
135951587 | 28 | 1.9811 | 12
271903174 | 29 | 1.9811 | 12
543806348 | 30 | 1.9811 | 12
1087612696 | 31 | 1.9811 | 12
2175225393 | 32 | 1.9811 | 12
4350450786 | 33 | 1.9811 | 12
8700901573 | 34 | 1.9811 | 12
17401803146 | 35 | 1.9811 | 12
34803606292 | 36 | 1.02573 | 1
34803606293 | 36 | 1.9811 | 11
69607212586 | 37 | 1.9811 | 11
139214425173 | 38 | 1.9811 | 11
278428850347 | 39 | 1.9811 | 11
556857700695 | 40 | 1.9811 | 11
1113715401391 | 41 | 1.9811 | 11
2227430802782 | 42 | 1.9811 | 11
4454861605564 | 43 | 1.9811 | 11
8909723211128 | 44 | 0.479922 | 3
8909723211129 | 44 | 4.63978e-310 | 8
265531 | 19 | 4.63978e-310 | 1
4149 | 13 | 17.2874 | 435
8299 | 14 | 17.2874 | 435
16598 | 15 | 17.2874 | 435
33196 | 16 | 17.2874 | 435
66393 | 17 | 17.2874 | 435
132786 | 18 | 17.2874 | 435
265572 | 19 | 11.4344 | 183
531144 | 20 | 11.4344 | 183
1062289 | 21 | 11.4344 | 183
2124578 | 22 | 10.0443 | 117
4249156 | 23 | 10.0443 | 117
8498312 | 24 | 10.0443 | 117
16996625 | 25 | 10.0443 | 117
33993250 | 26 | 10.0443 | 117
67986501 | 27 | 10.0443 | 117
135973002 | 28 | 10.0443 | 117
271946005 | 29 | 10.0443 | 117
543892010 | 30 | 10.0443 | 117
1087784021 | 31 | 10.0443 | 117
2175568042 | 32 | 10.0443 | 117
4351136084 | 33 | 10.0443 | 117
8702272168 | 34 | 10.0443 | 117
17404544336 | 35 | 0 | 2
17404544337 | 35 | 9.84516 | 115
34809088674 | 36 | 2.5272 | 3
34809088675 | 36 | 9.84516 | 112
69618177350 | 37 | 9.37749 | 53
139236354700 | 38 | 9.37749 | 53
278472709400 | 39 | 9.37749 | 53
556945418800 | 40 | 9.37749 | 53
1113890837600 | 41 | 9.37749 | 53
2227781675200 | 42 | 7.96717 | 45
4455563350401 | 43 | 7.96717 | 45
8911126700803 | 44 | 7.96717 | 45
17822253401606 | 45 | 7.96717 | 45
35644506803213 | 46 | 7.96717 | 45
71289013606427 | 47 | 7.96717 | 45
142578027212854 | 48 | 7.96717 | 45
285156054425708 | 49 | 7.96717 | 45
570312108851416 | 50 | 7.50591 | 42
1140624217702832 | 51 | 7.50591 | 42
2281248435405665 | 52 | 7.50591 | 42
4562496870811331 | 53 | 7.50591 | 42
9124993741622663 | 54 | 7.50591 | 42
18249987483245326 | 55 | 7.50591 | 42
36499974966490652 | 56 | 4.03486 | 14
72999949932981305 | 57 | 4.03486 | 14
145999899865962611 | 58 | 4.03486 | 14
291999799731925223 | 59 | 4.03486 | 14
583999599463850446 | 60 | 4.63978e-310 | 10
583999599463850447 | 60 | 4.63978e-310 | 4
36499974966490653 | 56 | 3.64279 | 28
72999949932981307 | 57 | 3.64279 | 28
145999899865962614 | 58 | 3.48588 | 20
291999799731925229 | 59 | 3.48588 | 20
583999599463850459 | 60 | 3.48588 | 20
1167999198927700919 | 61 | 3.48588 | 20
2335998397855401838 | 62 | 2.41311 | 14
4671996795710803676 | 63 | 2.41311 | 14
-9102750482287944264 | 64 | 2.41311 | 14
241243109133663089 | 65 | 2.41311 | 14
482486218267326179 | 66 | 2.41311 | 14
964972436534652358 | 67 | 0.20322 | 2
964972436534652359 | 67 | 2.01447 | 12
1929944873069304718 | 68 | 2.01447 | 12
3859889746138609437 | 69 | 2.01447 | 12
7719779492277218874 | 70 | 2.01447 | 12
-3007185089155113867 | 71 | 2.01447 | 12
-6014370178310227734 | 72 | 2.01447 | 12
6418003717089096148 | 73 | 2.01447 | 12
-5610736639531359320 | 74 | 1.48885 | 1
-5610736639531359319 | 74 | 1.97769 | 11
7225270794646832978 | 75 | 1.97769 | 11
-3996202484415885660 | 76 | 1.97769 | 11
-7992404968831771320 | 77 | 1.97769 | 11
2461934136046008977 | 78 | 1.97769 | 11
4923868272092017954 | 79 | 1.97769 | 11
-8599007529525515707 | 80 | 1.97769 | 11
1248729014658520202 | 81 | 1.97769 | 11
2497458029317040404 | 82 | 1.97769 | 11
4994916058634080808 | 83 | 1.58101e-322 | 9
4994916058634080809 | 83 | 1.58101e-322 | 2
2335998397855401839 | 62 | 4.63978e-310 | 6
145999899865962615 | 58 | 4.63978e-310 | 8
570312108851417 | 50 | 4.63978e-310 | 3
2227781675201 | 42 | 4.63978e-310 | 8
69618177351 | 37 | 9.0236 | 59
139236354702 | 38 | 9.0236 | 59
278472709404 | 39 | 9.0236 | 59
556945418808 | 40 | 9.0236 | 59
1113890837616 | 41 | 3.52924 | 27
2227781675233 | 42 | 3.52924 | 27
4455563350467 | 43 | 3.52924 | 27
8911126700934 | 44 | 3.52924 | 27
17822253401869 | 45 | 3.52924 | 27
35644506803738 | 46 | 4.63978e-310 | 1
35644506803739 | 46 | 3.48167 | 26
71289013607479 | 47 | 3.48167 | 26
142578027214959 | 48 | 3.48167 | 26
285156054429919 | 49 | 3.48167 | 26
570312108859838 | 50 | 4.63978e-310 | 3
570312108859839 | 50 | 2.64325 | 23
1140624217719678 | 51 | 4.63978e-310 | 8
1140624217719679 | 51 | 1.97458 | 15
2281248435439358 | 52 | 4.63978e-310 | 10
2281248435439359 | 52 | 4.63978e-310 | 5
1113890837617 | 41 | 9.0236 | 32
2227781675234 | 42 | 4.98645 | 16
4455563350468 | 43 | 4.98645 | 14
8911126700936 | 44 | 4.63978e-310 | 7
8911126700937 | 44 | 4.63978e-310 | 7
4455563350469 | 43 | 4.63978e-310 | 2
2227781675235 | 42 | 3.63315 | 16
4455563350470 | 43 | 3.63315 | 16
8911126700940 | 44 | 4.63978e-310 | 4
8911126700941 | 44 | 2.99302 | 12
17822253401883 | 45 | 2.99302 | 12
35644506803766 | 46 | 2.99302 | 12
71289013607533 | 47 | 2.99302 | 12
142578027215066 | 48 | 2.99302 | 12
285156054430132 | 49 | 2.99302 | 12
570312108860264 | 50 | 0.06913 | 10
570312108860265 | 50 | 0.624517 | 2
2124579 | 22 | 11.1249 | 66
4249158 | 23 | 11.1249 | 66
8498316 | 24 | 11.1249 | 66
16996633 | 25 | 11.1249 | 66
33993266 | 26 | 8.55937 | 45
67986532 | 27 | 6.2859 | 28
135973065 | 28 | 6.2859 | 28
271946130 | 29 | 2.48633 | 20
543892261 | 30 | 2.48633 | 20
1087784522 | 31 | 2.48633 | 20
2175569044 | 32 | 2.48633 | 20
4351138089 | 33 | 2.48633 | 20
8702276178 | 34 | 2.48633 | 18
17404552357 | 35 | 2.48633 | 18
34809104714 | 36 | 2.48633 | 18
69618209428 | 37 | 2.48633 | 18
139236418857 | 38 | 2.48633 | 18
278472837714 | 39 | 2.48633 | 18
556945675429 | 40 | 2.48633 | 18
1113891350858 | 41 | 2.48633 | 18
2227782701716 | 42 | 2.48633 | 18
4455565403432 | 43 | 2.48633 | 18
8911130806865 | 44 | 2.48633 | 18
17822261613731 | 45 | 2.48633 | 18
35644523227463 | 46 | 2.48633 | 18
71289046454926 | 47 | 2.48633 | 18
142578092909853 | 48 | 2.48633 | 18
285156185819707 | 49 | 2.48633 | 18
570312371639414 | 50 | 2.48633 | 18
1140624743278829 | 51 | 2.48633 | 18
2281249486557659 | 52 | 2.48633 | 18
4562498973115318 | 53 | 0.481386 | 7
4562498973115319 | 53 | 1.64433 | 11
9124997946230639 | 54 | 1.64433 | 11
18249995892461279 | 55 | 1.64433 | 11
36499991784922558 | 56 | 1.64433 | 11
72999983569845116 | 57 | 1.64433 | 11
145999967139690232 | 58 | 1.64433 | 11
291999934279380465 | 59 | 1.64433 | 11
583999868558760931 | 60 | 1.64433 | 11
1167999737117521862 | 61 | 1.64433 | 11
2335999474235043725 | 62 | 1.64433 | 11
4671998948470087450 | 63 | 1.64433 | 11
-9102746176769376715 | 64 | 1.64433 | 11
241251720170798186 | 65 | 1.64433 | 11
482503440341596373 | 66 | 1.64433 | 11
965006880683192747 | 67 | 1.64433 | 11
1930013761366385494 | 68 | 1.64433 | 11
3860027522732770989 | 69 | 1.64433 | 11
7720055045465541979 | 70 | 1.64433 | 11
-3006633982778467658 | 71 | 1.64433 | 11
-6013267965556935316 | 72 | 1.64433 | 11
6420208142595680984 | 73 | 1.64433 | 11
-5606327788518189648 | 74 | 10.7381 | 8
-5606327788518189647 | 74 | 3.42908 | 3
8702276179 | 34 | 4.63978e-310 | 2
271946131 | 29 | 4.63978e-310 | 8
67986533 | 27 | 7.47419 | 17
135973067 | 28 | 7.47419 | 17
271946134 | 29 | 7.47419 | 17
543892268 | 30 | 7.47419 | 17
1087784536 | 31 | 7.47419 | 17
2175569072 | 32 | 7.47419 | 17
4351138145 | 33 | 7.47419 | 17
8702276290 | 34 | 7.47419 | 17
17404552581 | 35 | 7.47419 | 17
34809105163 | 36 | 7.47419 | 17
69618210327 | 37 | 7.47419 | 17
139236420655 | 38 | 7.47419 | 17
278472841311 | 39 | 7.47419 | 17
556945682622 | 40 | 7.47419 | 17
1113891365244 | 41 | 7.47419 | 17
2227782730489 | 42 | 7.47419 | 17
4455565460979 | 43 | 7.47419 | 17
8911130921959 | 44 | 7.47419 | 17
17822261843918 | 45 | 7.47419 | 17
35644523687836 | 46 | 7.47419 | 17
71289047375672 | 47 | 7.47419 | 17
142578094751345 | 48 | 7.47419 | 17
285156189502690 | 49 | 7.47419 | 17
570312379005380 | 50 | 7.47419 | 17
1140624758010761 | 51 | 7.47419 | 17
2281249516021523 | 52 | 7.47419 | 17
4562499032043047 | 53 | 7.47419 | 17
9124998064086095 | 54 | 7.47419 | 17
18249996128172191 | 55 | 7.47419 | 17
36499992256344383 | 56 | 7.47419 | 17
72999984512688767 | 57 | 7.47419 | 17
145999969025377534 | 58 | 7.47419 | 17
291999938050755069 | 59 | 7.47419 | 17
583999876101510138 | 60 | 7.47419 | 17
1167999752203020276 | 61 | 7.47419 | 17
2335999504406040552 | 62 | 7.47419 | 17
4671999008812081104 | 63 | 7.47419 | 17
-9102746056085389408 | 64 | 7.47419 | 17
241251961538772801 | 65 | 7.47419 | 17
482503923077545603 | 66 | 7.47419 | 17
965007846155091207 | 67 | 7.47419 | 17
1930015692310182415 | 68 | 7.47419 | 17
3860031384620364831 | 69 | 7.47419 | 17
7720062769240729663 | 70 | 7.47419 | 17
-3006618535228092289 | 71 | 7.47419 | 17
-6013237070456184577 | 72 | 7.47419 | 17
6420269932797182462 | 73 | 7.47419 | 17
-5606204208115186692 | 74 | 7.47419 | 17
7234335657479178233 | 75 | 7.47419 | 17
-3978072758751195149 | 76 | 7.47419 | 17
-7956145517502390298 | 77 | 1.48568 | 1
-7956145517502390297 | 77 | 7.06474 | 16
2534453038704771023 | 78 | 7.06474 | 16
5068906077409542046 | 79 | 7.06474 | 16
-8308931918890467523 | 80 | 7.06474 | 16
1828880235928616571 | 81 | 7.06474 | 16
3657760471857233142 | 82 | 7.06474 | 16
7315520943714466285 | 83 | 7.06474 | 16
-3815702186280619045 | 84 | 7.06474 | 16
-7631404372561238089 | 85 | 7.06474 | 16
3183935328587075438 | 86 | 7.06474 | 16
6367870657174150877 | 87 | 7.06474 | 16
-5711002759361249861 | 88 | 7.06474 | 16
7024738554987051894 | 89 | 0.536326 | 9
7024738554987051895 | 89 | 0.0507396 | 7
33993267 | 26 | 7.89553 | 21
67986534 | 27 | 2.51279 | 15
135973069 | 28 | 2.51279 | 15
271946139 | 29 | 2.51279 | 15
543892279 | 30 | 2.51279 | 15
1087784558 | 31 | 2.51279 | 15
2175569117 | 32 | 2.51279 | 15
4351138234 | 33 | 2.51279 | 15
8702276468 | 34 | 2.51279 | 15
17404552937 | 35 | 2.51279 | 15
34809105875 | 36 | 2.51279 | 15
69618211751 | 37 | 2.51279 | 15
139236423502 | 38 | 2.39117 | 14
278472847004 | 39 | 4.63978e-310 | 4
278472847005 | 39 | 4.63978e-310 | 10
139236423503 | 38 | 4.63978e-310 | 1
67986535 | 27 | 4.63978e-310 | 6
265573 | 19 | 13.9987 | 252
531146 | 20 | 10.2284 | 133
1062293 | 21 | 10.2284 | 133
2124587 | 22 | 10.2284 | 133
4249174 | 23 | 10.2284 | 133
8498348 | 24 | 10.2284 | 133
16996696 | 25 | 10.2284 | 133
33993393 | 26 | 10.2284 | 133
67986787 | 27 | 10.2284 | 133
135973574 | 28 | 10.2284 | 133
271947149 | 29 | 10.2284 | 133
543894299 | 30 | 10.2284 | 133
1087788599 | 31 | 10.2284 | 133
2175577198 | 32 | 10.2284 | 133
4351154396 | 33 | 9.16412 | 120
8702308792 | 34 | 9.16412 | 120
17404617585 | 35 | 9.16412 | 120
34809235170 | 36 | 9.16412 | 120
69618470340 | 37 | 7.777 | 71
139236940680 | 38 | 7.4667 | 67
278473881361 | 39 | 7.4667 | 67
556947762722 | 40 | 7.4667 | 67
1113895525444 | 41 | 7.4667 | 67
2227791050889 | 42 | 7.4667 | 67
4455582101778 | 43 | 7.4667 | 67
8911164203556 | 44 | 7.4667 | 67
17822328407113 | 45 | 7.4667 | 67
35644656814227 | 46 | 7.4667 | 67
71289313628454 | 47 | 7.4667 | 67
142578627256908 | 48 | 0 | 9
142578627256909 | 48 | 6.35286 | 58
285157254513818 | 49 | 6.35286 | 58
570314509027637 | 50 | 6.35286 | 58
1140629018055274 | 51 | 6.35286 | 58
2281258036110548 | 52 | 6.35286 | 58
4562516072221096 | 53 | 5.06634 | 28
9125032144442192 | 54 | 5.06634 | 28
18250064288884384 | 55 | 0 | 7
18250064288884385 | 55 | 3.83316 | 21
36500128577768771 | 56 | 3.83316 | 21
73000257155537542 | 57 | 3.83316 | 21
146000514311075084 | 58 | 3.83316 | 21
292001028622150168 | 59 | 3.83316 | 21
584002057244300337 | 60 | 3.83316 | 21
1168004114488600674 | 61 | 3.83316 | 21
2336008228977201349 | 62 | 3.83316 | 21
4672016457954402698 | 63 | 3.83316 | 21
-9102711157800746220 | 64 | 2.69753 | 16
241321758108059177 | 65 | 2.69753 | 16
482643516216118354 | 66 | 2.69753 | 16
965287032432236708 | 67 | 1.77679 | 9
965287032432236709 | 67 | 1.18208 | 7
-9102711157800746219 | 64 | 4.63978e-310 | 5
4562516072221097 | 53 | 5.01742 | 30
9125032144442194 | 54 | 5.01742 | 30
18250064288884388 | 55 | 4.63978e-310 | 6
18250064288884389 | 55 | 4.38616 | 24
36500128577768778 | 56 | 4.38616 | 24
73000257155537556 | 57 | 4.63978e-310 | 7
73000257155537557 | 57 | 3.94494 | 17
146000514311075115 | 58 | 3.94494 | 17
292001028622150230 | 59 | 3.94494 | 17
584002057244300461 | 60 | 3.94494 | 17
1168004114488600923 | 61 | 3.94494 | 17
2336008228977201846 | 62 | 3.94494 | 17
4672016457954403693 | 63 | 3.94494 | 17
-9102711157800744230 | 64 | 3.94494 | 17
241321758108063157 | 65 | 3.94494 | 17
482643516216126315 | 66 | 3.94494 | 17
965287032432252631 | 67 | 3.94494 | 17
1930574064864505263 | 68 | 3.94494 | 17
3861148129729010526 | 69 | 3.94494 | 17
7722296259458021052 | 70 | 2.9068 | 15
-3002151554793509512 | 71 | 2.9068 | 15
-6004303109587019023 | 72 | 2.9068 | 15
6438137854535513570 | 73 | 2.9068 | 15
-5570468364638524476 | 74 | 2.9068 | 15
7305807344432502665 | 75 | 2.9068 | 15
-3835129384844546286 | 76 | 2.9068 | 15
-7670258769689092572 | 77 | 2.9068 | 15
3106226534331366473 | 78 | 2.9068 | 15
6212453068662732946 | 79 | 2.9068 | 15
-6021837936384085724 | 80 | 4.63978e-310 | 6
-6021837936384085723 | 80 | 0.225842 | 9
7722296259458021053 | 70 | 4.63978e-310 | 2
139236940681 | 38 | 4.63978e-310 | 4
69618470341 | 37 | 5.8791 | 49
139236940682 | 38 | 5.08161 | 45
278473881365 | 39 | 5.08161 | 45
556947762731 | 40 | 5.08161 | 45
1113895525463 | 41 | 5.08161 | 45
2227791050926 | 42 | 5.08161 | 45
4455582101852 | 43 | 5.08161 | 45
8911164203704 | 44 | 5.08161 | 45
17822328407409 | 45 | 5.08161 | 45
35644656814819 | 46 | 5.08161 | 45
71289313629638 | 47 | 4.73218 | 41
142578627259276 | 48 | 3.47115 | 23
285157254518553 | 49 | 3.47115 | 23
570314509037106 | 50 | 4.63978e-310 | 9
570314509037107 | 50 | 3.47115 | 14
1140629018074214 | 51 | 3.47115 | 14
2281258036148429 | 52 | 3.47115 | 14
4562516072296858 | 53 | 3.47115 | 14
9125032144593716 | 54 | 3.47115 | 14
18250064289187433 | 55 | 3.47115 | 14
36500128578374867 | 56 | 3.47115 | 14
73000257156749734 | 57 | 3.47115 | 14
146000514313499468 | 58 | 3.47115 | 14
292001028626998937 | 59 | 3.47115 | 14
584002057253997875 | 60 | 3.47115 | 14
1168004114507995750 | 61 | 4.63978e-310 | 9
1168004114507995751 | 61 | 4.63978e-310 | 5
142578627259277 | 48 | 2.72571 | 18
285157254518554 | 49 | 2.72571 | 18
570314509037109 | 50 | 2.72571 | 18
1140629018074219 | 51 | 2.72571 | 18
2281258036148438 | 52 | 2.72571 | 18
4562516072296877 | 53 | 2.72571 | 18
9125032144593755 | 54 | 2.72571 | 18
18250064289187511 | 55 | 2.72571 | 18
36500128578375022 | 56 | 2.72571 | 18
73000257156750045 | 57 | 2.72571 | 18
146000514313500090 | 58 | 0.551508 | 3
146000514313500091 | 58 | 2.15419 | 15
292001028627000182 | 59 | 2.15419 | 15
584002057254000365 | 60 | 2.15419 | 15
1168004114508000731 | 61 | 2.15419 | 15
2336008229016001462 | 62 | 1.12037 | 7
2336008229016001463 | 62 | 0.478584 | 8
71289313629639 | 47 | 4.63978e-310 | 4
139236940683 | 38 | 4.63978e-310 | 4
4351154397 | 33 | 6.69034 | 13
8702308795 | 34 | 6.69034 | 13
17404617591 | 35 | 6.69034 | 13
34809235183 | 36 | 6.69034 | 13
69618470366 | 37 | 6.69034 | 13
139236940733 | 38 | 6.69034 | 13
278473881466 | 39 | 6.69034 | 13
556947762932 | 40 | 6.69034 | 13
1113895525865 | 41 | 6.69034 | 13
2227791051731 | 42 | 6.69034 | 13
4455582103462 | 43 | 4.63978e-310 | 9
4455582103463 | 43 | 4.63978e-310 | 4
531147 | 20 | 10.0788 | 119
1062294 | 21 | 4.63978e-310 | 1
1062295 | 21 | 10.0788 | 118
2124590 | 22 | 8.90465 | 31
4249181 | 23 | 8.90465 | 31
8498363 | 24 | 8.90465 | 31
16996726 | 25 | 8.90465 | 31
33993453 | 26 | 8.90465 | 31
67986906 | 27 | 7.36884 | 29
135973813 | 28 | 7.36884 | 29
271947626 | 29 | 4.63978e-310 | 8
271947627 | 29 | 7.36884 | 21
543895255 | 30 | 7.36884 | 21
1087790511 | 31 | 7.36884 | 21
2175581022 | 32 | 7.36884 | 20
4351162045 | 33 | 7.36884 | 20
8702324091 | 34 | 7.36884 | 20
17404648183 | 35 | 7.36884 | 20
34809296366 | 36 | 3.16534 | 18
69618592732 | 37 | 26.4984 | 9
69618592733 | 37 | 0.656278 | 9
34809296367 | 36 | 4.63978e-310 | 2
2175581023 | 32 | 4.63978e-310 | 1
67986907 | 27 | 4.63978e-310 | 2
2124591 | 22 | 9.22382 | 87
4249183 | 23 | 9.22382 | 87
8498366 | 24 | 9.22382 | 87
16996732 | 25 | 9.13393 | 85
33993464 | 26 | 8.49382 | 45
67986928 | 27 | 8.49382 | 45
135973856 | 28 | 8.49382 | 45
271947712 | 29 | 7.91753 | 38
543895424 | 30 | 3.62133 | 34
1087790849 | 31 | 3.62133 | 34
2175581699 | 32 | 3.62133 | 34
4351163399 | 33 | 3.62133 | 34
8702326799 | 34 | 3.62133 | 34
17404653599 | 35 | 3.62133 | 34
34809307198 | 36 | 3.62133 | 34
69618614396 | 37 | 3.62133 | 34
139237228792 | 38 | 3.62133 | 34
278474457585 | 39 | 3.62133 | 34
556948915170 | 40 | 3.62133 | 34
1113897830340 | 41 | 0.333373 | 5
1113897830341 | 41 | 3.62133 | 29
2227795660682 | 42 | 7.03843 | 3
2227795660683 | 42 | 3.62133 | 26
4455591321366 | 43 | 3.62133 | 26
8911182642732 | 44 | 3.62133 | 26
17822365285464 | 45 | 3.62133 | 26
35644730570928 | 46 | 3.62133 | 26
71289461141856 | 47 | 3.62133 | 26
142578922283712 | 48 | 2.25108 | 13
285157844567425 | 49 | 2.25108 | 13
570315689134851 | 50 | 2.25108 | 13
1140631378269702 | 51 | 2.25108 | 13
2281262756539404 | 52 | 2.25108 | 13
4562525513078808 | 53 | 0.995815 | 7
4562525513078809 | 53 | 2.65122 | 6
142578922283713 | 48 | 2.73434 | 13
285157844567426 | 49 | 2.73434 | 13
570315689134853 | 50 | 2.73434 | 13
1140631378269707 | 51 | 2.73434 | 13
2281262756539415 | 52 | 2.73434 | 13
4562525513078831 | 53 | 2.73434 | 13
9125051026157662 | 54 | 2.73434 | 13
18250102052315324 | 55 | 2.73434 | 13
36500204104630648 | 56 | 2.73434 | 13
73000408209261296 | 57 | 2.73434 | 13
146000816418522592 | 58 | 2.73434 | 13
292001632837045185 | 59 | 2.73434 | 13
584003265674090371 | 60 | 2.73434 | 13
1168006531348180742 | 61 | 0.320022 | 3
1168006531348180743 | 61 | 4.63978e-310 | 10
543895425 | 30 | 4.63978e-310 | 4
271947713 | 29 | 4.63978e-310 | 7
33993465 | 26 | 9.13393 | 40
67986931 | 27 | 9.13393 | 40
135973862 | 28 | 9.13393 | 40
271947725 | 29 | 9.13393 | 40
543895451 | 30 | 9.13393 | 40
1087790902 | 31 | 9.13393 | 40
2175581804 | 32 | 9.13393 | 40
4351163608 | 33 | 9.13393 | 40
8702327216 | 34 | 9.13393 | 40
17404654432 | 35 | 9.13393 | 40
34809308864 | 36 | 7.55752 | 12
69618617728 | 37 | 0.670729 | 2
69618617729 | 37 | 1.37508 | 10
34809308865 | 36 | 3.86475 | 28
69618617730 | 37 | 3.62783 | 7
69618617731 | 37 | 3.06516 | 21
139237235462 | 38 | 3.06516 | 21
278474470924 | 39 | 2.01179 | 13
556948941848 | 40 | 0 | 1
556948941849 | 40 | 2.01179 | 12
1113897883698 | 41 | 2.01179 | 12
2227795767397 | 42 | 2.01179 | 12
4455591534794 | 43 | 2.01179 | 12
8911183069588 | 44 | 8.46245 | 9
8911183069589 | 44 | 0.478584 | 3
278474470925 | 39 | 4.63978e-310 | 8
16996733 | 25 | 4.63978e-310 | 2
33 | 6 | 21.3612 | 711
66 | 7 | 21.3612 | 696
133 | 8 | 21.3612 | 696
266 | 9 | 21.3612 | 696
532 | 10 | 21.3612 | 696
1064 | 11 | 21.3612 | 696
2128 | 12 | 20.3148 | 691
4256 | 13 | 20.3148 | 691
8512 | 14 | 20.3148 | 691
17024 | 15 | 16.311 | 584
34049 | 16 | 16.311 | 584
68098 | 17 | 16.311 | 584
136196 | 18 | 16.311 | 584
272393 | 19 | 16.311 | 584
544786 | 20 | 16.311 | 584
1089573 | 21 | 16.311 | 584
2179147 | 22 | 16.311 | 584
4358294 | 23 | 16.311 | 584
8716588 | 24 | 16.311 | 584
17433176 | 25 | 16.311 | 584
34866352 | 26 | 14.0564 | 186
69732704 | 27 | 10.9822 | 38
139465409 | 28 | 10.9822 | 38
278930818 | 29 | 10.9822 | 38
557861636 | 30 | 10.9822 | 38
1115723273 | 31 | 10.9822 | 38
2231446547 | 32 | 10.9822 | 38
4462893095 | 33 | 10.9822 | 38
8925786190 | 34 | 10.9822 | 38
17851572380 | 35 | 10.9822 | 38
35703144761 | 36 | 10.9822 | 38
71406289522 | 37 | 7.39497 | 19
142812579045 | 38 | 7.39497 | 19
285625158091 | 39 | 7.39497 | 19
571250316183 | 40 | 7.39497 | 19
1142500632367 | 41 | 7.39497 | 19
2285001264735 | 42 | 7.39497 | 19
4570002529470 | 43 | 7.39497 | 19
9140005058940 | 44 | 7.39497 | 19
18280010117880 | 45 | 7.39497 | 19
36560020235760 | 46 | 7.19182 | 11
73120040471520 | 47 | 7.19182 | 11
146240080943040 | 48 | 7.19182 | 11
292480161886080 | 49 | 3.74274 | 1
292480161886081 | 49 | 3.44208 | 10
36560020235761 | 46 | 4.63978e-310 | 8
71406289523 | 37 | 4.99857 | 19
142812579046 | 38 | 4.99857 | 19
285625158092 | 39 | 4.63978e-310 | 5
285625158093 | 39 | 4.69756 | 14
571250316186 | 40 | 4.11742 | 13
1142500632373 | 41 | 4.11742 | 13
2285001264747 | 42 | 4.11742 | 13
4570002529494 | 43 | 1.1038 | 5
4570002529495 | 43 | 0.153219 | 8
571250316187 | 40 | 4.63978e-310 | 1
69732705 | 27 | 13.4514 | 148
139465410 | 28 | 13.4514 | 148
278930820 | 29 | 13.4514 | 148
557861640 | 30 | 13.4514 | 148
1115723281 | 31 | 13.4514 | 148
2231446562 | 32 | 13.4514 | 148
4462893124 | 33 | 13.4514 | 148
8925786249 | 34 | 13.4514 | 148
17851572499 | 35 | 13.4514 | 148
35703144999 | 36 | 13.4514 | 148
71406289999 | 37 | 13.4514 | 148
142812579998 | 38 | 13.4514 | 148
285625159996 | 39 | 12.55 | 56
571250319992 | 40 | 12.55 | 56
1142500639984 | 41 | 12.55 | 56
2285001279968 | 42 | 12.55 | 56
4570002559937 | 43 | 12.55 | 56
9140005119875 | 44 | 12.55 | 56
18280010239750 | 45 | 12.55 | 56
36560020479500 | 46 | 12.55 | 56
73120040959000 | 47 | 12.55 | 56
146240081918000 | 48 | 12.55 | 56
292480163836000 | 49 | 8.06964 | 25
584960327672000 | 50 | 8.06964 | 25
1169920655344001 | 51 | 8.06964 | 25
2339841310688002 | 52 | 8.06964 | 25
4679682621376004 | 53 | 8.06964 | 25
9359365242752008 | 54 | 8.06964 | 25
18718730485504016 | 55 | 2.86351 | 14
37437460971008033 | 56 | 2.86351 | 14
74874921942016067 | 57 | 2.86351 | 14
149749843884032134 | 58 | 2.86351 | 14
299499687768064268 | 59 | 2.86351 | 14
598999375536128536 | 60 | 2.86351 | 14
1197998751072257072 | 61 | 2.86351 | 14
2395997502144514145 | 62 | 2.86351 | 14
4791995004289028290 | 63 | 2.86351 | 13
-8862754065131495036 | 64 | 2.86351 | 13
721235943446561545 | 65 | 2.86351 | 13
1442471886893123090 | 66 | 2.86351 | 13
2884943773786246180 | 67 | 2.86351 | 13
5769887547572492360 | 68 | 2.86351 | 13
-6906968978564566895 | 69 | 2.86351 | 13
4632806116580417826 | 70 | 0.813753 | 2
4632806116580417827 | 70 | 1.8873 | 11
-9181131840548715961 | 71 | 1.8873 | 11
84480392612119695 | 72 | 1.8873 | 11
168960785224239391 | 73 | 1.8873 | 11
337921570448478783 | 74 | 1.8873 | 11
675843140896957567 | 75 | 1.8873 | 11
1351686281793915135 | 76 | 1.8873 | 11
2703372563587830271 | 77 | 1.8873 | 11
5406745127175660543 | 78 | 1.8873 | 11
-7633253819358230530 | 79 | 1.8873 | 11
3180236434993090556 | 80 | 1.8873 | 11
6360472869986181113 | 81 | 1.8873 | 11
-5725798333737189389 | 82 | 1.8873 | 11
6995147406235172838 | 83 | 1.8873 | 11
-4456449261239205939 | 84 | 1.8873 | 11
-8912898522478411877 | 85 | 1.8873 | 11
620947028752727863 | 86 | 1.8873 | 11
1241894057505455727 | 87 | 1.8873 | 11
2483788115010911454 | 88 | 3.47384 | 3
2483788115010911455 | 88 | 4.63978e-310 | 8
4791995004289028291 | 63 | 4.63978e-310 | 1
18718730485504017 | 55 | 6.50471 | 11
37437460971008035 | 56 | 6.50471 | 11
74874921942016071 | 57 | 6.50471 | 11
149749843884032143 | 58 | 6.50471 | 11
299499687768064287 | 59 | 6.50471 | 11
598999375536128575 | 60 | 6.50471 | 11
1197998751072257150 | 61 | 6.50471 | 11
2395997502144514300 | 62 | 6.50471 | 11
4791995004289028600 | 63 | 4.63978e-310 | 2
4791995004289028601 | 63 | 4.63978e-310 | 9
292480163836001 | 49 | 7.47987 | 31
584960327672002 | 50 | 7.47987 | 31
1169920655344004 | 51 | 7.47987 | 31
2339841310688009 | 52 | 7.47987 | 31
4679682621376018 | 53 | 7.47987 | 31
9359365242752037 | 54 | 7.47987 | 31
18718730485504074 | 55 | 2.20716 | 13
37437460971008149 | 56 | 2.20716 | 13
74874921942016299 | 57 | 2.20716 | 13
149749843884032598 | 58 | 2.20716 | 13
299499687768065196 | 59 | 2.20716 | 13
598999375536130392 | 60 | 4.63978e-310 | 8
598999375536130393 | 60 | 4.63978e-310 | 5
18718730485504075 | 55 | 5.58617 | 18
37437460971008151 | 56 | 5.58617 | 18
74874921942016302 | 57 | 5.58617 | 18
149749843884032604 | 58 | 4.63978e-310 | 10
149749843884032605 | 58 | 4.63978e-310 | 8
285625159997 | 39 | 11.7327 | 92
571250319994 | 40 | 11.7327 | 92
1142500639989 | 41 | 11.7327 | 92
2285001279978 | 42 | 11.7327 | 92
4570002559956 | 43 | 11.7327 | 92
9140005119913 | 44 | 11.7327 | 92
18280010239827 | 45 | 11.7327 | 92
36560020479654 | 46 | 11.7327 | 92
73120040959308 | 47 | 5.12218 | 36
146240081918616 | 48 | 5.12218 | 36
292480163837233 | 49 | 5.12218 | 36
584960327674466 | 50 | 5.12218 | 36
1169920655348933 | 51 | 5.12218 | 36
2339841310697867 | 52 | 5.12218 | 36
4679682621395734 | 53 | 5.12218 | 36
9359365242791468 | 54 | 5.12218 | 36
18718730485582937 | 55 | 5.12218 | 36
37437460971165875 | 56 | 5.12218 | 36
74874921942331750 | 57 | 4.04935 | 27
149749843884663500 | 58 | 4.04935 | 27
299499687769327001 | 59 | 4.04935 | 27
598999375538654002 | 60 | 3.07802 | 20
1197998751077308005 | 61 | 3.07802 | 20
2395997502154616010 | 62 | 3.07802 | 20
4791995004309232020 | 63 | 3.07802 | 20
-8862754065091087576 | 64 | 0 | 4
-8862754065091087575 | 64 | 2.3234 | 16
721235943527376467 | 65 | 2.3234 | 16
1442471887054752934 | 66 | 2.13499 | 7
1442471887054752935 | 66 | 5.39817 | 9
598999375538654003 | 60 | 4.63978e-310 | 7
74874921942331751 | 57 | 4.63978e-310 | 9
73120040959309 | 47 | 11.7327 | 56
146240081918618 | 48 | 11.7327 | 56
292480163837236 | 49 | 9.44092 | 31
584960327674472 | 50 | 1.63042e-322 | 4
584960327674473 | 50 | 9.44092 | 27
1169920655348946 | 51 | 2.68413 | 12
2339841310697892 | 52 | 4.56409 | 6
2339841310697893 | 52 | 1.45628 | 6
1169920655348947 | 51 | 7.55526 | 15
2339841310697894 | 52 | 4.41072 | 14
4679682621395789 | 53 | 4.41072 | 14
9359365242791579 | 54 | 4.41072 | 14
18718730485583158 | 55 | 4.41072 | 14
37437460971166316 | 56 | 4.41072 | 14
74874921942332633 | 57 | 4.41072 | 14
149749843884665267 | 58 | 4.41072 | 14
299499687769330535 | 59 | 4.41072 | 14
598999375538661071 | 60 | 4.41072 | 14
1197998751077322142 | 61 | 4.41072 | 14
2395997502154644285 | 62 | 4.41072 | 14
4791995004309288570 | 63 | 4.41072 | 14
-8862754065090974476 | 64 | 4.41072 | 14
721235943527602665 | 65 | 4.41072 | 14
1442471887055205330 | 66 | 4.41072 | 14
2884943774110410660 | 67 | 4.41072 | 14
5769887548220821320 | 68 | 4.41072 | 14
-6906968977267908976 | 69 | 4.41072 | 14
4632806119173733665 | 70 | 4.41072 | 14
-9181131835362084286 | 71 | 2.37152e-322 | 1
-9181131835362084285 | 71 | 4.41072 | 13
84480402985383047 | 72 | 4.41072 | 13
168960805970766094 | 73 | 4.41072 | 13
337921611941532189 | 74 | 4.41072 | 13
675843223883064378 | 75 | 4.63978e-310 | 7
675843223883064379 | 75 | 0.361532 | 6
2339841310697895 | 52 | 4.63978e-310 | 1
292480163837237 | 49 | 5.45123 | 25
584960327674475 | 50 | 5.45123 | 25
1169920655348950 | 51 | 5.45123 | 25
2339841310697900 | 52 | 5.45123 | 12
4679682621395800 | 53 | 4.63978e-310 | 10
4679682621395801 | 53 | 4.63978e-310 | 2
2339841310697901 | 52 | 3.60193 | 13
4679682621395803 | 53 | 3.60193 | 13
9359365242791606 | 54 | 3.60193 | 13
18718730485583213 | 55 | 3.60193 | 13
37437460971166426 | 56 | 3.60193 | 13
74874921942332852 | 57 | 4.63978e-310 | 2
74874921942332853 | 57 | 3.04806 | 11
149749843884665707 | 58 | 3.04806 | 11
299499687769331414 | 59 | 3.04806 | 11
598999375538662829 | 60 | 3.04806 | 11
1197998751077325659 | 61 | 3.04806 | 11
2395997502154651318 | 62 | 3.04806 | 11
4791995004309302637 | 63 | 3.04806 | 11
-8862754065090946342 | 64 | 3.04806 | 11
721235943527658932 | 65 | 3.04806 | 11
1442471887055317864 | 66 | 3.04806 | 11
2884943774110635728 | 67 | 3.04806 | 11
5769887548221271457 | 68 | 3.04806 | 11
-6906968977267008701 | 69 | 3.04806 | 11
4632806119175534214 | 70 | 3.04806 | 11
-9181131835358483187 | 71 | 3.04806 | 11
84480402992585242 | 72 | 3.04806 | 11
168960805985170484 | 73 | 3.04806 | 11
337921611970340969 | 74 | 3.04806 | 11
675843223940681938 | 75 | 6.52678 | 1
675843223940681939 | 75 | 4.63978e-310 | 10
34866353 | 26 | 16.311 | 398
69732706 | 27 | 16.311 | 398
139465412 | 28 | 16.311 | 398
278930824 | 29 | 16.311 | 398
557861649 | 30 | 16.311 | 398
1115723298 | 31 | 16.311 | 398
2231446597 | 32 | 16.311 | 398
4462893194 | 33 | 16.311 | 398
8925786388 | 34 | 7.95446e-322 | 10
8925786389 | 34 | 14.6509 | 388
17851572778 | 35 | 14.6509 | 388
35703145556 | 36 | 14.6509 | 388
71406291112 | 37 | 2.96512 | 27
142812582225 | 38 | 2.96512 | 27
285625164451 | 39 | 2.96512 | 27
571250328902 | 40 | 2.96512 | 27
1142500657804 | 41 | 2.96512 | 27
2285001315609 | 42 | 2.96512 | 27
4570002631219 | 43 | 2.96512 | 27
9140005262438 | 44 | 2.96512 | 27
18280010524877 | 45 | 2.96512 | 27
36560021049754 | 46 | 2.96512 | 27
73120042099508 | 47 | 2.96512 | 27
146240084199017 | 48 | 2.96512 | 27
292480168398034 | 49 | 2.96512 | 25
584960336796069 | 50 | 2.96512 | 25
1169920673592139 | 51 | 2.96512 | 25
2339841347184279 | 52 | 2.96512 | 25
4679682694368558 | 53 | 4.63978e-310 | 2
4679682694368559 | 53 | 2.47887 | 23
9359365388737119 | 54 | 2.47887 | 23
18718730777474238 | 55 | 2.47887 | 23
37437461554948476 | 56 | 2.47887 | 23
74874923109896952 | 57 | 2.30705 | 22
149749846219793905 | 58 | 2.30705 | 22
299499692439587810 | 59 | 1.12683 | 13
598999384879175621 | 60 | 1.12683 | 13
1197998769758351242 | 61 | 1.12683 | 11
2395997539516702485 | 62 | 1.12683 | 11
4791995079033404970 | 63 | 1.12683 | 11
-8862753915642741675 | 64 | 1.12683 | 11
721236242424068266 | 65 | 1.12683 | 11
1442472484848136533 | 66 | 1.12683 | 11
2884944969696273066 | 67 | 1.12683 | 11
5769889939392546133 | 68 | 1.12683 | 11
-6906964194924459350 | 69 | 1.12683 | 11
4632815683860632916 | 70 | 1.12683 | 11
-9181112705988285784 | 71 | 1.12683 | 11
84518661732980048 | 72 | 1.12683 | 11
169037323465960096 | 73 | 1.12683 | 11
338074646931920192 | 74 | 1.12683 | 11
676149293863840384 | 75 | 4.63978e-310 | 7
676149293863840385 | 75 | 4.63978e-310 | 4
1197998769758351243 | 61 | 4.63978e-310 | 2
299499692439587811 | 59 | 4.63978e-310 | 9
74874923109896953 | 57 | 4.63978e-310 | 1
292480168398035 | 49 | 4.63978e-310 | 2
71406291113 | 37 | 13.5818 | 361
142812582227 | 38 | 13.5818 | 361
285625164454 | 39 | 13.5818 | 361
571250328909 | 40 | 13.5818 | 361
1142500657818 | 41 | 12.8434 | 96
2285001315636 | 42 | 1.74405e-321 | 2
2285001315637 | 42 | 12.1413 | 94
4570002631274 | 43 | 3.21143e-322 | 3
4570002631275 | 43 | 11.7966 | 91
9140005262550 | 44 | 11.7966 | 91
18280010525100 | 45 | 7.08342 | 86
36560021050200 | 46 | 7.08342 | 86
73120042100400 | 47 | 7.08342 | 86
146240084200801 | 48 | 7.08342 | 86
292480168401602 | 49 | 7.08342 | 86
584960336803205 | 50 | 7.08342 | 86
1169920673606410 | 51 | 7.08342 | 86
2339841347212821 | 52 | 7.08342 | 86
4679682694425642 | 53 | 7.08342 | 86
9359365388851285 | 54 | 7.08342 | 86
18718730777702570 | 55 | 2.06025e-321 | 8
18718730777702571 | 55 | 7.08342 | 78
37437461555405143 | 56 | 7.08342 | 78
74874923110810286 | 57 | 5.4722 | 61
149749846221620573 | 58 | 5.4722 | 61
299499692443241146 | 59 | 5.4722 | 61
598999384886482292 | 60 | 2.48069 | 12
1197998769772964584 | 61 | 0.370457 | 9
1197998769772964585 | 61 | 1.49343 | 3
598999384886482293 | 60 | 3.02203 | 49
1197998769772964586 | 61 | 2.37727 | 11
2395997539545929173 | 62 | 2.37727 | 11
4791995079091858346 | 63 | 2.77954 | 3
4791995079091858347 | 63 | 4.63978e-310 | 8
1197998769772964587 | 61 | 3.02203 | 38
2395997539545929175 | 62 | 3.02203 | 38
4791995079091858351 | 63 | 3.02203 | 38
-8862753915525834913 | 64 | 3.02203 | 38
721236242657881790 | 65 | 3.02203 | 38
1442472485315763580 | 66 | 3.02203 | 38
2884944970631527161 | 67 | 3.02203 | 38
5769889941263054322 | 68 | 3.02203 | 38
-6906964191183442971 | 69 | 3.02203 | 38
4632815691342665674 | 70 | 3.02203 | 38
-9181112691024220267 | 71 | 3.02203 | 38
84518691661111082 | 72 | 3.02203 | 38
169037383322222165 | 73 | 3.02203 | 38
338074766644444331 | 74 | 3.02203 | 38
676149533288888662 | 75 | 2.03251 | 24
1352299066577777324 | 76 | 1.80389 | 17
2704598133155554648 | 77 | 1.80389 | 17
5409196266311109296 | 78 | 1.80389 | 17
-7628351541087333023 | 79 | 1.80389 | 17
3190040991534885570 | 80 | 1.80389 | 17
6380081983069771140 | 81 | 1.32194 | 15
-5686580107570009336 | 82 | 1.32194 | 15
7073583858569532945 | 83 | 1.32194 | 15
-4299576356570485725 | 84 | 1.32194 | 15
-8599152713140971449 | 85 | 1.32194 | 15
1248438647427608718 | 86 | 1.32194 | 15
2496877294855217436 | 87 | 1.32194 | 15
4993754589710434872 | 88 | 1.32194 | 15
-8459234894288681871 | 89 | 1.32194 | 15
1528274285132187875 | 90 | 1.32194 | 15
3056548570264375750 | 91 | 1.32194 | 15
6113097140528751500 | 92 | 1.32194 | 15
-6220549792652048616 | 93 | 35.3781 | 1
-6220549792652048615 | 93 | 1.25946 | 14
6005644488405454387 | 94 | 1.25946 | 14
-6435455096898642842 | 95 | 1.25946 | 14
5575833879912265933 | 96 | 1.25946 | 14
-7295076313885019750 | 97 | 1.25946 | 14
3856591445939512117 | 98 | 1.25946 | 14
7713182891879024234 | 99 | 1.25946 | 14
-3020378289951503147 | 100 | 1.25946 | 14
-6040756579903006294 | 101 | 1.25946 | 14
6365230913903539029 | 102 | 1.25946 | 14
-5716282245902473558 | 103 | 1.25946 | 14
7014179581904604500 | 104 | 1.25946 | 14
-4418384909900342616 | 105 | 4.68881 | 9
-4418384909900342615 | 105 | 2.52926 | 5
6380081983069771141 | 81 | 4.63978e-310 | 2
1352299066577777325 | 76 | 4.63978e-310 | 7
676149533288888663 | 75 | 1.43122 | 14
1352299066577777326 | 76 | 4.63978e-310 | 3
1352299066577777327 | 76 | 1.06346 | 11
2704598133155554655 | 77 | 1.06346 | 11
5409196266311109311 | 78 | 1.06346 | 11
-7628351541087332993 | 79 | 1.06346 | 11
3190040991534885630 | 80 | 1.06346 | 11
6380081983069771261 | 81 | 1.06346 | 11
-5686580107570009094 | 82 | 1.06346 | 11
7073583858569533429 | 83 | 1.06346 | 11
-4299576356570484758 | 84 | 1.06346 | 11
-8599152713140969515 | 85 | 1.06346 | 11
1248438647427612587 | 86 | 1.06346 | 11
2496877294855225175 | 87 | 1.06346 | 11
4993754589710450350 | 88 | 1.06346 | 11
-8459234894288650916 | 89 | 1.06346 | 11
1528274285132249784 | 90 | 4.63978e-310 | 2
1528274285132249785 | 90 | 4.63978e-310 | 9
74874923110810287 | 57 | 1.846 | 17
149749846221620575 | 58 | 1.846 | 17
299499692443241150 | 59 | 1.846 | 17
598999384886482301 | 60 | 1.846 | 17
1197998769772964602 | 61 | 1.846 | 12
2395997539545929205 | 62 | 1.846 | 12
4791995079091858410 | 63 | 1.846 | 12
-8862753915525834796 | 64 | 1.846 | 11
721236242657882025 | 65 | 1.846 | 11
1442472485315764050 | 66 | 1.846 | 11
2884944970631528101 | 67 | 1.846 | 11
5769889941263056203 | 68 | 1.846 | 11
-6906964191183439210 | 69 | 1.846 | 11
4632815691342673196 | 70 | 1.846 | 11
-9181112691024205224 | 71 | 1.846 | 11
84518691661141168 | 72 | 4.63978e-310 | 7
84518691661141169 | 72 | 4.63978e-310 | 4
-8862753915525834795 | 64 | 4.63978e-310 | 1
1197998769772964603 | 61 | 4.63978e-310 | 5
18280010525101 | 45 | 4.63978e-310 | 5
1142500657819 | 41 | 11.4641 | 265
2285001315639 | 42 | 11.4641 | 265
4570002631279 | 43 | 11.4641 | 265
9140005262558 | 44 | 11.4641 | 265
18280010525116 | 45 | 11.4641 | 265
36560021050232 | 46 | 11.4641 | 265
73120042100464 | 47 | 10.4616 | 227
146240084200928 | 48 | 10.4616 | 227
292480168401856 | 49 | 10.4616 | 227
584960336803712 | 50 | 10.4616 | 227
1169920673607424 | 51 | 8.78824 | 127
2339841347214848 | 52 | 8.78824 | 127
4679682694429697 | 53 | 8.78824 | 127
9359365388859394 | 54 | 8.78824 | 127
18718730777718788 | 55 | 8.78824 | 127
37437461555437577 | 56 | 8.78824 | 127
74874923110875155 | 57 | 8.78824 | 127
149749846221750310 | 58 | 8.78824 | 127
299499692443500621 | 59 | 8.78824 | 127
598999384887001243 | 60 | 8.78824 | 127
1197998769774002487 | 61 | 8.78824 | 127
2395997539548004975 | 62 | 8.78824 | 127
4791995079096009951 | 63 | 8.78824 | 127
-8862753915517531714 | 64 | 8.78824 | 127
721236242674488189 | 65 | 8.78824 | 127
1442472485348976379 | 66 | 8.78824 | 127
2884944970697952759 | 67 | 8.78824 | 127
5769889941395905519 | 68 | 8.78824 | 127
-6906964190917740578 | 69 | 8.78824 | 127
4632815691874070460 | 70 | 8.78824 | 127
-9181112689961410695 | 71 | 8.78824 | 127
84518693786730227 | 72 | 8.78824 | 127
169037387573460455 | 73 | 8.78824 | 127
338074775146920910 | 74 | 8.78824 | 127
676149550293841821 | 75 | 8.78824 | 127
1352299100587683642 | 76 | 8.78824 | 127
2704598201175367285 | 77 | 8.78824 | 127
5409196402350734570 | 78 | 8.78824 | 127
-7628351269008082476 | 79 | 8.78824 | 127
3190041535693386665 | 80 | 8.78824 | 127
6380083071386773330 | 81 | 8.78824 | 127
-5686577930936004955 | 82 | 8.78824 | 127
7073588211837541706 | 83 | 8.78824 | 127
-4299567650034468204 | 84 | 8.78824 | 127
-8599135300068936407 | 85 | 8.78824 | 127
1248473473571678802 | 86 | 6.90513e-310 | 5
1248473473571678803 | 86 | 8.78824 | 122
2496946947143357606 | 87 | 8.78824 | 122
4993893894286715213 | 88 | 8.78824 | 122
-8458956285136121189 | 89 | 8.78824 | 122
1528831503437309239 | 90 | 8.78824 | 122
3057663006874618478 | 91 | 8.78824 | 122
6115326013749236956 | 92 | 6.40185 | 26
-6216092046211077703 | 93 | 6.40185 | 26
6014559981287396210 | 94 | 6.40185 | 26
-6417624111134759195 | 95 | 6.40185 | 26
5611495851440033226 | 96 | 5.53349 | 8
5611495851440033227 | 96 | 3.45161 | 18
-7223752370829485161 | 97 | 3.45161 | 18
3999239332050581294 | 98 | 3.45161 | 18
7998478664101162588 | 99 | 3.45161 | 18
-2449786745507226440 | 100 | 3.45161 | 18
-4899573491014452880 | 101 | 3.45161 | 18
8647597091680645857 | 102 | 3.45161 | 18
-1151549890348259901 | 103 | 3.45161 | 18
-2303099780696519802 | 104 | 3.45161 | 18
-4606199561393039604 | 105 | 3.45161 | 18
-9212399122786079208 | 106 | 3.45161 | 18
21945828137393200 | 107 | 3.45161 | 18
43891656274786401 | 108 | 3.45161 | 18
87783312549572802 | 109 | 2.71441 | 12
175566625099145605 | 110 | 2.71441 | 12
351133250198291211 | 111 | 2.71441 | 12
702266500396582423 | 112 | 2.71441 | 12
1404533000793164846 | 113 | 2.71441 | 12
2809066001586329693 | 114 | 2.71441 | 12
5618132003172659386 | 115 | 2.71441 | 12
-7210480067364232844 | 116 | 2.71441 | 12
4025783938981085928 | 117 | 2.12346 | 11
8051567877962171856 | 118 | 2.12346 | 11
-2343608317785207904 | 119 | 2.12346 | 11
-4687216635570415808 | 120 | 2.12346 | 11
9072310802568720000 | 121 | 2.12346 | 11
-302122468572111616 | 122 | 2.12346 | 11
-604244937144223231 | 123 | 2.12346 | 11
-1208489874288446461 | 124 | 2.12346 | 11
-2416979748576892922 | 125 | 5.97028 | 6
-2416979748576892921 | 125 | 8.90251 | 5
4025783938981085929 | 117 | 4.63978e-310 | 1
87783312549572803 | 109 | 4.63978e-310 | 6
6115326013749236957 | 92 | 6.5288 | 96
-6216092046211077702 | 93 | 6.5288 | 96
6014559981287396212 | 94 | 5.96338 | 86
-6417624111134759192 | 95 | 5.96338 | 86
5611495851440033233 | 96 | 5.96338 | 86
-7223752370829485149 | 97 | 5.96338 | 86
3999239332050581318 | 98 | 5.96338 | 86
7998478664101162636 | 99 | 5.96338 | 86
-2449786745507226344 | 100 | 1.30569 | 12
-4899573491014452688 | 101 | 1.30569 | 12
8647597091680646240 | 102 | 10.281 | 8
8647597091680646241 | 102 | 21.9894 | 4
-2449786745507226343 | 100 | 5.40327 | 74
-4899573491014452685 | 101 | 5.40327 | 74
8647597091680646246 | 102 | 5.19437 | 72
-1151549890348259123 | 103 | 5.19437 | 72
-2303099780696518245 | 104 | 5.19437 | 72
-4606199561393036489 | 105 | 5.19437 | 72
-9212399122786072978 | 106 | 1.88734 | 13
21945828137405660 | 107 | 1.88734 | 13
43891656274811321 | 108 | 1.88734 | 13
87783312549622643 | 109 | 1.88734 | 13
175566625099245286 | 110 | 1.88734 | 13
351133250198490573 | 111 | 1.88734 | 13
702266500396981146 | 112 | 1.88734 | 13
1404533000793962292 | 113 | 1.5826 | 12
2809066001587924585 | 114 | 1.5826 | 12
5618132003175849170 | 115 | 1.5826 | 12
-7210480067357853276 | 116 | 0.225568 | 3
-7210480067357853275 | 116 | 4.63978e-310 | 9
1404533000793962293 | 113 | 4.63978e-310 | 1
-9212399122786072977 | 106 | 4.29022 | 59
21945828137405663 | 107 | 4.29022 | 59
43891656274811327 | 108 | 4.29022 | 59
87783312549622654 | 109 | 4.29022 | 59
175566625099245309 | 110 | 4.29022 | 59
351133250198490618 | 111 | 4.29022 | 59
702266500396981237 | 112 | 4.29022 | 59
1404533000793962474 | 113 | 4.29022 | 59
2809066001587924948 | 114 | 1.58595e-321 | 3
2809066001587924949 | 114 | 3.92986 | 56
5618132003175849898 | 115 | 3.92986 | 56
-7210480067357851819 | 116 | 3.92986 | 56
4025783938993847978 | 117 | 3.92986 | 56
8051567877987695957 | 118 | 3.92986 | 56
-2343608317734159702 | 119 | 0.531259 | 9
-2343608317734159701 | 119 | 3.92986 | 47
-4687216635468319402 | 120 | 3.92986 | 47
9072310802772912812 | 121 | 3.92986 | 47
-302122468163725992 | 122 | 3.92986 | 47
-604244936327451984 | 123 | 1.44746 | 13
-1208489872654903968 | 124 | 1.44746 | 13
-2416979745309807935 | 125 | 1.44746 | 13
-4833959490619615870 | 126 | 3.59789 | 10
-4833959490619615869 | 126 | 4.63978e-310 | 3
-604244936327451983 | 123 | 2.48068 | 34
-1208489872654903965 | 124 | 2.48068 | 34
-2416979745309807930 | 125 | 2.48068 | 34
-4833959490619615860 | 126 | 2.48068 | 34
8778825092470319896 | 127 | 3.21143e-322 | 4
8778825092470319897 | 127 | 2.48068 | 30
-889093888768911822 | 128 | 2.48068 | 30
-1778187777537823643 | 129 | 2.48068 | 30
-3556375555075647285 | 130 | 2.48068 | 30
-7112751110151294569 | 131 | 2.48068 | 30
4221241853406962479 | 132 | 2.48068 | 30
8442483706813924958 | 133 | 2.48068 | 30
-1561776660081701700 | 134 | 2.48068 | 30
-3123553320163403399 | 135 | 2.48068 | 30
-6247106640326806797 | 136 | 2.48068 | 30
5952530793055938022 | 137 | 2.01111 | 14
-6541682487597675571 | 138 | 2.01111 | 14
5363379098514200474 | 139 | 2.01111 | 14
-7719985876681150668 | 140 | 2.01111 | 14
3006772320347250281 | 141 | 2.01111 | 14
6013544640694500563 | 142 | 2.01111 | 14
-6419654792320550489 | 143 | 2.01111 | 14
5607434489068450639 | 144 | 2.01111 | 14
-7231875095572650337 | 145 | 2.01111 | 14
3982993882564250942 | 146 | 2.01111 | 14
7965987765128501884 | 147 | 1.2865 | 10
7965987765128501885 | 147 | 4.63978e-310 | 4
5952530793055938023 | 137 | 2.48068 | 16
-6541682487597675570 | 138 | 2.48068 | 16
5363379098514200476 | 139 | 2.48068 | 16
-7719985876681150663 | 140 | 2.48068 | 16
3006772320347250291 | 141 | 2.48068 | 16
6013544640694500582 | 142 | 2.48068 | 16
-6419654792320550451 | 143 | 2.48068 | 16
5607434489068450714 | 144 | 2.48068 | 16
-7231875095572650187 | 145 | 2.48068 | 16
3982993882564251243 | 146 | 2.48068 | 16
7965987765128502486 | 147 | 2.48068 | 16
-2514768543452546644 | 148 | 2.48068 | 16
-5029537086905093287 | 149 | 2.48068 | 16
8387669899899365042 | 150 | 2.48068 | 16
-1671404273910821532 | 151 | 2.48068 | 16
-3342808547821643063 | 152 | 2.48068 | 16
-6685617095643286126 | 153 | 2.48068 | 16
5075509882422979364 | 154 | 2.75042 | 2
5075509882422979365 | 154 | 2.39633 | 14
-8295724308863592885 | 155 | 2.39633 | 14
1855295455982365847 | 156 | 2.39633 | 14
3710590911964731694 | 157 | 2.39633 | 12
7421181823929463388 | 158 | 2.39633 | 12
-3604380425850624840 | 159 | 3.17593 | 6
-3604380425850624839 | 159 | 1.81942 | 6
3710590911964731695 | 157 | 4.63978e-310 | 2
8647597091680646247 | 102 | 4.63978e-310 | 2
6014559981287396213 | 94 | 4.63978e-310 | 10
1169920673607425 | 51 | 7.46579 | 100
2339841347214851 | 52 | 7.46579 | 100
4679682694429702 | 53 | 6.38488 | 78
9359365388859404 | 54 | 4.78224 | 57
18718730777718808 | 55 | 3.78567 | 36
37437461555437616 | 56 | 3.78567 | 36
74874923110875232 | 57 | 3.78567 | 36
149749846221750464 | 58 | 3.29972 | 30
299499692443500928 | 59 | 3.29972 | 30
598999384887001857 | 60 | 3.29972 | 30
1197998769774003714 | 61 | 2.04927 | 20
2395997539548007429 | 62 | 2.04927 | 20
4791995079096014858 | 63 | 4.54701 | 5
4791995079096014859 | 63 | 1.4765 | 15
-8862753915517521898 | 64 | 1.4765 | 15
721236242674507821 | 65 | 1.4765 | 15
1442472485349015642 | 66 | 1.4765 | 15
2884944970698031284 | 67 | 1.4765 | 15
5769889941396062569 | 68 | 1.4765 | 15
-6906964190917426477 | 69 | 1.4765 | 15
4632815691874698662 | 70 | 1.4765 | 15
-9181112689960154292 | 71 | 1.4765 | 15
84518693789243033 | 72 | 1.4765 | 15
169037387578486067 | 73 | 1.4765 | 15
338074775156972135 | 74 | 1.4765 | 15
676149550313944270 | 75 | 1.4765 | 15
1352299100627888541 | 76 | 1.4765 | 15
2704598201255777082 | 77 | 1.4765 | 15
5409196402511554164 | 78 | 1.4765 | 15
-7628351268686443288 | 79 | 7.37106 | 9
-7628351268686443287 | 79 | 6.90513e-310 | 6
1197998769774003715 | 61 | 4.63978e-310 | 10
149749846221750465 | 58 | 4.63978e-310 | 6
18718730777718809 | 55 | 2.79143 | 21
37437461555437619 | 56 | 2.79143 | 21
74874923110875238 | 57 | 1.42232 | 12
149749846221750477 | 58 | 1.42232 | 12
299499692443500954 | 59 | 1.42232 | 12
598999384887001909 | 60 | 1.42232 | 12
1197998769774003818 | 61 | 4.63978e-310 | 10
1197998769774003819 | 61 | 4.63978e-310 | 2
74874923110875239 | 57 | 4.63978e-310 | 9
9359365388859405 | 54 | 3.97261 | 21
18718730777718811 | 55 | 3.97261 | 21
37437461555437623 | 56 | 3.97261 | 21
74874923110875247 | 57 | 3.97261 | 21
149749846221750494 | 58 | 3.97261 | 21
299499692443500988 | 59 | 3.97261 | 21
598999384887001977 | 60 | 3.97261 | 21
1197998769774003955 | 61 | 3.97261 | 21
2395997539548007911 | 62 | 3.97261 | 21
4791995079096015822 | 63 | 3.97261 | 21
-8862753915517519971 | 64 | 3.97261 | 21
721236242674511675 | 65 | 3.97261 | 21
1442472485349023350 | 66 | 3.97261 | 21
2884944970698046701 | 67 | 3.97261 | 21
5769889941396093403 | 68 | 3.97261 | 21
-6906964190917364810 | 69 | 3.97261 | 21
4632815691874821996 | 70 | 3.6957 | 20
-9181112689959907624 | 71 | 3.6957 | 20
84518693789736369 | 72 | 3.6957 | 20
169037387579472739 | 73 | 3.6957 | 20
338074775158945479 | 74 | 3.6957 | 20
676149550317890958 | 75 | 3.6957 | 20
1352299100635781917 | 76 | 3.6957 | 20
2704598201271563834 | 77 | 3.6957 | 20
5409196402543127668 | 78 | 3.6957 | 17
-7628351268623296280 | 79 | 3.6957 | 17
3190041536462959057 | 80 | 3.6957 | 17
6380083072925918115 | 81 | 3.6957 | 17
-5686577927857715386 | 82 | 3.6957 | 17
7073588217994120844 | 83 | 3.6957 | 17
-4299567637721309927 | 84 | 3.6957 | 17
-8599135275442619854 | 85 | 1.63813 | 2
-8599135275442619853 | 85 | 3.17929 | 15
1248473522824311911 | 86 | 3.17929 | 15
2496947045648623823 | 87 | 3.17929 | 15
4993894091297247646 | 88 | 2.03024 | 14
-8458955891115056324 | 89 | 2.03024 | 14
1528832291479438968 | 90 | 2.03024 | 14
3057664582958877937 | 91 | 2.03024 | 14
6115329165917755875 | 92 | 2.03024 | 14
-6216085741874039865 | 93 | 2.03024 | 14
6014572589961471886 | 94 | 2.03024 | 14
-6417598893786607844 | 95 | 1.42456 | 11
5611546286136335929 | 96 | 1.42456 | 11
-7223651501436879758 | 97 | 4.74419 | 8
-7223651501436879757 | 97 | 0.130779 | 3
-6417598893786607843 | 95 | 4.63978e-310 | 3
4993894091297247647 | 88 | 4.63978e-310 | 1
5409196402543127669 | 78 | 4.63978e-310 | 3
4632815691874821997 | 70 | 4.63978e-310 | 1
4679682694429703 | 53 | 3.78092 | 22
9359365388859406 | 54 | 3.26838 | 18
18718730777718812 | 55 | 1.94575 | 12
37437461555437625 | 56 | 1.94575 | 12
74874923110875251 | 57 | 1.94575 | 12
149749846221750503 | 58 | 1.94575 | 12
299499692443501006 | 59 | 4.63978e-310 | 4
299499692443501007 | 59 | 4.63978e-310 | 8
18718730777718813 | 55 | 4.63978e-310 | 6
9359365388859407 | 54 | 4.63978e-310 | 4
73120042100465 | 47 | 4.84841 | 38
146240084200931 | 48 | 4.84841 | 38
292480168401862 | 49 | 4.84841 | 38
584960336803725 | 50 | 4.84841 | 38
1169920673607450 | 51 | 4.84841 | 38
2339841347214900 | 52 | 4.84841 | 37
4679682694429800 | 53 | 4.84841 | 37
9359365388859600 | 54 | 4.03363 | 30
18718730777719200 | 55 | 4.03363 | 30
37437461555438400 | 56 | 4.03363 | 30
74874923110876800 | 57 | 3.21143e-322 | 9
74874923110876801 | 57 | 2.22878 | 21
149749846221753602 | 58 | 2.22878 | 21
299499692443507204 | 59 | 2.22878 | 21
598999384887014408 | 60 | 2.22878 | 21
1197998769774028817 | 61 | 2.22878 | 21
2395997539548057635 | 62 | 2.22878 | 21
4791995079096115270 | 63 | 2.22878 | 21
-8862753915517321075 | 64 | 2.22878 | 21
721236242674909467 | 65 | 2.22878 | 21
1442472485349818934 | 66 | 2.22878 | 21
2884944970699637869 | 67 | 2.22878 | 21
5769889941399275739 | 68 | 2.22878 | 21
-6906964190911000138 | 69 | 1.49657 | 6
-6906964190911000137 | 69 | 1.45689 | 15
4632815691887551342 | 70 | 1.45689 | 15
-9181112689934448932 | 71 | 16.2702 | 10
-9181112689934448931 | 71 | 1.39074 | 5
9359365388859601 | 54 | 4.63978e-310 | 7
2339841347214901 | 52 | 4.63978e-310 | 1
17025 | 15 | 12.8134 | 107
34051 | 16 | 12.8134 | 107
68102 | 17 | 9.8134 | 39
136205 | 18 | 9.8134 | 39
272410 | 19 | 2.56878 | 16
544820 | 20 | 2.56878 | 16
1089640 | 21 | 4.63978e-310 | 1
1089641 | 21 | 2.56878 | 15
2179282 | 22 | 2.56878 | 15
4358564 | 23 | 2.56878 | 15
8717129 | 24 | 2.56878 | 15
17434259 | 25 | 2.56878 | 15
34868518 | 26 | 2.56878 | 13
69737036 | 27 | 2.56878 | 13
139474072 | 28 | 2.56878 | 13
278948145 | 29 | 2.56878 | 13
557896290 | 30 | 4.63978e-310 | 8
557896291 | 30 | 6.90513e-310 | 5
34868519 | 26 | 4.63978e-310 | 2
272411 | 19 | 8.36919 | 23
544822 | 20 | 8.36919 | 23
1089644 | 21 | 8.36919 | 19
2179288 | 22 | 4.63978e-310 | 1
2179289 | 22 | 8.29986 | 18
4358578 | 23 | 8.29986 | 18
8717156 | 24 | 4.63978e-310 | 5
8717157 | 24 | 7.3275 | 13
17434314 | 25 | 4.63978e-310 | 8
17434315 | 25 | 0 | 5
1089645 | 21 | 6.90513e-310 | 4
68103 | 17 | 11.5572 | 68
136206 | 18 | 11.5572 | 68
272413 | 19 | 11.5572 | 68
544826 | 20 | 11.5572 | 68
1089653 | 21 | 11.5572 | 68
2179306 | 22 | 7.03085 | 60
4358612 | 23 | 7.03085 | 60
8717225 | 24 | 7.03085 | 60
17434451 | 25 | 7.03085 | 60
34868902 | 26 | 7.03085 | 60
69737804 | 27 | 7.03085 | 60
139475609 | 28 | 7.03085 | 60
278951219 | 29 | 7.03085 | 60
557902438 | 30 | 7.03085 | 60
1115804876 | 31 | 4.36106 | 39
2231609753 | 32 | 4.36106 | 39
4463219507 | 33 | 4.36106 | 39
8926439014 | 34 | 11.5443 | 6
8926439015 | 34 | 3.89404 | 33
17852878030 | 35 | 3.89404 | 33
35705756061 | 36 | 3.89404 | 33
71411512122 | 37 | 3.388 | 26
142823024244 | 38 | 1.96386 | 16
285646048488 | 39 | 1.96386 | 16
571292096976 | 40 | 4.63978e-310 | 4
571292096977 | 40 | 1.34337 | 12
1142584193954 | 41 | 1.34337 | 12
2285168387908 | 42 | 1.63042e-322 | 8
2285168387909 | 42 | 1.63042e-322 | 4
142823024245 | 38 | 4.63978e-310 | 10
71411512123 | 37 | 4.63978e-310 | 7
1115804877 | 31 | 3.75002 | 21
2231609755 | 32 | 3.75002 | 21
4463219511 | 33 | 3.75002 | 21
8926439022 | 34 | 3.75002 | 21
17852878044 | 35 | 3.75002 | 21
35705756088 | 36 | 3.75002 | 21
71411512177 | 37 | 3.75002 | 21
142823024354 | 38 | 3.75002 | 21
285646048708 | 39 | 3.75002 | 21
571292097417 | 40 | 3.75002 | 21
1142584194834 | 41 | 3.75002 | 21
2285168389669 | 42 | 3.75002 | 21
4570336779339 | 43 | 3.75002 | 21
9140673558679 | 44 | 3.75002 | 21
18281347117359 | 45 | 3.75002 | 21
36562694234718 | 46 | 3.75002 | 21
73125388469437 | 47 | 3.75002 | 21
146250776938874 | 48 | 3.75002 | 15
292501553877749 | 49 | 3.75002 | 15
585003107755498 | 50 | 3.75002 | 15
1170006215510997 | 51 | 3.75002 | 15
2340012431021995 | 52 | 3.75002 | 15
4680024862043991 | 53 | 3.75002 | 15
9360049724087982 | 54 | 1.63042e-322 | 5
9360049724087983 | 54 | 1.63042e-322 | 10
146250776938875 | 48 | 1.63042e-322 | 6
2179307 | 22 | 4.63978e-310 | 8
2129 | 12 | 4.63978e-310 | 5
67 | 7 | 12.9782 | 15
135 | 8 | 12.9782 | 15
270 | 9 | 12.9782 | 15
541 | 10 | 12.9782 | 15
1082 | 11 | 12.9782 | 15
2164 | 12 | 12.9782 | 15
4329 | 13 | 12.9782 | 15
8658 | 14 | 10.5274 | 13
17317 | 15 | 10.5274 | 13
34634 | 16 | 10.5274 | 13
69268 | 17 | 10.5274 | 13
138537 | 18 | 10.5274 | 13
277074 | 19 | 1.63042e-322 | 10
277075 | 19 | 1.63042e-322 | 3
8659 | 14 | 4.63978e-310 | 2
17 | 5 | 28.2066 | 192
35 | 6 | 28.2066 | 192
70 | 7 | 28.2066 | 173
141 | 8 | 28.2066 | 173
283 | 9 | 28.2066 | 173
566 | 10 | 28.2066 | 173
1133 | 11 | 28.2066 | 173
2267 | 12 | 28.2066 | 173
4534 | 13 | 28.2066 | 173
9069 | 14 | 28.2066 | 173
18138 | 15 | 28.2066 | 173
36276 | 16 | 21.706 | 85
72553 | 17 | 21.706 | 85
145107 | 18 | 21.706 | 85
290214 | 19 | 21.706 | 85
580429 | 20 | 21.706 | 85
1160858 | 21 | 1.63042e-322 | 8
1160859 | 21 | 21.3281 | 77
2321719 | 22 | 21.3281 | 77
4643438 | 23 | 21.3281 | 77
9286876 | 24 | 21.3281 | 77
18573752 | 25 | 9.1364 | 42
37147505 | 26 | 9.1364 | 42
74295010 | 27 | 9.1364 | 42
148590021 | 28 | 9.1364 | 42
297180043 | 29 | 9.1364 | 42
594360086 | 30 | 1.63042e-322 | 1
594360087 | 30 | 9.00445 | 41
1188720174 | 31 | 9.00445 | 41
2377440349 | 32 | 9.00445 | 41
4754880699 | 33 | 9.00445 | 41
9509761398 | 34 | 9.00445 | 41
19019522797 | 35 | 9.00445 | 41
38039045594 | 36 | 5.78845 | 38
76078091189 | 37 | 5.78845 | 38
152156182378 | 38 | 5.78845 | 38
304312364756 | 39 | 5.78845 | 38
608624729513 | 40 | 5.78845 | 38
1217249459026 | 41 | 4.40523 | 26
2434498918053 | 42 | 4.40523 | 26
4868997836106 | 43 | 2.40874 | 15
9737995672213 | 44 | 2.40874 | 15
19475991344427 | 45 | 2.40874 | 15
38951982688855 | 46 | 2.40874 | 15
77903965377710 | 47 | 1.91401 | 13
155807930755420 | 48 | 1.91401 | 13
311615861510840 | 49 | 1.91401 | 13
623231723021681 | 50 | 1.91401 | 13
1246463446043363 | 51 | 1.91401 | 13
2492926892086727 | 52 | 1.91401 | 13
4985853784173454 | 53 | 1.58101e-322 | 8
4985853784173455 | 53 | 1.63042e-322 | 5
77903965377711 | 47 | 1.58101e-322 | 2
4868997836107 | 43 | 2.57152 | 11
9737995672214 | 44 | 2.57152 | 11
19475991344429 | 45 | 2.57152 | 11
38951982688859 | 46 | 2.57152 | 11
77903965377719 | 47 | 2.57152 | 11
155807930755439 | 48 | 2.57152 | 11
311615861510878 | 49 | 4.63978e-310 | 4
311615861510879 | 49 | 4.63978e-310 | 7
1217249459027 | 41 | 5.44147 | 12
2434498918055 | 42 | 5.44147 | 12
4868997836110 | 43 | 5.44147 | 12
9737995672221 | 44 | 5.44147 | 12
19475991344443 | 45 | 5.44147 | 12
38951982688886 | 46 | 5.44147 | 12
77903965377773 | 47 | 5.44147 | 12
155807930755546 | 48 | 5.44147 | 12
311615861511093 | 49 | 5.44147 | 12
623231723022187 | 50 | 5.44147 | 12
1246463446044374 | 51 | 5.44147 | 12
2492926892088749 | 52 | 5.44147 | 12
4985853784177499 | 53 | 5.44147 | 12
9971707568354999 | 54 | 5.44147 | 12
19943415136709999 | 55 | 5.44147 | 12
39886830273419998 | 56 | 5.44147 | 12
79773660546839997 | 57 | 5.44147 | 12
159547321093679994 | 58 | 5.44147 | 12
319094642187359989 | 59 | 5.44147 | 12
638189284374719978 | 60 | 5.44147 | 12
1276378568749439956 | 61 | 14.7513 | 3
1276378568749439957 | 61 | 4.63978e-310 | 9
38039045595 | 36 | 4.63978e-310 | 3
18573753 | 25 | 21.3281 | 35
37147506 | 26 | 21.3281 | 35
74295013 | 27 | 21.3281 | 35
148590026 | 28 | 21.3281 | 35
297180053 | 29 | 21.3281 | 35
594360106 | 30 | 21.3281 | 35
1188720213 | 31 | 21.3281 | 35
2377440427 | 32 | 21.3281 | 35
4754880854 | 33 | 21.3281 | 35
9509761709 | 34 | 21.3281 | 35
19019523418 | 35 | 9.21997 | 25
38039046837 | 36 | 9.21997 | 25
76078093674 | 37 | 9.21997 | 25
152156187349 | 38 | 9.21997 | 25
304312374698 | 39 | 9.21997 | 25
608624749396 | 40 | 9.21997 | 25
1217249498792 | 41 | 9.21997 | 25
2434498997584 | 42 | 9.21997 | 25
4868997995168 | 43 | 9.21997 | 25
9737995990337 | 44 | 9.21997 | 25
19475991980674 | 45 | 9.21997 | 25
38951983961349 | 46 | 9.21997 | 25
77903967922699 | 47 | 9.21997 | 25
155807935845399 | 48 | 9.21997 | 25
311615871690798 | 49 | 9.21997 | 25
623231743381596 | 50 | 9.21997 | 25
1246463486763192 | 51 | 9.21997 | 25
2492926973526384 | 52 | 9.21997 | 25
4985853947052769 | 53 | 9.21997 | 25
9971707894105538 | 54 | 9.21997 | 25
19943415788211076 | 55 | 9.21997 | 25
39886831576422152 | 56 | 9.21997 | 25
79773663152844304 | 57 | 6.49779 | 22
159547326305688609 | 58 | 6.49779 | 22
319094652611377219 | 59 | 6.49779 | 22
638189305222754438 | 60 | 6.49779 | 22
1276378610445508876 | 61 | 6.49779 | 22
2552757220891017752 | 62 | 6.49779 | 22
5105514441782035505 | 63 | 6.49779 | 22
-8235715190145480606 | 64 | 6.49779 | 22
1975313693418590405 | 65 | 6.49779 | 22
3950627386837180810 | 66 | 2.6322 | 21
7901254773674361621 | 67 | 2.6322 | 21
-2644234526360828374 | 68 | 2.6322 | 21
-5288469052721656748 | 69 | 2.6322 | 21
7869805968266238120 | 70 | 2.6322 | 21
-2707132137177075376 | 71 | 2.6322 | 21
-5414264274354150752 | 72 | 2.6322 | 21
7618215525001250112 | 73 | 2.6322 | 21
-3210313023707051392 | 74 | 1.05294 | 2
-3210313023707051391 | 74 | 2.6322 | 19
-6420626047414102782 | 75 | 2.6322 | 19
5605491978881346052 | 76 | 2.6322 | 19
-7235760115946859512 | 77 | 2.6322 | 19
3975223841815832593 | 78 | 2.6322 | 19
7950447683631665186 | 79 | 2.6322 | 19
-2545848706446221243 | 80 | 2.6322 | 19
-5091697412892442486 | 81 | 2.6322 | 19
8263349247924666644 | 82 | 2.6322 | 19
-1920045577860218327 | 83 | 2.6322 | 19
-3840091155720436654 | 84 | 2.6322 | 19
-7680182311440873308 | 85 | 4.63978e-310 | 4
-7680182311440873307 | 85 | 1.74842 | 15
3086379450827805002 | 86 | 1.74842 | 15
6172758901655610004 | 87 | 1.74842 | 15
-6101226270398331607 | 88 | 1.74842 | 15
6244291532912888403 | 89 | 1.74842 | 15
-5958161007883774810 | 90 | 1.74842 | 15
6530422057942001996 | 91 | 1.74842 | 15
-5385899957825547624 | 92 | 1.74842 | 15
7674944158058456368 | 93 | 1.74842 | 15
-3096855757592638879 | 94 | 1.74842 | 15
-6193711515185277758 | 95 | 1.74842 | 15
6059321043338996100 | 96 | 1.74842 | 15
-6328101987031559416 | 97 | 1.74842 | 15
5790540099646432784 | 98 | 1.74842 | 15
-6865663874416686047 | 99 | 1.74842 | 15
4715416324876179523 | 100 | 1.74842 | 15
-9015911423957192570 | 101 | 1.74842 | 15
414921225795166477 | 102 | 1.74842 | 15
829842451590332955 | 103 | 1.74842 | 15
1659684903180665910 | 104 | 1.58101e-322 | 10
1659684903180665911 | 104 | 1.58101e-322 | 5
3950627386837180811 | 66 | 4.63978e-310 | 1
79773663152844305 | 57 | 4.63978e-310 | 3
19019523419 | 35 | 4.63978e-310 | 10
36277 | 16 | 28.2066 | 88
72554 | 17 | 28.2066 | 88
145108 | 18 | 28.2066 | 88
290217 | 19 | 28.2066 | 88
580435 | 20 | 28.2066 | 88
1160870 | 21 | 28.2066 | 88
2321741 | 22 | 28.2066 | 88
4643482 | 23 | 28.2066 | 88
9286964 | 24 | 28.2066 | 88
18573928 | 25 | 28.2066 | 88
37147857 | 26 | 28.2066 | 88
74295714 | 27 | 28.2066 | 88
148591429 | 28 | 28.2066 | 88
297182858 | 29 | 28.2066 | 88
594365717 | 30 | 28.2066 | 88
1188731435 | 31 | 28.2066 | 88
2377462871 | 32 | 28.2066 | 88
4754925743 | 33 | 28.2066 | 88
9509851487 | 34 | 28.2066 | 88
19019702974 | 35 | 28.2066 | 88
38039405948 | 36 | 28.2066 | 88
76078811897 | 37 | 28.2066 | 88
152157623794 | 38 | 28.2066 | 88
304315247588 | 39 | 7.96744 | 28
608630495176 | 40 | 7.96744 | 28
1217260990352 | 41 | 7.96744 | 28
2434521980704 | 42 | 7.96744 | 28
4869043961409 | 43 | 7.96744 | 28
9738087922819 | 44 | 7.96744 | 28
19476175845638 | 45 | 7.96744 | 28
38952351691277 | 46 | 7.96744 | 28
77904703382554 | 47 | 7.96744 | 28
155809406765108 | 48 | 7.96744 | 28
311618813530217 | 49 | 7.96744 | 28
623237627060435 | 50 | 7.96744 | 28
1246475254120870 | 51 | 7.96744 | 28
2492950508241741 | 52 | 7.96744 | 28
4985901016483483 | 53 | 7.96744 | 28
9971802032966966 | 54 | 7.96744 | 28
19943604065933932 | 55 | 7.96744 | 28
39887208131867865 | 56 | 7.96744 | 28
79774416263735730 | 57 | 7.96744 | 28
159548832527471460 | 58 | 1.58938 | 6
159548832527471461 | 58 | 7.79075 | 22
319097665054942923 | 59 | 7.79075 | 22
638195330109885846 | 60 | 7.79075 | 22
1276390660219771692 | 61 | 7.79075 | 22
2552781320439543384 | 62 | 0.158487 | 5
2552781320439543385 | 62 | 7.79075 | 17
5105562640879086770 | 63 | 7.79075 | 17
-8235618791951378076 | 64 | 7.79075 | 17
1975506489806795464 | 65 | 7.79075 | 17
3951012979613590928 | 66 | 7.79075 | 17
7902025959227181856 | 67 | 7.79075 | 16
-2642692155255187903 | 68 | 7.79075 | 16
-5285384310510375806 | 69 | 12.401 | 5
-5285384310510375805 | 69 | 4.05121 | 11
7875975452688800007 | 70 | 4.05121 | 11
-2694793168331951602 | 71 | 4.05121 | 11
-5389586336663903203 | 72 | 4.05121 | 11
7667571400381745210 | 73 | 4.05121 | 11
-3111601272946061195 | 74 | 4.05121 | 11
-6223202545892122389 | 75 | 4.05121 | 11
6000338981925306838 | 76 | 4.05121 | 11
-6446066109858937940 | 77 | 13.0642 | 5
-6446066109858937939 | 77 | 18.2875 | 6
7902025959227181857 | 67 | 4.63978e-310 | 1
304315247589 | 39 | 9.73051 | 60
608630495178 | 40 | 4.63978e-310 | 6
608630495179 | 40 | 9.73051 | 54
1217260990359 | 41 | 9.73051 | 54
2434521980718 | 42 | 6.71148 | 53
4869043961436 | 43 | 6.71148 | 53
9738087922873 | 44 | 6.71148 | 53
19476175845746 | 45 | 6.71148 | 53
38952351691492 | 46 | 6.71148 | 53
77904703382985 | 47 | 6.71148 | 53
155809406765970 | 48 | 6.71148 | 53
311618813531940 | 49 | 6.71148 | 53
623237627063880 | 50 | 6.71148 | 53
1246475254127761 | 51 | 6.71148 | 53
2492950508255523 | 52 | 6.71148 | 53
4985901016511046 | 53 | 6.71148 | 53
9971802033022092 | 54 | 6.71148 | 53
19943604066044184 | 55 | 6.71148 | 53
39887208132088369 | 56 | 6.71148 | 53
79774416264176738 | 57 | 6.71148 | 53
159548832528353476 | 58 | 2.61422 | 14
319097665056706953 | 59 | 2.61422 | 14
638195330113413907 | 60 | 2.61422 | 14
1276390660226827815 | 61 | 2.61422 | 14
2552781320453655630 | 62 | 2.47125 | 12
5105562640907311261 | 63 | 2.47125 | 12
-8235618791894929093 | 64 | 2.47125 | 12
1975506489919693430 | 65 | 42.6832 | 7
1975506489919693431 | 65 | 4.18954 | 5
2552781320453655631 | 62 | 4.63978e-310 | 2
159548832528353477 | 58 | 5.10806 | 39
319097665056706955 | 59 | 5.10806 | 39
638195330113413910 | 60 | 3.32031 | 25
1276390660226827820 | 61 | 3.32031 | 25
2552781320453655641 | 62 | 3.32031 | 25
5105562640907311283 | 63 | 3.32031 | 25
-8235618791894929049 | 64 | 3.32031 | 25
1975506489919693518 | 65 | 0 | 2
1975506489919693519 | 65 | 2.88813 | 23
3951012979839387038 | 66 | 2.88813 | 23
7902025959678774076 | 67 | 2.88813 | 23
-2642692154352003464 | 68 | 2.88813 | 23
-5285384308704006928 | 69 | 42.8872 | 1
-5285384308704006927 | 69 | 2.78444 | 22
7875975456301537762 | 70 | 2.78444 | 22
-2694793161106476092 | 71 | 2.78444 | 22
-5389586322212952183 | 72 | 2.78444 | 22
7667571429283647250 | 73 | 2.78444 | 22
-3111601215142257116 | 74 | 2.78444 | 22
-6223202430284514231 | 75 | 2.78444 | 22
6000339213140523155 | 76 | 2.78444 | 22
-6446065647428505306 | 77 | 40.7265 | 2
-6446065647428505305 | 77 | 2.67655 | 20
5554612778852541006 | 78 | 2.67655 | 20
-7337518516004469604 | 79 | 2.67655 | 20
3771707041700612408 | 80 | 2.67655 | 20
7543414083401224816 | 81 | 2.67655 | 20
-3359915906907101983 | 82 | 2.67655 | 20
-6719831813814203966 | 83 | 2.67655 | 20
5007080446081143685 | 84 | 2.67655 | 20
-8432583181547264246 | 85 | 2.62514 | 16
1581577710615023124 | 86 | 3.00279 | 5
1581577710615023125 | 86 | 1.5352 | 11
3163155421230046251 | 87 | 1.5352 | 11
6326310842460092502 | 88 | 1.5352 | 11
-5794122388789366612 | 89 | 1.5352 | 11
6858499296130818392 | 90 | 1.5352 | 11
-4729745481447914832 | 91 | 0.559445 | 2
-4729745481447914831 | 91 | 6.10706 | 9
-8432583181547264245 | 85 | 4.63978e-310 | 4
638195330113413911 | 60 | 3.99324 | 14
1276390660226827822 | 61 | 3.99324 | 14
2552781320453655644 | 62 | 3.99324 | 14
5105562640907311289 | 63 | 3.99324 | 14
-8235618791894929037 | 64 | 3.99324 | 14
1975506489919693543 | 65 | 3.99324 | 14
3951012979839387087 | 66 | 3.99324 | 14
7902025959678774175 | 67 | 3.99324 | 14
-2642692154352003266 | 68 | 3.99324 | 14
-5285384308704006532 | 69 | 4.63978e-310 | 2
-5285384308704006531 | 69 | 3.99324 | 12
7875975456301538555 | 70 | 3.99324 | 12
-2694793161106474506 | 71 | 4.63978e-310 | 10
-2694793161106474505 | 71 | 4.63978e-310 | 2
2434521980719 | 42 | 4.63978e-310 | 1
71 | 7 | 7.97413 | 19
142 | 8 | 4.63978e-310 | 2
143 | 8 | 7.97413 | 17
287 | 9 | 7.97413 | 17
575 | 10 | 7.97413 | 17
1150 | 11 | 7.97413 | 17
2301 | 12 | 7.97413 | 17
4602 | 13 | 7.97413 | 17
9204 | 14 | 7.97413 | 17
18409 | 15 | 7.97413 | 17
36819 | 16 | 7.97413 | 17
73639 | 17 | 7.97413 | 17
147279 | 18 | 7.97413 | 17
294559 | 19 | 7.97413 | 17
589119 | 20 | 7.97413 | 17
1178238 | 21 | 3.59568 | 15
2356476 | 22 | 3.59568 | 15
4712952 | 23 | 3.59568 | 15
9425904 | 24 | 3.59568 | 15
18851808 | 25 | 3.59568 | 15
37703616 | 26 | 4.63978e-310 | 1
37703617 | 26 | 3.51627 | 14
75407234 | 27 | 3.51627 | 14
150814468 | 28 | 3.51627 | 14
301628937 | 29 | 3.51627 | 14
603257875 | 30 | 3.51627 | 14
1206515751 | 31 | 3.51627 | 14
2413031503 | 32 | 3.51627 | 14
4826063007 | 33 | 3.51627 | 14
9652126015 | 34 | 3.51627 | 14
19304252030 | 35 | 3.51627 | 14
38608504060 | 36 | 3.51627 | 14
77217008120 | 37 | 0.0603632 | 10
77217008121 | 37 | 0.224735 | 4
1178239 | 21 | 4.63978e-310 | 2
3 | 2 | 26.5685 | 216
6 | 3 | 13.4651 | 120
13 | 4 | 13.4651 | 120
26 | 5 | 13.4651 | 120
52 | 6 | 13.4651 | 120
104 | 7 | 13.4651 | 120
208 | 8 | 13.4651 | 120
416 | 9 | 11.2206 | 103
832 | 10 | 4.84923 | 24
1665 | 11 | 4.84923 | 24
3331 | 12 | 4.84923 | 24
6662 | 13 | 4.84923 | 24
13325 | 14 | 4.84923 | 24
26651 | 15 | 4.84923 | 24
53303 | 16 | 4.84923 | 24
106606 | 17 | 4.84923 | 24
213213 | 18 | 4.84923 | 24
426426 | 19 | 4.84923 | 24
852852 | 20 | 4.63978e-310 | 2
852853 | 20 | 4.75226 | 22
1705707 | 21 | 4.75226 | 22
3411415 | 22 | 4.75226 | 22
6822831 | 23 | 4.75226 | 22
13645662 | 24 | 4.75226 | 22
27291324 | 25 | 4.75226 | 22
54582648 | 26 | 4.75226 | 22
109165296 | 27 | 4.75226 | 22
218330592 | 28 | 4.75226 | 22
436661184 | 29 | 4.75226 | 22
873322369 | 30 | 4.75226 | 22
1746644738 | 31 | 4.75226 | 22
3493289476 | 32 | 4.75226 | 22
6986578952 | 33 | 4.37734 | 19
13973157905 | 34 | 4.37734 | 19
27946315811 | 35 | 4.37734 | 19
55892631623 | 36 | 4.37734 | 19
111785263246 | 37 | 4.37734 | 19
223570526492 | 38 | 4.37734 | 19
447141052985 | 39 | 4.37734 | 19
894282105970 | 40 | 4.37734 | 19
1788564211941 | 41 | 4.37734 | 19
3577128423883 | 42 | 4.37734 | 19
7154256847766 | 43 | 4.37734 | 19
14308513695533 | 44 | 4.37734 | 19
28617027391066 | 45 | 4.63978e-310 | 4
28617027391067 | 45 | 3.69269 | 15
57234054782135 | 46 | 3.69269 | 15
114468109564271 | 47 | 3.69269 | 15
228936219128543 | 48 | 3.69269 | 15
457872438257087 | 49 | 3.69269 | 15
915744876514175 | 50 | 3.69269 | 15
1831489753028350 | 51 | 3.69269 | 15
3662979506056701 | 52 | 3.69269 | 15
7325959012113402 | 53 | 3.4034 | 14
14651918024226805 | 54 | 3.4034 | 14
29303836048453610 | 55 | 3.4034 | 14
58607672096907221 | 56 | 3.4034 | 14
117215344193814442 | 57 | 3.4034 | 14
234430688387628884 | 58 | 3.4034 | 14
468861376775257768 | 59 | 3.4034 | 14
937722753550515536 | 60 | 3.4034 | 14
1875445507101031072 | 61 | 3.4034 | 14
3750891014202062144 | 62 | 9.92361 | 7
3750891014202062145 | 62 | 3.68598 | 7
7325959012113403 | 53 | 4.63978e-310 | 1
6986578953 | 33 | 4.63978e-310 | 3
833 | 10 | 10.9923 | 79
1666 | 11 | 10.9726 | 71
3332 | 12 | 2.88674 | 13
6664 | 13 | 2.73285 | 11
13328 | 14 | 4.63978e-310 | 9
13329 | 14 | 4.63978e-310 | 2
6665 | 13 | 4.63978e-310 | 2
3333 | 12 | 9.60622 | 58
6666 | 13 | 9.60622 | 58
13332 | 14 | 8.13011 | 42
26664 | 15 | 4.01773 | 11
53329 | 16 | 4.01773 | 11
106659 | 17 | 4.01773 | 11
213318 | 18 | 4.01773 | 11
426637 | 19 | 4.01773 | 11
853274 | 20 | 4.01773 | 11
1706548 | 21 | 4.01773 | 11
3413096 | 22 | 4.01773 | 11
6826192 | 23 | 4.01773 | 11
13652385 | 24 | 4.01773 | 11
27304771 | 25 | 4.01773 | 11
54609542 | 26 | 4.01773 | 11
109219085 | 27 | 4.01773 | 11
218438170 | 28 | 4.01773 | 11
436876341 | 29 | 4.01773 | 11
873752683 | 30 | 4.01773 | 11
1747505367 | 31 | 4.01773 | 11
3495010735 | 32 | 4.01773 | 11
6990021471 | 33 | 4.01773 | 11
13980042942 | 34 | 4.01773 | 11
27960085884 | 35 | 4.01773 | 11
55920171769 | 36 | 4.01773 | 11
111840343538 | 37 | 4.01773 | 11
223680687076 | 38 | 4.01773 | 11
447361374152 | 39 | 4.01773 | 11
894722748305 | 40 | 4.01773 | 11
1789445496611 | 41 | 4.01773 | 11
3578890993223 | 42 | 4.01773 | 11
7157781986446 | 43 | 4.01773 | 11
14315563972893 | 44 | 4.01773 | 11
28631127945786 | 45 | 4.01773 | 11
57262255891573 | 46 | 4.01773 | 11
114524511783147 | 47 | 4.01773 | 11
229049023566294 | 48 | 4.01773 | 11
458098047132589 | 49 | 4.01773 | 11
916196094265178 | 50 | 0 | 1
916196094265179 | 50 | 2.37896 | 10
26665 | 15 | 8.13011 | 31
53330 | 16 | 3.89433 | 25
106661 | 17 | 3.89433 | 25
213323 | 18 | 3.89433 | 25
426647 | 19 | 3.89433 | 25
853295 | 20 | 3.89433 | 25
1706591 | 21 | 3.89433 | 25
3413183 | 22 | 3.89433 | 25
6826366 | 23 | 3.89433 | 25
13652733 | 24 | 3.89433 | 25
27305467 | 25 | 3.89433 | 25
54610934 | 26 | 3.89433 | 25
109221869 | 27 | 3.89433 | 25
218443738 | 28 | 3.89433 | 13
436887476 | 29 | 3.89433 | 13
873774953 | 30 | 3.89433 | 13
1747549907 | 31 | 3.89433 | 13
3495099815 | 32 | 3.89433 | 13
6990199630 | 33 | 3.89433 | 13
13980399261 | 34 | 3.89433 | 13
27960798522 | 35 | 3.89433 | 13
55921597045 | 36 | 3.89433 | 13
111843194090 | 37 | 1.77911 | 2
111843194091 | 37 | 3.89433 | 11
223686388182 | 38 | 3.89433 | 11
447372776365 | 39 | 3.89433 | 11
894745552731 | 40 | 3.89433 | 11
1789491105462 | 41 | 0 | 9
1789491105463 | 41 | 14.8745 | 2
218443739 | 28 | 2.3548 | 12
436887478 | 29 | 4.63978e-310 | 9
436887479 | 29 | 4.63978e-310 | 3
53331 | 16 | 4.63978e-310 | 6
13333 | 14 | 5.32693 | 16
26666 | 15 | 3.33216 | 12
53333 | 16 | 3.33216 | 12
106666 | 17 | 3.33216 | 12
213332 | 18 | 3.33216 | 12
426664 | 19 | 3.33216 | 12
853328 | 20 | 3.33216 | 12
1706657 | 21 | 3.33216 | 12
3413315 | 22 | 3.33216 | 12
6826631 | 23 | 3.33216 | 12
13653262 | 24 | 4.63978e-310 | 7
13653263 | 24 | 0.0933745 | 5
26667 | 15 | 4.63978e-310 | 4
1667 | 11 | 4.63978e-310 | 8
417 | 9 | 9.56106 | 17
835 | 10 | 9.56106 | 17
1670 | 11 | 9.56106 | 17
3340 | 12 | 9.56106 | 17
6680 | 13 | 8.19555 | 15
13360 | 14 | 7.46198 | 14
26721 | 15 | 7.46198 | 14
53443 | 16 | 7.46198 | 14
106886 | 17 | 2.45781 | 9
106887 | 17 | 0.689514 | 5
13361 | 14 | 4.63978e-310 | 1
6681 | 13 | 4.63978e-310 | 2
7 | 3 | 20.1492 | 96
15 | 4 | 20.1492 | 96
30 | 5 | 20.1492 | 96
60 | 6 | 17.0222 | 87
121 | 7 | 17.0222 | 87
242 | 8 | 17.0222 | 87
485 | 9 | 17.0222 | 87
970 | 10 | 17.0222 | 87
1941 | 11 | 17.0222 | 87
3882 | 12 | 17.0222 | 87
7764 | 13 | 17.0222 | 87
15528 | 14 | 17.0222 | 87
31056 | 15 | 7.16472 | 15
62112 | 16 | 19.8907 | 7
62113 | 16 | 18.1266 | 8
31057 | 15 | 15.9041 | 72
62115 | 16 | 15.9041 | 72
124230 | 17 | 15.9041 | 72
248461 | 18 | 15.9041 | 72
496923 | 19 | 15.9041 | 72
993846 | 20 | 15.9041 | 72
1987693 | 21 | 15.9041 | 72
3975387 | 22 | 15.9041 | 72
7950774 | 23 | 15.9041 | 72
15901548 | 24 | 15.9041 | 66
31803096 | 25 | 15.9041 | 66
63606193 | 26 | 15.9041 | 66
127212386 | 27 | 8.46579 | 14
254424772 | 28 | 8.46579 | 14
508849544 | 29 | 8.46579 | 14
1017699089 | 30 | 8.46579 | 14
2035398178 | 31 | 8.46579 | 14
4070796356 | 32 | 8.46579 | 14
8141592712 | 33 | 8.46579 | 14
16283185425 | 34 | 8.46579 | 14
32566370850 | 35 | 0.197329 | 3
32566370851 | 35 | 3.47264 | 11
65132741703 | 36 | 3.47264 | 11
130265483406 | 37 | 0.641836 | 3
130265483407 | 37 | 4.63978e-310 | 8
127212387 | 27 | 13.0311 | 52
254424775 | 28 | 13.0311 | 52
508849551 | 29 | 13.0311 | 52
1017699103 | 30 | 13.0311 | 52
2035398206 | 31 | 6.16939 | 15
4070796413 | 32 | 6.16939 | 15
8141592826 | 33 | 6.16939 | 15
16283185653 | 34 | 6.16939 | 15
32566371306 | 35 | 6.16939 | 15
65132742613 | 36 | 6.16939 | 15
130265485227 | 37 | 6.16939 | 15
260530970455 | 38 | 6.16939 | 15
521061940910 | 39 | 6.16939 | 15
1042123881820 | 40 | 3.65319 | 11
2084247763640 | 41 | 3.65319 | 11
4168495527280 | 42 | 3.65319 | 11
8336991054560 | 43 | 3.65319 | 11
16673982109120 | 44 | 3.65319 | 11
33347964218241 | 45 | 3.65319 | 11
66695928436482 | 46 | 3.65319 | 11
133391856872964 | 47 | 3.65319 | 11
266783713745928 | 48 | 3.65319 | 11
533567427491857 | 49 | 3.65319 | 11
1067134854983714 | 50 | 2.37896 | 9
1067134854983715 | 50 | 0 | 2
1042123881821 | 40 | 4.63978e-310 | 4
2035398207 | 31 | 8.31324 | 37
4070796414 | 32 | 8.31324 | 37
8141592829 | 33 | 8.31324 | 37
16283185658 | 34 | 5.55798 | 11
32566371316 | 35 | 4.63978e-310 | 7
32566371317 | 35 | 4.63978e-310 | 4
16283185659 | 34 | 4.56416 | 26
32566371319 | 35 | 4.56416 | 26
65132742638 | 36 | 4.56416 | 26
130265485276 | 37 | 4.56416 | 26
260530970552 | 38 | 4.56416 | 24
521061941105 | 39 | 4.56416 | 24
1042123882210 | 40 | 4.56416 | 24
2084247764420 | 41 | 4.56416 | 24
4168495528840 | 42 | 3.20598 | 16
8336991057681 | 43 | 3.20598 | 16
16673982115362 | 44 | 2.22303 | 12
33347964230724 | 45 | 2.22303 | 12
66695928461448 | 46 | 2.22303 | 12
133391856922896 | 47 | 2.22303 | 12
266783713845793 | 48 | 2.22303 | 12
533567427691587 | 49 | 2.22303 | 12
1067134855383174 | 50 | 11.5831 | 5
1067134855383175 | 50 | 0.588922 | 7
16673982115363 | 44 | 4.63978e-310 | 4
4168495528841 | 42 | 4.63978e-310 | 8
260530970553 | 38 | 4.63978e-310 | 2
15901549 | 24 | 4.63978e-310 | 6
61 | 6 | 4.63978e-310 | 9
