ID | Depth | diameter | Number of points
0 | 0 | 29.316 | 1600
1 | 1 | 29.316 | 1600
3 | 2 | 29.316 | 1600
6 | 3 | 29.316 | 1600
13 | 4 | 29.316 | 1600
26 | 5 | 29.316 | 1600
52 | 6 | 29.316 | 1600
104 | 7 | 29.316 | 1600
208 | 8 | 27.6259 | 532
416 | 9 | 27.6259 | 532
832 | 10 | 26.3153 | 336
1665 | 11 | 26.3153 | 336
3330 | 12 | 26.3153 | 336
6660 | 13 | 26.3153 | 336
13321 | 14 | 26.3153 | 336
26642 | 15 | 26.0653 | 296
53284 | 16 | 19.0376 | 55
106568 | 17 | 19.0376 | 55
213136 | 18 | 19.0376 | 55
426272 | 19 | 19.0376 | 55
852544 | 20 | 19.0376 | 55
1705089 | 21 | 19.0376 | 55
3410178 | 22 | 3.21143e-322 | 3
3410179 | 22 | 16.09 | 52
6820358 | 23 | 16.09 | 52
13640716 | 24 | 16.09 | 52
27281432 | 25 | 16.09 | 52
54562865 | 26 | 16.09 | 52
109125731 | 27 | 16.09 | 52
218251463 | 28 | 16.09 | 52
436502927 | 29 | 16.09 | 52
873005854 | 30 | 16.09 | 52
1746011708 | 31 | 16.09 | 52
3492023417 | 32 | 16.09 | 52
6984046835 | 33 | 16.09 | 52
13968093670 | 34 | 16.09 | 52
27936187340 | 35 | 16.09 | 52
55872374680 | 36 | 16.09 | 52
111744749361 | 37 | 16.09 | 52
223489498723 | 38 | 16.09 | 52
446978997447 | 39 | 16.09 | 52
893957994895 | 40 | 16.09 | 52
1787915989790 | 41 | 16.09 | 52
3575831979580 | 42 | 15.5547 | 10
3575831979581 | 42 | 13.0326 | 42
7151663959163 | 43 | 13.0326 | 42
14303327918326 | 44 | 13.0326 | 42
28606655836652 | 45 | 9.55803 | 16
57213311673304 | 46 | 9.55803 | 16
114426623346609 | 47 | 9.55803 | 16
228853246693219 | 48 | 9.55803 | 16
457706493386438 | 49 | 4.23909 | 10
457706493386439 | 49 | 4.04437 | 6
28606655836653 | 45 | 4.14124 | 26
57213311673307 | 46 | 4.14124 | 26
114426623346615 | 47 | 4.14124 | 26
228853246693230 | 48 | 4.14124 | 26
457706493386460 | 49 | 4.14124 | 26
915412986772920 | 50 | 4.14124 | 26
1830825973545840 | 51 | 3.16543 | 19
3661651947091680 | 52 | 2.77441 | 15
7323303894183361 | 53 | 2.77441 | 15
14646607788366722 | 54 | 2.77441 | 15
29293215576733444 | 55 | 2.77441 | 15
58586431153466888 | 56 | 0.36879 | 3
58586431153466889 | 56 | 2.49919 | 12
117172862306933778 | 57 | 1.58101e-322 | 9
117172862306933779 | 57 | 1.58101e-322 | 3
3661651947091681 | 52 | 4.63978e-310 | 4
1830825973545841 | 51 | 4.63978e-310 | 7
53285 | 16 | 20.0122 | 241
106570 | 17 | 20.0122 | 241
213140 | 18 | 20.0122 | 241
426280 | 19 | 20.0122 | 241
852561 | 20 | 20.0122 | 241
1705122 | 21 | 17.0028 | 96
3410244 | 22 | 7.10641 | 20
6820488 | 23 | 7.10641 | 20
13640976 | 24 | 7.10641 | 20
27281952 | 25 | 7.10641 | 20
54563905 | 26 | 7.10641 | 20
109127810 | 27 | 6.19455 | 17
218255621 | 28 | 6.19455 | 17
436511243 | 29 | 6.19455 | 17
873022486 | 30 | 2.50035 | 10
873022487 | 30 | 2.77487 | 7
109127811 | 27 | 4.63978e-310 | 3
3410245 | 22 | 15.7883 | 76
6820490 | 23 | 15.2061 | 15
13640980 | 24 | 15.2061 | 15
27281960 | 25 | 15.2061 | 15
54563920 | 26 | 15.2061 | 15
109127841 | 27 | 15.2061 | 15
218255683 | 28 | 15.2061 | 15
436511366 | 29 | 15.2061 | 15
873022733 | 30 | 15.2061 | 15
1746045466 | 31 | 15.2061 | 15
3492090932 | 32 | 15.2061 | 15
6984181864 | 33 | 1.58101e-322 | 9
6984181865 | 33 | 4.79244e-322 | 6
6820491 | 23 | 15.756 | 61
13640983 | 24 | 15.756 | 61
27281966 | 25 | 15.756 | 61
54563933 | 26 | 15.756 | 61
109127867 | 27 | 15.756 | 61
218255735 | 28 | 15.756 | 61
436511470 | 29 | 15.756 | 61
873022941 | 30 | 15.756 | 61
1746045882 | 31 | 15.756 | 61
3492091765 | 32 | 15.756 | 61
6984183530 | 33 | 5.04419 | 22
13968367060 | 34 | 7.49119 | 6
13968367061 | 34 | 2.6005 | 16
27936734122 | 35 | 2.6005 | 16
55873468245 | 36 | 2.6005 | 16
111746936491 | 37 | 2.6005 | 16
223493872982 | 38 | 2.6005 | 16
446987745965 | 39 | 2.6005 | 16
893975491930 | 40 | 2.6005 | 16
1787950983860 | 41 | 2.6005 | 16
3575901967721 | 42 | 2.6005 | 16
7151803935442 | 43 | 12.9037 | 4
7151803935443 | 43 | 2.43123 | 12
14303607870887 | 44 | 2.43123 | 12
28607215741775 | 45 | 2.43123 | 12
57214431483551 | 46 | 2.43123 | 12
114428862967102 | 47 | 2.43123 | 12
228857725934205 | 48 | 2.43123 | 12
457715451868411 | 49 | 2.43123 | 12
915430903736822 | 50 | 2.43123 | 12
1830861807473645 | 51 | 2.43123 | 12
3661723614947291 | 52 | 2.43123 | 12
7323447229894583 | 53 | 2.43123 | 12
14646894459789166 | 54 | 2.43123 | 12
29293788919578333 | 55 | 2.43123 | 12
58587577839156667 | 56 | 2.43123 | 12
117175155678313335 | 57 | 2.43123 | 12
234350311356626670 | 58 | 1.95142 | 11
468700622713253341 | 59 | 1.95142 | 11
937401245426506682 | 60 | 1.95142 | 11
1874802490853013364 | 61 | 1.95142 | 11
3749604981706026729 | 62 | 1.95142 | 11
7499209963412053459 | 63 | 1.95142 | 11
-3448324146885444697 | 64 | 1.95142 | 11
-6896648293770889394 | 65 | 13.0755 | 7
-6896648293770889393 | 65 | 1.58101e-322 | 4
234350311356626671 | 58 | 4.63978e-310 | 1
6984183531 | 33 | 9.9366 | 39
13968367063 | 34 | 9.9366 | 39
27936734127 | 35 | 9.9366 | 39
55873468254 | 36 | 9.9366 | 39
111746936508 | 37 | 9.9366 | 39
223493873016 | 38 | 9.9366 | 39
446987746032 | 39 | 9.9366 | 39
893975492065 | 40 | 9.9366 | 39
1787950984130 | 41 | 9.9366 | 39
3575901968261 | 42 | 9.9366 | 39
7151803936523 | 43 | 9.9366 | 39
14303607873046 | 44 | 9.9366 | 39
28607215746092 | 45 | 6.40545 | 14
57214431492185 | 46 | 6.40545 | 14
114428862984371 | 47 | 6.40545 | 14
228857725968742 | 48 | 6.40545 | 14
457715451937484 | 49 | 6.40545 | 14
915430903874968 | 50 | 6.40545 | 14
1830861807749936 | 51 | 6.40545 | 14
3661723615499873 | 52 | 6.40545 | 14
7323447230999746 | 53 | 6.40545 | 14
14646894461999493 | 54 | 6.40545 | 14
29293788923998987 | 55 | 6.40545 | 14
58587577847997974 | 56 | 6.40545 | 14
117175155695995948 | 57 | 6.40545 | 14
234350311391991897 | 58 | 6.40545 | 14
468700622783983794 | 59 | 6.40545 | 14
937401245567967589 | 60 | 6.40545 | 14
1874802491135935179 | 61 | 6.40545 | 14
3749604982271870358 | 62 | 6.40545 | 14
7499209964543740716 | 63 | 9.53547e-322 | 10
7499209964543740717 | 63 | 3.95253e-322 | 4
28607215746093 | 45 | 4.41184 | 25
57214431492186 | 46 | 4.41184 | 25
114428862984372 | 47 | 4.41184 | 25
228857725968744 | 48 | 4.41184 | 25
457715451937488 | 49 | 4.41184 | 25
915430903874976 | 50 | 4.41184 | 25
1830861807749952 | 51 | 4.63978e-310 | 4
1830861807749953 | 51 | 1.79887 | 21
3661723615499907 | 52 | 1.79887 | 21
7323447230999814 | 53 | 1.79887 | 21
14646894461999629 | 54 | 1.79887 | 21
29293788923999258 | 55 | 4.63978e-310 | 1
29293788923999259 | 55 | 1.79887 | 20
58587577847998519 | 56 | 1.79887 | 20
117175155695997039 | 57 | 1.79887 | 20
234350311391994078 | 58 | 1.79887 | 20
468700622783988157 | 59 | 1.79887 | 20
937401245567976314 | 60 | 1.79887 | 20
1874802491135952628 | 61 | 1.79887 | 20
3749604982271905256 | 62 | 1.79887 | 20
7499209964543810513 | 63 | 1.79887 | 20
-3448324144621930589 | 64 | 1.79887 | 20
-6896648289243861177 | 65 | 1.79887 | 20
4653447495221829262 | 66 | 1.79887 | 20
-9139849083265893091 | 67 | 1.79887 | 20
167045907177765435 | 68 | 1.79887 | 20
334091814355530870 | 69 | 1.79887 | 20
668183628711061741 | 70 | 1.79887 | 20
1336367257422123482 | 71 | 5.21646 | 2
1336367257422123483 | 71 | 1.79887 | 18
2672734514844246967 | 72 | 1.79887 | 18
5345469029688493935 | 73 | 1.79887 | 18
-7755806014332563746 | 74 | 1.79887 | 18
2935132045044424124 | 75 | 1.79887 | 18
5870264090088848248 | 76 | 1.79887 | 18
-6706215893531855120 | 77 | 0 | 5
-6706215893531855119 | 77 | 1.50658 | 13
5034312286645841378 | 78 | 1.50658 | 13
-8378119500417868860 | 79 | 1.50658 | 13
1690505072873813897 | 80 | 1.50658 | 13
3381010145747627795 | 81 | 1.50658 | 13
6762020291495255591 | 82 | 1.50658 | 13
-4922703490719040433 | 83 | 1.50658 | 13
8601337092271470751 | 84 | 1.50658 | 13
-1244069889166610114 | 85 | 1.50658 | 13
-2488139778333220228 | 86 | 1.50658 | 13
-4976279556666440455 | 87 | 1.50658 | 13
8494184960376670706 | 88 | 1.50658 | 13
-1458374152956210204 | 89 | 1.50658 | 13
-2916748305912420408 | 90 | 0.809247 | 5
-2916748305912420407 | 90 | 3.81383 | 8
1705123 | 21 | 10.6163 | 145
3410246 | 22 | 9.90359 | 133
6820493 | 23 | 9.90359 | 133
13640987 | 24 | 9.90359 | 133
27281974 | 25 | 9.90359 | 133
54563948 | 26 | 3.21143e-322 | 3
54563949 | 26 | 9.90359 | 130
109127898 | 27 | 2.68832 | 37
218255796 | 28 | 2.68832 | 37
436511592 | 29 | 2.68832 | 37
873023184 | 30 | 2.68832 | 37
1746046369 | 31 | 2.68832 | 37
3492092738 | 32 | 2.68832 | 37
6984185477 | 33 | 2.68832 | 37
13968370954 | 34 | 1.63042e-322 | 1
13968370955 | 34 | 2.68832 | 36
27936741911 | 35 | 2.68832 | 36
55873483822 | 36 | 2.68832 | 36
111746967645 | 37 | 2.68832 | 36
223493935291 | 38 | 2.68832 | 36
446987870583 | 39 | 2.68832 | 36
893975741167 | 40 | 2.68832 | 36
1787951482335 | 41 | 2.68832 | 36
3575902964671 | 42 | 2.68832 | 36
7151805929342 | 43 | 7.90259 | 4
7151805929343 | 43 | 2.68832 | 32
14303611858686 | 44 | 4.63978e-310 | 6
14303611858687 | 44 | 1.95028 | 26
28607223717374 | 45 | 1.46364 | 13
57214447434748 | 46 | 1.46364 | 13
114428894869497 | 47 | 1.46364 | 13
228857789738995 | 48 | 1.46364 | 13
457715579477990 | 49 | 1.46364 | 13
915431158955981 | 50 | 1.46364 | 13
1830862317911962 | 51 | 1.46364 | 13
3661724635823925 | 52 | 1.46364 | 13
7323449271647850 | 53 | 1.46364 | 13
14646898543295701 | 54 | 1.46364 | 13
29293797086591402 | 55 | 1.46364 | 13
58587594173182804 | 56 | 0.960829 | 10
58587594173182805 | 56 | 0.961497 | 3
28607223717375 | 45 | 1.54074 | 13
57214447434750 | 46 | 4.63978e-310 | 8
57214447434751 | 46 | 4.63978e-310 | 5
109127899 | 27 | 8.09956 | 93
218255799 | 28 | 8.09956 | 93
436511599 | 29 | 8.09956 | 93
873023199 | 30 | 8.09956 | 93
1746046398 | 31 | 8.09956 | 93
3492092796 | 32 | 8.09956 | 93
6984185593 | 33 | 8.09956 | 93
13968371186 | 34 | 8.09956 | 93
27936742373 | 35 | 8.09956 | 93
55873484747 | 36 | 8.09956 | 93
111746969494 | 37 | 7.31383 | 79
223493938989 | 38 | 7.31383 | 79
446987877979 | 39 | 7.31383 | 79
893975755958 | 40 | 7.31383 | 79
1787951511916 | 41 | 7.31383 | 79
3575903023833 | 42 | 7.31383 | 79
7151806047666 | 43 | 7.31383 | 79
14303612095332 | 44 | 7.31383 | 79
28607224190664 | 45 | 7.31383 | 79
57214448381328 | 46 | 3.43425 | 30
114428896762656 | 47 | 3.43425 | 30
228857793525312 | 48 | 3.43425 | 30
457715587050624 | 49 | 3.43425 | 30
915431174101248 | 50 | 0.175229 | 3
915431174101249 | 50 | 3.43425 | 27
1830862348202499 | 51 | 3.43425 | 27
3661724696404998 | 52 | 3.24053 | 26
7323449392809996 | 53 | 3.24053 | 26
14646898785619992 | 54 | 3.24053 | 26
29293797571239984 | 55 | 3.24053 | 26
58587595142479969 | 56 | 3.24053 | 26
117175190284959939 | 57 | 3.24053 | 26
234350380569919879 | 58 | 3.24053 | 26
468700761139839758 | 59 | 3.24053 | 26
937401522279679516 | 60 | 3.24053 | 26
1874803044559359032 | 61 | 4.63978e-310 | 9
1874803044559359033 | 61 | 1.66349 | 17
3749606089118718066 | 62 | 0.833278 | 2
3749606089118718067 | 62 | 1.66349 | 15
7499212178237436135 | 63 | 1.66349 | 15
-3448319717234679346 | 64 | 2.69384 | 7
-3448319717234679345 | 64 | 2.01796 | 8
3661724696404999 | 52 | 4.63978e-310 | 1
57214448381329 | 46 | 4.13234 | 49
114428896762659 | 47 | 4.13234 | 49
228857793525319 | 48 | 4.13234 | 49
457715587050638 | 49 | 4.13234 | 49
915431174101276 | 50 | 4.13234 | 49
1830862348202552 | 51 | 4.13234 | 49
3661724696405105 | 52 | 4.13234 | 49
7323449392810210 | 53 | 4.13234 | 49
14646898785620421 | 54 | 4.13234 | 49
29293797571240842 | 55 | 2.77883 | 34
58587595142481684 | 56 | 2.77883 | 34
117175190284963369 | 57 | 2.77883 | 34
234350380569926738 | 58 | 11.9372 | 6
234350380569926739 | 58 | 2.55437 | 28
468700761139853479 | 59 | 2.55437 | 28
937401522279706958 | 60 | 2.55437 | 28
1874803044559413917 | 61 | 2.55437 | 28
3749606089118827834 | 62 | 2.55437 | 28
7499212178237655669 | 63 | 2.55437 | 28
-3448319717234240278 | 64 | 2.3779 | 11
-6896639434468480556 | 65 | 1.23032 | 5
-6896639434468480555 | 65 | 1.56436 | 6
-3448319717234240277 | 64 | 1.86644 | 17
-6896639434468480553 | 65 | 1.86644 | 17
4653465204772590511 | 66 | 1.86644 | 17
-9139813664164370593 | 67 | 1.86644 | 17
167116745380810430 | 68 | 0.918528 | 7
167116745380810431 | 68 | 0.136991 | 10
29293797571240843 | 55 | 2.22317 | 15
58587595142481686 | 56 | 4.63978e-310 | 6
58587595142481687 | 56 | 4.63978e-310 | 9
111746969495 | 37 | 2.3002 | 14
223493938990 | 38 | 4.63978e-310 | 3
223493938991 | 38 | 1.32845 | 11
446987877983 | 39 | 1.32845 | 11
893975755967 | 40 | 1.32845 | 11
1787951511934 | 41 | 1.32845 | 11
3575903023868 | 42 | 4.63978e-310 | 10
3575903023869 | 42 | 4.63978e-310 | 1
3410247 | 22 | 1.8803 | 12
6820495 | 23 | 1.8803 | 12
13640991 | 24 | 1.8803 | 12
27281982 | 25 | 1.8803 | 12
54563964 | 26 | 1.8803 | 12
109127929 | 27 | 1.8803 | 12
218255858 | 28 | 1.8803 | 12
436511716 | 29 | 4.63978e-310 | 4
436511717 | 29 | 4.63978e-310 | 8
26643 | 15 | 15.1022 | 40
53287 | 16 | 15.1022 | 40
106574 | 17 | 15.1022 | 38
213148 | 18 | 15.1022 | 38
426296 | 19 | 15.1022 | 38
852593 | 20 | 15.1022 | 38
1705186 | 21 | 15.1022 | 38
3410373 | 22 | 15.1022 | 38
6820747 | 23 | 15.1022 | 38
13641494 | 24 | 15.1022 | 38
27282988 | 25 | 10.06 | 18
54565977 | 26 | 10.06 | 18
109131955 | 27 | 10.06 | 18
218263910 | 28 | 10.06 | 18
436527820 | 29 | 10.06 | 18
873055641 | 30 | 10.06 | 18
1746111283 | 31 | 10.06 | 18
3492222566 | 32 | 10.06 | 18
6984445132 | 33 | 10.06 | 18
13968890264 | 34 | 9.26508 | 14
27937780529 | 35 | 9.26508 | 14
55875561058 | 36 | 9.26508 | 14
111751122116 | 37 | 9.26508 | 14
223502244233 | 38 | 9.26508 | 14
447004488467 | 39 | 9.26508 | 14
894008976934 | 40 | 9.26508 | 14
1788017953869 | 41 | 9.26508 | 14
3576035907739 | 42 | 9.26508 | 14
7152071815478 | 43 | 8.60328 | 13
14304143630956 | 44 | 1.63042e-322 | 2
14304143630957 | 44 | 6.3977 | 11
28608287261915 | 45 | 6.3977 | 11
57216574523831 | 46 | 6.3977 | 11
114433149047662 | 47 | 6.3977 | 11
228866298095324 | 48 | 3.21143e-322 | 10
228866298095325 | 48 | 3.21143e-322 | 1
7152071815479 | 43 | 4.63978e-310 | 1
13968890265 | 34 | 4.63978e-310 | 4
27282989 | 25 | 5.26637 | 20
54565978 | 26 | 5.26637 | 20
109131957 | 27 | 5.26637 | 20
218263914 | 28 | 5.26637 | 20
436527828 | 29 | 5.26637 | 20
873055657 | 30 | 5.26637 | 20
1746111315 | 31 | 5.26637 | 20
3492222630 | 32 | 5.26637 | 20
6984445260 | 33 | 5.26637 | 20
13968890521 | 34 | 5.26637 | 20
27937781042 | 35 | 5.26637 | 20
55875562084 | 36 | 5.26637 | 20
111751124168 | 37 | 5.26637 | 20
223502248336 | 38 | 5.26637 | 20
447004496672 | 39 | 5.26637 | 20
894008993344 | 40 | 5.26637 | 20
1788017986688 | 41 | 5.26637 | 20
3576035973376 | 42 | 5.26637 | 20
7152071946752 | 43 | 5.26637 | 20
14304143893504 | 44 | 3.21143e-322 | 2
14304143893505 | 44 | 5.26637 | 18
28608287787011 | 45 | 5.26637 | 18
57216575574023 | 46 | 5.26637 | 18
114433151148046 | 47 | 5.26637 | 18
228866302296093 | 48 | 5.26637 | 18
457732604592186 | 49 | 1.58101e-322 | 10
457732604592187 | 49 | 1.58101e-322 | 8
106575 | 17 | 4.63978e-310 | 2
833 | 10 | 21.7248 | 196
1666 | 11 | 21.7248 | 196
3332 | 12 | 21.7248 | 196
6664 | 13 | 21.7248 | 196
13328 | 14 | 21.7248 | 196
26656 | 15 | 21.7248 | 196
53312 | 16 | 21.7248 | 196
106624 | 17 | 21.5573 | 122
213248 | 18 | 21.5573 | 122
426496 | 19 | 21.5573 | 122
852993 | 20 | 21.5573 | 122
1705986 | 21 | 3.86639 | 16
3411973 | 22 | 3.86639 | 16
6823947 | 23 | 3.86639 | 16
13647894 | 24 | 3.86639 | 16
27295789 | 25 | 3.86639 | 16
54591578 | 26 | 2.37152e-322 | 8
54591579 | 26 | 2.37152e-322 | 8
1705987 | 21 | 19.0954 | 106
3411974 | 22 | 19.0954 | 106
6823948 | 23 | 19.0954 | 106
13647896 | 24 | 2.77051 | 14
27295792 | 25 | 2.77051 | 14
54591584 | 26 | 2.77051 | 14
109183169 | 27 | 2.77051 | 14
218366339 | 28 | 2.77051 | 14
436732678 | 29 | 3.21143e-322 | 2
436732679 | 29 | 2.08961 | 12
873465359 | 30 | 2.08961 | 12
1746930718 | 31 | 2.08961 | 12
3493861436 | 32 | 2.08961 | 12
6987722873 | 33 | 2.08961 | 12
13975445746 | 34 | 1.58101e-322 | 5
13975445747 | 34 | 1.58101e-322 | 7
13647897 | 24 | 17.3361 | 92
27295794 | 25 | 17.3361 | 92
54591588 | 26 | 17.3361 | 92
109183176 | 27 | 3.65343 | 11
218366352 | 28 | 3.65343 | 11
436732704 | 29 | 3.65343 | 11
873465409 | 30 | 3.65343 | 11
1746930818 | 31 | 3.65343 | 11
3493861637 | 32 | 3.65343 | 11
6987723274 | 33 | 3.65343 | 11
13975446548 | 34 | 3.41032 | 9
13975446549 | 34 | 0.557108 | 2
109183177 | 27 | 14.4345 | 81
218366355 | 28 | 14.4345 | 81
436732711 | 29 | 14.4345 | 81
873465422 | 30 | 14.4345 | 81
1746930845 | 31 | 14.4345 | 81
3493861691 | 32 | 14.4345 | 81
6987723382 | 33 | 14.4345 | 81
13975446765 | 34 | 14.4345 | 81
27950893530 | 35 | 14.4345 | 81
55901787060 | 36 | 9.2951 | 61
111803574121 | 37 | 9.2951 | 61
223607148243 | 38 | 9.2951 | 61
447214296487 | 39 | 9.2951 | 61
894428592974 | 40 | 9.2951 | 61
1788857185949 | 41 | 9.2951 | 61
3577714371898 | 42 | 6.91249 | 31
7155428743796 | 43 | 2.19429 | 11
14310857487592 | 44 | 2.19429 | 11
28621714975185 | 45 | 2.19429 | 11
57243429950371 | 46 | 2.19429 | 11
114486859900742 | 47 | 2.19429 | 11
228973719801484 | 48 | 2.19429 | 11
457947439602968 | 49 | 2.19429 | 11
915894879205936 | 50 | 2.19429 | 11
1831789758411873 | 51 | 2.19429 | 11
3663579516823746 | 52 | 2.19429 | 11
7327159033647493 | 53 | 2.19429 | 11
14654318067294986 | 54 | 5.86269 | 5
14654318067294987 | 54 | 13.262 | 6
7155428743797 | 43 | 3.79424 | 20
14310857487594 | 44 | 3.79424 | 20
28621714975188 | 45 | 2.04133 | 14
57243429950377 | 46 | 2.04133 | 14
114486859900755 | 47 | 2.04133 | 14
228973719801510 | 48 | 2.00247 | 13
457947439603020 | 49 | 0.0538395 | 2
457947439603021 | 49 | 1.23172 | 11
915894879206043 | 50 | 1.23172 | 11
1831789758412086 | 51 | 1.23172 | 11
3663579516824172 | 52 | 1.23172 | 11
7327159033648345 | 53 | 1.23172 | 11
14654318067296691 | 54 | 1.23172 | 11
29308636134593382 | 55 | 1.23172 | 11
58617272269186764 | 56 | 1.23172 | 11
117234544538373529 | 57 | 1.23172 | 11
234469089076747058 | 58 | 1.23172 | 11
468938178153494116 | 59 | 1.23172 | 11
937876356306988233 | 60 | 1.23172 | 11
1875752712613976467 | 61 | 1.23172 | 11
3751505425227952935 | 62 | 1.23172 | 11
7503010850455905870 | 63 | 6.37345e-322 | 3
7503010850455905871 | 63 | 4.63978e-310 | 8
228973719801511 | 48 | 4.63978e-310 | 1
28621714975189 | 45 | 4.63978e-310 | 6
3577714371899 | 42 | 5.66215 | 30
7155428743798 | 43 | 5.66215 | 30
14310857487596 | 44 | 5.66215 | 30
28621714975192 | 45 | 2.24548 | 11
57243429950384 | 46 | 2.24548 | 11
114486859900769 | 47 | 2.24548 | 11
228973719801538 | 48 | 4.63978e-310 | 1
228973719801539 | 48 | 4.63978e-310 | 10
28621714975193 | 45 | 3.67294 | 19
57243429950387 | 46 | 3.67294 | 19
114486859900775 | 47 | 3.67294 | 19
228973719801551 | 48 | 3.67294 | 19
457947439603102 | 49 | 3.67294 | 19
915894879206204 | 50 | 3.67294 | 19
1831789758412409 | 51 | 3.67294 | 19
3663579516824819 | 52 | 3.67294 | 19
7327159033649639 | 53 | 3.67294 | 19
14654318067299279 | 54 | 3.67294 | 19
29308636134598558 | 55 | 3.67294 | 19
58617272269197116 | 56 | 3.67294 | 19
117234544538394232 | 57 | 10.0626 | 8
117234544538394233 | 57 | 2.01749 | 11
234469089076788466 | 58 | 2.01749 | 11
468938178153576932 | 59 | 2.01749 | 11
937876356307153864 | 60 | 2.82437 | 8
937876356307153865 | 60 | 1.20659 | 3
55901787061 | 36 | 5.00501 | 20
111803574122 | 37 | 5.00501 | 20
223607148245 | 38 | 5.00501 | 20
447214296491 | 39 | 5.00501 | 20
894428592982 | 40 | 5.00501 | 20
1788857185965 | 41 | 5.00501 | 20
3577714371931 | 42 | 5.00501 | 20
7155428743863 | 43 | 5.00501 | 20
14310857487726 | 44 | 5.00501 | 20
28621714975452 | 45 | 4.63978e-310 | 8
28621714975453 | 45 | 2.81537 | 12
57243429950906 | 46 | 4.63978e-310 | 4
57243429950907 | 46 | 4.63978e-310 | 8
106625 | 17 | 21.4675 | 74
213250 | 18 | 16.8642 | 61
426501 | 19 | 16.8642 | 61
853002 | 20 | 16.8642 | 61
1706004 | 21 | 7.15026 | 3
1706005 | 21 | 15.9173 | 58
3412011 | 22 | 15.9173 | 58
6824023 | 23 | 15.9173 | 58
13648046 | 24 | 15.9173 | 58
27296092 | 25 | 15.9173 | 58
54592184 | 26 | 15.9173 | 58
109184369 | 27 | 15.9173 | 58
218368738 | 28 | 15.9173 | 58
436737476 | 29 | 15.9173 | 58
873474952 | 30 | 5.6392 | 20
1746949904 | 31 | 5.6392 | 20
3493899808 | 32 | 5.6392 | 20
6987799617 | 33 | 5.6392 | 20
13975599234 | 34 | 2.37152e-322 | 4
13975599235 | 34 | 4.82679 | 16
27951198471 | 35 | 4.82679 | 16
55902396942 | 36 | 4.82679 | 16
111804793884 | 37 | 4.82679 | 16
223609587768 | 38 | 4.82679 | 16
447219175536 | 39 | 3.21143e-322 | 1
447219175537 | 39 | 4.40906 | 15
894438351075 | 40 | 4.40906 | 15
1788876702151 | 41 | 4.40906 | 15
3577753404303 | 42 | 4.40906 | 15
7155506808606 | 43 | 1.58101e-322 | 9
7155506808607 | 43 | 1.58101e-322 | 6
873474953 | 30 | 10.9106 | 38
1746949907 | 31 | 10.9106 | 38
3493899815 | 32 | 10.9106 | 38
6987799631 | 33 | 10.9106 | 38
13975599262 | 34 | 10.9106 | 38
27951198524 | 35 | 10.9106 | 38
55902397048 | 36 | 10.9106 | 38
111804794096 | 37 | 10.9106 | 38
223609588192 | 38 | 10.9106 | 38
447219176385 | 39 | 10.9106 | 38
894438352771 | 40 | 10.9106 | 38
1788876705542 | 41 | 10.9106 | 38
3577753411084 | 42 | 10.9106 | 38
7155506822168 | 43 | 10.9106 | 38
14311013644337 | 44 | 10.9106 | 38
28622027288675 | 45 | 10.9106 | 38
57244054577350 | 46 | 3.21143e-322 | 8
57244054577351 | 46 | 10.9106 | 30
114488109154703 | 47 | 10.9106 | 30
228976218309406 | 48 | 9.39428 | 28
457952436618813 | 49 | 9.39428 | 28
915904873237626 | 50 | 9.39428 | 28
1831809746475252 | 51 | 9.39428 | 28
3663619492950504 | 52 | 9.39428 | 28
7327238985901009 | 53 | 9.39428 | 28
14654477971802018 | 54 | 5.55575 | 24
29308955943604036 | 55 | 5.55575 | 24
58617911887208073 | 56 | 5.55575 | 24
117235823774416146 | 57 | 5.55575 | 24
234471647548832292 | 58 | 5.55575 | 24
468943295097664585 | 59 | 5.55575 | 24
937886590195329171 | 60 | 5.55575 | 24
1875773180390658343 | 61 | 5.55575 | 24
3751546360781316686 | 62 | 5.55575 | 24
7503092721562633372 | 63 | 3.34823 | 16
-3440558630584284872 | 64 | 4.79244e-322 | 9
-3440558630584284871 | 64 | 3.21143e-322 | 7
7503092721562633373 | 63 | 4.79244e-322 | 8
14654477971802019 | 54 | 4.63978e-310 | 4
228976218309407 | 48 | 4.63978e-310 | 2
213251 | 18 | 5.70524 | 13
426502 | 19 | 4.63978e-310 | 3
426503 | 19 | 4.63978e-310 | 10
209 | 8 | 28.8231 | 1068
419 | 9 | 28.8231 | 1068
839 | 10 | 28.8231 | 1068
1679 | 11 | 28.8231 | 1068
3358 | 12 | 28.8231 | 1068
6716 | 13 | 25.5889 | 213
13433 | 14 | 25.5889 | 213
26866 | 15 | 25.5889 | 213
53733 | 16 | 25.5889 | 213
107467 | 17 | 25.5889 | 213
214935 | 18 | 25.5889 | 213
429870 | 19 | 25.5889 | 213
859740 | 20 | 25.5889 | 213
1719480 | 21 | 7.70377 | 25
3438961 | 22 | 7.70377 | 25
6877922 | 23 | 7.70377 | 25
13755845 | 24 | 7.70377 | 25
27511691 | 25 | 7.70377 | 25
55023383 | 26 | 7.70377 | 25
110046766 | 27 | 7.70377 | 25
220093532 | 28 | 7.70377 | 25
440187064 | 29 | 7.70377 | 25
880374129 | 30 | 7.70377 | 25
1760748258 | 31 | 7.70377 | 25
3521496516 | 32 | 7.70377 | 25
7042993033 | 33 | 7.70377 | 25
14085986066 | 34 | 7.70377 | 25
28171972133 | 35 | 7.70377 | 25
56343944267 | 36 | 7.70377 | 25
112687888534 | 37 | 170.882 | 6
112687888535 | 37 | 6.29701 | 19
225375777070 | 38 | 5.45522 | 17
450751554140 | 39 | 5.45522 | 17
901503108280 | 40 | 5.45522 | 17
1803006216560 | 41 | 5.45522 | 17
3606012433120 | 42 | 5.45522 | 17
7212024866240 | 43 | 5.45522 | 17
14424049732481 | 44 | 5.45522 | 17
28848099464963 | 45 | 5.45522 | 17
57696198929927 | 46 | 5.45522 | 17
115392397859854 | 47 | 5.45522 | 17
230784795719709 | 48 | 5.45522 | 17
461569591439418 | 49 | 5.45522 | 17
923139182878837 | 50 | 5.45522 | 17
1846278365757674 | 51 | 5.45522 | 17
3692556731515348 | 52 | 5.45522 | 17
7385113463030696 | 53 | 7.61547 | 3
7385113463030697 | 53 | 4.54951 | 14
14770226926061394 | 54 | 4.54951 | 14
29540453852122789 | 55 | 4.54951 | 14
59080907704245578 | 56 | 3.88081 | 3
59080907704245579 | 56 | 3.47741 | 11
118161815408491159 | 57 | 3.47741 | 11
236323630816982319 | 58 | 3.47741 | 11
472647261633964639 | 59 | 3.47741 | 11
945294523267929278 | 60 | 3.47741 | 11
1890589046535858557 | 61 | 3.47741 | 11
3781178093071717114 | 62 | 3.47741 | 11
7562356186143434228 | 63 | 3.47741 | 11
-3322031701422683160 | 64 | 211.257 | 9
-3322031701422683159 | 64 | 23.0762 | 2
225375777071 | 38 | 4.63978e-310 | 2
1719481 | 21 | 21.5627 | 188
3438962 | 22 | 21.5627 | 188
6877924 | 23 | 21.5627 | 188
13755848 | 24 | 21.5627 | 188
27511697 | 25 | 21.5627 | 188
55023395 | 26 | 21.5627 | 188
110046791 | 27 | 21.5627 | 188
220093582 | 28 | 21.5627 | 188
440187165 | 29 | 21.5627 | 188
880374331 | 30 | 21.5627 | 188
1760748663 | 31 | 21.5627 | 188
3521497327 | 32 | 21.5627 | 188
7042994655 | 33 | 21.5627 | 188
14085989310 | 34 | 21.5627 | 188
28171978620 | 35 | 21.5627 | 188
56343957240 | 36 | 21.5627 | 188
112687914481 | 37 | 21.5627 | 188
225375828962 | 38 | 21.5627 | 188
450751657924 | 39 | 19.8348 | 180
901503315849 | 40 | 19.8348 | 180
1803006631699 | 41 | 19.8348 | 180
3606013263399 | 42 | 19.8348 | 180
7212026526798 | 43 | 19.8348 | 180
14424053053596 | 44 | 19.8348 | 180
28848106107193 | 45 | 19.8348 | 180
57696212214386 | 46 | 19.8348 | 180
115392424428772 | 47 | 19.8348 | 180
230784848857545 | 48 | 19.8348 | 180
461569697715090 | 49 | 19.8348 | 180
923139395430180 | 50 | 15.2215 | 69
1846278790860360 | 51 | 15.2215 | 69
3692557581720721 | 52 | 15.2215 | 69
7385115163441443 | 53 | 15.2215 | 69
14770230326882886 | 54 | 9.44671 | 15
29540460653765773 | 55 | 9.44671 | 15
59080921307531547 | 56 | 9.44671 | 15
118161842615063094 | 57 | 9.44671 | 15
236323685230126189 | 58 | 9.44671 | 15
472647370460252378 | 59 | 9.44671 | 15
945294740920504756 | 60 | 9.44671 | 15
1890589481841009513 | 61 | 9.44671 | 15
3781178963682019027 | 62 | 9.44671 | 15
7562357927364038054 | 63 | 9.44671 | 15
-3322028218981475508 | 64 | 9.44671 | 15
-6644056437962951016 | 65 | 9.44671 | 15
5158631197783649584 | 66 | 9.44671 | 15
-8129481678142252447 | 67 | 9.44671 | 15
2187780717425046723 | 68 | 9.44671 | 15
4375561434850093446 | 69 | 9.44671 | 15
8751122869700186892 | 70 | 9.44671 | 15
-944498334309177832 | 71 | 4.63978e-310 | 9
-944498334309177831 | 71 | 114.975 | 6
14770230326882887 | 54 | 14.3005 | 54
29540460653765775 | 55 | 14.3005 | 54
59080921307531551 | 56 | 14.3005 | 54
118161842615063103 | 57 | 14.3005 | 54
236323685230126206 | 58 | 14.3005 | 54
472647370460252413 | 59 | 14.3005 | 54
945294740920504826 | 60 | 14.3005 | 54
1890589481841009652 | 61 | 14.3005 | 54
3781178963682019304 | 62 | 14.3005 | 54
7562357927364038608 | 63 | 14.3005 | 54
-3322028218981474399 | 64 | 14.3005 | 54
-6644056437962948797 | 65 | 14.3005 | 54
5158631197783654022 | 66 | 14.3005 | 54
-8129481678142243572 | 67 | 23.7253 | 1
-8129481678142243571 | 67 | 8.32476 | 53
2187780717425064474 | 68 | 8.32476 | 53
4375561434850128948 | 69 | 8.32476 | 53
8751122869700257896 | 70 | 9.1918 | 8
8751122869700257897 | 70 | 7.1905 | 45
-944498334309035822 | 71 | 6.06899 | 23
-1888996668618071643 | 72 | 6.06899 | 23
-3777993337236143285 | 73 | 6.06899 | 23
-7555986674472286569 | 74 | 6.06899 | 23
3334770724764978478 | 75 | 6.06899 | 23
6669541449529956956 | 76 | 1.40317 | 6
6669541449529956957 | 76 | 4.34866 | 17
-5107661174649637701 | 77 | 4.34866 | 17
8231421724410276215 | 78 | 4.34866 | 17
-1983900624888999185 | 79 | 4.34866 | 17
-3967801249777998369 | 80 | 4.34866 | 17
-7935602499555996738 | 81 | 4.74484 | 4
-7935602499555996737 | 81 | 2.93461 | 13
2575539074597558142 | 82 | 4.35328 | 7
2575539074597558143 | 82 | 9.03139 | 6
-944498334309035821 | 71 | 6.24122 | 22
-1888996668618071642 | 72 | 6.24122 | 22
-3777993337236143283 | 73 | 6.24122 | 22
-7555986674472286565 | 74 | 6.24122 | 22
3334770724764978487 | 75 | 6.24122 | 22
6669541449529956974 | 76 | 3.79226 | 4
6669541449529956975 | 76 | 5.10785 | 18
-5107661174649637665 | 77 | 5.10785 | 18
8231421724410276286 | 78 | 5.10785 | 18
-1983900624888999044 | 79 | 5.10785 | 18
-3967801249777998087 | 80 | 5.10785 | 18
-7935602499555996174 | 81 | 5.10785 | 18
2575539074597559268 | 82 | 4.82372 | 4
2575539074597559269 | 82 | 3.81547 | 14
5151078149195118538 | 83 | 3.81547 | 14
-8144587775319314540 | 84 | 3.81547 | 14
2157568523070922536 | 85 | 3.81547 | 14
4315137046141845072 | 86 | 3.81547 | 14
8630274092283690145 | 87 | 3.81547 | 14
-1186195889142171326 | 88 | 3.81547 | 14
-2372391778284342652 | 89 | 3.47411 | 12
-4744783556568685304 | 90 | 3.47411 | 12
8957176960572181009 | 91 | 3.47411 | 12
-532390152565189598 | 92 | 3.47411 | 12
-1064780305130379196 | 93 | 3.47411 | 12
-2129560610260758392 | 94 | 41.2517 | 1
-2129560610260758391 | 94 | 2.2299 | 11
-4259121220521516782 | 95 | 39.1546 | 2
-4259121220521516781 | 95 | 54.7306 | 9
-2372391778284342651 | 89 | 4.63978e-310 | 2
923139395430181 | 50 | 18.952 | 111
1846278790860362 | 51 | 8.7578 | 13
3692557581720724 | 52 | 4.63978e-310 | 3
3692557581720725 | 52 | 6.90513e-310 | 10
1846278790860363 | 51 | 14.8013 | 98
3692557581720726 | 52 | 14.8013 | 98
7385115163441452 | 53 | 14.8013 | 98
14770230326882904 | 54 | 13.884 | 75
29540460653765809 | 55 | 13.884 | 75
59080921307531619 | 56 | 13.884 | 75
118161842615063238 | 57 | 6.90513e-310 | 1
118161842615063239 | 57 | 13.884 | 74
236323685230126478 | 58 | 4.63978e-310 | 1
236323685230126479 | 58 | 9.53946 | 73
472647370460252959 | 59 | 9.53946 | 73
945294740920505918 | 60 | 12.0671 | 8
945294740920505919 | 60 | 6.25678 | 65
1890589481841011838 | 61 | 6.25678 | 65
3781178963682023677 | 62 | 6.25678 | 65
7562357927364047354 | 63 | 87.6333 | 10
7562357927364047355 | 63 | 5.30174 | 55
-3322028218981456906 | 64 | 3.33842 | 28
-6644056437962913812 | 65 | 4.63978e-310 | 5
-6644056437962913811 | 65 | 3.33842 | 23
5158631197783723995 | 66 | 3.33842 | 23
-8129481678142103626 | 67 | 3.33842 | 23
2187780717425344365 | 68 | 3.33842 | 23
4375561434850688731 | 69 | 3.33842 | 23
8751122869701377462 | 70 | 3.33842 | 23
-944498334306796692 | 71 | 3.33842 | 22
-1888996668613593384 | 72 | 0.104927 | 3
-1888996668613593383 | 72 | 2.98274 | 19
-3777993337227186765 | 73 | 2.98274 | 19
-7555986674454373529 | 74 | 2.98274 | 19
3334770724800804559 | 75 | 2.98274 | 19
6669541449601609118 | 76 | 1.90149 | 7
6669541449601609119 | 76 | 2.3149 | 12
-5107661174506333378 | 77 | 2.3149 | 12
8231421724696884861 | 78 | 2.3149 | 12
-1983900624315781894 | 79 | 2.3149 | 12
-3967801248631563787 | 80 | 2.3149 | 12
-7935602497263127574 | 81 | 25.0656 | 5
-7935602497263127573 | 81 | 43.4621 | 7
-944498334306796691 | 71 | 4.63978e-310 | 1
-3322028218981456905 | 64 | 2.9726 | 27
-6644056437962913809 | 65 | 2.9726 | 27
5158631197783723998 | 66 | 2.9726 | 27
-8129481678142103619 | 67 | 2.9726 | 27
2187780717425344378 | 68 | 2.9726 | 27
4375561434850688757 | 69 | 2.9726 | 27
8751122869701377515 | 70 | 2.9726 | 27
-944498334306796585 | 71 | 2.9726 | 27
-1888996668613593169 | 72 | 2.9726 | 27
-3777993337227186338 | 73 | 2.9726 | 27
-7555986674454372676 | 74 | 2.36998 | 26
3334770724800806265 | 75 | 2.36998 | 26
6669541449601612530 | 76 | 2.36998 | 26
-5107661174506326555 | 77 | 2.36998 | 26
8231421724696898506 | 78 | 2.36998 | 26
-1983900624315754604 | 79 | 1.00792 | 4
-1983900624315754603 | 79 | 2.09896 | 22
-3967801248631509205 | 80 | 2.09896 | 22
-7935602497263018409 | 81 | 2.09896 | 22
2575539079183514798 | 82 | 0.355012 | 9
2575539079183514799 | 82 | 1.94103 | 13
5151078158367029599 | 83 | 1.94103 | 13
-8144587756975492417 | 84 | 1.94103 | 13
2157568559758566783 | 85 | 1.94103 | 13
4315137119517133566 | 86 | 1.94103 | 13
8630274239034267133 | 87 | 1.94103 | 13
-1186195595641017349 | 88 | 1.94103 | 13
-2372391191282034698 | 89 | 1.94103 | 13
-4744782382564069396 | 90 | 1.94103 | 13
8957179308581412825 | 91 | 1.94103 | 13
-532385456546725965 | 92 | 1.94103 | 13
-1064770913093451930 | 93 | 1.94103 | 13
-2129541826186903860 | 94 | 1.94103 | 13
-4259083652373807720 | 95 | 0 | 7
-4259083652373807719 | 95 | 1.11165e-321 | 6
-7555986674454372675 | 74 | 4.63978e-310 | 1
14770230326882905 | 54 | 9.95477 | 23
29540460653765811 | 55 | 9.95477 | 23
59080921307531622 | 56 | 9.89203 | 15
118161842615063244 | 57 | 9.89203 | 15
236323685230126488 | 58 | 9.89203 | 15
472647370460252976 | 59 | 8.59239 | 12
945294740920505953 | 60 | 8.59239 | 12
1890589481841011907 | 61 | 8.59239 | 12
3781178963682023814 | 62 | 8.59239 | 12
7562357927364047628 | 63 | 8.59239 | 12
-3322028218981456360 | 64 | 8.59239 | 12
-6644056437962912720 | 65 | 8.59239 | 12
5158631197783726176 | 66 | 8.59239 | 11
-8129481678142099264 | 67 | 8.59239 | 11
2187780717425353088 | 68 | 4.63978e-310 | 8
2187780717425353089 | 68 | 4.63978e-310 | 3
5158631197783726177 | 66 | 4.63978e-310 | 1
472647370460252977 | 59 | 4.63978e-310 | 3
59080921307531623 | 56 | 4.63978e-310 | 8
450751657925 | 39 | 4.63978e-310 | 8
6717 | 13 | 26.0684 | 855
13435 | 14 | 26.0684 | 855
26870 | 15 | 26.0684 | 855
53740 | 16 | 26.0684 | 855
107480 | 17 | 26.0684 | 853
214961 | 18 | 26.0684 | 853
429923 | 19 | 26.0684 | 853
859846 | 20 | 26.0684 | 853
1719693 | 21 | 26.0684 | 853
3439386 | 22 | 26.0684 | 853
6878773 | 23 | 26.0684 | 853
13757547 | 24 | 26.0684 | 853
27515094 | 25 | 26.0684 | 784
55030189 | 26 | 26.0684 | 784
110060379 | 27 | 26.0684 | 784
220120759 | 28 | 26.0684 | 784
440241518 | 29 | 26.0684 | 784
880483036 | 30 | 24.1992 | 728
1760966072 | 31 | 20.2552 | 109
3521932145 | 32 | 20.2552 | 109
7043864290 | 33 | 5.84628 | 19
14087728581 | 34 | 5.84628 | 19
28175457162 | 35 | 5.84628 | 19
56350914325 | 36 | 5.84628 | 19
112701828650 | 37 | 30.3487 | 8
112701828651 | 37 | 5.39762 | 11
225403657302 | 38 | 5.39762 | 11
450807314605 | 39 | 5.39762 | 11
901614629211 | 40 | 5.39762 | 11
1803229258422 | 41 | 5.39762 | 11
3606458516844 | 42 | 5.39762 | 11
7212917033689 | 43 | 5.39762 | 11
14425834067379 | 44 | 5.39762 | 11
28851668134758 | 45 | 5.39762 | 11
57703336269517 | 46 | 5.39762 | 11
115406672539035 | 47 | 5.39762 | 11
230813345078071 | 48 | 5.39762 | 11
461626690156143 | 49 | 5.39762 | 11
923253380312287 | 50 | 5.39762 | 11
1846506760624574 | 51 | 5.39762 | 11
3693013521249149 | 52 | 5.39762 | 11
7386027042498298 | 53 | 5.39762 | 11
14772054084996596 | 54 | 5.39762 | 11
29544108169993192 | 55 | 0.87983 | 6
29544108169993193 | 55 | 6.074 | 5
7043864291 | 33 | 14.5205 | 90
14087728583 | 34 | 14.5205 | 90
28175457167 | 35 | 14.5205 | 90
56350914334 | 36 | 14.5205 | 90
112701828668 | 37 | 14.5205 | 90
225403657337 | 38 | 14.5205 | 90
450807314675 | 39 | 14.5205 | 90
901614629351 | 40 | 14.5205 | 90
1803229258703 | 41 | 14.5205 | 90
3606458517406 | 42 | 161.96 | 5
3606458517407 | 42 | 7.29823 | 85
7212917034814 | 43 | 7.29823 | 85
14425834069629 | 44 | 7.29823 | 85
28851668139258 | 45 | 7.29823 | 85
57703336278517 | 46 | 7.29823 | 85
115406672557034 | 47 | 7.29823 | 85
230813345114068 | 48 | 7.29823 | 85
461626690228137 | 49 | 7.29823 | 85
923253380456274 | 50 | 6.46149 | 83
1846506760912549 | 51 | 6.46149 | 83
3693013521825099 | 52 | 6.46149 | 83
7386027043650198 | 53 | 6.46149 | 83
14772054087300397 | 54 | 6.46149 | 83
29544108174600795 | 55 | 6.46149 | 83
59088216349201590 | 56 | 6.46149 | 83
118176432698403181 | 57 | 6.46149 | 83
236352865396806362 | 58 | 6.46149 | 83
472705730793612725 | 59 | 6.46149 | 83
945411461587225451 | 60 | 6.46149 | 83
1890822923174450903 | 61 | 6.46149 | 83
3781645846348901806 | 62 | 6.46149 | 83
7563291692697803613 | 63 | 6.46149 | 83
-3320160688313944390 | 64 | 6.46149 | 83
-6640321376627888780 | 65 | 3.1424 | 20
5166101320453774057 | 66 | 3.1424 | 20
-8114541432802003501 | 67 | 3.1424 | 20
2217661208105544615 | 68 | 3.1424 | 20
4435322416211089230 | 69 | 0.866784 | 7
4435322416211089231 | 69 | 1.89994 | 13
8870644832422178462 | 70 | 1.5306 | 1
8870644832422178463 | 70 | 1.63875 | 12
-705454408865194689 | 71 | 1.63875 | 12
-1410908817730389378 | 72 | 1.63875 | 12
-2821817635460778756 | 73 | 1.63875 | 12
-5643635270921557512 | 74 | 1.63875 | 12
7159473531866436593 | 75 | 1.63875 | 12
-4127797009976678430 | 76 | 7.42122 | 8
-4127797009976678429 | 76 | 15.3561 | 4
-6640321376627888779 | 65 | 5.40137 | 63
5166101320453774058 | 66 | 5.40137 | 63
-8114541432802003499 | 67 | 5.40137 | 63
2217661208105544619 | 68 | 5.40137 | 63
4435322416211089239 | 69 | 5.40137 | 63
8870644832422178478 | 70 | 5.40137 | 63
-705454408865194660 | 71 | 5.40137 | 63
-1410908817730389320 | 72 | 5.40137 | 63
-2821817635460778640 | 73 | 6.90513e-310 | 6
-2821817635460778639 | 73 | 5.2453 | 57
-5643635270921557278 | 74 | 5.2453 | 57
7159473531866437060 | 75 | 5.2453 | 57
-4127797009976677495 | 76 | 5.2453 | 57
-8255594019953354989 | 77 | 5.2453 | 57
1935556033802841638 | 78 | 5.2453 | 57
3871112067605683276 | 79 | 2.88593 | 5
3871112067605683277 | 79 | 5.04697 | 52
7742224135211366554 | 80 | 4.38967 | 47
-2962295803286818508 | 81 | 4.38967 | 47
-5924591606573637015 | 82 | 4.38967 | 47
6597560860562277586 | 83 | 4.38967 | 47
-5251622352584996443 | 84 | 4.38967 | 47
7943499368539558730 | 85 | 4.38967 | 47
-2559745336630434155 | 86 | 4.38967 | 47
-5119490673260868310 | 87 | 4.38967 | 29
8207762727187814996 | 88 | 4.38967 | 29
-2031218619333921624 | 89 | 4.38967 | 29
-4062437238667843248 | 90 | 4.38967 | 29
-8124874477335686495 | 91 | 4.38967 | 29
2196995119038178626 | 92 | 4.38967 | 29
4393990238076357252 | 93 | 4.38967 | 29
8787980476152714505 | 94 | 4.38967 | 29
-870783121404122606 | 95 | 4.38967 | 29
-1741566242808245211 | 96 | 4.38967 | 29
-3483132485616490421 | 97 | 4.38967 | 29
-6966264971232980842 | 98 | 4.38967 | 29
4514214131243589933 | 99 | 4.38967 | 29
9028428262487179866 | 100 | 4.38967 | 23
-389887548735191884 | 101 | 2.57715 | 12
-779775097470383767 | 102 | 2.57715 | 12
-1559550194940767533 | 103 | 2.57715 | 12
-3119100389881535066 | 104 | 2.57715 | 12
-6238200779763070131 | 105 | 2.57715 | 12
5970342514183411355 | 106 | 2.57715 | 12
-6506059045342728906 | 107 | 99.207 | 2
-6506059045342728905 | 107 | 238.768 | 10
-389887548735191883 | 101 | 2.06655 | 11
-779775097470383765 | 102 | 2.06655 | 11
-1559550194940767530 | 103 | 2.06655 | 11
-3119100389881535060 | 104 | 2.06655 | 11
-6238200779763070120 | 105 | 2.06655 | 11
5970342514183411377 | 106 | 2.06655 | 11
-6506059045342728861 | 107 | 2.06655 | 11
5434625983024093894 | 108 | 2.06655 | 11
-7577492107661363828 | 109 | 2.06655 | 11
3291759858386823960 | 110 | 2.06655 | 11
6583519716773647921 | 111 | 2.06655 | 11
-5279704640162255773 | 112 | 2.06655 | 11
7887334793385040070 | 113 | 2.06655 | 11
-2672074486939471476 | 114 | 2.06655 | 11
-5344148973878942952 | 115 | 2.06655 | 11
7758446125951665713 | 116 | 2.06655 | 11
-2929851821806220190 | 117 | 195.044 | 7
-2929851821806220189 | 117 | 206.308 | 4
9028428262487179867 | 100 | 4.63978e-310 | 6
-5119490673260868309 | 87 | 4.12358 | 18
8207762727187814998 | 88 | 4.12358 | 18
-2031218619333921620 | 89 | 4.63978e-310 | 6
-2031218619333921619 | 89 | 1.93386 | 12
-4062437238667843237 | 90 | 1.93386 | 12
-8124874477335686474 | 91 | 1.93386 | 12
2196995119038178668 | 92 | 1.93386 | 12
4393990238076357337 | 93 | 1.93386 | 12
8787980476152714675 | 94 | 1.93386 | 12
-870783121404122265 | 95 | 1.93386 | 12
-1741566242808244530 | 96 | 1.93386 | 12
-3483132485616489059 | 97 | 1.93386 | 12
-6966264971232978117 | 98 | 1.93386 | 12
4514214131243595382 | 99 | 1.93386 | 12
9028428262487190765 | 100 | 1.93386 | 12
-389887548735170086 | 101 | 4.90785 | 3
-389887548735170085 | 101 | 4.63978e-310 | 9
7742224135211366555 | 80 | 4.63978e-310 | 5
923253380456275 | 50 | 4.63978e-310 | 2
1760966073 | 31 | 23.1543 | 619
3521932146 | 32 | 23.1543 | 619
7043864292 | 33 | 23.1543 | 619
14087728585 | 34 | 23.1543 | 619
28175457170 | 35 | 23.1543 | 619
56350914340 | 36 | 23.1543 | 619
112701828681 | 37 | 23.1543 | 619
225403657362 | 38 | 23.1543 | 619
450807314724 | 39 | 13.9533 | 226
901614629448 | 40 | 13.9533 | 226
1803229258896 | 41 | 13.9533 | 226
3606458517792 | 42 | 10.5482 | 128
7212917035585 | 43 | 10.5482 | 128
14425834071170 | 44 | 10.5482 | 128
28851668142341 | 45 | 10.5482 | 128
57703336284683 | 46 | 10.5482 | 128
115406672569366 | 47 | 10.5482 | 128
230813345138732 | 48 | 10.5482 | 128
461626690277464 | 49 | 10.5482 | 128
923253380554929 | 50 | 10.5482 | 128
1846506761109859 | 51 | 10.5482 | 128
3693013522219719 | 52 | 10.5482 | 128
7386027044439439 | 53 | 10.5482 | 128
14772054088878879 | 54 | 10.5482 | 128
29544108177757758 | 55 | 7.00926 | 45
59088216355515517 | 56 | 7.00926 | 45
118176432711031034 | 57 | 7.00926 | 45
236352865422062068 | 58 | 7.00926 | 45
472705730844124136 | 59 | 7.00926 | 45
945411461688248273 | 60 | 7.00926 | 45
1890822923376496547 | 61 | 7.00926 | 45
3781645846752993095 | 62 | 7.00926 | 45
7563291693505986191 | 63 | 7.00926 | 45
-3320160686697579234 | 64 | 7.00926 | 45
-6640321373395158467 | 65 | 7.00926 | 45
5166101326919234682 | 66 | 7.00926 | 45
-8114541419871082252 | 67 | 7.00926 | 45
2217661233967387112 | 68 | 3.86004 | 15
4435322467934774225 | 69 | 3.86004 | 15
8870644935869548451 | 70 | 3.86004 | 15
-705454201970454714 | 71 | 17.8085 | 1
-705454201970454713 | 71 | 3.64967 | 14
-1410908403940909425 | 72 | 3.64967 | 14
-2821816807881818850 | 73 | 3.64213 | 12
-5643633615763637700 | 74 | 1.81816e-321 | 9
-5643633615763637699 | 74 | 16.6988 | 3
-2821816807881818849 | 73 | 4.63978e-310 | 2
2217661233967387113 | 68 | 4.57505 | 30
4435322467934774226 | 69 | 4.57505 | 30
8870644935869548452 | 70 | 4.57505 | 30
-705454201970454712 | 71 | 4.57505 | 30
-1410908403940909424 | 72 | 4.57505 | 30
-2821816807881818848 | 73 | 4.57505 | 30
-5643633615763637695 | 74 | 4.57505 | 30
7159476842182276226 | 75 | 4.57505 | 30
-4127790389344999164 | 76 | 4.57505 | 30
-8255580778689998328 | 77 | 4.57505 | 29
1935582516329554960 | 78 | 4.57505 | 29
3871165032659109921 | 79 | 4.57505 | 29
7742330065318219843 | 80 | 4.57505 | 29
-2962083943073111929 | 81 | 4.57505 | 29
-5924167886146223857 | 82 | 4.57505 | 29
6598408301417103902 | 83 | 4.57505 | 29
-5249927470875343812 | 84 | 4.57505 | 29
7946889131958863992 | 85 | 19.0536 | 7
7946889131958863993 | 85 | 3.49516 | 22
-2552965809791823630 | 86 | 3.49516 | 22
-5105931619583647260 | 87 | 3.49516 | 22
8234880834542257096 | 88 | 3.49516 | 22
-1976982404625037424 | 89 | 3.49516 | 22
-3953964809250074847 | 90 | 3.49516 | 22
-7907929618500149694 | 91 | 10.4036 | 4
-7907929618500149693 | 91 | 2.62211 | 18
2630884836709252230 | 92 | 0.858677 | 10
2630884836709252231 | 92 | 3.17196 | 8
-8255580778689998327 | 77 | 4.63978e-310 | 1
29544108177757759 | 55 | 7.25671 | 83
59088216355515518 | 56 | 6.23385 | 70
118176432711031036 | 57 | 6.23385 | 70
236352865422062072 | 58 | 6.23385 | 69
472705730844124145 | 59 | 6.23385 | 69
945411461688248290 | 60 | 6.23385 | 69
1890822923376496581 | 61 | 6.23385 | 69
3781645846752993162 | 62 | 5.6604 | 46
7563291693505986324 | 63 | 5.6604 | 46
-3320160686697578967 | 64 | 5.6604 | 46
-6640321373395157933 | 65 | 5.6604 | 46
5166101326919235751 | 66 | 5.6604 | 46
-8114541419871080114 | 67 | 5.6604 | 46
2217661233967391388 | 68 | 4.4231 | 12
4435322467934782777 | 69 | 4.4231 | 12
8870644935869565554 | 70 | 4.4231 | 12
-705454201970420508 | 71 | 4.4231 | 12
-1410908403940841016 | 72 | 4.4231 | 12
-2821816807881682032 | 73 | 4.4231 | 12
-5643633615763364064 | 74 | 4.4231 | 12
7159476842182823489 | 75 | 4.4231 | 12
-4127790389343904638 | 76 | 4.4231 | 12
-8255580778687809276 | 77 | 4.4231 | 12
1935582516333933064 | 78 | 4.4231 | 12
3871165032667866129 | 79 | 4.4231 | 12
7742330065335732258 | 80 | 4.4231 | 12
-2962083943038087100 | 81 | 4.4231 | 12
-5924167886076174200 | 82 | 4.4231 | 12
6598408301557203216 | 83 | 4.4231 | 12
-5249927470595145183 | 84 | 4.4231 | 12
7946889132519261251 | 85 | 4.4231 | 12
-2552965808671029113 | 86 | 4.4231 | 12
-5105931617342058226 | 87 | 0.686952 | 10
-5105931617342058225 | 87 | 12.8112 | 2
2217661233967391389 | 68 | 5.05096 | 34
4435322467934782779 | 69 | 5.05096 | 34
8870644935869565558 | 70 | 5.05096 | 34
-705454201970420500 | 71 | 5.05096 | 34
-1410908403940841000 | 72 | 5.05096 | 34
-2821816807881682000 | 73 | 5.05096 | 34
-5643633615763363999 | 74 | 5.05096 | 34
7159476842182823618 | 75 | 4.92866 | 33
-4127790389343904380 | 76 | 4.92866 | 33
-8255580778687808759 | 77 | 4.92866 | 33
1935582516333934098 | 78 | 4.92866 | 33
3871165032667868196 | 79 | 4.92866 | 33
7742330065335736392 | 80 | 4.92866 | 33
-2962083943038078832 | 81 | 4.92866 | 33
-5924167886076157664 | 82 | 3.68771 | 22
6598408301557236288 | 83 | 3.68771 | 22
-5249927470595079040 | 84 | 3.68771 | 22
7946889132519393536 | 85 | 6.86088 | 6
7946889132519393537 | 85 | 3.5978 | 16
-2552965808670764542 | 86 | 2.7117 | 13
-5105931617341529084 | 87 | 2.7117 | 13
8234880839026493449 | 88 | 2.7117 | 13
-1976982395656564718 | 89 | 1.65854 | 1
-1976982395656564717 | 89 | 2.03426 | 12
-3953964791313129434 | 90 | 2.03426 | 12
-7907929582626258868 | 91 | 2.03426 | 12
2630884908457033881 | 92 | 2.03426 | 12
5261769816914067762 | 93 | 2.03426 | 12
-7923204439881416092 | 94 | 2.03426 | 12
2600335193946719432 | 95 | 2.03426 | 12
5200670387893438864 | 96 | 2.03426 | 12
-8045403297922673888 | 97 | 2.03426 | 12
2355937477864203840 | 98 | 2.03426 | 12
4711874955728407681 | 99 | 2.03426 | 12
-9022994162252736254 | 100 | 2.03426 | 12
400755749204079108 | 101 | 2.03426 | 12
801511498408158216 | 102 | 2.03426 | 12
1603022996816316432 | 103 | 2.03426 | 12
3206045993632632864 | 104 | 13.0003 | 3
3206045993632632865 | 104 | 4.63978e-310 | 9
-2552965808670764541 | 86 | 4.63978e-310 | 3
-5924167886076157663 | 82 | 3.31802 | 11
6598408301557236290 | 83 | 3.31802 | 11
-5249927470595079036 | 84 | 3.31802 | 11
7946889132519393545 | 85 | 3.31802 | 11
-2552965808670764525 | 86 | 3.31802 | 11
-5105931617341529049 | 87 | 3.31802 | 11
8234880839026493519 | 88 | 3.31802 | 11
-1976982395656564578 | 89 | 3.31802 | 11
-3953964791313129155 | 90 | 3.31802 | 11
-7907929582626258310 | 91 | 3.31802 | 11
2630884908457034996 | 92 | 4.63978e-310 | 2
2630884908457034997 | 92 | 8.21903 | 9
7159476842182823619 | 75 | 4.63978e-310 | 1
3781645846752993163 | 62 | 4.36108 | 23
7563291693505986326 | 63 | 4.36108 | 23
-3320160686697578964 | 64 | 4.36108 | 23
-6640321373395157928 | 65 | 4.36108 | 23
5166101326919235761 | 66 | 4.36108 | 23
-8114541419871080094 | 67 | 4.63978e-310 | 2
-8114541419871080093 | 67 | 3.86192 | 21
2217661233967391431 | 68 | 3.86192 | 21
4435322467934782863 | 69 | 3.86192 | 21
8870644935869565727 | 70 | 3.86192 | 21
-705454201970420161 | 71 | 3.86192 | 21
-1410908403940840322 | 72 | 3.86192 | 21
-2821816807881680644 | 73 | 3.86192 | 21
-5643633615763361288 | 74 | 3.86192 | 21
7159476842182829040 | 75 | 4.63978e-310 | 1
7159476842182829041 | 75 | 3.63099 | 20
-4127790389343893534 | 76 | 3.63099 | 20
-8255580778687787068 | 77 | 3.63099 | 20
1935582516333977480 | 78 | 3.63099 | 20
3871165032667954960 | 79 | 3.63099 | 20
7742330065335909921 | 80 | 3.63099 | 20
-2962083943037731774 | 81 | 4.63978e-310 | 5
-2962083943037731773 | 81 | 2.29658 | 15
-5924167886075463546 | 82 | 2.29658 | 15
6598408301558624524 | 83 | 2.29658 | 15
-5249927470592302567 | 84 | 2.29658 | 15
7946889132524946483 | 85 | 2.29658 | 15
-2552965808659658650 | 86 | 2.29658 | 15
-5105931617319317300 | 87 | 0.64098 | 5
-5105931617319317299 | 87 | 3.08288 | 10
236352865422062073 | 58 | 4.63978e-310 | 1
59088216355515519 | 56 | 4.95854 | 13
118176432711031038 | 57 | 4.63978e-310 | 3
118176432711031039 | 57 | 4.63978e-310 | 10
3606458517793 | 42 | 10.746 | 98
7212917035587 | 43 | 10.746 | 98
14425834071175 | 44 | 10.746 | 98
28851668142350 | 45 | 9.66478 | 45
57703336284700 | 46 | 9.66478 | 45
115406672569400 | 47 | 9.66478 | 45
230813345138801 | 48 | 9.66478 | 45
461626690277602 | 49 | 9.66478 | 45
923253380555204 | 50 | 9.66478 | 44
1846506761110408 | 51 | 9.66478 | 44
3693013522220816 | 52 | 9.66478 | 44
7386027044441632 | 53 | 9.66478 | 44
14772054088883264 | 54 | 9.66478 | 44
29544108177766529 | 55 | 9.66478 | 44
59088216355533058 | 56 | 9.66478 | 44
118176432711066117 | 57 | 9.66478 | 44
236352865422132234 | 58 | 9.66478 | 44
472705730844264468 | 59 | 9.66478 | 44
945411461688528936 | 60 | 9.66478 | 44
1890822923377057872 | 61 | 9.66478 | 44
3781645846754115744 | 62 | 9.66478 | 44
7563291693508231489 | 63 | 9.66478 | 44
-3320160686693088637 | 64 | 9.66478 | 44
-6640321373386177274 | 65 | 9.66478 | 44
5166101326937197068 | 66 | 9.66478 | 44
-8114541419835157480 | 67 | 9.66478 | 44
2217661234039236656 | 68 | 9.55572 | 39
4435322468078473313 | 69 | 9.55572 | 39
8870644936156946627 | 70 | 9.55572 | 39
-705454201395658362 | 71 | 9.55572 | 32
-1410908402791316724 | 72 | 9.55572 | 32
-2821816805582633448 | 73 | 9.55572 | 32
-5643633611165266896 | 74 | 9.55572 | 32
7159476851379017824 | 75 | 9.55572 | 32
-4127790370951515967 | 76 | 9.55572 | 32
-8255580741903031933 | 77 | 9.55572 | 32
1935582589903487750 | 78 | 9.55572 | 32
3871165179806975500 | 79 | 1.47403 | 1
3871165179806975501 | 79 | 9.55572 | 31
7742330359613951002 | 80 | 9.55572 | 31
-2962083354481649611 | 81 | 9.55572 | 31
-5924166708963299222 | 82 | 9.55572 | 31
6598410655782953172 | 83 | 9.55572 | 31
-5249922762143645272 | 84 | 9.55572 | 31
7946898549422261072 | 85 | 10.7844 | 8
7946898549422261073 | 85 | 4.75131 | 23
-2552946974865029470 | 86 | 4.75131 | 23
-5105893949730058940 | 87 | 4.75131 | 23
8234956174249433736 | 88 | 4.75131 | 23
-1976831725210684144 | 89 | 13.1957 | 9
-1976831725210684143 | 89 | 1.92488 | 14
-3953663450421368286 | 90 | 1.92488 | 14
-7907326900842736572 | 91 | 1.92488 | 14
2632090272024078472 | 92 | 1.92488 | 14
5264180544048156945 | 93 | 1.92488 | 14
-7918382985613237725 | 94 | 1.92488 | 14
2609978102483076167 | 95 | 1.92488 | 14
5219956204966152335 | 96 | 1.92488 | 14
-8006831663777246945 | 97 | 1.92488 | 14
2433080746155057727 | 98 | 1.92488 | 14
4866161492310115454 | 99 | 1.92488 | 14
-8714421089089320707 | 100 | 1.92488 | 14
1017901895530910203 | 101 | 1.92488 | 14
2035803791061820407 | 102 | 1.92488 | 14
4071607582123640814 | 103 | 1.92488 | 14
8143215164247281628 | 104 | 1.92488 | 14
-2160313745214988360 | 105 | 1.92488 | 14
-4320627490429976720 | 106 | 1.92488 | 14
-8641254980859953440 | 107 | 1.92488 | 14
1164234111989644736 | 108 | 1.92488 | 14
2328468223979289472 | 109 | 4.63978e-310 | 10
2328468223979289473 | 109 | 1.58101e-322 | 4
-705454201395658361 | 71 | 4.63978e-310 | 7
2217661234039236657 | 68 | 4.63978e-310 | 5
923253380555205 | 50 | 4.63978e-310 | 1
28851668142351 | 45 | 10.1801 | 53
57703336284703 | 46 | 10.1801 | 53
115406672569406 | 47 | 10.1801 | 53
230813345138812 | 48 | 10.1801 | 53
461626690277624 | 49 | 10.1801 | 53
923253380555249 | 50 | 10.1801 | 53
1846506761110498 | 51 | 10.1801 | 53
3693013522220996 | 52 | 5.84447 | 17
7386027044441992 | 53 | 5.84447 | 17
14772054088883984 | 54 | 5.84447 | 17
29544108177767969 | 55 | 5.84447 | 17
59088216355535939 | 56 | 5.84447 | 17
118176432711071879 | 57 | 5.84447 | 17
236352865422143759 | 58 | 5.84447 | 17
472705730844287519 | 59 | 5.84447 | 17
945411461688575038 | 60 | 5.84447 | 17
1890822923377150077 | 61 | 5.84447 | 17
3781645846754300154 | 62 | 5.30252 | 4
3781645846754300155 | 62 | 5.47878 | 13
7563291693508600310 | 63 | 5.47878 | 13
-3320160686692350996 | 64 | 2.75636 | 1
-3320160686692350995 | 64 | 5.47878 | 12
-6640321373384701990 | 65 | 6.70867 | 4
-6640321373384701989 | 65 | 9.84942 | 8
3693013522220997 | 52 | 6.78946 | 36
7386027044441994 | 53 | 6.78946 | 36
14772054088883988 | 54 | 6.78946 | 36
29544108177767976 | 55 | 6.78946 | 36
59088216355535953 | 56 | 6.78946 | 36
118176432711071906 | 57 | 6.78946 | 36
236352865422143813 | 58 | 6.78946 | 36
472705730844287627 | 59 | 6.78946 | 36
945411461688575254 | 60 | 6.78946 | 36
1890822923377150509 | 61 | 6.78946 | 36
3781645846754301018 | 62 | 6.78946 | 36
7563291693508602037 | 63 | 6.78946 | 36
-3320160686692347541 | 64 | 6.78946 | 36
-6640321373384695082 | 65 | 5.72925 | 35
5166101326940161452 | 66 | 5.72925 | 35
-8114541419829228711 | 67 | 5.72925 | 35
2217661234051094194 | 68 | 5.72925 | 35
4435322468102188388 | 69 | 3.21143e-322 | 3
4435322468102188389 | 69 | 5.72925 | 32
8870644936204376778 | 70 | 5.72925 | 32
-705454201300798060 | 71 | 5.72925 | 32
-1410908402601596119 | 72 | 5.72925 | 32
-2821816805203192238 | 73 | 5.72925 | 32
-5643633610406384476 | 74 | 5.72925 | 32
7159476852896782665 | 75 | 5.72925 | 32
-4127790367915986285 | 76 | 5.72925 | 32
-8255580735831972569 | 77 | 5.72925 | 32
1935582602045606479 | 78 | 5.72925 | 32
3871165204091212959 | 79 | 5.72925 | 32
7742330408182425918 | 80 | 0.306965 | 7
7742330408182425919 | 80 | 4.81812 | 25
-2962083257344699777 | 81 | 4.81812 | 25
-5924166514689399554 | 82 | 4.81812 | 25
6598411044330752508 | 83 | 4.81812 | 25
-5249921985048046600 | 84 | 4.81812 | 25
7946900103613458416 | 85 | 4.81812 | 25
-2552943866482634784 | 86 | 6.90513e-310 | 1
-2552943866482634783 | 86 | 4.57855 | 24
-5105887732965269566 | 87 | 4.57855 | 24
8234968607779012485 | 88 | 4.57855 | 24
-1976806858151526646 | 89 | 4.57855 | 24
-3953613716303053292 | 90 | 4.57855 | 24
-7907227432606106584 | 91 | 4.57855 | 24
2632289208497338448 | 92 | 4.57855 | 24
5264578416994676896 | 93 | 4.57855 | 24
-7917587239720197824 | 94 | 4.57855 | 24
2611569594269155969 | 95 | 4.57855 | 24
5223139188538311938 | 96 | 4.57855 | 24
-8000465696632927740 | 97 | 4.57855 | 24
2445812680443696136 | 98 | 10.8887 | 2
2445812680443696137 | 98 | 3.03898 | 22
4891625360887392275 | 99 | 3.03898 | 22
-8663493351934767065 | 100 | 3.03898 | 22
1119757369840017486 | 101 | 3.03898 | 22
2239514739680034973 | 102 | 3.03898 | 22
4479029479360069947 | 103 | 3.03898 | 22
8958058958720139894 | 104 | 3.03898 | 22
-530626156269271828 | 105 | 3.03898 | 22
-1061252312538543656 | 106 | 3.03898 | 22
-2122504625077087312 | 107 | 3.03898 | 22
-4245009250154174624 | 108 | 3.03898 | 22
-8490018500308349248 | 109 | 3.03898 | 22
1466707073092853120 | 110 | 6.81503 | 2
1466707073092853121 | 110 | 2.78945 | 20
2933414146185706243 | 111 | 2.78945 | 20
5866828292371412486 | 112 | 2.78945 | 20
-6713087488966726643 | 113 | 2.78945 | 20
5020569095776098331 | 114 | 2.78945 | 20
-8405605882157354954 | 115 | 2.78945 | 20
1635532309394841708 | 116 | 2.78945 | 20
3271064618789683417 | 117 | 2.78945 | 20
6542129237579366834 | 118 | 2.78945 | 20
-5362485598550817947 | 119 | 2.78945 | 20
7721772876607915722 | 120 | 2.78945 | 20
-3003198320493720172 | 121 | 2.78945 | 20
-6006396640987440344 | 122 | 2.78945 | 20
6433950791734670928 | 123 | 2.78945 | 20
-5578842490240209760 | 124 | 2.78945 | 20
7289059093229132096 | 125 | 2.78945 | 20
-3868625887251287424 | 126 | 2.78945 | 20
-7737251774502574847 | 127 | 2.78945 | 20
2972240524704401922 | 128 | 2.78945 | 20
5944481049408803845 | 129 | 2.78945 | 20
-6557781974891943926 | 130 | 2.78945 | 20
5331180123925663765 | 131 | 2.78945 | 20
-7784383825858224085 | 132 | 2.78945 | 20
2877976421993103446 | 133 | 2.78945 | 20
5755952843986206893 | 134 | 2.78945 | 20
-6934838385737137829 | 135 | 2.78945 | 20
4577067302235275958 | 136 | 2.78945 | 20
9154134604470551917 | 137 | 2.78945 | 20
-138474864768447781 | 138 | 2.78945 | 20
-276949729536895562 | 139 | 2.78945 | 20
-553899459073791124 | 140 | 2.78945 | 20
-1107798918147582248 | 141 | 2.0356 | 11
-2215597836295164496 | 142 | 2.0356 | 11
-4431195672590328992 | 143 | 0.207071 | 10
-4431195672590328991 | 143 | 3.01681 | 1
-1107798918147582247 | 141 | 4.63978e-310 | 9
-6640321373384695081 | 65 | 4.63978e-310 | 1
450807314725 | 39 | 15.6474 | 393
901614629450 | 40 | 15.6474 | 393
1803229258900 | 41 | 15.6474 | 393
3606458517800 | 42 | 9.63873 | 28
7212917035600 | 43 | 9.63873 | 15
14425834071201 | 44 | 9.63873 | 15
28851668142403 | 45 | 9.63873 | 15
57703336284806 | 46 | 4.63978e-310 | 10
57703336284807 | 46 | 46.2931 | 5
7212917035601 | 43 | 5.01812 | 13
14425834071203 | 44 | 5.01812 | 13
28851668142406 | 45 | 5.01812 | 13
57703336284813 | 46 | 5.01812 | 13
115406672569626 | 47 | 5.01812 | 13
230813345139253 | 48 | 5.01812 | 13
461626690278507 | 49 | 5.01812 | 13
923253380557014 | 50 | 5.01812 | 13
1846506761114028 | 51 | 5.01812 | 13
3693013522228057 | 52 | 5.01812 | 13
7386027044456115 | 53 | 5.01812 | 13
14772054088912231 | 54 | 5.01812 | 13
29544108177824463 | 55 | 5.01812 | 13
59088216355648927 | 56 | 5.01812 | 13
118176432711297855 | 57 | 5.01812 | 13
236352865422595711 | 58 | 5.01812 | 13
472705730845191422 | 59 | 26.7661 | 5
472705730845191423 | 59 | 0.454806 | 8
3606458517801 | 42 | 15.0784 | 365
7212917035602 | 43 | 15.0784 | 365
14425834071204 | 44 | 13.9211 | 106
28851668142408 | 45 | 10.0423 | 47
57703336284817 | 46 | 10.0423 | 47
115406672569635 | 47 | 10.0423 | 47
230813345139270 | 48 | 10.0423 | 47
461626690278541 | 49 | 10.0423 | 47
923253380557082 | 50 | 10.0423 | 47
1846506761114164 | 51 | 10.0423 | 47
3693013522228328 | 52 | 10.0423 | 47
7386027044456657 | 53 | 10.0423 | 47
14772054088913315 | 54 | 10.0423 | 47
29544108177826630 | 55 | 10.0423 | 47
59088216355653261 | 56 | 10.0423 | 47
118176432711306522 | 57 | 10.0423 | 47
236352865422613045 | 58 | 10.0423 | 47
472705730845226091 | 59 | 10.0423 | 47
945411461690452183 | 60 | 10.0423 | 47
1890822923380904366 | 61 | 10.0423 | 47
3781645846761808732 | 62 | 10.0423 | 47
7563291693523617464 | 63 | 10.0423 | 47
-3320160686662316688 | 64 | 10.0423 | 47
-6640321373324633375 | 65 | 10.0423 | 47
5166101327060284866 | 66 | 10.0423 | 47
-8114541419588981884 | 67 | 10.0423 | 47
2217661234531587848 | 68 | 10.0423 | 47
4435322469063175696 | 69 | 10.0423 | 47
8870644938126351392 | 70 | 10.0423 | 47
-705454197456848832 | 71 | 10.0423 | 47
-1410908394913697663 | 72 | 10.0423 | 47
-2821816789827395325 | 73 | 10.0423 | 47
-5643633579654790650 | 74 | 10.0423 | 47
7159476914399970316 | 75 | 10.0423 | 47
-4127790244909610984 | 76 | 10.0423 | 47
-8255580489819221968 | 77 | 10.0423 | 47
1935583094071107681 | 78 | 10.0423 | 47
3871166188142215362 | 79 | 10.0423 | 47
7742332376284430724 | 80 | 10.0423 | 47
-2962079321140690167 | 81 | 10.0423 | 47
-5924158642281380334 | 82 | 6.89711 | 39
6598426789146790948 | 83 | 6.89711 | 39
-5249890495415969719 | 84 | 6.89711 | 39
7946963082877612178 | 85 | 6.89711 | 39
-2552817907954327260 | 86 | 6.89711 | 39
-5105635815908654520 | 87 | 6.89711 | 39
8235472441892242576 | 88 | 6.89711 | 25
-1975799189925066464 | 89 | 6.89711 | 25
-3951598379850132928 | 90 | 6.89711 | 25
-7903196759700265856 | 91 | 6.89711 | 25
2640350554309019904 | 92 | 6.89711 | 25
5280701108618039808 | 93 | 0.970772 | 3
5280701108618039809 | 93 | 3.40838 | 22
-7885341856473471997 | 94 | 3.40838 | 22
2676060360762607622 | 95 | 3.40838 | 19
5352120721525215244 | 96 | 3.40838 | 19
-7742502630659121127 | 97 | 3.40838 | 19
2961738812391309363 | 98 | 3.40838 | 19
5923477624782618726 | 99 | 0.652192 | 3
5923477624782618727 | 99 | 2.64019 | 16
-6599788824144314162 | 100 | 2.64019 | 16
5247166425420923293 | 101 | 2.64019 | 16
-7952411222867705029 | 102 | 2.64019 | 16
2541921627974141559 | 103 | 2.64019 | 16
5083843255948283118 | 104 | 2.64019 | 16
-8279057561812985380 | 105 | 2.64019 | 16
1888628950083580857 | 106 | 2.64019 | 16
3777257900167161715 | 107 | 2.64019 | 16
7554515800334323430 | 108 | 2.64019 | 16
-3337712473040904755 | 109 | 2.64019 | 16
-6675424946081809509 | 110 | 2.64019 | 16
5095894181545932598 | 111 | 2.64019 | 16
-8254955710617686419 | 112 | 2.64019 | 16
1936832652474178778 | 113 | 2.64019 | 16
3873665304948357556 | 114 | 1.60469 | 11
7747330609896715112 | 115 | 0.304457 | 8
7747330609896715113 | 115 | 2.54175 | 3
3873665304948357557 | 114 | 4.63978e-310 | 5
2676060360762607623 | 95 | 4.63978e-310 | 3
8235472441892242577 | 88 | 3.03273 | 14
-1975799189925066462 | 89 | 4.63978e-310 | 6
-1975799189925066461 | 89 | 4.63978e-310 | 8
-5924158642281380333 | 82 | 4.63978e-310 | 8
28851668142409 | 45 | 10.3714 | 59
57703336284819 | 46 | 10.3714 | 59
115406672569639 | 47 | 10.3714 | 59
230813345139278 | 48 | 10.3714 | 59
461626690278557 | 49 | 10.3714 | 59
923253380557114 | 50 | 10.3714 | 59
1846506761114228 | 51 | 10.3714 | 59
3693013522228457 | 52 | 10.3714 | 59
7386027044456915 | 53 | 10.3714 | 59
14772054088913831 | 54 | 10.3714 | 59
29544108177827662 | 55 | 8.90882 | 47
59088216355655324 | 56 | 8.90882 | 47
118176432711310649 | 57 | 8.90882 | 47
236352865422621298 | 58 | 8.90882 | 47
472705730845242597 | 59 | 8.90882 | 47
945411461690485195 | 60 | 8.90882 | 47
1890822923380970391 | 61 | 8.90882 | 47
3781645846761940782 | 62 | 8.90882 | 47
7563291693523881564 | 63 | 2.37152e-322 | 9
7563291693523881565 | 63 | 8.90882 | 38
-3320160686661788486 | 64 | 8.90882 | 38
-6640321373323576972 | 65 | 8.58272 | 28
5166101327062397672 | 66 | 8.58272 | 28
-8114541419584756271 | 67 | 8.58272 | 28
2217661234540039075 | 68 | 8.58272 | 28
4435322469080078150 | 69 | 8.58272 | 28
8870644938160156301 | 70 | 8.58272 | 28
-705454197389239014 | 71 | 8.58272 | 28
-1410908394778478027 | 72 | 8.58272 | 28
-2821816789556956053 | 73 | 8.58272 | 28
-5643633579113912106 | 74 | 8.58272 | 28
7159476915481727404 | 75 | 8.58272 | 28
-4127790242746096808 | 76 | 2.71386 | 18
-8255580485492193616 | 77 | 2.71386 | 18
1935583102725164384 | 78 | 2.71386 | 18
3871166205450328768 | 79 | 2.13309 | 16
7742332410900657537 | 80 | 2.13309 | 16
-2962079251908236542 | 81 | 2.13309 | 16
-5924158503816473083 | 82 | 2.13309 | 16
6598427066076605451 | 83 | 2.13309 | 16
-5249889941556340713 | 84 | 2.13309 | 16
7946964190596870190 | 85 | 0.461579 | 2
7946964190596870191 | 85 | 1.82898 | 14
-2552815692515811234 | 86 | 1.82898 | 14
-5105631385031622467 | 87 | 1.82898 | 14
8235481303646306682 | 88 | 4.63978e-310 | 10
8235481303646306683 | 88 | 42.9044 | 4
3871166205450328769 | 79 | 4.63978e-310 | 2
-4127790242746096807 | 76 | 4.63978e-310 | 10
-6640321373323576971 | 65 | 4.63978e-310 | 10
29544108177827663 | 55 | 2.71634 | 12
59088216355655326 | 56 | 2.71634 | 12
118176432711310652 | 57 | 4.63978e-310 | 1
118176432711310653 | 57 | 2.62802 | 11
236352865422621306 | 58 | 2.62802 | 11
472705730845242613 | 59 | 2.62802 | 11
945411461690485227 | 60 | 2.62802 | 11
1890822923380970455 | 61 | 2.62802 | 11
3781645846761940910 | 62 | 2.62802 | 11
7563291693523881820 | 63 | 4.63978e-310 | 7
7563291693523881821 | 63 | 4.63978e-310 | 4
14425834071205 | 44 | 14.1413 | 259
28851668142410 | 45 | 14.1413 | 259
57703336284821 | 46 | 14.1413 | 259
115406672569642 | 47 | 14.1413 | 259
230813345139284 | 48 | 14.1413 | 259
461626690278568 | 49 | 3.44493 | 25
923253380557136 | 50 | 3.44493 | 25
1846506761114272 | 51 | 3.44493 | 25
3693013522228544 | 52 | 3.44493 | 24
7386027044457089 | 53 | 3.44493 | 24
14772054088914179 | 54 | 3.44493 | 24
29544108177828359 | 55 | 3.44493 | 24
59088216355656719 | 56 | 3.44493 | 24
118176432711313439 | 57 | 3.44493 | 24
236352865422626878 | 58 | 3.44493 | 24
472705730845253756 | 59 | 0.132114 | 3
472705730845253757 | 59 | 2.84999 | 21
945411461690507514 | 60 | 2.84999 | 21
1890822923381015028 | 61 | 2.84999 | 21
3781645846762030056 | 62 | 2.84999 | 21
7563291693524060113 | 63 | 2.84999 | 21
-3320160686661431389 | 64 | 2.84999 | 21
-6640321373322862778 | 65 | 2.84999 | 21
5166101327063826061 | 66 | 2.84999 | 21
-8114541419581899494 | 67 | 2.84999 | 21
2217661234545752628 | 68 | 1.99657 | 17
4435322469091505257 | 69 | 1.99657 | 17
8870644938183010514 | 70 | 1.99657 | 17
-705454197343530588 | 71 | 1.99657 | 17
-1410908394687061175 | 72 | 1.99657 | 17
-2821816789374122350 | 73 | 1.99657 | 17
-5643633578748244700 | 74 | 1.71121 | 16
7159476916213062217 | 75 | 1.71121 | 16
-4127790241283427182 | 76 | 1.71121 | 16
-8255580482566854364 | 77 | 1.71121 | 16
1935583108575842888 | 78 | 1.71121 | 16
3871166217151685777 | 79 | 1.71121 | 16
7742332434303371555 | 80 | 1.71121 | 16
-2962079205102808506 | 81 | 1.71121 | 16
-5924158410205617011 | 82 | 1.71121 | 16
6598427253298317594 | 83 | 1.71121 | 16
-5249889567112916427 | 84 | 1.71121 | 16
7946964939483718762 | 85 | 7.11455e-322 | 9
7946964939483718763 | 85 | 0.416857 | 7
-5643633578748244699 | 74 | 4.63978e-310 | 1
2217661234545752629 | 68 | 4.63978e-310 | 4
3693013522228545 | 52 | 4.63978e-310 | 1
461626690278569 | 49 | 14.1028 | 234
923253380557138 | 50 | 14.1028 | 234
1846506761114277 | 51 | 14.1028 | 234
3693013522228554 | 52 | 14.1028 | 234
7386027044457108 | 53 | 4.11557e-321 | 5
7386027044457109 | 53 | 14.1028 | 229
14772054088914218 | 54 | 14.1028 | 229
29544108177828436 | 55 | 14.1028 | 229
59088216355656873 | 56 | 14.1028 | 229
118176432711313746 | 57 | 7.00765 | 20
236352865422627492 | 58 | 3.40222 | 16
472705730845254984 | 59 | 3.40222 | 16
945411461690509969 | 60 | 3.40222 | 16
1890822923381019938 | 61 | 3.40222 | 16
3781645846762039876 | 62 | 3.40222 | 16
7563291693524079752 | 63 | 3.40222 | 16
-3320160686661392111 | 64 | 3.40222 | 16
-6640321373322784221 | 65 | 3.40222 | 16
5166101327063983174 | 66 | 6.46551 | 3
5166101327063983175 | 66 | 3.40222 | 13
-8114541419581585266 | 67 | 3.40222 | 13
2217661234546381085 | 68 | 3.40222 | 13
4435322469092762171 | 69 | 3.40222 | 13
8870644938185524342 | 70 | 3.40222 | 13
-705454197338502932 | 71 | 3.40222 | 13
-1410908394677005864 | 72 | 3.40222 | 13
-2821816789354011727 | 73 | 3.40222 | 13
-5643633578708023453 | 74 | 3.40222 | 13
7159476916293504710 | 75 | 3.40222 | 13
-4127790241122542195 | 76 | 3.40222 | 13
-8255580482245084389 | 77 | 3.40222 | 13
1935583109219382838 | 78 | 3.40222 | 13
3871166218438765677 | 79 | 3.40222 | 13
7742332436877531354 | 80 | 3.40222 | 13
-2962079199954488907 | 81 | 3.40222 | 13
-5924158399908977813 | 82 | 3.40222 | 13
6598427273891595990 | 83 | 41.1078 | 4
6598427273891595991 | 83 | 50.6989 | 9
236352865422627493 | 58 | 4.63978e-310 | 4
118176432711313747 | 57 | 11.0069 | 209
236352865422627494 | 58 | 11.0069 | 209
472705730845254989 | 59 | 11.0069 | 209
945411461690509979 | 60 | 11.0069 | 209
1890822923381019959 | 61 | 11.0069 | 209
3781645846762039919 | 62 | 11.0069 | 209
7563291693524079838 | 63 | 11.0069 | 209
-3320160686661391939 | 64 | 11.0069 | 209
-6640321373322783878 | 65 | 10.8203 | 112
5166101327063983860 | 66 | 10.4217 | 102
-8114541419581583896 | 67 | 10.4217 | 102
2217661234546383825 | 68 | 10.4217 | 102
4435322469092767650 | 69 | 10.4217 | 102
8870644938185535301 | 70 | 10.4217 | 102
-705454197338481014 | 71 | 10.4217 | 102
-1410908394676962027 | 72 | 10.4217 | 102
-2821816789353924054 | 73 | 9.33491 | 75
-5643633578707848108 | 74 | 9.33491 | 75
7159476916293855400 | 75 | 9.33491 | 75
-4127790241121840816 | 76 | 1.45073 | 16
-8255580482243681632 | 77 | 1.18635 | 14
1935583109222188353 | 78 | 1.18635 | 14
3871166218444376706 | 79 | 1.18635 | 14
7742332436888753412 | 80 | 1.16576 | 12
-2962079199932044791 | 81 | 1.16576 | 12
-5924158399864089582 | 82 | 1.16576 | 12
6598427273981372453 | 83 | 1.16576 | 12
-5249889525746806710 | 84 | 4.24401 | 8
-5249889525746806709 | 84 | 43.9662 | 4
7742332436888753413 | 80 | 4.63978e-310 | 2
-8255580482243681631 | 77 | 4.63978e-310 | 2
-4127790241121840815 | 76 | 9.33491 | 59
-8255580482243681630 | 77 | 9.33491 | 59
1935583109222188356 | 78 | 9.33491 | 59
3871166218444376712 | 79 | 9.33491 | 59
7742332436888753425 | 80 | 9.33491 | 59
-2962079199932044766 | 81 | 9.33491 | 59
-5924158399864089532 | 82 | 9.33491 | 59
6598427273981372553 | 83 | 9.33491 | 59
-5249889525746806509 | 84 | 9.33491 | 59
7946965022215938599 | 85 | 9.33491 | 59
-2552814029277674417 | 86 | 9.33491 | 59
-5105628058555348833 | 87 | 9.33491 | 59
8235487956598853950 | 88 | 9.33491 | 59
-1975768160511843716 | 89 | 9.33491 | 59
-3951536321023687431 | 90 | 9.33491 | 59
-7903072642047374861 | 91 | 9.33491 | 59
2640598789614801894 | 92 | 5.92621 | 13
5281197579229603788 | 93 | 4.63978e-310 | 10
5281197579229603789 | 93 | 4.63978e-310 | 3
2640598789614801895 | 92 | 9.33491 | 46
5281197579229603790 | 93 | 9.33491 | 46
-7884348915250344036 | 94 | 9.33491 | 46
2678046243208863545 | 95 | 9.33491 | 46
5356092486417727090 | 96 | 3.42315 | 19
-7734559100874097436 | 97 | 3.42315 | 19
2977625871961356744 | 98 | 3.42315 | 19
5955251743922713489 | 99 | 3.42315 | 19
-6536240585864124637 | 100 | 3.42315 | 19
5374262901981302343 | 101 | 3.42315 | 19
-7698218269746946930 | 102 | 3.42315 | 19
3050307534215657756 | 103 | 3.42315 | 19
6100615068431315513 | 104 | 3.42315 | 19
-6245513936846920589 | 105 | 3.42315 | 19
5955716200015710439 | 106 | 3.42315 | 19
-6535311673678130738 | 107 | 3.42315 | 19
5376120726353290140 | 108 | 3.42315 | 19
-7694502621002971336 | 109 | 3.42315 | 19
3057738831703608944 | 110 | 3.42315 | 19
6115477663407217888 | 111 | 0.0674827 | 7
6115477663407217889 | 111 | 2.39956 | 12
-6215788746895115838 | 112 | 2.39956 | 12
6015166579919319941 | 113 | 2.39956 | 12
-6416410913870911734 | 114 | 40.0997 | 9
-6416410913870911733 | 114 | 39.2417 | 3
5356092486417727091 | 96 | 6.66529 | 27
-7734559100874097433 | 97 | 6.66529 | 27
2977625871961356751 | 98 | 6.66529 | 27
5955251743922713502 | 99 | 6.66529 | 27
-6536240585864124612 | 100 | 6.66529 | 27
5374262901981302393 | 101 | 6.66529 | 27
-7698218269746946829 | 102 | 6.66529 | 27
3050307534215657958 | 103 | 6.66529 | 27
6100615068431315916 | 104 | 6.6307 | 20
-6245513936846919784 | 105 | 6.6307 | 20
5955716200015712048 | 106 | 2.81277 | 18
-6535311673678127519 | 107 | 2.81277 | 18
5376120726353296578 | 108 | 2.81277 | 18
-7694502621002958459 | 109 | 2.81277 | 18
3057738831703634699 | 110 | 2.81277 | 18
6115477663407269398 | 111 | 2.81277 | 18
-6215788746895012819 | 112 | 2.81277 | 18
6015166579919525979 | 113 | 2.81277 | 18
-6416410913870499658 | 114 | 2.81277 | 18
5613922245968552300 | 115 | 2.81277 | 18
-7218899581772447016 | 116 | 2.81277 | 18
4008944910164657585 | 117 | 2.81277 | 18
8017889820329315170 | 118 | 2.81277 | 18
-2410964433050921276 | 119 | 2.81277 | 18
-4821928866101842552 | 120 | 2.81277 | 18
8802886341505866512 | 121 | 2.81277 | 18
-840971390697818592 | 122 | 2.81277 | 18
-1681942781395637184 | 123 | 2.81277 | 18
-3363885562791274367 | 124 | 2.81277 | 18
-6727771125582548734 | 125 | 1.75402 | 5
-6727771125582548733 | 125 | 2.81277 | 13
4991201822544454150 | 126 | 2.81277 | 13
-8464340428620643316 | 127 | 2.81277 | 13
1518063216468264984 | 128 | 2.81277 | 13
3036126432936529969 | 129 | 2.81277 | 13
6072252865873059938 | 130 | 31.9859 | 10
6072252865873059939 | 130 | 30.9283 | 3
5955716200015712049 | 106 | 4.63978e-310 | 2
6100615068431315917 | 104 | 4.63978e-310 | 7
-2821816789353924053 | 73 | 6.13441 | 27
-5643633578707848106 | 74 | 5.29207 | 12
7159476916293855405 | 75 | 5.29207 | 12
-4127790241121840806 | 76 | 5.29207 | 12
-8255580482243681611 | 77 | 5.29207 | 12
1935583109222188394 | 78 | 5.29207 | 12
3871166218444376789 | 79 | 5.29207 | 12
7742332436888753579 | 80 | 5.29207 | 12
-2962079199932044457 | 81 | 5.29207 | 12
-5924158399864088913 | 82 | 5.29207 | 12
6598427273981373791 | 83 | 5.29207 | 12
-5249889525746804033 | 84 | 5.29207 | 12
7946965022215943550 | 85 | 5.29207 | 12
-2552814029277664515 | 86 | 5.29207 | 12
-5105628058555329029 | 87 | 5.29207 | 12
8235487956598893558 | 88 | 5.29207 | 12
-1975768160511764499 | 89 | 5.29207 | 12
-3951536321023528997 | 90 | 5.29207 | 12
-7903072642047057994 | 91 | 5.29207 | 12
2640598789615435629 | 92 | 5.29207 | 12
5281197579230871258 | 93 | 5.29207 | 12
-7884348915247809100 | 94 | 5.29207 | 12
2678046243213933416 | 95 | 5.29207 | 12
5356092486427866832 | 96 | 4.63978e-310 | 7
5356092486427866833 | 96 | 4.63978e-310 | 5
-5643633578707848105 | 74 | 5.37521 | 15
7159476916293855406 | 75 | 4.63978e-310 | 1
7159476916293855407 | 75 | 4.77775 | 14
-4127790241121840801 | 76 | 4.77775 | 14
-8255580482243681601 | 77 | 4.77775 | 14
1935583109222188415 | 78 | 4.77775 | 14
3871166218444376830 | 79 | 4.77775 | 14
7742332436888753660 | 80 | 4.77775 | 14
-2962079199932044296 | 81 | 4.63978e-310 | 5
-2962079199932044295 | 81 | 4.63978e-310 | 9
5166101327063983861 | 66 | 4.63978e-310 | 10
-6640321373322783877 | 65 | 10.7365 | 97
5166101327063983862 | 66 | 2.74436 | 17
-8114541419581583891 | 67 | 2.74436 | 17
2217661234546383834 | 68 | 2.74436 | 15
4435322469092767669 | 69 | 2.74436 | 15
8870644938185535338 | 70 | 2.74436 | 13
-705454197338480939 | 71 | 2.74436 | 13
-1410908394676961878 | 72 | 1.58101e-322 | 1
-1410908394676961877 | 72 | 1.69766 | 12
-2821816789353923754 | 73 | 1.69766 | 12
-5643633578707847507 | 74 | 1.69766 | 12
7159476916293856602 | 75 | 1.69766 | 12
-4127790241121838412 | 76 | 1.69766 | 12
-8255580482243676824 | 77 | 12.5564 | 8
-8255580482243676823 | 77 | 1.63042e-322 | 4
8870644938185535339 | 70 | 4.63978e-310 | 2
2217661234546383835 | 68 | 4.63978e-310 | 2
5166101327063983863 | 66 | 10.1472 | 80
-8114541419581583890 | 67 | 4.70212 | 37
2217661234546383836 | 68 | 4.70212 | 37
4435322469092767672 | 69 | 4.70212 | 37
8870644938185535345 | 70 | 4.70212 | 37
-705454197338480925 | 71 | 4.70212 | 37
-1410908394676961850 | 72 | 4.70212 | 37
-2821816789353923699 | 73 | 4.70212 | 37
-5643633578707847397 | 74 | 4.70212 | 37
7159476916293856822 | 75 | 4.70212 | 37
-4127790241121837972 | 76 | 4.70212 | 37
-8255580482243675943 | 77 | 4.70212 | 37
1935583109222199731 | 78 | 4.70212 | 37
3871166218444399463 | 79 | 4.70212 | 37
7742332436888798927 | 80 | 4.70212 | 37
-2962079199931953761 | 81 | 4.70212 | 37
-5924158399863907521 | 82 | 4.70212 | 37
6598427273981736575 | 83 | 4.70212 | 37
-5249889525746078466 | 84 | 4.70212 | 37
7946965022217394684 | 85 | 4.70212 | 37
-2552814029274762248 | 86 | 4.50608 | 34
-5105628058549524496 | 87 | 4.50608 | 34
8235487956610502624 | 88 | 5.27898 | 8
8235487956610502625 | 88 | 3.61984 | 26
-1975768160488546366 | 89 | 3.61984 | 26
-3951536320977092732 | 90 | 8.33641 | 6
-3951536320977092731 | 90 | 2.59383 | 20
-7903072641954185462 | 91 | 2.59383 | 20
2640598789801180693 | 92 | 2.59383 | 20
5281197579602361386 | 93 | 2.59383 | 20
-7884348914504828843 | 94 | 2.59383 | 20
2678046244699893930 | 95 | 2.59383 | 20
5356092489399787860 | 96 | 2.2101 | 19
-7734559094909975896 | 97 | 2.2101 | 19
2977625883889599825 | 98 | 2.2101 | 19
5955251767779199650 | 99 | 1.84856 | 11
-6536240538151152316 | 100 | 0.623485 | 7
-6536240538151152315 | 100 | 3.86858 | 4
5955251767779199651 | 99 | 4.63978e-310 | 8
5356092489399787861 | 96 | 4.63978e-310 | 1
-2552814029274762247 | 86 | 4.63978e-310 | 3
-8114541419581583889 | 67 | 9.00369 | 43
2217661234546383838 | 68 | 8.97307 | 15
4435322469092767676 | 69 | 8.97307 | 15
8870644938185535352 | 70 | 4.63978e-310 | 1
8870644938185535353 | 70 | 8.97307 | 14
-705454197338480910 | 71 | 8.97307 | 14
-1410908394676961820 | 72 | 8.97307 | 14
-2821816789353923639 | 73 | 8.97307 | 14
-5643633578707847277 | 74 | 8.97307 | 14
7159476916293857063 | 75 | 8.97307 | 14
-4127790241121837489 | 76 | 8.97307 | 14
-8255580482243674977 | 77 | 8.97307 | 14
1935583109222201662 | 78 | 4.63978e-310 | 2
1935583109222201663 | 78 | 7.87783 | 12
3871166218444403326 | 79 | 4.63978e-310 | 9
3871166218444403327 | 79 | 4.63978e-310 | 3
2217661234546383839 | 68 | 8.76084 | 28
4435322469092767678 | 69 | 8.32028 | 27
8870644938185535356 | 70 | 7.72425 | 22
-705454197338480903 | 71 | 7.72425 | 22
-1410908394676961806 | 72 | 4.63978e-310 | 4
-1410908394676961805 | 72 | 5.84884 | 18
-2821816789353923609 | 73 | 5.84884 | 18
-5643633578707847217 | 74 | 5.84884 | 18
7159476916293857182 | 75 | 5.84884 | 18
-4127790241121837252 | 76 | 5.84884 | 18
-8255580482243674504 | 77 | 5.84884 | 18
1935583109222202608 | 78 | 5.84884 | 18
3871166218444405216 | 79 | 5.84884 | 18
7742332436888810432 | 80 | 5.84884 | 18
-2962079199931930752 | 81 | 5.84884 | 18
-5924158399863861504 | 82 | 5.84884 | 18
6598427273981828609 | 83 | 5.84884 | 18
-5249889525745894398 | 84 | 2.89082 | 12
7946965022217762820 | 85 | 2.89082 | 12
-2552814029274025976 | 86 | 2.89082 | 12
-5105628058548051951 | 87 | 2.89082 | 12
8235487956613447714 | 88 | 14.7384 | 4
8235487956613447715 | 88 | 3.65366 | 8
-5249889525745894397 | 84 | 4.63978e-310 | 6
8870644938185535357 | 70 | 4.63978e-310 | 5
4435322469092767679 | 69 | 4.63978e-310 | 1
880483037 | 30 | 10.1965 | 56
1760966074 | 31 | 4.63978e-310 | 6
1760966075 | 31 | 9.17383 | 50
3521932150 | 32 | 7.2996 | 11
7043864300 | 33 | 7.2996 | 11
14087728601 | 34 | 7.2996 | 11
28175457202 | 35 | 0.30895 | 10
28175457203 | 35 | 110.9 | 1
3521932151 | 32 | 7.55014 | 39
7043864303 | 33 | 7.55014 | 39
14087728606 | 34 | 4.63978e-310 | 3
14087728607 | 34 | 5.63271 | 36
28175457214 | 35 | 5.63271 | 36
56350914428 | 36 | 3.80698 | 17
112701828856 | 37 | 3.80698 | 17
225403657712 | 38 | 1.58101e-322 | 1
225403657713 | 38 | 3.50778 | 16
450807315427 | 39 | 3.50778 | 16
901614630855 | 40 | 3.50778 | 16
1803229261710 | 41 | 3.50778 | 16
3606458523420 | 42 | 3.50778 | 16
7212917046841 | 43 | 3.50778 | 16
14425834093683 | 44 | 3.50778 | 16
28851668187366 | 45 | 10.8683 | 2
28851668187367 | 45 | 3.46544 | 14
57703336374735 | 46 | 3.46544 | 14
115406672749470 | 47 | 3.46544 | 14
230813345498941 | 48 | 3.46544 | 14
461626690997883 | 49 | 3.46544 | 14
923253381995767 | 50 | 3.46544 | 14
1846506763991534 | 51 | 3.46544 | 14
3693013527983068 | 52 | 3.46544 | 14
7386027055966136 | 53 | 2.09205 | 12
14772054111932272 | 54 | 4.79244e-322 | 8
14772054111932273 | 54 | 6.90513e-310 | 4
7386027055966137 | 53 | 4.63978e-310 | 2
56350914429 | 36 | 4.07684 | 19
112701828858 | 37 | 4.07684 | 19
225403657717 | 38 | 4.07684 | 19
450807315434 | 39 | 4.07684 | 19
901614630869 | 40 | 4.07684 | 19
1803229261738 | 41 | 4.07684 | 19
3606458523477 | 42 | 4.07684 | 19
7212917046955 | 43 | 4.07684 | 19
14425834093910 | 44 | 4.07684 | 19
28851668187820 | 45 | 4.07684 | 19
57703336375640 | 46 | 3.33173 | 7
57703336375641 | 46 | 3.63009 | 12
115406672751283 | 47 | 3.63009 | 12
230813345502567 | 48 | 3.63009 | 12
461626691005134 | 49 | 3.63009 | 12
923253382010268 | 50 | 3.63009 | 12
1846506764020536 | 51 | 3.63009 | 12
3693013528041073 | 52 | 3.63009 | 12
7386027056082147 | 53 | 3.63009 | 12
14772054112164294 | 54 | 3.63009 | 12
29544108224328588 | 55 | 3.63009 | 12
59088216448657176 | 56 | 3.63009 | 12
118176432897314352 | 57 | 3.63009 | 12
236352865794628705 | 58 | 3.63009 | 12
472705731589257410 | 59 | 3.63009 | 12
945411463178514821 | 60 | 3.63009 | 12
1890822926357029643 | 61 | 3.63009 | 12
3781645852714059287 | 62 | 3.63009 | 12
7563291705428118574 | 63 | 3.63009 | 12
-3320160662853314467 | 64 | 3.63009 | 12
-6640321325706628934 | 65 | 3.63009 | 12
5166101422296293749 | 66 | 3.63009 | 12
-8114541229116964118 | 67 | 3.63009 | 12
2217661615475623380 | 68 | 3.63009 | 12
4435323230951246760 | 69 | 3.21143e-322 | 1
4435323230951246761 | 69 | 3.63009 | 11
8870646461902493523 | 70 | 3.63009 | 11
-705451149904564570 | 71 | 3.63009 | 11
-1410902299809129139 | 72 | 3.63009 | 11
-2821804599618258277 | 73 | 3.63009 | 11
-5643609199236516553 | 74 | 3.63009 | 11
7159525675236518511 | 75 | 3.63009 | 11
-4127692723236514594 | 76 | 3.63009 | 11
-8255385446473029188 | 77 | 3.63009 | 11
1935973180763493241 | 78 | 3.63009 | 11
3871946361526986482 | 79 | 6.90513e-310 | 3
3871946361526986483 | 79 | 4.63978e-310 | 8
27515095 | 25 | 7.1417 | 69
55030190 | 26 | 7.1417 | 69
110060381 | 27 | 7.1417 | 69
220120763 | 28 | 7.1417 | 69
440241526 | 29 | 7.1417 | 69
880483052 | 30 | 7.05572 | 52
1760966104 | 31 | 7.05572 | 52
3521932208 | 32 | 4.47735 | 15
7043864417 | 33 | 4.47735 | 15
14087728834 | 34 | 4.47735 | 15
28175457668 | 35 | 3.67795 | 12
56350915337 | 36 | 3.67795 | 12
112701830674 | 37 | 3.67795 | 12
225403661348 | 38 | 3.67795 | 12
450807322697 | 39 | 3.67795 | 12
901614645394 | 40 | 3.67795 | 12
1803229290789 | 41 | 3.67795 | 12
3606458581579 | 42 | 3.67795 | 12
7212917163158 | 43 | 3.67795 | 12
14425834326317 | 44 | 3.67795 | 12
28851668652634 | 45 | 3.67795 | 12
57703337305269 | 46 | 3.67795 | 12
115406674610539 | 47 | 3.67795 | 12
230813349221078 | 48 | 3.67795 | 12
461626698442157 | 49 | 3.67795 | 12
923253396884314 | 50 | 3.67795 | 12
1846506793768628 | 51 | 3.67795 | 12
3693013587537257 | 52 | 3.67795 | 12
7386027175074514 | 53 | 3.67795 | 12
14772054350149028 | 54 | 3.67795 | 12
29544108700298056 | 55 | 3.67795 | 12
59088217400596113 | 56 | 3.67795 | 12
118176434801192227 | 57 | 3.67795 | 12
236352869602384455 | 58 | 3.67795 | 12
472705739204768910 | 59 | 3.67795 | 11
945411478409537821 | 60 | 3.67795 | 11
1890822956819075642 | 61 | 3.67795 | 11
3781645913638151284 | 62 | 3.67795 | 11
7563291827276302568 | 63 | 11.3062 | 6
7563291827276302569 | 63 | 3.21143e-322 | 5
472705739204768911 | 59 | 4.63978e-310 | 1
28175457669 | 35 | 4.63978e-310 | 3
3521932209 | 32 | 4.33243 | 37
7043864418 | 33 | 4.33243 | 37
14087728837 | 34 | 4.33243 | 37
28175457675 | 35 | 4.33243 | 37
56350915350 | 36 | 4.33243 | 37
112701830701 | 37 | 4.33243 | 37
225403661403 | 38 | 4.33243 | 37
450807322807 | 39 | 4.33243 | 37
901614645614 | 40 | 4.33243 | 37
1803229291229 | 41 | 4.33243 | 37
3606458582459 | 42 | 4.33243 | 37
7212917164919 | 43 | 4.33243 | 37
14425834329839 | 44 | 4.33243 | 37
28851668659678 | 45 | 4.33243 | 37
57703337319357 | 46 | 4.33243 | 37
115406674638714 | 47 | 4.33243 | 37
230813349277428 | 48 | 2.99991 | 29
461626698554856 | 49 | 2.99991 | 29
923253397109712 | 50 | 2.99991 | 29
1846506794219424 | 51 | 2.61546 | 21
3693013588438849 | 52 | 2.61546 | 21
7386027176877698 | 53 | 11.8009 | 6
7386027176877699 | 53 | 1.93055 | 15
14772054353755399 | 54 | 1.93055 | 15
29544108707510799 | 55 | 1.93055 | 15
59088217415021598 | 56 | 1.93055 | 15
118176434830043196 | 57 | 1.03715 | 10
118176434830043197 | 57 | 1.00442 | 5
1846506794219425 | 51 | 4.63978e-310 | 8
230813349277429 | 48 | 4.63978e-310 | 8
880483053 | 30 | 5.84009 | 17
1760966107 | 31 | 5.84009 | 17
3521932215 | 32 | 5.84009 | 17
7043864430 | 33 | 5.84009 | 17
14087728860 | 34 | 5.84009 | 17
28175457720 | 35 | 5.84009 | 17
56350915441 | 36 | 5.84009 | 17
112701830882 | 37 | 5.84009 | 17
225403661764 | 38 | 5.84009 | 17
450807323529 | 39 | 5.84009 | 17
901614647059 | 40 | 5.84009 | 17
1803229294118 | 41 | 5.84009 | 17
3606458588237 | 42 | 5.84009 | 17
7212917176474 | 43 | 5.84009 | 17
14425834352948 | 44 | 0 | 9
14425834352949 | 44 | 0.0630733 | 8
107481 | 17 | 4.63978e-310 | 2
