ID | Depth | diameter | Number of points
0 | 0 | 29.316 | 1600
0 | 1 | 29.316 | 1600
0 | 2 | 29.316 | 1600
1 | 3 | 29.316 | 1600
3 | 4 | 29.316 | 1600
6 | 5 | 29.316 | 1600
12 | 6 | 21.8001 | 395
25 | 7 | 21.8001 | 395
50 | 8 | 21.8001 | 395
101 | 9 | 21.8001 | 395
202 | 10 | 17.6822 | 176
405 | 11 | 17.6822 | 176
811 | 12 | 17.6822 | 176
1622 | 13 | 7.54516 | 13
3244 | 14 | 7.54516 | 13
6489 | 15 | 7.54516 | 13
12978 | 16 | 7.54516 | 13
25956 | 17 | 7.54516 | 13
51913 | 18 | 7.54516 | 13
103826 | 19 | 7.54516 | 13
207653 | 20 | 7.54516 | 13
415306 | 21 | 3.91298 | 4
415307 | 21 | 39.6877 | 9
1623 | 13 | 15.6306 | 163
3247 | 14 | 15.6306 | 163
6494 | 15 | 8.5416 | 53
12989 | 16 | 8.5416 | 53
25978 | 17 | 8.5416 | 53
51956 | 18 | 8.5416 | 53
103912 | 19 | 8.5416 | 53
207825 | 20 | 8.5416 | 53
415651 | 21 | 8.5416 | 53
831302 | 22 | 6.97628 | 13
1662605 | 23 | 6.97628 | 13
3325211 | 24 | 6.97628 | 13
6650423 | 25 | 6.97628 | 13
13300847 | 26 | 6.97628 | 13
26601695 | 27 | 6.97628 | 13
53203391 | 28 | 6.97628 | 13
106406782 | 29 | 45.3237 | 4
106406783 | 29 | 6.54806 | 9
831303 | 22 | 7.69424 | 40
1662607 | 23 | 7.69424 | 40
3325215 | 24 | 7.69424 | 40
6650430 | 25 | 7.33075 | 16
13300860 | 26 | 4.63978e-310 | 9
13300861 | 26 | 4.63978e-310 | 7
6650431 | 25 | 7.14689 | 24
13300863 | 26 | 7.14689 | 24
26601726 | 27 | 7.14689 | 24
53203452 | 28 | 7.14689 | 24
106406904 | 29 | 7.14689 | 24
212813809 | 30 | 7.14689 | 24
425627618 | 31 | 7.14689 | 24
851255236 | 32 | 7.14689 | 24
1702510473 | 33 | 7.14689 | 24
3405020947 | 34 | 7.14689 | 24
6810041894 | 35 | 7.14689 | 24
13620083788 | 36 | 7.14689 | 24
27240167577 | 37 | 7.14689 | 24
54480335154 | 38 | 39.5976 | 5
54480335155 | 38 | 5.69763 | 19
108960670310 | 39 | 5.69763 | 19
217921340621 | 40 | 5.69763 | 19
435842681242 | 41 | 5.69763 | 19
871685362484 | 42 | 5.69763 | 19
1743370724969 | 43 | 5.69763 | 19
3486741449938 | 44 | 4.63978e-310 | 4
3486741449939 | 44 | 4.77823 | 15
6973482899879 | 45 | 4.77823 | 15
13946965799759 | 46 | 4.77823 | 15
27893931599518 | 47 | 8.34119 | 2
27893931599519 | 47 | 2.50504 | 13
55787863199039 | 48 | 2.50504 | 13
111575726398078 | 49 | 1.73013 | 3
111575726398079 | 49 | 4.63978e-310 | 10
6495 | 15 | 15.6306 | 110
12990 | 16 | 9.33347 | 35
25981 | 17 | 9.33347 | 35
51962 | 18 | 9.33347 | 35
103924 | 19 | 4.63978e-310 | 10
103925 | 19 | 8.19555 | 25
207851 | 20 | 8.19555 | 25
415703 | 21 | 8.19555 | 25
831407 | 22 | 8.19555 | 25
1662814 | 23 | 4.63978e-310 | 10
1662815 | 23 | 4.50992 | 15
3325631 | 24 | 4.50992 | 15
6651262 | 25 | 4.50992 | 15
13302524 | 26 | 0.607812 | 1
13302525 | 26 | 3.51521 | 14
26605051 | 27 | 3.51521 | 14
53210102 | 28 | 3.51521 | 14
106420205 | 29 | 3.51521 | 14
212840411 | 30 | 3.51521 | 14
425680823 | 31 | 3.51521 | 14
851361647 | 32 | 3.51521 | 14
1702723295 | 33 | 3.51521 | 14
3405446590 | 34 | 6.90513e-310 | 5
3405446591 | 34 | 253.831 | 9
12991 | 16 | 11.9485 | 75
25982 | 17 | 4.63978e-310 | 8
25983 | 17 | 11.9485 | 67
51966 | 18 | 11.9485 | 67
103932 | 19 | 11.9485 | 67
207865 | 20 | 11.9485 | 67
415731 | 21 | 11.9485 | 67
831462 | 22 | 11.9485 | 67
1662924 | 23 | 11.9485 | 67
3325849 | 24 | 11.9485 | 67
6651699 | 25 | 11.9485 | 67
13303399 | 26 | 11.9485 | 67
26606798 | 27 | 10.8885 | 43
53213596 | 28 | 10.8885 | 43
106427192 | 29 | 8.49225 | 24
212854384 | 30 | 8.49225 | 24
425708768 | 31 | 8.49225 | 24
851417536 | 32 | 8.49225 | 24
1702835073 | 33 | 8.49225 | 24
3405670147 | 34 | 8.49225 | 24
6811340295 | 35 | 8.49225 | 24
13622680590 | 36 | 7.11786 | 14
27245361181 | 37 | 7.11786 | 14
54490722362 | 38 | 7.11786 | 14
108981444724 | 39 | 7.11786 | 14
217962889448 | 40 | 3.07829 | 3
217962889449 | 40 | 1.53619 | 11
435925778898 | 41 | 5.61428 | 10
435925778899 | 41 | 4.63978e-310 | 1
13622680591 | 36 | 4.63978e-310 | 10
106427193 | 29 | 8.44538 | 19
212854387 | 30 | 8.44538 | 19
425708774 | 31 | 8.44538 | 19
851417548 | 32 | 8.44538 | 19
1702835097 | 33 | 8.44538 | 19
3405670194 | 34 | 8.44538 | 19
6811340389 | 35 | 8.44538 | 19
13622680778 | 36 | 8.44538 | 19
27245361556 | 37 | 8.44538 | 19
54490723112 | 38 | 8.44538 | 19
108981446225 | 39 | 8.44538 | 19
217962892451 | 40 | 8.44538 | 19
435925784902 | 41 | 8.44538 | 12
871851569804 | 42 | 8.44538 | 12
1743703139608 | 43 | 1.10415 | 3
1743703139609 | 43 | 4.63978e-310 | 9
435925784903 | 41 | 1.43223 | 7
26606799 | 27 | 8.80822 | 24
53213598 | 28 | 8.80822 | 24
106427197 | 29 | 8.80822 | 24
212854395 | 30 | 8.80822 | 24
425708790 | 31 | 8.80822 | 24
851417580 | 32 | 7.74755 | 19
1702835160 | 33 | 7.74755 | 19
3405670321 | 34 | 7.74755 | 19
6811340642 | 35 | 5.48494 | 11
13622681284 | 36 | 5.48494 | 11
27245362568 | 37 | 4.63978e-310 | 3
27245362569 | 37 | 10.4372 | 8
6811340643 | 35 | 4.63978e-310 | 8
851417581 | 32 | 4.63978e-310 | 5
203 | 10 | 11.158 | 219
406 | 11 | 11.0227 | 186
812 | 12 | 8.1401 | 78
1624 | 13 | 8.1401 | 78
3248 | 14 | 5.05017 | 42
6497 | 15 | 5.05017 | 42
12995 | 16 | 5.05017 | 42
25991 | 17 | 5.05017 | 42
51982 | 18 | 5.05017 | 42
103964 | 19 | 5.05017 | 42
207928 | 20 | 5.05017 | 42
415856 | 21 | 5.05017 | 42
831712 | 22 | 5.05017 | 42
1663424 | 23 | 5.05017 | 42
3326848 | 24 | 5.05017 | 42
6653697 | 25 | 5.05017 | 42
13307394 | 26 | 4.18532 | 14
26614788 | 27 | 4.18532 | 14
53229577 | 28 | 4.18532 | 14
106459154 | 29 | 4.18532 | 14
212918308 | 30 | 4.18532 | 14
425836616 | 31 | 4.18532 | 14
851673232 | 32 | 4.18532 | 14
1703346464 | 33 | 4.18532 | 14
3406692928 | 34 | 4.18532 | 14
6813385857 | 35 | 4.18532 | 14
13626771715 | 36 | 4.18532 | 14
27253543430 | 37 | 4.18532 | 14
54507086860 | 38 | 4.18532 | 14
109014173720 | 39 | 4.18532 | 14
218028347440 | 40 | 4.18532 | 14
436056694881 | 41 | 4.18532 | 14
872113389763 | 42 | 4.18532 | 14
1744226779527 | 43 | 4.18532 | 14
3488453559054 | 44 | 4.18532 | 14
6976907118108 | 45 | 4.18532 | 14
13953814236216 | 46 | 2.40535 | 10
13953814236217 | 46 | 0.703526 | 4
13307395 | 26 | 4.3827 | 28
26614790 | 27 | 4.3827 | 28
53229581 | 28 | 4.3827 | 28
106459163 | 29 | 4.3827 | 28
212918326 | 30 | 4.63978e-310 | 9
212918327 | 30 | 2.00056 | 19
425836654 | 31 | 2.00056 | 19
851673308 | 32 | 2.00056 | 19
1703346617 | 33 | 2.00056 | 19
3406693234 | 34 | 2.00056 | 19
6813386468 | 35 | 2.00056 | 15
13626772937 | 36 | 2.00056 | 15
27253545875 | 37 | 2.00056 | 15
54507091751 | 38 | 2.00056 | 15
109014183502 | 39 | 0.138654 | 2
109014183503 | 39 | 1.68777 | 13
218028367007 | 40 | 1.68777 | 13
436056734015 | 41 | 1.68777 | 13
872113468031 | 42 | 1.68777 | 13
1744226936062 | 43 | 1.68777 | 13
3488453872124 | 44 | 1.68777 | 13
6976907744248 | 45 | 1.68777 | 13
13953815488497 | 46 | 1.68777 | 13
27907630976995 | 47 | 1.68777 | 13
55815261953990 | 48 | 0.204252 | 5
55815261953991 | 48 | 0.394143 | 8
6813386469 | 35 | 4.63978e-310 | 4
3249 | 14 | 4.30601 | 36
6499 | 15 | 4.30601 | 36
12998 | 16 | 4.30601 | 36
25997 | 17 | 4.30601 | 36
51995 | 18 | 4.30601 | 36
103990 | 19 | 4.63978e-310 | 1
103991 | 19 | 4.21151 | 35
207983 | 20 | 4.21151 | 35
415966 | 21 | 4.21151 | 35
831933 | 22 | 4.21151 | 35
1663866 | 23 | 4.21151 | 35
3327732 | 24 | 4.63978e-310 | 2
3327733 | 24 | 3.83613 | 33
6655467 | 25 | 3.83613 | 33
13310934 | 26 | 3.83613 | 33
26621868 | 27 | 3.83613 | 33
53243737 | 28 | 3.83613 | 33
106487474 | 29 | 3.83613 | 33
212974948 | 30 | 3.83613 | 33
425949896 | 31 | 3.83613 | 33
851899792 | 32 | 0.406528 | 4
851899793 | 32 | 3.52454 | 29
1703799587 | 33 | 3.52454 | 29
3407599175 | 34 | 3.52454 | 29
6815198350 | 35 | 3.52454 | 29
13630396700 | 36 | 3.04576 | 25
27260793401 | 37 | 3.04576 | 25
54521586802 | 38 | 3.04576 | 25
109043173604 | 39 | 3.04576 | 25
218086347209 | 40 | 3.04576 | 25
436172694418 | 41 | 2.78974 | 16
872345388836 | 42 | 1.63042e-322 | 3
872345388837 | 42 | 2.48492 | 13
1744690777674 | 43 | 2.48492 | 13
3489381555348 | 44 | 2.48492 | 13
6978763110696 | 45 | 2.48492 | 13
13957526221392 | 46 | 2.48492 | 13
27915052442784 | 47 | 2.25076 | 12
55830104885569 | 48 | 2.25076 | 12
111660209771138 | 49 | 2.25076 | 12
223320419542276 | 50 | 2.25076 | 12
446640839084553 | 51 | 2.25076 | 12
893281678169106 | 52 | 6.17481 | 8
893281678169107 | 52 | 0.233934 | 4
27915052442785 | 47 | 4.63978e-310 | 1
436172694419 | 41 | 4.63978e-310 | 9
13630396701 | 36 | 4.63978e-310 | 4
813 | 12 | 8.87174 | 108
1627 | 13 | 8.87174 | 108
3255 | 14 | 8.87174 | 108
6510 | 15 | 8.87174 | 108
13020 | 16 | 8.87174 | 108
26040 | 17 | 8.87174 | 108
52080 | 18 | 8.87174 | 108
104160 | 19 | 8.87174 | 108
208320 | 20 | 8.87174 | 108
416640 | 21 | 8.87174 | 108
833280 | 22 | 8.87174 | 108
1666561 | 23 | 8.87174 | 108
3333122 | 24 | 8.87174 | 108
6666244 | 25 | 8.87174 | 108
13332489 | 26 | 8.87174 | 108
26664978 | 27 | 8.5648 | 67
53329957 | 28 | 8.5648 | 67
106659914 | 29 | 8.5648 | 67
213319829 | 30 | 8.5648 | 67
426639658 | 31 | 8.5648 | 67
853279316 | 32 | 3.40057 | 20
1706558632 | 33 | 3.32951 | 16
3413117265 | 34 | 3.32951 | 16
6826234531 | 35 | 3.32951 | 16
13652469062 | 36 | 4.63978e-310 | 5
13652469063 | 36 | 3.04102 | 11
27304938127 | 37 | 3.04102 | 11
54609876254 | 38 | 3.04102 | 11
109219752508 | 39 | 4.63978e-310 | 5
109219752509 | 39 | 1.32657 | 6
1706558633 | 33 | 4.63978e-310 | 4
853279317 | 32 | 5.48854 | 47
1706558634 | 33 | 5.48854 | 47
3413117268 | 34 | 5.48854 | 47
6826234536 | 35 | 5.48854 | 47
13652469072 | 36 | 5.20923 | 34
27304938144 | 37 | 5.20923 | 34
54609876288 | 38 | 5.20923 | 34
109219752576 | 39 | 4.74611 | 16
218439505153 | 40 | 4.74611 | 16
436879010306 | 41 | 4.74611 | 16
873758020613 | 42 | 4.74611 | 16
1747516041227 | 43 | 4.74611 | 16
3495032082454 | 44 | 4.74611 | 16
6990064164909 | 45 | 4.74611 | 16
13980128329818 | 46 | 4.74611 | 16
27960256659637 | 47 | 4.74611 | 16
55920513319275 | 48 | 4.74611 | 16
111841026638550 | 49 | 4.74611 | 16
223682053277101 | 50 | 4.74611 | 16
447364106554202 | 51 | 4.74611 | 16
894728213108405 | 52 | 4.74611 | 16
1789456426216811 | 53 | 4.74611 | 16
3578912852433622 | 54 | 4.74611 | 16
7157825704867244 | 55 | 4.74611 | 16
14315651409734488 | 56 | 0.13114 | 5
14315651409734489 | 56 | 1.79841 | 11
28631302819468979 | 57 | 1.79841 | 11
57262605638937959 | 58 | 1.79841 | 11
114525211277875918 | 59 | 1.63042e-322 | 8
114525211277875919 | 59 | 2.42092e-322 | 3
109219752577 | 39 | 5.13404 | 18
218439505154 | 40 | 5.13404 | 18
436879010308 | 41 | 3.81635 | 11
873758020617 | 42 | 3.81635 | 11
1747516041235 | 43 | 3.81635 | 11
3495032082470 | 44 | 4.63978e-310 | 5
3495032082471 | 44 | 4.63978e-310 | 6
436879010309 | 41 | 4.63978e-310 | 7
13652469073 | 36 | 4.7068 | 13
27304938146 | 37 | 4.7068 | 13
54609876293 | 38 | 4.7068 | 13
109219752587 | 39 | 4.7068 | 13
218439505174 | 40 | 4.7068 | 13
436879010348 | 41 | 4.7068 | 13
873758020696 | 42 | 4.63978e-310 | 10
873758020697 | 42 | 4.63978e-310 | 3
26664979 | 27 | 6.70081 | 41
53329959 | 28 | 6.70081 | 41
106659918 | 29 | 6.70081 | 41
213319836 | 30 | 6.70081 | 41
426639673 | 31 | 6.70081 | 41
853279346 | 32 | 4.63978e-310 | 10
853279347 | 32 | 5.48841 | 31
1706558695 | 33 | 5.48841 | 31
3413117391 | 34 | 5.48841 | 31
6826234782 | 35 | 1.82368 | 14
13652469565 | 36 | 1.82368 | 14
27304939131 | 37 | 1.82368 | 14
54609878262 | 38 | 1.7025 | 11
109219756524 | 39 | 1.7025 | 11
218439513048 | 40 | 9.64564 | 10
218439513049 | 40 | 21.1066 | 1
54609878263 | 38 | 4.63978e-310 | 3
6826234783 | 35 | 2.24545 | 17
13652469566 | 36 | 2.24545 | 16
27304939132 | 37 | 0 | 8
27304939133 | 37 | 2.7867 | 8
13652469567 | 36 | 4.63978e-310 | 1
407 | 11 | 8.30316 | 33
814 | 12 | 3.4734 | 14
1629 | 13 | 3.4734 | 14
3258 | 14 | 3.4734 | 14
6516 | 15 | 3.4734 | 14
13032 | 16 | 3.4734 | 14
26064 | 17 | 3.4734 | 14
52129 | 18 | 3.4734 | 14
104258 | 19 | 3.4734 | 14
208516 | 20 | 3.4734 | 14
417032 | 21 | 3.4734 | 14
834064 | 22 | 3.4734 | 14
1668128 | 23 | 3.4734 | 14
3336256 | 24 | 3.4734 | 14
6672512 | 25 | 42.2349 | 7
6672513 | 25 | 2.52629 | 7
815 | 12 | 4.62719 | 19
1630 | 13 | 4.62719 | 19
3261 | 14 | 4.62719 | 19
6522 | 15 | 4.62719 | 19
13044 | 16 | 4.62719 | 19
26089 | 17 | 4.62719 | 19
52179 | 18 | 4.62719 | 19
104359 | 19 | 4.62719 | 19
208719 | 20 | 4.62719 | 19
417438 | 21 | 20.7781 | 6
417439 | 21 | 3.13924 | 13
834878 | 22 | 4.63978e-310 | 9
834879 | 22 | 55.369 | 4
13 | 6 | 29.316 | 1205
26 | 7 | 4.63978e-310 | 6
27 | 7 | 27.3523 | 1199
54 | 8 | 27.3523 | 1199
109 | 9 | 27.3523 | 1199
219 | 10 | 27.3523 | 1199
439 | 11 | 27.3523 | 1199
878 | 12 | 27.3523 | 1199
1756 | 13 | 27.3523 | 1016
3512 | 14 | 27.3523 | 1016
7024 | 15 | 27.3523 | 1016
14048 | 16 | 17.9676 | 117
28096 | 17 | 17.9676 | 117
56193 | 18 | 17.9676 | 117
112387 | 19 | 17.9676 | 117
224774 | 20 | 17.9676 | 117
449549 | 21 | 17.9676 | 117
899098 | 22 | 17.9676 | 117
1798196 | 23 | 17.9676 | 117
3596392 | 24 | 17.9676 | 117
7192784 | 25 | 17.9676 | 117
14385568 | 26 | 16.6777 | 84
28771136 | 27 | 5.76319 | 15
57542272 | 28 | 5.76319 | 15
115084544 | 29 | 5.76319 | 15
230169089 | 30 | 5.76319 | 15
460338179 | 31 | 5.76319 | 15
920676359 | 32 | 5.76319 | 15
1841352719 | 33 | 5.76319 | 15
3682705439 | 34 | 5.76319 | 15
7365410879 | 35 | 5.76319 | 15
14730821758 | 36 | 5.76319 | 15
29461643516 | 37 | 5.76319 | 15
58923287032 | 38 | 4.02175 | 12
117846574064 | 39 | 2.28671 | 4
117846574065 | 39 | 3.33757 | 8
58923287033 | 38 | 2.55826 | 3
28771137 | 27 | 13.295 | 69
57542275 | 28 | 13.295 | 69
115084550 | 29 | 13.295 | 69
230169100 | 30 | 13.295 | 69
460338200 | 31 | 13.295 | 69
920676401 | 32 | 13.295 | 69
1841352802 | 33 | 8.2427 | 62
3682705604 | 34 | 6.5576 | 29
7365411208 | 35 | 6.5576 | 29
14730822417 | 36 | 6.5576 | 29
29461644834 | 37 | 6.5576 | 29
58923289668 | 38 | 6.5576 | 29
117846579337 | 39 | 6.5576 | 29
235693158675 | 40 | 6.5576 | 29
471386317350 | 41 | 6.5576 | 29
942772634700 | 42 | 6.5576 | 29
1885545269400 | 43 | 6.5576 | 29
3771090538800 | 44 | 4.15728 | 15
7542181077601 | 45 | 4.15728 | 15
15084362155203 | 46 | 4.15728 | 15
30168724310407 | 47 | 4.15728 | 15
60337448620815 | 48 | 4.15728 | 15
120674897241630 | 49 | 3.6815 | 13
241349794483260 | 50 | 3.6815 | 13
482699588966521 | 51 | 3.6815 | 13
965399177933042 | 52 | 3.6815 | 13
1930798355866085 | 53 | 3.6815 | 13
3861596711732170 | 54 | 3.6815 | 12
7723193423464341 | 55 | 3.6815 | 12
15446386846928682 | 56 | 3.6815 | 12
30892773693857365 | 57 | 3.6815 | 12
61785547387714730 | 58 | 3.6815 | 12
123571094775429461 | 59 | 3.6815 | 12
247142189550858922 | 60 | 3.6815 | 12
494284379101717844 | 61 | 3.6815 | 12
988568758203435688 | 62 | 3.6815 | 12
1977137516406871377 | 63 | 3.6815 | 12
3954275032813742755 | 64 | 3.6815 | 12
7908550065627485511 | 65 | 3.6815 | 12
-2629643942454580594 | 66 | 3.6815 | 12
-5259287884909161187 | 67 | 3.6815 | 12
7928168303891229243 | 68 | 3.6815 | 12
-2590407465927093130 | 69 | 3.6815 | 12
-5180814931854186259 | 70 | 3.6815 | 12
8085114210001179099 | 71 | 3.6815 | 12
-2276515653707193417 | 72 | 3.6815 | 12
-4553031307414386833 | 73 | 3.6815 | 12
-9106062614828773665 | 74 | 3.6815 | 12
234618844052004286 | 75 | 3.6815 | 12
469237688104008572 | 76 | 14.1231 | 1
469237688104008573 | 76 | 3.6815 | 11
938475376208017146 | 77 | 4.63978e-310 | 10
938475376208017147 | 77 | 4.63978e-310 | 1
3861596711732171 | 54 | 4.63978e-310 | 1
120674897241631 | 49 | 4.63978e-310 | 2
3771090538801 | 44 | 4.05642 | 14
7542181077603 | 45 | 4.05642 | 14
15084362155206 | 46 | 4.05642 | 14
30168724310413 | 47 | 4.05642 | 14
60337448620826 | 48 | 4.05642 | 14
120674897241652 | 49 | 4.05642 | 14
241349794483304 | 50 | 4.05642 | 14
482699588966608 | 51 | 4.05642 | 14
965399177933216 | 52 | 4.63978e-310 | 3
965399177933217 | 52 | 2.79296 | 11
1930798355866435 | 53 | 2.79296 | 11
3861596711732870 | 54 | 2.79296 | 11
7723193423465740 | 55 | 2.79296 | 11
15446386846931480 | 56 | 2.79296 | 11
30892773693862960 | 57 | 2.79296 | 11
61785547387725920 | 58 | 4.63978e-310 | 4
61785547387725921 | 58 | 4.63978e-310 | 7
3682705605 | 34 | 6.70367 | 33
7365411210 | 35 | 3.04598 | 22
14730822420 | 36 | 4.63978e-310 | 2
14730822421 | 36 | 3.04598 | 20
29461644842 | 37 | 3.04598 | 20
58923289684 | 38 | 3.04598 | 20
117846579368 | 39 | 3.04598 | 20
235693158737 | 40 | 3.04598 | 20
471386317474 | 41 | 3.04598 | 20
942772634948 | 42 | 3.04598 | 20
1885545269896 | 43 | 3.04598 | 20
3771090539793 | 44 | 3.04598 | 20
7542181079586 | 45 | 3.04598 | 20
15084362159173 | 46 | 3.04598 | 20
30168724318346 | 47 | 20.7458 | 1
30168724318347 | 47 | 2.75193 | 19
60337448636695 | 48 | 2.75193 | 19
120674897273390 | 49 | 2.75193 | 19
241349794546780 | 50 | 2.75193 | 19
482699589093560 | 51 | 2.75193 | 19
965399178187120 | 52 | 2.75193 | 19
1930798356374240 | 53 | 0.337822 | 2
1930798356374241 | 53 | 2.22193 | 17
3861596712748482 | 54 | 2.22193 | 17
7723193425496964 | 55 | 2.22193 | 17
15446386850993929 | 56 | 2.22193 | 17
30892773701987859 | 57 | 2.22193 | 17
61785547403975719 | 58 | 2.22193 | 17
123571094807951438 | 59 | 2.22193 | 17
247142189615902876 | 60 | 1.97333 | 16
494284379231805753 | 61 | 1.97333 | 16
988568758463611507 | 62 | 1.97333 | 16
1977137516927223014 | 63 | 0 | 10
1977137516927223015 | 63 | 0.34125 | 6
247142189615902877 | 60 | 4.63978e-310 | 1
7365411211 | 35 | 3.57732 | 11
14730822422 | 36 | 3.57732 | 11
29461644844 | 37 | 3.57732 | 11
58923289689 | 38 | 3.57732 | 11
117846579379 | 39 | 3.57732 | 11
235693158759 | 40 | 3.57732 | 11
471386317518 | 41 | 3.57732 | 11
942772635036 | 42 | 3.57732 | 11
1885545270072 | 43 | 3.57732 | 11
3771090540144 | 44 | 3.57732 | 11
7542181080288 | 45 | 3.57732 | 11
15084362160576 | 46 | 3.57732 | 11
30168724321152 | 47 | 3.57732 | 11
60337448642304 | 48 | 3.57732 | 11
120674897284608 | 49 | 3.57732 | 11
241349794569217 | 50 | 3.57732 | 11
482699589138434 | 51 | 3.57732 | 11
965399178276868 | 52 | 3.57732 | 11
1930798356553736 | 53 | 3.57732 | 11
3861596713107473 | 54 | 3.57732 | 11
7723193426214946 | 55 | 3.57732 | 11
15446386852429893 | 56 | 3.57732 | 11
30892773704859786 | 57 | 3.57732 | 11
61785547409719573 | 58 | 3.57732 | 11
123571094819439146 | 59 | 2.42092e-322 | 4
123571094819439147 | 59 | 7.11455e-322 | 7
1841352803 | 33 | 4.63978e-310 | 7
14385569 | 26 | 16.0246 | 33
28771139 | 27 | 16.0246 | 33
57542278 | 28 | 16.0246 | 33
115084557 | 29 | 16.0246 | 33
230169114 | 30 | 16.0246 | 33
460338228 | 31 | 16.0246 | 33
920676457 | 32 | 16.0246 | 33
1841352915 | 33 | 16.0246 | 33
3682705830 | 34 | 15.4211 | 24
7365411661 | 35 | 15.4211 | 24
14730823323 | 36 | 15.4211 | 24
29461646646 | 37 | 15.4211 | 24
58923293293 | 38 | 15.4211 | 24
117846586587 | 39 | 15.4211 | 24
235693173174 | 40 | 15.4211 | 24
471386346349 | 41 | 15.4211 | 24
942772692698 | 42 | 8.49133 | 20
1885545385397 | 43 | 8.49133 | 20
3771090770794 | 44 | 8.49133 | 20
7542181541588 | 45 | 0.876673 | 3
7542181541589 | 45 | 6.81185 | 17
15084363083178 | 46 | 6.81185 | 17
30168726166356 | 47 | 6.81185 | 17
60337452332712 | 48 | 3.28914 | 6
60337452332713 | 48 | 3.16006 | 11
120674904665426 | 49 | 4.63978e-310 | 3
120674904665427 | 49 | 4.63978e-310 | 8
942772692699 | 42 | 4.63978e-310 | 4
3682705831 | 34 | 4.63978e-310 | 9
14049 | 16 | 24.6194 | 899
28098 | 17 | 24.6194 | 899
56197 | 18 | 24.6194 | 899
112394 | 19 | 20.6021 | 855
224789 | 20 | 20.6021 | 855
449578 | 21 | 18.4456 | 704
899156 | 22 | 7.62066 | 31
1798312 | 23 | 7.62066 | 31
3596624 | 24 | 7.62066 | 31
7193248 | 25 | 7.62066 | 31
14386496 | 26 | 5.38903 | 19
28772993 | 27 | 5.38903 | 19
57545987 | 28 | 5.38903 | 19
115091975 | 29 | 5.38903 | 19
230183951 | 30 | 5.38903 | 19
460367902 | 31 | 5.38903 | 19
920735804 | 32 | 5.38903 | 19
1841471609 | 33 | 5.38903 | 19
3682943218 | 34 | 5.38903 | 19
7365886436 | 35 | 2.09274 | 12
14731772872 | 36 | 2.09274 | 12
29463545744 | 37 | 2.09274 | 12
58927091489 | 38 | 2.09274 | 12
117854182978 | 39 | 2.09274 | 12
235708365956 | 40 | 1.95821 | 11
471416731913 | 41 | 1.95821 | 11
942833463826 | 42 | 1.95821 | 11
1885666927652 | 43 | 1.95821 | 11
3771333855305 | 44 | 1.95821 | 11
7542667710611 | 45 | 1.95821 | 11
15085335421223 | 46 | 1.95821 | 11
30170670842446 | 47 | 18.8367 | 8
30170670842447 | 47 | 20.2814 | 3
235708365957 | 40 | 4.63978e-310 | 1
7365886437 | 35 | 4.63978e-310 | 7
14386497 | 26 | 2.37653 | 12
28772994 | 27 | 2.37653 | 12
57545988 | 28 | 2.37653 | 12
115091977 | 29 | 2.37653 | 12
230183955 | 30 | 2.37653 | 12
460367911 | 31 | 2.37653 | 12
920735822 | 32 | 4.63978e-310 | 8
920735823 | 32 | 4.63978e-310 | 4
899157 | 22 | 17.681 | 673
1798315 | 23 | 17.681 | 673
3596631 | 24 | 17.681 | 673
7193263 | 25 | 17.681 | 673
14386526 | 26 | 17.681 | 673
28773053 | 27 | 17.681 | 673
57546106 | 28 | 12.806 | 312
115092212 | 29 | 12.806 | 312
230184424 | 30 | 12.806 | 312
460368849 | 31 | 12.806 | 312
920737698 | 32 | 12.806 | 312
1841475397 | 33 | 12.806 | 312
3682950795 | 34 | 12.806 | 312
7365901591 | 35 | 12.806 | 312
14731803182 | 36 | 12.806 | 312
29463606365 | 37 | 12.806 | 312
58927212730 | 38 | 7.70178 | 34
117854425460 | 39 | 7.70178 | 34
235708850920 | 40 | 7.70178 | 34
471417701840 | 41 | 7.70178 | 34
942835403681 | 42 | 7.70178 | 34
1885670807362 | 43 | 7.70178 | 34
3771341614724 | 44 | 7.70178 | 34
7542683229448 | 45 | 100.34 | 5
7542683229449 | 45 | 6.62326 | 29
15085366458899 | 46 | 6.62326 | 29
30170732917798 | 47 | 6.62326 | 29
60341465835597 | 48 | 6.62326 | 29
120682931671194 | 49 | 6.62326 | 29
241365863342388 | 50 | 6.62326 | 29
482731726684776 | 51 | 6.62326 | 29
965463453369553 | 52 | 6.62326 | 29
1930926906739107 | 53 | 6.62326 | 29
3861853813478214 | 54 | 6.62326 | 29
7723707626956429 | 55 | 6.62326 | 29
15447415253912858 | 56 | 1.1464 | 2
15447415253912859 | 56 | 6.62326 | 27
30894830507825718 | 57 | 6.62326 | 27
61789661015651436 | 58 | 5.6394 | 24
123579322031302872 | 59 | 5.6394 | 24
247158644062605744 | 60 | 5.6394 | 24
494317288125211489 | 61 | 5.6394 | 24
988634576250422979 | 62 | 5.6394 | 24
1977269152500845959 | 63 | 5.6394 | 24
3954538305001691919 | 64 | 5.6394 | 24
7909076610003383839 | 65 | 5.6394 | 24
-2628590853702783938 | 66 | 5.6394 | 24
-5257181707405567875 | 67 | 5.6394 | 24
7932380658898415867 | 68 | 5.6394 | 24
-2581982755912719881 | 69 | 5.6394 | 24
-5163965511825439762 | 70 | 4.43329 | 17
8118813050058672092 | 71 | 4.43329 | 17
-2209117973592207432 | 72 | 4.43329 | 17
-4418235947184414864 | 73 | 4.43329 | 17
-8836471894368829728 | 74 | 4.43329 | 17
773800284971892160 | 75 | 4.43329 | 17
1547600569943784321 | 76 | 4.43329 | 17
3095201139887568642 | 77 | 4.43329 | 17
6190402279775137285 | 78 | 4.43329 | 17
-6065939514159277046 | 79 | 3.72052 | 12
6314865045390997524 | 80 | 0.815169 | 6
6314865045390997525 | 80 | 0.752429 | 6
-6065939514159277045 | 79 | 4.63978e-310 | 5
-5163965511825439761 | 70 | 4.63978e-310 | 7
61789661015651437 | 58 | 4.63978e-310 | 3
58927212731 | 38 | 10.8329 | 278
117854425463 | 39 | 10.8329 | 278
235708850927 | 40 | 10.8329 | 278
471417701854 | 41 | 9.95443 | 262
942835403709 | 42 | 9.95443 | 262
1885670807419 | 43 | 9.95443 | 262
3771341614838 | 44 | 9.95443 | 262
7542683229676 | 45 | 9.95443 | 262
15085366459352 | 46 | 9.95443 | 262
30170732918704 | 47 | 7.66961 | 109
60341465837408 | 48 | 7.66961 | 109
120682931674816 | 49 | 3.04864 | 36
241365863349632 | 50 | 3.04864 | 36
482731726699264 | 51 | 3.04864 | 36
965463453398528 | 52 | 3.04864 | 36
1930926906797056 | 53 | 3.04864 | 36
3861853813594112 | 54 | 3.04864 | 36
7723707627188224 | 55 | 2.13982 | 16
15447415254376448 | 56 | 2.13982 | 16
30894830508752897 | 57 | 2.13982 | 16
61789661017505794 | 58 | 1.88089 | 15
123579322035011588 | 59 | 1.50196e-321 | 7
123579322035011589 | 59 | 1.12471 | 8
61789661017505795 | 58 | 4.63978e-310 | 1
7723707627188225 | 55 | 2.15049 | 20
15447415254376451 | 56 | 2.15049 | 20
30894830508752903 | 57 | 2.15049 | 20
61789661017505807 | 58 | 2.15049 | 20
123579322035011614 | 59 | 2.15049 | 20
247158644070023229 | 60 | 2.15049 | 20
494317288140046459 | 61 | 2.15049 | 20
988634576280092918 | 62 | 1.68165 | 17
1977269152560185836 | 63 | 1.68165 | 17
3954538305120371672 | 64 | 1.68165 | 17
7909076610240743345 | 65 | 1.68165 | 17
-2628590853228064926 | 66 | 1.68165 | 17
-5257181706456129851 | 67 | 1.68165 | 17
7932380660797291914 | 68 | 1.65874 | 16
-2581982752114967788 | 69 | 1.65874 | 16
-5163965504229935576 | 70 | 1.20341 | 5
-5163965504229935575 | 70 | 1.34875 | 11
8118813065249680466 | 71 | 0.0206712 | 6
8118813065249680467 | 71 | 1.36407 | 5
7932380660797291915 | 68 | 4.63978e-310 | 1
988634576280092919 | 62 | 4.63978e-310 | 3
120682931674817 | 49 | 4.9239 | 73
241365863349634 | 50 | 4.9239 | 73
482731726699269 | 51 | 4.9239 | 73
965463453398538 | 52 | 4.9239 | 73
1930926906797076 | 53 | 4.75561 | 50
3861853813594152 | 54 | 4.75561 | 50
7723707627188304 | 55 | 4.75561 | 50
15447415254376609 | 56 | 4.75561 | 50
30894830508753218 | 57 | 4.75561 | 50
61789661017506436 | 58 | 4.14002 | 39
123579322035012873 | 59 | 4.14002 | 39
247158644070025747 | 60 | 4.14002 | 39
494317288140051494 | 61 | 2.33404 | 23
988634576280102988 | 62 | 2.33404 | 22
1977269152560205976 | 63 | 2.33404 | 22
3954538305120411953 | 64 | 2.33404 | 22
7909076610240823906 | 65 | 2.33404 | 22
-2628590853227903804 | 66 | 2.33404 | 22
-5257181706455807607 | 67 | 2.33404 | 22
7932380660797936402 | 68 | 2.33404 | 22
-2581982752113678811 | 69 | 2.33404 | 22
-5163965504227357622 | 70 | 0.0480007 | 3
-5163965504227357621 | 70 | 1.70402 | 19
8118813065254836375 | 71 | 1.70402 | 19
-2209117943199878866 | 72 | 1.70402 | 19
-4418235886399757731 | 73 | 1.70402 | 19
-8836471772799515461 | 74 | 1.70402 | 19
773800528110520695 | 75 | 1.70402 | 19
1547601056221041391 | 76 | 1.70402 | 19
3095202112442082783 | 77 | 1.70402 | 19
6190404224884165567 | 78 | 1.70402 | 19
-6065935623941220482 | 79 | 1.70402 | 19
6314872825827110652 | 80 | 1.69023 | 12
-5816998422055330311 | 81 | 1.69023 | 12
6812747229598890995 | 82 | 1.69023 | 12
-4821249614511769626 | 83 | 1.19955 | 6
-4821249614511769625 | 83 | 13.0797 | 6
6314872825827110653 | 80 | 4.63978e-310 | 7
988634576280102989 | 62 | 4.63978e-310 | 1
494317288140051495 | 61 | 1.6563 | 16
988634576280102990 | 62 | 1.6563 | 15
1977269152560205980 | 63 | 1.6563 | 15
3954538305120411961 | 64 | 1.6563 | 15
7909076610240823922 | 65 | 1.6563 | 15
-2628590853227903772 | 66 | 4.63978e-310 | 10
-2628590853227903771 | 66 | 4.63978e-310 | 5
988634576280102991 | 62 | 4.63978e-310 | 1
61789661017506437 | 58 | 1.46277 | 11
123579322035012874 | 59 | 1.46277 | 11
247158644070025749 | 60 | 1.46277 | 11
494317288140051498 | 61 | 1.46277 | 11
988634576280102997 | 62 | 1.46277 | 11
1977269152560205994 | 63 | 1.46277 | 11
3954538305120411989 | 64 | 1.46277 | 11
7909076610240823979 | 65 | 1.46277 | 11
-2628590853227903658 | 66 | 1.46277 | 11
-5257181706455807315 | 67 | 1.46277 | 11
7932380660797936986 | 68 | 1.12755 | 2
7932380660797936987 | 68 | 1.70615 | 9
1930926906797077 | 53 | 4.36034 | 23
3861853813594155 | 54 | 4.36034 | 23
7723707627188311 | 55 | 4.36034 | 23
15447415254376622 | 56 | 4.36034 | 23
30894830508753244 | 57 | 4.36034 | 23
61789661017506488 | 58 | 4.36034 | 23
123579322035012977 | 59 | 4.36034 | 23
247158644070025954 | 60 | 4.36034 | 23
494317288140051909 | 61 | 4.36034 | 23
988634576280103819 | 62 | 4.36034 | 23
1977269152560207638 | 63 | 4.36034 | 23
3954538305120415276 | 64 | 1.96524 | 15
7909076610240830553 | 65 | 1.96524 | 15
-2628590853227890510 | 66 | 0.720379 | 2
-2628590853227890509 | 66 | 1.8646 | 13
-5257181706455781018 | 67 | 1.52639 | 11
7932380660797989581 | 68 | 1.52639 | 11
-2581982752113572454 | 69 | 1.52639 | 11
-5163965504227144907 | 70 | 1.52639 | 11
8118813065255261803 | 71 | 1.52639 | 11
-2209117943199028009 | 72 | 1.52639 | 11
-4418235886398056017 | 73 | 1.52639 | 11
-8836471772796112034 | 74 | 1.52639 | 11
773800528117327548 | 75 | 1.52639 | 11
1547601056234655097 | 76 | 1.52639 | 11
3095202112469310195 | 77 | 1.52639 | 11
6190404224938620390 | 78 | 1.52639 | 11
-6065935623832310835 | 79 | 1.52639 | 11
6314872826044929946 | 80 | 6.66609 | 7
6314872826044929947 | 80 | 11.4755 | 4
-5257181706455781017 | 67 | 4.63978e-310 | 2
3954538305120415277 | 64 | 4.63978e-310 | 8
30170732918705 | 47 | 8.20972 | 153
60341465837411 | 48 | 8.20972 | 153
120682931674822 | 49 | 8.20972 | 153
241365863349644 | 50 | 8.20972 | 153
482731726699288 | 51 | 8.20972 | 153
965463453398577 | 52 | 8.20972 | 153
1930926906797154 | 53 | 8.20972 | 153
3861853813594309 | 54 | 8.20972 | 153
7723707627188618 | 55 | 7.58115 | 143
15447415254377236 | 56 | 7.58115 | 143
30894830508754473 | 57 | 7.58115 | 143
61789661017508946 | 58 | 6.4562 | 106
123579322035017893 | 59 | 6.4562 | 106
247158644070035786 | 60 | 6.4562 | 106
494317288140071572 | 61 | 5.13727 | 57
988634576280143144 | 62 | 5.13727 | 57
1977269152560286288 | 63 | 5.13727 | 57
3954538305120572576 | 64 | 5.13727 | 57
7909076610241145152 | 65 | 4.66621 | 2
7909076610241145153 | 65 | 4.09248 | 55
-2628590853227261309 | 66 | 4.09248 | 55
-5257181706454522618 | 67 | 4.09248 | 55
7932380660800506380 | 68 | 3.69536 | 48
-2581982752108538856 | 69 | 2.6758 | 11
-5163965504217077711 | 70 | 2.6758 | 11
8118813065275396194 | 71 | 2.6758 | 11
-2209117943158759227 | 72 | 2.6758 | 11
-4418235886317518454 | 73 | 2.6758 | 11
-8836471772635036907 | 74 | 2.6758 | 11
773800528439477802 | 75 | 2.6758 | 11
1547601056878955604 | 76 | 2.6758 | 11
3095202113757911209 | 77 | 2.6758 | 11
6190404227515822419 | 78 | 2.6758 | 11
-6065935618677906778 | 79 | 2.6758 | 11
6314872836353738060 | 80 | 2.6758 | 11
-5816998401002075496 | 81 | 2.6758 | 11
6812747271705400624 | 82 | 2.6758 | 11
-4821249530298750368 | 83 | 2.6758 | 11
8804245013112050880 | 84 | 2.6758 | 11
-838254047485449856 | 85 | 2.6758 | 11
-1676508094970899712 | 86 | 2.58194 | 3
-1676508094970899711 | 86 | 4.63978e-310 | 8
-2581982752108538855 | 69 | 3.09934 | 37
-5163965504217077710 | 70 | 3.09934 | 37
8118813065275396197 | 71 | 3.09934 | 37
-2209117943158759222 | 72 | 3.09934 | 37
-4418235886317518444 | 73 | 3.09934 | 37
-8836471772635036887 | 74 | 3.09934 | 37
773800528439477842 | 75 | 2.8623 | 34
1547601056878955684 | 76 | 2.8623 | 34
3095202113757911368 | 77 | 2.8623 | 34
6190404227515822736 | 78 | 2.8623 | 27
-6065935618677906144 | 79 | 2.8623 | 27
6314872836353739329 | 80 | 2.8623 | 27
-5816998401002072957 | 81 | 2.8623 | 27
6812747271705405702 | 82 | 2.8623 | 20
-4821249530298740212 | 83 | 2.8623 | 20
8804245013112071193 | 84 | 2.8623 | 20
-838254047485409229 | 85 | 2.8623 | 20
-1676508094970818458 | 86 | 2.8623 | 20
-3353016189941636915 | 87 | 2.8623 | 20
-6706032379883273829 | 88 | 2.8623 | 20
5034679313943003958 | 89 | 4.15138 | 9
5034679313943003959 | 89 | 1.02479 | 11
-8377385445823543698 | 90 | 1.02479 | 11
1691973182062464221 | 91 | 1.02479 | 11
3383946364124928442 | 92 | 2.23592 | 6
3383946364124928443 | 92 | 2.71831 | 5
6812747271705405703 | 82 | 4.63978e-310 | 7
6190404227515822737 | 78 | 4.63978e-310 | 7
773800528439477843 | 75 | 4.63978e-310 | 3
7932380660800506381 | 68 | 4.63978e-310 | 7
494317288140071573 | 61 | 4.67302 | 49
988634576280143146 | 62 | 4.67302 | 49
1977269152560286293 | 63 | 4.67302 | 49
3954538305120572587 | 64 | 4.67302 | 49
7909076610241145174 | 65 | 2.43862 | 11
-2628590853227261268 | 66 | 2.43862 | 11
-5257181706454522536 | 67 | 2.43862 | 11
7932380660800506544 | 68 | 4.63978e-310 | 1
7932380660800506545 | 68 | 3.21143e-322 | 10
7909076610241145175 | 65 | 2.89582 | 38
-2628590853227261265 | 66 | 2.89582 | 38
-5257181706454522530 | 67 | 2.67481 | 30
7932380660800506556 | 68 | 2.451 | 29
-2581982752108538503 | 69 | 2.451 | 29
-5163965504217077006 | 70 | 0.622728 | 3
-5163965504217077005 | 70 | 2.43312 | 26
8118813065275397606 | 71 | 2.43312 | 26
-2209117943158756404 | 72 | 2.43312 | 26
-4418235886317512807 | 73 | 2.43312 | 26
-8836471772635025614 | 74 | 2.43312 | 26
773800528439500389 | 75 | 2.43312 | 26
1547601056879000779 | 76 | 2.43312 | 26
3095202113758001558 | 77 | 2.43312 | 26
6190404227516003116 | 78 | 2.43312 | 26
-6065935618677545384 | 79 | 2.2427 | 19
6314872836354460848 | 80 | 1.46703 | 14
-5816998401000629919 | 81 | 1.46703 | 14
6812747271708291778 | 82 | 1.46703 | 14
-4821249530292968060 | 83 | 4.26411 | 9
-4821249530292968059 | 83 | 1.10671e-321 | 5
6314872836354460849 | 80 | 4.63978e-310 | 5
-6065935618677545383 | 79 | 4.63978e-310 | 7
7932380660800506557 | 68 | 4.63978e-310 | 1
-5257181706454522529 | 67 | 4.63978e-310 | 8
61789661017508947 | 58 | 4.01963 | 37
123579322035017894 | 59 | 4.01963 | 37
247158644070035788 | 60 | 4.01963 | 37
494317288140071577 | 61 | 4.01963 | 37
988634576280143154 | 62 | 4.01963 | 37
1977269152560286309 | 63 | 4.01963 | 37
3954538305120572618 | 64 | 4.01963 | 31
7909076610241145236 | 65 | 2.96562 | 21
-2628590853227261143 | 66 | 2.96562 | 21
-5257181706454522286 | 67 | 2.96562 | 21
7932380660800507044 | 68 | 2.96562 | 21
-2581982752108537527 | 69 | 2.96562 | 21
-5163965504217075054 | 70 | 2.96562 | 21
8118813065275401508 | 71 | 7.35448 | 2
8118813065275401509 | 71 | 2.19574 | 19
-2209117943158748598 | 72 | 2.19574 | 19
-4418235886317497195 | 73 | 2.19574 | 19
-8836471772634994389 | 74 | 2.19574 | 19
773800528439562839 | 75 | 2.19574 | 19
1547601056879125678 | 76 | 2.19574 | 19
3095202113758251356 | 77 | 2.19574 | 19
6190404227516502713 | 78 | 2.19574 | 19
-6065935618676546190 | 79 | 2.19574 | 19
6314872836356459236 | 80 | 0.0952109 | 3
6314872836356459237 | 80 | 1.5306 | 16
-5816998400996633142 | 81 | 1.5306 | 16
6812747271716285332 | 82 | 1.5306 | 16
-4821249530276980951 | 83 | 1.5306 | 16
8804245013155589714 | 84 | 1.5306 | 16
-838254047398372187 | 85 | 1.5306 | 16
-1676508094796744374 | 86 | 1.5306 | 16
-3353016189593488748 | 87 | 1.5306 | 16
-6706032379186977495 | 88 | 1.5306 | 16
5034679315335596626 | 89 | 0.0547319 | 2
5034679315335596627 | 89 | 1.30653 | 14
-8377385443038358362 | 90 | 1.30653 | 14
1691973187632834893 | 91 | 1.30653 | 14
3383946375265669786 | 92 | 1.67173 | 1
3383946375265669787 | 92 | 1.30653 | 13
6767892750531339575 | 93 | 1.30653 | 13
-4910958572646872465 | 94 | 1.30653 | 13
8624826928415806686 | 95 | 1.30653 | 13
-1197090216877938244 | 96 | 1.30653 | 13
-2394180433755876488 | 97 | 1.30653 | 13
-4788360867511752976 | 98 | 1.30653 | 13
8870022338686045664 | 99 | 1.30653 | 13
-706699396337460287 | 100 | 1.30653 | 13
-1413398792674920574 | 101 | 6.90513e-310 | 7
-1413398792674920573 | 101 | 1.58101e-322 | 6
7909076610241145237 | 65 | 4.63978e-310 | 10
3954538305120572619 | 64 | 4.63978e-310 | 6
7723707627188619 | 55 | 4.63978e-310 | 10
471417701855 | 41 | 5.34245 | 16
942835403711 | 42 | 5.34245 | 16
1885670807423 | 43 | 5.34245 | 16
3771341614846 | 44 | 5.34245 | 16
7542683229693 | 45 | 5.34245 | 16
15085366459386 | 46 | 4.63978e-310 | 7
15085366459387 | 46 | 4.63978e-310 | 9
57546107 | 28 | 15.2326 | 361
115092214 | 29 | 14.4626 | 291
230184428 | 30 | 14.4626 | 291
460368856 | 31 | 14.4626 | 291
920737713 | 32 | 14.4626 | 291
1841475427 | 33 | 14.4626 | 291
3682950855 | 34 | 14.4626 | 291
7365901711 | 35 | 14.4626 | 291
14731803422 | 36 | 8.57655 | 52
29463606844 | 37 | 8.57655 | 52
58927213688 | 38 | 4.74142 | 20
117854427377 | 39 | 4.74142 | 20
235708854754 | 40 | 4.74142 | 20
471417709508 | 41 | 4.74142 | 20
942835419016 | 42 | 4.74142 | 20
1885670838032 | 43 | 4.24412 | 14
3771341676064 | 44 | 4.24412 | 14
7542683352129 | 45 | 4.24412 | 14
15085366704258 | 46 | 4.24412 | 14
30170733408516 | 47 | 4.24412 | 14
60341466817033 | 48 | 4.24412 | 14
120682933634067 | 49 | 4.24412 | 14
241365867268134 | 50 | 4.24412 | 14
482731734536268 | 51 | 4.24412 | 14
965463469072537 | 52 | 4.24412 | 14
1930926938145075 | 53 | 4.24412 | 14
3861853876290151 | 54 | 4.24412 | 14
7723707752580303 | 55 | 4.24412 | 14
15447415505160607 | 56 | 4.24412 | 14
30894831010321215 | 57 | 4.24412 | 14
61789662020642431 | 58 | 4.24412 | 14
123579324041284862 | 59 | 4.24412 | 14
247158648082569724 | 60 | 4.24412 | 14
494317296165139448 | 61 | 4.24412 | 14
988634592330278896 | 62 | 4.79244e-322 | 2
988634592330278897 | 62 | 3.84724 | 12
1977269184660557795 | 63 | 3.84724 | 12
3954538369321115591 | 64 | 3.84724 | 12
7909076738642231182 | 65 | 3.84724 | 12
-2628590596425089251 | 66 | 3.84724 | 12
-5257181192850178502 | 67 | 6.90513e-310 | 3
-5257181192850178501 | 67 | 4.63978e-310 | 9
1885670838033 | 43 | 4.63978e-310 | 6
58927213689 | 38 | 5.47069 | 32
117854427378 | 39 | 5.47069 | 32
235708854756 | 40 | 5.47069 | 32
471417709512 | 41 | 5.47069 | 32
942835419024 | 42 | 5.47069 | 32
1885670838049 | 43 | 5.47069 | 32
3771341676098 | 44 | 3.85947 | 17
7542683352197 | 45 | 3.85947 | 17
15085366704394 | 46 | 3.85947 | 17
30170733408788 | 47 | 3.85947 | 15
60341466817576 | 48 | 3.85947 | 15
120682933635152 | 49 | 3.85947 | 15
241365867270304 | 50 | 3.85947 | 15
482731734540609 | 51 | 3.85947 | 15
965463469081218 | 52 | 3.85947 | 15
1930926938162436 | 53 | 3.77962 | 13
3861853876324873 | 54 | 3.77962 | 13
7723707752649746 | 55 | 3.77962 | 13
15447415505299492 | 56 | 3.77962 | 13
30894831010598985 | 57 | 3.77962 | 13
61789662021197971 | 58 | 3.77962 | 13
123579324042395943 | 59 | 3.77962 | 13
247158648084791886 | 60 | 7.26368 | 8
247158648084791887 | 60 | 6.37345e-322 | 5
1930926938162437 | 53 | 4.63978e-310 | 2
30170733408789 | 47 | 4.63978e-310 | 2
3771341676099 | 44 | 4.13044 | 15
7542683352198 | 45 | 4.13044 | 15
15085366704396 | 46 | 4.13044 | 15
30170733408793 | 47 | 4.13044 | 15
60341466817587 | 48 | 4.13044 | 15
120682933635175 | 49 | 4.13044 | 15
241365867270351 | 50 | 4.13044 | 15
482731734540702 | 51 | 4.13044 | 15
965463469081405 | 52 | 4.13044 | 15
1930926938162810 | 53 | 4.13044 | 15
3861853876325620 | 54 | 3.17257 | 12
7723707752651241 | 55 | 3.17257 | 12
15447415505302482 | 56 | 3.17257 | 12
30894831010604965 | 57 | 3.17257 | 12
61789662021209931 | 58 | 3.17257 | 12
123579324042419863 | 59 | 3.17257 | 12
247158648084839727 | 60 | 3.17257 | 12
494317296169679455 | 61 | 3.17257 | 12
988634592339358910 | 62 | 3.17257 | 12
1977269184678717821 | 63 | 3.17257 | 12
3954538369357435643 | 64 | 3.17257 | 12
7909076738714871286 | 65 | 3.17257 | 12
-2628590596279809044 | 66 | 9.53547e-322 | 2
-2628590596279809043 | 66 | 4.63978e-310 | 10
3861853876325621 | 54 | 4.63978e-310 | 3
14731803423 | 36 | 11.3755 | 239
29463606846 | 37 | 11.3755 | 239
58927213693 | 38 | 11.3755 | 239
117854427386 | 39 | 11.3755 | 239
235708854772 | 40 | 11.3755 | 239
471417709545 | 41 | 11.3755 | 239
942835419091 | 42 | 11.3755 | 239
1885670838182 | 43 | 11.3755 | 239
3771341676365 | 44 | 11.3755 | 239
7542683352730 | 45 | 11.3755 | 239
15085366705460 | 46 | 5.81853 | 18
30170733410921 | 47 | 5.81853 | 18
60341466821843 | 48 | 5.81853 | 18
120682933643686 | 49 | 5.81853 | 18
241365867287373 | 50 | 5.81853 | 18
482731734574747 | 51 | 5.81853 | 18
965463469149495 | 52 | 5.81853 | 18
1930926938298990 | 53 | 4.50567 | 15
3861853876597981 | 54 | 4.50567 | 15
7723707753195962 | 55 | 4.50567 | 15
15447415506391924 | 56 | 2.61994 | 14
30894831012783849 | 57 | 2.61994 | 14
61789662025567699 | 58 | 2.61994 | 14
123579324051135398 | 59 | 2.61994 | 14
247158648102270797 | 60 | 2.61994 | 14
494317296204541595 | 61 | 2.61994 | 14
988634592409083191 | 62 | 2.61994 | 14
1977269184818166383 | 63 | 2.61994 | 14
3954538369636332766 | 64 | 2.61994 | 14
7909076739272665532 | 65 | 1.63042e-322 | 1
7909076739272665533 | 65 | 2.4867 | 13
-2628590595164220550 | 66 | 2.4867 | 13
-5257181190328441100 | 67 | 2.4867 | 13
7932381693052669417 | 68 | 2.4867 | 13
-2581980687604212782 | 69 | 2.4867 | 13
-5163961375208425564 | 70 | 2.4867 | 13
8118821323292700488 | 71 | 2.4867 | 13
-2209101427124150639 | 72 | 2.4867 | 13
-4418202854248301278 | 73 | 2.4867 | 13
-8836405708496602556 | 74 | 2.4867 | 13
773932656716346504 | 75 | 2.4867 | 13
1547865313432693009 | 76 | 2.4867 | 13
3095730626865386019 | 77 | 2.4867 | 13
6191461253730772038 | 78 | 2.4867 | 13
-6063821566248007539 | 79 | 2.4867 | 13
6319100941213536538 | 80 | 2.4867 | 13
-5808542191282478539 | 81 | 2.4867 | 13
6829659691144594538 | 82 | 2.4867 | 13
-4787424691420362539 | 83 | 2.4867 | 13
8871894690868826538 | 84 | 2.4867 | 13
-702954691971898539 | 85 | 2.4867 | 13
-1405909383943797078 | 86 | 2.4867 | 13
-2811818767887594156 | 87 | 2.4867 | 13
-5623637535775188311 | 88 | 2.4867 | 13
7199469002159174995 | 89 | 2.4867 | 13
-4047806069391201626 | 90 | 2.4867 | 13
-8095612138782403252 | 91 | 2.4867 | 13
2255519796144745112 | 92 | 8.58114 | 2
2255519796144745113 | 92 | 1.83513 | 11
4511039592289490226 | 93 | 1.83513 | 11
9022079184578980452 | 94 | 1.83513 | 11
-402585704551590711 | 95 | 1.83513 | 11
-805171409103181421 | 96 | 1.83513 | 11
-1610342818206362841 | 97 | 1.83513 | 11
-3220685636412725682 | 98 | 1.83513 | 11
-6441371272825451364 | 99 | 6.90513e-310 | 1
-6441371272825451363 | 99 | 2.69266e-321 | 10
15447415506391925 | 56 | 4.63978e-310 | 1
1930926938298991 | 53 | 4.63978e-310 | 3
15085366705461 | 46 | 11.3755 | 221
30170733410923 | 47 | 11.3755 | 221
60341466821846 | 48 | 11.3755 | 221
120682933643693 | 49 | 11.3755 | 221
241365867287386 | 50 | 8.79066 | 30
482731734574772 | 51 | 4.63978e-310 | 4
482731734574773 | 51 | 7.83043 | 26
965463469149547 | 52 | 7.83043 | 26
1930926938299095 | 53 | 7.83043 | 26
3861853876598190 | 54 | 7.83043 | 26
7723707753196381 | 55 | 7.83043 | 26
15447415506392762 | 56 | 7.83043 | 26
30894831012785525 | 57 | 7.83043 | 26
61789662025571051 | 58 | 7.83043 | 26
123579324051142103 | 59 | 7.83043 | 26
247158648102284206 | 60 | 7.83043 | 26
494317296204568413 | 61 | 7.83043 | 26
988634592409136827 | 62 | 7.83043 | 26
1977269184818273655 | 63 | 7.83043 | 26
3954538369636547311 | 64 | 7.83043 | 26
7909076739273094622 | 65 | 7.83043 | 26
-2628590595163362372 | 66 | 7.33179 | 24
-5257181190326724743 | 67 | 7.33179 | 24
7932381693056102131 | 68 | 7.33179 | 24
-2581980687597347353 | 69 | 7.33179 | 24
-5163961375194694706 | 70 | 2.51508 | 13
8118821323320162205 | 71 | 2.51508 | 13
-2209101427069227206 | 72 | 2.51508 | 13
-4418202854138454412 | 73 | 14.3789 | 7
-4418202854138454411 | 73 | 46.6678 | 6
-5163961375194694705 | 70 | 7.33179 | 11
8118821323320162207 | 71 | 7.33179 | 11
-2209101427069227201 | 72 | 7.33179 | 11
-4418202854138454402 | 73 | 8.15309 | 4
-4418202854138454401 | 73 | 0 | 7
-2628590595163362371 | 66 | 4.63978e-310 | 2
241365867287387 | 50 | 10.4602 | 191
482731734574774 | 51 | 10.4602 | 191
965463469149548 | 52 | 7.97008 | 157
1930926938299097 | 53 | 7.97008 | 157
3861853876598195 | 54 | 7.97008 | 157
7723707753196391 | 55 | 7.97008 | 157
15447415506392782 | 56 | 6.27615 | 89
30894831012785564 | 57 | 4.07928 | 55
61789662025571129 | 58 | 4.07928 | 55
123579324051142259 | 59 | 4.07928 | 55
247158648102284518 | 60 | 4.07928 | 55
494317296204569036 | 61 | 4.07928 | 55
988634592409138073 | 62 | 4.07928 | 55
1977269184818276146 | 63 | 4.07928 | 55
3954538369636552293 | 64 | 4.07928 | 55
7909076739273104587 | 65 | 4.07928 | 55
-2628590595163342442 | 66 | 4.07928 | 55
-5257181190326684883 | 67 | 4.07928 | 55
7932381693056181850 | 68 | 4.07928 | 55
-2581980687597187915 | 69 | 4.07928 | 55
-5163961375194375829 | 70 | 4.07928 | 55
8118821323320799959 | 71 | 4.07928 | 55
-2209101427067951697 | 72 | 4.07928 | 55
-4418202854135903394 | 73 | 4.07928 | 55
-8836405708271806787 | 74 | 4.07928 | 55
773932657165938042 | 75 | 3.56271 | 47
1547865314331876084 | 76 | 3.56271 | 47
3095730628663752169 | 77 | 3.56271 | 47
6191461257327504339 | 78 | 3.56271 | 47
-6063821559054542937 | 79 | 3.56271 | 47
6319100955600465742 | 80 | 3.1167 | 24
-5808542162508620132 | 81 | 2.96307 | 23
6829659748692311353 | 82 | 2.96307 | 23
-4787424576324928909 | 83 | 2.96307 | 23
8871894921059693798 | 84 | 2.96307 | 23
-702954231590164020 | 85 | 2.96307 | 23
-1405908463180328039 | 86 | 2.96307 | 23
-2811816926360656077 | 87 | 2.96307 | 23
-5623633852721312153 | 88 | 2.96307 | 23
7199476368266927311 | 89 | 2.96307 | 23
-4047791337175696994 | 90 | 2.22639 | 14
-8095582674351393987 | 91 | 2.22639 | 14
2255578725006763643 | 92 | 2.22639 | 14
4511157450013527286 | 93 | 2.22639 | 14
9022314900027054572 | 94 | 2.22639 | 14
-402114273655442471 | 95 | 2.22639 | 14
-804228547310884941 | 96 | 2.22639 | 14
-1608457094621769882 | 97 | 2.22639 | 14
-3216914189243539764 | 98 | 2.22639 | 14
-6433828378487079528 | 99 | 2.22639 | 14
5579087316735392560 | 100 | 2.22639 | 14
-7288569440238766496 | 101 | 2.22639 | 14
3869605193232018625 | 102 | 2.22639 | 14
7739210386464037250 | 103 | 2.22639 | 14
-2968323300781477116 | 104 | 7.16395e-322 | 7
-2968323300781477115 | 104 | 4.63978e-310 | 7
-4047791337175696993 | 90 | 4.63978e-310 | 9
-5808542162508620131 | 81 | 4.63978e-310 | 1
6319100955600465743 | 80 | 3.42478 | 23
-5808542162508620130 | 81 | 2.61026 | 15
6829659748692311356 | 82 | 2.61026 | 15
-4787424576324928903 | 83 | 2.61026 | 15
8871894921059693810 | 84 | 2.61026 | 15
-702954231590163996 | 85 | 2.61026 | 15
-1405908463180327992 | 86 | 2.61026 | 15
-2811816926360655983 | 87 | 2.61026 | 15
-5623633852721311965 | 88 | 2.61026 | 15
7199476368266927686 | 89 | 2.61026 | 15
-4047791337175696244 | 90 | 4.63978e-310 | 2
-4047791337175696243 | 90 | 2.47008 | 13
-8095582674351392486 | 91 | 2.47008 | 13
2255578725006766644 | 92 | 4.63978e-310 | 5
2255578725006766645 | 92 | 4.63978e-310 | 8
-5808542162508620129 | 81 | 4.63978e-310 | 8
773932657165938043 | 75 | 4.63978e-310 | 8
30894831012785565 | 57 | 2.63473 | 34
61789662025571130 | 58 | 4.63978e-310 | 9
61789662025571131 | 58 | 2.36636 | 25
123579324051142263 | 59 | 2.36636 | 25
247158648102284526 | 60 | 2.36636 | 25
494317296204569052 | 61 | 2.36636 | 25
988634592409138104 | 62 | 2.36636 | 25
1977269184818276208 | 63 | 2.36636 | 25
3954538369636552416 | 64 | 2.36636 | 25
7909076739273104832 | 65 | 2.01663 | 20
-2628590595163341952 | 66 | 1.89885 | 16
-5257181190326683903 | 67 | 1.89885 | 16
7932381693056183810 | 68 | 1.89885 | 16
-2581980687597183996 | 69 | 4.63978e-310 | 3
-2581980687597183995 | 69 | 1.30667 | 13
-5163961375194367990 | 70 | 1.30667 | 13
8118821323320815636 | 71 | 1.30667 | 13
-2209101427067920343 | 72 | 1.30667 | 13
-4418202854135840686 | 73 | 1.30667 | 13
-8836405708271681372 | 74 | 1.30667 | 13
773932657166188873 | 75 | 1.30667 | 13
1547865314332377747 | 76 | 1.30667 | 13
3095730628664755494 | 77 | 4.63978e-310 | 5
3095730628664755495 | 77 | 4.63978e-310 | 8
-2628590595163341951 | 66 | 4.63978e-310 | 4
7909076739273104833 | 65 | 4.63978e-310 | 5
15447415506392783 | 56 | 6.23144 | 68
30894831012785566 | 57 | 6.23144 | 68
61789662025571132 | 58 | 5.0271 | 47
123579324051142265 | 59 | 5.0271 | 47
247158648102284530 | 60 | 31.0921 | 9
247158648102284531 | 60 | 3.96095 | 38
494317296204569063 | 61 | 3.96095 | 38
988634592409138126 | 62 | 3.25651 | 18
1977269184818276252 | 63 | 3.25651 | 18
3954538369636552505 | 64 | 3.25651 | 18
7909076739273105010 | 65 | 3.25651 | 18
-2628590595163341596 | 66 | 3.25179 | 13
-5257181190326683192 | 67 | 2.63616 | 11
7932381693056185232 | 68 | 6.11056 | 2
7932381693056185233 | 68 | 0 | 9
-5257181190326683191 | 67 | 4.63978e-310 | 2
-2628590595163341595 | 66 | 4.63978e-310 | 5
988634592409138127 | 62 | 3.02303 | 20
1977269184818276254 | 63 | 3.02303 | 20
3954538369636552509 | 64 | 3.02303 | 20
7909076739273105018 | 65 | 3.02303 | 20
-2628590595163341580 | 66 | 0.403466 | 3
-2628590595163341579 | 66 | 2.2122 | 17
-5257181190326683158 | 67 | 2.2122 | 17
7932381693056185300 | 68 | 2.2122 | 17
-2581980687597181016 | 69 | 2.2122 | 17
-5163961375194362031 | 70 | 2.2122 | 17
8118821323320827554 | 71 | 2.2122 | 17
-2209101427067896508 | 72 | 2.2122 | 17
-4418202854135793016 | 73 | 2.2122 | 17
-8836405708271586032 | 74 | 2.2122 | 17
773932657166379552 | 75 | 2.2122 | 17
1547865314332759105 | 76 | 2.2122 | 17
3095730628665518211 | 77 | 2.2122 | 17
6191461257331036422 | 78 | 2.2122 | 17
-6063821559047478772 | 79 | 0.280233 | 5
-6063821559047478771 | 79 | 1.92659 | 12
6319100955614594074 | 80 | 7.11455e-322 | 5
6319100955614594075 | 80 | 7.11455e-322 | 7
61789662025571133 | 58 | 2.8907 | 21
123579324051142267 | 59 | 2.8907 | 21
247158648102284535 | 60 | 2.8907 | 21
494317296204569071 | 61 | 2.8907 | 21
988634592409138142 | 62 | 4.63978e-310 | 1
988634592409138143 | 62 | 2.39103 | 20
1977269184818276286 | 63 | 2.39103 | 20
3954538369636552573 | 64 | 2.39103 | 20
7909076739273105146 | 65 | 2.39103 | 20
-2628590595163341323 | 66 | 2.39103 | 20
-5257181190326682645 | 67 | 2.39103 | 20
7932381693056186326 | 68 | 2.39103 | 20
-2581980687597178964 | 69 | 2.39103 | 20
-5163961375194357928 | 70 | 2.39103 | 20
8118821323320835760 | 71 | 2.39103 | 20
-2209101427067880096 | 72 | 2.26407 | 14
-4418202854135760191 | 73 | 2.26407 | 14
-8836405708271520382 | 74 | 2.26407 | 14
773932657166510852 | 75 | 2.26407 | 14
1547865314333021704 | 76 | 2.26407 | 14
3095730628666043408 | 77 | 1.67058 | 11
6191461257332086816 | 78 | 1.67058 | 11
-6063821559045377983 | 79 | 1.67058 | 11
6319100955618795650 | 80 | 16.7693 | 1
6319100955618795651 | 80 | 24.0597 | 10
3095730628666043409 | 77 | 4.63978e-310 | 3
-2209101427067880095 | 72 | 4.63978e-310 | 6
965463469149549 | 52 | 6.04131 | 34
1930926938299098 | 53 | 6.04131 | 34
3861853876598197 | 54 | 6.04131 | 34
7723707753196394 | 55 | 6.04131 | 34
15447415506392788 | 56 | 2.45926 | 14
30894831012785577 | 57 | 2.45926 | 14
61789662025571155 | 58 | 2.45926 | 14
123579324051142311 | 59 | 2.45926 | 14
247158648102284622 | 60 | 2.45926 | 14
494317296204569244 | 61 | 2.45926 | 14
988634592409138489 | 62 | 2.45926 | 14
1977269184818276978 | 63 | 2.45926 | 14
3954538369636553956 | 64 | 2.45926 | 14
7909076739273107912 | 65 | 2.45926 | 13
-2628590595163335792 | 66 | 2.45926 | 13
-5257181190326671584 | 67 | 2.45926 | 13
7932381693056208449 | 68 | 2.45926 | 13
-2581980687597134718 | 69 | 2.45926 | 13
-5163961375194269435 | 70 | 2.45926 | 13
8118821323321012747 | 71 | 2.45926 | 13
-2209101427067526122 | 72 | 2.45926 | 13
-4418202854135052244 | 73 | 2.45926 | 13
-8836405708270104487 | 74 | 2.45926 | 13
773932657169342643 | 75 | 2.45926 | 13
1547865314338685286 | 76 | 2.45926 | 13
3095730628677370572 | 77 | 2.45926 | 13
6191461257354741145 | 78 | 2.45926 | 13
-6063821559000069326 | 79 | 2.45926 | 13
6319100955709412964 | 80 | 4.50417 | 9
6319100955709412965 | 80 | 1.21181 | 4
7909076739273107913 | 65 | 4.63978e-310 | 1
15447415506392789 | 56 | 4.31461 | 20
30894831012785579 | 57 | 4.31461 | 20
61789662025571159 | 58 | 4.31461 | 20
123579324051142318 | 59 | 4.31461 | 20
247158648102284636 | 60 | 4.31461 | 20
494317296204569273 | 61 | 4.31461 | 20
988634592409138546 | 62 | 4.31461 | 20
1977269184818277093 | 63 | 4.31461 | 20
3954538369636554186 | 64 | 4.31461 | 20
7909076739273108373 | 65 | 4.31461 | 20
-2628590595163334870 | 66 | 6.63854 | 2
-2628590595163334869 | 66 | 4.19244 | 18
-5257181190326669737 | 67 | 4.19244 | 18
7932381693056212142 | 68 | 4.19244 | 18
-2581980687597127332 | 69 | 4.19244 | 18
-5163961375194254663 | 70 | 4.19244 | 18
8118821323321042290 | 71 | 0.379769 | 10
8118821323321042291 | 71 | 0.166883 | 8
115092215 | 29 | 12.1353 | 70
230184431 | 30 | 12.1353 | 70
460368863 | 31 | 12.1353 | 70
920737727 | 32 | 12.1353 | 70
1841475454 | 33 | 12.1353 | 70
3682950908 | 34 | 12.1353 | 70
7365901816 | 35 | 12.1353 | 67
14731803632 | 36 | 12.1353 | 67
29463607264 | 37 | 12.1353 | 67
58927214528 | 38 | 11.6921 | 42
117854429056 | 39 | 11.6921 | 42
235708858112 | 40 | 11.6921 | 42
471417716224 | 41 | 8.67099 | 13
942835432448 | 42 | 8.67099 | 13
1885670864897 | 43 | 8.67099 | 13
3771341729795 | 44 | 8.67099 | 13
7542683459590 | 45 | 0.33286 | 1
7542683459591 | 45 | 7.86126 | 12
15085366919183 | 46 | 7.86126 | 12
30170733838366 | 47 | 7.86126 | 12
60341467676733 | 48 | 7.86126 | 12
120682935353467 | 49 | 7.86126 | 12
241365870706934 | 50 | 7.86126 | 12
482731741413869 | 51 | 7.86126 | 12
965463482827739 | 52 | 7.86126 | 12
1930926965655478 | 53 | 7.86126 | 12
3861853931310957 | 54 | 7.86126 | 12
7723707862621914 | 55 | 7.86126 | 12
15447415725243828 | 56 | 7.86126 | 12
30894831450487657 | 57 | 7.86126 | 12
61789662900975314 | 58 | 6.91864 | 5
61789662900975315 | 58 | 1.58101e-322 | 7
471417716225 | 41 | 11.6921 | 29
942835432451 | 42 | 11.6921 | 29
1885670864902 | 43 | 8.52585 | 25
3771341729804 | 44 | 8.52585 | 25
7542683459608 | 45 | 4.63978e-310 | 4
7542683459609 | 45 | 7.00345 | 21
15085366919218 | 46 | 7.00345 | 21
30170733838437 | 47 | 7.00345 | 21
60341467676874 | 48 | 12.2604 | 1
60341467676875 | 48 | 6.2906 | 20
120682935353750 | 49 | 4.63978e-310 | 8
120682935353751 | 49 | 3.94582 | 12
241365870707503 | 50 | 3.94582 | 12
482731741415007 | 51 | 3.94582 | 12
965463482830014 | 52 | 3.94582 | 12
1930926965660029 | 53 | 3.94582 | 12
3861853931320059 | 54 | 3.94582 | 12
7723707862640118 | 55 | 0.805951 | 1
7723707862640119 | 55 | 3.12025 | 11
15447415725280238 | 56 | 3.12025 | 11
30894831450560477 | 57 | 3.12025 | 11
61789662901120954 | 58 | 3.12025 | 11
123579325802241909 | 59 | 3.12025 | 11
247158651604483818 | 60 | 6.90513e-310 | 2
247158651604483819 | 60 | 6.37345e-322 | 9
1885670864903 | 43 | 4.63978e-310 | 4
58927214529 | 38 | 12.0319 | 25
117854429058 | 39 | 4.63978e-310 | 2
117854429059 | 39 | 9.44419 | 23
235708858118 | 40 | 9.44419 | 21
471417716237 | 41 | 9.44419 | 21
942835432475 | 42 | 9.44419 | 21
1885670864950 | 43 | 9.44419 | 21
3771341729900 | 44 | 9.44419 | 21
7542683459800 | 45 | 9.44419 | 21
15085366919601 | 46 | 9.44419 | 21
30170733839202 | 47 | 9.44419 | 21
60341467678404 | 48 | 9.44419 | 21
120682935356809 | 49 | 9.44419 | 21
241365870713619 | 50 | 9.44419 | 21
482731741427239 | 51 | 9.44419 | 21
965463482854478 | 52 | 6.97638 | 19
1930926965708956 | 53 | 6.97638 | 19
3861853931417912 | 54 | 6.90044 | 5
3861853931417913 | 54 | 4.00004 | 14
7723707862835826 | 55 | 4.63978e-310 | 7
7723707862835827 | 55 | 4.63978e-310 | 7
965463482854479 | 52 | 4.63978e-310 | 2
235708858119 | 40 | 4.63978e-310 | 2
7365901817 | 35 | 4.63978e-310 | 3
449579 | 21 | 16.779 | 151
899159 | 22 | 16.779 | 151
1798318 | 23 | 16.779 | 151
3596636 | 24 | 16.779 | 151
7193273 | 25 | 16.779 | 151
14386546 | 26 | 16.779 | 151
28773092 | 27 | 16.779 | 151
57546185 | 28 | 16.779 | 151
115092370 | 29 | 16.779 | 151
230184741 | 30 | 16.779 | 151
460369483 | 31 | 16.779 | 151
920738967 | 32 | 16.779 | 151
1841477935 | 33 | 16.779 | 151
3682955870 | 34 | 14.6436 | 104
7365911740 | 35 | 12.3217 | 37
14731823480 | 36 | 12.3217 | 37
29463646961 | 37 | 12.3217 | 37
58927293922 | 38 | 12.3217 | 37
117854587844 | 39 | 12.3217 | 37
235709175688 | 40 | 12.3217 | 37
471418351376 | 41 | 12.3217 | 37
942836702752 | 42 | 12.3217 | 37
1885673405504 | 43 | 12.3217 | 37
3771346811008 | 44 | 12.3217 | 37
7542693622017 | 45 | 12.3217 | 37
15085387244035 | 46 | 12.3217 | 37
30170774488070 | 47 | 12.3217 | 37
60341548976140 | 48 | 4.19226 | 16
120683097952280 | 49 | 4.19226 | 14
241366195904560 | 50 | 6.90513e-310 | 7
241366195904561 | 50 | 6.023 | 7
120683097952281 | 49 | 4.63978e-310 | 2
60341548976141 | 48 | 8.5079 | 21
120683097952282 | 49 | 8.5079 | 21
241366195904565 | 50 | 8.5079 | 21
482732391809130 | 51 | 8.5079 | 21
965464783618260 | 52 | 8.5079 | 21
1930929567236521 | 53 | 8.5079 | 21
3861859134473042 | 54 | 8.5079 | 21
7723718268946084 | 55 | 6.43662 | 15
15447436537892168 | 56 | 6.43662 | 15
30894873075784337 | 57 | 6.43662 | 15
61789746151568674 | 58 | 16.4704 | 6
61789746151568675 | 58 | 1.26407 | 9
7723718268946085 | 55 | 4.63978e-310 | 6
7365911741 | 35 | 13.0043 | 67
14731823483 | 36 | 13.0043 | 67
29463646966 | 37 | 8.17316 | 22
58927293932 | 38 | 42.6821 | 9
58927293933 | 38 | 6.50551 | 13
117854587866 | 39 | 6.90513e-310 | 1
117854587867 | 39 | 4.20486 | 12
235709175734 | 40 | 4.20486 | 12
471418351468 | 41 | 4.20486 | 12
942836702937 | 42 | 4.20486 | 12
1885673405875 | 43 | 4.20486 | 12
3771346811750 | 44 | 4.20486 | 12
7542693623500 | 45 | 4.20486 | 12
15085387247001 | 46 | 4.20486 | 12
30170774494002 | 47 | 4.20486 | 12
60341548988004 | 48 | 4.20486 | 12
120683097976009 | 49 | 4.20486 | 12
241366195952019 | 50 | 4.20486 | 12
482732391904039 | 51 | 4.20486 | 12
965464783808079 | 52 | 4.20486 | 12
1930929567616158 | 53 | 4.20486 | 12
3861859135232316 | 54 | 4.20486 | 12
7723718270464632 | 55 | 4.20486 | 12
15447436540929264 | 56 | 7.54528 | 4
15447436540929265 | 56 | 17.5751 | 8
29463646967 | 37 | 7.97073 | 45
58927293934 | 38 | 5.68188 | 19
117854587868 | 39 | 5.68188 | 19
235709175737 | 40 | 5.68188 | 19
471418351475 | 41 | 5.68188 | 19
942836702950 | 42 | 5.68188 | 19
1885673405901 | 43 | 5.68188 | 19
3771346811802 | 44 | 5.68188 | 19
7542693623604 | 45 | 5.68188 | 19
15085387247209 | 46 | 5.68188 | 19
30170774494419 | 47 | 5.68188 | 19
60341548988839 | 48 | 5.68188 | 19
120683097977678 | 49 | 5.68188 | 19
241366195955356 | 50 | 5.68188 | 19
482732391910712 | 51 | 4.04167 | 13
965464783821424 | 52 | 4.04167 | 13
1930929567642848 | 53 | 11.4833 | 8
1930929567642849 | 53 | 0.392732 | 5
482732391910713 | 51 | 4.63978e-310 | 6
58927293935 | 38 | 5.15409 | 26
117854587870 | 39 | 5.15409 | 26
235709175740 | 40 | 5.15409 | 26
471418351480 | 41 | 4.21377 | 20
942836702960 | 42 | 3.18289 | 18
1885673405920 | 43 | 3.18289 | 18
3771346811841 | 44 | 3.18289 | 18
7542693623683 | 45 | 3.18289 | 18
15085387247367 | 46 | 3.18289 | 18
30170774494734 | 47 | 3.18289 | 17
60341548989469 | 48 | 3.18289 | 17
120683097978939 | 49 | 3.18289 | 17
241366195957878 | 50 | 3.15672 | 11
482732391915756 | 51 | 3.15672 | 11
965464783831512 | 52 | 3.15672 | 11
1930929567663024 | 53 | 3.15672 | 11
3861859135326049 | 54 | 3.15672 | 11
7723718270652098 | 55 | 3.15672 | 11
15447436541304197 | 56 | 3.15672 | 11
30894873082608394 | 57 | 0.479922 | 4
30894873082608395 | 57 | 2.07883 | 7
241366195957879 | 50 | 4.63978e-310 | 6
30170774494735 | 47 | 4.63978e-310 | 1
942836702961 | 42 | 4.63978e-310 | 2
471418351481 | 41 | 4.63978e-310 | 6
3682955871 | 34 | 9.09265 | 47
7365911742 | 35 | 4.68522 | 23
14731823485 | 36 | 4.68522 | 23
29463646971 | 37 | 4.68522 | 23
58927293943 | 38 | 4.68522 | 23
117854587887 | 39 | 4.68522 | 23
235709175774 | 40 | 4.79244e-322 | 7
235709175775 | 40 | 4.10216 | 16
471418351551 | 41 | 4.10216 | 16
942836703103 | 42 | 4.10216 | 16
1885673406207 | 43 | 4.10216 | 16
3771346812414 | 44 | 4.10216 | 16
7542693624828 | 45 | 4.10216 | 16
15085387249656 | 46 | 4.10216 | 16
30170774499312 | 47 | 2.94244 | 3
30170774499313 | 47 | 2.89062 | 13
60341548998626 | 48 | 2.89062 | 13
120683097997253 | 49 | 2.89062 | 13
241366195994506 | 50 | 2.89062 | 13
482732391989012 | 51 | 2.89062 | 13
965464783978024 | 52 | 2.89062 | 13
1930929567956049 | 53 | 2.89062 | 13
3861859135912098 | 54 | 2.89062 | 13
7723718271824197 | 55 | 2.89062 | 13
15447436543648395 | 56 | 2.89062 | 13
30894873087296790 | 57 | 2.89062 | 13
61789746174593580 | 58 | 2.89062 | 13
123579492349187161 | 59 | 2.89062 | 13
247158984698374322 | 60 | 2.89062 | 13
494317969396748644 | 61 | 2.89062 | 13
988635938793497289 | 62 | 2.89062 | 13
1977271877586994579 | 63 | 2.89062 | 13
3954543755173989158 | 64 | 2.89062 | 13
7909087510347978316 | 65 | 2.89062 | 13
-2628569053013594984 | 66 | 2.89062 | 13
-5257138106027189968 | 67 | 2.89062 | 13
7932467861655171681 | 68 | 2.89062 | 13
-2581808350399208253 | 69 | 2.89062 | 13
-5163616700798416505 | 70 | 2.89062 | 13
8119510672112718606 | 71 | 2.32962 | 12
-2207722729484114403 | 72 | 2.32962 | 12
-4415445458968228805 | 73 | 2.32962 | 12
-8830890917936457610 | 74 | 2.32962 | 12
784962237836636397 | 75 | 2.32962 | 12
1569924475673272795 | 76 | 2.32962 | 12
3139848951346545590 | 77 | 2.32962 | 12
6279697902693091180 | 78 | 1.94545 | 11
-5887348268323369256 | 79 | 1.94545 | 11
6672047537062813104 | 80 | 1.94545 | 11
-5102648999583925408 | 81 | 6.90513e-310 | 6
-5102648999583925407 | 81 | 1.11165e-321 | 5
6279697902693091181 | 78 | 4.63978e-310 | 1
8119510672112718607 | 71 | 4.63978e-310 | 1
7365911743 | 35 | 3.68871 | 24
14731823487 | 36 | 3.68871 | 24
29463646974 | 37 | 3.68871 | 24
58927293948 | 38 | 3.68871 | 24
117854587897 | 39 | 3.68871 | 24
235709175794 | 40 | 3.68871 | 24
471418351589 | 41 | 3.68871 | 24
942836703178 | 42 | 3.68871 | 24
1885673406356 | 43 | 3.68871 | 24
3771346812713 | 44 | 3.68871 | 24
7542693625426 | 45 | 3.68871 | 24
15085387250853 | 46 | 3.68871 | 24
30170774501706 | 47 | 3.25746 | 22
60341549003412 | 48 | 3.25746 | 22
120683098006825 | 49 | 3.25746 | 22
241366196013650 | 50 | 4.63978e-310 | 3
241366196013651 | 50 | 2.85304 | 19
482732392027302 | 51 | 2.85304 | 19
965464784054604 | 52 | 2.85304 | 19
1930929568109208 | 53 | 2.85304 | 19
3861859136218416 | 54 | 2.85304 | 19
7723718272436833 | 55 | 2.85304 | 19
15447436544873667 | 56 | 2.85304 | 19
30894873089747335 | 57 | 2.85304 | 19
61789746179494671 | 58 | 2.85304 | 19
123579492358989342 | 59 | 2.85304 | 19
247158984717978685 | 60 | 2.85304 | 19
494317969435957370 | 61 | 4.63978e-310 | 6
494317969435957371 | 61 | 2.35956 | 13
988635938871914742 | 62 | 2.35956 | 13
1977271877743829484 | 63 | 2.35956 | 13
3954543755487658969 | 64 | 2.35956 | 13
7909087510975317938 | 65 | 2.29107 | 11
-2628569051758915739 | 66 | 2.29107 | 11
-5257138103517831478 | 67 | 2.29107 | 11
7932467866673888661 | 68 | 2.29107 | 11
-2581808340361774293 | 69 | 2.29107 | 11
-5163616680723548586 | 70 | 2.29107 | 11
8119510712262454445 | 71 | 2.29107 | 11
-2207722649184642725 | 72 | 2.29107 | 11
-4415445298369285450 | 73 | 2.29107 | 11
-8830890596738570900 | 74 | 2.29107 | 11
784962880232409817 | 75 | 2.29107 | 11
1569925760464819635 | 76 | 2.29107 | 11
3139851520929639271 | 77 | 2.29107 | 11
6279703041859278542 | 78 | 2.29107 | 11
-5887337989990994531 | 79 | 2.29107 | 11
6672068093727562555 | 80 | 2.29107 | 11
-5102607886254426505 | 81 | 2.29107 | 11
8241528301200698606 | 82 | 2.29107 | 11
-1963687471308154403 | 83 | 2.29107 | 11
-3927374942616308806 | 84 | 2.29107 | 11
-7854749885232617612 | 85 | 2.29107 | 11
2737244303244316393 | 86 | 2.29107 | 11
5474488606488632786 | 87 | 2.29107 | 11
-7497766860732286044 | 88 | 2.29107 | 11
3451210352244979528 | 89 | 2.29107 | 11
6902420704489959056 | 90 | 2.29107 | 11
-4641902664729633503 | 91 | 2.29107 | 11
9162938744250284611 | 92 | 2.29107 | 11
-120866585208982393 | 93 | 2.29107 | 11
-241733170417964785 | 94 | 2.29107 | 11
-483466340835929569 | 95 | 2.29107 | 11
-966932681671859138 | 96 | 2.29107 | 11
-1933865363343718276 | 97 | 79.3389 | 6
-1933865363343718275 | 97 | 116.171 | 5
7909087510975317939 | 65 | 4.63978e-310 | 2
30170774501707 | 47 | 4.63978e-310 | 2
112395 | 19 | 12.5681 | 44
224790 | 20 | 12.5681 | 44
449581 | 21 | 12.5681 | 44
899162 | 22 | 12.5681 | 44
1798324 | 23 | 12.5681 | 44
3596649 | 24 | 12.5681 | 44
7193298 | 25 | 12.5681 | 44
14386597 | 26 | 12.5681 | 44
28773195 | 27 | 12.5681 | 44
57546390 | 28 | 12.5681 | 44
115092780 | 29 | 4.63978e-310 | 10
115092781 | 29 | 11.9731 | 34
230185563 | 30 | 11.9731 | 34
460371127 | 31 | 11.9731 | 34
920742254 | 32 | 11.9731 | 34
1841484508 | 33 | 11.3379 | 24
3682969016 | 34 | 11.3379 | 24
7365938032 | 35 | 10.895 | 23
14731876064 | 36 | 10.895 | 23
29463752129 | 37 | 10.895 | 23
58927504259 | 38 | 10.895 | 23
117855008519 | 39 | 10.895 | 23
235710017039 | 40 | 10.895 | 23
471420034079 | 41 | 10.895 | 23
942840068158 | 42 | 10.895 | 23
1885680136317 | 43 | 10.895 | 23
3771360272634 | 44 | 10.895 | 23
7542720545269 | 45 | 10.895 | 23
15085441090538 | 46 | 4.63978e-310 | 10
15085441090539 | 46 | 10.4528 | 13
30170882181078 | 47 | 10.4528 | 13
60341764362156 | 48 | 4.63978e-310 | 3
60341764362157 | 48 | 0.634437 | 10
7365938033 | 35 | 4.63978e-310 | 1
1841484509 | 33 | 4.63978e-310 | 10
1757 | 13 | 11.3255 | 183
3514 | 14 | 7.92177 | 61
7029 | 15 | 7.92177 | 61
14059 | 16 | 7.92177 | 61
28118 | 17 | 7.92177 | 61
56236 | 18 | 7.92177 | 61
112472 | 19 | 7.92177 | 61
224944 | 20 | 7.92177 | 61
449889 | 21 | 7.92177 | 61
899779 | 22 | 7.92177 | 61
1799558 | 23 | 7.92177 | 61
3599117 | 24 | 7.92177 | 61
7198234 | 25 | 7.92177 | 61
14396469 | 26 | 7.92177 | 61
28792938 | 27 | 4.12137 | 35
57585877 | 28 | 4.12137 | 35
115171754 | 29 | 4.12137 | 35
230343509 | 30 | 4.12137 | 35
460687018 | 31 | 4.12137 | 35
921374037 | 32 | 4.12137 | 35
1842748074 | 33 | 2.35496 | 15
3685496149 | 34 | 2.35496 | 15
7370992298 | 35 | 13.7181 | 4
7370992299 | 35 | 2.0676 | 11
14741984598 | 36 | 2.0676 | 11
29483969196 | 37 | 4.63978e-310 | 1
29483969197 | 37 | 4.63978e-310 | 10
1842748075 | 33 | 2.19122 | 20
3685496151 | 34 | 2.19122 | 20
7370992302 | 35 | 2.19122 | 20
14741984605 | 36 | 2.19122 | 20
29483969211 | 37 | 2.19122 | 20
58967938423 | 38 | 2.19122 | 20
117935876846 | 39 | 2.19122 | 20
235871753692 | 40 | 2.19122 | 20
471743507384 | 41 | 2.19122 | 20
943487014769 | 42 | 2.19122 | 20
1886974029539 | 43 | 2.19122 | 20
3773948059079 | 44 | 2.19122 | 20
7547896118159 | 45 | 2.19122 | 20
15095792236318 | 46 | 2.19122 | 20
30191584472637 | 47 | 2.19122 | 20
60383168945274 | 48 | 4.63978e-310 | 1
60383168945275 | 48 | 1.68336 | 19
120766337890551 | 49 | 1.68336 | 19
241532675781102 | 50 | 1.68336 | 19
483065351562204 | 51 | 4.63978e-310 | 7
483065351562205 | 51 | 1.49193 | 12
966130703124410 | 52 | 1.49193 | 12
1932261406248821 | 53 | 1.49193 | 12
3864522812497642 | 54 | 1.49193 | 12
7729045624995284 | 55 | 1.49193 | 12
15458091249990568 | 56 | 1.63042e-322 | 10
15458091249990569 | 56 | 1.63042e-322 | 2
28792939 | 27 | 3.94082 | 26
57585879 | 28 | 3.94082 | 26
115171758 | 29 | 3.94082 | 26
230343516 | 30 | 3.94082 | 26
460687032 | 31 | 3.94082 | 26
921374064 | 32 | 3.94082 | 26
1842748128 | 33 | 4.63978e-310 | 6
1842748129 | 33 | 3.28449 | 20
3685496259 | 34 | 3.28449 | 20
7370992519 | 35 | 3.28449 | 20
14741985038 | 36 | 3.28449 | 20
29483970077 | 37 | 3.28449 | 20
58967940155 | 38 | 3.28449 | 20
117935880310 | 39 | 3.28449 | 20
235871760621 | 40 | 3.28449 | 20
471743521243 | 41 | 3.28449 | 20
943487042486 | 42 | 3.28449 | 20
1886974084973 | 43 | 3.28449 | 20
3773948169946 | 44 | 1.63042e-322 | 2
3773948169947 | 44 | 2.75974 | 18
7547896339894 | 45 | 2.75974 | 18
15095792679788 | 46 | 2.27941 | 16
30191585359576 | 47 | 1.63042e-322 | 4
30191585359577 | 47 | 1.66827 | 12
60383170719154 | 48 | 1.66827 | 12
120766341438308 | 49 | 1.66827 | 12
241532682876616 | 50 | 1.66827 | 12
483065365753232 | 51 | 1.66827 | 12
966130731506464 | 52 | 1.66827 | 12
1932261463012929 | 53 | 1.66827 | 12
3864522926025858 | 54 | 1.58101e-322 | 8
3864522926025859 | 54 | 1.58101e-322 | 4
15095792679789 | 46 | 1.58101e-322 | 2
3515 | 14 | 9.71404 | 122
7030 | 15 | 9.71404 | 122
14061 | 16 | 9.71404 | 122
28122 | 17 | 7.89223 | 26
56245 | 18 | 7.89223 | 26
112491 | 19 | 7.89223 | 26
224983 | 20 | 7.89223 | 26
449967 | 21 | 7.89223 | 26
899934 | 22 | 7.89223 | 26
1799868 | 23 | 7.89223 | 26
3599736 | 24 | 4.66019 | 17
7199473 | 25 | 4.66019 | 17
14398947 | 26 | 4.66019 | 17
28797895 | 27 | 4.66019 | 17
57595791 | 28 | 4.66019 | 17
115191583 | 29 | 4.66019 | 17
230383167 | 30 | 4.66019 | 17
460766334 | 31 | 4.66019 | 17
921532668 | 32 | 4.66019 | 17
1843065336 | 33 | 4.66019 | 17
3686130672 | 34 | 4.66019 | 17
7372261344 | 35 | 4.66019 | 17
14744522688 | 36 | 1.58101e-322 | 2
14744522689 | 36 | 3.99622 | 15
29489045379 | 37 | 3.99622 | 15
58978090759 | 38 | 3.99622 | 15
117956181519 | 39 | 3.99622 | 15
235912363038 | 40 | 3.99622 | 15
471824726077 | 41 | 3.99622 | 15
943649452154 | 42 | 3.99622 | 15
1887298904308 | 43 | 3.99622 | 15
3774597808617 | 44 | 3.99622 | 15
7549195617235 | 45 | 3.99622 | 15
15098391234471 | 46 | 3.99622 | 15
30196782468942 | 47 | 3.99622 | 14
60393564937884 | 48 | 3.99622 | 14
120787129875768 | 49 | 1.63042e-322 | 6
120787129875769 | 49 | 1.63042e-322 | 8
30196782468943 | 47 | 1.63042e-322 | 1
3599737 | 24 | 4.63978e-310 | 9
28123 | 17 | 8.37333 | 96
56246 | 18 | 8.37333 | 96
112492 | 19 | 8.37333 | 96
224984 | 20 | 8.37333 | 96
449968 | 21 | 6.2036 | 66
899936 | 22 | 6.2036 | 66
1799873 | 23 | 6.2036 | 66
3599746 | 24 | 5.3433 | 61
7199492 | 25 | 5.3433 | 61
14398984 | 26 | 1.63042e-322 | 10
14398985 | 26 | 4.87256 | 51
28797970 | 27 | 4.87256 | 51
57595941 | 28 | 4.87256 | 51
115191882 | 29 | 4.6085 | 49
230383765 | 30 | 4.6085 | 49
460767530 | 31 | 4.6085 | 49
921535061 | 32 | 4.6085 | 49
1843070123 | 33 | 4.6085 | 49
3686140246 | 34 | 4.6085 | 49
7372280492 | 35 | 4.6085 | 49
14744560985 | 36 | 4.6085 | 49
29489121970 | 37 | 4.6085 | 49
58978243940 | 38 | 4.6085 | 49
117956487881 | 39 | 4.6085 | 49
235912975763 | 40 | 4.6085 | 49
471825951526 | 41 | 4.6085 | 49
943651903052 | 42 | 4.6085 | 49
1887303806104 | 43 | 4.6085 | 49
3774607612209 | 44 | 4.6085 | 49
7549215224419 | 45 | 4.6085 | 49
15098430448839 | 46 | 4.6085 | 49
30196860897678 | 47 | 4.6085 | 49
60393721795356 | 48 | 3.06057 | 32
120787443590712 | 49 | 3.06057 | 32
241574887181424 | 50 | 3.06057 | 32
483149774362849 | 51 | 3.06057 | 32
966299548725699 | 52 | 3.06057 | 32
1932599097451399 | 53 | 3.06057 | 32
3865198194902798 | 54 | 1.77085 | 13
7730396389805597 | 55 | 1.77085 | 13
15460792779611195 | 56 | 1.77085 | 13
30921585559222390 | 57 | 1.77085 | 13
61843171118444780 | 58 | 1.77085 | 13
123686342236889561 | 59 | 1.77085 | 13
247372684473779122 | 60 | 4.63978e-310 | 7
247372684473779123 | 60 | 4.63978e-310 | 6
3865198194902799 | 54 | 2.61524 | 19
7730396389805599 | 55 | 2.61524 | 19
15460792779611198 | 56 | 2.61524 | 19
30921585559222396 | 57 | 2.61524 | 19
61843171118444793 | 58 | 2.61524 | 19
123686342236889586 | 59 | 4.63978e-310 | 7
123686342236889587 | 59 | 2.10934 | 12
247372684473779174 | 60 | 2.10934 | 12
494745368947558348 | 61 | 2.10934 | 12
989490737895116697 | 62 | 2.10934 | 12
1978981475790233394 | 63 | 2.11825 | 10
1978981475790233395 | 63 | 1.22784 | 2
60393721795357 | 48 | 2.05737 | 17
120787443590714 | 49 | 2.05737 | 17
241574887181428 | 50 | 2.05737 | 15
483149774362857 | 51 | 2.05737 | 15
966299548725714 | 52 | 2.05737 | 15
1932599097451429 | 53 | 2.05737 | 15
3865198194902859 | 54 | 2.05737 | 15
7730396389805718 | 55 | 2.05737 | 15
15460792779611437 | 56 | 2.05737 | 15
30921585559222875 | 57 | 2.05737 | 15
61843171118445751 | 58 | 2.05737 | 15
123686342236891502 | 59 | 2.05737 | 15
247372684473783004 | 60 | 2.05737 | 15
494745368947566009 | 61 | 2.05737 | 15
989490737895132018 | 62 | 1.63042e-322 | 3
989490737895132019 | 62 | 1.84838 | 12
1978981475790264039 | 63 | 1.84838 | 12
3957962951580528078 | 64 | 1.84838 | 12
7915925903161056156 | 65 | 31.3989 | 2
7915925903161056157 | 65 | 29.0157 | 10
241574887181429 | 50 | 4.63978e-310 | 2
115191883 | 29 | 4.63978e-310 | 2
3599747 | 24 | 4.63978e-310 | 5
449969 | 21 | 3.81578 | 30
899939 | 22 | 3.81578 | 30
1799878 | 23 | 3.81578 | 30
3599757 | 24 | 3.81578 | 30
7199515 | 25 | 3.81578 | 30
14399031 | 26 | 3.81578 | 30
28798063 | 27 | 3.81578 | 30
57596127 | 28 | 3.81578 | 30
115192255 | 29 | 3.81578 | 30
230384510 | 30 | 0.570804 | 9
230384511 | 30 | 3.10588 | 21
460769022 | 31 | 3.10588 | 21
921538044 | 32 | 3.10588 | 21
1843076088 | 33 | 3.10588 | 21
3686152177 | 34 | 3.10588 | 21
7372304354 | 35 | 2.41613 | 17
14744608708 | 36 | 2.41613 | 17
29489217416 | 37 | 2.41613 | 17
58978434832 | 38 | 2.41613 | 17
117956869664 | 39 | 1.58101e-322 | 4
117956869665 | 39 | 2.36828 | 13
235913739330 | 40 | 2.36828 | 13
471827478661 | 41 | 2.36828 | 13
943654957323 | 42 | 2.36828 | 13
1887309914647 | 43 | 2.36828 | 13
3774619829295 | 44 | 2.36828 | 13
7549239658591 | 45 | 2.36828 | 13
15098479317183 | 46 | 2.36828 | 13
30196958634366 | 47 | 2.36828 | 13
60393917268732 | 48 | 2.36828 | 13
120787834537465 | 49 | 2.36828 | 13
241575669074931 | 50 | 2.36828 | 13
483151338149862 | 51 | 2.36828 | 13
966302676299724 | 52 | 2.36828 | 13
1932605352599449 | 53 | 2.36828 | 13
3865210705198898 | 54 | 2.36828 | 13
7730421410397797 | 55 | 2.36828 | 13
15460842820795594 | 56 | 2.36828 | 13
30921685641591189 | 57 | 2.36828 | 13
61843371283182379 | 58 | 2.36828 | 13
123686742566364759 | 59 | 2.36828 | 13
247373485132729519 | 60 | 2.36828 | 13
494746970265459038 | 61 | 2.36828 | 13
989493940530918076 | 62 | 2.36828 | 13
1978987881061836153 | 63 | 2.36828 | 13
3957975762123672306 | 64 | 2.36828 | 13
7915951524247344613 | 65 | 2.36828 | 13
-2614841025214862390 | 66 | 2.36828 | 13
-5229682050429724780 | 67 | 2.36828 | 13
7987379972850102056 | 68 | 2.36828 | 13
-2471984128009347504 | 69 | 2.36828 | 13
-4943968256018695007 | 70 | 2.36828 | 13
8558807561672161602 | 71 | 2.36828 | 13
-1329128950365228412 | 72 | 2.36828 | 13
-2658257900730456823 | 73 | 2.36828 | 13
-5316515801460913646 | 74 | 2.36828 | 13
7813712470787724324 | 75 | 2.36828 | 13
-2819319132134102968 | 76 | 2.36828 | 13
-5638638264268205936 | 77 | 2.36828 | 13
7169467545173139744 | 78 | 2.36828 | 13
-4107808983363272127 | 79 | 2.36828 | 13
-8215617966726544253 | 80 | 2.36828 | 13
2015508140256463110 | 81 | 2.36828 | 13
4031016280512926221 | 82 | 2.36828 | 13
8062032561025852443 | 83 | 2.36828 | 13
-2322678951657846729 | 84 | 2.36828 | 13
-4645357903315693458 | 85 | 2.36828 | 13
9156028267078164701 | 86 | 2.36828 | 13
-134687539553222214 | 87 | 2.36828 | 13
-269375079106444428 | 88 | 2.36828 | 13
-538750158212888856 | 89 | 1.77239 | 2
-538750158212888855 | 89 | 1.80592 | 11
-1077500316425777710 | 90 | 1.80592 | 11
-2155000632851555419 | 91 | 1.80592 | 11
-4310001265703110837 | 92 | 1.80592 | 11
-8620002531406221674 | 93 | 1.80592 | 11
1206739010897108268 | 94 | 1.80592 | 11
2413478021794216536 | 95 | 1.80592 | 11
4826956043588433072 | 96 | 1.80592 | 11
-8792831986532685471 | 97 | 1.80592 | 11
861080100644180674 | 98 | 0.390861 | 7
861080100644180675 | 98 | 0.566187 | 4
7372304355 | 35 | 4.63978e-310 | 4
