ID | Depth | diameter | Number of points
0 | 0 | 29.316 | 1600
0 | 1 | 29.316 | 1600
1 | 2 | 29.316 | 1600
3 | 3 | 29.316 | 1600
7 | 4 | 29.316 | 1600
15 | 5 | 29.316 | 1600
31 | 6 | 29.316 | 1600
62 | 7 | 29.316 | 1600
124 | 8 | 29.316 | 1580
248 | 9 | 29.316 | 911
496 | 10 | 20.0593 | 140
993 | 11 | 20.0593 | 140
1986 | 12 | 20.0593 | 140
3972 | 13 | 20.0593 | 140
7944 | 14 | 20.0531 | 76
15888 | 15 | 20.0531 | 76
31777 | 16 | 20.0531 | 76
63555 | 17 | 20.0531 | 76
127111 | 18 | 20.0531 | 76
254222 | 19 | 20.0531 | 76
508445 | 20 | 20.0531 | 76
1016890 | 21 | 20.0531 | 76
2033780 | 22 | 20.0531 | 76
4067561 | 23 | 20.0531 | 76
8135122 | 24 | 20.0531 | 76
16270244 | 25 | 20.0531 | 76
32540488 | 26 | 20.0531 | 76
65080977 | 27 | 20.0531 | 76
130161955 | 28 | 20.0531 | 76
260323911 | 29 | 20.0531 | 76
520647823 | 30 | 20.0531 | 76
1041295646 | 31 | 16.611 | 62
2082591293 | 32 | 16.611 | 62
4165182587 | 33 | 16.611 | 62
8330365174 | 34 | 16.611 | 62
16660730349 | 35 | 16.611 | 62
33321460698 | 36 | 16.611 | 62
66642921396 | 37 | 16.611 | 62
133285842792 | 38 | 16.611 | 62
266571685585 | 39 | 16.611 | 62
533143371170 | 40 | 6.90513e-310 | 1
533143371171 | 40 | 15.6642 | 61
1066286742343 | 41 | 15.6642 | 61
2132573484687 | 42 | 15.6642 | 61
4265146969375 | 43 | 15.6642 | 61
8530293938751 | 44 | 15.6642 | 61
17060587877502 | 45 | 15.6642 | 61
34121175755004 | 46 | 15.6642 | 61
68242351510008 | 47 | 15.1096 | 34
136484703020017 | 48 | 15.1096 | 34
272969406040035 | 49 | 15.1096 | 34
545938812080071 | 50 | 15.1096 | 34
1091877624160142 | 51 | 7.76094 | 15
2183755248320284 | 52 | 7.76094 | 15
4367510496640569 | 53 | 7.76094 | 15
8735020993281138 | 54 | 7.76094 | 15
17470041986562276 | 55 | 7.76094 | 15
34940083973124553 | 56 | 7.76094 | 15
69880167946249106 | 57 | 7.76094 | 15
139760335892498213 | 58 | 7.76094 | 15
279520671784996427 | 59 | 7.76094 | 15
559041343569992855 | 60 | 7.76094 | 15
1118082687139985711 | 61 | 7.76094 | 15
2236165374279971422 | 62 | 7.76094 | 15
4472330748559942845 | 63 | 7.76094 | 15
8944661497119885691 | 64 | 7.76094 | 15
-557421079469780234 | 65 | 7.76094 | 15
-1114842158939560468 | 66 | 5.48794 | 12
-2229684317879120935 | 67 | 5.48794 | 12
-4459368635758241870 | 68 | 5.48794 | 12
-8918737271516483740 | 69 | 0 | 5
-8918737271516483739 | 69 | 0 | 7
-1114842158939560467 | 66 | 4.63978e-310 | 3
1091877624160143 | 51 | 7.61969 | 19
2183755248320287 | 52 | 7.61969 | 19
4367510496640575 | 53 | 7.61969 | 19
8735020993281150 | 54 | 7.61969 | 19
17470041986562300 | 55 | 7.61969 | 19
34940083973124601 | 56 | 7.61969 | 19
69880167946249203 | 57 | 7.61969 | 19
139760335892498407 | 58 | 7.61969 | 19
279520671784996815 | 59 | 7.61969 | 19
559041343569993630 | 60 | 6.30502 | 12
1118082687139987260 | 61 | 6.30502 | 12
2236165374279974521 | 62 | 6.30502 | 12
4472330748559949042 | 63 | 6.30502 | 12
8944661497119898085 | 64 | 6.30502 | 12
-557421079469755445 | 65 | 6.30502 | 12
-1114842158939510889 | 66 | 6.30502 | 12
-2229684317879021778 | 67 | 6.30502 | 12
-4459368635758043555 | 68 | 6.30502 | 12
-8918737271516087109 | 69 | 6.30502 | 12
609269530677377398 | 70 | 6.30502 | 12
1218539061354754797 | 71 | 6.30502 | 12
2437078122709509594 | 72 | 6.30502 | 12
4874156245419019188 | 73 | 6.30502 | 12
-8698431582871513239 | 74 | 6.30502 | 12
1049880907966525138 | 75 | 6.30502 | 12
2099761815933050277 | 76 | 6.30502 | 12
4199523631866100554 | 77 | 6.30502 | 12
8399047263732201108 | 78 | 0 | 3
8399047263732201109 | 78 | 4.63978e-310 | 9
559041343569993631 | 60 | 4.63978e-310 | 7
68242351510009 | 47 | 15.1298 | 27
136484703020018 | 48 | 15.1298 | 27
272969406040036 | 49 | 15.1298 | 27
545938812080072 | 50 | 15.1298 | 27
1091877624160144 | 51 | 4.63978e-310 | 3
1091877624160145 | 51 | 11.3629 | 24
2183755248320291 | 52 | 11.3629 | 24
4367510496640583 | 53 | 11.3629 | 24
8735020993281167 | 54 | 11.3629 | 24
17470041986562334 | 55 | 11.3629 | 24
34940083973124669 | 56 | 11.3629 | 24
69880167946249339 | 57 | 11.3629 | 24
139760335892498679 | 58 | 11.3629 | 24
279520671784997358 | 59 | 11.3629 | 17
559041343569994716 | 60 | 11.3629 | 17
1118082687139989432 | 61 | 11.3629 | 17
2236165374279978864 | 62 | 11.3629 | 17
4472330748559957728 | 63 | 11.3629 | 17
8944661497119915457 | 64 | 11.3629 | 17
-557421079469720701 | 65 | 11.3629 | 17
-1114842158939441402 | 66 | 11.3629 | 17
-2229684317878882803 | 67 | 11.3629 | 17
-4459368635757765605 | 68 | 11.3629 | 17
-8918737271515531210 | 69 | 11.3629 | 17
609269530678489196 | 70 | 11.3629 | 17
1218539061356978392 | 71 | 11.3629 | 17
2437078122713956784 | 72 | 10.0456 | 13
4874156245427913568 | 73 | 10.0456 | 13
-8698431582853724479 | 74 | 10.0456 | 13
1049880908002102659 | 75 | 10.0456 | 13
2099761816004205318 | 76 | 10.0456 | 13
4199523632008410636 | 77 | 10.0456 | 13
8399047264016821272 | 78 | 0 | 5
8399047264016821273 | 78 | 0 | 8
2437078122713956785 | 72 | 4.63978e-310 | 4
279520671784997359 | 59 | 4.63978e-310 | 7
1041295647 | 31 | 6.74151 | 14
2082591294 | 32 | 6.74151 | 14
4165182588 | 33 | 6.74151 | 14
8330365177 | 34 | 6.74151 | 14
16660730355 | 35 | 6.74151 | 14
33321460711 | 36 | 6.74151 | 14
66642921422 | 37 | 4.63978e-310 | 8
66642921423 | 37 | 4.63978e-310 | 6
7945 | 14 | 19.4327 | 64
15891 | 15 | 19.4327 | 64
31782 | 16 | 19.4327 | 64
63564 | 17 | 19.4327 | 64
127129 | 18 | 19.4327 | 64
254259 | 19 | 19.4327 | 64
508519 | 20 | 19.4327 | 64
1017038 | 21 | 19.4327 | 64
2034077 | 22 | 19.4327 | 64
4068155 | 23 | 19.4327 | 64
8136310 | 24 | 8.85695 | 22
16272621 | 25 | 8.85695 | 22
32545243 | 26 | 8.85695 | 22
65090487 | 27 | 8.85695 | 22
130180975 | 28 | 8.85695 | 22
260361950 | 29 | 8.85695 | 22
520723901 | 30 | 8.85695 | 22
1041447802 | 31 | 8.85695 | 22
2082895605 | 32 | 8.85695 | 22
4165791210 | 33 | 8.85695 | 22
8331582420 | 34 | 8.4929 | 20
16663164840 | 35 | 8.4929 | 20
33326329680 | 36 | 8.4929 | 20
66652659360 | 37 | 49.4942 | 5
66652659361 | 37 | 4.33201 | 15
133305318722 | 38 | 4.33201 | 13
266610637445 | 39 | 4.33201 | 13
533221274891 | 40 | 4.33201 | 13
1066442549782 | 41 | 263.09 | 1
1066442549783 | 41 | 4.33201 | 12
2132885099566 | 42 | 4.33201 | 12
4265770199133 | 43 | 4.33201 | 12
8531540398266 | 44 | 4.33201 | 12
17063080796533 | 45 | 4.33201 | 12
34126161593066 | 46 | 182.79 | 4
34126161593067 | 46 | 2.60867e-321 | 8
133305318723 | 38 | 4.63978e-310 | 2
8331582421 | 34 | 4.63978e-310 | 2
8136311 | 24 | 11.6103 | 42
16272622 | 25 | 9.42693 | 21
32545244 | 26 | 9.42693 | 21
65090488 | 27 | 9.42693 | 21
130180976 | 28 | 9.42693 | 21
260361953 | 29 | 9.42693 | 21
520723906 | 30 | 7.30857 | 12
1041447812 | 31 | 7.30857 | 12
2082895624 | 32 | 4.63978e-310 | 6
2082895625 | 32 | 1.10638 | 6
520723907 | 30 | 4.63978e-310 | 9
16272623 | 25 | 10.9923 | 21
32545246 | 26 | 10.9923 | 21
65090492 | 27 | 10.9923 | 21
130180984 | 28 | 10.9923 | 21
260361969 | 29 | 10.9923 | 21
520723939 | 30 | 10.9923 | 21
1041447878 | 31 | 10.9923 | 21
2082895757 | 32 | 10.9923 | 21
4165791515 | 33 | 10.9923 | 21
8331583031 | 34 | 10.9923 | 21
16663166062 | 35 | 10.9923 | 21
33326332124 | 36 | 10.9923 | 21
66652664248 | 37 | 10.9923 | 21
133305328496 | 38 | 10.9923 | 21
266610656993 | 39 | 10.9923 | 21
533221313987 | 40 | 10.9923 | 21
1066442627974 | 41 | 10.9923 | 21
2132885255948 | 42 | 0.228103 | 1
2132885255949 | 42 | 3.52623 | 20
4265770511898 | 43 | 3.52623 | 20
8531541023796 | 44 | 3.52623 | 19
17063082047592 | 45 | 3.52623 | 19
34126164095185 | 46 | 3.52623 | 19
68252328190370 | 47 | 3.52623 | 19
136504656380741 | 48 | 3.52623 | 19
273009312761482 | 49 | 3.52623 | 19
546018625522964 | 50 | 3.52623 | 19
1092037251045928 | 51 | 3.52623 | 19
2184074502091857 | 52 | 3.52623 | 19
4368149004183715 | 53 | 3.52623 | 19
8736298008367431 | 54 | 3.52623 | 19
17472596016734863 | 55 | 3.52623 | 19
34945192033469726 | 56 | 2.94658 | 18
69890384066939453 | 57 | 2.94658 | 18
139780768133878907 | 58 | 2.94658 | 18
279561536267757814 | 59 | 3.82942 | 6
279561536267757815 | 59 | 2.92665 | 12
559123072535515631 | 60 | 2.92665 | 12
1118246145071031263 | 61 | 2.92665 | 12
2236492290142062526 | 62 | 2.92665 | 12
4472984580284125052 | 63 | 0.458687 | 8
4472984580284125053 | 63 | 277.068 | 4
34945192033469727 | 56 | 4.63978e-310 | 1
8531541023797 | 44 | 4.63978e-310 | 1
497 | 10 | 22.1403 | 771
995 | 11 | 22.1403 | 771
1991 | 12 | 22.1403 | 771
3982 | 13 | 1.74405e-321 | 7
3983 | 13 | 21.4326 | 764
7966 | 14 | 21.4326 | 764
15932 | 15 | 21.4326 | 764
31865 | 16 | 21.4326 | 764
63731 | 17 | 21.4326 | 764
127462 | 18 | 21.4326 | 764
254925 | 19 | 21.4326 | 764
509851 | 20 | 21.4326 | 764
1019703 | 21 | 21.4326 | 764
2039406 | 22 | 21.4326 | 764
4078812 | 23 | 21.4326 | 764
8157624 | 24 | 17.0135 | 407
16315248 | 25 | 13.8445 | 151
32630496 | 26 | 13.8445 | 151
65260993 | 27 | 13.8445 | 151
130521987 | 28 | 13.8445 | 151
261043974 | 29 | 13.8445 | 151
522087948 | 30 | 9.26095 | 93
1044175897 | 31 | 9.26095 | 93
2088351794 | 32 | 9.26095 | 93
4176703588 | 33 | 9.26095 | 93
8353407176 | 34 | 9.26095 | 93
16706814353 | 35 | 9.26095 | 93
33413628706 | 36 | 9.26095 | 93
66827257412 | 37 | 6.90513e-310 | 6
66827257413 | 37 | 9.157 | 87
133654514827 | 38 | 9.157 | 87
267309029654 | 39 | 9.157 | 87
534618059308 | 40 | 6.90513e-310 | 2
534618059309 | 40 | 9.157 | 85
1069236118618 | 41 | 9.157 | 85
2138472237237 | 42 | 9.157 | 85
4276944474474 | 43 | 7.33075 | 11
8553888948949 | 44 | 7.33075 | 11
17107777897899 | 45 | 7.33075 | 11
34215555795799 | 46 | 7.33075 | 11
68431111591598 | 47 | 47.2006 | 3
68431111591599 | 47 | 4.63978e-310 | 8
4276944474475 | 43 | 8.8162 | 74
8553888948951 | 44 | 8.8162 | 74
17107777897902 | 45 | 8.8162 | 74
34215555795805 | 46 | 8.8162 | 74
68431111591610 | 47 | 8.8162 | 74
136862223183221 | 48 | 8.8162 | 74
273724446366443 | 49 | 8.8162 | 74
547448892732886 | 50 | 8.8162 | 74
1094897785465772 | 51 | 8.8162 | 74
2189795570931544 | 52 | 8.25343 | 30
4379591141863088 | 53 | 8.25343 | 30
8759182283726176 | 54 | 8.25343 | 30
17518364567452352 | 55 | 8.25343 | 30
35036729134904705 | 56 | 8.25343 | 30
70073458269809411 | 57 | 8.25343 | 30
140146916539618823 | 58 | 8.25343 | 30
280293833079237647 | 59 | 8.25343 | 30
560587666158475294 | 60 | 8.25343 | 30
1121175332316950589 | 61 | 8.25343 | 30
2242350664633901179 | 62 | 8.25343 | 30
4484701329267802358 | 63 | 8.25343 | 30
8969402658535604716 | 64 | 7.01866 | 16
-507938756638342184 | 65 | 4.4095 | 9
-507938756638342183 | 65 | 2.3425 | 7
8969402658535604717 | 64 | 8.13865 | 14
-507938756638342182 | 65 | 6.87923 | 11
-1015877513276684364 | 66 | 6.87923 | 11
-2031755026553368727 | 67 | 6.87923 | 11
-4063510053106737454 | 68 | 6.87923 | 11
-8127020106213474907 | 69 | 6.87923 | 11
2192703861282601802 | 70 | 6.87923 | 11
4385407722565203605 | 71 | 6.87923 | 11
8770815445130407211 | 72 | 6.87923 | 11
-905113183448737194 | 73 | 6.87923 | 11
-1810226366897474388 | 74 | 0.956104 | 8
-1810226366897474387 | 74 | 36.1955 | 3
-507938756638342181 | 65 | 4.63978e-310 | 3
2189795570931545 | 52 | 8.59062 | 44
4379591141863091 | 53 | 8.59062 | 44
8759182283726183 | 54 | 8.59062 | 44
17518364567452367 | 55 | 8.59062 | 44
35036729134904735 | 56 | 8.59062 | 44
70073458269809471 | 57 | 8.59062 | 44
140146916539618943 | 58 | 8.59062 | 44
280293833079237886 | 59 | 8.59062 | 44
560587666158475772 | 60 | 8.59062 | 44
1121175332316951544 | 61 | 8.59062 | 44
2242350664633903088 | 62 | 8.59062 | 44
4484701329267806176 | 63 | 8.59062 | 44
8969402658535612353 | 64 | 8.59062 | 44
-507938756638326910 | 65 | 8.59062 | 44
-1015877513276653820 | 66 | 8.59062 | 44
-2031755026553307639 | 67 | 8.59062 | 44
-4063510053106615278 | 68 | 8.59062 | 44
-8127020106213230556 | 69 | 8.59062 | 44
2192703861283090504 | 70 | 8.59062 | 44
4385407722566181008 | 71 | 6.31002 | 28
8770815445132362017 | 72 | 6.31002 | 28
-905113183444827581 | 73 | 6.31002 | 28
-1810226366889655161 | 74 | 6.31002 | 28
-3620452733779310321 | 75 | 6.31002 | 28
-7240905467558620642 | 76 | 6.31002 | 28
3964933138592310333 | 77 | 6.31002 | 28
7929866277184620666 | 78 | 6.31002 | 28
-2587011519340310283 | 79 | 6.31002 | 28
-5174023038680620565 | 80 | 6.31002 | 28
8098697996348310486 | 81 | 6.31002 | 28
-2249348081012930643 | 82 | 6.31002 | 28
-4498696162025861286 | 83 | 6.31002 | 28
-8997392324051722571 | 84 | 6.31002 | 28
451959425606106474 | 85 | 6.31002 | 27
903918851212212949 | 86 | 6.31002 | 27
1807837702424425899 | 87 | 6.31002 | 27
3615675404848851798 | 88 | 6.31002 | 27
7231350809697703597 | 89 | 6.31002 | 27
-3984042454314144421 | 90 | 6.31002 | 27
-7968084908628288842 | 91 | 6.31002 | 27
2510574256452973933 | 92 | 6.31002 | 27
5021148512905947866 | 93 | 6.31002 | 27
-8404447047897655883 | 94 | 6.31002 | 27
1637849977914239851 | 95 | 6.31002 | 27
3275699955828479702 | 96 | 6.31002 | 27
6551399911656959405 | 97 | 6.31002 | 27
-5343944250395632806 | 98 | 4.87609 | 23
7758855572918286004 | 99 | 4.87609 | 23
-2929032927872979608 | 100 | 4.87609 | 23
-5858065855745959215 | 101 | 4.87609 | 23
6730612362217633187 | 102 | 4.87609 | 23
-4985519349274285241 | 103 | 4.87609 | 23
8475705375160981134 | 104 | 1.59597 | 10
8475705375160981135 | 104 | 3.14275 | 13
-1495333323387589345 | 105 | 3.14275 | 13
-2990666646775178689 | 106 | 3.14275 | 13
-5981333293550357377 | 107 | 3.14275 | 13
6484077486608836862 | 108 | 11.4885 | 3
6484077486608836863 | 108 | 4.63978e-310 | 10
-5343944250395632805 | 98 | 4.63978e-310 | 4
451959425606106475 | 85 | 4.63978e-310 | 1
4385407722566181009 | 71 | 2.66548 | 16
8770815445132362018 | 72 | 2.66548 | 16
-905113183444827579 | 73 | 2.66548 | 16
-1810226366889655158 | 74 | 2.66548 | 16
-3620452733779310316 | 75 | 2.66548 | 16
-7240905467558620632 | 76 | 2.66548 | 16
3964933138592310352 | 77 | 2.66548 | 16
7929866277184620704 | 78 | 2.66548 | 16
-2587011519340310207 | 79 | 2.66548 | 16
-5174023038680620413 | 80 | 2.66548 | 16
8098697996348310791 | 81 | 2.66548 | 16
-2249348081012930033 | 82 | 2.66548 | 16
-4498696162025860065 | 83 | 2.66548 | 16
-8997392324051720129 | 84 | 2.66548 | 16
451959425606111358 | 85 | 2.66548 | 16
903918851212222716 | 86 | 4.63978e-310 | 7
903918851212222717 | 86 | 4.63978e-310 | 9
522087949 | 30 | 12.5831 | 58
1044175898 | 31 | 12.5831 | 58
2088351797 | 32 | 12.5831 | 58
4176703594 | 33 | 12.5831 | 58
8353407188 | 34 | 12.5831 | 58
16706814377 | 35 | 12.5831 | 58
33413628754 | 36 | 4.63978e-310 | 1
33413628755 | 36 | 10.3403 | 57
66827257511 | 37 | 10.3403 | 57
133654515022 | 38 | 10.3403 | 57
267309030044 | 39 | 10.3403 | 57
534618060088 | 40 | 10.3403 | 57
1069236120176 | 41 | 10.3403 | 57
2138472240353 | 42 | 10.3403 | 57
4276944480706 | 43 | 10.3403 | 57
8553888961413 | 44 | 10.3403 | 57
17107777922827 | 45 | 10.3403 | 57
34215555845655 | 46 | 10.3403 | 57
68431111691311 | 47 | 10.3403 | 57
136862223382622 | 48 | 10.3403 | 57
273724446765245 | 49 | 10.3403 | 57
547448893530490 | 50 | 10.3403 | 57
1094897787060981 | 51 | 10.3403 | 57
2189795574121962 | 52 | 10.3403 | 57
4379591148243924 | 53 | 10.3403 | 57
8759182296487849 | 54 | 10.3403 | 57
17518364592975698 | 55 | 10.3403 | 57
35036729185951396 | 56 | 10.3403 | 57
70073458371902793 | 57 | 10.3403 | 57
140146916743805587 | 58 | 10.3403 | 57
280293833487611174 | 59 | 10.3403 | 57
560587666975222349 | 60 | 10.3403 | 57
1121175333950444698 | 61 | 10.3403 | 57
2242350667900889396 | 62 | 10.3403 | 57
4484701335801778793 | 63 | 10.3403 | 57
8969402671603557586 | 64 | 10.3403 | 57
-507938730502436444 | 65 | 10.3403 | 57
-1015877461004872887 | 66 | 10.3403 | 57
-2031754922009745774 | 67 | 10.3403 | 57
-4063509844019491547 | 68 | 10.3403 | 57
-8127019688038983093 | 69 | 10.3403 | 57
2192704697631585430 | 70 | 10.3403 | 57
4385409395263170860 | 71 | 8.92724 | 35
8770818790526341721 | 72 | 8.92724 | 35
-905106492656868174 | 73 | 8.92724 | 35
-1810212985313736348 | 74 | 12.9542 | 3
-1810212985313736347 | 74 | 8.10693 | 32
-3620425970627472693 | 75 | 8.10693 | 32
-7240851941254945386 | 76 | 8.10693 | 32
3965040191199660844 | 77 | 8.10693 | 32
7930080382399321688 | 78 | 6.62781 | 21
-2586583308910908240 | 79 | 20.9562 | 2
-2586583308910908239 | 79 | 4.98478 | 19
-5173166617821816478 | 80 | 4.98478 | 19
8100410838065918661 | 81 | 4.98478 | 19
-2245922397577714294 | 82 | 7.12315 | 9
-2245922397577714293 | 82 | 14.5682 | 10
7930080382399321689 | 78 | 5.36784 | 11
-2586583308910908238 | 79 | 5.36784 | 11
-5173166617821816475 | 80 | 5.36784 | 11
8100410838065918666 | 81 | 5.36784 | 11
-2245922397577714284 | 82 | 5.36784 | 11
-4491844795155428568 | 83 | 5.36784 | 11
-8983689590310857135 | 84 | 5.36784 | 11
479364893087837347 | 85 | 5.36784 | 11
958729786175674694 | 86 | 5.36784 | 11
1917459572351349389 | 87 | 5.36784 | 11
3834919144702698779 | 88 | 5.36784 | 11
7669838289405397558 | 89 | 5.36784 | 11
-3107067494898756499 | 90 | 5.36784 | 11
-6214134989797512998 | 91 | 5.36784 | 11
6018474094114525620 | 92 | 4.63978e-310 | 5
6018474094114525621 | 92 | 4.63978e-310 | 6
4385409395263170861 | 71 | 6.82385 | 22
8770818790526341723 | 72 | 6.82385 | 22
-905106492656868170 | 73 | 6.67103 | 16
-1810212985313736340 | 74 | 4.63978e-310 | 4
-1810212985313736339 | 74 | 6.67103 | 12
-3620425970627472677 | 75 | 6.67103 | 12
-7240851941254945353 | 76 | 6.67103 | 12
3965040191199660911 | 77 | 6.67103 | 12
7930080382399321823 | 78 | 6.67103 | 12
-2586583308910907970 | 79 | 6.67103 | 12
-5173166617821815939 | 80 | 6.67103 | 12
8100410838065919738 | 81 | 6.67103 | 12
-2245922397577712140 | 82 | 13.2005 | 9
-2245922397577712139 | 82 | 45.3379 | 3
-905106492656868169 | 73 | 4.63978e-310 | 6
16315249 | 25 | 13.2244 | 256
32630499 | 26 | 13.2244 | 256
65260999 | 27 | 13.2244 | 256
130521998 | 28 | 13.2244 | 256
261043997 | 29 | 13.2244 | 256
522087994 | 30 | 13.2244 | 256
1044175989 | 31 | 13.2244 | 256
2088351979 | 32 | 13.2244 | 256
4176703958 | 33 | 13.2244 | 256
8353407917 | 34 | 13.2244 | 256
16706815834 | 35 | 13.2244 | 256
33413631668 | 36 | 13.2244 | 256
66827263337 | 37 | 13.2244 | 256
133654526675 | 38 | 13.2244 | 256
267309053350 | 39 | 13.2244 | 256
534618106701 | 40 | 13.2244 | 256
1069236213403 | 41 | 13.2244 | 256
2138472426806 | 42 | 7.99752 | 23
4276944853613 | 43 | 7.99752 | 23
8553889707226 | 44 | 7.99752 | 23
17107779414452 | 45 | 7.99752 | 23
34215558828904 | 46 | 7.99752 | 23
68431117657809 | 47 | 7.99752 | 23
136862235315619 | 48 | 7.99752 | 23
273724470631238 | 49 | 7.99752 | 23
547448941262476 | 50 | 57.4464 | 6
547448941262477 | 50 | 5.8693 | 17
1094897882524955 | 51 | 5.8693 | 17
2189795765049911 | 52 | 5.8693 | 17
4379591530099823 | 53 | 5.8693 | 17
8759183060199646 | 54 | 5.8693 | 17
17518366120399292 | 55 | 5.8693 | 17
35036732240798584 | 56 | 5.8693 | 17
70073464481597169 | 57 | 5.8693 | 17
140146928963194339 | 58 | 5.8693 | 17
280293857926388678 | 59 | 5.62615 | 16
560587715852777357 | 60 | 5.62615 | 16
1121175431705554714 | 61 | 5.62615 | 16
2242350863411109428 | 62 | 5.62615 | 16
4484701726822218857 | 63 | 5.62615 | 16
8969403453644437714 | 64 | 5.62615 | 16
-507937166420676187 | 65 | 5.62615 | 16
-1015874332841352373 | 66 | 5.62615 | 16
-2031748665682704745 | 67 | 5.62615 | 16
-4063497331365409489 | 68 | 5.62615 | 16
-8126994662730818978 | 69 | 5.62615 | 16
2192754748247913661 | 70 | 5.62615 | 16
4385509496495827322 | 71 | 3.13574 | 6
4385509496495827323 | 71 | 6.37345e-322 | 10
280293857926388679 | 59 | 4.63978e-310 | 1
2138472426807 | 42 | 11.9008 | 233
4276944853614 | 43 | 11.9008 | 233
8553889707228 | 44 | 8.91215 | 111
17107779414456 | 45 | 7.7973 | 97
34215558828912 | 46 | 7.7973 | 97
68431117657824 | 47 | 6.41494 | 1
68431117657825 | 47 | 7.7973 | 96
136862235315651 | 48 | 7.7973 | 96
273724470631303 | 49 | 7.7973 | 96
547448941262606 | 50 | 7.7973 | 96
1094897882525213 | 51 | 7.7973 | 96
2189795765050426 | 52 | 7.7973 | 96
4379591530100853 | 53 | 7.7973 | 96
8759183060201707 | 54 | 7.7973 | 96
17518366120403414 | 55 | 7.7973 | 96
35036732240806829 | 56 | 7.7973 | 96
70073464481613659 | 57 | 7.7973 | 96
140146928963227318 | 58 | 4.21638 | 29
280293857926454637 | 59 | 4.21638 | 29
560587715852909275 | 60 | 4.21638 | 29
1121175431705818551 | 61 | 4.21638 | 29
2242350863411637102 | 62 | 4.21638 | 29
4484701726823274205 | 63 | 4.21638 | 29
8969403453646548411 | 64 | 4.21638 | 29
-507937166416454793 | 65 | 4.21638 | 29
-1015874332832909586 | 66 | 4.21638 | 29
-2031748665665819171 | 67 | 4.21638 | 29
-4063497331331638342 | 68 | 4.21638 | 29
-8126994662663276683 | 69 | 4.21638 | 29
2192754748382998251 | 70 | 4.21638 | 29
4385509496765996503 | 71 | 4.21638 | 29
8771018993531993007 | 72 | 4.21638 | 29
-904706086645565602 | 73 | 4.21638 | 29
-1809412173291131203 | 74 | 4.21638 | 29
-3618824346582262406 | 75 | 4.21638 | 29
-7237648693164524811 | 76 | 4.21638 | 29
3971446687380501994 | 77 | 4.21638 | 29
7942893374761003989 | 78 | 4.21638 | 29
-2560957324187543637 | 79 | 4.21638 | 29
-5121914648375087273 | 80 | 4.21638 | 29
8202914776959377071 | 81 | 4.21638 | 29
-2040914519790797474 | 82 | 0.179436 | 4
-2040914519790797473 | 82 | 4.21638 | 25
-4081829039581594946 | 83 | 4.21638 | 25
-8163658079163189891 | 84 | 4.21638 | 25
2119427915383171834 | 85 | 4.21638 | 25
4238855830766343668 | 86 | 2.70607 | 19
8477711661532687336 | 87 | 1.28879 | 7
8477711661532687337 | 87 | 2.3623 | 12
-1491320750644176942 | 88 | 2.3623 | 12
-2982641501288353884 | 89 | 2.3623 | 12
-5965283002576707768 | 90 | 2.3623 | 12
6516178068556136081 | 91 | 2.3623 | 12
-5414387936597279453 | 92 | 2.3623 | 12
7617968200514992710 | 93 | 16.9843 | 2
7617968200514992711 | 93 | 4.10557 | 10
4238855830766343669 | 86 | 4.63978e-310 | 6
140146928963227319 | 58 | 5.5892 | 67
280293857926454638 | 59 | 5.5892 | 67
560587715852909277 | 60 | 5.5892 | 67
1121175431705818554 | 61 | 5.5892 | 67
2242350863411637108 | 62 | 5.5892 | 67
4484701726823274217 | 63 | 5.5892 | 67
8969403453646548435 | 64 | 5.5892 | 67
-507937166416454745 | 65 | 5.5892 | 67
-1015874332832909490 | 66 | 4.62076 | 16
-2031748665665818980 | 67 | 4.62076 | 16
-4063497331331637960 | 68 | 2.53127 | 6
-4063497331331637959 | 68 | 1.87785 | 10
-1015874332832909489 | 66 | 5.00174 | 51
-2031748665665818977 | 67 | 5.00174 | 51
-4063497331331637954 | 68 | 5.00174 | 51
-8126994662663275907 | 69 | 5.00174 | 51
2192754748382999803 | 70 | 5.00174 | 51
4385509496765999606 | 71 | 5.00174 | 51
8771018993531999212 | 72 | 5.00174 | 51
-904706086645553192 | 73 | 5.00174 | 51
-1809412173291106384 | 74 | 5.00174 | 51
-3618824346582212768 | 75 | 5.00174 | 51
-7237648693164425535 | 76 | 5.00174 | 51
3971446687380700546 | 77 | 5.00174 | 51
7942893374761401093 | 78 | 5.00174 | 51
-2560957324186749430 | 79 | 5.00174 | 51
-5121914648373498859 | 80 | 5.00174 | 51
8202914776962553898 | 81 | 4.01355 | 27
-2040914519784443820 | 82 | 4.01355 | 27
-4081829039568887639 | 83 | 4.01355 | 27
-8163658079137775277 | 84 | 4.01355 | 27
2119427915434001063 | 85 | 4.01355 | 27
4238855830868002127 | 86 | 4.01355 | 27
8477711661736004254 | 87 | 4.01355 | 27
-1491320750237543107 | 88 | 4.01355 | 27
-2982641500475086213 | 89 | 4.01355 | 27
-5965283000950172425 | 90 | 4.01355 | 27
6516178071809206766 | 91 | 4.01355 | 27
-5414387930091138084 | 92 | 2.38356 | 11
7617968213527275448 | 93 | 2.38356 | 11
-3210807646655000720 | 94 | 2.38356 | 11
-6421615293310001440 | 95 | 2.38356 | 11
5603513487089548737 | 96 | 2.38356 | 11
-7239717099530454141 | 97 | 2.38356 | 11
3967309874648643335 | 98 | 2.38356 | 11
7934619749297286671 | 99 | 2.38356 | 11
-2577504575114978274 | 100 | 2.38356 | 11
-5155009150229956548 | 101 | 0 | 1
-5155009150229956547 | 101 | 0 | 10
-5414387930091138083 | 92 | 2.60562 | 16
7617968213527275451 | 93 | 2.60562 | 16
-3210807646655000713 | 94 | 2.60562 | 16
-6421615293310001425 | 95 | 2.60562 | 16
5603513487089548767 | 96 | 2.60562 | 16
-7239717099530454082 | 97 | 2.60562 | 16
3967309874648643453 | 98 | 2.60562 | 16
7934619749297286906 | 99 | 2.60562 | 16
-2577504575114977803 | 100 | 2.60562 | 16
-5155009150229955605 | 101 | 2.60562 | 16
8136725773249640406 | 102 | 2.60562 | 16
-2173292527210270804 | 103 | 2.02224 | 12
-4346585054420541607 | 104 | 2.02224 | 12
-8693170108841083213 | 105 | 2.02224 | 12
1060403856027385190 | 106 | 2.02224 | 12
2120807712054770380 | 107 | 0 | 7
2120807712054770381 | 107 | 0 | 5
-2173292527210270803 | 103 | 4.63978e-310 | 4
8202914776962553899 | 81 | 3.04802 | 24
-2040914519784443818 | 82 | 3.04525 | 20
-4081829039568887636 | 83 | 2.2952 | 17
-8163658079137775272 | 84 | 2.2952 | 17
2119427915434001072 | 85 | 2.2952 | 17
4238855830868002145 | 86 | 2.2952 | 17
8477711661736004291 | 87 | 2.2952 | 17
-1491320750237543033 | 88 | 2.2952 | 17
-2982641500475086066 | 89 | 2.2952 | 17
-5965283000950172131 | 90 | 2.2952 | 17
6516178071809207355 | 91 | 2.2952 | 17
-5414387930091136905 | 92 | 2.2952 | 17
7617968213527277806 | 93 | 4.63978e-310 | 8
7617968213527277807 | 93 | 4.31249 | 9
-4081829039568887635 | 83 | 4.63978e-310 | 3
-2040914519784443817 | 82 | 4.63978e-310 | 4
17107779414457 | 45 | 3.58504 | 14
34215558828915 | 46 | 3.58504 | 14
68431117657830 | 47 | 4.63978e-310 | 1
68431117657831 | 47 | 3.10648 | 13
136862235315663 | 48 | 3.10648 | 13
273724470631326 | 49 | 3.10648 | 13
547448941262652 | 50 | 4.63978e-310 | 1
547448941262653 | 50 | 2.05918 | 12
1094897882525306 | 51 | 4.63978e-310 | 1
1094897882525307 | 51 | 2.05918 | 11
2189795765050614 | 52 | 2.05918 | 11
4379591530101229 | 53 | 2.05918 | 11
8759183060202459 | 54 | 2.05918 | 11
17518366120404919 | 55 | 2.05918 | 11
35036732240809839 | 56 | 2.05918 | 11
70073464481619678 | 57 | 4.63978e-310 | 1
70073464481619679 | 57 | 4.63978e-310 | 10
8553889707229 | 44 | 9.3007 | 122
17107779414459 | 45 | 9.3007 | 122
34215558828919 | 46 | 9.3007 | 122
68431117657838 | 47 | 9.3007 | 122
136862235315676 | 48 | 6.90513e-310 | 6
136862235315677 | 48 | 9.09134 | 116
273724470631355 | 49 | 9.09134 | 116
547448941262710 | 50 | 9.09134 | 116
1094897882525420 | 51 | 9.09134 | 116
2189795765050840 | 52 | 9.09134 | 116
4379591530101681 | 53 | 9.09134 | 116
8759183060203362 | 54 | 6.60993 | 83
17518366120406724 | 55 | 6.60993 | 83
35036732240813448 | 56 | 5.71892 | 12
70073464481626896 | 57 | 5.71892 | 12
140146928963253793 | 58 | 5.71892 | 12
280293857926507587 | 59 | 5.71892 | 12
560587715853015175 | 60 | 5.71892 | 12
1121175431706030351 | 61 | 5.71892 | 12
2242350863412060703 | 62 | 5.71892 | 12
4484701726824121406 | 63 | 49.9137 | 9
4484701726824121407 | 63 | 0 | 3
35036732240813449 | 56 | 6.20504 | 71
70073464481626898 | 57 | 6.14482 | 67
140146928963253796 | 58 | 6.14482 | 67
280293857926507592 | 59 | 6.14482 | 67
560587715853015185 | 60 | 6.14482 | 67
1121175431706030371 | 61 | 6.14482 | 67
2242350863412060743 | 62 | 6.14482 | 67
4484701726824121486 | 63 | 6.14482 | 67
8969403453648242973 | 64 | 6.14482 | 67
-507937166413065670 | 65 | 6.14482 | 67
-1015874332826131340 | 66 | 6.14482 | 67
-2031748665652262680 | 67 | 4.46947 | 10
-2031748665652262679 | 67 | 5.05704 | 57
-4063497331304525357 | 68 | 5.05704 | 57
-8126994662609050713 | 69 | 5.05704 | 57
2192754748491450190 | 70 | 2.96813 | 28
4385509496982900381 | 71 | 2.96813 | 28
8771018993965800762 | 72 | 2.96813 | 28
-904706085777950092 | 73 | 2.96813 | 28
-1809412171555900184 | 74 | 2.96813 | 28
-3618824343111800368 | 75 | 2.96813 | 26
-7237648686223600736 | 76 | 2.96813 | 26
3971446701262350145 | 77 | 2.96813 | 26
7942893402524700291 | 78 | 2.96813 | 26
-2560957268660151033 | 79 | 2.96813 | 26
-5121914537320302066 | 80 | 2.96813 | 26
8202914999068947485 | 81 | 2.96813 | 26
-2040914075571656645 | 82 | 2.96813 | 26
-4081828151143313290 | 83 | 2.96813 | 26
-8163656302286626579 | 84 | 2.96813 | 26
2119431469136298458 | 85 | 2.96813 | 26
4238862938272596917 | 86 | 2.96813 | 26
8477725876545193834 | 87 | 2.96813 | 26
-1491292320619163947 | 88 | 2.96813 | 26
-2982584641238327894 | 89 | 2.96813 | 26
-5965169282476655788 | 90 | 2.96813 | 26
6516405508756240040 | 91 | 2.87938 | 18
-5413933056197071536 | 92 | 2.87938 | 18
7618877961315408544 | 93 | 2.87938 | 18
-3208988151078734528 | 94 | 6.19682 | 7
-3208988151078734527 | 94 | 2.15642 | 11
-6417976302157469054 | 95 | 5.56219 | 1
-6417976302157469053 | 95 | 0.474454 | 10
6516405508756240041 | 91 | 4.63978e-310 | 8
-3618824343111800367 | 75 | 4.63978e-310 | 2
2192754748491450191 | 70 | 3.66242 | 29
4385509496982900382 | 71 | 4.63978e-310 | 6
4385509496982900383 | 71 | 2.95321 | 23
8771018993965800766 | 72 | 4.63978e-310 | 8
8771018993965800767 | 72 | 2.35377 | 15
-904706085777950082 | 73 | 2.35377 | 15
-1809412171555900164 | 74 | 4.63978e-310 | 8
-1809412171555900163 | 74 | 4.63978e-310 | 7
70073464481626899 | 57 | 4.63978e-310 | 4
8759183060203363 | 54 | 3.9821 | 33
17518366120406726 | 55 | 3.9821 | 33
35036732240813453 | 56 | 3.9821 | 33
70073464481626906 | 57 | 3.9821 | 33
140146928963253813 | 58 | 3.9821 | 33
280293857926507627 | 59 | 3.9821 | 33
560587715853015254 | 60 | 4.63978e-310 | 4
560587715853015255 | 60 | 3.9821 | 29
1121175431706030510 | 61 | 3.9821 | 29
2242350863412061020 | 62 | 3.9821 | 29
4484701726824122040 | 63 | 3.9821 | 29
8969403453648244080 | 64 | 3.9821 | 29
-507937166413063456 | 65 | 3.9821 | 29
-1015874332826126911 | 66 | 3.9821 | 29
-2031748665652253821 | 67 | 3.9821 | 29
-4063497331304507641 | 68 | 3.9821 | 29
-8126994662609015281 | 69 | 3.9821 | 29
2192754748491521055 | 70 | 3.9821 | 29
4385509496983042111 | 71 | 3.9821 | 29
8771018993966084222 | 72 | 3.9821 | 29
-904706085777383171 | 73 | 3.9821 | 29
-1809412171554766341 | 74 | 3.9821 | 29
-3618824343109532682 | 75 | 3.18719 | 25
-7237648686219065364 | 76 | 3.18719 | 25
3971446701271420888 | 77 | 3.18719 | 25
7942893402542841776 | 78 | 2.61056 | 14
-2560957268623868063 | 79 | 2.61056 | 14
-5121914537247736125 | 80 | 2.61056 | 14
8202914999214079366 | 81 | 2.61056 | 14
-2040914075281392884 | 82 | 2.61056 | 14
-4081828150562785768 | 83 | 2.61056 | 14
-8163656301125571536 | 84 | 2.61056 | 14
2119431471458408545 | 85 | 2.61056 | 14
4238862942916817090 | 86 | 4.63978e-310 | 6
4238862942916817091 | 86 | 1.63042e-322 | 8
7942893402542841777 | 78 | 3.02558 | 11
-2560957268623868062 | 79 | 3.02558 | 11
-5121914537247736123 | 80 | 3.02558 | 11
8202914999214079370 | 81 | 3.02558 | 11
-2040914075281392876 | 82 | 3.02558 | 11
-4081828150562785752 | 83 | 4.63978e-310 | 3
-4081828150562785751 | 83 | 4.63978e-310 | 8
-3618824343109532681 | 75 | 4.63978e-310 | 4
8157625 | 24 | 12.801 | 357
16315250 | 25 | 9.9164 | 209
32630500 | 26 | 7.90132 | 132
65261001 | 27 | 7.90132 | 132
130522002 | 28 | 7.90132 | 132
261044004 | 29 | 6.96022 | 108
522088008 | 30 | 5.1721 | 75
1044176016 | 31 | 5.1721 | 75
2088352032 | 32 | 5.1721 | 75
4176704064 | 33 | 5.1721 | 75
8353408128 | 34 | 5.1721 | 75
16706816256 | 35 | 5.1721 | 75
33413632512 | 36 | 4.5808 | 31
66827265024 | 37 | 4.5808 | 31
133654530049 | 38 | 4.5808 | 31
267309060099 | 39 | 4.5808 | 31
534618120198 | 40 | 4.5808 | 31
1069236240397 | 41 | 4.5808 | 31
2138472480794 | 42 | 3.45713 | 25
4276944961589 | 43 | 3.45713 | 25
8553889923179 | 44 | 3.45713 | 25
17107779846359 | 45 | 3.45713 | 25
34215559692718 | 46 | 3.45713 | 25
68431119385437 | 47 | 3.45713 | 25
136862238770874 | 48 | 3.45713 | 25
273724477541749 | 49 | 3.45713 | 25
547448955083498 | 50 | 2.41167 | 16
1094897910166996 | 51 | 2.41167 | 16
2189795820333993 | 52 | 2.41167 | 16
4379591640667987 | 53 | 2.41167 | 16
8759183281335974 | 54 | 2.41167 | 16
17518366562671948 | 55 | 2.41167 | 16
35036733125343896 | 56 | 2.41167 | 16
70073466250687793 | 57 | 2.41167 | 16
140146932501375587 | 58 | 2.41167 | 16
280293865002751174 | 59 | 0.226892 | 10
280293865002751175 | 59 | 0.955545 | 6
547448955083499 | 50 | 4.63978e-310 | 9
2138472480795 | 42 | 4.63978e-310 | 6
33413632513 | 36 | 3.4607 | 44
66827265026 | 37 | 3.4607 | 44
133654530052 | 38 | 2.51859 | 28
267309060105 | 39 | 2.51859 | 28
534618120210 | 40 | 2.51859 | 28
1069236240420 | 41 | 1.09237 | 1
1069236240421 | 41 | 2.51859 | 27
2138472480843 | 42 | 2.51859 | 27
4276944961686 | 43 | 2.51859 | 27
8553889923372 | 44 | 2.51859 | 27
17107779846744 | 45 | 2.51859 | 27
34215559693488 | 46 | 2.51859 | 27
68431119386976 | 47 | 2.51859 | 27
136862238773952 | 48 | 1.74925 | 15
273724477547904 | 49 | 1.74925 | 15
547448955095808 | 50 | 0.010838 | 1
547448955095809 | 50 | 1.74925 | 14
1094897910191618 | 51 | 1.52343 | 12
2189795820383237 | 52 | 1.52343 | 12
4379591640766474 | 53 | 1.52343 | 12
8759183281532948 | 54 | 1.57837 | 7
8759183281532949 | 54 | 2.62103 | 5
1094897910191619 | 51 | 4.63978e-310 | 2
136862238773953 | 48 | 1.49894 | 12
273724477547907 | 49 | 1.49894 | 12
547448955095814 | 50 | 1.49894 | 12
1094897910191628 | 51 | 1.49894 | 12
2189795820383256 | 52 | 1.49894 | 12
4379591640766512 | 53 | 3.21441 | 7
4379591640766513 | 53 | 0.597633 | 5
133654530053 | 38 | 2.19877 | 16
267309060107 | 39 | 2.19877 | 16
534618120215 | 40 | 2.19877 | 16
1069236240431 | 41 | 2.19877 | 16
2138472480863 | 42 | 2.19877 | 16
4276944961727 | 43 | 2.19877 | 16
8553889923454 | 44 | 2.12863 | 11
17107779846909 | 45 | 2.12863 | 11
34215559693818 | 46 | 2.12863 | 11
68431119387637 | 47 | 2.12863 | 11
136862238775274 | 48 | 2.12863 | 11
273724477550548 | 49 | 2.12863 | 11
547448955101097 | 50 | 2.12863 | 11
1094897910202195 | 51 | 2.12863 | 11
2189795820404390 | 52 | 2.12863 | 11
4379591640808780 | 53 | 2.12863 | 11
8759183281617560 | 54 | 2.12863 | 11
17518366563235120 | 55 | 2.12863 | 11
35036733126470240 | 56 | 2.12863 | 11
70073466252940480 | 57 | 2.12863 | 11
140146932505880961 | 58 | 2.12863 | 11
280293865011761922 | 59 | 2.12863 | 11
560587730023523845 | 60 | 2.12863 | 11
1121175460047047690 | 61 | 2.12863 | 11
2242350920094095381 | 62 | 2.12863 | 11
4484701840188190763 | 63 | 2.12863 | 11
8969403680376381527 | 64 | 2.12863 | 11
-507936712956788562 | 65 | 8.51663 | 8
-507936712956788561 | 65 | 6.90513e-310 | 3
8553889923455 | 44 | 4.63978e-310 | 5
522088009 | 30 | 3.37842 | 33
1044176018 | 31 | 3.37842 | 33
2088352037 | 32 | 3.37842 | 33
4176704074 | 33 | 3.37842 | 16
8353408149 | 34 | 3.37842 | 16
16706816298 | 35 | 2.70592 | 15
33413632596 | 36 | 2.70592 | 15
66827265192 | 37 | 2.70592 | 15
133654530384 | 38 | 2.70592 | 15
267309060768 | 39 | 2.70592 | 15
534618121537 | 40 | 2.70592 | 15
1069236243074 | 41 | 2.70592 | 15
2138472486148 | 42 | 2.53504 | 11
4276944972297 | 43 | 2.53504 | 11
8553889944594 | 44 | 2.53504 | 11
17107779889189 | 45 | 2.53504 | 11
34215559778378 | 46 | 2.53504 | 11
68431119556756 | 47 | 2.53504 | 11
136862239113513 | 48 | 2.53504 | 11
273724478227027 | 49 | 2.53504 | 11
547448956454054 | 50 | 2.53504 | 11
1094897912908109 | 51 | 2.53504 | 11
2189795825816219 | 52 | 2.53504 | 11
4379591651632438 | 53 | 2.53504 | 11
8759183303264877 | 54 | 2.53504 | 11
17518366606529754 | 55 | 2.53504 | 11
35036733213059508 | 56 | 2.53504 | 11
70073466426119017 | 57 | 2.53504 | 11
140146932852238035 | 58 | 2.53504 | 11
280293865704476070 | 59 | 2.53504 | 11
560587731408952140 | 60 | 2.53504 | 11
1121175462817904280 | 61 | 2.53504 | 11
2242350925635808560 | 62 | 2.53504 | 11
4484701851271617120 | 63 | 2.53504 | 11
8969403702543234241 | 64 | 2.53504 | 11
-507936668623083134 | 65 | 2.53504 | 11
-1015873337246166268 | 66 | 2.53504 | 11
-2031746674492332536 | 67 | 2.53504 | 11
-4063493348984665072 | 68 | 2.51034 | 8
-4063493348984665071 | 68 | 0 | 3
2138472486149 | 42 | 4.63978e-310 | 4
16706816299 | 35 | 4.63978e-310 | 1
4176704075 | 33 | 2.79899 | 17
8353408151 | 34 | 2.79899 | 17
16706816302 | 35 | 2.3114 | 14
33413632604 | 36 | 2.3114 | 14
66827265209 | 37 | 2.3114 | 14
133654530419 | 38 | 2.3114 | 14
267309060839 | 39 | 2.3114 | 14
534618121678 | 40 | 2.3114 | 14
1069236243356 | 41 | 4.63978e-310 | 10
1069236243357 | 41 | 4.63978e-310 | 4
16706816303 | 35 | 4.63978e-310 | 3
261044005 | 29 | 6.75944 | 24
522088010 | 30 | 3.66467 | 15
1044176020 | 31 | 3.66467 | 15
2088352040 | 32 | 3.66467 | 15
4176704080 | 33 | 3.66467 | 15
8353408160 | 34 | 3.66467 | 15
16706816320 | 35 | 3.66467 | 15
33413632641 | 36 | 3.66467 | 15
66827265283 | 37 | 3.66467 | 15
133654530567 | 38 | 3.66467 | 15
267309061135 | 39 | 3.66467 | 15
534618122270 | 40 | 3.66467 | 15
1069236244540 | 41 | 4.63978e-310 | 1
1069236244541 | 41 | 3.66467 | 14
2138472489083 | 42 | 3.66467 | 14
4276944978166 | 43 | 3.66467 | 14
8553889956333 | 44 | 3.66467 | 14
17107779912666 | 45 | 3.036 | 12
34215559825332 | 46 | 3.036 | 12
68431119650665 | 47 | 3.036 | 12
136862239301330 | 48 | 3.036 | 12
273724478602660 | 49 | 3.036 | 12
547448957205320 | 50 | 3.036 | 12
1094897914410640 | 51 | 5.48008 | 2
1094897914410641 | 51 | 4.63978e-310 | 10
17107779912667 | 45 | 4.63978e-310 | 2
522088011 | 30 | 4.63978e-310 | 9
32630501 | 26 | 6.55074 | 77
65261003 | 27 | 6.55074 | 77
130522007 | 28 | 6.55074 | 77
261044015 | 29 | 6.55074 | 77
522088030 | 30 | 6.55074 | 77
1044176061 | 31 | 6.55074 | 77
2088352123 | 32 | 6.55074 | 77
4176704246 | 33 | 6.55074 | 77
8353408493 | 34 | 6.55074 | 77
16706816986 | 35 | 6.55074 | 77
33413633973 | 36 | 6.55074 | 77
66827267947 | 37 | 6.55074 | 77
133654535894 | 38 | 6.34379 | 17
267309071789 | 39 | 6.34379 | 17
534618143578 | 40 | 6.34379 | 17
1069236287157 | 41 | 6.34379 | 17
2138472574315 | 42 | 6.34379 | 17
4276945148630 | 43 | 6.34379 | 17
8553890297261 | 44 | 6.34379 | 17
17107780594523 | 45 | 6.34379 | 17
34215561189046 | 46 | 6.34379 | 17
68431122378092 | 47 | 6.34379 | 17
136862244756185 | 48 | 6.34379 | 17
273724489512370 | 49 | 6.34379 | 17
547448979024740 | 50 | 6.34379 | 17
1094897958049480 | 51 | 6.34379 | 17
2189795916098961 | 52 | 6.34379 | 17
4379591832197923 | 53 | 6.34379 | 17
8759183664395846 | 54 | 18.8382 | 10
8759183664395847 | 54 | 0.0674827 | 7
133654535895 | 38 | 6.51461 | 60
267309071790 | 39 | 6.51461 | 60
534618143580 | 40 | 6.51461 | 60
1069236287160 | 41 | 6.51461 | 60
2138472574320 | 42 | 6.51461 | 60
4276945148640 | 43 | 6.51461 | 60
8553890297280 | 44 | 6.51461 | 60
17107780594561 | 45 | 6.51461 | 60
34215561189122 | 46 | 6.51461 | 60
68431122378245 | 47 | 6.51461 | 60
136862244756490 | 48 | 6.51461 | 60
273724489512981 | 49 | 6.51461 | 60
547448979025962 | 50 | 6.51461 | 60
1094897958051925 | 51 | 6.51461 | 60
2189795916103851 | 52 | 6.51461 | 60
4379591832207703 | 53 | 6.51461 | 60
8759183664415407 | 54 | 6.51461 | 60
17518367328830814 | 55 | 6.51461 | 60
35036734657661628 | 56 | 6.51461 | 60
70073469315323256 | 57 | 5.6679 | 46
140146938630646512 | 58 | 0 | 5
140146938630646513 | 58 | 5.0581 | 41
280293877261293027 | 59 | 5.0581 | 41
560587754522586054 | 60 | 5.0581 | 41
1121175509045172109 | 61 | 5.0581 | 41
2242351018090344218 | 62 | 5.0581 | 41
4484702036180688437 | 63 | 5.0581 | 41
8969404072361376874 | 64 | 5.0581 | 41
-507935928986797868 | 65 | 5.0581 | 41
-1015871857973595735 | 66 | 5.0581 | 41
-2031743715947191470 | 67 | 5.0581 | 41
-4063487431894382940 | 68 | 5.0581 | 41
-8126974863788765880 | 69 | 5.0581 | 41
2192794346132019857 | 70 | 5.0581 | 41
4385588692264039714 | 71 | 1.63042e-322 | 2
4385588692264039715 | 71 | 4.97985 | 39
8771177384528079430 | 72 | 4.97985 | 39
-904389304653392755 | 73 | 4.97985 | 39
-1808778609306785509 | 74 | 4.97985 | 39
-3617557218613571018 | 75 | 4.97985 | 39
-7235114437227142035 | 76 | 4.97985 | 39
3976515199255267547 | 77 | 4.97985 | 39
7953030398510535095 | 78 | 4.97985 | 39
-2540683276688481425 | 79 | 4.97985 | 39
-5081366553376962849 | 80 | 4.97985 | 39
8284010966955625918 | 81 | 4.97985 | 39
-1878722139798299779 | 82 | 4.97985 | 39
-3757444279596599558 | 83 | 4.97985 | 38
-7514888559193199116 | 84 | 3.21143e-322 | 2
-7514888559193199115 | 84 | 4.57136 | 36
3416966955323153386 | 85 | 4.57136 | 36
6833933910646306773 | 86 | 4.57136 | 36
-4778876252416938070 | 87 | 4.57136 | 36
8888991568875675477 | 88 | 4.57136 | 36
-668760935958200662 | 89 | 4.57136 | 36
-1337521871916401323 | 90 | 4.57136 | 36
-2675043743832802645 | 91 | 4.57136 | 36
-5350087487665605290 | 92 | 4.57136 | 36
7746569098378341036 | 93 | 4.57136 | 36
-2953605876952869544 | 94 | 4.57136 | 36
-5907211753905739088 | 95 | 4.57136 | 36
6632320565898073440 | 96 | 4.57136 | 36
-5182102941913404736 | 97 | 4.57136 | 36
8082538189882742145 | 98 | 4.57136 | 36
-2281667693944067326 | 99 | 3.00428 | 23
-4563335387888134652 | 100 | 3.00428 | 23
-9126670775776269304 | 101 | 3.00428 | 23
193402522157013008 | 102 | 3.00428 | 23
386805044314026017 | 103 | 3.00428 | 23
773610088628052034 | 104 | 3.00428 | 23
1547220177256104069 | 105 | 3.00428 | 23
3094440354512208139 | 106 | 3.00428 | 23
6188880709024416279 | 107 | 3.00428 | 23
-6068982655660719057 | 108 | 3.00428 | 23
6308778762388113503 | 109 | 3.00428 | 23
-5829186548933324610 | 110 | 5.86825 | 5
-5829186548933324609 | 110 | 3.00428 | 18
6788370975842902398 | 111 | 4.72616 | 7
6788370975842902399 | 111 | 1.5284 | 11
-4870002122023746817 | 112 | 1.5284 | 11
8706739829662057982 | 113 | 1.5284 | 11
-1033264414385435651 | 114 | 1.5284 | 11
-2066528828770871302 | 115 | 1.5284 | 11
-4133057657541742604 | 116 | 12.0201 | 10
-4133057657541742603 | 116 | 33.012 | 1
-2281667693944067325 | 99 | 1.69421 | 13
-4563335387888134649 | 100 | 1.69421 | 13
-9126670775776269298 | 101 | 4.63978e-310 | 8
-9126670775776269297 | 101 | 4.63978e-310 | 5
-3757444279596599557 | 83 | 4.63978e-310 | 1
70073469315323257 | 57 | 1.57497 | 14
140146938630646515 | 58 | 1.57497 | 14
280293877261293031 | 59 | 1.57497 | 14
560587754522586062 | 60 | 1.57497 | 14
1121175509045172125 | 61 | 1.57497 | 14
2242351018090344251 | 62 | 1.57497 | 14
4484702036180688502 | 63 | 4.63978e-310 | 7
4484702036180688503 | 63 | 4.63978e-310 | 7
16315251 | 25 | 10.8793 | 148
32630502 | 26 | 10.8793 | 148
65261004 | 27 | 10.8793 | 148
130522009 | 28 | 10.8793 | 148
261044018 | 29 | 8.95166 | 95
522088037 | 30 | 8.95166 | 95
1044176074 | 31 | 8.95166 | 95
2088352149 | 32 | 8.95166 | 95
4176704298 | 33 | 8.95166 | 95
8353408596 | 34 | 8.95166 | 95
16706817192 | 35 | 7.32757 | 72
33413634384 | 36 | 7.32757 | 72
66827268768 | 37 | 7.32757 | 72
133654537536 | 38 | 7.32757 | 72
267309075072 | 39 | 7.32757 | 72
534618150144 | 40 | 7.32757 | 72
1069236300289 | 41 | 7.32757 | 72
2138472600579 | 42 | 7.32757 | 72
4276945201159 | 43 | 7.32757 | 72
8553890402319 | 44 | 7.32757 | 72
17107780804639 | 45 | 7.32757 | 72
34215561609278 | 46 | 3.27844 | 15
68431123218556 | 47 | 3.27844 | 15
136862246437112 | 48 | 3.27844 | 15
273724492874224 | 49 | 3.27844 | 15
547448985748448 | 50 | 6.90513e-310 | 1
547448985748449 | 50 | 2.76255 | 14
1094897971496898 | 51 | 2.76255 | 14
2189795942993797 | 52 | 2.76255 | 14
4379591885987594 | 53 | 2.76255 | 14
8759183771975189 | 54 | 2.76255 | 14
17518367543950379 | 55 | 2.76255 | 14
35036735087900758 | 56 | 20.5005 | 3
35036735087900759 | 56 | 1.88815 | 11
70073470175801518 | 57 | 1.88815 | 11
140146940351603037 | 58 | 1.88815 | 11
280293880703206074 | 59 | 14.4558 | 10
280293880703206075 | 59 | 20.6712 | 1
34215561609279 | 46 | 5.45997 | 57
68431123218558 | 47 | 4.63978e-310 | 2
68431123218559 | 47 | 5.45997 | 55
136862246437119 | 48 | 5.45997 | 55
273724492874239 | 49 | 5.45997 | 55
547448985748478 | 50 | 5.45997 | 51
1094897971496957 | 51 | 5.45997 | 51
2189795942993915 | 52 | 5.45997 | 51
4379591885987831 | 53 | 5.45997 | 51
8759183771975662 | 54 | 5.45997 | 51
17518367543951324 | 55 | 5.45997 | 51
35036735087902648 | 56 | 5.45997 | 51
70073470175805296 | 57 | 5.10506 | 48
140146940351610592 | 58 | 5.10506 | 48
280293880703221185 | 59 | 5.10506 | 48
560587761406442370 | 60 | 5.10506 | 48
1121175522812884741 | 61 | 5.10506 | 48
2242351045625769483 | 62 | 5.10506 | 48
4484702091251538967 | 63 | 5.10506 | 48
8969404182503077934 | 64 | 5.10506 | 48
-507935708703395747 | 65 | 5.10506 | 48
-1015871417406791493 | 66 | 5.10506 | 48
-2031742834813582986 | 67 | 5.10506 | 48
-4063485669627165971 | 68 | 5.10506 | 48
-8126971339254331942 | 69 | 5.10506 | 48
2192801395200887732 | 70 | 5.10506 | 48
4385602790401775465 | 71 | 5.10506 | 48
8771205580803550931 | 72 | 5.10506 | 48
-904332912102449753 | 73 | 5.10506 | 48
-1808665824204899506 | 74 | 5.10506 | 48
-3617331648409799012 | 75 | 5.10506 | 48
-7234663296819598023 | 76 | 5.10506 | 48
3977417480070355571 | 77 | 5.10506 | 48
7954834960140711143 | 78 | 5.10506 | 48
-2537074153428129330 | 79 | 5.10506 | 48
-5074148306856258660 | 80 | 5.01316 | 24
8298447459997034296 | 81 | 5.01316 | 24
-1849849153715483024 | 82 | 5.01316 | 24
-3699698307430966048 | 83 | 5.01316 | 24
-7399396614861932095 | 84 | 5.01316 | 24
3647950843985687426 | 85 | 5.01316 | 24
7295901687971374853 | 86 | 5.01316 | 24
-3854940697766801909 | 87 | 5.01316 | 24
-7709881395533603817 | 88 | 5.01316 | 24
3026981282642343983 | 89 | 5.01316 | 24
6053962565284687967 | 90 | 5.01316 | 24
-6338818943140175681 | 91 | 5.01316 | 24
5769106187429200255 | 92 | 5.01316 | 24
-6908531698851151105 | 93 | 5.01316 | 24
4629680676007249407 | 94 | 5.01316 | 24
-9187382721695052801 | 95 | 5.01316 | 24
71978630319446015 | 96 | 5.01316 | 24
143957260638892031 | 97 | 5.01316 | 24
287914521277784062 | 98 | 5.01316 | 24
575829042555568124 | 99 | 4.38542 | 20
1151658085111136249 | 100 | 4.38542 | 20
2303316170222272498 | 101 | 4.38542 | 20
4606632340444544996 | 102 | 4.38542 | 20
9213264680889089993 | 103 | 4.38542 | 20
-20214711931371630 | 104 | 4.38542 | 20
-40429423862743260 | 105 | 3.63633 | 8
-40429423862743259 | 105 | 2.795 | 12
-80858847725486517 | 106 | 2.795 | 12
-161717695450973034 | 107 | 2.795 | 12
-323435390901946068 | 108 | 2.09179 | 11
-646870781803892136 | 109 | 2.09179 | 11
-1293741563607784272 | 110 | 18.8131 | 8
-1293741563607784271 | 110 | 31.9962 | 3
-323435390901946067 | 108 | 4.63978e-310 | 1
575829042555568125 | 99 | 4.63978e-310 | 4
-5074148306856258659 | 80 | 4.9065 | 24
8298447459997034299 | 81 | 4.9065 | 24
-1849849153715483018 | 82 | 4.9065 | 24
-3699698307430966035 | 83 | 4.9065 | 24
-7399396614861932070 | 84 | 4.9065 | 24
3647950843985687476 | 85 | 4.9065 | 24
7295901687971374952 | 86 | 4.9065 | 24
-3854940697766801711 | 87 | 4.9065 | 24
-7709881395533603422 | 88 | 4.9065 | 24
3026981282642344772 | 89 | 4.9065 | 24
6053962565284689545 | 90 | 4.9065 | 24
-6338818943140172526 | 91 | 4.9065 | 24
5769106187429206565 | 92 | 4.9065 | 24
-6908531698851138486 | 93 | 3.89838 | 20
4629680676007274645 | 94 | 3.89838 | 20
-9187382721695002325 | 95 | 3.89838 | 20
71978630319546966 | 96 | 3.89838 | 20
143957260639093933 | 97 | 3.89838 | 20
287914521278187866 | 98 | 3.89838 | 20
575829042556375732 | 99 | 2.94685 | 18
1151658085112751465 | 100 | 2.94685 | 18
2303316170225502931 | 101 | 2.94685 | 18
4606632340451005863 | 102 | 2.94685 | 18
9213264680902011726 | 103 | 2.94685 | 18
-20214711905528163 | 104 | 2.94685 | 18
-40429423811056326 | 105 | 2.94685 | 18
-80858847622112651 | 106 | 2.94685 | 18
-161717695244225302 | 107 | 2.94685 | 18
-323435390488450604 | 108 | 2.94685 | 18
-646870780976901207 | 109 | 2.94685 | 18
-1293741561953802413 | 110 | 2.94685 | 18
-2587483123907604826 | 111 | 8.68392 | 2
-2587483123907604825 | 111 | 2.73192 | 16
-5174966247815209649 | 112 | 2.73192 | 16
8096811578079132319 | 113 | 2.73192 | 16
-2253120917551286978 | 114 | 2.55631 | 15
-4506241835102573956 | 115 | 2.55631 | 15
-9012483670205147912 | 116 | 2.55631 | 15
421776733299255793 | 117 | 2.55631 | 15
843553466598511586 | 118 | 2.55631 | 15
1687106933197023172 | 119 | 2.55631 | 15
3374213866394046345 | 120 | 2.55631 | 15
6748427732788092691 | 121 | 2.55631 | 15
-4949888608133366233 | 122 | 2.55631 | 15
8546966857442819151 | 123 | 2.55631 | 15
-1352810358823913314 | 124 | 2.55631 | 15
-2705620717647826628 | 125 | 9.69251 | 10
-2705620717647826627 | 125 | 13.3811 | 5
-2253120917551286977 | 114 | 4.63978e-310 | 1
575829042556375733 | 99 | 4.63978e-310 | 2
-6908531698851138485 | 93 | 4.63978e-310 | 4
70073470175805297 | 57 | 4.63978e-310 | 3
547448985748479 | 50 | 4.63978e-310 | 4
16706817193 | 35 | 5.79146 | 23
33413634386 | 36 | 5.62302 | 21
66827268772 | 37 | 5.62302 | 21
133654537544 | 38 | 5.62302 | 21
267309075089 | 39 | 5.62302 | 21
534618150179 | 40 | 5.62302 | 21
1069236300359 | 41 | 5.62302 | 21
2138472600718 | 42 | 4.63978e-310 | 3
2138472600719 | 42 | 5.23551 | 18
4276945201439 | 43 | 5.23551 | 18
8553890402878 | 44 | 5.23551 | 18
17107780805756 | 45 | 5.23551 | 18
34215561611513 | 46 | 5.23551 | 18
68431123223027 | 47 | 5.23551 | 18
136862246446054 | 48 | 4.63978e-310 | 6
136862246446055 | 48 | 2.45648 | 12
273724492892111 | 49 | 2.45648 | 12
547448985784222 | 50 | 4.63978e-310 | 9
547448985784223 | 50 | 4.63978e-310 | 3
33413634387 | 36 | 4.63978e-310 | 2
261044019 | 29 | 6.98682 | 53
522088038 | 30 | 6.98682 | 53
1044176076 | 31 | 2.45835 | 15
2088352152 | 32 | 2.45835 | 15
4176704304 | 33 | 2.45835 | 15
8353408609 | 34 | 2.45835 | 15
16706817218 | 35 | 2.45835 | 15
33413634436 | 36 | 2.45835 | 15
66827268873 | 37 | 2.45835 | 15
133654537746 | 38 | 2.45835 | 15
267309075492 | 39 | 4.63978e-310 | 5
267309075493 | 39 | 0 | 10
1044176077 | 31 | 4.87573 | 38
2088352154 | 32 | 4.87573 | 37
4176704308 | 33 | 4.87573 | 37
8353408616 | 34 | 4.87573 | 37
16706817232 | 35 | 4.87573 | 37
33413634464 | 36 | 3.70555 | 30
66827268929 | 37 | 3.70555 | 30
133654537858 | 38 | 4.79244e-322 | 4
133654537859 | 38 | 3.70555 | 26
267309075719 | 39 | 3.70555 | 26
534618151439 | 40 | 3.70555 | 26
1069236302878 | 41 | 3.70555 | 26
2138472605757 | 42 | 3.70555 | 26
4276945211515 | 43 | 3.70555 | 26
8553890423031 | 44 | 3.70555 | 26
17107780846062 | 45 | 3.70555 | 26
34215561692125 | 46 | 3.70555 | 26
68431123384250 | 47 | 3.70555 | 26
136862246768500 | 48 | 3.70555 | 26
273724493537000 | 49 | 3.70555 | 26
547448987074001 | 50 | 3.70555 | 26
1094897974148003 | 51 | 3.70555 | 26
2189795948296007 | 52 | 3.70555 | 26
4379591896592015 | 53 | 3.70555 | 26
8759183793184030 | 54 | 2.25996 | 17
17518367586368061 | 55 | 2.25996 | 17
35036735172736123 | 56 | 2.25996 | 17
70073470345472246 | 57 | 1.93055 | 15
140146940690944492 | 58 | 1.93055 | 15
280293881381888985 | 59 | 1.93055 | 15
560587762763777970 | 60 | 1.93055 | 15
1121175525527555941 | 61 | 1.93055 | 15
2242351051055111882 | 62 | 0 | 4
2242351051055111883 | 62 | 1.93055 | 11
4484702102110223766 | 63 | 5.369 | 9
4484702102110223767 | 63 | 1.19768 | 2
70073470345472247 | 57 | 4.63978e-310 | 2
8759183793184031 | 54 | 4.63978e-310 | 9
33413634465 | 36 | 4.63978e-310 | 7
2088352155 | 32 | 4.63978e-310 | 1
249 | 9 | 26.7581 | 669
499 | 10 | 26.7581 | 669
999 | 11 | 26.7581 | 669
1999 | 12 | 26.7581 | 669
3998 | 13 | 26.7581 | 669
7996 | 14 | 26.7581 | 669
15992 | 15 | 26.7581 | 669
31984 | 16 | 26.7581 | 669
63969 | 17 | 26.7581 | 669
127938 | 18 | 26.7581 | 669
255876 | 19 | 6.90513e-310 | 1
255877 | 19 | 25.0537 | 668
511754 | 20 | 19.1827 | 50
1023508 | 21 | 19.1827 | 50
2047017 | 22 | 19.1827 | 50
4094034 | 23 | 19.1827 | 50
8188068 | 24 | 19.1827 | 48
16376136 | 25 | 19.1827 | 48
32752272 | 26 | 19.1827 | 48
65504544 | 27 | 19.1827 | 48
131009088 | 28 | 19.1827 | 48
262018176 | 29 | 19.1827 | 48
524036353 | 30 | 19.1827 | 48
1048072706 | 31 | 11.1207 | 27
2096145412 | 32 | 11.1207 | 27
4192290825 | 33 | 11.1207 | 27
8384581651 | 34 | 11.1207 | 27
16769163302 | 35 | 11.1207 | 27
33538326605 | 36 | 11.1207 | 27
67076653211 | 37 | 11.1207 | 27
134153306423 | 38 | 11.1207 | 27
268306612846 | 39 | 11.1207 | 27
536613225692 | 40 | 11.1207 | 27
1073226451385 | 41 | 11.1207 | 27
2146452902771 | 42 | 11.1207 | 27
4292905805543 | 43 | 11.1207 | 27
8585811611087 | 44 | 11.1207 | 27
17171623222174 | 45 | 11.1207 | 27
34343246444349 | 46 | 11.1207 | 27
68686492888699 | 47 | 11.1207 | 27
137372985777398 | 48 | 11.1207 | 27
274745971554796 | 49 | 11.1207 | 27
549491943109592 | 50 | 2.67531 | 2
549491943109593 | 50 | 11.1207 | 25
1098983886219187 | 51 | 11.1207 | 25
2197967772438374 | 52 | 3.97998 | 5
2197967772438375 | 52 | 9.266 | 20
4395935544876750 | 53 | 2.14592 | 8
4395935544876751 | 53 | 4.54516 | 12
8791871089753503 | 54 | 4.54516 | 12
17583742179507007 | 55 | 4.54516 | 12
35167484359014015 | 56 | 4.54516 | 12
70334968718028030 | 57 | 4.54516 | 12
140669937436056060 | 58 | 4.54516 | 12
281339874872112121 | 59 | 4.54516 | 12
562679749744224242 | 60 | 4.54516 | 12
1125359499488448484 | 61 | 4.54516 | 12
2250718998976896968 | 62 | 4.54516 | 12
4501437997953793936 | 63 | 4.54516 | 12
9002875995907587873 | 64 | 4.54516 | 12
-440992081894375869 | 65 | 4.54516 | 12
-881984163788751737 | 66 | 4.54516 | 12
-1763968327577503474 | 67 | 1.58101e-322 | 10
-1763968327577503473 | 67 | 8.22766 | 2
1048072707 | 31 | 11.1243 | 21
2096145415 | 32 | 11.1243 | 21
4192290830 | 33 | 8.49167 | 12
8384581661 | 34 | 8.49167 | 12
16769163322 | 35 | 8.49167 | 12
33538326644 | 36 | 8.49167 | 12
67076653289 | 37 | 8.49167 | 12
134153306578 | 38 | 8.49167 | 12
268306613156 | 39 | 8.49167 | 12
536613226313 | 40 | 8.49167 | 12
1073226452627 | 41 | 8.49167 | 12
2146452905255 | 42 | 8.49167 | 12
4292905810511 | 43 | 8.49167 | 12
8585811621022 | 44 | 8.49167 | 12
17171623242044 | 45 | 8.49167 | 12
34343246484088 | 46 | 4.63978e-310 | 8
34343246484089 | 46 | 4.63978e-310 | 4
4192290831 | 33 | 4.63978e-310 | 9
8188069 | 24 | 4.63978e-310 | 2
511755 | 20 | 25.0537 | 618
1023511 | 21 | 25.0537 | 618
2047023 | 22 | 25.0537 | 618
4094046 | 23 | 25.0537 | 618
8188093 | 24 | 25.0537 | 618
16376186 | 25 | 18.4274 | 463
32752372 | 26 | 18.4274 | 463
65504745 | 27 | 18.4274 | 463
131009490 | 28 | 18.4274 | 463
262018981 | 29 | 18.4274 | 463
524037963 | 30 | 18.4274 | 463
1048075926 | 31 | 18.4274 | 463
2096151853 | 32 | 18.4274 | 463
4192303707 | 33 | 18.4274 | 463
8384607414 | 34 | 18.4274 | 463
16769214828 | 35 | 17.8964 | 175
33538429656 | 36 | 17.8964 | 175
67076859313 | 37 | 17.8964 | 175
134153718627 | 38 | 17.8964 | 175
268307437255 | 39 | 17.8964 | 175
536614874510 | 40 | 17.8964 | 175
1073229749020 | 41 | 17.8964 | 175
2146459498040 | 42 | 17.8964 | 175
4292918996080 | 43 | 17.8964 | 175
8585837992160 | 44 | 17.8964 | 175
17171675984320 | 45 | 17.8964 | 175
34343351968640 | 46 | 17.8964 | 175
68686703937280 | 47 | 17.8964 | 175
137373407874561 | 48 | 17.8964 | 175
274746815749122 | 49 | 17.8964 | 175
549493631498244 | 50 | 17.8964 | 175
1098987262996488 | 51 | 17.8964 | 175
2197974525992976 | 52 | 17.8964 | 175
4395949051985952 | 53 | 17.8964 | 175
8791898103971905 | 54 | 17.8964 | 175
17583796207943810 | 55 | 17.8964 | 175
35167592415887621 | 56 | 17.8964 | 175
70335184831775243 | 57 | 17.8964 | 175
140670369663550486 | 58 | 17.8964 | 175
281340739327100973 | 59 | 17.8964 | 175
562681478654201947 | 60 | 17.8964 | 175
1125362957308403894 | 61 | 17.8964 | 175
2250725914616807789 | 62 | 17.8964 | 175
4501451829233615579 | 63 | 17.8964 | 175
9002903658467231159 | 64 | 17.8964 | 175
-440936756775089298 | 65 | 17.8964 | 175
-881873513550178596 | 66 | 17.8964 | 175
-1763747027100357191 | 67 | 17.8964 | 175
-3527494054200714381 | 68 | 17.8964 | 175
-7054988108401428762 | 69 | 17.8964 | 175
4336767856906694093 | 70 | 17.8964 | 175
8673535713813388187 | 71 | 17.8964 | 175
-1099672646082775242 | 72 | 17.8964 | 175
-2199345292165550484 | 73 | 17.8964 | 175
-4398690584331100968 | 74 | 17.8964 | 175
-8797381168662201936 | 75 | 17.2521 | 145
851981736385147744 | 76 | 17.2521 | 145
1703963472770295488 | 77 | 17.2521 | 145
3407926945540590976 | 78 | 17.2521 | 145
6815853891081181953 | 79 | 17.2521 | 145
-4815036291547187710 | 80 | 17.2521 | 145
8816671490615176197 | 81 | 17.2521 | 145
-813401092479199222 | 82 | 17.2521 | 145
-1626802184958398443 | 83 | 17.2521 | 145
-3253604369916796886 | 84 | 17.2521 | 145
-6507208739833593771 | 85 | 17.2521 | 145
5432326594042364075 | 86 | 17.2521 | 145
-7582090885624823465 | 87 | 17.2521 | 145
3282562302459904687 | 88 | 17.2521 | 145
6565124604919809375 | 89 | 17.2521 | 145
-5316494863869932865 | 90 | 17.2521 | 145
7813754345969685886 | 91 | 17.2521 | 145
-2819235381770179844 | 92 | 17.2521 | 145
-5638470763540359687 | 93 | 17.2521 | 145
7169802546628832242 | 94 | 17.2521 | 145
-4107138980451887131 | 95 | 17.2521 | 145
-8214277960903774261 | 96 | 17.2521 | 145
2018188151902003094 | 97 | 17.2521 | 145
4036376303804006189 | 98 | 17.2521 | 145
8072752607608012379 | 99 | 17.2521 | 145
-2301238858493526858 | 100 | 17.2521 | 145
-4602477716987053715 | 101 | 17.2521 | 145
-9204955433974107429 | 102 | 17.2521 | 145
36833205761336758 | 103 | 2.06025e-321 | 2
36833205761336759 | 103 | 10.9772 | 143
73666411522673519 | 104 | 10.9772 | 143
147332823045347039 | 105 | 10.9772 | 143
294665646090694078 | 106 | 10.9772 | 143
589331292181388157 | 107 | 10.9772 | 143
1178662584362776315 | 108 | 10.9772 | 143
2357325168725552630 | 109 | 4.96363 | 46
4714650337451105261 | 110 | 4.96363 | 46
-9017443398807341094 | 111 | 4.96363 | 46
411857276094869428 | 112 | 4.43963 | 38
823714552189738857 | 113 | 4.43963 | 38
1647429104379477715 | 114 | 4.43963 | 38
3294858208758955431 | 115 | 4.43963 | 38
6589716417517910863 | 116 | 4.43963 | 38
-5267311238673729889 | 117 | 4.43963 | 38
7912121596362091839 | 118 | 4.43963 | 38
-2622500880985367938 | 119 | 4.43963 | 38
-5245001761970735875 | 120 | 4.43963 | 38
7956740549768079866 | 121 | 2.72955 | 22
-2533262974173391883 | 122 | 2.72955 | 22
-5066525948346783765 | 123 | 2.72955 | 22
8313692177015984086 | 124 | 2.72955 | 22
-1819359719677583443 | 125 | 2.72955 | 22
-3638719439355166885 | 126 | 2.72955 | 22
-7277438878710333770 | 127 | 2.72955 | 22
3891866316288884077 | 128 | 2.72955 | 22
7783732632577768155 | 129 | 2.72955 | 22
-2879278808554015305 | 130 | 2.72955 | 22
-5758557617108030610 | 131 | 2.72955 | 22
6929628839493490396 | 132 | 2.02842 | 17
-4587486394722570823 | 133 | 2.02842 | 17
-9174972789445141645 | 134 | 2.02842 | 17
96798494819268326 | 135 | 2.02842 | 17
193596989638536652 | 136 | 1.94642 | 15
387193979277073304 | 137 | 1.94642 | 15
774387958554146609 | 138 | 1.94642 | 15
1548775917108293218 | 139 | 1.94642 | 15
3097551834216586436 | 140 | 50.6752 | 3
3097551834216586437 | 140 | 1.74867 | 12
6195103668433172875 | 141 | 1.74867 | 12
-6056536736843205866 | 142 | 9.89601 | 8
-6056536736843205865 | 142 | 50.8812 | 4
193596989638536653 | 136 | 4.63978e-310 | 2
6929628839493490397 | 132 | 4.63978e-310 | 5
7956740549768079867 | 121 | 1.63648 | 16
-2533262974173391881 | 122 | 1.63648 | 16
-5066525948346783762 | 123 | 1.62636 | 15
8313692177015984092 | 124 | 1.62636 | 15
-1819359719677583432 | 125 | 4.63978e-310 | 1
-1819359719677583431 | 125 | 1.62636 | 14
-3638719439355166862 | 126 | 1.62636 | 14
-7277438878710333724 | 127 | 1.62636 | 14
3891866316288884168 | 128 | 1.62636 | 14
7783732632577768336 | 129 | 1.62636 | 14
-2879278808554014943 | 130 | 1.62636 | 14
-5758557617108029885 | 131 | 1.62636 | 14
6929628839493491846 | 132 | 1.62636 | 14
-4587486394722567923 | 133 | 1.62636 | 14
-9174972789445135845 | 134 | 1.62636 | 14
96798494819279927 | 135 | 1.62636 | 14
193596989638559855 | 136 | 1.62636 | 14
387193979277119710 | 137 | 1.62636 | 14
774387958554239421 | 138 | 1.62636 | 14
1548775917108478842 | 139 | 1.62636 | 13
3097551834216957685 | 140 | 1.62636 | 13
6195103668433915370 | 141 | 1.62636 | 13
-6056536736841720875 | 142 | 1.62636 | 13
6333670600026109866 | 143 | 2.30716 | 3
6333670600026109867 | 143 | 4.63978e-310 | 10
1548775917108478843 | 139 | 4.63978e-310 | 1
-5066525948346783761 | 123 | 4.63978e-310 | 1
411857276094869429 | 112 | 4.63978e-310 | 8
2357325168725552631 | 109 | 6.86773 | 97
4714650337451105263 | 110 | 6.86773 | 97
-9017443398807341090 | 111 | 6.86773 | 97
411857276094869437 | 112 | 6.86773 | 97
823714552189738875 | 113 | 6.86773 | 97
1647429104379477750 | 114 | 6.86773 | 97
3294858208758955500 | 115 | 6.86773 | 97
6589716417517911000 | 116 | 6.76131 | 80
-5267311238673729615 | 117 | 6.76131 | 80
7912121596362092386 | 118 | 32.0343 | 8
7912121596362092387 | 118 | 6.03369 | 72
-2622500880985366842 | 119 | 6.03369 | 72
-5245001761970733684 | 120 | 6.03369 | 72
7956740549768084248 | 121 | 6.03369 | 72
-2533262974173383120 | 122 | 6.03369 | 72
-5066525948346766240 | 123 | 6.03369 | 72
8313692177016019136 | 124 | 6.03369 | 72
-1819359719677513344 | 125 | 6.03369 | 72
-3638719439355026687 | 126 | 6.03369 | 72
-7277438878710053374 | 127 | 6.03369 | 72
3891866316289444868 | 128 | 6.03369 | 72
7783732632578889737 | 129 | 6.03369 | 72
-2879278808551772141 | 130 | 6.03369 | 72
-5758557617103544281 | 131 | 6.03369 | 72
6929628839502463055 | 132 | 6.03369 | 72
-4587486394704625506 | 133 | 2.81053 | 28
-9174972789409251012 | 134 | 2.81053 | 28
96798494891049592 | 135 | 2.81053 | 28
193596989782099184 | 136 | 2.81053 | 28
387193979564198369 | 137 | 2.81053 | 28
774387959128396738 | 138 | 2.81053 | 28
1548775918256793477 | 139 | 2.81053 | 28
3097551836513586954 | 140 | 1.08206 | 7
3097551836513586955 | 140 | 2.81053 | 21
6195103673027173910 | 141 | 2.81053 | 21
-6056536727655203796 | 142 | 2.81053 | 21
6333670618399144024 | 143 | 7.22858 | 9
6333670618399144025 | 143 | 2.81053 | 12
-5779402836911263566 | 144 | 2.81053 | 12
6887938399887024484 | 145 | 2.81053 | 12
-4670867273935502647 | 146 | 2.81053 | 12
9105009525838546323 | 147 | 2.81053 | 12
-236725022032458970 | 148 | 4.56121 | 1
-236725022032458969 | 148 | 2.44672 | 11
-473450044064917938 | 149 | 2.44672 | 11
-946900088129835876 | 150 | 2.44672 | 11
-1893800176259671751 | 151 | 2.44672 | 11
-3787600352519343502 | 152 | 2.44672 | 11
-7575200705038687004 | 153 | 2.44672 | 11
3296342663632177609 | 154 | 2.44672 | 11
6592685327264355219 | 155 | 2.44672 | 11
-5261373419180841178 | 156 | 0.742748 | 2
-5261373419180841177 | 156 | 14.4796 | 9
-4587486394704625505 | 133 | 3.04418 | 44
-9174972789409251010 | 134 | 3.04418 | 26
96798494891049597 | 135 | 3.04418 | 26
193596989782099194 | 136 | 0 | 8
193596989782099195 | 136 | 1.69432 | 18
387193979564198390 | 137 | 1.69432 | 18
774387959128396780 | 138 | 2.42092e-322 | 8
774387959128396781 | 138 | 0.390763 | 10
-9174972789409251009 | 134 | 2.69635 | 18
96798494891049598 | 135 | 4.63978e-310 | 6
96798494891049599 | 135 | 1.84071 | 12
193596989782099199 | 136 | 1.84071 | 12
387193979564198398 | 137 | 1.84071 | 12
774387959128396797 | 138 | 1.84071 | 12
1548775918256793594 | 139 | 1.84071 | 12
3097551836513587188 | 140 | 1.84071 | 12
6195103673027174377 | 141 | 1.84071 | 12
-6056536727655202862 | 142 | 6.6369 | 8
-6056536727655202861 | 142 | 36.4055 | 4
6589716417517911001 | 116 | 5.69234 | 17
-5267311238673729613 | 117 | 5.69234 | 17
7912121596362092390 | 118 | 5.69234 | 17
-2622500880985366835 | 119 | 5.69234 | 17
-5245001761970733669 | 120 | 5.69234 | 17
7956740549768084279 | 121 | 5.69234 | 17
-2533262974173383057 | 122 | 5.69234 | 17
-5066525948346766114 | 123 | 5.69234 | 17
8313692177016019388 | 124 | 5.69234 | 17
-1819359719677512839 | 125 | 5.69234 | 17
-3638719439355025677 | 126 | 5.69234 | 17
-7277438878710051353 | 127 | 5.69234 | 17
3891866316289448911 | 128 | 5.69234 | 17
7783732632578897822 | 129 | 5.69234 | 17
-2879278808551755971 | 130 | 5.69234 | 17
-5758557617103511941 | 131 | 5.69234 | 17
6929628839502527734 | 132 | 5.69234 | 17
-4587486394704496148 | 133 | 1.58101e-322 | 7
-4587486394704496147 | 133 | 0.203403 | 10
-8797381168662201935 | 75 | 13.6934 | 30
851981736385147746 | 76 | 12.5345 | 27
1703963472770295493 | 77 | 12.5345 | 27
3407926945540590986 | 78 | 12.5345 | 27
6815853891081181973 | 79 | 12.5345 | 27
-4815036291547187669 | 80 | 12.5345 | 27
8816671490615176279 | 81 | 12.5345 | 27
-813401092479199058 | 82 | 8.15194 | 12
-1626802184958398115 | 83 | 8.15194 | 12
-3253604369916796229 | 84 | 8.15194 | 12
-6507208739833592458 | 85 | 8.15194 | 12
5432326594042366701 | 86 | 8.15194 | 12
-7582090885624818213 | 87 | 8.15194 | 12
3282562302459915191 | 88 | 8.15194 | 12
6565124604919830382 | 89 | 8.15194 | 12
-5316494863869890851 | 90 | 8.15194 | 12
7813754345969769915 | 91 | 8.15194 | 12
-2819235381770011786 | 92 | 8.15194 | 12
-5638470763540023571 | 93 | 8.15194 | 12
7169802546629504474 | 94 | 4.63978e-310 | 8
7169802546629504475 | 94 | 4.63978e-310 | 4
-813401092479199057 | 82 | 3.61682 | 15
-1626802184958398114 | 83 | 3.61682 | 15
-3253604369916796227 | 84 | 3.61682 | 15
-6507208739833592453 | 85 | 3.61682 | 15
5432326594042366711 | 86 | 3.61682 | 15
-7582090885624818194 | 87 | 3.61682 | 15
3282562302459915228 | 88 | 4.63978e-310 | 9
3282562302459915229 | 88 | 4.63978e-310 | 6
851981736385147747 | 76 | 4.63978e-310 | 3
16769214829 | 35 | 16.4249 | 288
33538429658 | 36 | 16.4249 | 288
67076859317 | 37 | 16.4249 | 288
134153718634 | 38 | 16.4249 | 288
268307437268 | 39 | 16.4249 | 288
536614874537 | 40 | 16.4249 | 288
1073229749075 | 41 | 16.4249 | 288
2146459498151 | 42 | 16.4249 | 288
4292918996302 | 43 | 6.90513e-310 | 4
4292918996303 | 43 | 14.5239 | 284
8585837992606 | 44 | 14.5239 | 284
17171675985213 | 45 | 14.5239 | 284
34343351970426 | 46 | 8.81585 | 47
68686703940853 | 47 | 8.81585 | 47
137373407881706 | 48 | 8.81585 | 47
274746815763412 | 49 | 8.81585 | 47
549493631526824 | 50 | 8.81585 | 47
1098987263053648 | 51 | 8.81585 | 47
2197974526107296 | 52 | 8.81585 | 47
4395949052214592 | 53 | 8.81585 | 47
8791898104429185 | 54 | 8.81585 | 47
17583796208858371 | 55 | 8.81585 | 47
35167592417716743 | 56 | 8.81585 | 47
70335184835433487 | 57 | 8.81585 | 47
140670369670866975 | 58 | 8.81585 | 47
281340739341733950 | 59 | 21.8484 | 6
281340739341733951 | 59 | 8.0665 | 41
562681478683467902 | 60 | 4.53637 | 38
1125362957366935805 | 61 | 4.53637 | 38
2250725914733871610 | 62 | 4.53637 | 38
4501451829467743220 | 63 | 4.53637 | 38
9002903658935486440 | 64 | 4.53637 | 38
-440936755838578735 | 65 | 4.53637 | 38
-881873511677157469 | 66 | 4.53637 | 38
-1763747023354314937 | 67 | 4.53637 | 38
-3527494046708629874 | 68 | 4.27196 | 34
-7054988093417259747 | 69 | 4.27196 | 34
4336767886875032123 | 70 | 4.27196 | 34
8673535773750064246 | 71 | 4.27196 | 34
-1099672526209423123 | 72 | 4.27196 | 34
-2199345052418846246 | 73 | 3.08971 | 5
-2199345052418846245 | 73 | 3.97025 | 29
-4398690104837692489 | 74 | 3.97025 | 29
-8797380209675384977 | 75 | 3.97025 | 29
851983654358781662 | 76 | 3.97025 | 29
1703967308717563324 | 77 | 3.43699 | 5
1703967308717563325 | 77 | 2.87646 | 24
3407934617435126651 | 78 | 2.87646 | 24
6815869234870253302 | 79 | 2.87646 | 24
-4815005603969045011 | 80 | 2.87646 | 24
8816732865771461594 | 81 | 2.87646 | 24
-813278342166628428 | 82 | 7.98871 | 3
-813278342166628427 | 82 | 2.72128 | 21
-1626556684333256854 | 83 | 2.72128 | 21
-3253113368666513708 | 84 | 2.72128 | 21
-6506226737333027416 | 85 | 2.98572 | 7
-6506226737333027415 | 85 | 1.99695 | 14
5434290599043496787 | 86 | 1.99695 | 14
-7578162875622558042 | 87 | 1.99695 | 14
3290418322464435532 | 88 | 1.99695 | 14
6580836644928871064 | 89 | 1.99695 | 11
-5285070783851809487 | 90 | 1.99695 | 11
7876602506005932643 | 91 | 1.99695 | 11
-2693539061697686330 | 92 | 1.99695 | 11
-5387078123395372660 | 93 | 1.99695 | 11
7672587826918806297 | 94 | 1.99695 | 11
-3101568419871939022 | 95 | 70.2001 | 1
-3101568419871939021 | 95 | 80.9378 | 10
6580836644928871065 | 89 | 4.63978e-310 | 3
-3527494046708629873 | 68 | 4.63978e-310 | 4
562681478683467903 | 60 | 4.63978e-310 | 3
34343351970427 | 46 | 11.8228 | 237
68686703940855 | 47 | 11.8228 | 237
137373407881710 | 48 | 9.51913 | 212
274746815763420 | 49 | 9.51913 | 212
549493631526840 | 50 | 9.51913 | 212
1098987263053680 | 51 | 9.51913 | 212
2197974526107360 | 52 | 9.51913 | 212
4395949052214720 | 53 | 8.00631 | 40
8791898104429440 | 54 | 8.00631 | 40
17583796208858881 | 55 | 8.00631 | 40
35167592417717763 | 56 | 8.00631 | 40
70335184835435526 | 57 | 8.00631 | 40
140670369670871053 | 58 | 8.00631 | 40
281340739341742106 | 59 | 8.00631 | 40
562681478683484213 | 60 | 8.00631 | 40
1125362957366968426 | 61 | 8.00631 | 40
2250725914733936852 | 62 | 8.00631 | 40
4501451829467873704 | 63 | 8.00631 | 40
9002903658935747409 | 64 | 8.00631 | 40
-440936755838056798 | 65 | 8.00631 | 40
-881873511676113596 | 66 | 8.00631 | 40
-1763747023352227192 | 67 | 8.00631 | 40
-3527494046704454383 | 68 | 8.00631 | 40
-7054988093408908766 | 69 | 8.00631 | 40
4336767886891734085 | 70 | 8.00631 | 40
8673535773783468170 | 71 | 8.00631 | 40
-1099672526142615276 | 72 | 8.00631 | 40
-2199345052285230552 | 73 | 4.91091 | 23
-4398690104570461104 | 74 | 4.88515 | 13
-8797380209140922208 | 75 | 4.88515 | 13
851983655427707200 | 76 | 4.88515 | 13
1703967310855414400 | 77 | 4.88515 | 13
3407934621710828801 | 78 | 4.88515 | 13
6815869243421657603 | 79 | 4.88515 | 13
-4815005586866236410 | 80 | 4.88515 | 13
8816732899977078796 | 81 | 4.88515 | 13
-813278273755394024 | 82 | 4.88515 | 13
-1626556547510788048 | 83 | 4.88515 | 13
-3253113095021576095 | 84 | 4.88515 | 13
-6506226190043152190 | 85 | 4.57655 | 11
5434291693623247236 | 86 | 4.57655 | 11
-7578160686463057144 | 87 | 4.57655 | 11
3290422700783437329 | 88 | 4.57655 | 11
6580845401566874658 | 89 | 4.57655 | 11
-5285053270575802300 | 90 | 4.57655 | 11
7876637532557947016 | 91 | 28.2876 | 1
7876637532557947017 | 91 | 7.44844 | 10
-6506226190043152189 | 85 | 4.63978e-310 | 2
-4398690104570461103 | 74 | 4.63978e-310 | 10
-2199345052285230551 | 73 | 3.31002 | 17
-4398690104570461102 | 74 | 3.31002 | 17
-8797380209140922204 | 75 | 3.31002 | 17
851983655427707209 | 76 | 3.31002 | 17
1703967310855414418 | 77 | 3.31002 | 17
3407934621710828836 | 78 | 3.31002 | 17
6815869243421657673 | 79 | 3.31002 | 17
-4815005586866236270 | 80 | 3.31002 | 17
8816732899977079076 | 81 | 3.31002 | 17
-813278273755393464 | 82 | 3.31002 | 17
-1626556547510786928 | 83 | 3.31002 | 17
-3253113095021573856 | 84 | 2.68114 | 8
-3253113095021573855 | 84 | 0 | 9
4395949052214721 | 53 | 8.70217 | 172
8791898104429442 | 54 | 8.70217 | 172
17583796208858884 | 55 | 2.91449 | 22
35167592417717769 | 56 | 2.91449 | 22
70335184835435538 | 57 | 2.91449 | 22
140670369670871077 | 58 | 2.91449 | 22
281340739341742154 | 59 | 2.91449 | 22
562681478683484308 | 60 | 2.91449 | 22
1125362957366968617 | 61 | 2.91449 | 22
2250725914733937234 | 62 | 2.91449 | 22
4501451829467874468 | 63 | 2.91449 | 22
9002903658935748937 | 64 | 2.91449 | 22
-440936755838053741 | 65 | 2.91449 | 22
-881873511676107481 | 66 | 2.91449 | 22
-1763747023352214962 | 67 | 2.91449 | 22
-3527494046704429924 | 68 | 2.91449 | 22
-7054988093408859848 | 69 | 2.91449 | 22
4336767886891831921 | 70 | 2.91449 | 22
8673535773783663842 | 71 | 2.91449 | 22
-1099672526142223932 | 72 | 2.91449 | 22
-2199345052284447864 | 73 | 2.88192 | 16
-4398690104568895728 | 74 | 2.88192 | 16
-8797380209137791455 | 75 | 2.88192 | 16
851983655433968706 | 76 | 2.88192 | 16
1703967310867937412 | 77 | 2.88192 | 16
3407934621735874825 | 78 | 2.88192 | 16
6815869243471749650 | 79 | 2.88192 | 16
-4815005586766052315 | 80 | 2.88192 | 16
8816732900177446986 | 81 | 2.88192 | 16
-813278273354657644 | 82 | 2.88192 | 16
-1626556546709315287 | 83 | 2.88192 | 16
-3253113093418630573 | 84 | 2.88192 | 16
-6506226186837261145 | 85 | 2.88192 | 16
5434291700035029326 | 86 | 2.45509 | 15
-7578160673639492963 | 87 | 2.45509 | 15
3290422726430565690 | 88 | 2.45509 | 15
6580845452861131380 | 89 | 2.45509 | 15
-5285053167987288855 | 90 | 2.45509 | 15
7876637737734973906 | 91 | 2.45509 | 12
-2693468598239603804 | 92 | 2.45509 | 12
-5386937196479207608 | 93 | 2.45509 | 12
7672869680751136401 | 94 | 2.45509 | 12
-3101004712207278813 | 95 | 2.45509 | 12
-6202009424414557625 | 96 | 2.45509 | 12
6042725224880436367 | 97 | 2.45509 | 12
-6361293623948678881 | 98 | 2.45509 | 12
5724156825812193855 | 99 | 2.45509 | 12
-6998430422085163905 | 100 | 2.45509 | 12
4449883229539223807 | 101 | 2.45509 | 12
8899766459078447615 | 102 | 2.45509 | 12
-647211155552656386 | 103 | 2.45509 | 12
-1294422311105312772 | 104 | 2.45509 | 12
-2588844622210625544 | 105 | 2.45509 | 12
-5177689244421251087 | 106 | 2.45509 | 12
8091365584867049442 | 107 | 1.57372 | 7
8091365584867049443 | 107 | 2.49631 | 5
7876637737734973907 | 91 | 4.63978e-310 | 3
5434291700035029327 | 86 | 4.63978e-310 | 1
-2199345052284447863 | 73 | 4.63978e-310 | 6
17583796208858885 | 55 | 7.52249 | 150
35167592417717770 | 56 | 6.81474 | 82
70335184835435541 | 57 | 6.81474 | 82
140670369670871082 | 58 | 2.82786 | 28
281340739341742164 | 59 | 2.82786 | 28
562681478683484329 | 60 | 2.82786 | 28
1125362957366968659 | 61 | 2.82786 | 28
2250725914733937319 | 62 | 2.82786 | 28
4501451829467874638 | 63 | 2.82786 | 28
9002903658935749276 | 64 | 0.173514 | 10
9002903658935749277 | 64 | 2.23535 | 18
-440936755838053062 | 65 | 2.23535 | 18
-881873511676106124 | 66 | 2.23535 | 18
-1763747023352212247 | 67 | 2.23535 | 18
-3527494046704424493 | 68 | 2.23535 | 18
-7054988093408848985 | 69 | 2.23535 | 18
4336767886891853646 | 70 | 2.23535 | 18
8673535773783707293 | 71 | 2.23535 | 18
-1099672526142137029 | 72 | 2.23535 | 18
-2199345052284274058 | 73 | 2.23535 | 18
-4398690104568548116 | 74 | 0 | 1
-4398690104568548115 | 74 | 2.23535 | 17
-8797380209137096229 | 75 | 2.23535 | 17
851983655435359159 | 76 | 2.23535 | 17
1703967310870718318 | 77 | 2.9369 | 1
1703967310870718319 | 77 | 2.1939 | 16
3407934621741436639 | 78 | 2.1939 | 16
6815869243482873279 | 79 | 2.1939 | 16
-4815005586743805058 | 80 | 1.91052 | 14
8816732900221941500 | 81 | 0.518773 | 10
8816732900221941501 | 81 | 21.7987 | 4
-4815005586743805057 | 80 | 20.2918 | 2
140670369670871083 | 58 | 4.09386 | 54
281340739341742167 | 59 | 4.09386 | 54
562681478683484335 | 60 | 4.09386 | 54
1125362957366968671 | 61 | 4.09386 | 54
2250725914733937343 | 62 | 4.09386 | 54
4501451829467874686 | 63 | 4.09386 | 54
9002903658935749372 | 64 | 4.09386 | 54
-440936755838052872 | 65 | 4.09386 | 54
-881873511676105743 | 66 | 4.09386 | 54
-1763747023352211486 | 67 | 4.09386 | 54
-3527494046704422972 | 68 | 4.09386 | 54
-7054988093408845943 | 69 | 4.09386 | 54
4336767886891859730 | 70 | 4.09386 | 54
8673535773783719461 | 71 | 4.09386 | 54
-1099672526142112694 | 72 | 4.09386 | 54
-2199345052284225387 | 73 | 4.09386 | 54
-4398690104568450773 | 74 | 4.09386 | 54
-8797380209136901546 | 75 | 4.09386 | 54
851983655435748524 | 76 | 2.3324 | 31
1703967310871497049 | 77 | 2.3324 | 31
3407934621742994098 | 78 | 2.3324 | 31
6815869243485988196 | 79 | 2.3324 | 31
-4815005586737575224 | 80 | 1.90286 | 18
8816732900234401168 | 81 | 2.39939 | 6
8816732900234401169 | 81 | 1.53445 | 12
-813278273240749277 | 82 | 1.53445 | 12
-1626556546481498554 | 83 | 1.53445 | 12
-3253113092962997108 | 84 | 1.53445 | 12
-6506226185925994216 | 85 | 0.743105 | 6
-6506226185925994215 | 85 | 0.31879 | 6
-4815005586737575223 | 80 | 2.12413 | 13
8816732900234401171 | 81 | 2.12413 | 13
-813278273240749274 | 82 | 2.12413 | 13
-1626556546481498547 | 83 | 2.12413 | 13
-3253113092962997094 | 84 | 2.12413 | 13
-6506226185925994188 | 85 | 2.12413 | 13
5434291701857563241 | 86 | 2.12413 | 13
-7578160669994425133 | 87 | 2.12413 | 13
3290422733720701351 | 88 | 2.12413 | 13
6580845467441402703 | 89 | 2.12413 | 13
-5285053138826746210 | 90 | 2.12413 | 13
7876637796056059196 | 91 | 1.83487 | 11
-2693468481597433223 | 92 | 1.83487 | 11
-5386936963194866446 | 93 | 6.37983 | 4
-5386936963194866445 | 93 | 1.80773 | 7
7876637796056059197 | 91 | 4.63978e-310 | 2
851983655435748525 | 76 | 2.03251 | 23
1703967310871497051 | 77 | 2.03251 | 23
3407934621742994102 | 78 | 2.03251 | 23
6815869243485988205 | 79 | 2.03251 | 23
-4815005586737575206 | 80 | 1.6875 | 17
8816732900234401205 | 81 | 1.6875 | 17
-813278273240749206 | 82 | 4.63978e-310 | 5
-813278273240749205 | 82 | 1.34329 | 12
-1626556546481498410 | 83 | 1.34329 | 12
-3253113092962996819 | 84 | 1.34329 | 12
-6506226185925993638 | 85 | 1.34329 | 12
5434291701857564340 | 86 | 1.34329 | 12
-7578160669994422936 | 87 | 1.34329 | 12
3290422733720705744 | 88 | 1.34329 | 12
6580845467441411488 | 89 | 4.00193e-322 | 7
6580845467441411489 | 89 | 0 | 5
-4815005586737575205 | 80 | 4.63978e-310 | 6
35167592417717771 | 56 | 7.0144 | 68
70335184835435543 | 57 | 7.0144 | 68
140670369670871086 | 58 | 7.0144 | 68
281340739341742173 | 59 | 7.0144 | 68
562681478683484346 | 60 | 7.0144 | 68
1125362957366968693 | 61 | 7.0144 | 68
2250725914733937386 | 62 | 7.0144 | 62
4501451829467874772 | 63 | 7.0144 | 62
9002903658935749544 | 64 | 3.21143e-322 | 1
9002903658935749545 | 64 | 6.70299 | 61
-440936755838052525 | 65 | 6.70299 | 61
-881873511676105049 | 66 | 6.70299 | 61
-1763747023352210098 | 67 | 6.3012 | 56
-3527494046704420195 | 68 | 6.3012 | 56
-7054988093408840389 | 69 | 6.3012 | 56
4336767886891870838 | 70 | 6.3012 | 56
8673535773783741677 | 71 | 6.3012 | 56
-1099672526142068262 | 72 | 6.3012 | 56
-2199345052284136524 | 73 | 6.3012 | 56
-4398690104568273048 | 74 | 6.3012 | 56
-8797380209136546095 | 75 | 6.3012 | 56
851983655436459426 | 76 | 3.98667 | 32
1703967310872918852 | 77 | 3.98667 | 32
3407934621745837704 | 78 | 3.98667 | 32
6815869243491675408 | 79 | 3.98667 | 32
-4815005586726200799 | 80 | 3.98667 | 32
8816732900257150019 | 81 | 3.98667 | 32
-813278273195251578 | 82 | 3.98667 | 32
-1626556546390503155 | 83 | 3.98667 | 32
-3253113092781006309 | 84 | 3.98667 | 32
-6506226185562012618 | 85 | 3.98667 | 32
5434291702585526380 | 86 | 3.98667 | 32
-7578160668538498856 | 87 | 3.98667 | 32
3290422736632553904 | 88 | 3.98667 | 32
6580845473265107808 | 89 | 3.98667 | 32
-5285053127179335999 | 90 | 3.98667 | 32
7876637819350879618 | 91 | 3.98667 | 32
-2693468435007792379 | 92 | 3.98667 | 32
-5386936870015584758 | 93 | 3.98667 | 32
7672870333678382101 | 94 | 3.98667 | 32
-3101003406352787413 | 95 | 3.98667 | 32
-6202006812705574825 | 96 | 3.98667 | 32
6042730448298401966 | 97 | 3.98667 | 32
-6361283177112747684 | 98 | 3.98667 | 32
5724177719484056249 | 99 | 3.98667 | 32
-6998388634741439117 | 100 | 3.98667 | 32
4449966804226673382 | 101 | 3.98667 | 32
8899933608453346764 | 102 | 3.98667 | 32
-646876856802858088 | 103 | 3.98667 | 32
-1293753713605716176 | 104 | 3.9797 | 30
-2587507427211432351 | 105 | 3.9797 | 30
-5175014854422864701 | 106 | 3.9797 | 30
8096714364863822215 | 107 | 3.9797 | 30
-2253315343981907186 | 108 | 3.9797 | 30
-4506630687963814371 | 109 | 3.9797 | 30
-9013261375927628742 | 110 | 3.9797 | 30
420221321854294133 | 111 | 3.9797 | 30
840442643708588266 | 112 | 2.44462 | 18
1680885287417176532 | 113 | 2.44462 | 18
3361770574834353065 | 114 | 2.44462 | 18
6723541149668706130 | 115 | 2.44462 | 18
-4999661774372139356 | 116 | 2.41815 | 12
8447420524965272905 | 117 | 2.41815 | 12
-1551903023779005806 | 118 | 2.41815 | 12
-3103806047558011612 | 119 | 1.13379 | 1
-3103806047558011611 | 119 | 2.4089 | 11
-6207612095116023221 | 120 | 2.4089 | 11
6031519883477505175 | 121 | 2.4089 | 11
-6383704306754541265 | 122 | 2.4089 | 11
5679335460200469087 | 123 | 2.4089 | 11
-7088073153308613442 | 124 | 2.4089 | 11
4270597767092324733 | 125 | 2.4089 | 11
8541195534184649466 | 126 | 2.4089 | 11
-1364353005340252683 | 127 | 2.4089 | 11
-2728706010680505365 | 128 | 2.4089 | 11
-5457412021361010730 | 129 | 2.4089 | 11
7531920030987530156 | 130 | 38.3677 | 3
7531920030987530157 | 130 | 4.63978e-310 | 8
-4999661774372139355 | 116 | 4.63978e-310 | 6
840442643708588267 | 112 | 1.58723 | 12
1680885287417176535 | 113 | 1.58723 | 12
3361770574834353071 | 114 | 1.58723 | 12
6723541149668706142 | 115 | 1.58723 | 12
-4999661774372139331 | 116 | 1.58723 | 12
8447420524965272954 | 117 | 1.58723 | 12
-1551903023779005707 | 118 | 1.58723 | 12
-3103806047558011413 | 119 | 1.58723 | 12
-6207612095116022826 | 120 | 1.58723 | 12
6031519883477505965 | 121 | 1.58723 | 12
-6383704306754539686 | 122 | 4.63978e-310 | 1
-6383704306754539685 | 122 | 1.58723 | 11
5679335460200472246 | 123 | 1.58723 | 11
-7088073153308607123 | 124 | 1.58723 | 11
4270597767092337370 | 125 | 1.58723 | 11
8541195534184674740 | 126 | 1.58723 | 11
-1364353005340202136 | 127 | 1.58723 | 11
-2728706010680404272 | 128 | 1.58723 | 11
-5457412021360808543 | 129 | 1.58723 | 11
7531920030987934531 | 130 | 1.58723 | 11
-3382904011733682554 | 131 | 1.58723 | 11
-6765808023467365108 | 132 | 1.58723 | 11
4915128026774821400 | 133 | 13.1093 | 2
4915128026774821401 | 133 | 7.198 | 9
-1293753713605716175 | 104 | 4.63978e-310 | 2
851983655436459427 | 76 | 2.50956 | 24
1703967310872918854 | 77 | 2.50956 | 24
3407934621745837708 | 78 | 2.50956 | 24
6815869243491675416 | 79 | 2.50956 | 24
-4815005586726200784 | 80 | 2.50956 | 24
8816732900257150049 | 81 | 2.50956 | 24
-813278273195251517 | 82 | 2.50956 | 24
-1626556546390503034 | 83 | 2.50956 | 24
-3253113092781006067 | 84 | 2.50956 | 24
-6506226185562012133 | 85 | 2.50956 | 24
5434291702585527351 | 86 | 2.50956 | 24
-7578160668538496913 | 87 | 2.50956 | 24
3290422736632557791 | 88 | 2.50956 | 24
6580845473265115583 | 89 | 2.50956 | 24
-5285053127179320450 | 90 | 1.43936 | 14
7876637819350910717 | 91 | 1.43936 | 14
-2693468435007730181 | 92 | 1.43936 | 14
-5386936870015460362 | 93 | 1.43936 | 14
7672870333678630893 | 94 | 1.43936 | 14
-3101003406352289830 | 95 | 4.63978e-310 | 3
-3101003406352289829 | 95 | 1.28881 | 11
-6202006812704579657 | 96 | 1.28881 | 11
6042730448300392302 | 97 | 1.28881 | 11
-6361283177108767012 | 98 | 1.28881 | 11
5724177719492017593 | 99 | 1.28881 | 11
-6998388634725516430 | 100 | 2.49037 | 7
-6998388634725516429 | 100 | 2.21341e-321 | 4
-5285053127179320449 | 90 | 4.63978e-310 | 10
-1763747023352210097 | 67 | 4.63978e-310 | 5
2250725914733937387 | 62 | 4.63978e-310 | 6
137373407881711 | 48 | 7.85165 | 25
274746815763422 | 49 | 4.63978e-310 | 10
274746815763423 | 49 | 5.92247 | 15
549493631526847 | 50 | 5.92247 | 15
1098987263053694 | 51 | 5.92247 | 15
2197974526107388 | 52 | 5.92247 | 15
4395949052214776 | 53 | 5.92247 | 15
8791898104429553 | 54 | 5.92247 | 15
17583796208859107 | 55 | 5.92247 | 15
35167592417718214 | 56 | 5.92247 | 15
70335184835436429 | 57 | 5.92247 | 15
140670369670872858 | 58 | 5.92247 | 15
281340739341745716 | 59 | 5.92247 | 15
562681478683491433 | 60 | 5.92247 | 15
1125362957366982867 | 61 | 5.92247 | 15
2250725914733965734 | 62 | 5.92247 | 15
4501451829467931468 | 63 | 5.92247 | 15
9002903658935862937 | 64 | 5.92247 | 15
-440936755837825741 | 65 | 5.92247 | 15
-881873511675651482 | 66 | 5.92247 | 15
-1763747023351302963 | 67 | 5.92247 | 15
-3527494046702605926 | 68 | 4.63978e-310 | 7
-3527494046702605925 | 68 | 4.63978e-310 | 8
16376187 | 25 | 11.9486 | 155
32752374 | 26 | 10.0618 | 55
65504748 | 27 | 6.71232 | 38
131009496 | 28 | 6.71232 | 38
262018993 | 29 | 6.71232 | 38
524037986 | 30 | 6.71232 | 38
1048075973 | 31 | 6.71232 | 38
2096151946 | 32 | 6.71232 | 38
4192303892 | 33 | 3.71941 | 24
8384607785 | 34 | 3.71941 | 24
16769215570 | 35 | 3.71941 | 24
33538431141 | 36 | 3.71941 | 24
67076862282 | 37 | 2.24452 | 12
134153724565 | 38 | 2.24452 | 12
268307449130 | 39 | 2.24452 | 12
536614898261 | 40 | 2.24452 | 12
1073229796523 | 41 | 2.24452 | 12
2146459593047 | 42 | 2.24452 | 12
4292919186095 | 43 | 2.24452 | 12
8585838372190 | 44 | 2.24452 | 12
17171676744381 | 45 | 2.24452 | 12
34343353488762 | 46 | 2.24452 | 12
68686706977524 | 47 | 2.24452 | 12
137373413955049 | 48 | 2.24452 | 12
274746827910098 | 49 | 2.24452 | 12
549493655820196 | 50 | 2.24452 | 12
1098987311640392 | 51 | 2.24452 | 12
2197974623280785 | 52 | 2.24452 | 12
4395949246561570 | 53 | 2.24452 | 12
8791898493123140 | 54 | 2.24452 | 12
17583796986246281 | 55 | 2.24452 | 12
35167593972492562 | 56 | 1.11165e-321 | 2
35167593972492563 | 56 | 3.21143e-322 | 10
67076862283 | 37 | 2.20801 | 12
134153724567 | 38 | 2.20801 | 12
268307449134 | 39 | 2.20801 | 12
536614898269 | 40 | 2.20801 | 12
1073229796538 | 41 | 4.63978e-310 | 6
1073229796539 | 41 | 4.63978e-310 | 6
4192303893 | 33 | 2.4966 | 14
8384607786 | 34 | 1.9173 | 12
16769215572 | 35 | 4.63978e-310 | 8
16769215573 | 35 | 4.63978e-310 | 4
8384607787 | 34 | 4.63978e-310 | 2
65504749 | 27 | 3.41812 | 17
131009499 | 28 | 3.41812 | 17
262018999 | 29 | 3.41812 | 17
524037998 | 30 | 2.4909 | 14
1048075996 | 31 | 2.4909 | 14
2096151993 | 32 | 2.4909 | 14
4192303987 | 33 | 2.4909 | 14
8384607974 | 34 | 2.4909 | 14
16769215948 | 35 | 2.4909 | 14
33538431897 | 36 | 2.4909 | 14
67076863794 | 37 | 2.4909 | 14
134153727588 | 38 | 2.4909 | 14
268307455176 | 39 | 7.11455e-322 | 1
268307455177 | 39 | 2.13967 | 13
536614910354 | 40 | 2.13967 | 13
1073229820708 | 41 | 2.13967 | 13
2146459641417 | 42 | 2.13967 | 13
4292919282834 | 43 | 2.13967 | 13
8585838565669 | 44 | 2.13967 | 13
17171677131339 | 45 | 2.13967 | 13
34343354262678 | 46 | 4.63978e-310 | 7
34343354262679 | 46 | 4.63978e-310 | 6
524037999 | 30 | 4.63978e-310 | 3
32752375 | 26 | 10.8456 | 100
65504750 | 27 | 10.8456 | 100
131009501 | 28 | 10.8456 | 100
262019002 | 29 | 8.78958 | 13
524038004 | 30 | 8.78958 | 13
1048076008 | 31 | 8.78958 | 13
2096152016 | 32 | 8.78958 | 13
4192304032 | 33 | 8.78958 | 13
8384608064 | 34 | 8.78958 | 13
16769216129 | 35 | 8.78958 | 13
33538432259 | 36 | 8.78958 | 13
67076864519 | 37 | 8.78958 | 13
134153729038 | 38 | 8.78958 | 13
268307458076 | 39 | 1.58101e-322 | 5
268307458077 | 39 | 1.58101e-322 | 8
262019003 | 29 | 9.96162 | 87
524038007 | 30 | 9.96162 | 87
1048076015 | 31 | 9.96162 | 87
2096152031 | 32 | 9.96162 | 87
4192304062 | 33 | 4.6887 | 35
8384608125 | 34 | 4.6887 | 35
16769216250 | 35 | 4.9289 | 4
16769216251 | 35 | 4.2709 | 31
33538432503 | 36 | 4.2709 | 31
67076865006 | 37 | 4.12489 | 22
134153730012 | 38 | 4.00193e-322 | 1
134153730013 | 38 | 3.52272 | 21
268307460027 | 39 | 3.52272 | 21
536614920054 | 40 | 3.52272 | 21
1073229840109 | 41 | 3.52272 | 21
2146459680219 | 42 | 3.52272 | 21
4292919360439 | 43 | 3.52272 | 21
8585838720879 | 44 | 3.52272 | 21
17171677441759 | 45 | 3.52272 | 21
34343354883518 | 46 | 3.52272 | 21
68686709767036 | 47 | 3.52272 | 20
137373419534073 | 48 | 3.52272 | 20
274746839068147 | 49 | 3.52272 | 20
549493678136295 | 50 | 3.52272 | 20
1098987356272590 | 51 | 3.52272 | 20
2197974712545180 | 52 | 3.52272 | 20
4395949425090360 | 53 | 3.52272 | 20
8791898850180720 | 54 | 3.52272 | 20
17583797700361440 | 55 | 2.98147 | 7
17583797700361441 | 55 | 2.9709 | 13
35167595400722882 | 56 | 2.9709 | 13
70335190801445765 | 57 | 2.9709 | 13
140670381602891530 | 58 | 2.9709 | 13
281340763205783060 | 59 | 2.9709 | 13
562681526411566120 | 60 | 2.9709 | 13
1125363052823132241 | 61 | 2.9709 | 13
2250726105646264482 | 62 | 2.9709 | 13
4501452211292528965 | 63 | 2.9709 | 13
9002904422585057930 | 64 | 2.9709 | 13
-440935228539435755 | 65 | 2.9709 | 13
-881870457078871510 | 66 | 2.9709 | 12
-1763740914157743020 | 67 | 2.9709 | 12
-3527481828315486040 | 68 | 2.9709 | 12
-7054963656630972080 | 69 | 2.9709 | 12
4336816760447607457 | 70 | 2.9709 | 12
8673633520895214914 | 71 | 2.9709 | 12
-1099477031919121787 | 72 | 2.9709 | 12
-2198954063838243573 | 73 | 2.9709 | 12
-4397908127676487146 | 74 | 2.9709 | 12
-8795816255352974291 | 75 | 2.9709 | 12
855111563003603035 | 76 | 2.9709 | 12
1710223126007206070 | 77 | 2.9709 | 12
3420446252014412140 | 78 | 2.9709 | 12
6840892504028824280 | 79 | 2.9709 | 12
-4764959065651903056 | 80 | 2.9709 | 12
8916825942405745505 | 81 | 2.9709 | 12
-613092188898060606 | 82 | 2.9709 | 12
-1226184377796121212 | 83 | 6.90513e-310 | 2
-1226184377796121211 | 83 | 0.64126 | 10
-881870457078871509 | 66 | 4.63978e-310 | 1
68686709767037 | 47 | 4.63978e-310 | 1
67076865007 | 37 | 4.63978e-310 | 9
4192304063 | 33 | 6.73725 | 52
8384608126 | 34 | 6.73725 | 52
16769216252 | 35 | 6.41867 | 46
33538432504 | 36 | 6.41867 | 46
67076865008 | 37 | 6.41867 | 46
134153730016 | 38 | 6.41867 | 46
268307460032 | 39 | 6.41867 | 46
536614920064 | 40 | 5.22871 | 37
1073229840128 | 41 | 5.0297 | 29
2146459680256 | 42 | 5.0297 | 29
4292919360512 | 43 | 4.00193e-322 | 6
4292919360513 | 43 | 3.75588 | 23
8585838721026 | 44 | 3.75588 | 23
17171677442053 | 45 | 3.75588 | 23
34343354884106 | 46 | 3.1025 | 21
68686709768213 | 47 | 3.1025 | 21
137373419536427 | 48 | 3.1025 | 21
274746839072855 | 49 | 3.1025 | 21
549493678145711 | 50 | 3.1025 | 21
1098987356291423 | 51 | 3.1025 | 21
2197974712582846 | 52 | 3.1025 | 21
4395949425165693 | 53 | 3.1025 | 21
8791898850331386 | 54 | 1.60849 | 10
8791898850331387 | 54 | 1.88227 | 11
17583797700662774 | 55 | 1.88227 | 11
35167595401325548 | 56 | 1.88227 | 11
70335190802651096 | 57 | 1.88227 | 11
140670381605302192 | 58 | 8.69556e-322 | 7
140670381605302193 | 58 | 1.67647 | 4
34343354884107 | 46 | 4.63978e-310 | 2
1073229840129 | 41 | 4.63978e-310 | 8
536614920065 | 40 | 4.63978e-310 | 9
16769216253 | 35 | 4.63978e-310 | 6
125 | 8 | 24.0514 | 20
250 | 9 | 24.0514 | 20
500 | 10 | 24.0514 | 20
1001 | 11 | 24.0514 | 20
2002 | 12 | 24.0514 | 20
4005 | 13 | 24.0514 | 20
8010 | 14 | 24.0514 | 20
16020 | 15 | 24.0514 | 20
32040 | 16 | 24.0514 | 20
64081 | 17 | 24.0514 | 20
128162 | 18 | 24.0514 | 20
256324 | 19 | 24.0514 | 20
512649 | 20 | 24.0514 | 20
1025299 | 21 | 24.0514 | 20
2050599 | 22 | 24.0514 | 20
4101198 | 23 | 24.0514 | 20
8202396 | 24 | 24.0514 | 20
16404792 | 25 | 24.0514 | 20
32809585 | 26 | 24.0514 | 20
65619171 | 27 | 24.0514 | 20
131238343 | 28 | 24.0514 | 20
262476687 | 29 | 24.0514 | 20
524953374 | 30 | 20.4436 | 17
1049906749 | 31 | 20.4436 | 17
2099813498 | 32 | 20.4436 | 17
4199626996 | 33 | 4.63978e-310 | 7
4199626997 | 33 | 4.63978e-310 | 10
524953375 | 30 | 6.90513e-310 | 3
