ID | Depth | diameter | Number of points
0 | 0 | 29.316 | 1600
0 | 1 | 29.316 | 1600
0 | 2 | 28.1798 | 823
1 | 3 | 28.1798 | 823
2 | 4 | 26.2599 | 449
5 | 5 | 26.2599 | 449
11 | 6 | 26.2599 | 449
23 | 7 | 26.2599 | 449
47 | 8 | 26.2599 | 449
94 | 9 | 13.8918 | 74
189 | 10 | 13.8918 | 74
378 | 11 | 13.8918 | 74
757 | 12 | 13.8918 | 74
1515 | 13 | 13.8918 | 74
3031 | 14 | 13.8918 | 74
6063 | 15 | 13.8918 | 74
12126 | 16 | 4.63978e-310 | 8
12127 | 16 | 11.3633 | 66
24255 | 17 | 11.3633 | 66
48511 | 18 | 11.3633 | 66
97022 | 19 | 11.3633 | 66
194044 | 20 | 11.3633 | 66
388088 | 21 | 11.3633 | 66
776176 | 22 | 11.3633 | 66
1552352 | 23 | 11.3633 | 66
3104704 | 24 | 11.3633 | 66
6209408 | 25 | 8.99582 | 41
12418816 | 26 | 8.53387 | 21
24837633 | 27 | 8.53387 | 21
49675266 | 28 | 8.53387 | 21
99350533 | 29 | 8.53387 | 21
198701067 | 30 | 8.53387 | 21
397402134 | 31 | 1.63042e-322 | 3
397402135 | 31 | 5.70002 | 18
794804271 | 32 | 5.70002 | 18
1589608542 | 33 | 5.70002 | 18
3179217084 | 34 | 5.70002 | 18
6358434168 | 35 | 5.70002 | 18
12716868337 | 36 | 5.70002 | 18
25433736674 | 37 | 5.70002 | 18
50867473348 | 38 | 5.70002 | 18
101734946696 | 39 | 5.70002 | 18
203469893392 | 40 | 1.63042e-322 | 4
203469893393 | 40 | 4.06115 | 14
406939786787 | 41 | 4.06115 | 14
813879573575 | 42 | 4.06115 | 14
1627759147150 | 43 | 4.06115 | 14
3255518294301 | 44 | 4.06115 | 14
6511036588602 | 45 | 4.06115 | 14
13022073177204 | 46 | 4.06115 | 14
26044146354408 | 47 | 4.06115 | 14
52088292708816 | 48 | 4.06115 | 14
104176585417633 | 49 | 4.06115 | 14
208353170835266 | 50 | 1.63042e-322 | 7
208353170835267 | 50 | 1.58101e-322 | 7
12418817 | 26 | 8.06741 | 20
24837634 | 27 | 8.06741 | 20
49675269 | 28 | 8.06741 | 20
99350539 | 29 | 8.06741 | 20
198701078 | 30 | 8.06741 | 20
397402157 | 31 | 8.06741 | 20
794804314 | 32 | 8.06741 | 20
1589608629 | 33 | 8.06741 | 20
3179217259 | 34 | 8.06741 | 20
6358434518 | 35 | 8.06741 | 20
12716869036 | 36 | 8.06741 | 20
25433738072 | 37 | 1.58101e-322 | 5
25433738073 | 37 | 4.82395 | 15
50867476147 | 38 | 4.82395 | 15
101734952295 | 39 | 4.82395 | 15
203469904590 | 40 | 1.63042e-322 | 3
203469904591 | 40 | 3.90204 | 12
406939809182 | 41 | 3.90204 | 12
813879618364 | 42 | 3.90204 | 12
1627759236728 | 43 | 1.63042e-322 | 4
1627759236729 | 43 | 1.58101e-322 | 8
6209409 | 25 | 4.89112 | 25
12418818 | 26 | 4.89112 | 25
24837636 | 27 | 4.89112 | 25
49675273 | 28 | 4.89112 | 25
99350547 | 29 | 4.89112 | 25
198701094 | 30 | 4.89112 | 25
397402188 | 31 | 4.5828 | 14
794804376 | 32 | 4.5828 | 14
1589608753 | 33 | 4.5828 | 14
3179217507 | 34 | 4.5828 | 14
6358435014 | 35 | 3.56711 | 13
12716870028 | 36 | 3.56711 | 13
25433740056 | 37 | 3.56711 | 13
50867480112 | 38 | 3.56711 | 13
101734960225 | 39 | 3.56711 | 13
203469920450 | 40 | 3.56711 | 13
406939840901 | 41 | 3.56711 | 13
813879681802 | 42 | 3.56711 | 13
1627759363604 | 43 | 1.58101e-322 | 5
1627759363605 | 43 | 1.58101e-322 | 8
6358435015 | 35 | 1.58101e-322 | 1
397402189 | 31 | 3.52952 | 11
794804379 | 32 | 3.52952 | 11
1589608758 | 33 | 1.63042e-322 | 2
1589608759 | 33 | 1.63042e-322 | 9
95 | 9 | 23.0334 | 375
190 | 10 | 23.0334 | 375
381 | 11 | 23.0334 | 375
763 | 12 | 23.0334 | 375
1526 | 13 | 18.7021 | 50
3052 | 14 | 18.7021 | 50
6104 | 15 | 4.63978e-310 | 7
6105 | 15 | 16.1112 | 43
12210 | 16 | 11.3622 | 12
24420 | 17 | 11.3622 | 12
48841 | 18 | 11.3622 | 12
97682 | 19 | 1.63042e-322 | 4
97683 | 19 | 1.63042e-322 | 8
12211 | 16 | 16.1112 | 31
24423 | 17 | 16.1112 | 31
48847 | 18 | 16.1112 | 31
97695 | 19 | 16.1112 | 31
195391 | 20 | 16.1112 | 31
390783 | 21 | 16.1112 | 31
781567 | 22 | 16.1112 | 31
1563134 | 23 | 16.1112 | 31
3126268 | 24 | 16.1112 | 31
6252536 | 25 | 16.1112 | 31
12505073 | 26 | 16.1112 | 31
25010146 | 27 | 8.91356 | 27
50020292 | 28 | 8.91356 | 27
100040584 | 29 | 8.91356 | 27
200081168 | 30 | 1.58101e-322 | 7
200081169 | 30 | 3.77079 | 20
400162339 | 31 | 3.77079 | 20
800324678 | 32 | 3.77079 | 20
1600649356 | 33 | 3.6815 | 11
3201298712 | 34 | 3.6815 | 11
6402597425 | 35 | 3.6815 | 11
12805194850 | 36 | 3.6815 | 11
25610389701 | 37 | 3.6815 | 11
51220779402 | 38 | 3.6815 | 11
102441558804 | 39 | 3.6815 | 11
204883117608 | 40 | 3.6815 | 11
409766235217 | 41 | 3.6815 | 11
819532470435 | 42 | 3.6815 | 11
1639064940870 | 43 | 3.6815 | 11
3278129881740 | 44 | 3.6815 | 11
6556259763481 | 45 | 3.6815 | 11
13112519526963 | 46 | 3.6815 | 11
26225039053927 | 47 | 3.6815 | 11
52450078107854 | 48 | 3.6815 | 11
104900156215709 | 49 | 3.6815 | 11
209800312431418 | 50 | 3.6815 | 11
419600624862836 | 51 | 3.6815 | 11
839201249725673 | 52 | 3.6815 | 11
1678402499451347 | 53 | 3.6815 | 11
3356804998902694 | 54 | 3.6815 | 11
6713609997805389 | 55 | 3.6815 | 11
13427219995610778 | 56 | 3.6815 | 11
26854439991221556 | 57 | 3.6815 | 11
53708879982443112 | 58 | 3.6815 | 11
107417759964886224 | 59 | 4.63978e-310 | 10
107417759964886225 | 59 | 4.63978e-310 | 1
1600649357 | 33 | 4.63978e-310 | 9
25010147 | 27 | 4.63978e-310 | 4
1527 | 13 | 20.128 | 325
3054 | 14 | 20.128 | 325
6108 | 15 | 6.95572 | 26
12216 | 16 | 6.95572 | 26
24432 | 17 | 6.95572 | 25
48864 | 18 | 6.95572 | 25
97728 | 19 | 4.63978e-310 | 8
97729 | 19 | 4.81167 | 17
195458 | 20 | 4.81167 | 17
390916 | 21 | 4.50423 | 15
781832 | 22 | 4.50423 | 15
1563664 | 23 | 4.50423 | 15
3127329 | 24 | 4.50423 | 15
6254659 | 25 | 4.50423 | 15
12509319 | 26 | 4.50423 | 15
25018638 | 27 | 4.50423 | 13
50037277 | 28 | 4.50423 | 13
100074554 | 29 | 4.50423 | 13
200149108 | 30 | 4.50423 | 13
400298217 | 31 | 4.50423 | 13
800596435 | 32 | 4.50423 | 13
1601192871 | 33 | 4.50423 | 13
3202385742 | 34 | 4.50423 | 13
6404771485 | 35 | 4.50423 | 13
12809542971 | 36 | 4.50423 | 13
25619085942 | 37 | 4.50423 | 13
51238171885 | 38 | 4.50423 | 13
102476343771 | 39 | 4.50423 | 13
204952687543 | 40 | 4.50423 | 13
409905375087 | 41 | 4.50423 | 13
819810750175 | 42 | 4.50423 | 13
1639621500351 | 43 | 4.50423 | 13
3279243000702 | 44 | 4.50423 | 13
6558486001405 | 45 | 4.50423 | 13
13116972002810 | 46 | 4.50423 | 13
26233944005620 | 47 | 4.63978e-310 | 1
26233944005621 | 47 | 3.3349 | 12
52467888011242 | 48 | 3.3349 | 12
104935776022484 | 49 | 3.3349 | 12
209871552044968 | 50 | 3.3349 | 12
419743104089936 | 51 | 4.63978e-310 | 7
419743104089937 | 51 | 4.63978e-310 | 5
25018639 | 27 | 4.63978e-310 | 2
390917 | 21 | 1.46402 | 2
24433 | 17 | 0 | 1
6109 | 15 | 14.8165 | 299
12219 | 16 | 14.8165 | 299
24438 | 17 | 14.8165 | 299
48877 | 18 | 14.8165 | 299
97754 | 19 | 9.71553 | 80
195508 | 20 | 9.71553 | 80
391017 | 21 | 9.71553 | 80
782034 | 22 | 9.71553 | 80
1564069 | 23 | 9.71553 | 80
3128139 | 24 | 9.71553 | 80
6256278 | 25 | 9.71553 | 80
12512556 | 26 | 9.71553 | 80
25025112 | 27 | 7.77146 | 72
50050225 | 28 | 7.77146 | 72
100100451 | 29 | 7.77146 | 72
200200902 | 30 | 6.85224 | 70
400401804 | 31 | 3.74287 | 14
800803609 | 32 | 3.74287 | 14
1601607218 | 33 | 3.74287 | 14
3203214436 | 34 | 3.74287 | 14
6406428872 | 35 | 4.63978e-310 | 5
6406428873 | 35 | 4.63978e-310 | 9
400401805 | 31 | 6.85224 | 56
800803611 | 32 | 6.85224 | 56
1601607222 | 33 | 6.85224 | 56
3203214444 | 34 | 6.85224 | 56
6406428888 | 35 | 6.85224 | 56
12812857776 | 36 | 6.85224 | 56
25625715552 | 37 | 4.63978e-310 | 6
25625715553 | 37 | 6.71416 | 50
51251431107 | 38 | 6.71416 | 50
102502862214 | 39 | 6.71416 | 50
205005724429 | 40 | 6.71416 | 50
410011448858 | 41 | 6.71416 | 50
820022897717 | 42 | 6.71416 | 50
1640045795435 | 43 | 6.71416 | 50
3280091590870 | 44 | 5.7967 | 48
6560183181740 | 45 | 2.34835 | 11
13120366363480 | 46 | 2.34835 | 11
26240732726960 | 47 | 39.5513 | 6
26240732726961 | 47 | 0 | 5
6560183181741 | 45 | 5.41748 | 37
13120366363482 | 46 | 5.41748 | 37
26240732726964 | 47 | 5.41748 | 37
52481465453928 | 48 | 5.41748 | 37
104962930907857 | 49 | 5.41748 | 37
209925861815714 | 50 | 0.703526 | 4
209925861815715 | 50 | 3.35579 | 33
419851723631431 | 51 | 3.35579 | 33
839703447262862 | 52 | 3.35579 | 33
1679406894525724 | 53 | 2.19058 | 20
3358813789051448 | 54 | 2.19058 | 20
6717627578102896 | 55 | 2.19058 | 20
13435255156205792 | 56 | 2.19058 | 20
26870510312411584 | 57 | 2.19058 | 20
53741020624823168 | 58 | 2.04882 | 16
107482041249646336 | 59 | 2.04882 | 16
214964082499292673 | 60 | 2.04882 | 16
429928164998585346 | 61 | 2.04882 | 16
859856329997170692 | 62 | 4.34505 | 4
859856329997170693 | 62 | 1.60561 | 12
1719712659994341386 | 63 | 1.60561 | 12
3439425319988682772 | 64 | 1.29295 | 1
3439425319988682773 | 64 | 1.47612 | 11
6878850639977365546 | 65 | 0 | 3
6878850639977365547 | 65 | 4.63978e-310 | 8
53741020624823169 | 58 | 4.63978e-310 | 4
1679406894525725 | 53 | 2.37775 | 13
3358813789051451 | 54 | 2.37775 | 13
6717627578102902 | 55 | 4.63978e-310 | 3
6717627578102903 | 55 | 4.63978e-310 | 10
3280091590871 | 44 | 4.63978e-310 | 2
200200903 | 30 | 4.63978e-310 | 2
25025113 | 27 | 4.63978e-310 | 8
97755 | 19 | 11.9913 | 219
195511 | 20 | 11.9913 | 219
391023 | 21 | 11.9913 | 219
782046 | 22 | 7.79286 | 57
1564093 | 23 | 7.79286 | 57
3128186 | 24 | 4.77474 | 52
6256373 | 25 | 4.77474 | 52
12512746 | 26 | 4.77474 | 52
25025493 | 27 | 4.77474 | 52
50050986 | 28 | 4.77474 | 52
100101972 | 29 | 3.82762 | 51
200203945 | 30 | 3.82762 | 51
400407891 | 31 | 3.82762 | 51
800815782 | 32 | 3.82762 | 51
1601631564 | 33 | 3.11965 | 18
3203263128 | 34 | 3.11965 | 18
6406526256 | 35 | 3.11965 | 18
12813052513 | 36 | 3.11965 | 18
25626105027 | 37 | 3.11965 | 18
51252210054 | 38 | 2.44705 | 11
102504420108 | 39 | 2.44705 | 11
205008840216 | 40 | 2.44705 | 11
410017680433 | 41 | 2.44705 | 11
820035360866 | 42 | 2.44705 | 11
1640070721733 | 43 | 2.44705 | 11
3280141443466 | 44 | 2.44705 | 11
6560282886933 | 45 | 2.44705 | 11
13120565773867 | 46 | 2.44705 | 11
26241131547735 | 47 | 2.44705 | 11
52482263095471 | 48 | 2.44705 | 11
104964526190942 | 49 | 1.58101e-322 | 3
104964526190943 | 49 | 4.63978e-310 | 8
51252210055 | 38 | 4.63978e-310 | 7
1601631565 | 33 | 3.82762 | 33
3203263130 | 34 | 3.82762 | 32
6406526260 | 35 | 2.05123 | 15
12813052520 | 36 | 2.05123 | 15
25626105041 | 37 | 2.05123 | 15
51252210082 | 38 | 2.05123 | 15
102504420165 | 39 | 2.05123 | 15
205008840331 | 40 | 2.05123 | 15
410017680662 | 41 | 3.21143e-322 | 6
410017680663 | 41 | 3.21143e-322 | 9
6406526261 | 35 | 1.76013 | 17
12813052522 | 36 | 1.76013 | 17
25626105044 | 37 | 1.67807 | 14
51252210089 | 38 | 1.67807 | 14
102504420178 | 39 | 1.67807 | 14
205008840356 | 40 | 1.67807 | 14
410017680713 | 41 | 1.67807 | 14
820035361427 | 42 | 1.67807 | 14
1640070722854 | 43 | 1.17698 | 9
1640070722855 | 43 | 1.32052 | 5
25626105045 | 37 | 4.63978e-310 | 3
3203263131 | 34 | 4.63978e-310 | 1
100101973 | 29 | 4.63978e-310 | 1
3128187 | 24 | 4.63978e-310 | 5
782047 | 22 | 11.2121 | 162
1564094 | 23 | 11.2121 | 162
3128189 | 24 | 11.2121 | 162
6256378 | 25 | 11.2121 | 162
12512756 | 26 | 4.63978e-310 | 2
12512757 | 26 | 11.2121 | 160
25025515 | 27 | 11.2121 | 160
50051030 | 28 | 11.2121 | 160
100102060 | 29 | 11.1901 | 147
200204120 | 30 | 11.1901 | 147
400408240 | 31 | 11.1901 | 147
800816481 | 32 | 11.1901 | 147
1601632962 | 33 | 11.1901 | 147
3203265924 | 34 | 11.1901 | 147
6406531849 | 35 | 11.1901 | 147
12813063699 | 36 | 11.1901 | 147
25626127399 | 37 | 11.1901 | 147
51252254798 | 38 | 11.1901 | 147
102504509596 | 39 | 11.1901 | 147
205009019192 | 40 | 11.1901 | 147
410018038384 | 41 | 11.1901 | 147
820036076768 | 42 | 5.19897 | 96
1640072153537 | 43 | 5.19897 | 96
3280144307074 | 44 | 5.19897 | 96
6560288614148 | 45 | 5.19897 | 96
13120577228297 | 46 | 5.19897 | 96
26241154456594 | 47 | 4.95847 | 94
52482308913189 | 48 | 4.95847 | 94
104964617826378 | 49 | 4.95847 | 94
209929235652756 | 50 | 4.49368 | 34
419858471305513 | 51 | 4.49368 | 34
839716942611027 | 52 | 4.49368 | 34
1679433885222054 | 53 | 4.49368 | 34
3358867770444109 | 54 | 4.49368 | 34
6717735540888218 | 55 | 4.49368 | 34
13435471081776436 | 56 | 4.49368 | 34
26870942163552872 | 57 | 2.42092e-322 | 9
26870942163552873 | 57 | 3.15067 | 25
53741884327105746 | 58 | 3.15067 | 25
107483768654211493 | 59 | 3.15067 | 25
214967537308422986 | 60 | 3.15067 | 25
429935074616845972 | 61 | 3.15067 | 25
859870149233691944 | 62 | 3.15067 | 25
1719740298467383889 | 63 | 3.15067 | 25
3439480596934767778 | 64 | 3.15067 | 25
6878961193869535556 | 65 | 3.15067 | 25
-4688821685970480504 | 66 | 3.15067 | 25
9069100701768590609 | 67 | 3.15067 | 25
-308542670172370398 | 68 | 3.15067 | 25
-617085340344740796 | 69 | 2.33775 | 20
-1234170680689481592 | 70 | 2.33775 | 20
-2468341361378963184 | 71 | 0.0182275 | 6
-2468341361378963183 | 71 | 2.13116 | 14
-4936682722757926366 | 72 | 1.39454 | 5
-4936682722757926365 | 72 | 2.38315 | 9
-617085340344740795 | 69 | 4.63978e-310 | 5
209929235652757 | 50 | 4.53585 | 60
419858471305515 | 51 | 4.53585 | 60
839716942611030 | 52 | 4.53585 | 60
1679433885222061 | 53 | 4.53585 | 60
3358867770444123 | 54 | 4.53585 | 60
6717735540888246 | 55 | 4.53585 | 60
13435471081776493 | 56 | 4.53585 | 60
26870942163552986 | 57 | 4.63978e-310 | 4
26870942163552987 | 57 | 4.35208 | 56
53741884327105974 | 58 | 4.35208 | 56
107483768654211948 | 59 | 4.35208 | 34
214967537308423896 | 60 | 2.76386 | 21
429935074616847792 | 61 | 2.76386 | 21
859870149233695584 | 62 | 2.04249 | 12
1719740298467391168 | 63 | 1.55352 | 9
1719740298467391169 | 63 | 5.95487 | 3
859870149233695585 | 62 | 4.63978e-310 | 9
214967537308423897 | 60 | 1.62836 | 13
429935074616847794 | 61 | 1.32043 | 12
859870149233695589 | 62 | 1.32043 | 12
1719740298467391178 | 63 | 1.32043 | 12
3439480596934782356 | 64 | 1.32043 | 12
6878961193869564712 | 65 | 0.504862 | 3
6878961193869564713 | 65 | 4.63978e-310 | 9
429935074616847795 | 61 | 4.63978e-310 | 1
107483768654211949 | 59 | 4.09477 | 22
214967537308423898 | 60 | 4.09477 | 22
429935074616847796 | 61 | 0.238205 | 3
429935074616847797 | 61 | 3.25504 | 19
859870149233695595 | 62 | 3.25504 | 19
1719740298467391191 | 63 | 3.25504 | 19
3439480596934782383 | 64 | 3.25504 | 19
6878961193869564766 | 65 | 3.25504 | 19
-4688821685970422084 | 66 | 3.25504 | 19
9069100701768707449 | 67 | 3.25504 | 19
-308542670172136718 | 68 | 3.25504 | 19
-617085340344273436 | 69 | 1.2653 | 2
-617085340344273435 | 69 | 2.52525 | 17
-1234170680688546870 | 70 | 2.52525 | 17
-2468341361377093739 | 71 | 2.52525 | 17
-4936682722754187478 | 72 | 2.52525 | 17
8573378628201176661 | 73 | 2.52525 | 17
-1299986817307198294 | 74 | 2.52525 | 17
-2599973634614396587 | 75 | 2.52525 | 17
-5199947269228793174 | 76 | 0.384847 | 9
-5199947269228793173 | 76 | 0.630014 | 8
26241154456595 | 47 | 4.63978e-310 | 2
820036076769 | 42 | 7.68684 | 51
1640072153538 | 43 | 7.68684 | 37
3280144307077 | 44 | 7.68684 | 37
6560288614154 | 45 | 7.68684 | 37
13120577228309 | 46 | 7.68684 | 37
26241154456618 | 47 | 7.68684 | 37
52482308913237 | 48 | 7.68684 | 37
104964617826475 | 49 | 7.68684 | 37
209929235652951 | 50 | 7.68684 | 37
419858471305902 | 51 | 7.68684 | 37
839716942611804 | 52 | 7.68684 | 37
1679433885223608 | 53 | 7.45485 | 35
3358867770447216 | 54 | 7.45485 | 35
6717735540894433 | 55 | 7.45485 | 35
13435471081788866 | 56 | 7.45485 | 35
26870942163577732 | 57 | 7.45485 | 35
53741884327155464 | 58 | 7.45485 | 35
107483768654310929 | 59 | 7.45485 | 35
214967537308621859 | 60 | 7.45485 | 35
429935074617243718 | 61 | 7.45485 | 35
859870149234487437 | 62 | 7.45485 | 35
1719740298468974874 | 63 | 7.45485 | 35
3439480596937949749 | 64 | 7.45485 | 35
6878961193875899498 | 65 | 7.45485 | 35
-4688821685957752619 | 66 | 7.45485 | 35
9069100701794046378 | 67 | 7.45485 | 35
-308542670121458859 | 68 | 7.45485 | 35
-617085340242917717 | 69 | 7.45485 | 35
-1234170680485835433 | 70 | 7.45485 | 35
-2468341360971670866 | 71 | 7.45485 | 35
-4936682721943341732 | 72 | 3.43471 | 26
8573378629822868152 | 73 | 3.43471 | 26
-1299986814063815312 | 74 | 0.823616 | 8
-1299986814063815311 | 74 | 1.86648 | 18
-2599973628127630622 | 75 | 1.86648 | 18
-5199947256255261244 | 76 | 1.6592 | 15
8046849561199029128 | 77 | 1.6592 | 13
-2353044951311493360 | 78 | 1.6592 | 13
-4706089902622986720 | 79 | 1.6592 | 13
9034564268463578176 | 80 | 1.6592 | 13
-377615536782395263 | 81 | 1.6592 | 13
-755231073564790526 | 82 | 1.6592 | 13
-1510462147129581052 | 83 | 1.4807 | 8
-1510462147129581051 | 83 | 1.93194 | 5
8046849561199029129 | 77 | 4.63978e-310 | 2
-5199947256255261243 | 76 | 4.63978e-310 | 3
-4936682721943341731 | 72 | 4.63978e-310 | 9
1679433885223609 | 53 | 4.63978e-310 | 2
1640072153539 | 43 | 3.43783 | 14
3280144307078 | 44 | 3.43783 | 14
6560288614156 | 45 | 3.43783 | 14
13120577228312 | 46 | 3.43783 | 14
26241154456624 | 47 | 3.43783 | 14
52482308913248 | 48 | 3.43783 | 14
104964617826496 | 49 | 4.63978e-310 | 8
104964617826497 | 49 | 4.63978e-310 | 6
100102061 | 29 | 9.81549 | 13
200204123 | 30 | 9.81549 | 13
400408246 | 31 | 9.81549 | 13
800816493 | 32 | 9.81549 | 13
1601632987 | 33 | 9.81549 | 13
3203265974 | 34 | 9.81549 | 13
6406531949 | 35 | 9.81549 | 13
12813063899 | 36 | 9.81549 | 13
25626127799 | 37 | 9.81549 | 13
51252255599 | 38 | 9.81549 | 13
102504511199 | 39 | 9.81549 | 13
205009022399 | 40 | 9.81549 | 13
410018044799 | 41 | 9.81549 | 13
820036089599 | 42 | 9.81549 | 13
1640072179198 | 43 | 9.81549 | 13
3280144358397 | 44 | 9.81549 | 13
6560288716794 | 45 | 9.81549 | 13
13120577433588 | 46 | 9.81549 | 13
26241154867176 | 47 | 9.81549 | 13
52482309734353 | 48 | 9.81549 | 13
104964619468706 | 49 | 2.74626 | 5
104964619468707 | 49 | 0.775362 | 8
3 | 4 | 22.6969 | 374
6 | 5 | 22.6969 | 374
13 | 6 | 22.6969 | 374
26 | 7 | 22.6969 | 374
52 | 8 | 4.63978e-310 | 5
53 | 8 | 22.6969 | 369
106 | 9 | 22.6969 | 369
213 | 10 | 22.6969 | 369
427 | 11 | 22.6969 | 369
854 | 12 | 11.5244 | 139
1708 | 13 | 11.5244 | 139
3416 | 14 | 11.5244 | 139
6832 | 15 | 11.5244 | 139
13664 | 16 | 11.5244 | 139
27328 | 17 | 11.5244 | 139
54657 | 18 | 11.5244 | 139
109315 | 19 | 11.5244 | 139
218631 | 20 | 11.5244 | 139
437262 | 21 | 11.5244 | 139
874524 | 22 | 11.5244 | 139
1749049 | 23 | 11.5244 | 139
3498099 | 24 | 11.5244 | 139
6996199 | 25 | 11.5244 | 139
13992398 | 26 | 11.5244 | 139
27984796 | 27 | 5.09271 | 31
55969593 | 28 | 5.09271 | 31
111939186 | 29 | 4.63978e-310 | 9
111939187 | 29 | 4.22556 | 22
223878374 | 30 | 4.22556 | 18
447756749 | 31 | 4.22556 | 18
895513499 | 32 | 4.22556 | 18
1791026999 | 33 | 4.22556 | 18
3582053998 | 34 | 1.28755 | 4
3582053999 | 34 | 3.10809 | 14
7164107998 | 35 | 3.10809 | 14
14328215996 | 36 | 3.10809 | 14
28656431992 | 37 | 3.10809 | 14
57312863985 | 38 | 3.10809 | 14
114625727971 | 39 | 3.10809 | 14
229251455943 | 40 | 3.10809 | 14
458502911886 | 41 | 2.70074 | 11
917005823772 | 42 | 4.63978e-310 | 5
917005823773 | 42 | 0.561436 | 6
458502911887 | 41 | 0.361803 | 3
223878375 | 30 | 4.63978e-310 | 4
27984797 | 27 | 8.44642 | 108
55969594 | 28 | 8.44642 | 108
111939188 | 29 | 4.63978e-310 | 10
111939189 | 29 | 8.17814 | 98
223878379 | 30 | 8.17814 | 98
447756758 | 31 | 8.17814 | 98
895513517 | 32 | 8.17814 | 98
1791027034 | 33 | 8.17814 | 98
3582054069 | 34 | 8.17814 | 98
7164108138 | 35 | 8.17814 | 98
14328216277 | 36 | 8.17814 | 98
28656432554 | 37 | 8.17814 | 98
57312865109 | 38 | 8.17814 | 98
114625730218 | 39 | 8.17814 | 98
229251460436 | 40 | 8.17814 | 98
458502920873 | 41 | 8.17814 | 98
917005841747 | 42 | 8.17814 | 98
1834011683495 | 43 | 8.17814 | 98
3668023366990 | 44 | 8.17814 | 98
7336046733980 | 45 | 8.17814 | 98
14672093467960 | 46 | 8.17814 | 98
29344186935920 | 47 | 8.17814 | 98
58688373871840 | 48 | 8.17814 | 98
117376747743680 | 49 | 8.17814 | 98
234753495487361 | 50 | 8.17814 | 98
469506990974722 | 51 | 7.93836 | 82
939013981949444 | 52 | 7.93836 | 82
1878027963898888 | 53 | 7.93836 | 82
3756055927797776 | 54 | 7.93836 | 82
7512111855595553 | 55 | 7.93836 | 82
15024223711191106 | 56 | 7.93836 | 82
30048447422382213 | 57 | 7.93836 | 82
60096894844764426 | 58 | 6.94474 | 56
120193789689528852 | 59 | 6.94474 | 56
240387579379057704 | 60 | 6.94474 | 56
480775158758115408 | 61 | 6.94474 | 56
961550317516230817 | 62 | 6.94474 | 56
1923100635032461635 | 63 | 6.94474 | 56
3846201270064923270 | 64 | 6.94474 | 56
7692402540129846540 | 65 | 4.9168 | 21
-3061938993449858536 | 66 | 4.9168 | 21
-6123877986899717071 | 67 | 4.9168 | 21
6198988099910117475 | 68 | 4.9168 | 21
-6048767873889316665 | 69 | 4.9168 | 21
6349208325930918286 | 70 | 4.9168 | 21
-5748327421847715043 | 71 | 4.9168 | 21
6950089230014121530 | 72 | 0.865355 | 6
6950089230014121531 | 72 | 3.47349 | 15
-4546565613681308553 | 73 | 3.47349 | 15
-9093131227362617105 | 74 | 3.47349 | 15
260481618984317407 | 75 | 3.47349 | 15
520963237968634814 | 76 | 3.47349 | 15
1041926475937269629 | 77 | 3.47349 | 15
2083852951874539258 | 78 | 3.47349 | 15
4167705903749078516 | 79 | 3.47349 | 15
8335411807498157032 | 80 | 3.47349 | 15
-1775920458713237552 | 81 | 3.47349 | 15
-3551840917426475103 | 82 | 3.47349 | 15
-7103681834852950206 | 83 | 3.47349 | 15
4239380404003651204 | 84 | 3.47349 | 15
8478760808007302409 | 85 | 3.47349 | 15
-1489222457694946798 | 86 | 3.47349 | 15
-2978444915389893596 | 87 | 3.47349 | 15
-5956889830779787192 | 88 | 3.47349 | 15
6532964412149977233 | 89 | 3.47349 | 15
-5380815249409597149 | 90 | 3.47349 | 15
7685113574890357319 | 91 | 3.47349 | 15
-3076516923928836977 | 92 | 3.47349 | 15
-6153033847857673954 | 93 | 3.47349 | 15
6140676377994203708 | 94 | 3.47349 | 15
-6165391317721144199 | 95 | 3.47349 | 15
6115961438267263219 | 96 | 3.47349 | 15
-6214821197175025178 | 97 | 2.95147 | 4
-6214821197175025177 | 97 | 2.39195 | 11
6017101679359501263 | 98 | 2.39195 | 11
-6412540714990549090 | 99 | 2.95147 | 3
-6412540714990549089 | 99 | 4.63978e-310 | 8
7692402540129846541 | 65 | 6.94474 | 35
-3061938993449858534 | 66 | 4.68758 | 32
-6123877986899717067 | 67 | 4.68758 | 32
6198988099910117482 | 68 | 4.32477 | 21
-6048767873889316651 | 69 | 4.32477 | 21
6349208325930918315 | 70 | 4.32477 | 21
-5748327421847714986 | 71 | 4.32477 | 21
6950089230014121645 | 72 | 4.32477 | 21
-4546565613681308326 | 73 | 4.32477 | 21
-9093131227362616652 | 74 | 4.32477 | 21
260481618984318312 | 75 | 4.32477 | 21
520963237968636624 | 76 | 2.86252 | 18
1041926475937273248 | 77 | 2.86252 | 18
2083852951874546496 | 78 | 2.86252 | 18
4167705903749092992 | 79 | 2.86252 | 18
8335411807498185984 | 80 | 2.86252 | 12
-1775920458713179648 | 81 | 4.63978e-310 | 4
-1775920458713179647 | 81 | 4.63978e-310 | 8
8335411807498185985 | 80 | 4.63978e-310 | 6
520963237968636625 | 76 | 4.63978e-310 | 3
6198988099910117483 | 68 | 3.83655 | 11
-6048767873889316649 | 69 | 3.83655 | 11
6349208325930918319 | 70 | 3.83655 | 11
-5748327421847714978 | 71 | 3.83655 | 11
6950089230014121660 | 72 | 4.63978e-310 | 8
6950089230014121661 | 72 | 3.21027 | 3
-3061938993449858533 | 66 | 4.63978e-310 | 3
60096894844764427 | 58 | 4.29085 | 26
120193789689528854 | 59 | 2.5457 | 21
240387579379057709 | 60 | 2.5457 | 21
480775158758115418 | 61 | 2.5457 | 21
961550317516230836 | 62 | 2.5457 | 21
1923100635032461673 | 63 | 2.5457 | 21
3846201270064923346 | 64 | 2.2952 | 17
7692402540129846692 | 65 | 2.2952 | 17
-3061938993449858231 | 66 | 2.2952 | 17
-6123877986899716462 | 67 | 2.2952 | 17
6198988099910118693 | 68 | 2.2952 | 17
-6048767873889314230 | 69 | 2.2952 | 17
6349208325930923156 | 70 | 2.2952 | 17
-5748327421847705303 | 71 | 2.2952 | 17
6950089230014141011 | 72 | 2.2952 | 17
-4546565613681269594 | 73 | 2.2952 | 17
-9093131227362539187 | 74 | 2.2952 | 17
260481618984473243 | 75 | 2.2952 | 17
520963237968946486 | 76 | 2.2952 | 17
1041926475937892972 | 77 | 2.2952 | 17
2083852951875785944 | 78 | 2.2952 | 17
4167705903751571888 | 79 | 2.2952 | 17
8335411807503143776 | 80 | 1.87426 | 9
8335411807503143777 | 80 | 0 | 8
3846201270064923347 | 64 | 4.63978e-310 | 4
120193789689528855 | 59 | 4.63978e-310 | 5
469506990974723 | 51 | 7.35513 | 16
939013981949446 | 52 | 7.35513 | 16
1878027963898893 | 53 | 7.35513 | 16
3756055927797787 | 54 | 7.35513 | 16
7512111855595575 | 55 | 7.35513 | 16
15024223711191150 | 56 | 7.35513 | 16
30048447422382301 | 57 | 7.35513 | 16
60096894844764602 | 58 | 4.63978e-310 | 5
60096894844764603 | 58 | 2.05918 | 11
120193789689529206 | 59 | 2.05918 | 11
240387579379058412 | 60 | 2.05918 | 11
480775158758116824 | 61 | 2.05918 | 11
961550317516233649 | 62 | 2.05918 | 11
1923100635032467298 | 63 | 2.05918 | 11
3846201270064934596 | 64 | 2.05918 | 11
7692402540129869193 | 65 | 2.05918 | 11
-3061938993449813229 | 66 | 2.05918 | 11
-6123877986899626458 | 67 | 48.0137 | 5
-6123877986899626457 | 67 | 1.63042e-322 | 6
855 | 12 | 15.4449 | 230
1711 | 13 | 15.4449 | 230
3423 | 14 | 15.4449 | 230
6846 | 15 | 9.36844 | 143
13693 | 16 | 9.36844 | 143
27386 | 17 | 9.36844 | 143
54772 | 18 | 8.45789 | 107
109545 | 19 | 8.45789 | 107
219090 | 20 | 8.08235 | 98
438180 | 21 | 8.08235 | 98
876361 | 22 | 8.08235 | 98
1752723 | 23 | 8.08235 | 98
3505446 | 24 | 8.08235 | 97
7010893 | 25 | 8.08235 | 97
14021786 | 26 | 8.08235 | 97
28043573 | 27 | 8.08235 | 97
56087146 | 28 | 8.08235 | 97
112174293 | 29 | 8.08235 | 97
224348586 | 30 | 6.76097 | 19
448697172 | 31 | 6.76097 | 19
897394344 | 32 | 6.76097 | 19
1794788688 | 33 | 6.76097 | 19
3589577376 | 34 | 4.63978e-310 | 6
3589577377 | 34 | 2.29851 | 13
7179154754 | 35 | 0.264367 | 8
7179154755 | 35 | 0 | 5
224348587 | 30 | 7.53428 | 78
448697174 | 31 | 7.53428 | 78
897394349 | 32 | 7.53428 | 78
1794788698 | 33 | 7.43322 | 74
3589577396 | 34 | 3.42133 | 41
7179154792 | 35 | 3.42133 | 41
14358309584 | 36 | 3.36874 | 36
28716619169 | 37 | 3.36874 | 36
57433238338 | 38 | 16.9367 | 4
57433238339 | 38 | 3.102 | 32
114866476678 | 39 | 3.102 | 32
229732953357 | 40 | 3.102 | 32
459465906714 | 41 | 3.102 | 32
918931813429 | 42 | 3.102 | 32
1837863626859 | 43 | 3.102 | 32
3675727253718 | 44 | 2.71012 | 12
7351454507436 | 45 | 43.8401 | 5
7351454507437 | 45 | 40.0498 | 7
3675727253719 | 44 | 2.76054 | 20
7351454507438 | 45 | 2.76054 | 20
14702909014877 | 46 | 2.76054 | 20
29405818029754 | 47 | 2.76054 | 20
58811636059509 | 48 | 2.76054 | 20
117623272119018 | 49 | 2.76054 | 20
235246544238037 | 50 | 2.76054 | 20
470493088476074 | 51 | 2.76054 | 20
940986176952148 | 52 | 2.76054 | 20
1881972353904296 | 53 | 2.76054 | 20
3763944707808593 | 54 | 2.76054 | 20
7527889415617187 | 55 | 2.76054 | 20
15055778831234374 | 56 | 2.76054 | 20
30111557662468748 | 57 | 2.76054 | 20
60223115324937497 | 58 | 2.76054 | 20
120446230649874994 | 59 | 2.76054 | 20
240892461299749988 | 60 | 1.3352 | 12
481784922599499976 | 61 | 1.3352 | 12
963569845198999953 | 62 | 1.3352 | 12
1927139690397999907 | 63 | 1.3352 | 12
3854279380795999814 | 64 | 1.3352 | 12
7708558761591999629 | 65 | 1.3352 | 12
-3029626550525552358 | 66 | 1.3352 | 12
-6059253101051104716 | 67 | 1.3352 | 12
6328237871607342184 | 68 | 0.831738 | 6
6328237871607342185 | 68 | 0.730478 | 6
240892461299749989 | 60 | 4.63978e-310 | 8
14358309585 | 36 | 4.63978e-310 | 5
3589577397 | 34 | 3.82385 | 33
7179154794 | 35 | 3.82385 | 33
14358309589 | 36 | 3.82385 | 33
28716619179 | 37 | 3.82385 | 33
57433238358 | 38 | 3.82385 | 33
114866476716 | 39 | 4.63978e-310 | 4
114866476717 | 39 | 3.82385 | 29
229732953434 | 40 | 3.82385 | 29
459465906869 | 41 | 3.82385 | 29
918931813739 | 42 | 3.82385 | 29
1837863627479 | 43 | 3.82385 | 29
3675727254958 | 44 | 3.82385 | 29
7351454509916 | 45 | 2.75366 | 21
14702909019832 | 46 | 2.75366 | 21
29405818039664 | 47 | 2.75366 | 21
58811636079328 | 48 | 2.16588 | 14
117623272158656 | 49 | 2.16588 | 14
235246544317312 | 50 | 2.16588 | 14
470493088634624 | 51 | 2.16588 | 14
940986177269248 | 52 | 2.16588 | 14
1881972354538496 | 53 | 0.0548488 | 6
1881972354538497 | 53 | 0.972932 | 8
58811636079329 | 48 | 4.63978e-310 | 7
7351454509917 | 45 | 4.63978e-310 | 8
1794788699 | 33 | 4.63978e-310 | 4
3505447 | 24 | 4.63978e-310 | 1
219091 | 20 | 4.63978e-310 | 9
54773 | 18 | 7.91346 | 36
109546 | 19 | 4.54955 | 22
219092 | 20 | 4.54955 | 22
438185 | 21 | 4.54955 | 22
876371 | 22 | 4.54955 | 22
1752742 | 23 | 4.54955 | 22
3505484 | 24 | 4.54955 | 22
7010969 | 25 | 4.54955 | 22
14021939 | 26 | 4.54955 | 22
28043878 | 27 | 4.54955 | 22
56087756 | 28 | 4.54955 | 22
112175512 | 29 | 4.54955 | 22
224351025 | 30 | 4.54955 | 22
448702050 | 31 | 4.54955 | 22
897404100 | 32 | 4.54955 | 22
1794808200 | 33 | 4.54955 | 22
3589616401 | 34 | 4.54955 | 22
7179232803 | 35 | 4.54955 | 22
14358465606 | 36 | 4.54955 | 22
28716931212 | 37 | 0.444599 | 5
28716931213 | 37 | 4.54955 | 17
57433862426 | 38 | 4.54955 | 17
114867724852 | 39 | 4.54955 | 17
229735449705 | 40 | 4.54955 | 17
459470899411 | 41 | 4.54955 | 17
918941798823 | 42 | 4.54955 | 17
1837883597647 | 43 | 4.54955 | 17
3675767195294 | 44 | 4.54955 | 17
7351534390588 | 45 | 4.54955 | 17
14703068781177 | 46 | 4.54955 | 17
29406137562354 | 47 | 2.26604 | 12
58812275124708 | 48 | 2.26604 | 12
117624550249416 | 49 | 2.26604 | 12
235249100498833 | 50 | 2.26604 | 12
470498200997667 | 51 | 2.26604 | 12
940996401995335 | 52 | 2.26604 | 12
1881992803990671 | 53 | 2.26604 | 12
3763985607981343 | 54 | 2.26604 | 12
7527971215962686 | 55 | 2.26604 | 12
15055942431925372 | 56 | 1.81452 | 11
30111884863850744 | 57 | 1.81452 | 11
60223769727701488 | 58 | 1.81452 | 11
120447539455402976 | 59 | 1.63042e-322 | 9
120447539455402977 | 59 | 0.0157205 | 2
15055942431925373 | 56 | 4.63978e-310 | 1
29406137562355 | 47 | 4.63978e-310 | 5
109547 | 19 | 2.66774 | 14
219094 | 20 | 4.63978e-310 | 5
219095 | 20 | 4.63978e-310 | 9
6847 | 15 | 10.2494 | 87
13694 | 16 | 10.2494 | 87
27389 | 17 | 10.2494 | 87
54778 | 18 | 3.29141 | 16
109557 | 19 | 3.29141 | 16
219114 | 20 | 2.67928 | 11
438228 | 21 | 2.67928 | 11
876456 | 22 | 2.67928 | 11
1752913 | 23 | 2.67928 | 11
3505826 | 24 | 4.63978e-310 | 9
3505827 | 24 | 4.63978e-310 | 2
219115 | 20 | 4.63978e-310 | 5
54779 | 18 | 9.11706 | 71
109558 | 19 | 6.38704 | 38
219116 | 20 | 4.91021 | 16
438232 | 21 | 4.91021 | 16
876464 | 22 | 4.91021 | 16
1752928 | 23 | 4.91021 | 16
3505856 | 24 | 4.91021 | 16
7011712 | 25 | 3.30867 | 11
14023425 | 26 | 3.30867 | 11
28046851 | 27 | 3.30867 | 11
56093703 | 28 | 3.30867 | 11
112187406 | 29 | 3.30867 | 11
224374812 | 30 | 0.470288 | 9
224374813 | 30 | 0 | 2
7011713 | 25 | 4.63978e-310 | 5
219117 | 20 | 6.38704 | 22
438234 | 21 | 6.38704 | 22
876468 | 22 | 6.38704 | 22
1752936 | 23 | 6.38704 | 22
3505872 | 24 | 6.38704 | 22
7011744 | 25 | 6.38704 | 22
14023488 | 26 | 4.96703 | 18
28046977 | 27 | 4.96703 | 18
56093955 | 28 | 4.96703 | 18
112187911 | 29 | 4.96703 | 18
224375822 | 30 | 4.96703 | 18
448751645 | 31 | 4.96703 | 18
897503291 | 32 | 4.96703 | 18
1795006583 | 33 | 4.96703 | 18
3590013166 | 34 | 0.147279 | 4
3590013167 | 34 | 3.67994 | 14
7180026334 | 35 | 3.67994 | 14
14360052669 | 36 | 3.67994 | 14
28720105338 | 37 | 0 | 4
28720105339 | 37 | 2.90723 | 10
14023489 | 26 | 4.63978e-310 | 4
109559 | 19 | 5.30864 | 33
219118 | 20 | 5.30864 | 33
438236 | 21 | 5.30864 | 33
876472 | 22 | 5.30864 | 33
1752945 | 23 | 5.30864 | 33
3505890 | 24 | 4.32647 | 19
7011780 | 25 | 4.32647 | 19
14023561 | 26 | 4.32647 | 19
28047123 | 27 | 4.32647 | 19
56094247 | 28 | 4.32647 | 19
112188495 | 29 | 4.32647 | 19
224376990 | 30 | 4.32647 | 19
448753981 | 31 | 4.32647 | 19
897507963 | 32 | 4.32647 | 19
1795015927 | 33 | 4.32647 | 19
3590031854 | 34 | 4.32647 | 19
7180063708 | 35 | 4.32647 | 19
14360127417 | 36 | 4.32647 | 19
28720254834 | 37 | 4.32647 | 19
57440509668 | 38 | 3.5624 | 17
114881019336 | 39 | 3.5624 | 17
229762038673 | 40 | 3.5624 | 17
459524077346 | 41 | 3.5624 | 17
919048154692 | 42 | 3.5624 | 17
1838096309384 | 43 | 3.5624 | 17
3676192618768 | 44 | 3.5624 | 17
7352385237536 | 45 | 3.5624 | 17
14704770475073 | 46 | 3.5624 | 17
29409540950147 | 47 | 3.5624 | 17
58819081900294 | 48 | 3.5624 | 17
117638163800589 | 49 | 3.5624 | 17
235276327601178 | 50 | 3.5624 | 17
470552655202356 | 51 | 3.5624 | 17
941105310404712 | 52 | 3.5624 | 17
1882210620809424 | 53 | 2.58323 | 16
3764421241618848 | 54 | 2.58323 | 16
7528842483237697 | 55 | 2.58323 | 16
15057684966475395 | 56 | 2.58323 | 16
30115369932950791 | 57 | 2.58323 | 16
60230739865901582 | 58 | 2.58323 | 16
120461479731803164 | 59 | 2.01749 | 12
240922959463606328 | 60 | 1.63042e-322 | 6
240922959463606329 | 60 | 1.89153 | 6
120461479731803165 | 59 | 4.63978e-310 | 4
1882210620809425 | 53 | 4.63978e-310 | 1
57440509669 | 38 | 4.63978e-310 | 2
3505891 | 24 | 4.31876 | 14
7011783 | 25 | 4.31876 | 14
14023566 | 26 | 4.31876 | 14
28047132 | 27 | 4.31876 | 14
56094265 | 28 | 4.31876 | 14
112188530 | 29 | 4.31876 | 14
224377060 | 30 | 4.31876 | 14
448754120 | 31 | 4.31876 | 14
897508240 | 32 | 4.63978e-310 | 1
897508241 | 32 | 3.9664 | 13
1795016483 | 33 | 3.9664 | 13
3590032967 | 34 | 3.9664 | 13
7180065934 | 35 | 24.6713 | 1
7180065935 | 35 | 3.59675 | 12
14360131871 | 36 | 3.59675 | 12
28720263742 | 37 | 3.59675 | 12
57440527485 | 38 | 3.59675 | 12
114881054971 | 39 | 3.59675 | 12
229762109942 | 40 | 3.59675 | 12
459524219885 | 41 | 3.59675 | 12
919048439771 | 42 | 3.59675 | 12
1838096879542 | 43 | 3.59675 | 12
3676193759084 | 44 | 4.85342 | 8
3676193759085 | 44 | 0.179212 | 4
1 | 2 | 28.6867 | 777
3 | 3 | 28.6867 | 777
6 | 4 | 4.63978e-310 | 3
7 | 4 | 26.703 | 774
15 | 5 | 26.703 | 774
30 | 6 | 26.703 | 774
61 | 7 | 26.703 | 774
122 | 8 | 26.703 | 774
245 | 9 | 26.703 | 774
490 | 10 | 26.5201 | 513
981 | 11 | 26.5201 | 513
1962 | 12 | 26.5201 | 513
3925 | 13 | 26.5201 | 513
7850 | 14 | 26.5201 | 513
15700 | 15 | 26.5201 | 513
31400 | 16 | 26.5201 | 513
62801 | 17 | 26.5201 | 513
125602 | 18 | 12.0001 | 68
251205 | 19 | 12.0001 | 68
502410 | 20 | 12.0001 | 68
1004820 | 21 | 12.0001 | 68
2009641 | 22 | 12.0001 | 68
4019282 | 23 | 12.0001 | 68
8038565 | 24 | 12.0001 | 68
16077130 | 25 | 3.36789 | 12
32154260 | 26 | 3.36789 | 12
64308521 | 27 | 3.36789 | 12
128617042 | 28 | 0.10094 | 3
128617043 | 28 | 6.49814 | 9
16077131 | 25 | 9.53172 | 56
32154262 | 26 | 9.53172 | 56
64308524 | 27 | 9.53172 | 56
128617048 | 28 | 9.53172 | 56
257234097 | 29 | 9.53172 | 56
514468195 | 30 | 9.53172 | 56
1028936390 | 31 | 9.53172 | 56
2057872780 | 32 | 9.53172 | 56
4115745560 | 33 | 9.53172 | 56
8231491120 | 34 | 9.53172 | 56
16462982241 | 35 | 9.53172 | 56
32925964483 | 36 | 9.53172 | 56
65851928967 | 37 | 9.53172 | 56
131703857934 | 38 | 9.53172 | 56
263407715868 | 39 | 9.53172 | 56
526815431736 | 40 | 9.53172 | 56
1053630863472 | 41 | 9.53172 | 56
2107261726945 | 42 | 9.53172 | 56
4214523453890 | 43 | 6.90513e-310 | 6
4214523453891 | 43 | 6.84293 | 50
8429046907783 | 44 | 6.84293 | 50
16858093815567 | 45 | 6.84293 | 50
33716187631134 | 46 | 6.84293 | 50
67432375262269 | 47 | 6.84293 | 50
134864750524539 | 48 | 6.84293 | 50
269729501049078 | 49 | 2.74615 | 16
539459002098156 | 50 | 1.83022 | 9
539459002098157 | 50 | 0.785214 | 7
269729501049079 | 49 | 4.92363 | 34
539459002098158 | 50 | 4.92363 | 34
1078918004196316 | 51 | 4.92363 | 34
2157836008392632 | 52 | 4.92363 | 34
4315672016785264 | 53 | 4.92363 | 34
8631344033570528 | 54 | 4.92363 | 34
17262688067141057 | 55 | 4.92363 | 34
34525376134282114 | 56 | 4.35338 | 14
69050752268564228 | 57 | 4.35338 | 14
138101504537128457 | 58 | 4.35338 | 14
276203009074256914 | 59 | 4.35338 | 14
552406018148513829 | 60 | 4.35338 | 14
1104812036297027659 | 61 | 4.35338 | 14
2209624072594055318 | 62 | 4.35338 | 14
4419248145188110636 | 63 | 4.35338 | 14
8838496290376221272 | 64 | 4.35338 | 14
-769751492957109072 | 65 | 4.35338 | 14
-1539502985914218143 | 66 | 4.35338 | 14
-3079005971828436286 | 67 | 4.35338 | 14
-6158011943656872571 | 68 | 4.35338 | 14
6130720186395806474 | 69 | 4.35338 | 14
-6185303700917938668 | 70 | 4.35338 | 14
6076136671873674280 | 71 | 4.35338 | 14
-6294470729962203056 | 72 | 4.35338 | 14
5857802613785145505 | 73 | 4.35338 | 14
-6731138846139260605 | 74 | 4.35338 | 14
4984466381431030407 | 75 | 4.35338 | 14
-8477811310847490802 | 76 | 4.35338 | 14
1491121452014570013 | 77 | 4.35338 | 14
2982242904029140027 | 78 | 4.35338 | 14
5964485808058280055 | 79 | 4.35338 | 14
-6517772457592991506 | 80 | 4.35338 | 14
5411199158523568605 | 81 | 4.35338 | 14
-7624345756662414406 | 82 | 4.35338 | 14
3198052560384722804 | 83 | 4.35338 | 14
6396105120769445608 | 84 | 4.35338 | 14
-5654533832170660400 | 85 | 4.35338 | 14
7137676409368230817 | 86 | 4.35338 | 14
-4171391254973089982 | 87 | 2.60946 | 3
-4171391254973089981 | 87 | 2.70615 | 11
-8342782509946179962 | 88 | 6.90513e-310 | 1
-8342782509946179961 | 88 | 0.583531 | 10
34525376134282115 | 56 | 4.23587 | 20
69050752268564231 | 57 | 4.23587 | 20
138101504537128462 | 58 | 4.63978e-310 | 3
138101504537128463 | 58 | 3.15272 | 17
276203009074256926 | 59 | 4.63978e-310 | 3
276203009074256927 | 59 | 3.15272 | 14
552406018148513855 | 60 | 3.15272 | 14
1104812036297027711 | 61 | 3.15272 | 14
2209624072594055423 | 62 | 3.15272 | 14
4419248145188110847 | 63 | 3.15272 | 14
8838496290376221694 | 64 | 3.15272 | 14
-769751492957108227 | 65 | 3.15272 | 14
-1539502985914216453 | 66 | 3.15272 | 14
-3079005971828432905 | 67 | 3.15272 | 14
-6158011943656865810 | 68 | 3.15272 | 14
6130720186395819996 | 69 | 3.15272 | 14
-6185303700917911623 | 70 | 3.15272 | 14
6076136671873728370 | 71 | 3.15272 | 14
-6294470729962094876 | 72 | 3.15272 | 14
5857802613785361865 | 73 | 3.15272 | 14
-6731138846138827885 | 74 | 3.15272 | 14
4984466381431895846 | 75 | 3.15272 | 14
-8477811310845759924 | 76 | 3.15272 | 14
1491121452018031769 | 77 | 3.15272 | 14
2982242904036063538 | 78 | 3.15272 | 14
5964485808072127076 | 79 | 3.15272 | 14
-6517772457565297464 | 80 | 3.15272 | 12
5411199158578956688 | 81 | 3.15272 | 12
-7624345756551638240 | 82 | 1.69712 | 8
-7624345756551638239 | 82 | 2.98147 | 4
-6517772457565297463 | 80 | 4.63978e-310 | 2
125603 | 18 | 24.2487 | 445
251206 | 19 | 24.0854 | 252
502413 | 20 | 24.0854 | 252
1004826 | 21 | 24.0854 | 252
2009652 | 22 | 24.0854 | 252
4019304 | 23 | 24.0854 | 252
8038608 | 24 | 24.0854 | 252
16077217 | 25 | 24.0854 | 252
32154435 | 26 | 24.0854 | 252
64308870 | 27 | 1.63042e-322 | 5
64308871 | 27 | 22.5766 | 247
128617743 | 28 | 22.5766 | 247
257235487 | 29 | 22.5766 | 247
514470974 | 30 | 22.5766 | 247
1028941949 | 31 | 22.5766 | 247
2057883899 | 32 | 22.5766 | 247
4115767798 | 33 | 22.5766 | 247
8231535597 | 34 | 22.5766 | 247
16463071195 | 35 | 22.5766 | 247
32926142390 | 36 | 22.5766 | 247
65852284780 | 37 | 20.619 | 105
131704569560 | 38 | 20.619 | 105
263409139120 | 39 | 20.619 | 105
526818278240 | 40 | 20.619 | 105
1053636556480 | 41 | 20.619 | 105
2107273112960 | 42 | 14.6537 | 98
4214546225920 | 43 | 12.9776 | 65
8429092451841 | 44 | 12.9776 | 65
16858184903682 | 45 | 5.28777 | 13
33716369807365 | 46 | 5.28777 | 13
67432739614730 | 47 | 5.28777 | 13
134865479229460 | 48 | 5.28777 | 13
269730958458920 | 49 | 5.28777 | 13
539461916917841 | 50 | 5.28777 | 13
1078923833835683 | 51 | 5.28777 | 13
2157847667671367 | 52 | 5.28777 | 13
4315695335342735 | 53 | 5.28777 | 13
8631390670685470 | 54 | 5.28777 | 13
17262781341370941 | 55 | 5.28777 | 13
34525562682741882 | 56 | 4.52717 | 11
69051125365483764 | 57 | 4.52717 | 11
138102250730967528 | 58 | 4.52717 | 11
276204501461935056 | 59 | 4.52717 | 11
552409002923870112 | 60 | 4.52717 | 11
1104818005847740225 | 61 | 4.52717 | 11
2209636011695480451 | 62 | 4.52717 | 11
4419272023390960903 | 63 | 4.52717 | 11
8838544046781921807 | 64 | 4.52717 | 11
-769655980145708002 | 65 | 2.37152e-322 | 5
-769655980145708001 | 65 | 4.63978e-310 | 6
34525562682741883 | 56 | 4.63978e-310 | 2
16858184903683 | 45 | 7.96317 | 52
33716369807367 | 46 | 7.96317 | 52
67432739614735 | 47 | 7.96317 | 52
134865479229470 | 48 | 7.96317 | 52
269730958458941 | 49 | 7.96317 | 52
539461916917882 | 50 | 7.96317 | 52
1078923833835764 | 51 | 7.96317 | 52
2157847667671529 | 52 | 7.96317 | 52
4315695335343059 | 53 | 7.96317 | 52
8631390670686119 | 54 | 7.96317 | 52
17262781341372239 | 55 | 7.96317 | 52
34525562682744478 | 56 | 7.96317 | 52
69051125365488956 | 57 | 4.7902 | 14
138102250730977912 | 58 | 4.7902 | 14
276204501461955824 | 59 | 4.7902 | 14
552409002923911649 | 60 | 4.7902 | 14
1104818005847823299 | 61 | 4.7902 | 14
2209636011695646598 | 62 | 4.7902 | 14
4419272023391293196 | 63 | 4.38835 | 13
8838544046782586393 | 64 | 4.38835 | 13
-769655980144378830 | 65 | 4.38835 | 13
-1539311960288757660 | 66 | 4.38835 | 13
-3078623920577515320 | 67 | 4.38835 | 13
-6157247841155030639 | 68 | 4.38835 | 13
6132248391399490338 | 69 | 4.38835 | 13
-6182247290910570940 | 70 | 4.38835 | 13
6082249491888409737 | 71 | 4.38835 | 13
-6282245089932732142 | 72 | 4.38835 | 13
5882253893844087333 | 73 | 4.38835 | 13
-6682236286021376950 | 74 | 0.874918 | 8
-6682236286021376949 | 74 | 0.150703 | 5
4419272023391293197 | 63 | 4.63978e-310 | 1
69051125365488957 | 57 | 4.29063 | 38
138102250730977915 | 58 | 4.29063 | 38
276204501461955830 | 59 | 3.07234 | 18
552409002923911660 | 60 | 3.07234 | 18
1104818005847823321 | 61 | 3.07234 | 18
2209636011695646642 | 62 | 4.63978e-310 | 5
2209636011695646643 | 62 | 2.97412 | 13
4419272023391293287 | 63 | 2.97412 | 13
8838544046782586575 | 64 | 2.97412 | 13
-769655980144378465 | 65 | 2.97412 | 13
-1539311960288756929 | 66 | 2.97412 | 13
-3078623920577513858 | 67 | 0.973783 | 8
-3078623920577513857 | 67 | 4.63978e-310 | 5
276204501461955831 | 59 | 3.24942 | 20
552409002923911662 | 60 | 4.63978e-310 | 9
552409002923911663 | 60 | 2.35865 | 11
1104818005847823327 | 61 | 2.35865 | 11
2209636011695646655 | 62 | 2.35865 | 11
4419272023391293310 | 63 | 2.35865 | 11
8838544046782586621 | 64 | 2.35865 | 11
-769655980144378373 | 65 | 2.35865 | 11
-1539311960288756745 | 66 | 2.35865 | 11
-3078623920577513490 | 67 | 9.78232 | 8
-3078623920577513489 | 67 | 9.64048 | 3
4214546225921 | 43 | 3.79778 | 33
8429092451842 | 44 | 3.79778 | 33
16858184903684 | 45 | 3.79778 | 33
33716369807368 | 46 | 3.79778 | 33
67432739614736 | 47 | 2.68336 | 25
134865479229472 | 48 | 2.68336 | 25
269730958458944 | 49 | 2.68336 | 25
539461916917888 | 50 | 2.68336 | 25
1078923833835777 | 51 | 2.68336 | 25
2157847667671554 | 52 | 2.68336 | 25
4315695335343109 | 53 | 2.68336 | 25
8631390670686219 | 54 | 2.68336 | 25
17262781341372438 | 55 | 2.68336 | 25
34525562682744876 | 56 | 2.68336 | 25
69051125365489753 | 57 | 2.68336 | 25
138102250730979507 | 58 | 2.68336 | 25
276204501461959014 | 59 | 2.63706 | 23
552409002923918028 | 60 | 2.63706 | 23
1104818005847836056 | 61 | 2.63706 | 23
2209636011695672112 | 62 | 2.63706 | 23
4419272023391344224 | 63 | 2.63706 | 23
8838544046782688448 | 64 | 2.63706 | 23
-769655980144174720 | 65 | 2.63706 | 23
-1539311960288349439 | 66 | 2.63706 | 23
-3078623920576698878 | 67 | 0.640749 | 6
-3078623920576698877 | 67 | 2.3586 | 17
-6157247841153397753 | 68 | 2.3586 | 17
6132248391402756110 | 69 | 2.3586 | 17
-6182247290904039395 | 70 | 2.3586 | 17
6082249491901472826 | 71 | 4.71688 | 7
6082249491901472827 | 71 | 3.08053 | 10
276204501461959015 | 59 | 4.63978e-310 | 2
67432739614737 | 47 | 4.63978e-310 | 8
2107273112961 | 42 | 4.63978e-310 | 7
65852284781 | 37 | 19.6114 | 142
131704569562 | 38 | 19.6114 | 142
263409139124 | 39 | 13.622 | 126
526818278249 | 40 | 13.622 | 126
1053636556498 | 41 | 13.622 | 125
2107273112997 | 42 | 13.622 | 125
4214546225994 | 43 | 13.622 | 125
8429092451989 | 44 | 13.622 | 125
16858184903978 | 45 | 13.622 | 125
33716369807956 | 46 | 13.622 | 125
67432739615913 | 47 | 13.622 | 125
134865479231827 | 48 | 13.622 | 125
269730958463654 | 49 | 13.622 | 125
539461916927309 | 50 | 13.622 | 125
1078923833854618 | 51 | 1.63042e-322 | 5
1078923833854619 | 51 | 6.03055 | 120
2157847667709238 | 52 | 4.0895 | 34
4315695335418476 | 53 | 4.0895 | 34
8631390670836952 | 54 | 4.0895 | 34
17262781341673904 | 55 | 4.0895 | 34
34525562683347808 | 56 | 2.12931 | 18
69051125366695617 | 57 | 2.12931 | 18
138102250733391234 | 58 | 4.63978e-310 | 5
138102250733391235 | 58 | 1.74209 | 13
276204501466782471 | 59 | 1.74209 | 13
552409002933564942 | 60 | 1.74209 | 13
1104818005867129885 | 61 | 1.74209 | 13
2209636011734259770 | 62 | 1.74209 | 13
4419272023468519541 | 63 | 1.74209 | 13
8838544046937039082 | 64 | 1.74209 | 13
-769655979835473451 | 65 | 1.74209 | 13
-1539311959670946902 | 66 | 1.74209 | 13
-3078623919341893803 | 67 | 1.74209 | 13
-6157247838683787606 | 68 | 1.37754 | 6
-6157247838683787605 | 68 | 1.09896 | 7
34525562683347809 | 56 | 2.59135 | 16
69051125366695619 | 57 | 2.59135 | 16
138102250733391238 | 58 | 2.59135 | 16
276204501466782476 | 59 | 1.6161 | 11
552409002933564952 | 60 | 1.6161 | 11
1104818005867129905 | 61 | 1.6161 | 11
2209636011734259810 | 62 | 3.3283 | 5
2209636011734259811 | 62 | 0.00351975 | 6
276204501466782477 | 59 | 4.63978e-310 | 5
2157847667709239 | 52 | 4.42816 | 86
4315695335418478 | 53 | 4.42816 | 86
8631390670836956 | 54 | 4.42816 | 86
17262781341673913 | 55 | 4.42816 | 86
34525562683347826 | 56 | 4.42816 | 86
69051125366695653 | 57 | 4.42816 | 86
138102250733391306 | 58 | 4.42816 | 86
276204501466782613 | 59 | 4.42816 | 86
552409002933565227 | 60 | 4.42816 | 86
1104818005867130454 | 61 | 3.45816 | 22
2209636011734260909 | 62 | 3.45816 | 22
4419272023468521818 | 63 | 3.45816 | 22
8838544046937043637 | 64 | 3.45816 | 22
-769655979835464342 | 65 | 2.64821 | 19
-1539311959670928683 | 66 | 2.64821 | 19
-3078623919341857366 | 67 | 2.64821 | 19
-6157247838683714732 | 68 | 2.64821 | 19
6132248396342122152 | 69 | 2.64821 | 19
-6182247281025307311 | 70 | 2.64821 | 19
6082249511658936994 | 71 | 2.1814 | 16
-6282245050391677628 | 72 | 2.1814 | 16
5882253972926196360 | 73 | 2.1814 | 16
-6682236127857158896 | 74 | 1.54465 | 14
5082271817995233824 | 75 | 1.54465 | 14
-8282200437719083967 | 76 | 1.54465 | 14
1882343198271383683 | 77 | 1.54465 | 14
3764686396542767366 | 78 | 1.54465 | 14
7529372793085534733 | 79 | 1.54465 | 14
-3387998487538482150 | 80 | 1.38225 | 11
-6775996975076964300 | 81 | 1.38225 | 11
4894750123555623017 | 82 | 1.38225 | 11
-8657243826598305581 | 83 | 1.38225 | 11
1132256420512940454 | 84 | 1.38225 | 11
2264512841025880909 | 85 | 1.38225 | 11
4529025682051761818 | 86 | 1.87168 | 3
4529025682051761819 | 86 | 4.63978e-310 | 8
-3387998487538482149 | 80 | 4.63978e-310 | 3
-6682236127857158895 | 74 | 4.63978e-310 | 2
6082249511658936995 | 71 | 4.63978e-310 | 3
-769655979835464341 | 65 | 4.63978e-310 | 3
1104818005867130455 | 61 | 3.77071 | 64
2209636011734260910 | 62 | 3.27449 | 45
4419272023468521821 | 63 | 3.27449 | 45
8838544046937043642 | 64 | 4.63978e-310 | 9
8838544046937043643 | 64 | 2.78922 | 36
-769655979835464330 | 65 | 2.78922 | 36
-1539311959670928659 | 66 | 2.78922 | 36
-3078623919341857318 | 67 | 2.78922 | 36
-6157247838683714636 | 68 | 2.78922 | 36
6132248396342122345 | 69 | 2.78922 | 36
-6182247281025306925 | 70 | 2.78922 | 36
6082249511658937766 | 71 | 4.63978e-310 | 7
6082249511658937767 | 71 | 2.27951 | 29
-6282245050391676081 | 72 | 2.27951 | 29
5882253972926199454 | 73 | 2.27951 | 29
-6682236127857152707 | 74 | 2.27951 | 29
5082271817995246203 | 75 | 2.27951 | 29
-8282200437719059210 | 76 | 2.27951 | 29
1882343198271433196 | 77 | 2.27951 | 29
3764686396542866392 | 78 | 2.27951 | 29
7529372793085732784 | 79 | 2.27951 | 29
-3387998487538086047 | 80 | 2.27951 | 29
-6775996975076172094 | 81 | 0.257581 | 8
-6775996975076172093 | 81 | 1.88001 | 21
4894750123557207430 | 82 | 1.88001 | 21
-8657243826595136756 | 83 | 4.63978e-310 | 8
-8657243826595136755 | 83 | 1.17531 | 13
1132256420519278107 | 84 | 1.17531 | 13
2264512841038556214 | 85 | 1.17531 | 13
4529025682077112429 | 86 | 1.17531 | 13
9058051364154224858 | 87 | 1.17531 | 13
-330641345401101899 | 88 | 1.17531 | 13
-661282690802203797 | 89 | 1.17531 | 13
-1322565381604407594 | 90 | 0.116251 | 8
-1322565381604407593 | 90 | 0.597101 | 5
2209636011734260911 | 62 | 2.72254 | 19
4419272023468521823 | 63 | 2.72254 | 19
8838544046937043646 | 64 | 2.1172 | 16
-769655979835464323 | 65 | 2.1172 | 16
-1539311959670928645 | 66 | 2.1172 | 16
-3078623919341857289 | 67 | 2.1172 | 16
-6157247838683714578 | 68 | 2.1172 | 16
6132248396342122460 | 69 | 4.63978e-310 | 9
6132248396342122461 | 69 | 4.63978e-310 | 7
8838544046937043647 | 64 | 4.63978e-310 | 3
1053636556499 | 41 | 4.63978e-310 | 1
263409139125 | 39 | 6.09894 | 16
526818278250 | 40 | 6.09894 | 16
1053636556500 | 41 | 6.09894 | 16
2107273113000 | 42 | 6.09894 | 16
4214546226000 | 43 | 6.09894 | 16
8429092452001 | 44 | 6.09894 | 16
16858184904002 | 45 | 6.09894 | 16
33716369808004 | 46 | 4.61602 | 13
67432739616009 | 47 | 4.61602 | 13
134865479232018 | 48 | 4.61602 | 13
269730958464037 | 49 | 4.61602 | 13
539461916928074 | 50 | 4.61602 | 13
1078923833856148 | 51 | 4.61602 | 13
2157847667712296 | 52 | 4.61602 | 13
4315695335424593 | 53 | 4.61602 | 13
8631390670849187 | 54 | 4.61602 | 13
17262781341698374 | 55 | 4.61602 | 13
34525562683396748 | 56 | 4.61602 | 13
69051125366793496 | 57 | 4.61602 | 13
138102250733586992 | 58 | 4.61602 | 13
276204501467173984 | 59 | 4.61602 | 13
552409002934347968 | 60 | 4.61602 | 13
1104818005868695936 | 61 | 4.61602 | 13
2209636011737391873 | 62 | 4.61602 | 13
4419272023474783747 | 63 | 4.61602 | 13
8838544046949567495 | 64 | 4.61602 | 13
-769655979810416626 | 65 | 4.61602 | 12
-1539311959620833251 | 66 | 4.61602 | 12
-3078623919241666501 | 67 | 4.61602 | 12
-6157247838483333002 | 68 | 4.61602 | 12
6132248396742885612 | 69 | 4.61602 | 12
-6182247280223780392 | 70 | 4.61602 | 12
6082249513261990832 | 71 | 1.68809 | 8
6082249513261990833 | 71 | 3.21143e-322 | 4
-769655979810416625 | 65 | 4.63978e-310 | 1
33716369808005 | 46 | 4.63978e-310 | 3
251207 | 19 | 17.829 | 193
502414 | 20 | 15.097 | 11
1004829 | 21 | 15.097 | 11
2009658 | 22 | 0.361813 | 2
2009659 | 22 | 4.63978e-310 | 9
502415 | 20 | 17.829 | 182
1004830 | 21 | 10.5587 | 133
2009661 | 22 | 10.5587 | 133
4019323 | 23 | 10.5587 | 133
8038646 | 24 | 10.5587 | 133
16077293 | 25 | 10.5587 | 133
32154587 | 26 | 10.5587 | 133
64309174 | 27 | 10.5587 | 133
128618348 | 28 | 10.5587 | 133
257236697 | 29 | 10.5587 | 133
514473395 | 30 | 10.5587 | 133
1028946791 | 31 | 10.5587 | 133
2057893583 | 32 | 10.5587 | 133
4115787166 | 33 | 10.5587 | 133
8231574332 | 34 | 10.5587 | 133
16463148664 | 35 | 10.5587 | 133
32926297328 | 36 | 10.5587 | 133
65852594657 | 37 | 10.5587 | 133
131705189314 | 38 | 10.5587 | 133
263410378628 | 39 | 10.5587 | 133
526820757257 | 40 | 10.5587 | 133
1053641514514 | 41 | 10.5587 | 133
2107283029028 | 42 | 5.44761 | 30
4214566058056 | 43 | 4.63978e-310 | 3
4214566058057 | 43 | 4.4659 | 27
8429132116114 | 44 | 4.4659 | 27
16858264232229 | 45 | 4.4659 | 27
33716528464459 | 46 | 4.4659 | 27
67433056928918 | 47 | 4.1439 | 23
134866113857836 | 48 | 4.1439 | 23
269732227715672 | 49 | 4.1439 | 23
539464455431344 | 50 | 4.1439 | 23
1078928910862689 | 51 | 4.1439 | 23
2157857821725379 | 52 | 4.1439 | 23
4315715643450759 | 53 | 4.1439 | 23
8631431286901519 | 54 | 4.1439 | 23
17262862573803039 | 55 | 4.1439 | 23
34525725147606079 | 56 | 4.1439 | 23
69051450295212158 | 57 | 6.90513e-310 | 4
69051450295212159 | 57 | 2.51944 | 19
138102900590424318 | 58 | 2.51944 | 19
276205801180848637 | 59 | 2.51944 | 19
552411602361697274 | 60 | 2.51944 | 19
1104823204723394548 | 61 | 2.51944 | 19
2209646409446789097 | 62 | 2.51944 | 19
4419292818893578194 | 63 | 2.51944 | 19
8838585637787156388 | 64 | 2.51944 | 19
-769572798135238839 | 65 | 2.51944 | 19
-1539145596270477678 | 66 | 4.53288 | 9
-1539145596270477677 | 66 | 0.186184 | 10
67433056928919 | 47 | 4.63978e-310 | 4
2107283029029 | 42 | 6.57762 | 103
4214566058058 | 43 | 3.74899 | 26
8429132116116 | 44 | 4.63978e-310 | 7
8429132116117 | 44 | 3.00304 | 19
16858264232235 | 45 | 3.00304 | 19
33716528464471 | 46 | 3.00304 | 19
67433056928942 | 47 | 3.00304 | 19
134866113857884 | 48 | 3.00304 | 19
269732227715768 | 49 | 3.00304 | 19
539464455431537 | 50 | 3.00304 | 19
1078928910863074 | 51 | 3.00304 | 19
2157857821726148 | 52 | 3.00304 | 19
4315715643452296 | 53 | 4.53288 | 6
4315715643452297 | 53 | 2.40673 | 13
8631431286904595 | 54 | 2.40673 | 13
17262862573809191 | 55 | 2.40673 | 13
34525725147618383 | 56 | 2.40673 | 13
69051450295236767 | 57 | 2.40673 | 13
138102900590473534 | 58 | 2.40673 | 13
276205801180947068 | 59 | 0.242162 | 7
276205801180947069 | 59 | 0.352343 | 6
4214566058059 | 43 | 5.81178 | 77
8429132116119 | 44 | 5.81178 | 77
16858264232238 | 45 | 5.81178 | 77
33716528464476 | 46 | 5.81178 | 77
67433056928952 | 47 | 5.81178 | 77
134866113857905 | 48 | 5.81178 | 77
269732227715811 | 49 | 5.81178 | 77
539464455431622 | 50 | 5.81178 | 77
1078928910863244 | 51 | 5.81178 | 77
2157857821726489 | 52 | 5.81178 | 77
4315715643452979 | 53 | 5.81178 | 77
8631431286905958 | 54 | 3.19905 | 27
17262862573811916 | 55 | 3.19905 | 27
34525725147623833 | 56 | 3.19905 | 27
69051450295247666 | 57 | 3.19905 | 27
138102900590495333 | 58 | 3.19905 | 27
276205801180990666 | 59 | 3.19905 | 27
552411602361981333 | 60 | 3.19905 | 27
1104823204723962667 | 61 | 3.19905 | 27
2209646409447925334 | 62 | 2.20095 | 25
4419292818895850668 | 63 | 2.20095 | 25
8838585637791701337 | 64 | 2.20095 | 25
-769572798126148942 | 65 | 2.20095 | 25
-1539145596252297884 | 66 | 2.20095 | 25
-3078291192504595768 | 67 | 2.20095 | 25
-6156582385009191535 | 68 | 2.20095 | 25
6133579303691168546 | 69 | 2.20095 | 25
-6179585466327214523 | 70 | 2.20095 | 25
6087573141055122570 | 71 | 1.7805 | 12
-6271597791599306475 | 72 | 1.7805 | 12
5903548490510938666 | 73 | 1.7805 | 12
-6639647092687674283 | 74 | 1.7805 | 12
5167449888334203050 | 75 | 1.87351 | 8
5167449888334203051 | 75 | 2.93922 | 4
6087573141055122571 | 71 | 1.65466 | 13
-6271597791599306474 | 72 | 1.5803 | 11
5903548490510938668 | 73 | 1.5803 | 11
-6639647092687674279 | 74 | 1.5803 | 11
5167449888334203058 | 75 | 1.5803 | 11
-8111844297041145500 | 76 | 1.5803 | 11
2223055479627260617 | 77 | 1.5803 | 11
4446110959254521234 | 78 | 0.203005 | 7
4446110959254521235 | 78 | 2.26503 | 4
-6271597791599306473 | 72 | 4.63978e-310 | 2
2209646409447925335 | 62 | 4.63978e-310 | 2
8631431286905959 | 54 | 4.71838 | 50
17262862573811918 | 55 | 4.71838 | 50
34525725147623837 | 56 | 4.71838 | 50
69051450295247675 | 57 | 4.71838 | 50
138102900590495350 | 58 | 4.71838 | 50
276205801180990700 | 59 | 3.67697 | 46
552411602361981400 | 60 | 3.67697 | 46
1104823204723962800 | 61 | 3.67697 | 46
2209646409447925600 | 62 | 4.63978e-310 | 5
2209646409447925601 | 62 | 3.67697 | 41
4419292818895851203 | 63 | 3.67697 | 41
8838585637791702407 | 64 | 3.67697 | 41
-769572798126146801 | 65 | 3.67697 | 41
-1539145596252293602 | 66 | 3.67697 | 41
-3078291192504587204 | 67 | 2.40685 | 24
-6156582385009174408 | 68 | 2.40685 | 24
6133579303691202800 | 69 | 2.37924 | 23
-6179585466327146016 | 70 | 4.63978e-310 | 1
-6179585466327146015 | 70 | 2.37924 | 22
6087573141055259587 | 71 | 2.37924 | 22
-6271597791599032442 | 72 | 2.17929 | 10
-6271597791599032441 | 72 | 1.93898 | 12
5903548490511486734 | 73 | 1.93898 | 12
-6639647092686578148 | 74 | 2.04152 | 9
-6639647092686578147 | 74 | 3.05555 | 3
6133579303691202801 | 69 | 4.63978e-310 | 1
-3078291192504587203 | 67 | 2.18066 | 17
-6156582385009174406 | 68 | 1.8342 | 14
6133579303691202804 | 69 | 1.8342 | 14
-6179585466327146008 | 70 | 1.8342 | 14
6087573141055259601 | 71 | 1.8342 | 14
-6271597791599032413 | 72 | 1.8342 | 14
5903548490511486791 | 73 | 1.8342 | 14
-6639647092686578033 | 74 | 1.8342 | 14
5167449888336395551 | 75 | 1.8342 | 14
-8111844297036760514 | 76 | 1.8342 | 14
2223055479636030589 | 77 | 1.8342 | 14
4446110959272061178 | 78 | 1.8342 | 14
8892221918544122356 | 79 | 1.8342 | 14
-662300236621306904 | 80 | 1.50677 | 13
-1324600473242613808 | 81 | 4.63978e-310 | 10
-1324600473242613807 | 81 | 1.63042e-322 | 3
-662300236621306903 | 80 | 4.63978e-310 | 1
-6156582385009174405 | 68 | 4.63978e-310 | 3
276205801180990701 | 59 | 4.63978e-310 | 4
1004831 | 21 | 7.75766 | 49
2009662 | 22 | 7.75766 | 26
4019325 | 23 | 7.75766 | 26
8038650 | 24 | 3.70998 | 19
16077301 | 25 | 3.70998 | 19
32154602 | 26 | 1.39983 | 12
64309204 | 27 | 1.39983 | 12
128618408 | 28 | 1.39983 | 12
257236816 | 29 | 4.63978e-310 | 8
257236817 | 29 | 4.63978e-310 | 4
32154603 | 26 | 4.63978e-310 | 7
8038651 | 24 | 4.63978e-310 | 7
2009663 | 22 | 3.59266 | 23
4019326 | 23 | 2.42461 | 19
8038653 | 24 | 2.42461 | 19
16077307 | 25 | 2.42461 | 19
32154615 | 26 | 2.42461 | 19
64309230 | 27 | 2.42461 | 19
128618460 | 28 | 4.63978e-310 | 3
128618461 | 28 | 2.41484 | 16
257236922 | 29 | 2.41484 | 15
514473844 | 30 | 1.92462 | 11
1028947688 | 31 | 1.92462 | 11
2057895377 | 32 | 1.92462 | 11
4115790755 | 33 | 1.92462 | 11
8231581510 | 34 | 0.249534 | 7
8231581511 | 34 | 0.523356 | 4
514473845 | 30 | 4.63978e-310 | 4
257236923 | 29 | 4.63978e-310 | 1
4019327 | 23 | 4.63978e-310 | 4
491 | 10 | 20.7029 | 261
983 | 11 | 20.7029 | 261
1966 | 12 | 18.2136 | 234
3932 | 13 | 18.2136 | 234
7864 | 14 | 18.2136 | 234
15728 | 15 | 18.2136 | 234
31456 | 16 | 18.2136 | 234
62912 | 17 | 18.2136 | 234
125824 | 18 | 2.85999 | 16
251649 | 19 | 2.85999 | 16
503298 | 20 | 52.7279 | 6
503299 | 20 | 0 | 10
125825 | 18 | 17.5349 | 218
251651 | 19 | 17.5349 | 218
503302 | 20 | 17.5349 | 218
1006604 | 21 | 8.97852 | 112
2013208 | 22 | 8.97852 | 112
4026417 | 23 | 8.97852 | 112
8052835 | 24 | 8.97852 | 112
16105671 | 25 | 8.97852 | 112
32211343 | 26 | 8.97852 | 112
64422686 | 27 | 8.53476 | 99
128845372 | 28 | 8.53476 | 99
257690745 | 29 | 8.53476 | 99
515381490 | 30 | 8.53476 | 99
1030762980 | 31 | 8.53476 | 99
2061525961 | 32 | 8.53476 | 99
4123051923 | 33 | 8.53476 | 99
8246103846 | 34 | 8.53476 | 99
16492207692 | 35 | 7.77333 | 77
32984415385 | 36 | 7.77333 | 77
65968830770 | 37 | 7.77333 | 77
131937661540 | 38 | 7.77333 | 77
263875323080 | 39 | 7.77333 | 77
527750646161 | 40 | 7.77333 | 77
1055501292323 | 41 | 7.77333 | 77
2111002584646 | 42 | 2.59728 | 16
4222005169292 | 43 | 2.59728 | 16
8444010338585 | 44 | 2.59728 | 16
16888020677171 | 45 | 2.59728 | 16
33776041354343 | 46 | 2.59728 | 16
67552082708686 | 47 | 2.59728 | 14
135104165417372 | 48 | 0.994223 | 2
135104165417373 | 48 | 1.96522 | 12
270208330834746 | 49 | 1.96522 | 12
540416661669492 | 50 | 1.96522 | 12
1080833323338985 | 51 | 1.96522 | 12
2161666646677971 | 52 | 1.96522 | 12
4323333293355943 | 53 | 1.96522 | 12
8646666586711886 | 54 | 1.96522 | 12
17293333173423773 | 55 | 1.96522 | 12
34586666346847546 | 56 | 4.00193e-322 | 7
34586666346847547 | 56 | 0.512951 | 5
67552082708687 | 47 | 4.63978e-310 | 2
2111002584647 | 42 | 5.86227 | 61
4222005169294 | 43 | 5.86227 | 61
8444010338588 | 44 | 5.86227 | 61
16888020677177 | 45 | 5.86227 | 61
33776041354355 | 46 | 5.86227 | 61
67552082708710 | 47 | 5.86227 | 61
135104165417421 | 48 | 5.86227 | 61
270208330834843 | 49 | 5.86227 | 61
540416661669687 | 50 | 5.86227 | 61
1080833323339374 | 51 | 5.86227 | 61
2161666646678748 | 52 | 5.86227 | 61
4323333293357496 | 53 | 5.86227 | 61
8646666586714992 | 54 | 5.86227 | 61
17293333173429985 | 55 | 5.86227 | 61
34586666346859971 | 56 | 5.86227 | 61
69173332693719942 | 57 | 5.86227 | 61
138346665387439884 | 58 | 5.86227 | 61
276693330774879768 | 59 | 5.86227 | 61
553386661549759537 | 60 | 5.86227 | 61
1106773323099519075 | 61 | 5.86227 | 61
2213546646199038150 | 62 | 5.86227 | 61
4427093292398076300 | 63 | 5.86227 | 61
8854186584796152600 | 64 | 5.86227 | 61
-738370904117246415 | 65 | 5.86227 | 61
-1476741808234492830 | 66 | 3.36571 | 33
-2953483616468985659 | 67 | 3.36571 | 33
-5906967232937971318 | 68 | 3.36571 | 33
6632809607833608980 | 69 | 3.36571 | 33
-5181124858042333656 | 70 | 1.98193 | 13
8084494357624884304 | 71 | 47.8394 | 4
8084494357624884305 | 71 | 47.3837 | 9
-5181124858042333655 | 70 | 2.30454 | 20
8084494357624884307 | 71 | 2.30454 | 20
-2277755358459783001 | 72 | 2.30454 | 20
-4555510716919566001 | 73 | 2.30454 | 20
-9111021433839132001 | 74 | 2.30454 | 20
224701206031287615 | 75 | 2.30454 | 20
449402412062575231 | 76 | 2.30454 | 20
898804824125150463 | 77 | 2.30454 | 20
1797609648250300926 | 78 | 2.30454 | 20
3595219296500601853 | 79 | 2.30454 | 20
7190438593001203707 | 80 | 2.30454 | 20
-4065866887707144202 | 81 | 2.30454 | 20
-8131733775414288404 | 82 | 2.30454 | 20
2183276522880974808 | 83 | 2.30454 | 20
4366553045761949617 | 84 | 2.30454 | 20
8733106091523899235 | 85 | 2.30454 | 20
-980531890661753145 | 86 | 2.30454 | 20
-1961063781323506289 | 87 | 2.30454 | 20
-3922127562647012577 | 88 | 2.30454 | 20
-7844255125294025153 | 89 | 2.30454 | 20
2758233823121501310 | 90 | 0.483496 | 5
2758233823121501311 | 90 | 2.26773 | 15
5516467646243002623 | 91 | 2.26773 | 15
-7413808781223546370 | 92 | 2.26773 | 15
3619126511262458877 | 93 | 2.26773 | 15
7238253022524917754 | 94 | 2.26773 | 15
-3970238028659716107 | 95 | 2.26773 | 15
-7940476057319432214 | 96 | 2.26773 | 15
2565791959070687188 | 97 | 2.26773 | 15
5131583918141374376 | 98 | 2.26773 | 15
-8183576237426802864 | 99 | 1.93601 | 5
-8183576237426802863 | 99 | 0.359015 | 10
-1476741808234492829 | 66 | 3.14404 | 28
-2953483616468985657 | 67 | 3.14404 | 28
-5906967232937971313 | 68 | 3.14404 | 28
6632809607833608990 | 69 | 3.14404 | 28
-5181124858042333635 | 70 | 3.14404 | 28
8084494357624884346 | 71 | 4.63978e-310 | 3
8084494357624884347 | 71 | 3.1124 | 25
-2277755358459782922 | 72 | 3.1124 | 25
-4555510716919565844 | 73 | 3.1124 | 25
-9111021433839131688 | 74 | 3.1124 | 24
224701206031288240 | 75 | 3.1124 | 24
449402412062576480 | 76 | 1.81613 | 11
898804824125152960 | 77 | 1.81613 | 11
1797609648250305921 | 78 | 1.81613 | 11
3595219296500611843 | 79 | 1.81613 | 11
7190438593001223686 | 80 | 1.81613 | 11
-4065866887707104244 | 81 | 1.81613 | 11
-8131733775414208488 | 82 | 1.81613 | 11
2183276522881134640 | 83 | 1.81613 | 11
4366553045762269281 | 84 | 1.81613 | 11
8733106091524538562 | 85 | 1.81613 | 11
-980531890660474492 | 86 | 1.81613 | 11
-1961063781320948983 | 87 | 1.81613 | 11
-3922127562641897965 | 88 | 1.81613 | 11
-7844255125283795930 | 89 | 1.81613 | 11
2758233823141959757 | 90 | 1.81613 | 11
5516467646283919515 | 91 | 1.81613 | 11
-7413808781141712586 | 92 | 1.81613 | 11
3619126511426126444 | 93 | 0.221879 | 7
3619126511426126445 | 93 | 0.974383 | 4
449402412062576481 | 76 | 2.15244 | 13
898804824125152962 | 77 | 2.15244 | 13
1797609648250305924 | 78 | 4.63978e-310 | 6
1797609648250305925 | 78 | 4.63978e-310 | 7
-9111021433839131687 | 74 | 4.63978e-310 | 1
16492207693 | 35 | 7.39414 | 22
32984415386 | 36 | 4.63978e-310 | 3
32984415387 | 36 | 6.28631 | 19
65968830775 | 37 | 6.28631 | 19
131937661550 | 38 | 6.28631 | 19
263875323100 | 39 | 6.28631 | 19
527750646201 | 40 | 6.28631 | 19
1055501292403 | 41 | 6.28631 | 19
2111002584807 | 42 | 6.28631 | 19
4222005169614 | 43 | 6.28631 | 19
8444010339228 | 44 | 6.28631 | 19
16888020678456 | 45 | 5.70976 | 16
33776041356912 | 46 | 5.70976 | 16
67552082713824 | 47 | 4.63978e-310 | 7
67552082713825 | 47 | 4.63978e-310 | 9
16888020678457 | 45 | 4.63978e-310 | 3
64422687 | 27 | 2.61524 | 13
128845375 | 28 | 2.61524 | 13
257690750 | 29 | 2.24497 | 12
515381500 | 30 | 2.24497 | 12
1030763001 | 31 | 2.24497 | 12
2061526002 | 32 | 1.87843 | 11
4123052005 | 33 | 1.87843 | 11
8246104010 | 34 | 1.87843 | 11
16492208020 | 35 | 1.87843 | 11
32984416040 | 36 | 1.87843 | 11
65968832080 | 37 | 1.87843 | 11
131937664161 | 38 | 1.87843 | 11
263875328323 | 39 | 1.87843 | 11
527750656646 | 40 | 1.87843 | 11
1055501313292 | 41 | 4.63978e-310 | 6
1055501313293 | 41 | 4.63978e-310 | 5
2061526003 | 32 | 4.63978e-310 | 1
257690751 | 29 | 4.63978e-310 | 1
1006605 | 21 | 10.2688 | 106
2013211 | 22 | 10.2688 | 106
4026423 | 23 | 10.2688 | 106
8052847 | 24 | 10.2688 | 106
16105695 | 25 | 10.2688 | 106
32211390 | 26 | 10.2688 | 106
64422780 | 27 | 3.20394 | 29
128845560 | 28 | 3.20394 | 29
257691120 | 29 | 3.20394 | 29
515382241 | 30 | 3.20394 | 29
1030764482 | 31 | 3.20394 | 29
2061528964 | 32 | 3.20394 | 29
4123057929 | 33 | 3.20394 | 29
8246115859 | 34 | 3.20394 | 29
16492231718 | 35 | 3.20394 | 29
32984463436 | 36 | 3.20394 | 29
65968926872 | 37 | 3.20394 | 29
131937853745 | 38 | 3.20394 | 29
263875707491 | 39 | 3.20394 | 29
527751414982 | 40 | 3.20394 | 29
1055502829964 | 41 | 3.20394 | 29
2111005659929 | 42 | 3.20394 | 29
4222011319859 | 43 | 3.20394 | 29
8444022639719 | 44 | 3.20394 | 29
16888045279439 | 45 | 3.20394 | 29
33776090558879 | 46 | 3.20394 | 29
67552181117759 | 47 | 3.20394 | 29
135104362235518 | 48 | 3.20394 | 29
270208724471036 | 49 | 4.63978e-310 | 7
270208724471037 | 49 | 3.1898 | 22
540417448942075 | 50 | 3.1898 | 22
1080834897884150 | 51 | 2.57107 | 18
2161669795768301 | 52 | 2.57107 | 18
4323339591536602 | 53 | 4.40549 | 4
4323339591536603 | 53 | 1.64849 | 14
8646679183073206 | 54 | 1.64849 | 14
17293358366146413 | 55 | 1.64849 | 14
34586716732292826 | 56 | 1.64849 | 14
69173433464585652 | 57 | 1.64849 | 11
138346866929171305 | 58 | 1.64849 | 11
276693733858342611 | 59 | 1.64849 | 11
553387467716685223 | 60 | 1.64849 | 11
1106774935433370446 | 61 | 1.64849 | 11
2213549870866740892 | 62 | 1.64849 | 11
4427099741733481784 | 63 | 1.64849 | 11
8854199483466963568 | 64 | 1.64849 | 11
-738345106775624479 | 65 | 1.64849 | 11
-1476690213551248958 | 66 | 1.64849 | 11
-2953380427102497916 | 67 | 1.64849 | 11
-5906760854204995831 | 68 | 1.64849 | 11
6633222365299559955 | 69 | 1.64849 | 11
-5180299343110431706 | 70 | 1.64849 | 11
8086145387488688204 | 71 | 1.64849 | 11
-2274453298732175207 | 72 | 1.64849 | 11
-4548906597464350413 | 73 | 1.64849 | 11
-9097813194928700825 | 74 | 1.64849 | 11
251117683852149967 | 75 | 1.64849 | 11
502235367704299935 | 76 | 1.64849 | 11
1004470735408599870 | 77 | 1.1828 | 7
1004470735408599871 | 77 | 0 | 4
69173433464585653 | 57 | 4.63978e-310 | 3
1080834897884151 | 51 | 4.63978e-310 | 4
64422781 | 27 | 7.76023 | 77
128845563 | 28 | 7.76023 | 77
257691127 | 29 | 7.76023 | 77
515382255 | 30 | 7.76023 | 77
1030764510 | 31 | 4.50863 | 42
2061529020 | 32 | 4.50863 | 42
4123058041 | 33 | 4.50863 | 42
8246116082 | 34 | 4.50863 | 42
16492232164 | 35 | 4.38403 | 37
32984464329 | 36 | 4.38403 | 37
65968928658 | 37 | 4.38403 | 37
131937857317 | 38 | 4.38403 | 37
263875714634 | 39 | 2.41924 | 17
527751429268 | 40 | 2.41924 | 17
1055502858537 | 41 | 2.41924 | 17
2111005717075 | 42 | 2.41924 | 17
4222011434150 | 43 | 2.41924 | 17
8444022868301 | 44 | 2.41924 | 17
16888045736602 | 45 | 2.41924 | 17
33776091473204 | 46 | 2.41924 | 17
67552182946409 | 47 | 2.41924 | 17
135104365892818 | 48 | 4.63978e-310 | 3
135104365892819 | 48 | 2.41924 | 14
270208731785639 | 49 | 2.41924 | 14
540417463571279 | 50 | 2.41924 | 14
1080834927142559 | 51 | 2.41924 | 14
2161669854285119 | 52 | 2.41924 | 14
4323339708570239 | 53 | 2.41924 | 14
8646679417140478 | 54 | 2.71241 | 6
8646679417140479 | 54 | 0 | 8
263875714635 | 39 | 3.75333 | 20
527751429271 | 40 | 3.75333 | 20
1055502858542 | 41 | 4.63978e-310 | 10
1055502858543 | 41 | 4.63978e-310 | 10
16492232165 | 35 | 4.63978e-310 | 5
1030764511 | 31 | 4.56473 | 35
2061529022 | 32 | 4.56473 | 35
4123058044 | 33 | 4.56473 | 35
8246116088 | 34 | 4.56473 | 35
16492232176 | 35 | 4.56473 | 35
32984464352 | 36 | 4.56473 | 35
65968928705 | 37 | 4.56473 | 35
131937857410 | 38 | 4.56473 | 35
263875714820 | 39 | 4.56473 | 35
527751429641 | 40 | 4.56473 | 35
1055502859283 | 41 | 4.56473 | 35
2111005718566 | 42 | 4.56473 | 35
4222011437132 | 43 | 4.56473 | 35
8444022874264 | 44 | 0.196536 | 5
8444022874265 | 44 | 3.95003 | 30
16888045748530 | 45 | 0.138205 | 3
16888045748531 | 45 | 3.95003 | 27
33776091497062 | 46 | 3.95003 | 27
67552182994124 | 47 | 3.95003 | 27
135104365988248 | 48 | 0 | 8
135104365988249 | 48 | 3.16649 | 19
270208731976499 | 49 | 3.16649 | 19
540417463952998 | 50 | 3.16649 | 19
1080834927905997 | 51 | 3.16649 | 19
2161669855811995 | 52 | 3.16649 | 19
4323339711623990 | 53 | 3.16649 | 19
8646679423247980 | 54 | 3.16649 | 19
17293358846495961 | 55 | 3.16649 | 19
34586717692991923 | 56 | 3.16649 | 19
69173435385983847 | 57 | 3.16649 | 19
138346870771967695 | 58 | 3.16649 | 19
276693741543935391 | 59 | 3.16649 | 19
553387483087870782 | 60 | 2.68248 | 12
1106774966175741564 | 61 | 6.90513e-310 | 9
1106774966175741565 | 61 | 4.63978e-310 | 3
553387483087870783 | 60 | 4.63978e-310 | 7
1967 | 12 | 3.75114 | 27
3934 | 13 | 3.75114 | 27
7869 | 14 | 3.75114 | 27
15739 | 15 | 3.75114 | 27
31478 | 16 | 3.75114 | 27
62957 | 17 | 3.75114 | 27
125915 | 18 | 3.75114 | 27
251831 | 19 | 3.75114 | 27
503663 | 20 | 3.75114 | 27
1007327 | 21 | 3.75114 | 27
2014654 | 22 | 4.63978e-310 | 1
2014655 | 22 | 3.68871 | 26
4029310 | 23 | 4.63978e-310 | 2
4029311 | 23 | 3.34076 | 24
8058622 | 24 | 3.34076 | 24
16117245 | 25 | 3.34076 | 24
32234490 | 26 | 3.34076 | 24
64468981 | 27 | 3.34076 | 24
128937962 | 28 | 3.34076 | 24
257875924 | 29 | 3.34076 | 22
515751848 | 30 | 3.34076 | 22
1031503697 | 31 | 3.34076 | 22
2063007394 | 32 | 3.34076 | 12
4126014789 | 33 | 3.34076 | 12
8252029579 | 34 | 3.34076 | 12
16504059158 | 35 | 4.63978e-310 | 8
16504059159 | 35 | 4.63978e-310 | 4
2063007395 | 32 | 4.63978e-310 | 10
257875925 | 29 | 4.63978e-310 | 2
