ID | Depth | diameter | Number of points
0 | 0 | 29.316 | 1600
0 | 1 | 29.316 | 1600
0 | 2 | 29.316 | 1600
1 | 3 | 29.316 | 1600
2 | 4 | 29.316 | 1600
5 | 5 | 29.316 | 1600
11 | 6 | 29.316 | 1600
23 | 7 | 29.316 | 1600
47 | 8 | 29.316 | 1600
94 | 9 | 28.8232 | 544
188 | 10 | 9.81801 | 31
376 | 11 | 5.8428 | 17
753 | 12 | 5.8428 | 17
1506 | 13 | 5.8428 | 17
3012 | 14 | 5.8428 | 17
6024 | 15 | 5.8428 | 17
12049 | 16 | 5.8428 | 17
24098 | 17 | 5.8428 | 17
48196 | 18 | 5.8428 | 17
96392 | 19 | 5.8428 | 17
192784 | 20 | 5.8428 | 17
385569 | 21 | 5.8428 | 17
771139 | 22 | 5.8428 | 17
1542279 | 23 | 5.8428 | 17
3084558 | 24 | 5.8428 | 17
6169117 | 25 | 5.8428 | 17
12338234 | 26 | 5.8428 | 17
24676468 | 27 | 5.8428 | 17
49352937 | 28 | 5.8428 | 17
98705874 | 29 | 5.8428 | 17
197411748 | 30 | 6.90513e-310 | 1
197411749 | 30 | 5.8428 | 16
394823498 | 31 | 5.8428 | 16
789646997 | 32 | 5.8428 | 16
1579293994 | 33 | 5.8428 | 16
3158587988 | 34 | 5.8428 | 16
6317175977 | 35 | 5.8428 | 16
12634351955 | 36 | 5.8428 | 16
25268703911 | 37 | 5.8428 | 16
50537407822 | 38 | 5.8428 | 16
101074815644 | 39 | 5.8428 | 16
202149631288 | 40 | 5.8428 | 16
404299262577 | 41 | 5.8428 | 16
808598525155 | 42 | 5.8428 | 16
1617197050310 | 43 | 5.8428 | 16
3234394100620 | 44 | 5.8428 | 16
6468788201241 | 45 | 5.8428 | 16
12937576402483 | 46 | 5.8428 | 16
25875152804967 | 47 | 5.8428 | 16
51750305609934 | 48 | 5.8428 | 16
103500611219869 | 49 | 5.8428 | 16
207001222439738 | 50 | 5.8428 | 16
414002444879476 | 51 | 5.8428 | 16
828004889758953 | 52 | 5.8428 | 16
1656009779517906 | 53 | 5.8428 | 16
3312019559035812 | 54 | 5.8428 | 16
6624039118071625 | 55 | 5.8428 | 16
13248078236143251 | 56 | 5.8428 | 16
26496156472286502 | 57 | 5.8428 | 16
52992312944573004 | 58 | 5.8428 | 16
105984625889146009 | 59 | 5.8428 | 16
211969251778292019 | 60 | 5.8428 | 16
423938503556584039 | 61 | 5.8428 | 16
847877007113168078 | 62 | 5.8428 | 16
1695754014226336156 | 63 | 5.8428 | 16
3391508028452672313 | 64 | 5.8428 | 16
6783016056905344626 | 65 | 5.8428 | 16
-4880711959898862363 | 66 | 5.8428 | 16
8685320153911826891 | 67 | 5.8428 | 16
-1076103765885897834 | 68 | 5.8428 | 16
-2152207531771795668 | 69 | 5.8428 | 16
-4304415063543591335 | 70 | 5.8428 | 16
-8608830127087182669 | 71 | 5.8428 | 16
1229083819535186278 | 72 | 5.8428 | 16
2458167639070372557 | 73 | 5.8428 | 16
4916335278140745115 | 74 | 5.8428 | 16
-8614073517428061386 | 75 | 5.8428 | 16
1218597038853428844 | 76 | 5.8428 | 16
2437194077706857688 | 77 | 6.90513e-310 | 10
2437194077706857689 | 77 | 4.63978e-310 | 6
377 | 11 | 8.7578 | 14
755 | 12 | 8.7578 | 14
1510 | 13 | 8.7578 | 14
3020 | 14 | 8.7578 | 14
6040 | 15 | 8.7578 | 14
12081 | 16 | 8.7578 | 14
24162 | 17 | 8.7578 | 14
48324 | 18 | 8.7578 | 14
96649 | 19 | 8.7578 | 14
193299 | 20 | 8.7578 | 14
386598 | 21 | 8.7578 | 14
773196 | 22 | 8.7578 | 14
1546392 | 23 | 8.7578 | 14
3092785 | 24 | 8.7578 | 14
6185571 | 25 | 8.7578 | 14
12371143 | 26 | 8.7578 | 14
24742286 | 27 | 8.7578 | 14
49484572 | 28 | 8.7578 | 14
98969145 | 29 | 8.7578 | 14
197938290 | 30 | 8.7578 | 14
395876581 | 31 | 8.7578 | 14
791753162 | 32 | 8.7578 | 14
1583506324 | 33 | 8.7578 | 14
3167012648 | 34 | 8.7578 | 14
6334025297 | 35 | 8.7578 | 14
12668050594 | 36 | 8.7578 | 14
25336101188 | 37 | 8.7578 | 14
50672202376 | 38 | 8.7578 | 14
101344404753 | 39 | 8.7578 | 14
202688809506 | 40 | 8.7578 | 14
405377619013 | 41 | 8.7578 | 14
810755238026 | 42 | 8.7578 | 14
1621510476052 | 43 | 8.7578 | 14
3243020952104 | 44 | 8.7578 | 14
6486041904209 | 45 | 8.7578 | 14
12972083808418 | 46 | 1.36512 | 1
12972083808419 | 46 | 5.28777 | 13
25944167616838 | 47 | 5.28777 | 13
51888335233677 | 48 | 5.28777 | 13
103776670467355 | 49 | 5.28777 | 13
207553340934711 | 50 | 5.28777 | 13
415106681869423 | 51 | 5.28777 | 13
830213363738846 | 52 | 5.28777 | 13
1660426727477692 | 53 | 5.28777 | 13
3320853454955385 | 54 | 5.28777 | 13
6641706909910770 | 55 | 5.28777 | 13
13283413819821540 | 56 | 5.28777 | 13
26566827639643080 | 57 | 93.9106 | 2
26566827639643081 | 57 | 3.65319 | 11
53133655279286162 | 58 | 3.65319 | 11
106267310558572324 | 59 | 3.65319 | 11
212534621117144648 | 60 | 3.65319 | 11
425069242234289296 | 61 | 3.65319 | 11
850138484468578592 | 62 | 3.65319 | 11
1700276968937157184 | 63 | 4.63978e-310 | 10
1700276968937157185 | 63 | 6.90513e-310 | 1
189 | 10 | 22.2747 | 513
379 | 11 | 22.2747 | 513
758 | 12 | 22.2747 | 513
1516 | 13 | 22.2747 | 513
3033 | 14 | 22.2747 | 513
6067 | 15 | 22.2747 | 513
12135 | 16 | 22.2747 | 513
24271 | 17 | 22.2747 | 513
48542 | 18 | 22.2747 | 513
97084 | 19 | 10.3273 | 55
194168 | 20 | 10.3273 | 55
388336 | 21 | 9.05003 | 46
776673 | 22 | 9.05003 | 46
1553347 | 23 | 9.05003 | 46
3106694 | 24 | 9.05003 | 46
6213389 | 25 | 9.05003 | 46
12426779 | 26 | 9.05003 | 46
24853559 | 27 | 9.05003 | 46
49707119 | 28 | 9.05003 | 46
99414238 | 29 | 6.72512 | 13
198828476 | 30 | 6.72512 | 13
397656952 | 31 | 6.72512 | 13
795313904 | 32 | 6.72512 | 13
1590627808 | 33 | 6.72512 | 13
3181255616 | 34 | 6.72512 | 13
6362511233 | 35 | 6.72512 | 13
12725022466 | 36 | 6.72512 | 13
25450044932 | 37 | 1.58101e-322 | 9
25450044933 | 37 | 1.58101e-322 | 4
99414239 | 29 | 8.01549 | 33
198828478 | 30 | 8.01549 | 33
397656956 | 31 | 8.01549 | 33
795313913 | 32 | 8.01549 | 33
1590627827 | 33 | 8.01549 | 33
3181255654 | 34 | 8.01549 | 33
6362511308 | 35 | 8.01549 | 33
12725022617 | 36 | 8.01549 | 33
25450045235 | 37 | 8.01549 | 33
50900090471 | 38 | 8.01549 | 33
101800180943 | 39 | 8.01549 | 33
203600361886 | 40 | 3.21143e-322 | 5
203600361887 | 40 | 6.7919 | 28
407200723775 | 41 | 6.7919 | 28
814401447550 | 42 | 6.7919 | 28
1628802895101 | 43 | 6.7919 | 28
3257605790202 | 44 | 6.7919 | 28
6515211580404 | 45 | 6.7919 | 28
13030423160809 | 46 | 6.7919 | 28
26060846321618 | 47 | 6.7919 | 28
52121692643236 | 48 | 6.7919 | 28
104243385286472 | 49 | 6.62721 | 15
208486770572944 | 50 | 6.62721 | 15
416973541145888 | 51 | 6.62721 | 15
833947082291776 | 52 | 6.62721 | 15
1667894164583552 | 53 | 6.62721 | 15
3335788329167104 | 54 | 6.62721 | 15
6671576658334208 | 55 | 6.62721 | 15
13343153316668416 | 56 | 6.62721 | 15
26686306633336832 | 57 | 6.62721 | 15
53372613266673664 | 58 | 6.62721 | 15
106745226533347328 | 59 | 6.62721 | 15
213490453066694657 | 60 | 6.62721 | 15
426980906133389315 | 61 | 6.62721 | 15
853961812266778630 | 62 | 3.21143e-322 | 3
853961812266778631 | 62 | 4.50992 | 12
1707923624533557262 | 63 | 4.50992 | 12
3415847249067114524 | 64 | 4.50992 | 12
6831694498134229049 | 65 | 4.50992 | 12
-4783355077441093518 | 66 | 7.24084 | 6
-4783355077441093517 | 66 | 9.15845 | 6
104243385286473 | 49 | 6.02513 | 13
208486770572946 | 50 | 6.02513 | 13
416973541145893 | 51 | 6.02513 | 13
833947082291786 | 52 | 6.02513 | 13
1667894164583573 | 53 | 6.02513 | 13
3335788329167146 | 54 | 6.02513 | 13
6671576658334292 | 55 | 6.02513 | 13
13343153316668584 | 56 | 6.02513 | 13
26686306633337169 | 57 | 6.02513 | 13
53372613266674338 | 58 | 6.02513 | 13
106745226533348676 | 59 | 0.274564 | 6
106745226533348677 | 59 | 7.25652 | 7
388337 | 21 | 4.63978e-310 | 9
97085 | 19 | 17.5306 | 458
194170 | 20 | 16.7314 | 256
388340 | 21 | 10.9894 | 106
776680 | 22 | 1.58101e-322 | 4
776681 | 22 | 10.5078 | 102
1553363 | 23 | 10.5078 | 102
3106727 | 24 | 10.5078 | 102
6213454 | 25 | 3.21143e-322 | 2
6213455 | 25 | 10.3885 | 100
12426910 | 26 | 10.3885 | 100
24853821 | 27 | 10.3885 | 100
49707643 | 28 | 10.3885 | 100
99415286 | 29 | 9.26391 | 82
198830572 | 30 | 9.26391 | 82
397661144 | 31 | 9.26391 | 82
795322289 | 32 | 9.26391 | 82
1590644578 | 33 | 9.26391 | 82
3181289157 | 34 | 9.26391 | 82
6362578314 | 35 | 9.14076 | 39
12725156629 | 36 | 9.14076 | 39
25450313258 | 37 | 9.14076 | 39
50900626517 | 38 | 9.14076 | 39
101801253035 | 39 | 9.14076 | 39
203602506071 | 40 | 9.14076 | 39
407205012142 | 41 | 9.14076 | 39
814410024284 | 42 | 9.14076 | 39
1628820048569 | 43 | 9.14076 | 39
3257640097139 | 44 | 9.14076 | 39
6515280194278 | 45 | 9.14076 | 39
13030560388557 | 46 | 9.14076 | 39
26061120777114 | 47 | 9.14076 | 39
52122241554228 | 48 | 9.14076 | 39
104244483108456 | 49 | 9.14076 | 39
208488966216913 | 50 | 9.14076 | 39
416977932433826 | 51 | 4.1459 | 16
833955864867653 | 52 | 4.1459 | 16
1667911729735306 | 53 | 4.1459 | 15
3335823459470612 | 54 | 6.90513e-310 | 8
3335823459470613 | 54 | 4.79244e-322 | 7
1667911729735307 | 53 | 4.63978e-310 | 1
416977932433827 | 51 | 5.36925 | 23
833955864867654 | 52 | 3.67089 | 14
1667911729735308 | 53 | 3.67089 | 14
3335823459470616 | 54 | 4.79244e-322 | 2
3335823459470617 | 54 | 2.59337 | 12
6671646918941234 | 55 | 2.13746 | 11
13343293837882469 | 56 | 2.13746 | 11
26686587675764938 | 57 | 2.13746 | 11
53373175351529876 | 58 | 6.90513e-310 | 1
53373175351529877 | 58 | 4.79244e-322 | 10
6671646918941235 | 55 | 4.63978e-310 | 1
833955864867655 | 52 | 4.63978e-310 | 9
6362578315 | 35 | 8.70223 | 43
12725156631 | 36 | 8.70223 | 43
25450313263 | 37 | 8.70223 | 43
50900626527 | 38 | 8.70223 | 43
101801253055 | 39 | 8.70223 | 43
203602506110 | 40 | 8.70223 | 43
407205012221 | 41 | 8.70223 | 43
814410024443 | 42 | 8.70223 | 43
1628820048886 | 43 | 8.70223 | 43
3257640097773 | 44 | 8.70223 | 43
6515280195546 | 45 | 7.72334 | 35
13030560391092 | 46 | 7.72334 | 35
26061120782185 | 47 | 7.72334 | 35
52122241564370 | 48 | 7.72334 | 35
104244483128740 | 49 | 7.72334 | 35
208488966257480 | 50 | 7.72334 | 35
416977932514960 | 51 | 7.72334 | 35
833955865029920 | 52 | 5.14473 | 23
1667911730059840 | 53 | 5.14473 | 23
3335823460119681 | 54 | 5.14473 | 23
6671646920239362 | 55 | 5.14473 | 23
13343293840478725 | 56 | 5.14473 | 23
26686587680957450 | 57 | 5.14473 | 23
53373175361914901 | 58 | 5.14473 | 23
106746350723829802 | 59 | 5.14473 | 23
213492701447659605 | 60 | 5.14473 | 23
426985402895319211 | 61 | 5.14473 | 23
853970805790638423 | 62 | 5.14473 | 23
1707941611581276846 | 63 | 5.14473 | 23
3415883223162553693 | 64 | 5.14473 | 23
6831766446325107387 | 65 | 5.14473 | 23
-4783211181059336841 | 66 | 5.14473 | 23
8880321711590877934 | 67 | 4.63978e-310 | 4
8880321711590877935 | 67 | 4.23062 | 19
-686100650527795746 | 68 | 4.63978e-310 | 10
-686100650527795745 | 68 | 4.79244e-322 | 9
833955865029921 | 52 | 2.07768 | 12
1667911730059843 | 53 | 2.07768 | 12
3335823460119686 | 54 | 2.07768 | 12
6671646920239373 | 55 | 2.07768 | 12
13343293840478747 | 56 | 2.07768 | 12
26686587680957495 | 57 | 2.07768 | 12
53373175361914990 | 58 | 2.07768 | 12
106746350723829980 | 59 | 2.07768 | 12
213492701447659960 | 60 | 2.07768 | 12
426985402895319920 | 61 | 2.07768 | 12
853970805790639840 | 62 | 2.07768 | 12
1707941611581279681 | 63 | 2.07768 | 12
3415883223162559362 | 64 | 2.07768 | 12
6831766446325118724 | 65 | 2.07768 | 12
-4783211181059314168 | 66 | 2.07768 | 12
8880321711590923281 | 67 | 2.07768 | 12
-686100650527705054 | 68 | 2.07768 | 12
-1372201301055410107 | 69 | 2.07768 | 12
-2744402602110820214 | 70 | 2.07768 | 12
-5488805204221640427 | 71 | 2.07768 | 12
7469133665266270762 | 72 | 2.07768 | 12
-3508476743177010091 | 73 | 2.07768 | 12
-7016953486354020181 | 74 | 2.07768 | 12
4412837101001511255 | 75 | 2.07768 | 12
8825674202003022511 | 76 | 2.07768 | 12
-795395669703506594 | 77 | 4.79244e-322 | 4
-795395669703506593 | 77 | 6.90513e-310 | 8
6515280195547 | 45 | 4.63978e-310 | 8
99415287 | 29 | 8.10529 | 18
198830574 | 30 | 8.10529 | 18
397661148 | 31 | 8.10529 | 18
795322296 | 32 | 8.10529 | 18
1590644593 | 33 | 8.10529 | 18
3181289186 | 34 | 8.10529 | 18
6362578373 | 35 | 8.10529 | 18
12725156747 | 36 | 8.10529 | 18
25450313494 | 37 | 8.10529 | 18
50900626988 | 38 | 7.97807 | 11
101801253976 | 39 | 7.97807 | 11
203602507952 | 40 | 7.97807 | 11
407205015904 | 41 | 4.63978e-310 | 3
407205015905 | 41 | 4.63978e-310 | 8
50900626989 | 38 | 4.63978e-310 | 7
388341 | 21 | 13.7961 | 150
776683 | 22 | 13.7961 | 150
1553367 | 23 | 13.7961 | 150
3106735 | 24 | 13.7961 | 150
6213471 | 25 | 13.7961 | 150
12426942 | 26 | 13.3269 | 131
24853884 | 27 | 13.3269 | 131
49707768 | 28 | 13.3269 | 131
99415537 | 29 | 13.3269 | 131
198831075 | 30 | 13.3269 | 131
397662150 | 31 | 13.3269 | 131
795324300 | 32 | 13.3269 | 131
1590648601 | 33 | 13.3269 | 131
3181297202 | 34 | 13.3269 | 131
6362594404 | 35 | 13.3269 | 131
12725188809 | 36 | 13.3269 | 131
25450377618 | 37 | 13.3269 | 131
50900755236 | 38 | 13.3269 | 131
101801510472 | 39 | 13.3269 | 131
203603020945 | 40 | 13.3269 | 131
407206041890 | 41 | 13.3269 | 131
814412083781 | 42 | 13.3269 | 131
1628824167563 | 43 | 13.3269 | 131
3257648335126 | 44 | 13.3269 | 131
6515296670253 | 45 | 13.3269 | 131
13030593340506 | 46 | 9.84162 | 37
26061186681013 | 47 | 9.84162 | 37
52122373362026 | 48 | 9.84162 | 37
104244746724052 | 49 | 9.84162 | 37
208489493448104 | 50 | 9.84162 | 37
416978986896208 | 51 | 9.84162 | 37
833957973792416 | 52 | 0.292775 | 10
833957973792417 | 52 | 7.8981 | 27
1667915947584834 | 53 | 7.8981 | 27
3335831895169668 | 54 | 7.8981 | 27
6671663790339336 | 55 | 7.8981 | 27
13343327580678672 | 56 | 7.8981 | 27
26686655161357344 | 57 | 2.13237 | 5
26686655161357345 | 57 | 5.39313 | 22
53373310322714690 | 58 | 5.39313 | 22
106746620645429380 | 59 | 5.39313 | 22
213493241290858760 | 60 | 5.39313 | 22
426986482581717520 | 61 | 5.39313 | 22
853972965163435040 | 62 | 2.45998 | 1
853972965163435041 | 62 | 4.78412 | 21
1707945930326870082 | 63 | 9.91204 | 9
1707945930326870083 | 63 | 4.78412 | 12
3415891860653740167 | 64 | 4.78412 | 12
6831783721307480335 | 65 | 4.78412 | 12
-4783176631094590945 | 66 | 4.78412 | 12
8880390811520369727 | 67 | 4.78412 | 12
-685962450668812162 | 68 | 4.78412 | 12
-1371924901337624324 | 69 | 4.78412 | 12
-2743849802675248647 | 70 | 4.78412 | 12
-5487699605350497293 | 71 | 4.78412 | 12
7471344863008557031 | 72 | 4.78412 | 12
-3504054347692437553 | 73 | 4.78412 | 12
-7008108695384875105 | 74 | 4.78412 | 12
4430526682939801407 | 75 | 4.78412 | 12
8861053365879602815 | 76 | 4.78412 | 12
-724637341950345986 | 77 | 4.78412 | 12
-1449274683900691971 | 78 | 4.78412 | 12
-2898549367801383941 | 79 | 4.78412 | 12
-5797098735602767882 | 80 | 4.78412 | 12
6852546602504015853 | 81 | 4.78412 | 12
-4741650868701519910 | 82 | 4.78412 | 12
8963442336306511797 | 83 | 4.78412 | 12
-519859401096528021 | 84 | 4.78412 | 12
-1039718802193056042 | 85 | 4.78412 | 12
-2079437604386112084 | 86 | 4.78412 | 12
-4158875208772224167 | 87 | 4.78412 | 12
-8317750417544448333 | 88 | 4.78412 | 12
1811243238620654950 | 89 | 4.78412 | 12
3622486477241309900 | 90 | 4.78412 | 12
7244972954482619800 | 91 | 4.78412 | 12
-3956798164744312016 | 92 | 4.78412 | 11
-7913596329488624031 | 93 | 4.78412 | 11
2619551414732303555 | 94 | 4.78412 | 11
5239102829464607110 | 95 | 4.78412 | 11
-7968538414780337395 | 96 | 4.78412 | 11
2509667244148876826 | 97 | 4.78412 | 11
5019334488297753653 | 98 | 4.78412 | 11
-8408075097114044310 | 99 | 4.78412 | 11
1630593879481462997 | 100 | 4.78412 | 11
3261187758962925995 | 101 | 4.78412 | 11
6522375517925851991 | 102 | 4.78412 | 11
-5401993037857847634 | 103 | 4.78412 | 11
7642757997993856348 | 104 | 4.63978e-310 | 3
7642757997993856349 | 104 | 4.63978e-310 | 8
-3956798164744312015 | 92 | 4.63978e-310 | 1
13030593340507 | 46 | 7.5127 | 94
26061186681015 | 47 | 7.5127 | 94
52122373362030 | 48 | 7.5127 | 94
104244746724060 | 49 | 7.5127 | 94
208489493448120 | 50 | 7.5127 | 94
416978986896241 | 51 | 7.5127 | 94
833957973792482 | 52 | 7.5127 | 94
1667915947584964 | 53 | 7.4644 | 61
3335831895169928 | 54 | 3.39705 | 20
6671663790339856 | 55 | 3.39705 | 20
13343327580679712 | 56 | 3.39705 | 20
26686655161359424 | 57 | 6.90513e-310 | 10
26686655161359425 | 57 | 3.21143e-322 | 10
3335831895169929 | 54 | 5.45683 | 41
6671663790339859 | 55 | 5.45683 | 41
13343327580679718 | 56 | 5.45683 | 19
26686655161359436 | 57 | 4.84936 | 10
26686655161359437 | 57 | 2.54653 | 9
13343327580679719 | 56 | 4.92308 | 22
26686655161359438 | 57 | 0.0664195 | 5
26686655161359439 | 57 | 3.77098 | 17
53373310322718879 | 58 | 3.77098 | 17
106746620645437759 | 59 | 3.77098 | 17
213493241290875518 | 60 | 1.77877 | 3
213493241290875519 | 60 | 3.34168 | 14
426986482581751038 | 61 | 3.34168 | 14
853972965163502077 | 62 | 3.34168 | 14
1707945930327004154 | 63 | 3.34168 | 14
3415891860654008308 | 64 | 3.34168 | 14
6831783721308016616 | 65 | 3.34168 | 14
-4783176631093518384 | 66 | 2.42092e-322 | 1
-4783176631093518383 | 66 | 3.05406 | 13
8880390811522514850 | 67 | 3.05406 | 13
-685962450664521916 | 68 | 12.4925 | 5
-685962450664521915 | 68 | 5.54767 | 8
1667915947584965 | 53 | 7.09942 | 33
3335831895169930 | 54 | 7.09942 | 33
6671663790339860 | 55 | 7.09942 | 33
13343327580679720 | 56 | 7.09942 | 27
26686655161359440 | 57 | 1.63042e-322 | 5
26686655161359441 | 57 | 5.39995 | 22
53373310322718883 | 58 | 5.39995 | 22
106746620645437766 | 59 | 5.39995 | 22
213493241290875532 | 60 | 7.02721 | 2
213493241290875533 | 60 | 4.29803 | 20
426986482581751067 | 61 | 4.29803 | 20
853972965163502134 | 62 | 4.29803 | 20
1707945930327004268 | 63 | 4.29803 | 20
3415891860654008536 | 64 | 4.29803 | 20
6831783721308017073 | 65 | 4.29803 | 20
-4783176631093517469 | 66 | 4.29803 | 20
8880390811522516678 | 67 | 4.29803 | 20
-685962450664518260 | 68 | 4.29803 | 20
-1371924901329036520 | 69 | 4.29803 | 20
-2743849802658073040 | 70 | 4.29803 | 20
-5487699605316146079 | 71 | 4.29803 | 20
7471344863077259459 | 72 | 4.29803 | 20
-3504054347555032697 | 73 | 4.29803 | 20
-7008108695110065393 | 74 | 4.29803 | 20
4430526683489420830 | 75 | 2.23251 | 8
4430526683489420831 | 75 | 2.7761 | 12
8861053366978841662 | 76 | 2.7761 | 12
-724637339751868291 | 77 | 2.7761 | 12
-1449274679503736582 | 78 | 2.7761 | 12
-2898549359007473164 | 79 | 2.7761 | 12
-5797098718014946328 | 80 | 2.7761 | 12
6852546637679658960 | 81 | 0.289729 | 2
6852546637679658961 | 81 | 1.46324 | 10
13343327580679721 | 56 | 4.63978e-310 | 6
12426943 | 26 | 12.8995 | 19
24853886 | 27 | 12.8995 | 19
49707772 | 28 | 4.63978e-310 | 5
49707773 | 28 | 7.1726 | 14
99415546 | 29 | 7.1726 | 14
198831092 | 30 | 7.1726 | 14
397662184 | 31 | 4.63978e-310 | 3
397662185 | 31 | 6.65348 | 11
795324371 | 32 | 6.65348 | 11
1590648743 | 33 | 6.65348 | 11
3181297486 | 34 | 6.65348 | 11
6362594973 | 35 | 6.65348 | 11
12725189946 | 36 | 4.63978e-310 | 1
12725189947 | 36 | 4.63978e-310 | 10
194171 | 20 | 16.0651 | 202
388342 | 21 | 16.0651 | 202
776684 | 22 | 16.0651 | 202
1553369 | 23 | 16.0651 | 202
3106738 | 24 | 16.0651 | 202
6213476 | 25 | 16.0651 | 202
12426953 | 26 | 16.0651 | 202
24853907 | 27 | 16.0651 | 202
49707814 | 28 | 16.0651 | 202
99415628 | 29 | 16.0651 | 202
198831257 | 30 | 16.0651 | 202
397662514 | 31 | 16.0651 | 202
795325029 | 32 | 16.0651 | 202
1590650058 | 33 | 15.5792 | 185
3181300117 | 34 | 15.5792 | 185
6362600234 | 35 | 15.5792 | 184
12725200469 | 36 | 15.5792 | 184
25450400938 | 37 | 10.0166 | 42
50900801877 | 38 | 10.0166 | 42
101801603754 | 39 | 10.0166 | 42
203603207509 | 40 | 10.0166 | 42
407206415018 | 41 | 10.0166 | 42
814412830036 | 42 | 10.0166 | 42
1628825660072 | 43 | 7.02307 | 23
3257651320144 | 44 | 7.02307 | 23
6515302640289 | 45 | 7.02307 | 23
13030605280578 | 46 | 7.02307 | 23
26061210561157 | 47 | 7.02307 | 23
52122421122315 | 48 | 7.02307 | 23
104244842244631 | 49 | 7.02307 | 23
208489684489263 | 50 | 7.02307 | 23
416979368978526 | 51 | 7.02307 | 23
833958737957053 | 52 | 7.02307 | 23
1667917475914106 | 53 | 7.02307 | 23
3335834951828212 | 54 | 7.02307 | 23
6671669903656424 | 55 | 7.02307 | 23
13343339807312848 | 56 | 7.02307 | 23
26686679614625697 | 57 | 7.02307 | 23
53373359229251395 | 58 | 7.02307 | 23
106746718458502790 | 59 | 40.4179 | 8
106746718458502791 | 59 | 6.88747 | 15
213493436917005583 | 60 | 6.88747 | 15
426986873834011166 | 61 | 1.10141 | 1
426986873834011167 | 61 | 6.67805 | 14
853973747668022335 | 62 | 6.67805 | 14
1707947495336044671 | 63 | 6.67805 | 14
3415894990672089343 | 64 | 6.67805 | 14
6831789981344178686 | 65 | 6.67805 | 14
-4783164111021194244 | 66 | 2.4689 | 12
8880415851667163128 | 67 | 47.4373 | 1
8880415851667163129 | 67 | 2.18294 | 11
-685912370375225357 | 68 | 2.18294 | 11
-1371824740750450713 | 69 | 2.18294 | 11
-2743649481500901425 | 70 | 2.18294 | 11
-5487298963001802849 | 71 | 2.18294 | 11
7472146147705945918 | 72 | 2.18294 | 11
-3502451778297659779 | 73 | 2.18294 | 11
-7004903556595319558 | 74 | 2.18294 | 11
4436936960518912500 | 75 | 2.18294 | 11
8873873921037825000 | 76 | 41.9524 | 4
8873873921037825001 | 76 | 1.31426 | 7
-4783164111021194243 | 66 | 4.63978e-310 | 2
1628825660073 | 43 | 8.59968 | 19
3257651320146 | 44 | 4.63978e-310 | 2
3257651320147 | 44 | 8.59968 | 17
6515302640294 | 45 | 8.59968 | 17
13030605280588 | 46 | 8.59968 | 17
26061210561176 | 47 | 8.59968 | 17
52122421122352 | 48 | 8.59968 | 17
104244842244704 | 49 | 8.59968 | 17
208489684489409 | 50 | 8.59968 | 17
416979368978818 | 51 | 8.59968 | 17
833958737957636 | 52 | 8.59968 | 17
1667917475915272 | 53 | 8.59968 | 17
3335834951830544 | 54 | 8.59968 | 17
6671669903661088 | 55 | 8.59968 | 17
13343339807322177 | 56 | 8.59968 | 17
26686679614644355 | 57 | 8.59968 | 17
53373359229288710 | 58 | 8.59968 | 17
106746718458577420 | 59 | 8.59968 | 17
213493436917154840 | 60 | 7.55289 | 14
426986873834309680 | 61 | 7.55289 | 14
853973747668619360 | 62 | 7.55289 | 14
1707947495337238721 | 63 | 7.55289 | 14
3415894990674477442 | 64 | 7.55289 | 14
6831789981348954885 | 65 | 7.55289 | 14
-4783164111011641845 | 66 | 7.55289 | 14
8880415851686267926 | 67 | 7.55289 | 14
-685912370337015763 | 68 | 7.55289 | 14
-1371824740674031525 | 69 | 7.55289 | 14
-2743649481348063050 | 70 | 7.55289 | 14
-5487298962696126099 | 71 | 7.55289 | 14
7472146148317299419 | 72 | 7.55289 | 14
-3502451777074952777 | 73 | 7.55289 | 14
-7004903554149905554 | 74 | 7.55289 | 14
4436936965409740508 | 75 | 2.42092e-322 | 8
4436936965409740509 | 75 | 2.20272 | 6
213493436917154841 | 60 | 4.63978e-310 | 3
25450400939 | 37 | 11.5645 | 142
50900801878 | 38 | 11.5645 | 142
101801603756 | 39 | 11.5645 | 142
203603207512 | 40 | 8.94797 | 17
407206415024 | 41 | 8.94797 | 17
814412830048 | 42 | 1.8414 | 8
814412830049 | 42 | 0.965585 | 9
203603207513 | 40 | 11.1116 | 125
407206415027 | 41 | 11.1116 | 125
814412830054 | 42 | 7.77687 | 84
1628825660108 | 43 | 7.77687 | 84
3257651320217 | 44 | 7.77687 | 84
6515302640435 | 45 | 7.77687 | 84
13030605280870 | 46 | 4.60983 | 39
26061210561740 | 47 | 4.21151 | 13
52122421123481 | 48 | 4.21151 | 13
104244842246963 | 49 | 4.21151 | 13
208489684493927 | 50 | 4.21151 | 13
416979368987854 | 51 | 4.21151 | 13
833958737975709 | 52 | 4.21151 | 13
1667917475951418 | 53 | 4.21151 | 13
3335834951902837 | 54 | 4.21151 | 13
6671669903805674 | 55 | 4.21151 | 13
13343339807611348 | 56 | 4.21151 | 13
26686679615222697 | 57 | 4.21151 | 13
53373359230445394 | 58 | 3.64978 | 12
106746718460890788 | 59 | 3.64978 | 12
213493436921781576 | 60 | 3.64978 | 12
426986873843563153 | 61 | 3.64978 | 12
853973747687126307 | 62 | 3.64978 | 12
1707947495374252614 | 63 | 3.64978 | 12
3415894990748505228 | 64 | 8.18159 | 6
3415894990748505229 | 64 | 2.37152e-322 | 6
53373359230445395 | 58 | 4.63978e-310 | 1
26061210561741 | 47 | 4.22253 | 26
52122421123483 | 48 | 4.22253 | 26
104244842246967 | 49 | 4.22253 | 26
208489684493935 | 50 | 4.22253 | 26
416979368987870 | 51 | 4.22253 | 26
833958737975740 | 52 | 3.74594 | 24
1667917475951481 | 53 | 3.74594 | 24
3335834951902962 | 54 | 3.74594 | 24
6671669903805925 | 55 | 3.74594 | 24
13343339807611850 | 56 | 3.74594 | 23
26686679615223700 | 57 | 3.74594 | 23
53373359230447400 | 58 | 2.17056 | 2
53373359230447401 | 58 | 3.443 | 21
106746718460894802 | 59 | 3.443 | 21
213493436921789605 | 60 | 3.443 | 21
426986873843579210 | 61 | 3.443 | 21
853973747687158421 | 62 | 3.443 | 21
1707947495374316842 | 63 | 3.02509 | 18
3415894990748633684 | 64 | 3.02509 | 18
6831789981497267369 | 65 | 3.02509 | 18
-4783164110715016878 | 66 | 3.02509 | 18
8880415852279517860 | 67 | 3.02509 | 18
-685912369150515895 | 68 | 3.02509 | 18
-1371824738301031790 | 69 | 3.02509 | 18
-2743649476602063579 | 70 | 3.02509 | 18
-5487298953204127158 | 71 | 2.53073 | 16
7472146167301297301 | 72 | 2.53073 | 16
-3502451739106957013 | 73 | 2.53073 | 16
-7004903478213914025 | 74 | 2.53073 | 16
4436937117281723566 | 75 | 1.65205 | 11
8873874234563447132 | 76 | 1.65205 | 11
-698995604582657352 | 77 | 1.65205 | 11
-1397991209165314703 | 78 | 1.65205 | 11
-2795982418330629406 | 79 | 1.65205 | 11
-5591964836661258811 | 80 | 1.65205 | 11
7262814400387033995 | 81 | 1.65205 | 11
-3921115272935483626 | 82 | 4.63978e-310 | 4
-3921115272935483625 | 82 | 0.950759 | 7
4436937117281723567 | 75 | 4.63978e-310 | 5
-5487298953204127157 | 71 | 4.63978e-310 | 2
1707947495374316843 | 63 | 4.63978e-310 | 3
13343339807611851 | 56 | 4.63978e-310 | 1
833958737975741 | 52 | 4.63978e-310 | 2
13030605280871 | 46 | 4.00299 | 45
26061210561742 | 47 | 4.00299 | 45
52122421123484 | 48 | 4.63978e-310 | 4
52122421123485 | 48 | 3.91804 | 41
104244842246970 | 49 | 1.63042e-322 | 9
104244842246971 | 49 | 3.38951 | 32
208489684493942 | 50 | 3.38951 | 32
416979368987885 | 51 | 3.38951 | 32
833958737975771 | 52 | 3.38951 | 32
1667917475951543 | 53 | 3.38951 | 32
3335834951903086 | 54 | 3.38951 | 32
6671669903806172 | 55 | 3.38951 | 31
13343339807612344 | 56 | 3.38951 | 31
26686679615224689 | 57 | 3.38951 | 31
53373359230449379 | 58 | 3.38951 | 31
106746718460898758 | 59 | 3.38951 | 31
213493436921797517 | 60 | 3.38951 | 31
426986873843595034 | 61 | 3.38951 | 31
853973747687190068 | 62 | 2.44751 | 17
1707947495374380136 | 63 | 1.74821 | 15
3415894990748760272 | 64 | 4.48364 | 9
3415894990748760273 | 64 | 9.2854 | 6
1707947495374380137 | 63 | 4.63978e-310 | 2
853973747687190069 | 62 | 2.49352 | 14
1707947495374380138 | 63 | 2.49352 | 14
3415894990748760277 | 64 | 2.49352 | 14
6831789981497520554 | 65 | 2.49352 | 14
-4783164110714510507 | 66 | 2.49352 | 14
8880415852280530603 | 67 | 2.49352 | 14
-685912369148490409 | 68 | 2.49352 | 14
-1371824738296980818 | 69 | 2.49352 | 14
-2743649476593961635 | 70 | 2.49352 | 14
-5487298953187923269 | 71 | 2.49352 | 14
7472146167333705078 | 72 | 2.49352 | 14
-3502451739042141459 | 73 | 2.49352 | 14
-7004903478084282918 | 74 | 2.49352 | 14
4436937117540985781 | 75 | 2.49352 | 14
8873874235081971563 | 76 | 2.49352 | 14
-698995603545608489 | 77 | 2.49352 | 14
-1397991207091216978 | 78 | 1.84638 | 12
-2795982414182433956 | 79 | 1.84638 | 12
-5591964828364867911 | 80 | 1.84638 | 12
7262814416979815794 | 81 | 1.84638 | 12
-3921115239749920028 | 82 | 1.84638 | 12
-7842230479499840055 | 83 | 1.84638 | 12
2762283114709871507 | 84 | 1.84638 | 12
5524566229419743014 | 85 | 1.84638 | 12
-7397611614870065587 | 86 | 1.84638 | 12
3651520843969420442 | 87 | 4.73424 | 5
3651520843969420443 | 87 | 2.4535 | 7
-1397991207091216977 | 78 | 4.63978e-310 | 2
6671669903806173 | 55 | 4.63978e-310 | 1
814412830055 | 42 | 4.07103 | 41
1628825660110 | 43 | 4.07103 | 41
3257651320220 | 44 | 3.59014 | 18
6515302640441 | 45 | 3.59014 | 18
13030605280883 | 46 | 3.59014 | 18
26061210561767 | 47 | 3.59014 | 18
52122421123534 | 48 | 3.59014 | 18
104244842247069 | 49 | 3.59014 | 18
208489684494139 | 50 | 3.59014 | 18
416979368988278 | 51 | 3.59014 | 18
833958737976557 | 52 | 3.59014 | 18
1667917475953114 | 53 | 3.59014 | 18
3335834951906228 | 54 | 3.59014 | 18
6671669903812457 | 55 | 3.59014 | 18
13343339807624915 | 56 | 3.59014 | 18
26686679615249831 | 57 | 3.59014 | 18
53373359230499662 | 58 | 3.59014 | 18
106746718460999325 | 59 | 3.59014 | 18
213493436921998650 | 60 | 3.59014 | 18
426986873843997300 | 61 | 3.59014 | 18
853973747687994600 | 62 | 2.44562 | 10
853973747687994601 | 62 | 2.45717 | 8
3257651320221 | 44 | 3.46811 | 23
6515302640443 | 45 | 3.46811 | 23
13030605280886 | 46 | 4.63978e-310 | 9
13030605280887 | 46 | 2.8405 | 14
26061210561775 | 47 | 2.8405 | 14
52122421123551 | 48 | 2.8405 | 14
104244842247103 | 49 | 2.8405 | 14
208489684494207 | 50 | 2.8405 | 14
416979368988415 | 51 | 2.8405 | 14
833958737976830 | 52 | 2.8405 | 14
1667917475953661 | 53 | 2.8405 | 14
3335834951907323 | 54 | 2.8405 | 14
6671669903814647 | 55 | 2.8405 | 14
13343339807629294 | 56 | 2.8405 | 14
26686679615258588 | 57 | 2.8405 | 14
53373359230517176 | 58 | 2.2036 | 12
106746718461034352 | 59 | 2.2036 | 12
213493436922068704 | 60 | 2.2036 | 12
426986873844137409 | 61 | 2.2036 | 12
853973747688274819 | 62 | 2.2036 | 12
1707947495376549639 | 63 | 2.2036 | 12
3415894990753099279 | 64 | 2.2036 | 12
6831789981506198558 | 65 | 0.0978779 | 4
6831789981506198559 | 65 | 0 | 8
53373359230517177 | 58 | 4.63978e-310 | 2
6362600235 | 35 | 4.63978e-310 | 1
1590650059 | 33 | 6.67752 | 17
3181300118 | 34 | 6.67752 | 17
6362600236 | 35 | 6.67752 | 17
12725200472 | 36 | 6.67752 | 17
25450400944 | 37 | 6.67752 | 17
50900801889 | 38 | 6.67752 | 17
101801603778 | 39 | 6.67752 | 17
203603207556 | 40 | 4.63978e-310 | 8
203603207557 | 40 | 4.63978e-310 | 9
95 | 9 | 28.677 | 1056
191 | 10 | 28.677 | 1056
382 | 11 | 27.3037 | 112
764 | 12 | 27.3037 | 112
1529 | 13 | 27.3037 | 112
3058 | 14 | 27.3037 | 112
6117 | 15 | 27.3037 | 112
12235 | 16 | 27.3037 | 112
24471 | 17 | 27.3037 | 112
48943 | 18 | 27.3037 | 112
97886 | 19 | 14.9404 | 19
195772 | 20 | 14.9404 | 19
391545 | 21 | 14.9404 | 19
783090 | 22 | 14.9404 | 19
1566181 | 23 | 14.9404 | 19
3132363 | 24 | 14.9404 | 19
6264726 | 25 | 13.8772 | 15
12529452 | 26 | 13.8772 | 15
25058905 | 27 | 13.8772 | 15
50117810 | 28 | 4.63978e-310 | 6
50117811 | 28 | 4.63978e-310 | 9
6264727 | 25 | 4.63978e-310 | 4
97887 | 19 | 19.3348 | 93
195774 | 20 | 19.3348 | 93
391549 | 21 | 19.3348 | 93
783098 | 22 | 19.3348 | 93
1566196 | 23 | 19.3348 | 93
3132392 | 24 | 19.3348 | 93
6264784 | 25 | 19.3348 | 93
12529568 | 26 | 19.3348 | 93
25059137 | 27 | 19.3348 | 93
50118274 | 28 | 19.3348 | 93
100236549 | 29 | 19.3348 | 93
200473098 | 30 | 19.3348 | 93
400946197 | 31 | 19.3348 | 93
801892395 | 32 | 19.3348 | 93
1603784791 | 33 | 19.3348 | 93
3207569582 | 34 | 19.3348 | 93
6415139165 | 35 | 19.3348 | 93
12830278331 | 36 | 19.3348 | 93
25660556663 | 37 | 19.3348 | 93
51321113326 | 38 | 19.3348 | 93
102642226652 | 39 | 16.9745 | 85
205284453304 | 40 | 7.36706 | 35
410568906609 | 41 | 7.36706 | 35
821137813218 | 42 | 7.36706 | 35
1642275626436 | 43 | 7.36706 | 35
3284551252872 | 44 | 7.36706 | 35
6569102505744 | 45 | 7.36706 | 35
13138205011488 | 46 | 7.36706 | 35
26276410022977 | 47 | 7.36706 | 35
52552820045955 | 48 | 7.36706 | 35
105105640091911 | 49 | 7.36706 | 35
210211280183822 | 50 | 7.36706 | 35
420422560367645 | 51 | 7.36706 | 35
840845120735290 | 52 | 1.63042e-322 | 1
840845120735291 | 52 | 7.04375 | 34
1681690241470582 | 53 | 7.04375 | 33
3363380482941165 | 54 | 7.04375 | 33
6726760965882331 | 55 | 7.04375 | 33
13453521931764663 | 56 | 7.04375 | 33
26907043863529327 | 57 | 7.04375 | 33
53814087727058654 | 58 | 1.63042e-322 | 7
53814087727058655 | 58 | 5.05922 | 26
107628175454117310 | 59 | 5.05922 | 26
215256350908234621 | 60 | 5.05922 | 26
430512701816469243 | 61 | 5.05922 | 26
861025403632938486 | 62 | 5.05922 | 26
1722050807265876972 | 63 | 2.46653 | 14
3444101614531753944 | 64 | 2.46653 | 14
6888203229063507888 | 65 | 2.46653 | 14
-4670337615582535840 | 66 | 2.46653 | 14
9106068842544479937 | 67 | 2.46653 | 14
-234606388620591742 | 68 | 2.46653 | 14
-469212777241183483 | 69 | 2.46653 | 14
-938425554482366966 | 70 | 2.46653 | 14
-1876851108964733932 | 71 | 2.37152e-322 | 1
-1876851108964733931 | 71 | 2.25771 | 13
-3753702217929467861 | 72 | 2.25771 | 13
-7507404435858935721 | 73 | 2.25771 | 13
3431935201991680175 | 74 | 2.25771 | 13
6863870403983360351 | 75 | 2.25771 | 13
-4719003265742830914 | 76 | 2.25771 | 13
9008737542223889789 | 77 | 2.25771 | 13
-429268989261772038 | 78 | 8.45532 | 8
-429268989261772037 | 78 | 2.37152e-322 | 5
1722050807265876973 | 63 | 2.65073 | 12
3444101614531753946 | 64 | 2.65073 | 12
6888203229063507893 | 65 | 2.65073 | 12
-4670337615582535829 | 66 | 2.65073 | 12
9106068842544479959 | 67 | 2.65073 | 12
-234606388620591698 | 68 | 2.65073 | 12
-469212777241183396 | 69 | 2.65073 | 12
-938425554482366792 | 70 | 2.37152e-322 | 2
-938425554482366791 | 70 | 2.37152e-322 | 10
1681690241470583 | 53 | 4.63978e-310 | 1
205284453305 | 40 | 12.9521 | 50
410568906610 | 41 | 12.9521 | 50
821137813221 | 42 | 12.9521 | 50
1642275626442 | 43 | 12.9521 | 50
3284551252885 | 44 | 12.9521 | 50
6569102505770 | 45 | 12.9521 | 50
13138205011540 | 46 | 12.9521 | 50
26276410023080 | 47 | 12.9521 | 47
52552820046160 | 48 | 12.9521 | 47
105105640092321 | 49 | 12.9521 | 47
210211280184643 | 50 | 12.9521 | 47
420422560369286 | 51 | 7.42368 | 21
840845120738573 | 52 | 7.42368 | 21
1681690241477147 | 53 | 7.42368 | 21
3363380482954295 | 54 | 7.42368 | 21
6726760965908590 | 55 | 3.4288 | 12
13453521931817180 | 56 | 3.4288 | 12
26907043863634360 | 57 | 3.4288 | 12
53814087727268721 | 58 | 3.4288 | 12
107628175454537442 | 59 | 3.4288 | 12
215256350909074884 | 60 | 3.4288 | 12
430512701818149769 | 61 | 3.4288 | 12
861025403636299538 | 62 | 3.4288 | 12
1722050807272599077 | 63 | 3.4288 | 12
3444101614545198154 | 64 | 3.4288 | 12
6888203229090396308 | 65 | 3.4288 | 12
-4670337615528759000 | 66 | 1.63042e-322 | 7
-4670337615528758999 | 66 | 1.58101e-322 | 5
6726760965908591 | 55 | 1.63042e-322 | 9
420422560369287 | 51 | 9.93495 | 26
840845120738575 | 52 | 9.93495 | 26
1681690241477150 | 53 | 9.93495 | 26
3363380482954301 | 54 | 9.93495 | 26
6726760965908602 | 55 | 9.93495 | 26
13453521931817205 | 56 | 9.93495 | 26
26907043863634411 | 57 | 9.93495 | 26
53814087727268823 | 58 | 9.93495 | 26
107628175454537646 | 59 | 9.93495 | 26
215256350909075293 | 60 | 9.93495 | 26
430512701818150586 | 61 | 9.93495 | 26
861025403636301172 | 62 | 9.93495 | 26
1722050807272602344 | 63 | 9.93495 | 26
3444101614545204688 | 64 | 9.93495 | 26
6888203229090409377 | 65 | 9.93495 | 26
-4670337615528732862 | 66 | 9.93495 | 26
9106068842652085893 | 67 | 9.93495 | 26
-234606388405379829 | 68 | 9.93495 | 26
-469212776810759657 | 69 | 9.93495 | 26
-938425553621519314 | 70 | 2.37152e-322 | 9
-938425553621519313 | 70 | 7.75302 | 17
-1876851107243038626 | 71 | 7.75302 | 17
-3753702214486077252 | 72 | 7.75302 | 17
-7507404428972154503 | 73 | 7.75302 | 17
3431935215765242610 | 74 | 7.75302 | 17
6863870431530485220 | 75 | 7.75302 | 17
-4719003210648581175 | 76 | 7.75302 | 17
9008737652412389267 | 77 | 7.75302 | 17
-429268768884773082 | 78 | 1.58101e-322 | 6
-429268768884773081 | 78 | 5.3432 | 11
-858537537769546161 | 79 | 5.3432 | 11
-1717075075539092322 | 80 | 5.3432 | 11
-3434150151078184643 | 81 | 5.3432 | 11
-6868300302156369286 | 82 | 5.3432 | 11
4710143469396813044 | 83 | 5.3432 | 11
-9026457134915925528 | 84 | 5.3432 | 11
393829803877700561 | 85 | 5.3432 | 11
787659607755401122 | 86 | 5.3432 | 11
1575319215510802245 | 87 | 5.3432 | 11
3150638431021604491 | 88 | 5.3432 | 11
6301276862043208982 | 89 | 5.3432 | 11
-5844190349623133651 | 90 | 5.3432 | 11
6758363374463284314 | 91 | 1.58101e-322 | 1
6758363374463284315 | 91 | 1.58101e-322 | 10
26276410023081 | 47 | 4.63978e-310 | 3
102642226653 | 39 | 4.63978e-310 | 8
383 | 11 | 28.5246 | 944
766 | 12 | 28.5246 | 944
1532 | 13 | 28.5246 | 944
3065 | 14 | 28.5246 | 944
6131 | 15 | 28.5246 | 944
12262 | 16 | 28.5246 | 944
24525 | 17 | 28.5246 | 944
49050 | 18 | 23.1469 | 64
98100 | 19 | 23.1469 | 64
196201 | 20 | 23.1469 | 64
392402 | 21 | 23.1469 | 64
784804 | 22 | 23.1469 | 64
1569609 | 23 | 23.1469 | 64
3139219 | 24 | 23.1469 | 64
6278438 | 25 | 17.1949 | 36
12556876 | 26 | 17.1949 | 36
25113753 | 27 | 17.1949 | 36
50227506 | 28 | 17.1949 | 36
100455013 | 29 | 17.1949 | 36
200910027 | 30 | 17.1949 | 36
401820054 | 31 | 7.17243 | 4
401820055 | 31 | 7.27385 | 32
803640110 | 32 | 1.29287 | 11
1607280220 | 33 | 0.047548 | 1
1607280221 | 33 | 6.90513e-310 | 10
803640111 | 32 | 5.87839 | 21
1607280222 | 33 | 8.4215 | 2
1607280223 | 33 | 5.85655 | 19
3214560447 | 34 | 5.85655 | 19
6429120894 | 35 | 0.811532 | 6
6429120895 | 35 | 2.95444 | 13
12858241791 | 36 | 2.95444 | 13
25716483582 | 37 | 2.95444 | 13
51432967164 | 38 | 1.66502 | 12
102865934329 | 39 | 1.66502 | 12
205731868658 | 40 | 1.66502 | 12
411463737317 | 41 | 1.66502 | 12
822927474635 | 42 | 1.66502 | 12
1645854949271 | 43 | 1.66502 | 12
3291709898543 | 44 | 1.66502 | 12
6583419797086 | 45 | 7.74589 | 8
6583419797087 | 45 | 40.3985 | 4
51432967165 | 38 | 4.63978e-310 | 1
6278439 | 25 | 6.7104 | 28
12556878 | 26 | 6.7104 | 28
25113757 | 27 | 6.7104 | 28
50227514 | 28 | 6.7104 | 28
100455028 | 29 | 6.7104 | 28
200910057 | 30 | 6.7104 | 28
401820114 | 31 | 6.7104 | 28
803640228 | 32 | 4.00866 | 13
1607280457 | 33 | 4.00866 | 13
3214560914 | 34 | 4.00866 | 13
6429121829 | 35 | 4.00866 | 13
12858243659 | 36 | 4.00866 | 13
25716487319 | 37 | 4.00866 | 13
51432974638 | 38 | 1.73541 | 12
102865949276 | 39 | 2.42092e-322 | 1
102865949277 | 39 | 1.73541 | 11
205731898555 | 40 | 1.73541 | 11
411463797111 | 41 | 1.73541 | 11
822927594222 | 42 | 1.73541 | 11
1645855188444 | 43 | 1.73541 | 11
3291710376888 | 44 | 40.2365 | 9
3291710376889 | 44 | 2.42092e-322 | 2
51432974639 | 38 | 4.63978e-310 | 1
803640229 | 32 | 2.05737 | 15
1607280459 | 33 | 2.05737 | 15
3214560919 | 34 | 2.05737 | 15
6429121838 | 35 | 2.05737 | 15
12858243676 | 36 | 2.05737 | 15
25716487352 | 37 | 2.05737 | 15
51432974705 | 38 | 2.05737 | 15
102865949411 | 39 | 2.05737 | 15
205731898822 | 40 | 2.05737 | 15
411463797644 | 41 | 4.63978e-310 | 4
411463797645 | 41 | 1.34042 | 11
822927595291 | 42 | 1.34042 | 11
1645855190583 | 43 | 1.34042 | 11
3291710381166 | 44 | 1.34042 | 11
6583420762333 | 45 | 1.34042 | 11
13166841524667 | 46 | 1.34042 | 11
26333683049334 | 47 | 1.34042 | 11
52667366098669 | 48 | 1.34042 | 11
105334732197339 | 49 | 1.34042 | 11
210669464394678 | 50 | 1.34042 | 11
421338928789356 | 51 | 4.79244e-322 | 7
421338928789357 | 51 | 4.79244e-322 | 4
49051 | 18 | 28.4597 | 880
98102 | 19 | 28.4597 | 880
196204 | 20 | 28.4597 | 880
392408 | 21 | 28.4597 | 763
784816 | 22 | 28.4597 | 763
1569632 | 23 | 28.4597 | 763
3139265 | 24 | 28.4597 | 763
6278531 | 25 | 28.4597 | 763
12557063 | 26 | 28.4597 | 763
25114127 | 27 | 28.4597 | 763
50228254 | 28 | 28.4597 | 763
100456508 | 29 | 28.4597 | 763
200913016 | 30 | 28.4597 | 763
401826033 | 31 | 28.4597 | 763
803652067 | 32 | 28.4597 | 763
1607304134 | 33 | 28.4597 | 763
3214608268 | 34 | 28.4597 | 763
6429216537 | 35 | 28.4597 | 763
12858433075 | 36 | 28.4597 | 763
25716866150 | 37 | 28.4597 | 763
51433732301 | 38 | 28.4597 | 763
102867464602 | 39 | 28.4597 | 763
205734929205 | 40 | 28.4597 | 763
411469858411 | 41 | 28.4597 | 763
822939716822 | 42 | 28.4597 | 763
1645879433644 | 43 | 17.7071 | 287
3291758867289 | 44 | 17.7071 | 287
6583517734578 | 45 | 12.6808 | 106
13167035469156 | 46 | 11.5989 | 74
26334070938312 | 47 | 11.5989 | 74
52668141876625 | 48 | 11.5989 | 74
105336283753251 | 49 | 11.5989 | 74
210672567506502 | 50 | 11.5989 | 73
421345135013004 | 51 | 11.5989 | 73
842690270026008 | 52 | 11.5989 | 73
1685380540052016 | 53 | 6.07122 | 25
3370761080104032 | 54 | 10.3248 | 5
3370761080104033 | 54 | 3.39695 | 20
6741522160208066 | 55 | 3.39695 | 20
13483044320416132 | 56 | 3.39695 | 20
26966088640832264 | 57 | 2.32981 | 11
53932177281664529 | 58 | 2.32981 | 11
107864354563329058 | 59 | 2.32981 | 11
215728709126658116 | 60 | 8.69556e-322 | 3
215728709126658117 | 60 | 4.63978e-310 | 8
26966088640832265 | 57 | 4.63978e-310 | 9
1685380540052017 | 53 | 10.5354 | 48
3370761080104034 | 54 | 10.5354 | 48
6741522160208068 | 55 | 10.5354 | 48
13483044320416136 | 56 | 10.5354 | 48
26966088640832272 | 57 | 10.5354 | 48
53932177281664544 | 58 | 7.92902 | 15
107864354563329088 | 59 | 7.92902 | 15
215728709126658177 | 60 | 7.92902 | 15
431457418253316354 | 61 | 4.63978e-310 | 2
431457418253316355 | 61 | 4.57295 | 13
862914836506632710 | 62 | 4.57295 | 13
1725829673013265420 | 63 | 4.57295 | 13
3451659346026530840 | 64 | 4.57295 | 13
6903318692053061680 | 65 | 4.57295 | 13
-4640106689603428255 | 66 | 4.57295 | 13
9166530694502695107 | 67 | 4.57295 | 13
-113682684704161401 | 68 | 4.57295 | 13
-227365369408322802 | 69 | 4.57295 | 13
-454730738816645604 | 70 | 4.57295 | 13
-909461477633291207 | 71 | 4.57295 | 13
-1818922955266582413 | 72 | 4.57295 | 13
-3637845910533164826 | 73 | 4.57295 | 13
-7275691821066329652 | 74 | 4.57295 | 13
3895360431576892312 | 75 | 4.57295 | 13
7790720863153784625 | 76 | 4.57295 | 13
-2865302347401982365 | 77 | 4.57295 | 13
-5730604694803964729 | 78 | 4.57295 | 13
6985534684101622158 | 79 | 4.57295 | 13
-4475674705506307300 | 80 | 4.57295 | 13
-8951349411012614600 | 81 | 4.57295 | 13
544045251684322417 | 82 | 4.57295 | 13
1088090503368644834 | 83 | 3.26091 | 5
1088090503368644835 | 83 | 40.669 | 8
53932177281664545 | 58 | 5.65202 | 33
107864354563329091 | 59 | 5.65202 | 33
215728709126658183 | 60 | 5.65202 | 33
431457418253316367 | 61 | 5.65202 | 33
862914836506632734 | 62 | 5.65202 | 33
1725829673013265468 | 63 | 5.65202 | 33
3451659346026530936 | 64 | 5.65202 | 33
6903318692053061872 | 65 | 3.33212 | 11
-4640106689603427872 | 66 | 3.33212 | 11
9166530694502695873 | 67 | 3.33212 | 11
-113682684704159869 | 68 | 3.33212 | 11
-227365369408319738 | 69 | 3.33212 | 11
-454730738816639476 | 70 | 3.33212 | 11
-909461477633278951 | 71 | 3.33212 | 11
-1818922955266557901 | 72 | 3.33212 | 11
-3637845910533115802 | 73 | 3.33212 | 11
-7275691821066231604 | 74 | 0.458687 | 5
-7275691821066231603 | 74 | 5.69854 | 6
6903318692053061873 | 65 | 2.90118 | 22
-4640106689603427870 | 66 | 2.90118 | 22
9166530694502695877 | 67 | 2.90118 | 22
-113682684704159862 | 68 | 2.90118 | 22
-227365369408319724 | 69 | 2.90118 | 22
-454730738816639448 | 70 | 2.90118 | 22
-909461477633278896 | 71 | 5.88614 | 3
-909461477633278895 | 71 | 2.79416 | 19
-1818922955266557790 | 72 | 2.79416 | 19
-3637845910533115579 | 73 | 2.79416 | 19
-7275691821066231158 | 74 | 2.69124 | 17
3895360431577089300 | 75 | 2.69124 | 17
7790720863154178601 | 76 | 2.69124 | 17
-2865302347401194414 | 77 | 7.90505e-322 | 1
-2865302347401194413 | 77 | 2.51301 | 16
-5730604694802388826 | 78 | 2.51301 | 16
6985534684104773965 | 79 | 2.51301 | 16
-4475674705500003686 | 80 | 2.51301 | 16
-8951349411000007372 | 81 | 2.51301 | 16
544045251709536873 | 82 | 2.51301 | 16
1088090503419073747 | 83 | 2.51301 | 16
2176181006838147494 | 84 | 2.51301 | 16
4352362013676294989 | 85 | 2.51301 | 16
8704724027352589978 | 86 | 2.51301 | 16
-1037296019004371659 | 87 | 2.51301 | 16
-2074592038008743317 | 88 | 2.51301 | 16
-4149184076017486634 | 89 | 2.51301 | 16
-8298368152034973267 | 90 | 2.51301 | 16
1850007769639605082 | 91 | 2.51301 | 16
3700015539279210164 | 92 | 2.51301 | 16
7400031078558420328 | 93 | 1.96956 | 12
-3646681916592710960 | 94 | 1.96956 | 12
-7293363833185421920 | 95 | 24.1711 | 2
-7293363833185421919 | 95 | 0.0805394 | 10
7400031078558420329 | 93 | 4.63978e-310 | 4
-7275691821066231157 | 74 | 4.63978e-310 | 2
210672567506503 | 50 | 4.63978e-310 | 1
13167035469157 | 46 | 7.62066 | 32
26334070938315 | 47 | 7.62066 | 32
52668141876630 | 48 | 7.33467 | 21
105336283753260 | 49 | 7.33467 | 21
210672567506520 | 50 | 7.33467 | 21
421345135013041 | 51 | 7.33467 | 21
842690270026082 | 52 | 7.33467 | 21
1685380540052165 | 53 | 7.33467 | 21
3370761080104330 | 54 | 7.33467 | 21
6741522160208660 | 55 | 7.33467 | 21
13483044320417320 | 56 | 7.33467 | 21
26966088640834640 | 57 | 7.33467 | 21
53932177281669280 | 58 | 7.33467 | 21
107864354563338561 | 59 | 7.33467 | 21
215728709126677122 | 60 | 7.33467 | 21
431457418253354245 | 61 | 7.33467 | 21
862914836506708491 | 62 | 7.33467 | 21
1725829673013416982 | 63 | 7.33467 | 21
3451659346026833965 | 64 | 7.33467 | 21
6903318692053667931 | 65 | 7.33467 | 21
-4640106689602215753 | 66 | 7.33467 | 21
9166530694505120111 | 67 | 7.33467 | 21
-113682684699311393 | 68 | 7.33467 | 21
-227365369398622785 | 69 | 7.33467 | 21
-454730738797245569 | 70 | 7.33467 | 21
-909461477594491137 | 71 | 7.33467 | 21
-1818922955188982274 | 72 | 7.33467 | 21
-3637845910377964548 | 73 | 7.33467 | 21
-7275691820755929096 | 74 | 7.33467 | 21
3895360432197693425 | 75 | 7.33467 | 21
7790720864395386850 | 76 | 7.33467 | 21
-2865302344918777915 | 77 | 7.33467 | 21
-5730604689837555829 | 78 | 7.33467 | 21
6985534694034439959 | 79 | 7.33467 | 21
-4475674685640671698 | 80 | 7.33467 | 21
-8951349371281343395 | 81 | 7.33467 | 21
544045331146864827 | 82 | 7.33467 | 21
1088090662293729654 | 83 | 4.93253 | 13
2176181324587459309 | 84 | 4.93253 | 13
4352362649174918619 | 85 | 4.93253 | 13
8704725298349837239 | 86 | 4.93253 | 13
-1037293477009877137 | 87 | 4.93253 | 13
-2074586954019754273 | 88 | 4.93253 | 13
-4149173908039508545 | 89 | 4.93253 | 13
-8298347816079017089 | 90 | 4.93253 | 13
1850048441551517439 | 91 | 4.93253 | 13
3700096883103034879 | 92 | 4.93253 | 13
7400193766206069759 | 93 | 4.93253 | 13
-3646356541297412098 | 94 | 4.93253 | 13
-7292713082594824195 | 95 | 4.93253 | 13
3861317908519903227 | 96 | 4.93253 | 13
7722635817039806454 | 97 | 4.93253 | 13
-3001472439629938708 | 98 | 0 | 9
-3001472439629938707 | 98 | 27.1565 | 4
1088090662293729655 | 83 | 4.63978e-310 | 8
52668141876631 | 48 | 7.40465 | 11
105336283753263 | 49 | 7.40465 | 11
210672567506527 | 50 | 7.40465 | 11
421345135013054 | 51 | 7.40465 | 11
842690270026109 | 52 | 7.40465 | 11
1685380540052219 | 53 | 7.40465 | 11
3370761080104438 | 54 | 7.40465 | 11
6741522160208877 | 55 | 7.40465 | 11
13483044320417754 | 56 | 4.63978e-310 | 5
13483044320417755 | 56 | 4.63978e-310 | 6
6583517734579 | 45 | 15.766 | 181
13167035469159 | 46 | 15.766 | 181
26334070938319 | 47 | 15.766 | 181
52668141876638 | 48 | 15.766 | 181
105336283753276 | 49 | 6.90513e-310 | 3
105336283753277 | 49 | 10.2682 | 178
210672567506555 | 50 | 10.2682 | 178
421345135013111 | 51 | 10.2682 | 178
842690270026222 | 52 | 10.2682 | 178
1685380540052444 | 53 | 10.2682 | 178
3370761080104889 | 54 | 10.2682 | 178
6741522160209779 | 55 | 10.2682 | 178
13483044320419558 | 56 | 10.2682 | 178
26966088640839116 | 57 | 10.2682 | 178
53932177281678232 | 58 | 10.2682 | 178
107864354563356465 | 59 | 10.2682 | 178
215728709126712930 | 60 | 10.2682 | 178
431457418253425860 | 61 | 10.2682 | 178
862914836506851720 | 62 | 5.29568 | 76
1725829673013703440 | 63 | 5.29568 | 76
3451659346027406881 | 64 | 5.29568 | 76
6903318692054813762 | 65 | 5.29568 | 76
-4640106689599924091 | 66 | 5.29568 | 76
9166530694509703435 | 67 | 5.29568 | 76
-113682684690144745 | 68 | 5.29568 | 76
-227365369380289490 | 69 | 5.29568 | 76
-454730738760578980 | 70 | 2.88743 | 27
-909461477521157959 | 71 | 2.88743 | 27
-1818922955042315917 | 72 | 2.88743 | 27
-3637845910084631834 | 73 | 2.13982 | 17
-7275691820169263668 | 74 | 2.13982 | 17
3895360433371024281 | 75 | 2.13982 | 17
7790720866742048563 | 76 | 2.13982 | 17
-2865302340225454490 | 77 | 2.13982 | 17
-5730604680450908980 | 78 | 2.13982 | 17
6985534712807733656 | 79 | 2.13982 | 17
-4475674648094084303 | 80 | 2.13982 | 17
-8951349296188168606 | 81 | 2.13982 | 17
544045481333214405 | 82 | 2.13982 | 17
1088090962666428811 | 83 | 2.13982 | 17
2176181925332857622 | 84 | 3.01146 | 9
2176181925332857623 | 84 | 0.706179 | 8
-3637845910084631833 | 73 | 4.63978e-310 | 10
-454730738760578979 | 70 | 3.3052 | 49
-909461477521157958 | 71 | 3.06402 | 41
-1818922955042315915 | 72 | 3.06402 | 41
-3637845910084631830 | 73 | 1.95056 | 19
-7275691820169263659 | 74 | 1.95056 | 19
3895360433371024298 | 75 | 1.95056 | 19
7790720866742048596 | 76 | 1.95056 | 19
-2865302340225454424 | 77 | 1.95056 | 19
-5730604680450908848 | 78 | 1.95056 | 19
6985534712807733921 | 79 | 1.95056 | 19
-4475674648094083774 | 80 | 1.95056 | 19
-8951349296188167548 | 81 | 1.95056 | 19
544045481333216520 | 82 | 1.95056 | 19
1088090962666433040 | 83 | 1.95056 | 19
2176181925332866081 | 84 | 1.95056 | 19
4352363850665732163 | 85 | 1.95056 | 19
8704727701331464326 | 86 | 1.95056 | 19
-1037288671046622963 | 87 | 1.95056 | 19
-2074577342093245926 | 88 | 2.29646 | 6
-2074577342093245925 | 88 | 1.60567 | 13
-4149154684186491850 | 89 | 1.60567 | 13
-8298309368372983699 | 90 | 1.60567 | 13
1850125336963584219 | 91 | 1.60567 | 13
3700250673927168439 | 92 | 1.60567 | 13
7400501347854336879 | 93 | 1.60567 | 13
-3645741378000877857 | 94 | 1.60567 | 13
-7291482756001755713 | 95 | 1.60567 | 13
3863778561706040190 | 96 | 1.60567 | 13
7727557123412080380 | 97 | 1.01673 | 10
7727557123412080381 | 97 | 0.524847 | 3
-3637845910084631829 | 73 | 1.7652 | 22
-7275691820169263658 | 74 | 1.7652 | 22
3895360433371024301 | 75 | 1.7652 | 22
7790720866742048602 | 76 | 1.7652 | 22
-2865302340225454412 | 77 | 4.63978e-310 | 2
-2865302340225454411 | 77 | 1.75451 | 20
-5730604680450908822 | 78 | 1.75451 | 20
6985534712807733973 | 79 | 1.75451 | 20
-4475674648094083670 | 80 | 1.75451 | 20
-8951349296188167340 | 81 | 1.75451 | 20
544045481333216936 | 82 | 1.75451 | 20
1088090962666433872 | 83 | 1.5818 | 15
2176181925332867745 | 84 | 1.5818 | 15
4352363850665735490 | 85 | 4.63978e-310 | 9
4352363850665735491 | 85 | 2.99444 | 6
1088090962666433873 | 83 | 4.63978e-310 | 5
-909461477521157957 | 71 | 4.63978e-310 | 8
862914836506851721 | 62 | 7.68646 | 102
1725829673013703442 | 63 | 7.68646 | 102
3451659346027406885 | 64 | 7.68646 | 102
6903318692054813770 | 65 | 1.11165e-321 | 2
6903318692054813771 | 65 | 6.93236 | 100
-4640106689599924074 | 66 | 6.93236 | 100
9166530694509703469 | 67 | 6.93236 | 100
-113682684690144678 | 68 | 6.90513e-310 | 1
-113682684690144677 | 68 | 6.93236 | 99
-227365369380289353 | 69 | 6.93236 | 99
-454730738760578706 | 70 | 6.93236 | 99
-909461477521157412 | 71 | 6.93236 | 99
-1818922955042314824 | 72 | 6.35025 | 37
-3637845910084629648 | 73 | 3.65803 | 29
-7275691820169259296 | 74 | 3.65803 | 29
3895360433371033024 | 75 | 3.65803 | 29
7790720866742066048 | 76 | 3.65803 | 29
-2865302340225419520 | 77 | 3.65803 | 29
-5730604680450839040 | 78 | 3.65803 | 29
6985534712807873536 | 79 | 3.65803 | 29
-4475674648093804544 | 80 | 3.65803 | 29
-8951349296187609087 | 81 | 3.65803 | 29
544045481334333442 | 82 | 3.65803 | 29
1088090962668666884 | 83 | 3.65803 | 29
2176181925337333769 | 84 | 3.65803 | 29
4352363850674667539 | 85 | 3.65803 | 29
8704727701349335078 | 86 | 2.97477 | 26
-1037288671010881459 | 87 | 2.97477 | 26
-2074577342021762917 | 88 | 2.97477 | 26
-4149154684043525833 | 89 | 2.97477 | 26
-8298309368087051665 | 90 | 2.97477 | 26
1850125337535448286 | 91 | 2.97477 | 26
3700250675070896572 | 92 | 2.97477 | 26
7400501350141793144 | 93 | 2.97477 | 26
-3645741373425965327 | 94 | 2.97477 | 26
-7291482746851930654 | 95 | 2.97477 | 26
3863778580005690309 | 96 | 2.97477 | 26
7727557160011380619 | 97 | 2.97477 | 26
-2991629753686790378 | 98 | 2.97477 | 26
-5983259507373580755 | 99 | 2.97477 | 26
6480225058962390107 | 100 | 2.97477 | 26
-5486293955784771402 | 101 | 2.97477 | 26
7474156162140008813 | 102 | 2.97477 | 26
-3498431749429533990 | 103 | 2.68554 | 20
-6996863498859067979 | 104 | 2.68554 | 20
4453017075991415659 | 105 | 2.68554 | 20
8906034151982831319 | 106 | 2.68554 | 20
-634675769743888977 | 107 | 2.68554 | 20
-1269351539487777954 | 108 | 2.68554 | 20
-2538703078975555907 | 109 | 2.68554 | 20
-5077406157951111813 | 110 | 2.68554 | 20
8291931757807327990 | 111 | 2.68554 | 20
-1862880558094895636 | 112 | 2.68554 | 20
-3725761116189791272 | 113 | 2.68554 | 20
-7451522232379582544 | 114 | 2.68554 | 20
3543699608950386528 | 115 | 2.68554 | 20
7087399217900773057 | 116 | 2.68554 | 20
-4271945637908005501 | 117 | 2.68554 | 20
-8543891275816011002 | 118 | 2.68554 | 20
1358961522077529613 | 119 | 2.68554 | 20
2717923044155059226 | 120 | 2.68554 | 20
5435846088310118452 | 121 | 2.68554 | 20
-7575051897089314712 | 122 | 2.68554 | 20
3296640279530922193 | 123 | 2.68554 | 20
6593280559061844386 | 124 | 2.68554 | 20
-5260182955585862843 | 125 | 2.68554 | 20
7926378162537825931 | 126 | 2.68554 | 20
-2593987748633899754 | 127 | 2.68554 | 20
-5187975497267799507 | 128 | 2.68554 | 20
8070793079173952603 | 129 | 2.68554 | 20
-2305157915361646410 | 130 | 2.68554 | 20
-4610315830723292819 | 131 | 2.68554 | 20
-9220631661446585638 | 132 | 2.68554 | 20
5480750816380341 | 133 | 2.68554 | 20
10961501632760682 | 134 | 2.68554 | 20
21923003265521364 | 135 | 2.68554 | 20
43846006531042729 | 136 | 2.68554 | 20
87692013062085458 | 137 | 2.68554 | 20
175384026124170917 | 138 | 2.68554 | 20
350768052248341835 | 139 | 2.68554 | 20
701536104496683671 | 140 | 2.68554 | 20
1403072208993367343 | 141 | 2.68554 | 20
2806144417986734687 | 142 | 2.68554 | 20
5612288835973469374 | 143 | 2.68554 | 20
-7222166401762612867 | 144 | 2.68554 | 20
4002411270184325882 | 145 | 2.68554 | 20
8004822540368651764 | 146 | 1.74405e-321 | 8
8004822540368651765 | 146 | 1.37014 | 12
-2437098992972248085 | 147 | 1.37014 | 12
-4874197985944496169 | 148 | 1.37014 | 12
8698348101820559279 | 149 | 1.37014 | 12
-1050047870068433057 | 150 | 1.37014 | 12
-2100095740136866114 | 151 | 1.37014 | 12
-4200191480273732227 | 152 | 1.37014 | 12
-8400382960547464453 | 153 | 1.37014 | 12
1645978152614622711 | 154 | 1.37014 | 12
3291956305229245422 | 155 | 1.37014 | 12
6583912610458490845 | 156 | 1.37014 | 12
-5278918852792569925 | 157 | 1.37014 | 12
7888906368124411766 | 158 | 18.2267 | 1
7888906368124411767 | 158 | 1.14456 | 11
-2668931337460728081 | 159 | 1.14456 | 11
-5337862674921456161 | 160 | 1.14456 | 11
7771018723866639295 | 161 | 1.14456 | 11
-2904706625976273026 | 162 | 14.7488 | 5
-2904706625976273025 | 162 | 17.7229 | 6
-3498431749429533989 | 103 | 4.63978e-310 | 6
8704727701349335079 | 86 | 4.63978e-310 | 3
-3637845910084629647 | 73 | 4.63978e-310 | 8
-1818922955042314823 | 72 | 6.39315 | 62
-3637845910084629646 | 73 | 6.39315 | 62
-7275691820169259292 | 74 | 4.74898 | 61
3895360433371033033 | 75 | 4.74898 | 61
7790720866742066066 | 76 | 4.74898 | 61
-2865302340225419484 | 77 | 4.74898 | 61
-5730604680450838967 | 78 | 4.74898 | 61
6985534712807873682 | 79 | 4.74898 | 61
-4475674648093804251 | 80 | 4.74898 | 61
-8951349296187608501 | 81 | 4.74898 | 61
544045481334334615 | 82 | 4.74898 | 61
1088090962668669230 | 83 | 7.28832 | 2
1088090962668669231 | 83 | 4.37615 | 59
2176181925337338462 | 84 | 4.37615 | 59
4352363850674676925 | 85 | 4.37615 | 59
8704727701349353851 | 86 | 4.37615 | 59
-1037288671010843913 | 87 | 4.37615 | 59
-2074577342021687825 | 88 | 4.37615 | 59
-4149154684043375650 | 89 | 3.10848 | 33
-8298309368086751300 | 90 | 3.10848 | 33
1850125337536049016 | 91 | 2.82786 | 28
3700250675072098033 | 92 | 2.82786 | 28
7400501350144196066 | 93 | 2.82786 | 28
-3645741373421159484 | 94 | 2.82786 | 28
-7291482746842318968 | 95 | 0.305925 | 4
-7291482746842318967 | 95 | 2.82786 | 24
3863778580024913682 | 96 | 2.82786 | 24
7727557160049827364 | 97 | 2.82786 | 24
-2991629753609896888 | 98 | 2.82786 | 24
-5983259507219793775 | 99 | 2.82786 | 24
6480225059269964067 | 100 | 2.82786 | 24
-5486293955169623481 | 101 | 2.82786 | 24
7474156163370304654 | 102 | 2.82786 | 24
-3498431746968942308 | 103 | 2.82786 | 24
-6996863493937884616 | 104 | 2.82786 | 24
4453017085833782385 | 105 | 2.82786 | 24
8906034171667564770 | 106 | 2.82786 | 24
-634675730374422076 | 107 | 2.82786 | 24
-1269351460748844151 | 108 | 2.82786 | 24
-2538702921497688302 | 109 | 2.82786 | 24
-5077405842995376604 | 110 | 2.82786 | 24
8291932387718798409 | 111 | 2.82786 | 24
-1862879298271954797 | 112 | 2.82786 | 24
-3725758596543909594 | 113 | 2.82786 | 24
-7451517193087819188 | 114 | 2.82786 | 24
3543709687533913241 | 115 | 2.82786 | 24
7087419375067826482 | 116 | 2.82786 | 24
-4271905323573898651 | 117 | 2.82786 | 24
-8543810647147797302 | 118 | 3.87453 | 2
-8543810647147797301 | 118 | 2.61382 | 22
1359122779413957015 | 119 | 2.61382 | 22
2718245558827914030 | 120 | 2.61382 | 22
5436491117655828060 | 121 | 2.61382 | 22
-7573761838397895496 | 122 | 2.61382 | 22
3299220396913760624 | 123 | 2.61382 | 22
6598440793827521248 | 124 | 2.61382 | 22
-5249862486054509119 | 125 | 2.61382 | 22
7947019101600533379 | 126 | 2.61382 | 22
-2552705870508484858 | 127 | 2.29971 | 16
-5105411741016969715 | 128 | 2.29971 | 16
8235920591675612187 | 129 | 2.29971 | 16
-1974902890358327242 | 130 | 2.29971 | 16
-3949805780716654483 | 131 | 2.29971 | 16
-7899611561433308965 | 132 | 2.29971 | 16
2647520950842933687 | 133 | 2.29971 | 16
5295041901685867375 | 134 | 2.29971 | 16
-7856660270337816865 | 135 | 2.29971 | 16
2733423533033917887 | 136 | 2.29971 | 16
5466847066067835774 | 137 | 2.29971 | 16
-7513049941573880068 | 138 | 2.29971 | 16
3420644190561791480 | 139 | 9.53547e-322 | 9
3420644190561791481 | 139 | 0.246841 | 7
-2552705870508484857 | 127 | 4.63978e-310 | 6
1850125337536049017 | 91 | 4.63978e-310 | 5
-4149154684043375649 | 89 | 3.15992 | 26
-8298309368086751298 | 90 | 3.15992 | 26
1850125337536049020 | 91 | 3.13196 | 25
3700250675072098040 | 92 | 3.13196 | 25
7400501350144196080 | 93 | 3.13196 | 25
-3645741373421159456 | 94 | 4.63978e-310 | 3
-3645741373421159455 | 94 | 2.64825 | 22
-7291482746842318910 | 95 | 2.64825 | 22
3863778580024913796 | 96 | 2.64825 | 22
7727557160049827593 | 97 | 2.64825 | 22
-2991629753609896430 | 98 | 2.64825 | 22
-5983259507219792859 | 99 | 2.64825 | 22
6480225059269965898 | 100 | 4.63978e-310 | 10
6480225059269965899 | 100 | 2.36536 | 12
-5486293955169619818 | 101 | 4.63978e-310 | 6
-5486293955169619817 | 101 | 4.63978e-310 | 6
1850125337536049021 | 91 | 4.63978e-310 | 1
-7275691820169259291 | 74 | 4.63978e-310 | 1
1645879433645 | 43 | 14.8141 | 476
3291758867291 | 44 | 14.8141 | 476
6583517734583 | 45 | 14.8141 | 476
13167035469166 | 46 | 8.34781 | 93
26334070938333 | 47 | 8.34781 | 93
52668141876666 | 48 | 8.34781 | 28
105336283753332 | 49 | 8.34781 | 28
210672567506664 | 50 | 2.13412 | 15
421345135013328 | 51 | 2.13412 | 15
842690270026656 | 52 | 2.13412 | 15
1685380540053313 | 53 | 2.13412 | 15
3370761080106627 | 54 | 2.13412 | 15
6741522160213255 | 55 | 2.13412 | 15
13483044320426510 | 56 | 4.63978e-310 | 4
13483044320426511 | 56 | 1.36302 | 11
26966088640853023 | 57 | 1.36302 | 11
53932177281706047 | 58 | 1.36302 | 11
107864354563412094 | 59 | 1.36302 | 11
215728709126824188 | 60 | 1.36302 | 11
431457418253648377 | 61 | 1.36302 | 11
862914836507296755 | 62 | 1.36302 | 11
1725829673014593510 | 63 | 1.36302 | 11
3451659346029187020 | 64 | 1.36302 | 11
6903318692058374041 | 65 | 1.36302 | 11
-4640106689592803534 | 66 | 1.36302 | 11
9166530694523944549 | 67 | 1.36302 | 11
-113682684661662517 | 68 | 1.36302 | 11
-227365369323325034 | 69 | 1.36302 | 11
-454730738646650068 | 70 | 4.79244e-322 | 1
-454730738646650067 | 70 | 6.90513e-310 | 10
210672567506665 | 50 | 3.57967 | 13
421345135013330 | 51 | 3.57967 | 13
842690270026660 | 52 | 3.57967 | 13
1685380540053320 | 53 | 3.57967 | 13
3370761080106641 | 54 | 3.57967 | 13
6741522160213283 | 55 | 3.57967 | 13
13483044320426567 | 56 | 3.57967 | 13
26966088640853134 | 57 | 3.57967 | 13
53932177281706269 | 58 | 3.57967 | 13
107864354563412538 | 59 | 1.76759 | 11
215728709126825076 | 60 | 1.76759 | 11
431457418253650152 | 61 | 1.76759 | 11
862914836507300305 | 62 | 1.76759 | 11
1725829673014600610 | 63 | 1.76759 | 11
3451659346029201221 | 64 | 1.76759 | 11
6903318692058402443 | 65 | 1.76759 | 11
-4640106689592746730 | 66 | 1.76759 | 11
9166530694524058156 | 67 | 10.8307 | 4
9166530694524058157 | 67 | 4.79244e-322 | 7
107864354563412539 | 59 | 4.63978e-310 | 2
52668141876667 | 48 | 7.3847 | 65
105336283753335 | 49 | 7.3847 | 65
210672567506670 | 50 | 7.3847 | 65
421345135013341 | 51 | 7.3847 | 65
842690270026683 | 52 | 7.3847 | 65
1685380540053366 | 53 | 7.3847 | 65
3370761080106732 | 54 | 7.3847 | 65
6741522160213465 | 55 | 7.3847 | 65
13483044320426930 | 56 | 5.89535 | 54
26966088640853860 | 57 | 5.89535 | 54
53932177281707720 | 58 | 5.89535 | 54
107864354563415440 | 59 | 5.89535 | 54
215728709126830881 | 60 | 5.89535 | 54
431457418253661762 | 61 | 5.56946 | 30
862914836507323525 | 62 | 5.56946 | 30
1725829673014647050 | 63 | 5.56946 | 30
3451659346029294101 | 64 | 5.56946 | 30
6903318692058588203 | 65 | 5.56946 | 30
-4640106689592375209 | 66 | 5.56946 | 30
9166530694524801198 | 67 | 5.56946 | 30
-113682684659949219 | 68 | 5.56946 | 30
-227365369319898437 | 69 | 5.56946 | 30
-454730738639796874 | 70 | 5.56946 | 30
-909461477279593748 | 71 | 5.56946 | 30
-1818922954559187496 | 72 | 5.56946 | 30
-3637845909118374991 | 73 | 5.56946 | 30
-7275691818236749981 | 74 | 5.56946 | 30
3895360437236051654 | 75 | 5.56946 | 30
7790720874472103309 | 76 | 5.56946 | 30
-2865302324765344998 | 77 | 7.97659 | 4
-2865302324765344997 | 77 | 4.93955 | 26
-5730604649530689993 | 78 | 4.93955 | 26
6985534774648171630 | 79 | 4.93955 | 26
-4475674524413208356 | 80 | 4.93955 | 26
-8951349048826416711 | 81 | 4.93955 | 26
544045976056718195 | 82 | 4.93955 | 26
1088091952113436391 | 83 | 4.93955 | 26
2176183904226872783 | 84 | 4.93955 | 26
4352367808453745566 | 85 | 4.93955 | 26
8704735616907491133 | 86 | 4.93955 | 26
-1037272839894569350 | 87 | 4.93955 | 26
-2074545679789138700 | 88 | 4.93955 | 26
-4149091359578277399 | 89 | 4.93955 | 26
-8298182719156554797 | 90 | 4.93955 | 26
1850378635396442022 | 91 | 4.93955 | 26
3700757270792884044 | 92 | 4.93955 | 26
7401514541585768088 | 93 | 4.93955 | 23
-3643714990538015440 | 94 | 4.93955 | 23
-7287429981076030879 | 95 | 4.93955 | 23
3871884111557489858 | 96 | 4.93955 | 23
7743768223114979717 | 97 | 4.93955 | 23
-2959207627479592182 | 98 | 4.44259 | 19
-5918415254959184364 | 99 | 4.44259 | 19
6609913563791182888 | 100 | 4.44259 | 19
-5226916946127185839 | 101 | 4.44259 | 19
7992910181455179939 | 102 | 4.44259 | 19
-2460923710799191738 | 103 | 4.44259 | 19
-4921847421598383476 | 104 | 4.44259 | 19
8603049230512784664 | 105 | 4.24642 | 12
-1240645612683982287 | 106 | 4.24642 | 12
-2481291225367964573 | 107 | 4.24642 | 12
-4962582450735929146 | 108 | 4.24642 | 12
8521579172237693324 | 109 | 4.24642 | 12
-1403585729234164967 | 110 | 4.24642 | 12
-2807171458468329934 | 111 | 4.24642 | 12
-5614342916936659868 | 112 | 4.24642 | 12
7218058239836231880 | 113 | 47.0422 | 3
7218058239836231881 | 113 | 4.63978e-310 | 9
8603049230512784665 | 105 | 4.63978e-310 | 7
-2959207627479592181 | 98 | 4.63978e-310 | 4
7401514541585768089 | 93 | 4.63978e-310 | 3
431457418253661763 | 61 | 5.89535 | 24
862914836507323526 | 62 | 5.89535 | 24
1725829673014647052 | 63 | 5.89535 | 24
3451659346029294105 | 64 | 5.89535 | 24
6903318692058588210 | 65 | 5.89535 | 24
-4640106689592375196 | 66 | 5.89535 | 24
9166530694524801225 | 67 | 5.89535 | 24
-113682684659949165 | 68 | 5.89535 | 24
-227365369319898329 | 69 | 5.89535 | 24
-454730738639796657 | 70 | 5.89535 | 24
-909461477279593314 | 71 | 5.89535 | 24
-1818922954559186628 | 72 | 5.89535 | 24
-3637845909118373255 | 73 | 5.89535 | 24
-7275691818236746510 | 74 | 5.89535 | 24
3895360437236058597 | 75 | 5.89535 | 24
7790720874472117194 | 76 | 5.89535 | 24
-2865302324765317228 | 77 | 4.63978e-310 | 6
-2865302324765317227 | 77 | 4.90923 | 18
-5730604649530634454 | 78 | 4.90923 | 18
6985534774648282709 | 79 | 4.90923 | 18
-4475674524412986198 | 80 | 4.90923 | 18
-8951349048825972395 | 81 | 4.90923 | 18
544045976057606826 | 82 | 4.90923 | 18
1088091952115213652 | 83 | 4.63978e-310 | 4
1088091952115213653 | 83 | 3.30199 | 14
2176183904230427306 | 84 | 3.30199 | 14
4352367808460854613 | 85 | 3.30199 | 14
8704735616921709226 | 86 | 3.11301 | 12
-1037272839866133164 | 87 | 3.11301 | 12
-2074545679732266328 | 88 | 3.11301 | 12
-4149091359464532656 | 89 | 3.11301 | 12
-8298182718929065311 | 90 | 3.11301 | 12
1850378635851420995 | 91 | 3.11301 | 12
3700757271702841991 | 92 | 3.11301 | 12
7401514543405683982 | 93 | 3.11301 | 12
-3643714986898183651 | 94 | 3.11301 | 12
-7287429973796367302 | 95 | 0 | 1
-7287429973796367301 | 95 | 2.51054 | 11
3871884126116817014 | 96 | 2.51054 | 11
7743768252233634029 | 97 | 2.51054 | 11
-2959207569242283558 | 98 | 0.332107 | 6
-2959207569242283557 | 98 | 0.403146 | 5
8704735616921709227 | 86 | 4.63978e-310 | 2
13483044320426931 | 56 | 1.6847 | 11
26966088640853862 | 57 | 1.6847 | 11
53932177281707725 | 58 | 1.6847 | 11
107864354563415450 | 59 | 1.6847 | 11
215728709126830900 | 60 | 1.6847 | 11
431457418253661800 | 61 | 1.6847 | 11
862914836507323600 | 62 | 1.6847 | 11
1725829673014647200 | 63 | 4.63978e-310 | 2
1725829673014647201 | 63 | 4.63978e-310 | 9
13167035469167 | 46 | 13.1149 | 383
26334070938334 | 47 | 13.1149 | 383
52668141876669 | 48 | 13.1149 | 383
105336283753338 | 49 | 13.1149 | 383
210672567506676 | 50 | 12.2954 | 354
421345135013352 | 51 | 11.1849 | 207
842690270026705 | 52 | 11.1849 | 207
1685380540053410 | 53 | 11.1849 | 207
3370761080106821 | 54 | 11.1849 | 207
6741522160213642 | 55 | 11.1849 | 207
13483044320427284 | 56 | 11.1849 | 207
26966088640854569 | 57 | 11.1849 | 207
53932177281709139 | 58 | 11.1849 | 207
107864354563418279 | 59 | 11.1849 | 207
215728709126836558 | 60 | 11.1849 | 207
431457418253673117 | 61 | 11.1849 | 207
862914836507346234 | 62 | 10.9343 | 201
1725829673014692469 | 63 | 10.9343 | 201
3451659346029384939 | 64 | 10.9343 | 201
6903318692058769878 | 65 | 9.24481 | 99
-4640106689592011860 | 66 | 9.24481 | 99
9166530694525527897 | 67 | 9.24481 | 99
-113682684658495821 | 68 | 9.24481 | 99
-227365369316991642 | 69 | 9.24481 | 99
-454730738633983284 | 70 | 9.24481 | 99
-909461477267966567 | 71 | 9.24481 | 99
-1818922954535933133 | 72 | 9.24481 | 99
-3637845909071866266 | 73 | 4.86215 | 68
-7275691818143732531 | 74 | 4.86215 | 68
3895360437422086554 | 75 | 4.86215 | 68
7790720874844173108 | 76 | 2.67197 | 17
-2865302324021205400 | 77 | 0 | 8
-2865302324021205399 | 77 | 0.449392 | 9
7790720874844173109 | 76 | 4.07421 | 51
-2865302324021205397 | 77 | 4.07421 | 51
-5730604648042410794 | 78 | 4.07421 | 51
6985534777624730029 | 79 | 4.07421 | 51
-4475674518460091558 | 80 | 4.07421 | 51
-8951349036920183115 | 81 | 4.07421 | 51
544045999869185386 | 82 | 4.07421 | 51
1088091999738370772 | 83 | 4.07421 | 51
2176183999476741544 | 84 | 4.07421 | 51
4352367998953483088 | 85 | 4.07421 | 51
8704735997906966176 | 86 | 3.66373 | 24
-1037272077895619264 | 87 | 3.66373 | 24
-2074544155791238528 | 88 | 3.66373 | 24
-4149088311582477056 | 89 | 3.66373 | 24
-8298176623164954112 | 90 | 3.66373 | 24
1850390827379643392 | 91 | 3.66373 | 24
3700781654759286785 | 92 | 3.66373 | 24
7401563309518573571 | 93 | 3.66373 | 24
-3643617454672404473 | 94 | 3.66373 | 24
-7287234909344808946 | 95 | 3.66373 | 24
3872274255019933724 | 96 | 3.66373 | 24
7744548510039867448 | 97 | 5.0007 | 4
7744548510039867449 | 97 | 2.59132 | 20
-2957647053629816717 | 98 | 2.59132 | 20
-5915294107259633434 | 99 | 2.59132 | 20
6616155859190284749 | 100 | 2.59132 | 20
-5214432355328982118 | 101 | 2.59132 | 20
8017879363051587380 | 102 | 2.59132 | 20
-2410985347606376856 | 103 | 2.59132 | 20
-4821970695212753712 | 104 | 2.59132 | 20
8802802683284044192 | 105 | 2.40773 | 18
-841138707141463231 | 106 | 2.40773 | 18
-1682277414282926461 | 107 | 2.40773 | 18
-3364554828565852922 | 108 | 2.40773 | 18
-6729109657131705843 | 109 | 2.40773 | 18
4988524759446139931 | 110 | 2.40773 | 18
-8469694554817271754 | 111 | 2.40773 | 18
1507354964075008108 | 112 | 2.40773 | 18
3014709928150016217 | 113 | 2.40773 | 18
6029419856300032434 | 114 | 2.40773 | 18
-6387904361109486747 | 115 | 2.40773 | 18
5670935351490578122 | 116 | 2.40773 | 18
-7104873370728395371 | 117 | 2.40773 | 18
4236997332252760875 | 118 | 2.40773 | 18
8473994664505521750 | 119 | 2.40773 | 18
-1498754744698508115 | 120 | 2.40773 | 18
-2997509489397016230 | 121 | 2.40773 | 18
-5995018978794032460 | 122 | 2.40773 | 18
6456706116121486696 | 123 | 0.199172 | 6
6456706116121486697 | 123 | 1.11649 | 12
-5533331841466578222 | 124 | 1.11649 | 12
7380080390776395172 | 125 | 1.11649 | 12
-3686583292156761272 | 126 | 39.5087 | 1
-3686583292156761271 | 126 | 1.11498 | 11
-7373166584313522542 | 127 | 1.11498 | 11
3700410905082506533 | 128 | 1.11498 | 11
7400821810165013066 | 129 | 1.11498 | 11
-3645100453379525484 | 130 | 1.11498 | 11
-7290200906759050968 | 131 | 40.1862 | 10
-7290200906759050967 | 131 | 42.9939 | 1
8802802683284044193 | 105 | 4.63978e-310 | 2
8704735997906966177 | 86 | 3.50179 | 27
-1037272077895619261 | 87 | 3.50179 | 27
-2074544155791238522 | 88 | 3.50179 | 27
-4149088311582477044 | 89 | 3.50179 | 26
-8298176623164954088 | 90 | 3.50179 | 26
1850390827379643441 | 91 | 3.50179 | 26
3700781654759286883 | 92 | 3.50179 | 26
7401563309518573766 | 93 | 3.50179 | 26
-3643617454672404083 | 94 | 3.50179 | 26
-7287234909344808165 | 95 | 3.50179 | 26
3872274255019935287 | 96 | 3.50179 | 26
7744548510039870575 | 97 | 3.50179 | 26
-2957647053629810466 | 98 | 3.50179 | 26
-5915294107259620932 | 99 | 4.63978e-310 | 10
-5915294107259620931 | 99 | 1.79495 | 16
6616155859190309754 | 100 | 1.79495 | 16
-5214432355328932107 | 101 | 1.79495 | 16
8017879363051687403 | 102 | 1.79495 | 16
-2410985347606176809 | 103 | 1.79495 | 16
-4821970695212353617 | 104 | 1.79495 | 16
8802802683284844382 | 105 | 1.79495 | 16
-841138707139862851 | 106 | 1.79495 | 16
-1682277414279725701 | 107 | 1.79495 | 16
-3364554828559451402 | 108 | 1.50424 | 11
-6729109657118902804 | 109 | 1.50424 | 11
4988524759471746009 | 110 | 1.50424 | 11
-8469694554766059597 | 111 | 1.50424 | 11
1507354964177432422 | 112 | 1.50424 | 11
3014709928354864844 | 113 | 1.50424 | 11
6029419856709729688 | 114 | 0.171986 | 7
6029419856709729689 | 114 | 0.378263 | 4
-3364554828559451401 | 108 | 4.63978e-310 | 5
-4149088311582477043 | 89 | 4.63978e-310 | 1
-3637845909071866265 | 73 | 4.52681 | 31
-7275691818143732530 | 74 | 4.52681 | 31
3895360437422086556 | 75 | 4.52681 | 31
7790720874844173113 | 76 | 4.52681 | 31
-2865302324021205390 | 77 | 4.52681 | 31
-5730604648042410780 | 78 | 4.63978e-310 | 7
-5730604648042410779 | 78 | 3.48381 | 24
6985534777624730058 | 79 | 3.48381 | 24
-4475674518460091500 | 80 | 3.48381 | 24
-8951349036920183000 | 81 | 3.48381 | 24
544045999869185616 | 82 | 3.48381 | 24
1088091999738371232 | 83 | 4.63978e-310 | 6
1088091999738371233 | 83 | 3.48381 | 18
2176183999476742466 | 84 | 3.48381 | 18
4352367998953484933 | 85 | 3.48381 | 18
8704735997906969866 | 86 | 3.48381 | 18
-1037272077895611883 | 87 | 3.48381 | 18
-2074544155791223765 | 88 | 3.48381 | 18
-4149088311582447529 | 89 | 3.48381 | 18
-8298176623164895058 | 90 | 3.48381 | 18
1850390827379761501 | 91 | 3.48381 | 18
3700781654759523003 | 92 | 3.48381 | 18
7401563309519046007 | 93 | 3.48381 | 18
-3643617454671459602 | 94 | 4.63978e-310 | 3
-3643617454671459601 | 94 | 2.68658 | 15
-7287234909342919201 | 95 | 2.68658 | 15
3872274255023713215 | 96 | 2.68658 | 15
7744548510047426430 | 97 | 2.68658 | 15
-2957647053614698756 | 98 | 2.68658 | 15
-5915294107229397512 | 99 | 2.68658 | 15
6616155859250756592 | 100 | 2.68658 | 15
-5214432355208038431 | 101 | 2.68658 | 15
8017879363293474754 | 102 | 2.68658 | 15
-2410985347122602108 | 103 | 1.40099 | 3
-2410985347122602107 | 103 | 2.21017 | 12
-4821970694245204214 | 104 | 2.21017 | 12
8802802685219143189 | 105 | 2.21017 | 12
-841138703271265237 | 106 | 2.21017 | 12
-1682277406542530474 | 107 | 2.21017 | 12
-3364554813085060947 | 108 | 2.21017 | 12
-6729109626170121894 | 109 | 2.21017 | 12
4988524821369307828 | 110 | 0.725079 | 10
4988524821369307829 | 110 | 2.32083 | 2
6903318692058769879 | 65 | 9.47873 | 102
-4640106689592011858 | 66 | 9.47873 | 102
9166530694525527901 | 67 | 9.47873 | 102
-113682684658495813 | 68 | 9.47873 | 102
-227365369316991625 | 69 | 9.47873 | 102
-454730738633983249 | 70 | 9.47873 | 102
-909461477267966498 | 71 | 3.21143e-322 | 3
-909461477267966497 | 71 | 9.16484 | 99
-1818922954535932994 | 72 | 9.16484 | 99
-3637845909071865987 | 73 | 9.16484 | 99
-7275691818143731974 | 74 | 9.16484 | 97
3895360437422087669 | 75 | 9.16484 | 97
7790720874844175339 | 76 | 9.16484 | 97
-2865302324021200938 | 77 | 9.16484 | 97
-5730604648042401875 | 78 | 9.16484 | 97
6985534777624747867 | 79 | 9.16484 | 97
-4475674518460055881 | 80 | 9.16484 | 97
-8951349036920111762 | 81 | 9.16484 | 97
544045999869328093 | 82 | 9.16484 | 97
1088091999738656186 | 83 | 9.16484 | 97
2176183999477312372 | 84 | 6.66536 | 18
4352367998954624745 | 85 | 6.66536 | 18
8704735997909249491 | 86 | 6.66536 | 18
-1037272077891052634 | 87 | 6.66536 | 18
-2074544155782105268 | 88 | 6.66536 | 18
-4149088311564210536 | 89 | 6.66536 | 18
-8298176623128421071 | 90 | 6.66536 | 18
1850390827452709475 | 91 | 6.66536 | 18
3700781654905418950 | 92 | 6.66536 | 18
7401563309810837901 | 93 | 6.66536 | 18
-3643617454087875813 | 94 | 6.66536 | 18
-7287234908175751626 | 95 | 6.66536 | 18
3872274257358048364 | 96 | 6.66536 | 18
7744548514716096729 | 97 | 6.66536 | 18
-2957647044277358158 | 98 | 6.66536 | 18
-5915294088554716316 | 99 | 6.66536 | 18
6616155896600118985 | 100 | 6.66536 | 18
-5214432280509313646 | 101 | 6.66536 | 18
8017879512690924325 | 102 | 6.66536 | 18
-2410985048327702966 | 103 | 6.66536 | 18
-4821970096655405931 | 104 | 6.66536 | 18
8802803880398739754 | 105 | 6.66536 | 18
-841136312912072108 | 106 | 6.66536 | 18
-1682272625824144215 | 107 | 6.66536 | 18
-3364545251648288430 | 108 | 6.66536 | 18
-6729090503296576859 | 109 | 6.66536 | 18
4988563067116397899 | 110 | 6.66536 | 18
-8469617939476755818 | 111 | 6.66536 | 18
1507508194756039980 | 112 | 6.66536 | 18
3015016389512079960 | 113 | 6.66536 | 18
6030032779024159920 | 114 | 6.66536 | 18
-6386678515661231775 | 115 | 6.66536 | 18
5673387042387088066 | 116 | 6.66536 | 18
-7099969988935375484 | 117 | 6.66536 | 18
4246804095838800649 | 118 | 6.66536 | 18
8493608191677601298 | 119 | 6.51342 | 14
-1459527690354349020 | 120 | 6.51342 | 14
-2919055380708698039 | 121 | 6.51342 | 14
-5838110761417396078 | 122 | 6.51342 | 14
6770522550874759460 | 123 | 6.51342 | 14
-4905698971960032695 | 124 | 6.51342 | 14
8635346129789486227 | 125 | 6.51342 | 14
-1176051814130579161 | 126 | 6.51342 | 14
-2352103628261158322 | 127 | 6.51342 | 14
-4704207256522316643 | 128 | 6.51342 | 14
9038329560664918331 | 129 | 6.51342 | 14
-370084952379714954 | 130 | 1.84636 | 12
-740169904759429907 | 131 | 1.84636 | 12
-1480339809518859814 | 132 | 1.84636 | 12
-2960679619037719627 | 133 | 1.84636 | 12
-5921359238075439253 | 134 | 1.84636 | 12
6604025597558673110 | 135 | 1.84636 | 12
-5238692878592205396 | 136 | 1.84636 | 12
7969358316525140825 | 137 | 1.84636 | 12
-2508027440659269965 | 138 | 1.84636 | 12
-5016054881318539929 | 139 | 1.84636 | 12
8414634311072471758 | 140 | 41.2491 | 10
8414634311072471759 | 140 | 5.47245 | 2
-370084952379714953 | 130 | 4.63978e-310 | 2
8493608191677601299 | 119 | 4.63978e-310 | 4
2176183999477312373 | 84 | 8.77766 | 79
4352367998954624747 | 85 | 8.77766 | 79
8704735997909249495 | 86 | 8.77766 | 79
-1037272077891052626 | 87 | 8.77766 | 79
-2074544155782105252 | 88 | 8.77766 | 79
-4149088311564210504 | 89 | 8.77766 | 79
-8298176623128421007 | 90 | 8.77766 | 79
1850390827452709602 | 91 | 4.25514 | 45
3700781654905419204 | 92 | 4.25514 | 45
7401563309810838409 | 93 | 4.25514 | 45
-3643617454087874797 | 94 | 4.25514 | 45
-7287234908175749594 | 95 | 4.25514 | 45
3872274257358052429 | 96 | 4.25514 | 45
7744548514716104858 | 97 | 4.25514 | 45
-2957647044277341899 | 98 | 4.25514 | 45
-5915294088554683798 | 99 | 4.25514 | 45
6616155896600184020 | 100 | 4.25514 | 45
-5214432280509183576 | 101 | 3.69516 | 22
8017879512691184464 | 102 | 3.43802 | 10
8017879512691184465 | 102 | 2.05695 | 12
-2410985048327182685 | 103 | 2.05695 | 12
-4821970096654365370 | 104 | 0 | 9
-4821970096654365369 | 104 | 0.371923 | 3
-5214432280509183575 | 101 | 3.73299 | 23
8017879512691184467 | 102 | 3.73299 | 23
-2410985048327182681 | 103 | 3.73299 | 23
-4821970096654365361 | 104 | 3.73299 | 23
8802803880400820895 | 105 | 3.73299 | 23
-841136312907909826 | 106 | 3.73299 | 23
-1682272625815819651 | 107 | 3.73299 | 23
-3364545251631639302 | 108 | 3.73299 | 23
-6729090503263278604 | 109 | 3.73299 | 23
4988563067182994408 | 110 | 4.63978e-310 | 2
4988563067182994409 | 110 | 3.73299 | 21
-8469617939343562798 | 111 | 13.1045 | 5
-8469617939343562797 | 111 | 3.11695 | 16
1507508195022426023 | 112 | 3.11695 | 16
3015016390044852046 | 113 | 3.11695 | 16
6030032780089704092 | 114 | 3.11695 | 16
-6386678513530143432 | 115 | 3.11695 | 16
5673387046649264752 | 116 | 3.11695 | 16
-7099969980411022112 | 117 | 3.11695 | 16
4246804112887507392 | 118 | 3.11695 | 16
8493608225775014785 | 119 | 3.11695 | 16
-1459527622159522046 | 120 | 1.01823 | 6
-1459527622159522045 | 120 | 0 | 10
1850390827452709603 | 91 | 3.77231 | 34
3700781654905419207 | 92 | 3.77231 | 34
7401563309810838415 | 93 | 3.77231 | 34
-3643617454087874786 | 94 | 3.77231 | 34
-7287234908175749571 | 95 | 3.77231 | 34
3872274257358052475 | 96 | 3.77231 | 34
7744548514716104951 | 97 | 3.77231 | 34
-2957647044277341714 | 98 | 3.77231 | 34
-5915294088554683428 | 99 | 3.77231 | 34
6616155896600184760 | 100 | 3.77231 | 34
-5214432280509182096 | 101 | 1.63042e-322 | 5
-5214432280509182095 | 101 | 3.77231 | 29
8017879512691187427 | 102 | 3.77231 | 29
-2410985048327176761 | 103 | 3.77231 | 29
-4821970096654353522 | 104 | 3.77231 | 29
8802803880400844573 | 105 | 3.77231 | 29
-841136312907862470 | 106 | 3.77231 | 29
-1682272625815724940 | 107 | 3.77231 | 29
-3364545251631449880 | 108 | 3.77231 | 29
-6729090503262899759 | 109 | 3.77231 | 29
4988563067183752098 | 110 | 3.77231 | 29
-8469617939342047420 | 111 | 3.77231 | 29
1507508195025456776 | 112 | 1.94791 | 11
3015016390050913553 | 113 | 1.94791 | 11
6030032780101827107 | 114 | 1.94791 | 11
-6386678513505897401 | 115 | 1.94791 | 11
5673387046697756814 | 116 | 1.94791 | 11
-7099969980314037987 | 117 | 1.94791 | 11
4246804113081475643 | 118 | 1.94791 | 11
8493608226162951286 | 119 | 3.58322 | 4
8493608226162951287 | 119 | 8.84571 | 7
1507508195025456777 | 112 | 2.53902 | 18
3015016390050913555 | 113 | 2.53902 | 18
6030032780101827111 | 114 | 2.53902 | 18
-6386678513505897394 | 115 | 2.53902 | 18
5673387046697756829 | 116 | 2.53902 | 18
-7099969980314037958 | 117 | 2.11556 | 17
4246804113081475700 | 118 | 2.11556 | 17
8493608226162951400 | 119 | 0.219805 | 3
8493608226162951401 | 119 | 2.02989 | 14
-1459527621383648814 | 120 | 2.02989 | 14
-2919055242767297627 | 121 | 2.02989 | 14
-5838110485534595254 | 122 | 39.2776 | 1
-5838110485534595253 | 122 | 2.02989 | 13
6770523102640361110 | 123 | 2.02989 | 13
-4905697868428829396 | 124 | 2.02989 | 13
8635348336851892824 | 125 | 2.02989 | 13
-1176047400005765968 | 126 | 2.02989 | 13
-2352094800011531936 | 127 | 2.02989 | 13
-4704189600023063872 | 128 | 40.8604 | 1
-4704189600023063871 | 128 | 2.02989 | 12
9038364873663423875 | 129 | 2.02989 | 12
-370014326382703866 | 130 | 2.02989 | 12
-740028652765407731 | 131 | 2.02989 | 12
-1480057305530815462 | 132 | 2.02989 | 12
-2960114611061630924 | 133 | 2.02989 | 12
-5920229222123261848 | 134 | 2.02989 | 12
6606285629463027920 | 135 | 39.8409 | 10
6606285629463027921 | 135 | 18.8779 | 2
-7099969980314037957 | 117 | 4.63978e-310 | 1
-7275691818143731973 | 74 | 4.63978e-310 | 2
862914836507346235 | 62 | 4.63978e-310 | 6
421345135013353 | 51 | 10.2669 | 147
842690270026707 | 52 | 10.2669 | 147
1685380540053414 | 53 | 10.2669 | 147
3370761080106828 | 54 | 10.2669 | 147
6741522160213656 | 55 | 6.47 | 63
13483044320427312 | 56 | 6.47 | 63
26966088640854624 | 57 | 6.47 | 63
53932177281709249 | 58 | 6.47 | 63
107864354563418499 | 59 | 6.47 | 63
215728709126836998 | 60 | 6.47 | 63
431457418253673996 | 61 | 6.47 | 63
862914836507347993 | 62 | 6.47 | 63
1725829673014695986 | 63 | 6.47 | 63
3451659346029391973 | 64 | 6.47 | 63
6903318692058783946 | 65 | 6.47 | 63
-4640106689591983723 | 66 | 6.47 | 63
9166530694525584171 | 67 | 6.47 | 63
-113682684658383274 | 68 | 6.47 | 63
-227365369316766548 | 69 | 6.47 | 61
-454730738633533096 | 70 | 6.47 | 61
-909461477267066192 | 71 | 6.47 | 61
-1818922954534132383 | 72 | 6.47 | 61
-3637845909068264765 | 73 | 6.47 | 61
-7275691818136529530 | 74 | 6.47 | 61
3895360437436492556 | 75 | 6.47 | 61
7790720874872985112 | 76 | 6.4307 | 30
-2865302323963581392 | 77 | 0.450619 | 5
-2865302323963581391 | 77 | 5.88998 | 25
-5730604647927162782 | 78 | 5.88998 | 25
6985534777855226053 | 79 | 5.88998 | 25
-4475674517999099510 | 80 | 5.88998 | 25
-8951349035998199020 | 81 | 5.88998 | 25
544046001713153577 | 82 | 5.88998 | 25
1088092003426307155 | 83 | 5.88998 | 25
2176184006852614310 | 84 | 5.88998 | 25
4352368013705228620 | 85 | 5.88998 | 25
8704736027410457240 | 86 | 4.87291 | 19
-1037272018888637136 | 87 | 4.87291 | 19
-2074544037777274271 | 88 | 4.87291 | 19
-4149088075554548541 | 89 | 4.87291 | 19
-8298176151109097082 | 90 | 4.87291 | 19
1850391771491357453 | 91 | 4.87291 | 19
3700783542982714906 | 92 | 4.87291 | 19
7401567085965429812 | 93 | 4.87291 | 19
-3643609901778691992 | 94 | 4.87291 | 19
-7287219803557383983 | 95 | 4.87291 | 19
3872304466594783650 | 96 | 4.87291 | 19
7744608933189567300 | 97 | 4.87291 | 19
-2957526207330417015 | 98 | 4.87291 | 19
-5915052414660834030 | 99 | 4.87291 | 19
6616639244387883556 | 100 | 13.5704 | 9
6616639244387883557 | 100 | 15.3834 | 10
8704736027410457241 | 86 | 4.63978e-310 | 6
7790720874872985113 | 76 | 6.44289 | 31
-2865302323963581390 | 77 | 6.44289 | 31
-5730604647927162780 | 78 | 6.44289 | 31
6985534777855226056 | 79 | 6.44289 | 31
-4475674517999099504 | 80 | 1.88738 | 13
-8951349035998199007 | 81 | 1.88738 | 13
544046001713153602 | 82 | 1.88738 | 13
1088092003426307204 | 83 | 1.88738 | 13
2176184006852614408 | 84 | 1.88738 | 13
4352368013705228817 | 85 | 1.88738 | 13
8704736027410457635 | 86 | 1.88738 | 13
-1037272018888636346 | 87 | 1.88738 | 13
-2074544037777272691 | 88 | 1.88738 | 13
-4149088075554545381 | 89 | 1.88738 | 13
-8298176151109090762 | 90 | 1.88738 | 13
1850391771491370092 | 91 | 1.88738 | 13
3700783542982740185 | 92 | 1.88738 | 13
7401567085965480371 | 93 | 1.88738 | 13
-3643609901778590873 | 94 | 1.88738 | 13
-7287219803557181746 | 95 | 25.8734 | 4
-7287219803557181745 | 95 | 4.63978e-310 | 9
-4475674517999099503 | 80 | 3.80142 | 18
-8951349035998199005 | 81 | 3.80142 | 18
544046001713153607 | 82 | 3.80142 | 18
1088092003426307214 | 83 | 3.2976 | 14
2176184006852614429 | 84 | 3.2976 | 14
4352368013705228859 | 85 | 3.2976 | 14
8704736027410457718 | 86 | 4.63978e-310 | 4
8704736027410457719 | 86 | 4.63978e-310 | 10
1088092003426307215 | 83 | 4.63978e-310 | 4
-227365369316766547 | 69 | 4.63978e-310 | 2
6741522160213657 | 55 | 8.5935 | 84
13483044320427315 | 56 | 8.5935 | 84
26966088640854630 | 57 | 8.5935 | 84
53932177281709261 | 58 | 8.5935 | 84
107864354563418522 | 59 | 5.19028 | 20
215728709126837044 | 60 | 5.19028 | 20
431457418253674088 | 61 | 5.19028 | 20
862914836507348177 | 62 | 5.19028 | 20
1725829673014696354 | 63 | 11.8009 | 6
1725829673014696355 | 63 | 3.7714 | 14
3451659346029392710 | 64 | 3.7714 | 14
6903318692058785420 | 65 | 3.7714 | 14
-4640106689591980776 | 66 | 3.7714 | 14
9166530694525590065 | 67 | 3.7714 | 14
-113682684658371486 | 68 | 3.7714 | 14
-227365369316742972 | 69 | 4.63978e-310 | 5
-227365369316742971 | 69 | 1.58101e-322 | 9
107864354563418523 | 59 | 7.58927 | 64
215728709126837046 | 60 | 7.58927 | 64
431457418253674093 | 61 | 7.58927 | 64
862914836507348187 | 62 | 7.58927 | 64
1725829673014696374 | 63 | 7.58927 | 64
3451659346029392748 | 64 | 5.62344 | 31
6903318692058785496 | 65 | 5.62344 | 31
-4640106689591980624 | 66 | 5.41047 | 13
9166530694525590368 | 67 | 5.41047 | 13
-113682684658370879 | 68 | 5.41047 | 13
-227365369316741758 | 69 | 5.41047 | 13
-454730738633483515 | 70 | 5.41047 | 13
-909461477266967029 | 71 | 5.41047 | 13
-1818922954533934058 | 72 | 5.41047 | 13
-3637845909067868116 | 73 | 5.41047 | 13
-7275691818135736232 | 74 | 10.1335 | 2
-7275691818135736231 | 74 | 4.59084 | 11
3895360437438079155 | 75 | 4.59084 | 11
7790720874876158310 | 76 | 4.59084 | 11
-2865302323957234996 | 77 | 4.63978e-310 | 10
-2865302323957234995 | 77 | 9.53547e-322 | 1
-4640106689591980623 | 66 | 5.11477 | 18
9166530694525590371 | 67 | 5.11477 | 18
-113682684658370873 | 68 | 5.11477 | 18
-227365369316741746 | 69 | 5.11477 | 18
-454730738633483492 | 70 | 5.11477 | 18
-909461477266966983 | 71 | 5.11477 | 18
-1818922954533933965 | 72 | 5.11477 | 18
-3637845909067867929 | 73 | 5.11477 | 18
-7275691818135735858 | 74 | 5.11477 | 18
3895360437438079901 | 75 | 5.11477 | 18
7790720874876159803 | 76 | 5.11477 | 18
-2865302323957232009 | 77 | 5.11477 | 18
-5730604647914464018 | 78 | 5.11477 | 18
6985534777880623580 | 79 | 23.0134 | 5
6985534777880623581 | 79 | 5.05395 | 13
-4475674517948304454 | 80 | 5.05395 | 13
-8951349035896608907 | 81 | 5.05395 | 13
544046001916333802 | 82 | 1.93809 | 7
544046001916333803 | 82 | 14.7209 | 6
3451659346029392749 | 64 | 5.91757 | 33
6903318692058785498 | 65 | 4.63978e-310 | 3
6903318692058785499 | 65 | 5.35858 | 30
-4640106689591980618 | 66 | 5.35858 | 30
9166530694525590381 | 67 | 5.35858 | 30
-113682684658370854 | 68 | 5.35858 | 30
-227365369316741707 | 69 | 5.35858 | 30
-454730738633483413 | 70 | 5.35858 | 30
-909461477266966826 | 71 | 5.35858 | 30
-1818922954533933651 | 72 | 5.35858 | 30
-3637845909067867302 | 73 | 5.35858 | 30
-7275691818135734604 | 74 | 5.2822 | 29
3895360437438082408 | 75 | 5.2822 | 29
7790720874876164817 | 76 | 5.2822 | 29
-2865302323957221982 | 77 | 5.2822 | 29
-5730604647914443964 | 78 | 5.2822 | 29
6985534777880663688 | 79 | 5.2822 | 29
-4475674517948224240 | 80 | 5.2822 | 29
-8951349035896448480 | 81 | 5.2822 | 29
544046001916654656 | 82 | 5.2822 | 29
1088092003833309312 | 83 | 4.28983 | 16
2176184007666618624 | 84 | 4.28983 | 16
4352368015333237248 | 85 | 4.28983 | 16
8704736030666474496 | 86 | 4.28983 | 16
-1037272012376602624 | 87 | 4.28983 | 16
-2074544024753205247 | 88 | 4.28983 | 16
-4149088049506410494 | 89 | 4.28983 | 16
-8298176099012820988 | 90 | 4.28983 | 16
1850391875683909641 | 91 | 4.28983 | 16
3700783751367819282 | 92 | 1.25428 | 5
3700783751367819283 | 92 | 2.93809 | 11
7401567502735638567 | 93 | 2.93809 | 11
-3643609068238274481 | 94 | 2.93809 | 11
-7287218136476548962 | 95 | 2.93809 | 11
3872307800756453692 | 96 | 2.93809 | 11
7744615601512907384 | 97 | 2.93809 | 11
-2957512870683736847 | 98 | 2.93809 | 11
-5915025741367473694 | 99 | 9.57067 | 5
-5915025741367473693 | 99 | 0.605475 | 6
1088092003833309313 | 83 | 2.51193 | 13
2176184007666618626 | 84 | 2.51193 | 13
4352368015333237252 | 85 | 4.63978e-310 | 4
4352368015333237253 | 85 | 4.63978e-310 | 9
-7275691818135734603 | 74 | 4.63978e-310 | 1
210672567506677 | 50 | 10.3453 | 29
421345135013355 | 51 | 10.3453 | 29
842690270026710 | 52 | 10.3453 | 29
1685380540053421 | 53 | 10.3453 | 29
3370761080106842 | 54 | 10.3453 | 29
6741522160213684 | 55 | 8.58816 | 26
13483044320427369 | 56 | 8.58816 | 26
26966088640854739 | 57 | 8.58816 | 26
53932177281709479 | 58 | 8.58816 | 26
107864354563418958 | 59 | 8.58816 | 26
215728709126837916 | 60 | 8.58816 | 26
431457418253675833 | 61 | 8.58816 | 26
862914836507351667 | 62 | 8.58816 | 26
1725829673014703334 | 63 | 4.63978e-310 | 8
1725829673014703335 | 63 | 8.2161 | 18
3451659346029406671 | 64 | 8.2161 | 18
6903318692058813343 | 65 | 8.2161 | 18
-4640106689591924929 | 66 | 8.2161 | 18
9166530694525701758 | 67 | 8.2161 | 18
-113682684658148099 | 68 | 8.2161 | 18
-227365369316296197 | 69 | 8.2161 | 18
-454730738632592394 | 70 | 9.07966 | 10
-454730738632592393 | 70 | 60.6148 | 8
6741522160213685 | 55 | 4.63978e-310 | 3
392409 | 21 | 18.321 | 117
784818 | 22 | 15.8749 | 71
1569636 | 23 | 15.8749 | 71
3139272 | 24 | 15.8749 | 71
6278544 | 25 | 15.8749 | 71
12557088 | 26 | 14.2023 | 31
25114176 | 27 | 14.2023 | 31
50228352 | 28 | 1.63042e-322 | 5
50228353 | 28 | 9.93551 | 26
100456706 | 29 | 9.93551 | 26
200913413 | 30 | 9.93551 | 26
401826827 | 31 | 9.93551 | 26
803653655 | 32 | 9.93551 | 26
1607307311 | 33 | 9.93551 | 26
3214614623 | 34 | 9.93551 | 26
6429229247 | 35 | 9.93551 | 26
12858458494 | 36 | 9.93551 | 26
25716916988 | 37 | 9.93551 | 26
51433833977 | 38 | 9.93551 | 26
102867667955 | 39 | 9.93551 | 26
205735335911 | 40 | 9.93551 | 26
411470671823 | 41 | 9.93551 | 26
822941343647 | 42 | 9.93551 | 26
1645882687295 | 43 | 9.93551 | 26
3291765374590 | 44 | 9.73412 | 16
6583530749180 | 45 | 9.73412 | 16
13167061498360 | 46 | 34.651 | 1
13167061498361 | 46 | 9.4479 | 15
26334122996722 | 47 | 9.4479 | 15
52668245993444 | 48 | 9.4479 | 15
105336491986889 | 49 | 9.4479 | 15
210672983973779 | 50 | 9.4479 | 15
421345967947559 | 51 | 9.4479 | 15
842691935895118 | 52 | 9.4479 | 15
1685383871790236 | 53 | 9.4479 | 15
3370767743580472 | 54 | 9.4479 | 15
6741535487160944 | 55 | 9.1259 | 13
13483070974321889 | 56 | 9.1259 | 13
26966141948643779 | 57 | 9.1259 | 13
53932283897287559 | 58 | 9.1259 | 13
107864567794575118 | 59 | 9.1259 | 13
215729135589150236 | 60 | 9.1259 | 13
431458271178300473 | 61 | 9.1259 | 13
862916542356600946 | 62 | 9.1259 | 13
1725833084713201892 | 63 | 9.1259 | 13
3451666169426403784 | 64 | 13.9402 | 3
3451666169426403785 | 64 | 4.63978e-310 | 10
6741535487160945 | 55 | 4.63978e-310 | 2
3291765374591 | 44 | 4.63978e-310 | 10
12557089 | 26 | 14.8659 | 40
25114179 | 27 | 14.8659 | 40
50228359 | 28 | 14.8659 | 40
100456719 | 29 | 14.8659 | 40
200913439 | 30 | 14.8659 | 40
401826878 | 31 | 4.63978e-310 | 6
401826879 | 31 | 8.66061 | 34
803653758 | 32 | 8.66061 | 31
1607307517 | 33 | 8.66061 | 31
3214615034 | 34 | 7.85165 | 23
6429230068 | 35 | 7.85165 | 23
12858460137 | 36 | 7.85165 | 23
25716920275 | 37 | 7.85165 | 23
51433840551 | 38 | 7.85165 | 23
102867681102 | 39 | 7.85165 | 23
205735362204 | 40 | 7.85165 | 23
411470724409 | 41 | 7.85165 | 23
822941448818 | 42 | 7.85165 | 23
1645882897637 | 43 | 7.85165 | 23
3291765795275 | 44 | 7.85165 | 23
6583531590551 | 45 | 7.85165 | 23
13167063181102 | 46 | 7.85165 | 23
26334126362204 | 47 | 7.85165 | 23
52668252724408 | 48 | 7.85165 | 23
105336505448817 | 49 | 7.85165 | 23
210673010897634 | 50 | 7.85165 | 23
421346021795268 | 51 | 7.85165 | 23
842692043590537 | 52 | 7.85165 | 23
1685384087181074 | 53 | 7.85165 | 23
3370768174362149 | 54 | 7.85165 | 23
6741536348724299 | 55 | 7.85165 | 23
13483072697448598 | 56 | 19.6091 | 8
13483072697448599 | 56 | 6.95832 | 15
26966145394897198 | 57 | 6.95832 | 15
53932290789794397 | 58 | 6.95832 | 15
107864581579588794 | 59 | 4.63978e-310 | 10
107864581579588795 | 59 | 6.90513e-310 | 5
3214615035 | 34 | 4.63978e-310 | 8
803653759 | 32 | 4.63978e-310 | 3
784819 | 22 | 8.26223 | 46
1569639 | 23 | 8.26223 | 46
3139279 | 24 | 8.26223 | 46
6278558 | 25 | 8.26223 | 46
12557116 | 26 | 8.26223 | 46
25114233 | 27 | 8.26223 | 46
50228466 | 28 | 8.02398 | 22
100456932 | 29 | 1.58101e-322 | 7
100456933 | 29 | 6.37619 | 15
200913866 | 30 | 6.37619 | 15
401827732 | 31 | 6.37619 | 15
803655464 | 32 | 6.37619 | 15
1607310929 | 33 | 6.37619 | 15
3214621859 | 34 | 6.37619 | 15
6429243718 | 35 | 6.37619 | 15
12858487436 | 36 | 6.37619 | 15
25716974872 | 37 | 6.37619 | 15
51433949745 | 38 | 6.37619 | 15
102867899491 | 39 | 6.37619 | 15
205735798983 | 40 | 6.37619 | 15
411471597966 | 41 | 6.37619 | 15
822943195933 | 42 | 6.37619 | 15
1645886391866 | 43 | 6.37619 | 15
3291772783732 | 44 | 6.37619 | 15
6583545567465 | 45 | 6.37619 | 15
13167091134930 | 46 | 6.37619 | 15
26334182269860 | 47 | 1.63042e-322 | 7
26334182269861 | 47 | 1.63042e-322 | 8
50228467 | 28 | 7.42001 | 24
100456934 | 29 | 4.63978e-310 | 5
100456935 | 29 | 6.45209 | 19
200913870 | 30 | 6.45209 | 19
401827740 | 31 | 6.45209 | 19
803655481 | 32 | 6.45209 | 19
1607310963 | 33 | 6.45209 | 19
3214621926 | 34 | 6.45209 | 13
6429243853 | 35 | 6.45209 | 13
12858487707 | 36 | 6.45209 | 13
25716975415 | 37 | 6.45209 | 13
51433950830 | 38 | 6.45209 | 13
102867901660 | 39 | 6.45209 | 13
205735803320 | 40 | 6.45209 | 13
411471606641 | 41 | 6.45209 | 13
822943213283 | 42 | 6.45209 | 13
1645886426566 | 43 | 19.1296 | 3
1645886426567 | 43 | 4.63978e-310 | 10
3214621927 | 34 | 4.63978e-310 | 6
