ID | Depth | diameter | Number of points
0 | 0 | 29.316 | 1600
1 | 1 | 29.316 | 1600
2 | 2 | 29.316 | 1600
5 | 3 | 29.316 | 1600
10 | 4 | 29.316 | 1600
20 | 5 | 29.316 | 1600
40 | 6 | 7.33075 | 29
80 | 7 | 7.33075 | 29
160 | 8 | 2.31573 | 15
320 | 9 | 2.31573 | 15
640 | 10 | 2.31573 | 15
1280 | 11 | 2.31573 | 15
2561 | 12 | 2.31573 | 15
5122 | 13 | 2.31573 | 15
10244 | 14 | 2.31573 | 15
20488 | 15 | 2.31573 | 15
40977 | 16 | 2.31573 | 15
81954 | 17 | 2.31573 | 15
163909 | 18 | 2.31573 | 15
327818 | 19 | 2.2609 | 12
655637 | 20 | 2.2609 | 12
1311274 | 21 | 2.2609 | 12
2622549 | 22 | 2.2609 | 12
5245098 | 23 | 2.2609 | 12
10490196 | 24 | 2.2609 | 12
20980392 | 25 | 2.2609 | 12
41960785 | 26 | 2.2609 | 12
83921570 | 27 | 2.2609 | 12
167843140 | 28 | 2.2609 | 12
335686280 | 29 | 2.2609 | 12
671372560 | 30 | 2.2609 | 12
1342745120 | 31 | 2.2609 | 12
2685490240 | 32 | 2.2609 | 12
5370980480 | 33 | 2.2609 | 12
10741960960 | 34 | 2.2609 | 12
21483921920 | 35 | 1.63042e-322 | 8
21483921921 | 35 | 1.58101e-322 | 4
327819 | 19 | 1.63042e-322 | 3
161 | 8 | 2.29958 | 14
323 | 9 | 2.29958 | 14
647 | 10 | 2.29958 | 14
1294 | 11 | 4.63978e-310 | 2
1295 | 11 | 1.68335 | 12
2590 | 12 | 1.68335 | 12
5180 | 13 | 1.68335 | 12
10361 | 14 | 1.68335 | 12
20723 | 15 | 1.68335 | 12
41446 | 16 | 1.68335 | 12
82892 | 17 | 1.68335 | 12
165785 | 18 | 1.68335 | 12
331570 | 19 | 1.68335 | 12
663140 | 20 | 1.68335 | 12
1326281 | 21 | 1.68335 | 12
2652563 | 22 | 1.68335 | 12
5305126 | 23 | 1.63042e-322 | 3
5305127 | 23 | 1.63042e-322 | 9
41 | 6 | 29.316 | 1571
82 | 7 | 17.4076 | 51
164 | 8 | 17.4076 | 51
328 | 9 | 16.3115 | 48
657 | 10 | 16.3115 | 48
1315 | 11 | 16.3115 | 48
2630 | 12 | 9.05813 | 26
5260 | 13 | 1.58101e-322 | 1
5261 | 13 | 7.82824 | 25
10523 | 14 | 7.82824 | 25
21046 | 15 | 1.63042e-322 | 1
21047 | 15 | 7.64615 | 24
42095 | 16 | 7.64615 | 24
84190 | 17 | 7.64615 | 24
168381 | 18 | 7.64615 | 24
336763 | 19 | 7.64615 | 24
673526 | 20 | 1.58101e-322 | 5
673527 | 20 | 6.77458 | 19
1347054 | 21 | 6.77458 | 19
2694108 | 22 | 6.77458 | 19
5388216 | 23 | 6.77458 | 19
10776433 | 24 | 6.77458 | 19
21552867 | 25 | 6.77458 | 19
43105734 | 26 | 1.63042e-322 | 8
43105735 | 26 | 3.65319 | 11
86211471 | 27 | 3.65319 | 11
172422943 | 28 | 3.65319 | 11
344845886 | 29 | 3.65319 | 11
689691773 | 30 | 3.65319 | 11
1379383547 | 31 | 3.65319 | 11
2758767095 | 32 | 3.65319 | 11
5517534190 | 33 | 3.65319 | 11
11035068381 | 34 | 3.65319 | 11
22070136763 | 35 | 3.65319 | 11
44140273527 | 36 | 3.65319 | 11
88280547055 | 37 | 3.65319 | 11
176561094110 | 38 | 3.65319 | 11
353122188220 | 39 | 3.65319 | 11
706244376441 | 40 | 3.65319 | 11
1412488752882 | 41 | 3.65319 | 11
2824977505765 | 42 | 3.65319 | 11
5649955011530 | 43 | 3.65319 | 11
11299910023061 | 44 | 3.65319 | 11
22599820046122 | 45 | 4.63978e-310 | 5
22599820046123 | 45 | 2.37152e-322 | 6
2631 | 12 | 11.3226 | 22
5263 | 13 | 11.3226 | 22
10526 | 14 | 11.3226 | 22
21053 | 15 | 11.3226 | 22
42107 | 16 | 11.3226 | 22
84215 | 17 | 11.3226 | 22
168430 | 18 | 11.3226 | 22
336861 | 19 | 11.3226 | 22
673723 | 20 | 11.3226 | 22
1347447 | 21 | 11.3226 | 22
2694895 | 22 | 11.3226 | 22
5389790 | 23 | 2.37152e-322 | 8
5389791 | 23 | 9.80357 | 14
10779582 | 24 | 9.80357 | 14
21559164 | 25 | 2.37152e-322 | 2
21559165 | 25 | 9.80357 | 12
43118330 | 26 | 9.80357 | 12
86236660 | 27 | 4.35156 | 11
172473321 | 28 | 4.35156 | 11
344946643 | 29 | 4.35156 | 11
689893286 | 30 | 4.35156 | 11
1379786573 | 31 | 4.35156 | 11
2759573147 | 32 | 4.35156 | 11
5519146294 | 33 | 4.35156 | 11
11038292588 | 34 | 4.35156 | 11
22076585176 | 35 | 0.00922552 | 7
22076585177 | 35 | 0.981604 | 4
86236661 | 27 | 4.63978e-310 | 1
329 | 9 | 4.63978e-310 | 3
83 | 7 | 27.784 | 1520
166 | 8 | 27.784 | 1520
332 | 9 | 23.1438 | 576
664 | 10 | 23.1438 | 576
1328 | 11 | 16.3495 | 30
2656 | 12 | 16.3495 | 30
5313 | 13 | 16.3495 | 30
10626 | 14 | 16.3495 | 30
21253 | 15 | 16.3495 | 30
42507 | 16 | 16.3495 | 30
85014 | 17 | 8.72964 | 1
85015 | 17 | 16.3495 | 29
170030 | 18 | 16.3495 | 29
340061 | 19 | 16.3495 | 29
680122 | 20 | 16.3495 | 29
1360244 | 21 | 4.63978e-310 | 7
1360245 | 21 | 10.5184 | 22
2720490 | 22 | 4.63978e-310 | 3
2720491 | 22 | 10.5184 | 19
5440982 | 23 | 10.5184 | 19
10881964 | 24 | 10.5184 | 19
21763928 | 25 | 10.5184 | 19
43527857 | 26 | 10.5184 | 19
87055714 | 27 | 10.5184 | 19
174111429 | 28 | 10.5184 | 19
348222858 | 29 | 10.5184 | 19
696445716 | 30 | 2.36114 | 7
696445717 | 30 | 8.54246 | 12
1392891435 | 31 | 8.54246 | 12
2785782871 | 32 | 8.54246 | 12
5571565743 | 33 | 8.54246 | 12
11143131486 | 34 | 8.54246 | 12
22286262973 | 35 | 8.54246 | 12
44572525947 | 36 | 8.54246 | 12
89145051895 | 37 | 8.54246 | 12
178290103790 | 38 | 8.54246 | 12
356580207580 | 39 | 8.54246 | 12
713160415160 | 40 | 8.54246 | 12
1426320830321 | 41 | 8.54246 | 12
2852641660643 | 42 | 8.54246 | 12
5705283321286 | 43 | 3.21143e-322 | 7
5705283321287 | 43 | 1.58101e-322 | 5
1329 | 11 | 23.1438 | 546
2658 | 12 | 19.4833 | 229
5316 | 13 | 19.4833 | 229
10632 | 14 | 19.4833 | 229
21264 | 15 | 19.4833 | 229
42528 | 16 | 10.3273 | 52
85056 | 17 | 12.7551 | 4
85057 | 17 | 10.3273 | 48
170114 | 18 | 10.3273 | 48
340229 | 19 | 10.3273 | 48
680458 | 20 | 10.3273 | 48
1360917 | 21 | 10.3273 | 48
2721834 | 22 | 10.3273 | 48
5443668 | 23 | 10.3273 | 48
10887337 | 24 | 10.3273 | 48
21774674 | 25 | 10.3273 | 48
43549348 | 26 | 8.60062 | 24
87098697 | 27 | 8.60062 | 24
174197394 | 28 | 8.60062 | 24
348394788 | 29 | 8.60062 | 24
696789577 | 30 | 8.60062 | 24
1393579154 | 31 | 8.60062 | 24
2787158308 | 32 | 8.60062 | 24
5574316617 | 33 | 8.60062 | 24
11148633234 | 34 | 8.60062 | 24
22297266469 | 35 | 8.60062 | 24
44594532938 | 36 | 3.24194 | 15
89189065876 | 37 | 3.10989 | 14
178378131752 | 38 | 3.10989 | 14
356756263505 | 39 | 3.10989 | 14
713512527010 | 40 | 3.10989 | 14
1427025054020 | 41 | 3.10989 | 14
2854050108040 | 42 | 3.10989 | 14
5708100216080 | 43 | 40.7317 | 1
5708100216081 | 43 | 3.10989 | 13
11416200432162 | 44 | 3.10989 | 13
22832400864324 | 45 | 3.10989 | 13
45664801728649 | 46 | 3.10989 | 13
91329603457299 | 47 | 3.10989 | 13
182659206914599 | 48 | 3.10989 | 13
365318413829199 | 49 | 3.10989 | 13
730636827658399 | 50 | 3.10989 | 13
1461273655316798 | 51 | 3.10989 | 13
2922547310633596 | 52 | 1.63042e-322 | 4
2922547310633597 | 52 | 1.63042e-322 | 9
89189065877 | 37 | 4.63978e-310 | 1
44594532939 | 36 | 4.63978e-310 | 9
43549349 | 26 | 6.63149 | 24
87098699 | 27 | 6.63149 | 24
174197398 | 28 | 6.63149 | 24
348394796 | 29 | 4.63978e-310 | 2
348394797 | 29 | 6.63149 | 22
696789594 | 30 | 6.63149 | 22
1393579189 | 31 | 6.63149 | 22
2787158378 | 32 | 6.4673 | 14
5574316756 | 33 | 6.4673 | 14
11148633513 | 34 | 6.4673 | 14
22297267026 | 35 | 6.4673 | 14
44594534053 | 36 | 6.4673 | 14
89189068107 | 37 | 6.4673 | 14
178378136215 | 38 | 6.4673 | 14
356756272431 | 39 | 6.4673 | 14
713512544863 | 40 | 6.4673 | 14
1427025089726 | 41 | 6.4673 | 14
2854050179452 | 42 | 6.4673 | 14
5708100358904 | 43 | 6.4673 | 14
11416200717809 | 44 | 6.4673 | 14
22832401435618 | 45 | 6.4673 | 14
45664802871236 | 46 | 6.4673 | 14
91329605742472 | 47 | 6.4673 | 14
182659211484945 | 48 | 6.4673 | 14
365318422969890 | 49 | 6.4673 | 14
730636845939780 | 50 | 1.63042e-322 | 1
730636845939781 | 50 | 6.4673 | 13
1461273691879563 | 51 | 6.4673 | 13
2922547383759127 | 52 | 6.4673 | 13
5845094767518254 | 53 | 6.4673 | 13
11690189535036508 | 54 | 1.63042e-322 | 3
11690189535036509 | 54 | 4.63978e-310 | 10
2787158379 | 32 | 4.63978e-310 | 8
42529 | 16 | 11.7676 | 177
85058 | 17 | 10.2511 | 106
170116 | 18 | 6.16226 | 36
340232 | 19 | 6.16226 | 36
680464 | 20 | 4.82669 | 31
1360929 | 21 | 4.82669 | 31
2721859 | 22 | 4.82669 | 31
5443719 | 23 | 4.82669 | 31
10887439 | 24 | 4.82669 | 31
21774878 | 25 | 4.82669 | 31
43549757 | 26 | 4.82669 | 31
87099515 | 27 | 4.82669 | 31
174199030 | 28 | 4.82669 | 31
348398061 | 29 | 4.82669 | 31
696796123 | 30 | 4.82669 | 31
1393592247 | 31 | 4.82669 | 31
2787184494 | 32 | 4.82669 | 31
5574368988 | 33 | 3.63533 | 23
11148737976 | 34 | 3.63533 | 23
22297475952 | 35 | 3.63533 | 23
44594951905 | 36 | 3.63533 | 23
89189903810 | 37 | 3.63533 | 23
178379807620 | 38 | 3.63533 | 23
356759615241 | 39 | 3.63533 | 23
713519230482 | 40 | 3.63533 | 23
1427038460964 | 41 | 3.63533 | 23
2854076921929 | 42 | 3.63533 | 23
5708153843859 | 43 | 3.63533 | 23
11416307687719 | 44 | 3.63533 | 23
22832615375439 | 45 | 3.63533 | 23
45665230750878 | 46 | 3.63533 | 23
91330461501756 | 47 | 3.63533 | 23
182660923003512 | 48 | 3.63533 | 23
365321846007025 | 49 | 3.63533 | 23
730643692014050 | 50 | 3.63533 | 23
1461287384028101 | 51 | 3.63533 | 23
2922574768056203 | 52 | 3.63533 | 23
5845149536112407 | 53 | 3.63533 | 23
11690299072224814 | 54 | 3.63533 | 23
23380598144449628 | 55 | 3.63533 | 23
46761196288899256 | 56 | 3.63533 | 23
93522392577798512 | 57 | 3.63533 | 23
187044785155597025 | 58 | 3.63533 | 23
374089570311194050 | 59 | 3.63533 | 23
748179140622388101 | 60 | 3.63533 | 23
1496358281244776202 | 61 | 0 | 9
1496358281244776203 | 61 | 2.1964 | 14
2992716562489552406 | 62 | 2.1964 | 14
5985433124979104812 | 63 | 2.1964 | 14
-6475877823751341992 | 64 | 2.1964 | 14
5494988426206867632 | 65 | 0.319673 | 10
5494988426206867633 | 65 | 0 | 4
5574368989 | 33 | 4.63978e-310 | 8
680465 | 20 | 4.63978e-310 | 5
170117 | 18 | 6.85239 | 70
340234 | 19 | 6.85239 | 70
680469 | 20 | 6.85239 | 70
1360939 | 21 | 6.85239 | 70
2721879 | 22 | 6.85239 | 70
5443758 | 23 | 6.85239 | 70
10887516 | 24 | 6.85239 | 70
21775033 | 25 | 6.85239 | 70
43550066 | 26 | 6.85239 | 70
87100132 | 27 | 6.85239 | 70
174200264 | 28 | 6.85239 | 70
348400528 | 29 | 6.85239 | 70
696801056 | 30 | 6.85239 | 70
1393602112 | 31 | 6.85239 | 70
2787204224 | 32 | 6.85239 | 70
5574408448 | 33 | 6.85239 | 70
11148816897 | 34 | 6.85239 | 70
22297633795 | 35 | 6.85239 | 70
44595267591 | 36 | 6.85239 | 70
89190535182 | 37 | 5.11961 | 12
178381070364 | 38 | 5.11961 | 12
356762140728 | 39 | 5.11961 | 12
713524281457 | 40 | 5.11961 | 12
1427048562914 | 41 | 4.63978e-310 | 3
1427048562915 | 41 | 4.63978e-310 | 9
89190535183 | 37 | 6.00486 | 58
178381070366 | 38 | 6.00486 | 58
356762140733 | 39 | 6.00486 | 58
713524281466 | 40 | 6.00486 | 58
1427048562933 | 41 | 6.00486 | 58
2854097125867 | 42 | 6.00486 | 58
5708194251734 | 43 | 15.2195 | 7
5708194251735 | 43 | 5.76528 | 51
11416388503471 | 44 | 5.76528 | 51
22832777006942 | 45 | 5.76528 | 50
45665554013885 | 46 | 5.76528 | 50
91331108027770 | 47 | 3.12505 | 32
182662216055540 | 48 | 3.12505 | 32
365324432111080 | 49 | 3.91233 | 7
365324432111081 | 49 | 3.12505 | 25
730648864222163 | 50 | 3.12505 | 25
1461297728444326 | 51 | 3.12505 | 25
2922595456888652 | 52 | 3.12505 | 25
5845190913777304 | 53 | 3.12505 | 25
11690381827554608 | 54 | 3.12505 | 25
23380763655109216 | 55 | 2.37178 | 11
46761527310218432 | 56 | 2.37178 | 11
93523054620436865 | 57 | 2.37178 | 11
187046109240873731 | 58 | 2.37178 | 11
374092218481747462 | 59 | 2.37178 | 11
748184436963494925 | 60 | 2.37178 | 11
1496368873926989851 | 61 | 2.37178 | 11
2992737747853979702 | 62 | 2.37178 | 11
5985475495707959405 | 63 | 2.37178 | 11
-6475793082293632806 | 64 | 2.37178 | 11
5495157909122286004 | 65 | 0 | 5
5495157909122286005 | 65 | 0.0306637 | 6
23380763655109217 | 55 | 2.30882 | 14
46761527310218434 | 56 | 2.30882 | 14
93523054620436869 | 57 | 2.30882 | 14
187046109240873738 | 58 | 2.30882 | 14
374092218481747476 | 59 | 4.63978e-310 | 3
374092218481747477 | 59 | 1.78033 | 11
748184436963494954 | 60 | 2.36379 | 4
748184436963494955 | 60 | 1.54043 | 7
91331108027771 | 47 | 3.41622 | 18
182662216055542 | 48 | 2.10627 | 11
365324432111084 | 49 | 2.10627 | 11
730648864222168 | 50 | 4.63978e-310 | 5
730648864222169 | 50 | 4.63978e-310 | 6
182662216055543 | 48 | 4.63978e-310 | 7
22832777006943 | 45 | 4.63978e-310 | 1
85059 | 17 | 9.19301 | 71
170118 | 18 | 9.19301 | 71
340236 | 19 | 9.19301 | 71
680473 | 20 | 9.19301 | 71
1360947 | 21 | 9.19301 | 71
2721895 | 22 | 9.19301 | 71
5443790 | 23 | 9.19301 | 71
10887580 | 24 | 7.26873 | 48
21775160 | 25 | 4.49662 | 26
43550320 | 26 | 4.49662 | 26
87100641 | 27 | 4.49662 | 26
174201282 | 28 | 3.24757 | 13
348402564 | 29 | 0.0216465 | 4
348402565 | 29 | 0.754595 | 9
174201283 | 28 | 2.28049 | 13
348402566 | 29 | 2.28049 | 13
696805133 | 30 | 2.28049 | 13
1393610266 | 31 | 2.28049 | 13
2787220532 | 32 | 2.28049 | 13
5574441065 | 33 | 2.28049 | 13
11148882130 | 34 | 2.28049 | 13
22297764261 | 35 | 2.28049 | 13
44595528522 | 36 | 2.28049 | 13
89191057045 | 37 | 2.28049 | 13
178382114091 | 38 | 2.28049 | 13
356764228183 | 39 | 2.28049 | 13
713528456366 | 40 | 2.28049 | 13
1427056912733 | 41 | 2.28049 | 13
2854113825467 | 42 | 2.28049 | 13
5708227650935 | 43 | 2.28049 | 13
11416455301870 | 44 | 2.28049 | 13
22832910603740 | 45 | 2.28049 | 13
45665821207480 | 46 | 2.28049 | 13
91331642414961 | 47 | 2.28049 | 13
182663284829922 | 48 | 2.28049 | 13
365326569659844 | 49 | 0.195966 | 9
365326569659845 | 49 | 67.7055 | 4
21775161 | 25 | 3.61484 | 22
43550323 | 26 | 3.61484 | 22
87100646 | 27 | 3.61484 | 22
174201292 | 28 | 3.61484 | 22
348402585 | 29 | 3.61484 | 22
696805170 | 30 | 4.63978e-310 | 1
696805171 | 30 | 3.61484 | 21
1393610343 | 31 | 3.61484 | 21
2787220687 | 32 | 3.61484 | 21
5574441374 | 33 | 3.61484 | 21
11148882748 | 34 | 3.61484 | 21
22297765496 | 35 | 2.73458 | 14
44595530992 | 36 | 0 | 9
44595530993 | 36 | 72.9735 | 5
22297765497 | 35 | 4.63978e-310 | 7
10887581 | 24 | 2.96916 | 23
21775163 | 25 | 2.96916 | 23
43550326 | 26 | 4.63978e-310 | 3
43550327 | 26 | 2.96916 | 20
87100655 | 27 | 2.96916 | 20
174201310 | 28 | 0.154785 | 3
174201311 | 28 | 2.56365 | 17
348402623 | 29 | 2.56365 | 17
696805246 | 30 | 2.56365 | 17
1393610493 | 31 | 2.56365 | 17
2787220986 | 32 | 5.02558 | 2
2787220987 | 32 | 2.14326 | 15
5574441974 | 33 | 2.14326 | 15
11148883948 | 34 | 2.14326 | 15
22297767897 | 35 | 2.14326 | 15
44595535795 | 36 | 2.14326 | 15
89191071591 | 37 | 2.14326 | 15
178382143182 | 38 | 0.378484 | 1
178382143183 | 38 | 1.9814 | 14
356764286366 | 39 | 1.9814 | 14
713528572732 | 40 | 1.9814 | 14
1427057145465 | 41 | 1.9814 | 14
2854114290931 | 42 | 1.9814 | 14
5708228581862 | 43 | 1.9814 | 14
11416457163724 | 44 | 1.9814 | 14
22832914327448 | 45 | 1.9814 | 14
45665828654896 | 46 | 1.9814 | 14
91331657309792 | 47 | 1.21221 | 11
182663314619585 | 48 | 1.21221 | 11
365326629239171 | 49 | 1.21221 | 11
730653258478342 | 50 | 1.21221 | 11
1461306516956685 | 51 | 1.21221 | 11
2922613033913370 | 52 | 1.21221 | 11
5845226067826740 | 53 | 1.21221 | 11
11690452135653480 | 54 | 6.57229 | 9
11690452135653481 | 54 | 0.579644 | 2
91331657309793 | 47 | 4.63978e-310 | 3
2659 | 12 | 23.1438 | 317
5318 | 13 | 17.9258 | 116
10636 | 14 | 17.9258 | 116
21272 | 15 | 17.9258 | 116
42544 | 16 | 17.9258 | 116
85089 | 17 | 17.9258 | 116
170179 | 18 | 17.9258 | 116
340358 | 19 | 17.9258 | 116
680716 | 20 | 17.9258 | 116
1361432 | 21 | 17.9258 | 116
2722864 | 22 | 68.8175 | 5
2722865 | 22 | 11.8367 | 111
5445730 | 23 | 10.4154 | 64
10891460 | 24 | 10.4154 | 64
21782920 | 25 | 4.85687 | 11
43565840 | 26 | 11.3999 | 8
43565841 | 26 | 4.63978e-310 | 3
21782921 | 25 | 7.34096 | 53
43565843 | 26 | 7.34096 | 53
87131686 | 27 | 43.5438 | 5
87131687 | 27 | 6.76383 | 48
174263374 | 28 | 6.76383 | 48
348526748 | 29 | 5.23308 | 37
697053496 | 30 | 5.23308 | 37
1394106993 | 31 | 5.23308 | 37
2788213987 | 32 | 5.23308 | 37
5576427974 | 33 | 4.63978e-310 | 1
5576427975 | 33 | 5.23308 | 36
11152855951 | 34 | 5.23308 | 36
22305711902 | 35 | 5.23308 | 36
44611423804 | 36 | 6.51529 | 4
44611423805 | 36 | 4.63663 | 32
89222847611 | 37 | 4.63663 | 32
178445695222 | 38 | 4.63663 | 32
356891390444 | 39 | 4.63978e-310 | 6
356891390445 | 39 | 3.02142 | 26
713782780891 | 40 | 3.02142 | 26
1427565561782 | 41 | 0 | 4
1427565561783 | 41 | 2.98102 | 22
2855131123566 | 42 | 2.98102 | 22
5710262247132 | 43 | 2.98102 | 22
11420524494265 | 44 | 2.98102 | 22
22841048988530 | 45 | 2.98102 | 22
45682097977060 | 46 | 2.98102 | 22
91364195954120 | 47 | 2.98102 | 22
182728391908241 | 48 | 2.98102 | 22
365456783816483 | 49 | 2.98102 | 22
730913567632966 | 50 | 2.51258 | 14
1461827135265932 | 51 | 2.51258 | 14
2923654270531865 | 52 | 2.51258 | 14
5847308541063731 | 53 | 2.51258 | 14
11694617082127462 | 54 | 2.51258 | 14
23389234164254924 | 55 | 2.51258 | 14
46778468328509848 | 56 | 2.51258 | 14
93556936657019697 | 57 | 2.51258 | 14
187113873314039395 | 58 | 2.51258 | 14
374227746628078791 | 59 | 2.51258 | 14
748455493256157582 | 60 | 2.51258 | 14
1496910986512315164 | 61 | 2.51258 | 14
2993821973024630328 | 62 | 2.51258 | 14
5987643946049260657 | 63 | 2.51258 | 14
-6471456181611030301 | 64 | 2.51258 | 14
5503831710487491014 | 65 | 2.51258 | 14
-7439080652734569588 | 66 | 2.51258 | 14
3568582768240412440 | 67 | 6.90513e-310 | 6
3568582768240412441 | 67 | 4.63978e-310 | 8
730913567632967 | 50 | 4.63978e-310 | 8
348526749 | 29 | 4.09081 | 11
697053498 | 30 | 4.09081 | 11
1394106996 | 31 | 4.09081 | 11
2788213992 | 32 | 4.09081 | 11
5576427985 | 33 | 4.09081 | 11
11152855971 | 34 | 4.09081 | 11
22305711942 | 35 | 4.09081 | 11
44611423884 | 36 | 4.09081 | 11
89222847769 | 37 | 4.09081 | 11
178445695538 | 38 | 4.09081 | 11
356891391077 | 39 | 4.09081 | 11
713782782155 | 40 | 4.09081 | 11
1427565564311 | 41 | 4.09081 | 11
2855131128623 | 42 | 4.09081 | 11
5710262257246 | 43 | 4.09081 | 11
11420524514493 | 44 | 4.09081 | 11
22841049028986 | 45 | 2.16414 | 9
22841049028987 | 45 | 1.51562 | 2
5445731 | 23 | 8.98336 | 47
10891462 | 24 | 8.98336 | 47
21782924 | 25 | 8.98336 | 47
43565849 | 26 | 8.98336 | 47
87131698 | 27 | 0.485463 | 2
87131699 | 27 | 8.98336 | 45
174263399 | 28 | 8.98336 | 45
348526798 | 29 | 8.98336 | 45
697053596 | 30 | 8.98336 | 45
1394107192 | 31 | 8.98336 | 45
2788214385 | 32 | 8.98336 | 45
5576428771 | 33 | 8.98336 | 45
11152857543 | 34 | 8.98336 | 45
22305715086 | 35 | 8.98336 | 45
44611430172 | 36 | 8.98336 | 45
89222860344 | 37 | 8.98336 | 45
178445720689 | 38 | 8.98336 | 45
356891441378 | 39 | 8.98336 | 45
713782882756 | 40 | 8.98336 | 45
1427565765512 | 41 | 8.98336 | 45
2855131531025 | 42 | 8.98336 | 45
5710263062050 | 43 | 8.98336 | 45
11420526124100 | 44 | 8.98336 | 45
22841052248200 | 45 | 8.98336 | 45
45682104496400 | 46 | 8.98336 | 45
91364208992800 | 47 | 8.98336 | 45
182728417985601 | 48 | 8.98336 | 45
365456835971203 | 49 | 8.98336 | 45
730913671942406 | 50 | 8.98336 | 45
1461827343884812 | 51 | 0.10544 | 10
1461827343884813 | 51 | 4.577 | 35
2923654687769626 | 52 | 4.577 | 35
5847309375539252 | 53 | 4.577 | 35
11694618751078505 | 54 | 4.577 | 35
23389237502157010 | 55 | 4.63978e-310 | 6
23389237502157011 | 55 | 3.65304 | 29
46778475004314022 | 56 | 3.65304 | 29
93556950008628044 | 57 | 3.13242 | 21
187113900017256088 | 58 | 3.13242 | 21
374227800034512176 | 59 | 3.13242 | 21
748455600069024353 | 60 | 3.13242 | 21
1496911200138048707 | 61 | 3.13242 | 21
2993822400276097414 | 62 | 3.13242 | 21
5987644800552194828 | 63 | 3.13242 | 21
-6471454472605161960 | 64 | 3.13242 | 21
5503835128499227696 | 65 | 3.13242 | 21
-7439073816711096223 | 66 | 3.13242 | 21
3568596440287359170 | 67 | 3.13242 | 21
7137192880574718340 | 68 | 3.13242 | 21
-4172358312560114935 | 69 | 3.13242 | 21
-8344716625120229870 | 70 | 3.13242 | 21
1757310823469091876 | 71 | 0.0689058 | 4
1757310823469091877 | 71 | 2.92145 | 17
3514621646938183755 | 72 | 2.92145 | 17
7029243293876367510 | 73 | 2.92145 | 17
-4388257485956816595 | 74 | 2.92145 | 17
-8776514971913633189 | 75 | 2.92145 | 17
893714129882285238 | 76 | 2.92145 | 17
1787428259764570477 | 77 | 2.92145 | 17
3574856519529140954 | 78 | 2.92145 | 17
7149713039058281908 | 79 | 2.92145 | 17
-4147317995592987799 | 80 | 2.92145 | 17
-8294635991185975598 | 81 | 2.92145 | 17
1857472091337600421 | 82 | 2.92145 | 17
3714944182675200842 | 83 | 2.92145 | 17
7429888365350401684 | 84 | 1.71767 | 2
7429888365350401685 | 84 | 2.69995 | 15
-3586967343008748245 | 85 | 2.69995 | 15
-7173934686017496489 | 86 | 2.69995 | 15
4098874701674558639 | 87 | 2.69995 | 15
8197749403349117278 | 88 | 2.69995 | 15
-2051245267011317059 | 89 | 2.69995 | 15
-4102490534022634117 | 90 | 2.69995 | 15
-8204981068045268234 | 91 | 2.69995 | 15
2036781937619015148 | 92 | 1.92239 | 14
4073563875238030297 | 93 | 1.92239 | 14
8147127750476060594 | 94 | 1.92239 | 14
-2152488572757430428 | 95 | 2.42092e-322 | 1
-2152488572757430427 | 95 | 1.92239 | 13
-4304977145514860853 | 96 | 1.92239 | 13
-8609954291029721706 | 97 | 1.92239 | 13
1226835491650108205 | 98 | 1.92239 | 13
2453670983300216410 | 99 | 1.92239 | 13
4907341966600432821 | 100 | 1.92239 | 13
-8632060140508685974 | 101 | 1.92239 | 13
1182623792692179668 | 102 | 1.19979 | 1
1182623792692179669 | 102 | 1.84459 | 12
2365247585384359339 | 103 | 1.84459 | 12
4730495170768718678 | 104 | 4.28513 | 3
4730495170768718679 | 104 | 4.63978e-310 | 9
2036781937619015149 | 92 | 4.63978e-310 | 1
93556950008628045 | 57 | 4.63978e-310 | 8
5319 | 13 | 10.4832 | 201
10638 | 14 | 8.48438 | 98
21276 | 15 | 4.99335 | 51
42552 | 16 | 4.99335 | 51
85104 | 17 | 3.92212 | 17
170209 | 18 | 3.92212 | 17
340418 | 19 | 3.92212 | 17
680836 | 20 | 3.92212 | 17
1361672 | 21 | 3.92212 | 17
2723344 | 22 | 3.92212 | 17
5446688 | 23 | 3.92212 | 14
10893376 | 24 | 4.63978e-310 | 2
10893377 | 24 | 2.95877 | 12
21786754 | 25 | 2.95877 | 12
43573508 | 26 | 2.95877 | 12
87147016 | 27 | 2.49411 | 11
174294032 | 28 | 2.49411 | 11
348588065 | 29 | 2.49411 | 11
697176130 | 30 | 2.49411 | 11
1394352260 | 31 | 1.58101e-322 | 10
1394352261 | 31 | 1.58101e-322 | 1
87147017 | 27 | 4.63978e-310 | 1
5446689 | 23 | 4.63978e-310 | 3
85105 | 17 | 4.42102 | 34
170210 | 18 | 4.42102 | 34
340420 | 19 | 4.42102 | 34
680841 | 20 | 4.42102 | 34
1361683 | 21 | 4.42102 | 34
2723367 | 22 | 4.42102 | 34
5446734 | 23 | 4.42102 | 34
10893469 | 24 | 4.42102 | 34
21786938 | 25 | 4.42102 | 34
43573876 | 26 | 4.42102 | 34
87147752 | 27 | 4.42102 | 34
174295505 | 28 | 4.42102 | 34
348591011 | 29 | 4.42102 | 34
697182023 | 30 | 4.42102 | 34
1394364046 | 31 | 4.42102 | 34
2788728092 | 32 | 4.42102 | 34
5577456185 | 33 | 4.42102 | 34
11154912371 | 34 | 4.42102 | 34
22309824743 | 35 | 4.42102 | 34
44619649486 | 36 | 4.42102 | 34
89239298972 | 37 | 4.42102 | 34
178478597945 | 38 | 4.42102 | 34
356957195890 | 39 | 2.94447 | 20
713914391780 | 40 | 0.602336 | 7
713914391781 | 40 | 2.01482 | 13
1427828783562 | 41 | 1.45149 | 1
1427828783563 | 41 | 2.01482 | 12
2855657567126 | 42 | 0 | 3
2855657567127 | 42 | 4.63978e-310 | 9
356957195891 | 39 | 2.05981 | 14
713914391783 | 40 | 2.05981 | 14
1427828783567 | 41 | 2.05981 | 14
2855657567135 | 42 | 2.05981 | 14
5711315134270 | 43 | 0.808036 | 4
5711315134271 | 43 | 0 | 10
21277 | 15 | 4.4963 | 47
42554 | 16 | 4.4963 | 47
85108 | 17 | 4.16657 | 46
170217 | 18 | 4.16657 | 46
340434 | 19 | 4.16657 | 46
680868 | 20 | 4.16657 | 46
1361736 | 21 | 1.58101e-322 | 9
1361737 | 21 | 3.54204 | 37
2723474 | 22 | 3.54204 | 37
5446948 | 23 | 3.02466 | 15
10893896 | 24 | 2.28031 | 13
21787792 | 25 | 2.28031 | 13
43575585 | 26 | 2.28031 | 13
87151170 | 27 | 4.63978e-310 | 4
87151171 | 27 | 4.63978e-310 | 9
10893897 | 24 | 4.63978e-310 | 2
5446949 | 23 | 3.23028 | 22
10893899 | 24 | 3.23028 | 22
21787798 | 25 | 3.23028 | 22
43575596 | 26 | 3.23028 | 22
87151193 | 27 | 3.23028 | 22
174302387 | 28 | 3.23028 | 22
348604774 | 29 | 3.23028 | 22
697209548 | 30 | 1.58101e-322 | 6
697209549 | 30 | 2.53237 | 16
1394419099 | 31 | 2.53237 | 16
2788838198 | 32 | 2.53237 | 16
5577676397 | 33 | 2.53237 | 16
11155352795 | 34 | 2.53237 | 16
22310705591 | 35 | 2.53237 | 16
44621411182 | 36 | 2.53237 | 16
89242822364 | 37 | 2.53237 | 16
178485644728 | 38 | 2.13714 | 15
356971289457 | 39 | 2.13714 | 15
713942578914 | 40 | 2.13714 | 15
1427885157828 | 41 | 2.13714 | 15
2855770315656 | 42 | 2.13714 | 15
5711540631312 | 43 | 0.590296 | 4
5711540631313 | 43 | 1.5922 | 11
11423081262627 | 44 | 1.5922 | 11
22846162525254 | 45 | 1.5922 | 11
45692325050509 | 46 | 1.5922 | 11
91384650101018 | 47 | 1.5922 | 11
182769300202037 | 48 | 1.5922 | 11
365538600404075 | 49 | 1.5922 | 11
731077200808150 | 50 | 0.144751 | 2
731077200808151 | 50 | 3.68806 | 9
178485644729 | 38 | 4.63978e-310 | 1
85109 | 17 | 4.63978e-310 | 1
10639 | 14 | 8.03763 | 103
21278 | 15 | 8.03763 | 103
42556 | 16 | 8.03763 | 103
85112 | 17 | 8.03763 | 103
170224 | 18 | 4.63978e-310 | 8
170225 | 18 | 7.63697 | 95
340450 | 19 | 7.63697 | 95
680901 | 20 | 7.63697 | 95
1361803 | 21 | 7.63697 | 95
2723607 | 22 | 7.63697 | 95
5447214 | 23 | 6.33492 | 15
10894429 | 24 | 6.33492 | 15
21788859 | 25 | 6.33492 | 15
43577718 | 26 | 6.33492 | 15
87155436 | 27 | 6.33492 | 15
174310872 | 28 | 6.33492 | 15
348621744 | 29 | 6.33492 | 15
697243488 | 30 | 6.33492 | 15
1394486976 | 31 | 6.33492 | 15
2788973952 | 32 | 6.33492 | 15
5577947904 | 33 | 3.0911 | 11
11155895808 | 34 | 3.0911 | 11
22311791617 | 35 | 3.0911 | 11
44623583235 | 36 | 3.0911 | 11
89247166471 | 37 | 3.0911 | 11
178494332942 | 38 | 3.0911 | 11
356988665884 | 39 | 4.63978e-310 | 5
356988665885 | 39 | 0.872927 | 6
5577947905 | 33 | 4.63978e-310 | 4
5447215 | 23 | 7.56813 | 80
10894431 | 24 | 7.56813 | 80
21788863 | 25 | 7.56813 | 80
43577727 | 26 | 7.56813 | 80
87155454 | 27 | 7.56813 | 80
174310909 | 28 | 7.56813 | 80
348621818 | 29 | 7.56813 | 80
697243636 | 30 | 6.38565 | 68
1394487272 | 31 | 6.38565 | 68
2788974544 | 32 | 6.06894 | 49
5577949088 | 33 | 6.06894 | 49
11155898176 | 34 | 6.06894 | 49
22311796352 | 35 | 6.06894 | 49
44623592705 | 36 | 6.06894 | 49
89247185410 | 37 | 6.06894 | 49
178494370821 | 38 | 6.06894 | 49
356988741643 | 39 | 6.06894 | 49
713977483287 | 40 | 6.06894 | 49
1427954966574 | 41 | 6.06894 | 49
2855909933148 | 42 | 6.06894 | 49
5711819866297 | 43 | 6.06894 | 49
11423639732594 | 44 | 6.06894 | 49
22847279465188 | 45 | 6.06894 | 49
45694558930376 | 46 | 6.06894 | 49
91389117860752 | 47 | 6.04909 | 33
182778235721505 | 48 | 6.04909 | 33
365556471443010 | 49 | 4.63978e-310 | 6
365556471443011 | 49 | 5.01907 | 27
731112942886022 | 50 | 5.01907 | 27
1462225885772044 | 51 | 1.30355 | 8
1462225885772045 | 51 | 3.48363 | 19
2924451771544090 | 52 | 3.48363 | 19
5848903543088180 | 53 | 3.48363 | 19
11697807086176360 | 54 | 3.48363 | 19
23395614172352721 | 55 | 3.48363 | 19
46791228344705442 | 56 | 3.48363 | 19
93582456689410885 | 57 | 3.48363 | 19
187164913378821770 | 58 | 3.48363 | 19
374329826757643540 | 59 | 3.48363 | 19
748659653515287081 | 60 | 3.48363 | 19
1497319307030574162 | 61 | 1.30355 | 4
1497319307030574163 | 61 | 2.24263 | 15
2994638614061148326 | 62 | 2.24263 | 15
5989277228122296652 | 63 | 1.37671 | 11
-6468189617464958311 | 64 | 1.37671 | 11
5510364838779634994 | 65 | 4.63978e-310 | 4
5510364838779634995 | 65 | 4.63978e-310 | 7
5989277228122296653 | 63 | 4.63978e-310 | 4
91389117860753 | 47 | 5.89388 | 16
182778235721506 | 48 | 4.63978e-310 | 1
182778235721507 | 48 | 5.00941 | 15
365556471443014 | 49 | 5.00941 | 15
731112942886029 | 50 | 5.00941 | 15
1462225885772058 | 51 | 4.13643 | 12
2924451771544116 | 52 | 4.13643 | 12
5848903543088232 | 53 | 4.13643 | 12
11697807086176464 | 54 | 4.63978e-310 | 7
11697807086176465 | 54 | 4.63978e-310 | 5
1462225885772059 | 51 | 4.63978e-310 | 3
2788974545 | 32 | 6.00045 | 19
5577949090 | 33 | 4.63978e-310 | 5
5577949091 | 33 | 4.28119 | 14
11155898182 | 34 | 4.28119 | 14
22311796365 | 35 | 4.28119 | 14
44623592731 | 36 | 4.28119 | 14
89247185462 | 37 | 4.28119 | 14
178494370924 | 38 | 4.28119 | 14
356988741848 | 39 | 17.0613 | 2
356988741849 | 39 | 3.06355 | 12
713977483699 | 40 | 3.06355 | 12
1427954967398 | 41 | 3.06355 | 12
2855909934796 | 42 | 3.06355 | 12
5711819869592 | 43 | 3.06355 | 12
11423639739185 | 44 | 3.06355 | 12
22847279478370 | 45 | 3.06355 | 12
45694558956741 | 46 | 3.06355 | 12
91389117913482 | 47 | 3.06355 | 12
182778235826964 | 48 | 3.06355 | 12
365556471653929 | 49 | 3.06355 | 12
731112943307858 | 50 | 1.7922 | 6
731112943307859 | 50 | 17.6952 | 6
697243637 | 30 | 1.79559 | 12
1394487274 | 31 | 1.79559 | 12
2788974548 | 32 | 4.63978e-310 | 7
2788974549 | 32 | 4.63978e-310 | 5
333 | 9 | 24.31 | 944
667 | 10 | 24.31 | 944
1334 | 11 | 22.5114 | 463
2668 | 12 | 22.5114 | 463
5336 | 13 | 17.6178 | 364
10672 | 14 | 17.6178 | 364
21344 | 15 | 15.0667 | 158
42688 | 16 | 15.0667 | 158
85377 | 17 | 15.0667 | 158
170755 | 18 | 15.0667 | 158
341510 | 19 | 15.0667 | 158
683020 | 20 | 15.0667 | 158
1366040 | 21 | 15.0667 | 158
2732080 | 22 | 15.0667 | 158
5464161 | 23 | 15.0667 | 158
10928322 | 24 | 15.0667 | 158
21856645 | 25 | 15.0667 | 158
43713291 | 26 | 15.0667 | 158
87426583 | 27 | 15.0667 | 158
174853167 | 28 | 15.0667 | 158
349706334 | 29 | 15.0667 | 158
699412668 | 30 | 15.0667 | 158
1398825337 | 31 | 15.0667 | 158
2797650675 | 32 | 15.0667 | 158
5595301350 | 33 | 15.0667 | 158
11190602701 | 34 | 15.0667 | 158
22381205403 | 35 | 15.0667 | 158
44762410806 | 36 | 15.0667 | 114
89524821613 | 37 | 15.0667 | 114
179049643226 | 38 | 14.8745 | 51
358099286452 | 39 | 3.21143e-322 | 3
358099286453 | 39 | 14.7506 | 48
716198572906 | 40 | 14.7506 | 48
1432397145812 | 41 | 14.7506 | 48
2864794291624 | 42 | 14.7506 | 48
5729588583248 | 43 | 14.7506 | 48
11459177166497 | 44 | 14.7506 | 48
22918354332994 | 45 | 14.7506 | 48
45836708665989 | 46 | 14.7506 | 48
91673417331979 | 47 | 14.7506 | 48
183346834663959 | 48 | 14.7506 | 48
366693669327918 | 49 | 3.50444 | 12
733387338655836 | 50 | 3.50444 | 12
1466774677311673 | 51 | 3.50444 | 12
2933549354623346 | 52 | 3.50444 | 12
5867098709246693 | 53 | 3.50444 | 12
11734197418493386 | 54 | 6.30819 | 1
11734197418493387 | 54 | 2.67557 | 11
23468394836986774 | 55 | 2.67557 | 11
46936789673973548 | 56 | 1.26993 | 6
46936789673973549 | 56 | 1.1107 | 5
366693669327919 | 49 | 4.26915 | 36
733387338655838 | 50 | 4.26915 | 36
1466774677311676 | 51 | 4.26915 | 36
2933549354623352 | 52 | 4.26915 | 36
5867098709246704 | 53 | 4.26915 | 36
11734197418493408 | 54 | 4.26915 | 36
23468394836986816 | 55 | 4.26915 | 36
46936789673973632 | 56 | 4.26915 | 36
93873579347947265 | 57 | 4.26915 | 36
187747158695894530 | 58 | 4.26915 | 36
375494317391789060 | 59 | 4.26915 | 36
750988634783578120 | 60 | 4.26915 | 36
1501977269567156241 | 61 | 4.26915 | 36
3003954539134312483 | 62 | 4.26915 | 36
6007909078268624967 | 63 | 4.26915 | 36
-6430925917172301682 | 64 | 4.26915 | 36
5584892239364948252 | 65 | 4.26915 | 36
-7276959594979655111 | 66 | 4.26915 | 36
3892824883750241394 | 67 | 4.26915 | 36
7785649767500482788 | 68 | 4.26915 | 36
-2875444538708586040 | 69 | 4.26915 | 36
-5750889077417172080 | 70 | 4.26915 | 36
6944965918875207456 | 71 | 4.26915 | 36
-4556812235959136703 | 72 | 4.26915 | 36
-9113624471918273405 | 73 | 4.26915 | 36
219495129873004806 | 74 | 4.26915 | 36
438990259746009613 | 75 | 4.26915 | 36
877980519492019226 | 76 | 4.26915 | 36
1755961038984038453 | 77 | 4.26915 | 36
3511922077968076906 | 78 | 1.58546 | 17
7023844155936153812 | 79 | 1.58546 | 17
-4399055761837243992 | 80 | 1.58546 | 17
-8798111523674487983 | 81 | 1.58546 | 17
850521026360575651 | 82 | 1.58546 | 17
1701042052721151303 | 83 | 1.58546 | 17
3402084105442302606 | 84 | 1.58546 | 17
6804168210884605212 | 85 | 1.58546 | 17
-4838407651940341192 | 86 | 1.58546 | 17
8769928769828869233 | 87 | 1.58546 | 17
-906886534051813149 | 88 | 1.58546 | 17
-1813773068103626298 | 89 | 1.58546 | 17
-3627546136207252595 | 90 | 1.58546 | 17
-7255092272414505190 | 91 | 1.58546 | 17
3936559528880541237 | 92 | 1.58546 | 17
7873119057761082475 | 93 | 1.58546 | 17
-2700505958187386666 | 94 | 1.58546 | 17
-5401011916374773331 | 95 | 1.58546 | 17
7644720240960004955 | 96 | 1.58546 | 17
-3157303591789541705 | 97 | 1.58546 | 17
-6314607183579083410 | 98 | 1.58546 | 17
5817529706551384796 | 99 | 1.58546 | 17
-6811684660606782024 | 100 | 1.58546 | 17
4823374752495987568 | 101 | 1.461 | 4
4823374752495987569 | 101 | 1.54146 | 13
-8799994568717576478 | 102 | 1.54146 | 13
846754936274398660 | 103 | 1.54146 | 13
1693509872548797320 | 104 | 1.54146 | 11
3387019745097594640 | 105 | 0.237114 | 10
3387019745097594641 | 105 | 0.41898 | 1
1693509872548797321 | 104 | 4.63978e-310 | 2
3511922077968076907 | 78 | 2.6177 | 19
7023844155936153815 | 79 | 2.6177 | 19
-4399055761837243986 | 80 | 2.6177 | 17
-8798111523674487972 | 81 | 2.6177 | 17
850521026360575672 | 82 | 2.04155 | 14
1701042052721151345 | 83 | 2.04155 | 14
3402084105442302691 | 84 | 2.04155 | 14
6804168210884605382 | 85 | 2.04155 | 14
-4838407651940340852 | 86 | 4.63978e-310 | 1
-4838407651940340851 | 86 | 1.69058 | 13
8769928769828869914 | 87 | 4.63978e-310 | 1
8769928769828869915 | 87 | 1.69058 | 12
-906886534051811785 | 88 | 1.69058 | 12
-1813773068103623569 | 89 | 1.69058 | 12
-3627546136207247137 | 90 | 1.69058 | 12
-7255092272414494274 | 91 | 0 | 8
-7255092272414494273 | 91 | 0.318822 | 4
850521026360575673 | 82 | 4.63978e-310 | 3
-4399055761837243985 | 80 | 4.63978e-310 | 2
179049643227 | 38 | 14.7709 | 63
358099286455 | 39 | 14.7709 | 63
716198572910 | 40 | 3.45725 | 16
1432397145820 | 41 | 3.34622 | 12
2864794291640 | 42 | 3.34622 | 12
5729588583280 | 43 | 4.63978e-310 | 3
5729588583281 | 43 | 3.21143e-322 | 9
1432397145821 | 41 | 4.63978e-310 | 4
716198572911 | 40 | 4.77023 | 47
1432397145822 | 41 | 4.77023 | 47
2864794291644 | 42 | 4.77023 | 47
5729588583288 | 43 | 6.37345e-322 | 9
5729588583289 | 43 | 3.88661 | 38
11459177166578 | 44 | 3.88661 | 38
22918354333156 | 45 | 3.88661 | 38
45836708666313 | 46 | 3.88661 | 38
91673417332626 | 47 | 3.88661 | 38
183346834665252 | 48 | 3.88661 | 38
366693669330504 | 49 | 2.81551 | 25
733387338661008 | 50 | 1.85652 | 9
733387338661009 | 50 | 2.34372 | 16
1466774677322018 | 51 | 2.34372 | 16
2933549354644037 | 52 | 2.34372 | 16
5867098709288075 | 53 | 2.34372 | 16
11734197418576150 | 54 | 2.34372 | 16
23468394837152300 | 55 | 2.34372 | 16
46936789674304600 | 56 | 2.34372 | 16
93873579348609200 | 57 | 4.63978e-310 | 8
93873579348609201 | 57 | 5.53582 | 8
366693669330505 | 49 | 1.97076 | 13
733387338661010 | 50 | 1.97076 | 13
1466774677322020 | 51 | 1.97076 | 13
2933549354644041 | 52 | 1.97076 | 13
5867098709288083 | 53 | 1.97076 | 13
11734197418576167 | 54 | 1.97076 | 13
23468394837152335 | 55 | 1.97076 | 13
46936789674304671 | 56 | 1.97076 | 13
93873579348609342 | 57 | 1.97076 | 13
187747158697218684 | 58 | 1.97076 | 13
375494317394437368 | 59 | 5.58294e-322 | 4
375494317394437369 | 59 | 0.352102 | 9
44762410807 | 36 | 10.6581 | 44
89524821614 | 37 | 10.6581 | 44
179049643229 | 38 | 10.6581 | 44
358099286459 | 39 | 10.6581 | 44
716198572918 | 40 | 3.21097 | 14
1432397145837 | 41 | 3.21097 | 14
2864794291675 | 42 | 3.21097 | 14
5729588583350 | 43 | 3.21097 | 14
11459177166700 | 44 | 3.21097 | 14
22918354333401 | 45 | 3.21097 | 14
45836708666802 | 46 | 3.21097 | 14
91673417333604 | 47 | 2.39043 | 11
183346834667209 | 48 | 2.39043 | 11
366693669334419 | 49 | 2.39043 | 11
733387338668839 | 50 | 2.39043 | 11
1466774677337679 | 51 | 2.39043 | 11
2933549354675359 | 52 | 2.39043 | 11
5867098709350719 | 53 | 2.39043 | 11
11734197418701439 | 54 | 2.39043 | 11
23468394837402879 | 55 | 2.39043 | 11
46936789674805758 | 56 | 2.39043 | 11
93873579349611516 | 57 | 6.38368 | 6
93873579349611517 | 57 | 4.01188 | 5
91673417333605 | 47 | 4.63978e-310 | 3
716198572919 | 40 | 4.41712 | 30
1432397145838 | 41 | 4.41712 | 30
2864794291676 | 42 | 3.37688 | 16
5729588583352 | 43 | 3.37688 | 16
11459177166704 | 44 | 3.37688 | 16
22918354333408 | 45 | 3.37688 | 16
45836708666816 | 46 | 3.37688 | 16
91673417333632 | 47 | 3.37688 | 16
183346834667265 | 48 | 3.37688 | 16
366693669334530 | 49 | 3.37688 | 16
733387338669060 | 50 | 8.70736 | 3
733387338669061 | 50 | 2.38216 | 13
1466774677338123 | 51 | 2.38216 | 13
2933549354676247 | 52 | 2.38216 | 13
5867098709352494 | 53 | 2.38216 | 13
11734197418704988 | 54 | 2.11759 | 11
23468394837409977 | 55 | 2.11759 | 11
46936789674819955 | 56 | 2.11759 | 11
93873579349639911 | 57 | 2.11759 | 11
187747158699279823 | 58 | 2.11759 | 11
375494317398559646 | 59 | 0 | 10
375494317398559647 | 59 | 4.01188 | 1
11734197418704989 | 54 | 4.63978e-310 | 2
2864794291677 | 42 | 4.41712 | 14
5729588583355 | 43 | 4.41712 | 14
11459177166710 | 44 | 4.41712 | 14
22918354333420 | 45 | 4.41712 | 14
45836708666841 | 46 | 4.41712 | 14
91673417333682 | 47 | 4.41712 | 14
183346834667364 | 48 | 4.41712 | 14
366693669334728 | 49 | 4.41712 | 14
733387338669456 | 50 | 4.41712 | 14
1466774677338912 | 51 | 4.41712 | 14
2933549354677824 | 52 | 4.41712 | 14
5867098709355648 | 53 | 4.79244e-322 | 5
5867098709355649 | 53 | 2.88027 | 9
21345 | 15 | 14.1493 | 206
42690 | 16 | 8.50004 | 79
85380 | 17 | 8.50004 | 79
170760 | 18 | 8.50004 | 79
341521 | 19 | 8.50004 | 79
683043 | 20 | 8.50004 | 79
1366086 | 21 | 7.98863 | 70
2732173 | 22 | 7.98863 | 70
5464347 | 23 | 7.98863 | 70
10928694 | 24 | 7.98863 | 70
21857388 | 25 | 7.98863 | 70
43714776 | 26 | 7.98863 | 70
87429553 | 27 | 7.98863 | 70
174859106 | 28 | 7.98863 | 70
349718212 | 29 | 7.98863 | 70
699436424 | 30 | 7.98863 | 70
1398872849 | 31 | 7.98863 | 70
2797745698 | 32 | 7.98863 | 70
5595491396 | 33 | 7.98863 | 70
11190982793 | 34 | 7.98863 | 70
22381965586 | 35 | 1.58101e-322 | 9
22381965587 | 35 | 7.98863 | 61
44763931175 | 36 | 7.98863 | 61
89527862350 | 37 | 7.98863 | 61
179055724701 | 38 | 7.98863 | 61
358111449402 | 39 | 4.75889 | 58
716222898804 | 40 | 3.08279 | 24
1432445797609 | 41 | 3.08279 | 24
2864891595218 | 42 | 14.6753 | 9
2864891595219 | 42 | 2.631 | 15
5729783190439 | 43 | 2.631 | 15
11459566380879 | 44 | 2.631 | 15
22919132761759 | 45 | 2.631 | 15
45838265523518 | 46 | 2.631 | 15
91676531047036 | 47 | 1.88461 | 14
183353062094072 | 48 | 1.88461 | 14
366706124188144 | 49 | 1.88461 | 14
733412248376288 | 50 | 1.88461 | 14
1466824496752577 | 51 | 1.88461 | 14
2933648993505154 | 52 | 1.63042e-322 | 1
2933648993505155 | 52 | 1.88461 | 13
5867297987010310 | 53 | 1.88461 | 13
11734595974020620 | 54 | 1.88461 | 13
23469191948041241 | 55 | 1.88461 | 13
46938383896082482 | 56 | 1.63042e-322 | 5
46938383896082483 | 56 | 1.63042e-322 | 8
91676531047037 | 47 | 1.63042e-322 | 1
716222898805 | 40 | 3.29876 | 34
1432445797611 | 41 | 3.29876 | 34
2864891595222 | 42 | 3.29876 | 34
5729783190445 | 43 | 3.29876 | 34
11459566380890 | 44 | 3.29876 | 34
22919132761781 | 45 | 3.29876 | 34
45838265523563 | 46 | 3.29876 | 34
91676531047126 | 47 | 3.29876 | 34
183353062094253 | 48 | 3.29876 | 34
366706124188507 | 49 | 3.29876 | 34
733412248377015 | 50 | 3.29876 | 34
1466824496754031 | 51 | 3.29876 | 34
2933648993508063 | 52 | 3.29876 | 34
5867297987016126 | 53 | 2.72268 | 31
11734595974032252 | 54 | 2.72268 | 31
23469191948064504 | 55 | 2.70535 | 28
46938383896129008 | 56 | 2.70535 | 28
93876767792258016 | 57 | 4.63978e-310 | 4
93876767792258017 | 57 | 2.54635 | 24
187753535584516034 | 58 | 2.54635 | 24
375507071169032068 | 59 | 2.54635 | 24
751014142338064136 | 60 | 2.54635 | 24
1502028284676128272 | 61 | 2.13256 | 20
3004056569352256544 | 62 | 2.07504 | 18
6008113138704513088 | 63 | 2.07504 | 18
-6430517796300525439 | 64 | 2.07504 | 18
5585708481108500739 | 65 | 2.07504 | 18
-7275327111492550137 | 66 | 2.07504 | 18
3896089850724451342 | 67 | 2.07504 | 18
7792179701448902685 | 68 | 2.07504 | 18
-2862384670811746246 | 69 | 2.07504 | 18
-5724769341623492491 | 70 | 2.07504 | 18
6997205390462566634 | 71 | 0.422875 | 10
6997205390462566635 | 71 | 1.14489 | 8
3004056569352256545 | 62 | 4.63978e-310 | 2
1502028284676128273 | 61 | 4.63978e-310 | 4
23469191948064505 | 55 | 4.63978e-310 | 3
5867297987016127 | 53 | 4.63978e-310 | 3
358111449403 | 39 | 4.63978e-310 | 3
1366087 | 21 | 4.63978e-310 | 9
42691 | 16 | 8.87926 | 127
85383 | 17 | 8.87926 | 127
170766 | 18 | 8.82677 | 107
341532 | 19 | 8.82677 | 107
683065 | 20 | 8.82677 | 107
1366130 | 21 | 8.82677 | 107
2732261 | 22 | 8.82677 | 107
5464522 | 23 | 8.82677 | 107
10929045 | 24 | 8.82677 | 107
21858091 | 25 | 8.82677 | 107
43716183 | 26 | 8.82677 | 107
87432366 | 27 | 8.82677 | 102
174864732 | 28 | 4.96216 | 66
349729464 | 29 | 4.96216 | 66
699458928 | 30 | 4.96216 | 66
1398917857 | 31 | 4.96216 | 66
2797835714 | 32 | 4.49207 | 64
5595671429 | 33 | 4.49207 | 64
11191342858 | 34 | 4.49207 | 64
22382685716 | 35 | 4.02471 | 51
44765371433 | 36 | 4.02471 | 51
89530742866 | 37 | 2.94728 | 29
179061485733 | 38 | 2.94728 | 29
358122971466 | 39 | 2.94728 | 29
716245942932 | 40 | 2.94728 | 29
1432491885864 | 41 | 1.58427 | 11
2864983771729 | 42 | 1.58427 | 11
5729967543458 | 43 | 0.0563624 | 5
5729967543459 | 43 | 0.557262 | 6
1432491885865 | 41 | 1.62751 | 18
2864983771730 | 42 | 1.62751 | 18
5729967543460 | 43 | 1.62751 | 18
11459935086920 | 44 | 1.62751 | 15
22919870173841 | 45 | 1.62751 | 15
45839740347683 | 46 | 1.62751 | 15
91679480695367 | 47 | 1.62751 | 15
183358961390734 | 48 | 1.62751 | 15
366717922781469 | 49 | 1.62751 | 15
733435845562939 | 50 | 1.62751 | 15
1466871691125878 | 51 | 1.62751 | 15
2933743382251757 | 52 | 1.62751 | 15
5867486764503514 | 53 | 0.519283 | 8
5867486764503515 | 53 | 0.636269 | 7
11459935086921 | 44 | 4.63978e-310 | 3
89530742867 | 37 | 2.94515 | 22
179061485735 | 38 | 2.94515 | 22
358122971471 | 39 | 2.94515 | 22
716245942943 | 40 | 2.94515 | 22
1432491885886 | 41 | 2.94515 | 22
2864983771773 | 42 | 2.94515 | 22
5729967543546 | 43 | 2.94515 | 22
11459935087092 | 44 | 2.94515 | 22
22919870174184 | 45 | 2.94515 | 22
45839740348369 | 46 | 2.94515 | 22
91679480696738 | 47 | 2.94515 | 22
183358961393477 | 48 | 2.94515 | 22
366717922786955 | 49 | 2.94515 | 22
733435845573910 | 50 | 1.14731 | 1
733435845573911 | 50 | 2.88852 | 21
1466871691147822 | 51 | 2.88852 | 21
2933743382295644 | 52 | 2.88852 | 21
5867486764591289 | 53 | 2.88852 | 21
11734973529182579 | 54 | 2.88852 | 21
23469947058365158 | 55 | 2.88852 | 21
46939894116730316 | 56 | 2.88852 | 21
93879788233460632 | 57 | 2.88852 | 21
187759576466921264 | 58 | 2.88852 | 21
375519152933842529 | 59 | 2.88852 | 21
751038305867685058 | 60 | 2.88852 | 21
1502076611735370116 | 61 | 2.88852 | 21
3004153223470740232 | 62 | 0.414084 | 8
3004153223470740233 | 62 | 1.59917 | 13
6008306446941480467 | 63 | 1.59917 | 13
-6430131179826590681 | 64 | 1.59917 | 13
5586481714056370254 | 65 | 1.59917 | 13
-7273780645596811107 | 66 | 1.59917 | 13
3899182782515929402 | 67 | 0.507692 | 1
3899182782515929403 | 67 | 1.58244 | 12
7798365565031858807 | 68 | 1.58244 | 12
-2850012943645834001 | 69 | 1.58244 | 12
-5700025887291668002 | 70 | 1.58244 | 12
7046692299126215613 | 71 | 1.58244 | 12
-4353359475457120389 | 72 | 1.58244 | 12
-8706718950914240777 | 73 | 1.58244 | 12
1033306171881070063 | 74 | 1.58244 | 12
2066612343762140126 | 75 | 1.58244 | 12
4133224687524280252 | 76 | 1.58244 | 12
8266449375048560505 | 77 | 1.58244 | 12
-1913845323612430606 | 78 | 1.58244 | 12
-3827690647224861212 | 79 | 3.5767 | 2
-3827690647224861211 | 79 | 0.480901 | 10
22382685717 | 35 | 2.62141 | 13
44765371435 | 36 | 2.62141 | 13
89530742871 | 37 | 2.62141 | 13
179061485742 | 38 | 2.62141 | 13
358122971485 | 39 | 2.62141 | 13
716245942971 | 40 | 2.62141 | 13
1432491885943 | 41 | 2.62141 | 13
2864983771887 | 42 | 2.62141 | 13
5729967543774 | 43 | 2.62141 | 13
11459935087548 | 44 | 2.62141 | 13
22919870175097 | 45 | 2.62141 | 13
45839740350195 | 46 | 2.62141 | 13
91679480700391 | 47 | 2.62141 | 13
183358961400782 | 48 | 2.62141 | 13
366717922801564 | 49 | 4.63978e-310 | 7
366717922801565 | 49 | 4.63978e-310 | 6
2797835715 | 32 | 4.63978e-310 | 2
174864733 | 28 | 7.04869 | 36
349729466 | 29 | 4.63978e-310 | 7
349729467 | 29 | 6.68873 | 29
699458935 | 30 | 6.68873 | 29
1398917871 | 31 | 6.68873 | 29
2797835742 | 32 | 6.68873 | 29
5595671484 | 33 | 2.13412 | 15
11191342969 | 34 | 2.13412 | 15
22382685938 | 35 | 2.13412 | 15
44765371877 | 36 | 2.13412 | 15
89530743754 | 37 | 2.13412 | 15
179061487509 | 38 | 2.13412 | 15
358122975019 | 39 | 2.13412 | 15
716245950039 | 40 | 2.13412 | 15
1432491900079 | 41 | 2.13412 | 15
2864983800159 | 42 | 2.13412 | 15
5729967600319 | 43 | 2.13412 | 15
11459935200638 | 44 | 2.13412 | 15
22919870401276 | 45 | 2.13412 | 15
45839740802552 | 46 | 2.13412 | 15
91679481605104 | 47 | 2.13412 | 15
183358963210208 | 48 | 2.13412 | 15
366717926420416 | 49 | 2.13412 | 15
733435852840833 | 50 | 2.13412 | 15
1466871705681666 | 51 | 2.13412 | 15
2933743411363332 | 52 | 2.13412 | 15
5867486822726664 | 53 | 2.13412 | 15
11734973645453329 | 54 | 2.13412 | 15
23469947290906659 | 55 | 2.13412 | 15
46939894581813318 | 56 | 2.13412 | 15
93879789163626637 | 57 | 2.13412 | 15
187759578327253275 | 58 | 2.13412 | 15
375519156654506550 | 59 | 0.559256 | 2
375519156654506551 | 59 | 1.82289 | 13
751038313309013102 | 60 | 1.82289 | 13
1502076626618026205 | 61 | 1.82289 | 13
3004153253236052410 | 62 | 1.27315 | 11
6008306506472104820 | 63 | 2.78868 | 9
6008306506472104821 | 63 | 0.415009 | 2
3004153253236052411 | 62 | 4.63978e-310 | 2
5595671485 | 33 | 6.52495 | 14
11191342970 | 34 | 6.52495 | 14
22382685941 | 35 | 6.52495 | 14
44765371882 | 36 | 6.52495 | 11
89530743764 | 37 | 6.52495 | 11
179061487528 | 38 | 6.52495 | 11
358122975056 | 39 | 6.52495 | 11
716245950113 | 40 | 6.52495 | 11
1432491900226 | 41 | 6.52495 | 11
2864983800452 | 42 | 6.52495 | 11
5729967600904 | 43 | 6.52495 | 11
11459935201809 | 44 | 6.52495 | 11
22919870403618 | 45 | 4.63978e-310 | 3
22919870403619 | 45 | 4.63978e-310 | 8
44765371883 | 36 | 4.63978e-310 | 3
87432367 | 27 | 4.63978e-310 | 5
170767 | 18 | 5.29742 | 20
341534 | 19 | 4.63978e-310 | 1
341535 | 19 | 4.51038 | 19
683070 | 20 | 4.51038 | 19
1366141 | 21 | 4.51038 | 19
2732283 | 22 | 4.51038 | 19
5464566 | 23 | 3.90277 | 18
10929133 | 24 | 3.90277 | 18
21858266 | 25 | 3.90277 | 18
43716532 | 26 | 3.61682 | 15
87433065 | 27 | 3.61682 | 15
174866131 | 28 | 3.61682 | 15
349732262 | 29 | 3.61682 | 14
699464525 | 30 | 3.61682 | 14
1398929050 | 31 | 3.42088 | 11
2797858100 | 32 | 3.42088 | 11
5595716200 | 33 | 3.42088 | 11
11191432400 | 34 | 1.67936 | 8
11191432401 | 34 | 1.51273 | 3
1398929051 | 31 | 4.63978e-310 | 3
349732263 | 29 | 4.63978e-310 | 1
43716533 | 26 | 4.63978e-310 | 3
5464567 | 23 | 4.63978e-310 | 1
5337 | 13 | 11.4201 | 99
10674 | 14 | 11.4201 | 99
21349 | 15 | 11.4201 | 99
42699 | 16 | 11.4201 | 99
85399 | 17 | 11.4201 | 99
170799 | 18 | 11.4201 | 99
341598 | 19 | 11.4201 | 99
683197 | 20 | 11.4201 | 99
1366395 | 21 | 11.4201 | 99
2732791 | 22 | 11.4201 | 99
5465582 | 23 | 11.4201 | 99
10931165 | 24 | 11.4201 | 99
21862330 | 25 | 11.4201 | 99
43724661 | 26 | 11.4201 | 99
87449323 | 27 | 11.4201 | 99
174898647 | 28 | 11.4201 | 99
349797294 | 29 | 11.4201 | 99
699594589 | 30 | 11.4201 | 99
1399189178 | 31 | 11.4201 | 99
2798378356 | 32 | 11.4201 | 99
5596756712 | 33 | 11.4201 | 99
11193513425 | 34 | 11.4201 | 99
22387026850 | 35 | 11.4201 | 99
44774053701 | 36 | 11.4201 | 99
89548107403 | 37 | 11.4201 | 99
179096214806 | 38 | 11.4201 | 99
358192429612 | 39 | 11.4201 | 99
716384859224 | 40 | 11.4201 | 99
1432769718448 | 41 | 11.4201 | 99
2865539436896 | 42 | 4.32868 | 35
5731078873793 | 43 | 4.32868 | 35
11462157747587 | 44 | 4.32868 | 35
22924315495175 | 45 | 4.32868 | 35
45848630990351 | 46 | 4.32868 | 35
91697261980703 | 47 | 4.32868 | 35
183394523961406 | 48 | 4.0789 | 30
366789047922812 | 49 | 4.0789 | 30
733578095845624 | 50 | 4.0789 | 30
1467156191691248 | 51 | 4.0789 | 30
2934312383382496 | 52 | 4.0789 | 30
5868624766764993 | 53 | 4.0789 | 30
11737249533529986 | 54 | 4.0789 | 30
23474499067059972 | 55 | 4.0789 | 30
46948998134119944 | 56 | 4.0789 | 30
93897996268239888 | 57 | 4.0789 | 30
187795992536479777 | 58 | 4.0789 | 30
375591985072959555 | 59 | 4.0789 | 30
751183970145919110 | 60 | 4.0789 | 30
1502367940291838221 | 61 | 4.0789 | 30
3004735880583676442 | 62 | 4.0789 | 30
6009471761167352884 | 63 | 3.3227 | 18
-6427800551374845847 | 64 | 3.3227 | 18
5591142970959859923 | 65 | 3.3227 | 18
-7264458131789831769 | 66 | 3.3227 | 18
3917827810129888078 | 67 | 3.3227 | 18
7835655620259776156 | 68 | 4.69666 | 2
7835655620259776157 | 68 | 2.51926 | 16
-2775432833189999301 | 69 | 2.51926 | 16
-5550865666379998601 | 70 | 2.51926 | 16
7345012740949554414 | 71 | 2.51926 | 16
-3756718591810442788 | 72 | 2.51926 | 16
-7513437183620885576 | 73 | 2.51926 | 16
3419869706467780465 | 74 | 2.51926 | 16
6839739412935560930 | 75 | 2.51926 | 16
-4767265247838429755 | 76 | 2.51926 | 16
8912213578032692106 | 77 | 4.63978e-310 | 9
8912213578032692107 | 77 | 6.90513e-310 | 7
6009471761167352885 | 63 | 2.50004 | 12
-6427800551374845845 | 64 | 2.50004 | 12
5591142970959859926 | 65 | 2.50004 | 12
-7264458131789831763 | 66 | 2.50004 | 12
3917827810129888090 | 67 | 2.50004 | 12
7835655620259776180 | 68 | 2.50004 | 12
-2775432833189999255 | 69 | 2.50004 | 12
-5550865666379998510 | 70 | 2.50004 | 12
7345012740949554597 | 71 | 2.50004 | 12
-3756718591810442421 | 72 | 2.50004 | 12
-7513437183620884842 | 73 | 2.50004 | 12
3419869706467781933 | 74 | 2.50004 | 12
6839739412935563867 | 75 | 2.50004 | 12
-4767265247838423881 | 76 | 2.50004 | 12
8912213578032703854 | 77 | 2.50004 | 12
-622316917644143908 | 78 | 2.50004 | 12
-1244633835288287815 | 79 | 2.50004 | 12
-2489267670576575630 | 80 | 4.00193e-322 | 2
-2489267670576575629 | 80 | 2.46675 | 10
183394523961407 | 48 | 4.63978e-310 | 5
2865539436897 | 42 | 7.80876 | 64
5731078873794 | 43 | 7.80876 | 64
11462157747589 | 44 | 7.80876 | 64
22924315495178 | 45 | 7.80876 | 64
45848630990356 | 46 | 3.16904 | 20
91697261980712 | 47 | 2.79597 | 18
183394523961424 | 48 | 2.79597 | 18
366789047922848 | 49 | 2.79597 | 18
733578095845696 | 50 | 2.37542 | 13
1467156191691392 | 51 | 4.63978e-310 | 8
1467156191691393 | 51 | 4.63978e-310 | 5
733578095845697 | 50 | 4.63978e-310 | 5
91697261980713 | 47 | 4.63978e-310 | 2
45848630990357 | 46 | 5.89708 | 44
91697261980714 | 47 | 5.89708 | 44
183394523961428 | 48 | 5.89708 | 44
366789047922856 | 49 | 4.63978e-310 | 3
366789047922857 | 49 | 5.89708 | 41
733578095845714 | 50 | 5.89708 | 41
1467156191691429 | 51 | 5.89708 | 41
2934312383382858 | 52 | 5.46231 | 37
5868624766765716 | 53 | 5.46231 | 34
11737249533531432 | 54 | 2.70236 | 17
23474499067062864 | 55 | 0.100883 | 6
23474499067062865 | 55 | 2.20303 | 11
46948998134125731 | 56 | 2.20303 | 11
93897996268251462 | 57 | 2.20303 | 11
187795992536502924 | 58 | 4.64052 | 3
187795992536502925 | 58 | 4.63978e-310 | 8
11737249533531433 | 54 | 4.12057 | 17
23474499067062866 | 55 | 4.63978e-310 | 5
23474499067062867 | 55 | 2.84085 | 12
46948998134125734 | 56 | 0 | 10
46948998134125735 | 56 | 1.13457 | 2
5868624766765717 | 53 | 4.63978e-310 | 3
2934312383382859 | 52 | 4.63978e-310 | 4
1335 | 11 | 23.3765 | 481
2671 | 12 | 23.3765 | 481
5342 | 13 | 23.3765 | 481
10684 | 14 | 23.3765 | 481
21368 | 15 | 23.3765 | 481
42736 | 16 | 18.0917 | 369
85472 | 17 | 18.0917 | 369
170944 | 18 | 18.0917 | 369
341888 | 19 | 18.0917 | 369
683776 | 20 | 18.0287 | 147
1367552 | 21 | 18.0287 | 147
2735104 | 22 | 15.5678 | 102
5470208 | 23 | 15.5678 | 102
10940416 | 24 | 12.3208 | 91
21880832 | 25 | 4.63978e-310 | 2
21880833 | 25 | 11.2673 | 89
43761666 | 26 | 11.2673 | 89
87523333 | 27 | 11.2673 | 89
175046666 | 28 | 11.2673 | 89
350093332 | 29 | 11.2673 | 89
700186664 | 30 | 11.2673 | 89
1400373329 | 31 | 11.2673 | 89
2800746658 | 32 | 11.2673 | 89
5601493317 | 33 | 11.2673 | 89
11202986634 | 34 | 11.2673 | 89
22405973269 | 35 | 11.2673 | 89
44811946538 | 36 | 11.2673 | 89
89623893077 | 37 | 11.2673 | 89
179247786155 | 38 | 11.2673 | 89
358495572311 | 39 | 11.2673 | 89
716991144622 | 40 | 11.2673 | 89
1433982289244 | 41 | 11.2673 | 89
2867964578488 | 42 | 11.2673 | 89
5735929156977 | 43 | 11.2673 | 89
11471858313954 | 44 | 9.03247 | 12
22943716627908 | 45 | 9.03247 | 12
45887433255816 | 46 | 9.03247 | 12
91774866511633 | 47 | 9.03247 | 12
183549733023267 | 48 | 9.03247 | 12
367099466046534 | 49 | 4.66973 | 9
367099466046535 | 49 | 3.5224 | 3
11471858313955 | 44 | 11.2517 | 77
22943716627910 | 45 | 11.2517 | 77
45887433255820 | 46 | 11.2517 | 77
91774866511641 | 47 | 11.2517 | 77
183549733023282 | 48 | 2.48634 | 12
367099466046564 | 49 | 4.63978e-310 | 7
367099466046565 | 49 | 4.63978e-310 | 5
183549733023283 | 48 | 8.97986 | 65
367099466046566 | 49 | 8.97986 | 65
734198932093132 | 50 | 8.97986 | 65
1468397864186265 | 51 | 8.97986 | 65
2936795728372531 | 52 | 8.97986 | 65
5873591456745062 | 53 | 8.97986 | 65
11747182913490125 | 54 | 8.97986 | 65
23494365826980250 | 55 | 8.97986 | 65
46988731653960500 | 56 | 8.97986 | 65
93977463307921000 | 57 | 8.97986 | 65
187954926615842000 | 58 | 8.97986 | 65
375909853231684000 | 59 | 8.97986 | 65
751819706463368000 | 60 | 8.97986 | 65
1503639412926736000 | 61 | 7.64115 | 5
1503639412926736001 | 61 | 7.05718 | 60
3007278825853472002 | 62 | 7.05718 | 60
6014557651706944005 | 63 | 7.05718 | 60
-6417628770295663606 | 64 | 2.19903 | 17
5611486533118224404 | 65 | 2.19903 | 17
-7223771007473102808 | 66 | 2.19903 | 17
3999202058763346001 | 67 | 2.19903 | 17
7998404117526692002 | 68 | 2.19903 | 17
-2449935838656167611 | 69 | 2.19903 | 17
-4899871677312335222 | 70 | 1.74068 | 16
8647000719084881172 | 71 | 1.74068 | 16
-1152742635539789271 | 72 | 1.74068 | 16
-2305485271079578542 | 73 | 1.74068 | 16
-4610970542159157083 | 74 | 1.74068 | 16
-9221941084318314165 | 75 | 1.74068 | 16
2861905072923286 | 76 | 9.85767 | 1
2861905072923287 | 76 | 1.71288 | 15
5723810145846574 | 77 | 1.71288 | 15
11447620291693148 | 78 | 1.71288 | 15
22895240583386296 | 79 | 1.71288 | 15
45790481166772592 | 80 | 1.71288 | 15
91580962333545184 | 81 | 1.71288 | 15
183161924667090369 | 82 | 1.71288 | 15
366323849334180738 | 83 | 1.71288 | 15
732647698668361477 | 84 | 1.71288 | 15
1465295397336722955 | 85 | 1.71288 | 15
2930590794673445910 | 86 | 1.71288 | 14
5861181589346891821 | 87 | 1.71288 | 14
-6724380895015767974 | 88 | 1.71288 | 14
4997982283678015668 | 89 | 22.7551 | 4
4997982283678015669 | 89 | 2.10495 | 10
2930590794673445911 | 86 | 4.63978e-310 | 1
-4899871677312335221 | 70 | 4.63978e-310 | 1
-6417628770295663605 | 64 | 4.38836 | 43
5611486533118224406 | 65 | 4.38836 | 43
-7223771007473102804 | 66 | 4.38836 | 43
3999202058763346008 | 67 | 4.38836 | 43
7998404117526692016 | 68 | 4.38836 | 43
-2449935838656167584 | 69 | 4.38836 | 43
-4899871677312335167 | 70 | 4.38836 | 43
8647000719084881282 | 71 | 4.79244e-322 | 5
8647000719084881283 | 71 | 4.38836 | 38
-1152742635539789049 | 72 | 4.38836 | 38
-2305485271079578097 | 73 | 4.38836 | 38
-4610970542159156193 | 74 | 4.38836 | 38
-9221941084318312386 | 75 | 4.38836 | 38
2861905072926844 | 76 | 4.38836 | 38
5723810145853689 | 77 | 4.38836 | 38
11447620291707379 | 78 | 4.38836 | 38
22895240583414758 | 79 | 4.38836 | 38
45790481166829517 | 80 | 4.38836 | 38
91580962333659035 | 81 | 4.38836 | 38
183161924667318070 | 82 | 4.38836 | 38
366323849334636141 | 83 | 4.38836 | 38
732647698669272283 | 84 | 4.38836 | 38
1465295397338544566 | 85 | 4.38836 | 38
2930590794677089132 | 86 | 4.38836 | 38
5861181589354178264 | 87 | 4.38836 | 38
-6724380895001195087 | 88 | 4.38836 | 38
4997982283707161442 | 89 | 4.38836 | 38
-8450779506295228732 | 90 | 4.38836 | 38
1545185061119094153 | 91 | 4.38836 | 38
3090370122238188307 | 92 | 4.38836 | 38
6180740244476376614 | 93 | 4.38836 | 38
-6085263584756798387 | 94 | 4.38836 | 38
6276216904195954842 | 95 | 4.38836 | 38
-5894310265317641932 | 96 | 2.42589 | 22
6658123543074267752 | 97 | 2.42589 | 22
-5130496987561016111 | 98 | 2.42589 | 22
8185750098587519395 | 99 | 2.42589 | 22
-2075243876534512825 | 100 | 2.42589 | 22
-4150487753069025650 | 101 | 2.42589 | 22
-8300975506138051300 | 102 | 2.42589 | 22
1844793061433449016 | 103 | 2.42589 | 22
3689586122866898032 | 104 | 2.42589 | 22
7379172245733796065 | 105 | 2.42589 | 22
-3688399582241959486 | 106 | 0.758725 | 2
-3688399582241959485 | 106 | 2.22817 | 20
-7376799164483918970 | 107 | 2.22817 | 20
3693145744741713677 | 108 | 2.22817 | 20
7386291489483427354 | 109 | 4.36642 | 6
7386291489483427355 | 109 | 1.66694 | 14
-3674161094742696906 | 110 | 6.90513e-310 | 5
-3674161094742696905 | 110 | 1.36382 | 9
-5894310265317641931 | 96 | 1.66055 | 16
6658123543074267754 | 97 | 1.51364 | 15
-5130496987561016108 | 98 | 1.51364 | 15
8185750098587519401 | 99 | 1.51364 | 15
-2075243876534512814 | 100 | 1.51364 | 15
-4150487753069025628 | 101 | 1.51364 | 15
-8300975506138051255 | 102 | 1.51364 | 15
1844793061433449106 | 103 | 1.23077 | 11
3689586122866898212 | 104 | 1.79375 | 1
3689586122866898213 | 104 | 4.72307 | 10
1844793061433449107 | 103 | 4.63978e-310 | 4
6658123543074267755 | 97 | 4.63978e-310 | 1
10940417 | 24 | 11.6599 | 11
21880834 | 25 | 4.63978e-310 | 1
21880835 | 25 | 4.63978e-310 | 10
2735105 | 22 | 11.6556 | 45
5470211 | 23 | 11.6556 | 45
10940423 | 24 | 11.6556 | 45
21880846 | 25 | 11.6556 | 45
43761693 | 26 | 11.6556 | 45
87523386 | 27 | 11.6556 | 45
175046772 | 28 | 11.6556 | 45
350093544 | 29 | 11.6556 | 45
700187089 | 30 | 11.6556 | 45
1400374178 | 31 | 11.6556 | 45
2800748357 | 32 | 11.6556 | 45
5601496714 | 33 | 5.59333 | 36
11202993428 | 34 | 5.59333 | 36
22405986856 | 35 | 5.59333 | 36
44811973713 | 36 | 5.59333 | 36
89623947426 | 37 | 5.59333 | 36
179247894852 | 38 | 5.59333 | 36
358495789704 | 39 | 0 | 8
358495789705 | 39 | 3.74273 | 28
716991579411 | 40 | 3.74273 | 28
1433983158822 | 41 | 3.74273 | 28
2867966317644 | 42 | 3.74273 | 28
5735932635288 | 43 | 11.5027 | 4
5735932635289 | 43 | 3.49871 | 24
11471865270579 | 44 | 3.49871 | 24
22943730541159 | 45 | 3.49871 | 24
45887461082319 | 46 | 3.49871 | 24
91774922164638 | 47 | 3.49871 | 24
183549844329276 | 48 | 3.49871 | 24
367099688658552 | 49 | 3.49871 | 24
734199377317104 | 50 | 3.49871 | 24
1468398754634208 | 51 | 2.24258 | 12
2936797509268417 | 52 | 2.24258 | 12
5873595018536835 | 53 | 2.24258 | 12
11747190037073670 | 54 | 2.24258 | 12
23494380074147340 | 55 | 3.79348 | 6
23494380074147341 | 55 | 2.44839 | 6
1468398754634209 | 51 | 2.23449 | 12
2936797509268418 | 52 | 2.23449 | 12
5873595018536836 | 53 | 2.23449 | 12
11747190037073673 | 54 | 2.23449 | 12
23494380074147346 | 55 | 2.23449 | 12
46988760148294692 | 56 | 2.23449 | 12
93977520296589384 | 57 | 2.23449 | 12
187955040593178769 | 58 | 2.23449 | 12
375910081186357539 | 59 | 2.23449 | 12
751820162372715079 | 60 | 2.23449 | 12
1503640324745430159 | 61 | 2.23449 | 12
3007280649490860319 | 62 | 2.23449 | 12
6014561298981720638 | 63 | 2.23449 | 12
-6417621475746110340 | 64 | 2.23449 | 12
5611501122217330936 | 65 | 2.23449 | 12
-7223741829274889743 | 66 | 2.23449 | 12
3999260415159772130 | 67 | 2.23449 | 12
7998520830319544260 | 68 | 2.23449 | 12
-2449702413070463096 | 69 | 2.23449 | 12
-4899404826140926191 | 70 | 2.23449 | 12
8647934421427699234 | 71 | 2.23449 | 12
-1150875230854153148 | 72 | 2.23449 | 12
-2301750461708306296 | 73 | 4.63978e-310 | 8
-2301750461708306295 | 73 | 1.58101e-322 | 4
5601496715 | 33 | 4.63978e-310 | 9
683777 | 20 | 17.9601 | 222
1367555 | 21 | 17.9601 | 222
2735110 | 22 | 17.9601 | 222
5470220 | 23 | 17.9601 | 214
10940441 | 24 | 17.9601 | 214
21880882 | 25 | 4.63978e-310 | 2
21880883 | 25 | 17.7334 | 212
43761766 | 26 | 17.7334 | 212
87523533 | 27 | 17.7334 | 212
175047066 | 28 | 17.7334 | 212
350094133 | 29 | 17.7334 | 212
700188267 | 30 | 17.7334 | 212
1400376534 | 31 | 17.7334 | 212
2800753068 | 32 | 17.7334 | 212
5601506136 | 33 | 17.7334 | 212
11203012272 | 34 | 17.7334 | 212
22406024545 | 35 | 17.7334 | 212
44812049091 | 36 | 17.7334 | 212
89624098183 | 37 | 17.7334 | 212
179248196366 | 38 | 17.7334 | 212
358496392733 | 39 | 17.7334 | 212
716992785467 | 40 | 17.7334 | 212
1433985570935 | 41 | 17.7334 | 212
2867971141871 | 42 | 17.7334 | 212
5735942283743 | 43 | 17.7334 | 212
11471884567486 | 44 | 16.1405 | 166
22943769134973 | 45 | 16.1405 | 166
45887538269946 | 46 | 16.1405 | 166
91775076539893 | 47 | 16.1405 | 166
183550153079786 | 48 | 14.2944 | 107
367100306159572 | 49 | 12.3979 | 73
734200612319145 | 50 | 12.3979 | 73
1468401224638291 | 51 | 12.3979 | 73
2936802449276582 | 52 | 12.3979 | 73
5873604898553164 | 53 | 12.3979 | 73
11747209797106328 | 54 | 12.3979 | 73
23494419594212656 | 55 | 12.3979 | 73
46988839188425313 | 56 | 12.3979 | 73
93977678376850626 | 57 | 156.485 | 4
93977678376850627 | 57 | 11.9203 | 69
187955356753701255 | 58 | 11.9203 | 69
375910713507402511 | 59 | 11.9203 | 69
751821427014805022 | 60 | 11.9203 | 69
1503642854029610045 | 61 | 11.9203 | 69
3007285708059220091 | 62 | 11.9203 | 69
6014571416118440182 | 63 | 11.9203 | 69
-6417601241472671252 | 64 | 11.9203 | 69
5611541590764209113 | 65 | 11.9203 | 69
-7223660892181133389 | 66 | 11.9203 | 69
3999422289347284838 | 67 | 11.9203 | 69
7998844578694569677 | 68 | 11.9203 | 69
-2449054916320412262 | 69 | 11.9203 | 69
-4898109832640824524 | 70 | 4.44871 | 27
8650524408427902568 | 71 | 133.076 | 7
8650524408427902569 | 71 | 4.19443 | 20
-1145695256853746477 | 72 | 4.19443 | 20
-2291390513707492954 | 73 | 4.19443 | 20
-4582781027414985908 | 74 | 4.19443 | 20
-9165562054829971816 | 75 | 4.19443 | 20
115619964049607984 | 76 | 4.19443 | 20
231239928099215968 | 77 | 4.19443 | 19
462479856198431937 | 78 | 4.19443 | 19
924959712396863875 | 79 | 4.19443 | 19
1849919424793727751 | 80 | 4.19443 | 19
3699838849587455503 | 81 | 4.19443 | 19
7399677699174911006 | 82 | 0 | 2
7399677699174911007 | 82 | 3.40366 | 17
-3647388675359729602 | 83 | 3.40366 | 17
-7294777350719459204 | 84 | 3.40366 | 17
3857189372270633208 | 85 | 3.40366 | 17
7714378744541266416 | 86 | 3.40366 | 17
-3017986584627018783 | 87 | 3.40366 | 17
-6035973169254037566 | 88 | 0.920654 | 4
-6035973169254037565 | 88 | 2.18008 | 13
6374797735201476486 | 89 | 2.18008 | 13
-5697148603306598644 | 90 | 75.6735 | 3
-5697148603306598643 | 90 | 4.63978e-310 | 10
231239928099215969 | 77 | 4.63978e-310 | 1
-4898109832640824523 | 70 | 3.64388 | 42
8650524408427902571 | 71 | 3.64388 | 42
-1145695256853746474 | 72 | 3.64388 | 42
-2291390513707492948 | 73 | 3.64388 | 42
-4582781027414985896 | 74 | 3.64388 | 42
-9165562054829971792 | 75 | 3.64388 | 42
115619964049608032 | 76 | 3.64388 | 42
231239928099216064 | 77 | 3.64388 | 42
462479856198432128 | 78 | 3.64388 | 42
924959712396864256 | 79 | 3.64388 | 42
1849919424793728512 | 80 | 3.64388 | 42
3699838849587457025 | 81 | 3.64388 | 42
7399677699174914050 | 82 | 1.31805 | 12
-3647388675359723515 | 83 | 1.31805 | 12
-7294777350719447030 | 84 | 1.31805 | 12
3857189372270657557 | 85 | 1.31805 | 12
7714378744541315114 | 86 | 1.31805 | 12
-3017986584626921388 | 87 | 1.31805 | 12
-6035973169253842776 | 88 | 1.31805 | 12
6374797735201866064 | 89 | 1.31805 | 12
-5697148603305819488 | 90 | 1.31805 | 12
7052446867097912640 | 91 | 1.31805 | 12
-4341850339513726336 | 92 | 1.31805 | 12
-8683700679027452671 | 93 | 1.31805 | 12
1079342715654646274 | 94 | 1.31805 | 12
2158685431309292548 | 95 | 1.31805 | 12
4317370862618585097 | 96 | 1.31805 | 12
8634741725237170195 | 97 | 1.31805 | 12
-1177260623235211225 | 98 | 1.31805 | 12
-2354521246470422450 | 99 | 1.03065 | 9
-2354521246470422449 | 99 | 6.39786 | 3
7399677699174914051 | 82 | 2.74436 | 30
-3647388675359723513 | 83 | 2.74436 | 30
-7294777350719447026 | 84 | 2.74436 | 30
3857189372270657564 | 85 | 2.74436 | 30
7714378744541315128 | 86 | 2.74436 | 30
-3017986584626921359 | 87 | 2.74436 | 30
-6035973169253842718 | 88 | 2.25687 | 25
6374797735201866180 | 89 | 2.25687 | 25
-5697148603305819256 | 90 | 2.25687 | 25
7052446867097913104 | 91 | 2.68084 | 2
7052446867097913105 | 91 | 2.02307 | 23
-4341850339513725405 | 92 | 2.02307 | 23
-8683700679027450810 | 93 | 2.02307 | 23
1079342715654649997 | 94 | 2.02307 | 23
2158685431309299994 | 95 | 0.356452 | 9
2158685431309299995 | 95 | 1.9475 | 14
4317370862618599991 | 96 | 1.9475 | 14
8634741725237199983 | 97 | 1.9475 | 14
-1177260623235151649 | 98 | 1.9475 | 14
-2354521246470303298 | 99 | 2.93971 | 7
-2354521246470303297 | 99 | 0.20856 | 7
-6035973169253842717 | 88 | 4.63978e-310 | 5
367100306159573 | 49 | 4.04779 | 34
734200612319147 | 50 | 4.04779 | 34
1468401224638294 | 51 | 4.04779 | 34
2936802449276589 | 52 | 4.04779 | 34
5873604898553178 | 53 | 4.04779 | 34
11747209797106356 | 54 | 2.87023 | 25
23494419594212712 | 55 | 2.87023 | 25
46988839188425424 | 56 | 2.87023 | 25
93977678376850848 | 57 | 2.87023 | 25
187955356753701696 | 58 | 2.87023 | 25
375910713507403392 | 59 | 2.87023 | 25
751821427014806784 | 60 | 2.87023 | 25
1503642854029613568 | 61 | 2.87023 | 25
3007285708059227137 | 62 | 2.87023 | 25
6014571416118454274 | 63 | 0.501969 | 4
6014571416118454275 | 63 | 2.61523 | 21
-6417601241472643066 | 64 | 2.61523 | 21
5611541590764265484 | 65 | 2.61523 | 21
-7223660892181020647 | 66 | 2.61523 | 21
3999422289347510322 | 67 | 2.61523 | 21
7998844578695020644 | 68 | 2.61523 | 21
-2449054916319510328 | 69 | 2.61523 | 21
-4898109832639020656 | 70 | 1.63042e-322 | 10
-4898109832639020655 | 70 | 1.16384 | 11
8650524408431510306 | 71 | 1.16384 | 11
-1145695256846531003 | 72 | 1.16384 | 11
-2291390513693062006 | 73 | 1.16384 | 11
-4582781027386124012 | 74 | 1.16384 | 11
-9165562054772248023 | 75 | 1.16384 | 11
115619964165055571 | 76 | 1.16384 | 11
231239928330111143 | 77 | 1.16384 | 11
462479856660222287 | 78 | 1.16384 | 11
924959713320444574 | 79 | 1.16384 | 11
1849919426640889148 | 80 | 1.16384 | 11
3699838853281778296 | 81 | 3.21143e-322 | 2
3699838853281778297 | 81 | 4.79244e-322 | 9
11747209797106357 | 54 | 4.63978e-310 | 9
183550153079787 | 48 | 10.8249 | 59
367100306159575 | 49 | 10.8249 | 59
734200612319150 | 50 | 10.8249 | 59
1468401224638301 | 51 | 10.8249 | 59
2936802449276602 | 52 | 10.8249 | 59
5873604898553204 | 53 | 10.8249 | 59
11747209797106409 | 54 | 10.8249 | 59
23494419594212818 | 55 | 10.6092 | 58
46988839188425637 | 56 | 10.6092 | 58
93977678376851275 | 57 | 10.6092 | 58
187955356753702550 | 58 | 9.20938 | 50
375910713507405101 | 59 | 9.20938 | 50
751821427014810203 | 60 | 9.20938 | 50
1503642854029620407 | 61 | 9.20938 | 50
3007285708059240815 | 62 | 9.20938 | 50
6014571416118481630 | 63 | 9.20938 | 50
-6417601241472588355 | 64 | 9.20938 | 50
5611541590764374906 | 65 | 9.20938 | 50
-7223660892180801804 | 66 | 4.87888 | 42
3999422289347948008 | 67 | 4.87888 | 42
7998844578695896017 | 68 | 4.87888 | 42
-2449054916317759582 | 69 | 4.87888 | 42
-4898109832635519163 | 70 | 4.87888 | 42
8650524408438513291 | 71 | 4.87888 | 42
-1145695256832525033 | 72 | 4.87888 | 42
-2291390513665050065 | 73 | 4.87888 | 42
-4582781027330100130 | 74 | 4.87888 | 42
-9165562054660200260 | 75 | 4.87888 | 42
115619964389151096 | 76 | 4.87888 | 42
231239928778302193 | 77 | 4.87888 | 42
462479857556604387 | 78 | 4.87888 | 42
924959715113208775 | 79 | 4.87888 | 42
1849919430226417550 | 80 | 4.34867 | 12
3699838860452835101 | 81 | 4.34867 | 12
7399677720905670202 | 82 | 3.03445e-312 | 5
7399677720905670203 | 82 | 18.2717 | 7
1849919430226417551 | 80 | 4.82704 | 30
3699838860452835103 | 81 | 4.82704 | 30
7399677720905670206 | 82 | 4.82704 | 30
-3647388631898211204 | 83 | 4.82704 | 30
-7294777263796422407 | 84 | 4.82704 | 30
3857189546116706803 | 85 | 4.82704 | 30
7714379092233413606 | 86 | 4.82704 | 30
-3017985889242724404 | 87 | 4.82704 | 30
-6035971778485448807 | 88 | 4.82704 | 30
6374800516738654002 | 89 | 4.82704 | 30
-5697143040232243612 | 90 | 4.82704 | 30
7052457993245064393 | 91 | 4.82704 | 30
-4341828087219422830 | 92 | 4.82704 | 30
-8683656174438845659 | 93 | 4.82704 | 30
1079431724831860299 | 94 | 4.82704 | 30
2158863449663720599 | 95 | 4.82704 | 30
4317726899327441199 | 96 | 4.82704 | 30
8635453798654882398 | 97 | 3.89652 | 25
-1175836476399786820 | 98 | 3.89652 | 25
-2351672952799573639 | 99 | 3.89652 | 25
-4703345905599147278 | 100 | 3.89652 | 25
9040052262511257061 | 101 | 3.89652 | 25
-366639548687037494 | 102 | 3.89652 | 11
-733279097374074988 | 103 | 4.80693 | 8
-733279097374074987 | 103 | 12.5038 | 3
-366639548687037493 | 102 | 2.38128 | 14
-733279097374074986 | 103 | 2.38128 | 14
-1466558194748149971 | 104 | 2.38128 | 14
-2933116389496299942 | 105 | 2.38128 | 14
-5866232778992599883 | 106 | 2.38128 | 14
6714278515724351851 | 107 | 2.38128 | 14
-5018187042260847913 | 108 | 2.38128 | 14
8410369989187855791 | 109 | 2.38128 | 14
-1626004095333840034 | 110 | 2.38128 | 14
-3252008190667680068 | 111 | 2.38128 | 14
-6504016381335360136 | 112 | 2.38128 | 14
5438711311038831344 | 113 | 2.38128 | 14
-7569321451631888928 | 114 | 2.38128 | 14
3308101170445773761 | 115 | 2.38128 | 14
6616202340891547523 | 116 | 2.38128 | 14
-5214339391926456569 | 117 | 2.38128 | 14
8018065289856638479 | 118 | 2.38128 | 14
-2410613493996274657 | 119 | 2.38128 | 14
-4821226987992549313 | 120 | 2.38128 | 14
8804290097724452990 | 121 | 2.38128 | 14
-838163878260645635 | 122 | 2.38128 | 14
-1676327756521291269 | 123 | 2.38128 | 14
-3352655513042582537 | 124 | 2.38128 | 14
-6705311026085165073 | 125 | 2.38128 | 14
5036122021539221471 | 126 | 2.38128 | 14
-8374500030631108674 | 127 | 1.48308 | 11
1697744012447334269 | 128 | 1.48308 | 11
3395488024894668539 | 129 | 1.48308 | 11
6790976049789337078 | 130 | 4.63978e-310 | 8
6790976049789337079 | 130 | 4.63978e-310 | 3
-8374500030631108673 | 127 | 4.63978e-310 | 3
8635453798654882399 | 97 | 4.63978e-310 | 5
-7223660892180801803 | 66 | 4.63978e-310 | 8
187955356753702551 | 58 | 4.63978e-310 | 8
23494419594212819 | 55 | 4.63978e-310 | 1
11471884567487 | 44 | 17.4533 | 46
22943769134974 | 45 | 13.9134 | 35
45887538269948 | 46 | 13.9134 | 35
91775076539897 | 47 | 13.9134 | 35
183550153079795 | 48 | 13.9134 | 35
367100306159590 | 49 | 13.9134 | 35
734200612319180 | 50 | 13.9134 | 35
1468401224638360 | 51 | 1.58101e-322 | 1
1468401224638361 | 51 | 13.6853 | 34
2936802449276722 | 52 | 1.63042e-322 | 7
2936802449276723 | 52 | 9.572 | 27
5873604898553447 | 53 | 9.572 | 27
11747209797106894 | 54 | 1.58101e-322 | 9
11747209797106895 | 54 | 6.86542 | 18
23494419594213791 | 55 | 6.86542 | 18
46988839188427582 | 56 | 6.86542 | 18
93977678376855165 | 57 | 6.86542 | 18
187955356753710330 | 58 | 6.86542 | 18
375910713507420661 | 59 | 6.86542 | 18
751821427014841323 | 60 | 6.86542 | 18
1503642854029682647 | 61 | 6.86542 | 18
3007285708059365294 | 62 | 6.86542 | 18
6014571416118730588 | 63 | 6.86542 | 18
-6417601241472090440 | 64 | 4.19378 | 13
5611541590765370736 | 65 | 4.19378 | 13
-7223660892178810144 | 66 | 149.641 | 8
-7223660892178810143 | 66 | 6.37345e-322 | 5
-6417601241472090439 | 64 | 4.63978e-310 | 5
22943769134975 | 45 | 13.3799 | 11
45887538269950 | 46 | 4.63978e-310 | 8
45887538269951 | 46 | 4.63978e-310 | 3
5470221 | 23 | 4.63978e-310 | 8
42737 | 16 | 11.9499 | 112
85474 | 17 | 11.9499 | 112
170948 | 18 | 6.31839 | 58
341896 | 19 | 6.31839 | 58
683792 | 20 | 6.31839 | 58
1367585 | 21 | 6.31839 | 58
2735171 | 22 | 6.31839 | 58
5470343 | 23 | 6.31839 | 58
10940686 | 24 | 6.31839 | 58
21881372 | 25 | 6.31839 | 58
43762744 | 26 | 6.31839 | 58
87525488 | 27 | 6.31839 | 58
175050977 | 28 | 6.31839 | 58
350101954 | 29 | 6.31839 | 58
700203908 | 30 | 6.31839 | 58
1400407816 | 31 | 6.31839 | 58
2800815633 | 32 | 6.31839 | 58
5601631266 | 33 | 6.31839 | 58
11203262533 | 34 | 6.31839 | 58
22406525066 | 35 | 5.63772 | 54
44813050132 | 36 | 2.9105 | 13
89626100265 | 37 | 2.9105 | 13
179252200530 | 38 | 1.58101e-322 | 2
179252200531 | 38 | 2.38187 | 11
358504401062 | 39 | 2.38187 | 11
717008802124 | 40 | 2.38187 | 11
1434017604248 | 41 | 1.63042e-322 | 10
1434017604249 | 41 | 1.58101e-322 | 1
44813050133 | 36 | 4.56758 | 41
89626100267 | 37 | 4.56758 | 41
179252200534 | 38 | 4.56758 | 41
358504401069 | 39 | 4.56758 | 41
717008802139 | 40 | 4.56758 | 41
1434017604279 | 41 | 4.56758 | 41
2868035208558 | 42 | 4.56758 | 41
5736070417116 | 43 | 4.56758 | 41
11472140834232 | 44 | 4.56758 | 41
22944281668464 | 45 | 4.56758 | 41
45888563336928 | 46 | 4.56758 | 41
91777126673856 | 47 | 4.56758 | 41
183554253347712 | 48 | 4.56758 | 41
367108506695424 | 49 | 4.56758 | 41
734217013390848 | 50 | 3.85078 | 22
1468434026781696 | 51 | 3.85078 | 22
2936868053563392 | 52 | 3.85078 | 22
5873736107126785 | 53 | 3.85078 | 22
11747472214253571 | 54 | 3.85078 | 22
23494944428507142 | 55 | 3.85078 | 22
46989888857014285 | 56 | 3.85078 | 22
93979777714028570 | 57 | 3.85078 | 22
187959555428057141 | 58 | 3.85078 | 22
375919110856114282 | 59 | 3.85078 | 22
751838221712228564 | 60 | 3.85078 | 22
1503676443424457128 | 61 | 3.85078 | 22
3007352886848914257 | 62 | 3.85078 | 22
6014705773697828515 | 63 | 3.85078 | 22
-6417332526313894585 | 64 | 3.85078 | 22
5612079021081762446 | 65 | 3.85078 | 22
-7222586031546026723 | 66 | 3.85078 | 22
4001572010617498170 | 67 | 3.85078 | 22
8003144021234996341 | 68 | 3.85078 | 22
-2440456031239558934 | 69 | 3.85078 | 22
-4880912062479117868 | 70 | 3.85078 | 22
8684919948751315881 | 71 | 3.85078 | 22
-1076904176206919854 | 72 | 3.85078 | 22
-2153808352413839708 | 73 | 3.85078 | 22
-4307616704827679415 | 74 | 3.85078 | 22
-8615233409655358829 | 75 | 3.85078 | 22
1216277254398833958 | 76 | 2.37152e-322 | 2
1216277254398833959 | 76 | 3.85078 | 20
2432554508797667919 | 77 | 3.85078 | 20
4865109017595335839 | 78 | 3.85078 | 20
-8716526038518879937 | 79 | 3.85078 | 20
1013691996671791743 | 80 | 3.85078 | 20
2027383993343583486 | 81 | 3.85078 | 20
4054767986687166973 | 82 | 3.85078 | 20
8109535973374333946 | 83 | 3.85078 | 20
-2227672126960883723 | 84 | 3.85078 | 20
-4455344253921767445 | 85 | 3.85078 | 20
-8910688507843534890 | 86 | 3.85078 | 20
625367058022481837 | 87 | 3.85078 | 20
1250734116044963674 | 88 | 3.85078 | 20
2501468232089927349 | 89 | 3.85078 | 20
5002936464179854698 | 90 | 3.85078 | 20
-8440871145349842220 | 91 | 3.85078 | 20
1565001783009867176 | 92 | 3.85078 | 20
3130003566019734353 | 93 | 3.85078 | 20
6260007132039468706 | 94 | 3.85078 | 20
-5926729809630614203 | 95 | 3.85078 | 20
6593284454448323211 | 96 | 3.85078 | 20
-5260175164812905194 | 97 | 3.85078 | 20
7926393744083741228 | 98 | 3.85078 | 20
-2593956585542069159 | 99 | 3.85078 | 20
-5187913171084138318 | 100 | 3.85078 | 20
8070917731541274980 | 101 | 3.85078 | 20
-2304908610627001656 | 102 | 3.85078 | 20
-4609817221254003311 | 103 | 3.85078 | 20
-9219634442508006622 | 104 | 4.84755 | 10
-9219634442508006621 | 104 | 1.55426 | 10
734217013390849 | 50 | 3.55709 | 19
1468434026781698 | 51 | 3.55709 | 19
2936868053563396 | 52 | 3.55709 | 19
5873736107126792 | 53 | 3.55709 | 19
11747472214253585 | 54 | 3.55709 | 19
23494944428507170 | 55 | 3.55709 | 19
46989888857014341 | 56 | 3.55709 | 19
93979777714028683 | 57 | 3.55709 | 19
187959555428057366 | 58 | 4.63978e-310 | 8
187959555428057367 | 58 | 2.20544 | 11
375919110856114734 | 59 | 4.63978e-310 | 10
375919110856114735 | 59 | 4.63978e-310 | 1
22406525067 | 35 | 4.63978e-310 | 4
170949 | 18 | 7.25579 | 54
341899 | 19 | 7.25579 | 54
683798 | 20 | 6.49257 | 26
1367596 | 21 | 6.49257 | 26
2735192 | 22 | 6.49257 | 26
5470384 | 23 | 6.49257 | 26
10940768 | 24 | 6.49257 | 26
21881536 | 25 | 6.49257 | 26
43763073 | 26 | 6.49257 | 26
87526147 | 27 | 6.49257 | 26
175052294 | 28 | 6.49257 | 26
350104588 | 29 | 4.63978e-310 | 6
350104589 | 29 | 5.84373 | 20
700209179 | 30 | 5.84373 | 20
1400418358 | 31 | 5.84373 | 20
2800836716 | 32 | 5.84373 | 12
5601673433 | 33 | 5.84373 | 12
11203346866 | 34 | 5.84373 | 12
22406693732 | 35 | 5.84373 | 12
44813387464 | 36 | 5.84373 | 12
89626774929 | 37 | 5.84373 | 12
179253549858 | 38 | 5.84373 | 12
358507099717 | 39 | 5.84373 | 12
717014199434 | 40 | 5.84373 | 12
1434028398868 | 41 | 5.84373 | 12
2868056797736 | 42 | 5.84373 | 12
5736113595472 | 43 | 5.84373 | 12
11472227190944 | 44 | 5.84373 | 12
22944454381888 | 45 | 5.27794 | 11
45888908763777 | 46 | 5.27794 | 11
91777817527554 | 47 | 5.27794 | 11
183555635055109 | 48 | 5.27794 | 11
367111270110218 | 49 | 5.27794 | 11
734222540220436 | 50 | 5.27794 | 11
1468445080440872 | 51 | 4.63978e-310 | 9
1468445080440873 | 51 | 4.63978e-310 | 2
22944454381889 | 45 | 4.63978e-310 | 1
2800836717 | 32 | 4.63978e-310 | 8
683799 | 20 | 6.72515 | 28
1367598 | 21 | 5.50456 | 25
2735196 | 22 | 4.35984 | 21
5470393 | 23 | 4.35984 | 21
10940787 | 24 | 4.35984 | 21
21881574 | 25 | 3.87836 | 16
43763148 | 26 | 4.63978e-310 | 10
43763149 | 26 | 4.63978e-310 | 6
21881575 | 25 | 4.63978e-310 | 5
2735197 | 22 | 4.63978e-310 | 4
1367599 | 21 | 4.63978e-310 | 3
