ID | Depth | diameter | Number of points
0 | 0 | 29.316 | 1600
0 | 1 | 28.1196 | 1164
0 | 2 | 28.1196 | 1164
0 | 3 | 28.1196 | 1164
0 | 4 | 25.6489 | 305
0 | 5 | 13.8526 | 12
1 | 6 | 13.8526 | 12
2 | 7 | 4.63978e-310 | 1
3 | 7 | 12.108 | 11
7 | 8 | 12.108 | 11
15 | 9 | 12.108 | 11
30 | 10 | 4.63978e-310 | 6
31 | 10 | 4.63978e-310 | 5
1 | 5 | 25.6347 | 293
2 | 6 | 22.0534 | 268
5 | 7 | 22.0534 | 268
11 | 8 | 22.0534 | 268
22 | 9 | 19.0277 | 87
44 | 10 | 4.63978e-310 | 2
45 | 10 | 15.8819 | 85
91 | 11 | 15.8819 | 85
182 | 12 | 15.8819 | 85
364 | 13 | 15.8819 | 85
728 | 14 | 15.8819 | 85
1456 | 15 | 10.2951 | 43
2912 | 16 | 10.2951 | 43
5824 | 17 | 7.75803 | 21
11649 | 18 | 7.75803 | 21
23298 | 19 | 7.75803 | 21
46596 | 20 | 7.52883 | 16
93193 | 21 | 7.52883 | 16
186386 | 22 | 7.52883 | 16
372773 | 23 | 7.52883 | 16
745547 | 24 | 7.52883 | 16
1491095 | 25 | 7.52883 | 16
2982190 | 26 | 7.52883 | 16
5964380 | 27 | 7.52883 | 16
11928760 | 28 | 7.52883 | 16
23857521 | 29 | 7.52883 | 16
47715043 | 30 | 7.52883 | 16
95430087 | 31 | 7.52883 | 16
190860174 | 32 | 7.52883 | 16
381720348 | 33 | 7.52883 | 16
763440696 | 34 | 0.887758 | 6
763440697 | 34 | 1.11484 | 10
46597 | 20 | 4.63978e-310 | 5
5825 | 17 | 9.37032 | 22
11650 | 18 | 9.37032 | 22
23301 | 19 | 9.37032 | 22
46603 | 20 | 9.37032 | 22
93207 | 21 | 9.37032 | 22
186414 | 22 | 4.63978e-310 | 4
186415 | 22 | 6.27806 | 18
372830 | 23 | 4.63978e-310 | 5
372831 | 23 | 4.00775 | 13
745662 | 24 | 1.63042e-322 | 8
745663 | 24 | 0.243337 | 5
1457 | 15 | 9.88237 | 42
2914 | 16 | 9.88237 | 42
5829 | 17 | 9.88237 | 42
11658 | 18 | 6.76126 | 13
23317 | 19 | 6.76126 | 13
46634 | 20 | 6.76126 | 13
93269 | 21 | 6.76126 | 13
186538 | 22 | 6.76126 | 13
373076 | 23 | 6.76126 | 13
746153 | 24 | 6.76126 | 13
1492307 | 25 | 6.76126 | 13
2984614 | 26 | 6.76126 | 13
5969229 | 27 | 6.76126 | 13
11938458 | 28 | 6.76126 | 13
23876917 | 29 | 6.76126 | 13
47753835 | 30 | 6.76126 | 13
95507670 | 31 | 6.76126 | 13
191015341 | 32 | 6.76126 | 13
382030682 | 33 | 6.76126 | 13
764061365 | 34 | 6.76126 | 13
1528122731 | 35 | 6.76126 | 13
3056245463 | 36 | 6.76126 | 13
6112490926 | 37 | 6.76126 | 13
12224981853 | 38 | 6.76126 | 13
24449963706 | 39 | 6.76126 | 13
48899927412 | 40 | 6.76126 | 13
97799854825 | 41 | 6.76126 | 13
195599709650 | 42 | 6.76126 | 13
391199419300 | 43 | 6.76126 | 13
782398838600 | 44 | 6.76126 | 13
1564797677201 | 45 | 6.76126 | 13
3129595354403 | 46 | 6.76126 | 13
6259190708807 | 47 | 6.76126 | 13
12518381417614 | 48 | 6.90513e-310 | 8
12518381417615 | 48 | 5.10175 | 5
11659 | 18 | 7.40524 | 29
23318 | 19 | 7.40524 | 29
46636 | 20 | 7.40524 | 29
93273 | 21 | 7.40524 | 29
186547 | 22 | 7.40524 | 29
373094 | 23 | 7.40524 | 29
746189 | 24 | 7.40524 | 29
1492378 | 25 | 7.40524 | 29
2984757 | 26 | 7.40524 | 29
5969515 | 27 | 7.40524 | 29
11939030 | 28 | 7.40524 | 29
23878060 | 29 | 7.40524 | 29
47756121 | 30 | 7.40524 | 29
95512242 | 31 | 7.40524 | 29
191024484 | 32 | 7.12642 | 27
382048968 | 33 | 31.4499 | 4
382048969 | 33 | 7.12642 | 23
764097938 | 34 | 7.12642 | 23
1528195876 | 35 | 7.12642 | 23
3056391752 | 36 | 7.12642 | 23
6112783504 | 37 | 7.12642 | 23
12225567008 | 38 | 7.12642 | 23
24451134016 | 39 | 7.12642 | 23
48902268032 | 40 | 7.12642 | 23
97804536064 | 41 | 3.85761 | 11
195609072129 | 42 | 3.85761 | 11
391218144259 | 43 | 3.85761 | 11
782436288519 | 44 | 3.85761 | 11
1564872577038 | 45 | 3.85761 | 11
3129745154076 | 46 | 14.1762 | 6
3129745154077 | 46 | 39.2876 | 5
97804536065 | 41 | 4.7502 | 12
195609072130 | 42 | 4.7502 | 12
391218144261 | 43 | 4.7502 | 12
782436288523 | 44 | 4.7502 | 12
1564872577046 | 45 | 4.7502 | 12
3129745154092 | 46 | 4.7502 | 12
6259490308185 | 47 | 4.7502 | 12
12518980616370 | 48 | 4.7502 | 12
25037961232740 | 49 | 4.7502 | 12
50075922465480 | 50 | 4.7502 | 12
100151844930960 | 51 | 4.20613 | 7
100151844930961 | 51 | 8.92505 | 5
191024485 | 32 | 4.63978e-310 | 2
23 | 9 | 14.4058 | 181
46 | 10 | 14.4058 | 181
92 | 11 | 14.4058 | 181
185 | 12 | 14.4058 | 181
370 | 13 | 14.4058 | 181
741 | 14 | 14.4058 | 181
1482 | 15 | 14.4058 | 181
2964 | 16 | 4.63978e-310 | 3
2965 | 16 | 10.2136 | 178
5930 | 17 | 8.00748 | 70
11860 | 18 | 4.91623 | 33
23721 | 19 | 4.91623 | 33
47443 | 20 | 4.91623 | 33
94886 | 21 | 4.63978e-310 | 7
94887 | 21 | 3.0673 | 26
189774 | 22 | 3.0673 | 26
379549 | 23 | 3.0673 | 26
759099 | 24 | 3.0673 | 26
1518199 | 25 | 3.0673 | 26
3036399 | 26 | 3.0673 | 26
6072799 | 27 | 3.0673 | 26
12145598 | 28 | 3.0673 | 26
24291196 | 29 | 3.0673 | 26
48582392 | 30 | 3.0673 | 26
97164784 | 31 | 3.82713 | 8
97164785 | 31 | 2.07385 | 18
194329571 | 32 | 2.07385 | 18
388659142 | 33 | 2.07385 | 18
777318285 | 34 | 2.07385 | 18
1554636571 | 35 | 2.07385 | 18
3109273143 | 36 | 2.07385 | 18
6218546287 | 37 | 2.07385 | 18
12437092574 | 38 | 2.07385 | 18
24874185148 | 39 | 2.07385 | 18
49748370296 | 40 | 1.94642 | 15
99496740592 | 41 | 1.94642 | 15
198993481184 | 42 | 1.67192 | 13
397986962368 | 43 | 1.67192 | 13
795973924736 | 44 | 0.484137 | 5
795973924737 | 44 | 1.02612 | 8
198993481185 | 42 | 4.63978e-310 | 2
49748370297 | 40 | 4.63978e-310 | 3
11861 | 18 | 3.28445 | 37
23722 | 19 | 3.0324 | 31
47444 | 20 | 2.79006 | 19
94888 | 21 | 2.79006 | 19
189777 | 22 | 2.79006 | 19
379555 | 23 | 2.79006 | 19
759110 | 24 | 2.79006 | 19
1518221 | 25 | 2.79006 | 19
3036442 | 26 | 4.02161 | 1
3036443 | 26 | 2.79006 | 18
6072886 | 27 | 2.79006 | 18
12145773 | 28 | 2.79006 | 18
24291546 | 29 | 1.67729 | 6
24291547 | 29 | 2.79006 | 12
48583094 | 30 | 2.79006 | 12
97166188 | 31 | 0.128337 | 3
97166189 | 31 | 4.63978e-310 | 9
47445 | 20 | 2.633 | 12
94890 | 21 | 2.633 | 12
189780 | 22 | 4.63978e-310 | 8
189781 | 22 | 4.63978e-310 | 4
23723 | 19 | 4.63978e-310 | 6
5931 | 17 | 8.58658 | 108
11862 | 18 | 4.63978e-310 | 2
11863 | 18 | 8.42478 | 106
23726 | 19 | 8.42478 | 106
47452 | 20 | 8.42478 | 106
94904 | 21 | 8.42478 | 106
189808 | 22 | 8.42478 | 106
379617 | 23 | 8.42478 | 106
759234 | 24 | 8.42478 | 106
1518468 | 25 | 8.42478 | 106
3036937 | 26 | 8.42478 | 106
6073874 | 27 | 7.7377 | 86
12147748 | 28 | 7.7377 | 86
24295496 | 29 | 7.7377 | 86
48590993 | 30 | 7.7377 | 86
97181987 | 31 | 7.7377 | 86
194363974 | 32 | 7.38289 | 60
388727948 | 33 | 7.38289 | 60
777455896 | 34 | 7.38289 | 60
1554911793 | 35 | 7.38289 | 60
3109823586 | 36 | 0.492834 | 2
3109823587 | 36 | 6.46493 | 58
6219647174 | 37 | 6.46493 | 58
12439294349 | 38 | 6.46493 | 58
24878588699 | 39 | 6.46493 | 58
49757177399 | 40 | 6.46493 | 58
99514354798 | 41 | 6.0226 | 35
199028709596 | 42 | 6.0226 | 35
398057419193 | 43 | 6.0226 | 35
796114838386 | 44 | 6.0226 | 35
1592229676772 | 45 | 6.0226 | 35
3184459353544 | 46 | 6.0226 | 35
6368918707088 | 47 | 6.0226 | 35
12737837414177 | 48 | 6.0226 | 35
25475674828355 | 49 | 6.0226 | 35
50951349656710 | 50 | 6.0226 | 35
101902699313421 | 51 | 6.0226 | 35
203805398626842 | 52 | 6.0226 | 35
407610797253685 | 53 | 6.0226 | 35
815221594507370 | 54 | 3.5192 | 16
1630443189014741 | 55 | 3.5192 | 16
3260886378029483 | 56 | 3.5192 | 16
6521772756058966 | 57 | 3.5192 | 16
13043545512117932 | 58 | 3.5192 | 16
26087091024235864 | 59 | 3.5192 | 16
52174182048471728 | 60 | 1.63042e-322 | 9
52174182048471729 | 60 | 5.22086 | 7
815221594507371 | 54 | 4.16665 | 19
1630443189014743 | 55 | 4.16665 | 19
3260886378029487 | 56 | 4.16665 | 19
6521772756058975 | 57 | 4.16665 | 19
13043545512117950 | 58 | 4.16665 | 19
26087091024235901 | 59 | 4.16665 | 19
52174182048471803 | 60 | 4.16665 | 19
104348364096943607 | 61 | 4.16665 | 19
208696728193887214 | 62 | 4.16665 | 19
417393456387774429 | 63 | 4.16665 | 19
834786912775548858 | 64 | 4.39754 | 8
834786912775548859 | 64 | 3.39181 | 11
1669573825551097719 | 65 | 3.39181 | 11
3339147651102195438 | 66 | 3.39181 | 11
6678295302204390877 | 67 | 3.39181 | 11
-5090153469300769862 | 68 | 0 | 6
-5090153469300769861 | 68 | 5.03923 | 5
99514354799 | 41 | 5.98405 | 23
199028709598 | 42 | 5.98405 | 23
398057419197 | 43 | 5.98405 | 23
796114838395 | 44 | 5.98405 | 23
1592229676790 | 45 | 3.09322 | 11
3184459353580 | 46 | 3.09322 | 11
6368918707161 | 47 | 3.09322 | 11
12737837414323 | 48 | 3.09322 | 11
25475674828647 | 49 | 3.09322 | 11
50951349657295 | 50 | 3.09322 | 11
101902699314591 | 51 | 3.09322 | 11
203805398629182 | 52 | 3.09322 | 11
407610797258364 | 53 | 3.09322 | 11
815221594516728 | 54 | 17.6898 | 2
815221594516729 | 54 | 28.5774 | 9
1592229676791 | 45 | 2.56966 | 12
3184459353582 | 46 | 4.63978e-310 | 1
3184459353583 | 46 | 2.19768 | 11
6368918707166 | 47 | 2.19768 | 11
12737837414333 | 48 | 2.19768 | 11
25475674828666 | 49 | 2.19768 | 11
50951349657332 | 50 | 2.19768 | 11
101902699314664 | 51 | 12.0785 | 1
101902699314665 | 51 | 0.198395 | 10
194363975 | 32 | 5.62785 | 26
388727950 | 33 | 5.62785 | 26
777455900 | 34 | 4.63978e-310 | 9
777455901 | 34 | 3.35413 | 17
1554911802 | 35 | 3.10542 | 13
3109823604 | 36 | 3.10542 | 13
6219647208 | 37 | 2.58858 | 12
12439294416 | 38 | 4.63978e-310 | 10
12439294417 | 38 | 4.63978e-310 | 2
6219647209 | 37 | 4.63978e-310 | 1
1554911803 | 35 | 4.63978e-310 | 4
6073875 | 27 | 4.84991 | 20
12147751 | 28 | 4.84991 | 20
24295503 | 29 | 4.84991 | 20
48591006 | 30 | 4.84991 | 20
97182012 | 31 | 4.84991 | 20
194364024 | 32 | 3.42505 | 11
388728049 | 33 | 3.42505 | 11
777456099 | 34 | 3.42505 | 11
1554912198 | 35 | 3.42505 | 11
3109824397 | 36 | 3.42505 | 11
6219648794 | 37 | 3.42505 | 11
12439297588 | 38 | 4.63978e-310 | 10
12439297589 | 38 | 4.63978e-310 | 1
194364025 | 32 | 4.63978e-310 | 9
3 | 6 | 11.092 | 25
6 | 7 | 11.092 | 25
12 | 8 | 11.092 | 25
24 | 9 | 11.092 | 25
49 | 10 | 11.092 | 25
99 | 11 | 11.092 | 25
199 | 12 | 11.092 | 25
398 | 13 | 11.092 | 25
796 | 14 | 11.092 | 21
1592 | 15 | 11.092 | 21
3185 | 16 | 11.092 | 21
6370 | 17 | 11.092 | 21
12741 | 18 | 11.092 | 21
25483 | 19 | 11.092 | 21
50967 | 20 | 11.092 | 21
101935 | 21 | 11.092 | 21
203870 | 22 | 2.14076 | 8
203871 | 22 | 7.34377 | 13
407742 | 23 | 7.34377 | 13
815485 | 24 | 7.34377 | 13
1630971 | 25 | 7.34377 | 13
3261943 | 26 | 7.34377 | 13
6523887 | 27 | 7.34377 | 13
13047775 | 28 | 7.34377 | 13
26095551 | 29 | 7.34377 | 13
52191102 | 30 | 7.34377 | 13
104382204 | 31 | 7.34377 | 13
208764409 | 32 | 7.34377 | 13
417528819 | 33 | 7.34377 | 13
835057638 | 34 | 17.8913 | 4
835057639 | 34 | 0 | 9
797 | 14 | 4.63978e-310 | 4
1 | 4 | 26.781 | 859
2 | 5 | 26.781 | 859
5 | 6 | 26.781 | 859
11 | 7 | 26.781 | 859
22 | 8 | 26.781 | 859
45 | 9 | 26.781 | 859
90 | 10 | 26.781 | 859
180 | 11 | 26.781 | 859
361 | 12 | 26.781 | 859
723 | 13 | 26.781 | 859
1447 | 14 | 26.781 | 859
2894 | 15 | 26.781 | 859
5788 | 16 | 26.781 | 859
11576 | 17 | 26.781 | 859
23152 | 18 | 26.781 | 859
46304 | 19 | 26.781 | 859
92608 | 20 | 26.781 | 859
185217 | 21 | 26.781 | 859
370435 | 22 | 26.781 | 859
740871 | 23 | 26.781 | 859
1481743 | 24 | 26.781 | 859
2963487 | 25 | 26.781 | 859
5926975 | 26 | 26.781 | 859
11853950 | 27 | 26.0542 | 820
23707900 | 28 | 26.0542 | 711
47415801 | 29 | 26.0542 | 711
94831602 | 30 | 26.0542 | 711
189663205 | 31 | 26.0542 | 711
379326410 | 32 | 26.0542 | 711
758652820 | 33 | 26.0542 | 711
1517305640 | 34 | 26.0542 | 711
3034611281 | 35 | 26.0542 | 711
6069222562 | 36 | 26.0542 | 711
12138445124 | 37 | 26.0542 | 711
24276890248 | 38 | 0 | 3
24276890249 | 38 | 25.6888 | 708
48553780499 | 39 | 25.6888 | 708
97107560998 | 40 | 25.6888 | 708
194215121997 | 41 | 25.6888 | 708
388430243994 | 42 | 25.6888 | 708
776860487989 | 43 | 25.6888 | 708
1553720975979 | 44 | 25.6888 | 708
3107441951959 | 45 | 25.6888 | 708
6214883903919 | 46 | 25.6888 | 708
12429767807838 | 47 | 25.6888 | 708
24859535615676 | 48 | 25.6888 | 708
49719071231352 | 49 | 25.6888 | 708
99438142462704 | 50 | 25.6888 | 708
198876284925408 | 51 | 19.903 | 465
397752569850817 | 52 | 19.903 | 465
795505139701634 | 53 | 19.903 | 465
1591010279403268 | 54 | 19.903 | 465
3182020558806537 | 55 | 19.903 | 465
6364041117613075 | 56 | 19.903 | 465
12728082235226150 | 57 | 19.903 | 465
25456164470452300 | 58 | 19.903 | 465
50912328940904600 | 59 | 19.903 | 465
101824657881809201 | 60 | 19.903 | 465
203649315763618402 | 61 | 19.903 | 235
407298631527236805 | 62 | 19.903 | 235
814597263054473610 | 63 | 19.903 | 235
1629194526108947220 | 64 | 8.96453 | 15
3258389052217894440 | 65 | 8.96453 | 15
6516778104435788881 | 66 | 8.96453 | 15
-5413187864837973853 | 67 | 8.96453 | 15
7620368344033603910 | 68 | 8.96453 | 15
-3206007385642343796 | 69 | 8.96453 | 15
-6412014771284687591 | 70 | 8.96453 | 15
5622714531140176434 | 71 | 0 | 6
5622714531140176435 | 71 | 0 | 9
1629194526108947221 | 64 | 19.6705 | 220
3258389052217894442 | 65 | 19.6705 | 220
6516778104435788885 | 66 | 19.6705 | 220
-5413187864837973846 | 67 | 19.6705 | 220
7620368344033603925 | 68 | 19.6705 | 220
-3206007385642343766 | 69 | 11.4724 | 98
-6412014771284687532 | 70 | 11.4724 | 98
5622714531140176552 | 71 | 11.4724 | 98
-7201315011429198511 | 72 | 11.4724 | 98
4044114050851154594 | 73 | 10.468 | 49
8088228101702309188 | 74 | 10.4557 | 48
-2270287870304933240 | 75 | 10.4557 | 48
-4540575740609866480 | 76 | 10.4557 | 48
-9081151481219732960 | 77 | 9.2611 | 34
284441111270085697 | 78 | 9.2611 | 34
568882222540171394 | 79 | 9.2611 | 34
1137764445080342788 | 80 | 9.2611 | 34
2275528890160685577 | 81 | 9.2611 | 34
4551057780321371154 | 82 | 9.2611 | 34
9102115560642742308 | 83 | 9.2611 | 34
-242512952424066999 | 84 | 9.2611 | 34
-485025904848133997 | 85 | 9.2611 | 34
-970051809696267994 | 86 | 9.2611 | 34
-1940103619392535987 | 87 | 9.2611 | 34
-3880207238785071974 | 88 | 9.2611 | 34
-7760414477570143948 | 89 | 9.2611 | 34
2925915118569263721 | 90 | 9.2611 | 34
5851830237138527442 | 91 | 9.2611 | 34
-6743083599432496731 | 92 | 9.2611 | 34
4960576874844558155 | 93 | 9.2611 | 34
-8525590324020435306 | 94 | 9.2611 | 34
1395563425668681004 | 95 | 9.2611 | 34
2791126851337362009 | 96 | 9.2611 | 34
5582253702674724019 | 97 | 9.2611 | 34
-7282236668360103578 | 98 | 7.24166 | 17
3882270736989344461 | 99 | 7.24166 | 17
7764541473978688922 | 100 | 7.24166 | 17
-2917661125752173771 | 101 | 7.24166 | 17
-5835322251504347541 | 102 | 7.24166 | 17
6776099570700856535 | 103 | 7.24166 | 17
-4894544932307838546 | 104 | 7.24166 | 17
8657654209093874524 | 105 | 7.24166 | 17
-1131435655521802568 | 106 | 7.24166 | 17
-2262871311043605135 | 107 | 7.24166 | 17
-4525742622087210269 | 108 | 7.24166 | 17
-9051485244174420537 | 109 | 7.24166 | 17
343773585360710543 | 110 | 7.24166 | 17
687547170721421087 | 111 | 7.24166 | 17
1375094341442842174 | 112 | 7.24166 | 17
2750188682885684348 | 113 | 7.24166 | 17
5500377365771368696 | 114 | 7.24166 | 17
-7445989342166814224 | 115 | 7.24166 | 17
3554765389375923168 | 116 | 7.24166 | 17
7109530778751846336 | 117 | 7.24166 | 17
-4227682516205858943 | 118 | 7.24166 | 17
-8455365032411717885 | 119 | 7.24166 | 17
1536014008886115846 | 120 | 2.64055 | 11
3072028017772231692 | 121 | 45.0925 | 6
3072028017772231693 | 121 | 44.6282 | 5
1536014008886115847 | 120 | 4.63978e-310 | 6
-7282236668360103577 | 98 | 8.00209 | 17
3882270736989344463 | 99 | 8.00209 | 17
7764541473978688926 | 100 | 8.00209 | 17
-2917661125752173764 | 101 | 8.00209 | 17
-5835322251504347527 | 102 | 8.00209 | 17
6776099570700856562 | 103 | 8.00209 | 17
-4894544932307838492 | 104 | 8.00209 | 17
8657654209093874633 | 105 | 8.00209 | 17
-1131435655521802349 | 106 | 8.00209 | 17
-2262871311043604697 | 107 | 8.00209 | 17
-4525742622087209394 | 108 | 8.00209 | 17
-9051485244174418788 | 109 | 4.92424 | 1
-9051485244174418787 | 109 | 7.56927 | 16
343773585360714042 | 110 | 0 | 8
343773585360714043 | 110 | 3.21143e-322 | 8
-9081151481219732959 | 77 | 6.88747 | 14
284441111270085699 | 78 | 6.88747 | 14
568882222540171399 | 79 | 6.88747 | 14
1137764445080342799 | 80 | 6.88747 | 14
2275528890160685598 | 81 | 6.88747 | 14
4551057780321371197 | 82 | 6.88747 | 14
9102115560642742394 | 83 | 6.88747 | 14
-242512952424066827 | 84 | 6.88747 | 14
-485025904848133653 | 85 | 6.88747 | 14
-970051809696267305 | 86 | 6.88747 | 14
-1940103619392534610 | 87 | 6.88747 | 14
-3880207238785069219 | 88 | 6.88747 | 14
-7760414477570138437 | 89 | 6.88747 | 14
2925915118569274742 | 90 | 2.19205 | 12
5851830237138549484 | 91 | 2.19205 | 12
-6743083599432452648 | 92 | 2.19205 | 12
4960576874844646320 | 93 | 2.19205 | 12
-8525590324020258975 | 94 | 2.19205 | 12
1395563425669033667 | 95 | 2.19205 | 12
2791126851338067335 | 96 | 2.19205 | 12
5582253702676134670 | 97 | 4.63978e-310 | 5
5582253702676134671 | 97 | 4.63978e-310 | 7
2925915118569274743 | 90 | 4.63978e-310 | 2
8088228101702309189 | 74 | 4.63978e-310 | 1
4044114050851154595 | 73 | 10.9375 | 49
8088228101702309191 | 74 | 10.9375 | 49
-2270287870304933233 | 75 | 10.9375 | 49
-4540575740609866466 | 76 | 10.9375 | 49
-9081151481219732931 | 77 | 10.9375 | 49
284441111270085754 | 78 | 10.9375 | 49
568882222540171508 | 79 | 10.9375 | 49
1137764445080343016 | 80 | 1.58101e-322 | 6
1137764445080343017 | 80 | 9.76395 | 43
2275528890160686035 | 81 | 9.76395 | 43
4551057780321372070 | 82 | 9.76395 | 43
9102115560642744140 | 83 | 9.76395 | 43
-242512952424063336 | 84 | 9.76395 | 43
-485025904848126672 | 85 | 9.76395 | 43
-970051809696253344 | 86 | 9.76395 | 43
-1940103619392506687 | 87 | 9.76395 | 43
-3880207238785013374 | 88 | 9.76395 | 43
-7760414477570026747 | 89 | 9.76395 | 43
2925915118569498122 | 90 | 9.76395 | 43
5851830237138996245 | 91 | 9.76395 | 43
-6743083599431559126 | 92 | 8.09515 | 26
4960576874846433364 | 93 | 8.09515 | 26
-8525590324016684888 | 94 | 8.09515 | 26
1395563425676181840 | 95 | 8.09515 | 26
2791126851352363681 | 96 | 8.09515 | 26
5582253702704727362 | 97 | 8.09515 | 26
-7282236668300096892 | 98 | 7.12652 | 16
3882270737109357832 | 99 | 7.12652 | 16
7764541474218715665 | 100 | 7.12652 | 16
-2917661125272120286 | 101 | 7.12652 | 16
-5835322250544240571 | 102 | 7.12652 | 16
6776099572621070474 | 103 | 7.12652 | 16
-4894544928467410667 | 104 | 7.12652 | 16
8657654216774730282 | 105 | 0.00428074 | 5
8657654216774730283 | 105 | 7.0207 | 11
-1131435640160091050 | 106 | 7.0207 | 11
-2262871280320182100 | 107 | 7.0207 | 11
-4525742560640364200 | 108 | 3.9043 | 6
-4525742560640364199 | 108 | 39.9042 | 5
-7282236668300096891 | 98 | 4.63978e-310 | 10
-6743083599431559125 | 92 | 8.24483 | 17
4960576874846433366 | 93 | 4.63978e-310 | 9
4960576874846433367 | 93 | 4.63978e-310 | 8
-3206007385642343765 | 69 | 9.71572 | 122
-6412014771284687530 | 70 | 9.71572 | 122
5622714531140176557 | 71 | 9.71572 | 122
-7201315011429198502 | 72 | 9.71572 | 122
4044114050851154612 | 73 | 9.71572 | 122
8088228101702309224 | 74 | 9.71572 | 122
-2270287870304933168 | 75 | 9.71572 | 122
-4540575740609866335 | 76 | 9.71572 | 122
-9081151481219732670 | 77 | 9.71572 | 122
284441111270086276 | 78 | 9.71572 | 122
568882222540172553 | 79 | 9.71572 | 122
1137764445080345107 | 80 | 9.71572 | 122
2275528890160690214 | 81 | 9.71572 | 114
4551057780321380429 | 82 | 9.71572 | 114
9102115560642760858 | 83 | 9.71572 | 114
-242512952424029900 | 84 | 8.22649 | 31
-485025904848059799 | 85 | 8.22649 | 31
-970051809696119598 | 86 | 2.79899 | 14
-1940103619392239196 | 87 | 22.5961 | 2
-1940103619392239195 | 87 | 2.79899 | 12
-3880207238784478390 | 88 | 2.79899 | 12
-7760414477568956780 | 89 | 2.79899 | 12
2925915118571638057 | 90 | 2.79899 | 12
5851830237143276115 | 91 | 2.79899 | 12
-6743083599422999386 | 92 | 2.79899 | 12
4960576874863552844 | 93 | 27.4626 | 9
4960576874863552845 | 93 | 0.494629 | 3
-970051809696119597 | 86 | 3.65873 | 17
-1940103619392239194 | 87 | 3.65873 | 17
-3880207238784478387 | 88 | 3.65873 | 17
-7760414477568956773 | 89 | 3.65873 | 17
2925915118571638071 | 90 | 3.65873 | 17
5851830237143276142 | 91 | 3.65873 | 17
-6743083599422999332 | 92 | 2.88497 | 16
4960576874863552952 | 93 | 2.88497 | 16
-8525590323982445712 | 94 | 2.88497 | 16
1395563425744660192 | 95 | 2.88497 | 16
2791126851489320384 | 96 | 2.88497 | 16
5582253702978640769 | 97 | 2.88497 | 16
-7282236667752270078 | 98 | 2.88497 | 16
3882270738205011461 | 99 | 2.88497 | 16
7764541476410022922 | 100 | 0.0492633 | 6
7764541476410022923 | 100 | 0 | 10
-6743083599422999331 | 92 | 4.63978e-310 | 1
-242512952424029899 | 84 | 9.71572 | 83
-485025904848059798 | 85 | 9.71572 | 83
-970051809696119596 | 86 | 9.71572 | 83
-1940103619392239192 | 87 | 9.71572 | 83
-3880207238784478384 | 88 | 9.71572 | 83
-7760414477568956768 | 89 | 2.00142 | 19
2925915118571638080 | 90 | 2.00142 | 19
5851830237143276160 | 91 | 2.00142 | 19
-6743083599422999296 | 92 | 2.00142 | 19
4960576874863553024 | 93 | 2.00142 | 19
-8525590323982445567 | 94 | 2.00142 | 19
1395563425744660482 | 95 | 1.90743 | 4
1395563425744660483 | 95 | 1.53037 | 15
2791126851489320966 | 96 | 6.90513e-310 | 8
2791126851489320967 | 96 | 1.98391 | 7
-7760414477568956767 | 89 | 7.78084 | 64
2925915118571638083 | 90 | 7.78084 | 64
5851830237143276166 | 91 | 7.78084 | 64
-6743083599422999284 | 92 | 5.61659 | 54
4960576874863553048 | 93 | 5.61659 | 54
-8525590323982445519 | 94 | 5.61659 | 54
1395563425744660579 | 95 | 5.61659 | 54
2791126851489321158 | 96 | 5.61659 | 54
5582253702978642317 | 97 | 5.61659 | 54
-7282236667752266982 | 98 | 3.57739 | 27
3882270738205017652 | 99 | 3.57739 | 27
7764541476410035304 | 100 | 3.57739 | 27
-2917661120889481007 | 101 | 3.57739 | 27
-5835322241778962013 | 102 | 3.57739 | 27
6776099590151627590 | 103 | 3.57739 | 27
-4894544893406296435 | 104 | 3.57739 | 27
8657654286896958746 | 105 | 3.57739 | 27
-1131435499915634123 | 106 | 3.57739 | 27
-2262870999831268245 | 107 | 3.57739 | 27
-4525741999662536489 | 108 | 3.57739 | 27
-9051483999325072977 | 109 | 3.57739 | 27
343776075059405663 | 110 | 3.57739 | 27
687552150118811326 | 111 | 3.57739 | 27
1375104300237622652 | 112 | 3.57739 | 27
2750208600475245304 | 113 | 3.15223 | 24
5500417200950490609 | 114 | 3.15223 | 24
-7445909671808570398 | 115 | 3.15223 | 24
3554924730092410820 | 116 | 1.94513 | 20
7109849460184821641 | 117 | 1.94513 | 20
-4227045153339908334 | 118 | 1.94513 | 20
-8454090306679816668 | 119 | 1.94513 | 20
1538563460349918280 | 120 | 1.94513 | 20
3077126920699836560 | 121 | 1.94513 | 20
6154253841399673120 | 122 | 1.94513 | 20
-6138236390910205375 | 123 | 1.94513 | 20
6170271291889140866 | 124 | 1.94513 | 20
-6106201489931269884 | 125 | 1.94513 | 20
6234341093847011848 | 126 | 0.584133 | 6
6234341093847011849 | 126 | 1.64607 | 14
-5978061886015527918 | 127 | 1.64607 | 14
6490620301678495781 | 128 | 1.64607 | 14
-5465503470352560054 | 129 | 1.64607 | 14
7515737133004431508 | 130 | 1.64607 | 14
-3415269807700688600 | 131 | 1.64607 | 14
-6830539615401377199 | 132 | 1.64607 | 14
4785664842906797219 | 133 | 1.64607 | 14
-8875414387895957178 | 134 | 0.962963 | 11
695915297917637260 | 135 | 4.9558 | 5
695915297917637261 | 135 | 2.4102 | 6
-8875414387895957177 | 134 | 12.7727 | 3
3554924730092410821 | 116 | 4.63978e-310 | 4
2750208600475245305 | 113 | 4.63978e-310 | 3
-7282236667752266981 | 98 | 2.14191 | 27
3882270738205017654 | 99 | 2.14191 | 27
7764541476410035308 | 100 | 2.14191 | 27
-2917661120889481000 | 101 | 2.14191 | 27
-5835322241778962000 | 102 | 2.14191 | 27
6776099590151627616 | 103 | 2.14191 | 27
-4894544893406296383 | 104 | 2.14191 | 27
8657654286896958851 | 105 | 2.14191 | 27
-1131435499915633914 | 106 | 2.14191 | 27
-2262870999831267828 | 107 | 2.14191 | 27
-4525741999662535656 | 108 | 2.14191 | 27
-9051483999325071312 | 109 | 1.69987 | 22
343776075059408993 | 110 | 1.69987 | 22
687552150118817986 | 111 | 1.69987 | 22
1375104300237635973 | 112 | 1.69987 | 22
2750208600475271947 | 113 | 1.69987 | 22
5500417200950543894 | 114 | 1.69987 | 22
-7445909671808463827 | 115 | 1.69987 | 22
3554924730092623962 | 116 | 1.69987 | 22
7109849460185247925 | 117 | 1.69987 | 22
-4227045153339055765 | 118 | 1.69987 | 22
-8454090306678111530 | 119 | 1.69987 | 22
1538563460353328556 | 120 | 1.52273 | 13
3077126920706657113 | 121 | 1.52273 | 13
6154253841413314227 | 122 | 1.52273 | 13
-6138236390882923162 | 123 | 0.987046 | 10
-6138236390882923161 | 123 | 1.5592 | 3
1538563460353328557 | 120 | 4.63978e-310 | 9
-9051483999325071311 | 109 | 4.63978e-310 | 5
-6743083599422999283 | 92 | 4.63978e-310 | 10
2275528890160690215 | 81 | 4.63978e-310 | 8
203649315763618403 | 61 | 17.8981 | 230
407298631527236806 | 62 | 17.8981 | 230
814597263054473613 | 63 | 17.8981 | 230
1629194526108947226 | 64 | 17.8981 | 230
3258389052217894452 | 65 | 17.8981 | 230
6516778104435788904 | 66 | 17.8981 | 230
-5413187864837973807 | 67 | 17.8981 | 230
7620368344033604002 | 68 | 16.4693 | 208
-3206007385642343612 | 69 | 15.192 | 154
-6412014771284687223 | 70 | 15.192 | 154
5622714531140177171 | 71 | 15.192 | 154
-7201315011429197274 | 72 | 11.1113 | 34
4044114050851157069 | 73 | 11.1113 | 34
8088228101702314138 | 74 | 9.40696 | 26
-2270287870304923339 | 75 | 9.40696 | 26
-4540575740609846678 | 76 | 9.40696 | 26
-9081151481219693355 | 77 | 9.40696 | 26
284441111270164906 | 78 | 9.40696 | 26
568882222540329813 | 79 | 9.40696 | 26
1137764445080659627 | 80 | 9.40696 | 26
2275528890161319255 | 81 | 9.40696 | 26
4551057780322638510 | 82 | 9.40696 | 26
9102115560645277021 | 83 | 9.40696 | 26
-242512952418997574 | 84 | 6.33685 | 19
-485025904837995148 | 85 | 6.33685 | 19
-970051809675990295 | 86 | 6.33685 | 19
-1940103619351980590 | 87 | 6.33685 | 19
-3880207238703961180 | 88 | 34.5302 | 10
-3880207238703961179 | 88 | 3.21143e-322 | 9
-242512952418997573 | 84 | 4.63978e-310 | 7
8088228101702314139 | 74 | 4.63978e-310 | 8
-7201315011429197273 | 72 | 9.53664 | 120
4044114050851157070 | 73 | 9.53664 | 120
8088228101702314140 | 74 | 9.53664 | 120
-2270287870304923336 | 75 | 9.29864 | 97
-4540575740609846671 | 76 | 9.29864 | 97
-9081151481219693342 | 77 | 9.29864 | 97
284441111270164932 | 78 | 9.29864 | 97
568882222540329865 | 79 | 9.29864 | 97
1137764445080659730 | 80 | 9.29864 | 97
2275528890161319461 | 81 | 9.29864 | 97
4551057780322638923 | 82 | 9.29864 | 97
9102115560645277847 | 83 | 9.29864 | 97
-242512952418995922 | 84 | 9.29864 | 97
-485025904837991844 | 85 | 9.29864 | 37
-970051809675983688 | 86 | 5.58267 | 14
-1940103619351967375 | 87 | 5.58267 | 14
-3880207238703934750 | 88 | 5.58267 | 14
-7760414477407869499 | 89 | 5.58267 | 14
2925915118893812618 | 90 | 2.57162 | 7
2925915118893812619 | 90 | 28.1251 | 7
-970051809675983687 | 86 | 5.46936 | 23
-1940103619351967374 | 87 | 5.46936 | 23
-3880207238703934747 | 88 | 5.46936 | 23
-7760414477407869493 | 89 | 5.46936 | 23
2925915118893812630 | 90 | 5.46936 | 23
5851830237787625260 | 91 | 5.46936 | 23
-6743083598134301096 | 92 | 5.46936 | 20
4960576877440949424 | 93 | 4.03875 | 18
-8525590318827652768 | 94 | 4.03875 | 18
1395563436054246081 | 95 | 4.03875 | 18
2791126872108492163 | 96 | 4.03875 | 18
5582253744216984326 | 97 | 4.03875 | 18
-7282236585275582963 | 98 | 4.03875 | 18
3882270903158385690 | 99 | 4.03875 | 18
7764541806316771381 | 100 | 4.03875 | 18
-2917660461076008854 | 101 | 4.03875 | 18
-5835320922152017707 | 102 | 4.03875 | 18
6776102229405516202 | 103 | 4.03875 | 18
-4894539614898519212 | 104 | 4.03875 | 18
8657664843912513192 | 105 | 4.03875 | 18
-1131414385884525232 | 106 | 4.03875 | 18
-2262828771769050464 | 107 | 1.62837 | 2
-2262828771769050463 | 107 | 2.78975 | 16
-4525657543538100926 | 108 | 2.78975 | 16
-9051315087076201852 | 109 | 2.78975 | 16
344113899557147912 | 110 | 2.07465 | 13
688227799114295824 | 111 | 2.07465 | 13
1376455598228591648 | 112 | 7.16395e-322 | 3
1376455598228591649 | 112 | 4.63978e-310 | 10
344113899557147913 | 110 | 4.63978e-310 | 3
4960576877440949425 | 93 | 4.63978e-310 | 2
-6743083598134301095 | 92 | 4.63978e-310 | 3
-485025904837991843 | 85 | 8.13084 | 60
-970051809675983686 | 86 | 8.13084 | 60
-1940103619351967372 | 87 | 8.13084 | 60
-3880207238703934743 | 88 | 8.13084 | 60
-7760414477407869486 | 89 | 8.13084 | 60
2925915118893812645 | 90 | 8.13084 | 60
5851830237787625290 | 91 | 8.13084 | 60
-6743083598134301036 | 92 | 0.574378 | 1
-6743083598134301035 | 92 | 7.34367 | 59
4960576877440949546 | 93 | 7.34367 | 59
-8525590318827652524 | 94 | 7.34367 | 59
1395563436054246568 | 95 | 7.34367 | 59
2791126872108493137 | 96 | 7.34367 | 59
5582253744216986275 | 97 | 7.34367 | 59
-7282236585275579066 | 98 | 7.34367 | 59
3882270903158393485 | 99 | 7.34367 | 59
7764541806316786970 | 100 | 7.34367 | 59
-2917660461075977676 | 101 | 6.88512 | 53
-5835320922151955352 | 102 | 1.42684 | 2
-5835320922151955351 | 102 | 6.88512 | 51
6776102229405640915 | 103 | 6.88512 | 51
-4894539614898269785 | 104 | 6.88512 | 51
8657664843913012047 | 105 | 6.88512 | 51
-1131414385883527521 | 106 | 6.88512 | 51
-2262828771767055042 | 107 | 6.88512 | 51
-4525657543534110083 | 108 | 6.88512 | 51
-9051315087068220165 | 109 | 6.88512 | 51
344113899573111287 | 110 | 6.88512 | 51
688227799146222574 | 111 | 6.88512 | 51
1376455598292445149 | 112 | 6.88512 | 51
2752911196584890299 | 113 | 6.88512 | 51
5505822393169780599 | 114 | 6.88512 | 51
-7435099287369990418 | 115 | 6.88512 | 51
3576545498969570780 | 116 | 6.88512 | 51
7153090997939141561 | 117 | 6.88512 | 51
-4140562077831268494 | 118 | 6.88512 | 51
-8281124155662536988 | 119 | 6.88512 | 51
1884495762384477641 | 120 | 6.88512 | 51
3768991524768955283 | 121 | 6.88512 | 51
7537983049537910566 | 122 | 6.88512 | 51
-3370777974633730483 | 123 | 6.88512 | 51
-6741555949267460966 | 124 | 6.88512 | 51
4963632175174629684 | 125 | 6.88512 | 51
-8519479723360292247 | 126 | 6.88512 | 51
1407784626988967123 | 127 | 6.88512 | 51
2815569253977934247 | 128 | 6.88512 | 51
5631138507955868495 | 129 | 6.88512 | 51
-7184467057797814626 | 130 | 6.88512 | 51
4077809958113922364 | 131 | 6.88512 | 51
8155619916227844728 | 132 | 6.88512 | 51
-2135504241253862159 | 133 | 6.88512 | 51
-4271008482507724318 | 134 | 6.88512 | 51
-8542016965015448636 | 135 | 6.88512 | 51
1362710143678654345 | 136 | 6.88512 | 51
2725420287357308690 | 137 | 2.37564 | 5
2725420287357308691 | 137 | 6.08702 | 46
5450840574714617382 | 138 | 5.65956 | 11
-7545062924280316852 | 139 | 5.65956 | 11
3356618225148917912 | 140 | 4.63978e-310 | 8
3356618225148917913 | 140 | 4.63978e-310 | 3
5450840574714617383 | 138 | 6.01797 | 35
-7545062924280316850 | 139 | 6.01797 | 35
3356618225148917917 | 140 | 6.01797 | 35
6713236450297835834 | 141 | 6.01797 | 35
-5020271173113879947 | 142 | 6.01797 | 35
8406201727481791722 | 143 | 0.0279327 | 7
8406201727481791723 | 143 | 5.10943 | 28
-1634340618745968170 | 144 | 5.10943 | 28
-3268681237491936340 | 145 | 5.10943 | 28
-6537362474983872680 | 146 | 8.31534 | 8
-6537362474983872679 | 146 | 2.16089 | 20
5372019123741806258 | 147 | 2.16089 | 20
-7702705826225939100 | 148 | 2.16089 | 20
3041332421257673416 | 149 | 1.4741 | 12
6082664842515346832 | 150 | 1.4741 | 12
-6281414388678857952 | 151 | 1.4741 | 12
5883915296351835712 | 152 | 1.4741 | 12
-6678913481005880192 | 153 | 1.4741 | 12
5088917111697791233 | 154 | 1.4741 | 12
-8268909850313969150 | 155 | 73.9942 | 1
-8268909850313969149 | 155 | 1.33816 | 11
1908924373081613318 | 156 | 1.33816 | 11
3817848746163226636 | 157 | 1.33816 | 11
7635697492326453272 | 158 | 92.7023 | 4
7635697492326453273 | 158 | 21.2093 | 7
3041332421257673417 | 149 | 4.63978e-310 | 8
-2917660461075977675 | 101 | 4.63978e-310 | 6
-2270287870304923335 | 75 | 6.99677 | 23
-4540575740609846669 | 76 | 6.99677 | 23
-9081151481219693337 | 77 | 6.99677 | 23
284441111270164943 | 78 | 6.99677 | 23
568882222540329887 | 79 | 6.99677 | 23
1137764445080659775 | 80 | 6.99677 | 23
2275528890161319551 | 81 | 6.99677 | 23
4551057780322639102 | 82 | 6.99677 | 23
9102115560645278204 | 83 | 4.71474 | 14
-242512952418995207 | 84 | 4.71474 | 14
-485025904837990414 | 85 | 4.71474 | 14
-970051809675980827 | 86 | 4.71474 | 14
-1940103619351961653 | 87 | 4.71474 | 14
-3880207238703923306 | 88 | 4.71474 | 14
-7760414477407846611 | 89 | 4.71474 | 14
2925915118893858395 | 90 | 4.71474 | 14
5851830237787716791 | 91 | 4.71474 | 14
-6743083598134118034 | 92 | 4.71474 | 14
4960576877441315549 | 93 | 4.71474 | 14
-8525590318826920518 | 94 | 4.71474 | 14
1395563436055710580 | 95 | 4.63978e-310 | 9
1395563436055710581 | 95 | 4.63978e-310 | 5
9102115560645278205 | 83 | 4.63978e-310 | 9
-3206007385642343611 | 69 | 7.33032 | 54
-6412014771284687221 | 70 | 7.33032 | 54
5622714531140177175 | 71 | 7.33032 | 54
-7201315011429197265 | 72 | 7.33032 | 54
4044114050851157086 | 73 | 7.33032 | 54
8088228101702314173 | 74 | 7.33032 | 54
-2270287870304923269 | 75 | 7.33032 | 54
-4540575740609846537 | 76 | 7.33032 | 54
-9081151481219693073 | 77 | 7.33032 | 54
284441111270165470 | 78 | 7.33032 | 54
568882222540330940 | 79 | 7.33032 | 54
1137764445080661880 | 80 | 7.33032 | 54
2275528890161323761 | 81 | 7.33032 | 54
4551057780322647523 | 82 | 7.33032 | 54
9102115560645295047 | 83 | 7.33032 | 54
-242512952418961522 | 84 | 7.33032 | 54
-485025904837923043 | 85 | 7.33032 | 54
-970051809675846085 | 86 | 7.33032 | 54
-1940103619351692170 | 87 | 7.33032 | 54
-3880207238703384340 | 88 | 7.33032 | 54
-7760414477406768680 | 89 | 3.15137 | 35
2925915118896014256 | 90 | 7.08244 | 6
2925915118896014257 | 90 | 2.93378 | 29
5851830237792028515 | 91 | 2.93378 | 29
-6743083598125494586 | 92 | 2.93378 | 29
4960576877458562445 | 93 | 2.93378 | 29
-8525590318792426725 | 94 | 2.93378 | 29
1395563436124698167 | 95 | 2.93378 | 29
2791126872249396334 | 96 | 1.95719 | 12
5582253744498792669 | 97 | 1.95719 | 12
-7282236584711966278 | 98 | 4.63978e-310 | 1
-7282236584711966277 | 98 | 1.78904 | 11
3882270904285619063 | 99 | 1.78904 | 11
7764541808571238126 | 100 | 1.78904 | 11
-2917660456567075364 | 101 | 2.90416 | 6
-2917660456567075363 | 101 | 4.71777 | 5
2791126872249396335 | 96 | 2.70592 | 17
5582253744498792671 | 97 | 2.70592 | 17
-7282236584711966274 | 98 | 2.70592 | 17
3882270904285619069 | 99 | 2.70592 | 17
7764541808571238139 | 100 | 2.70592 | 17
-2917660456567075337 | 101 | 2.70592 | 17
-5835320913134150674 | 102 | 2.70592 | 17
6776102247441250268 | 103 | 2.70592 | 17
-4894539578827051080 | 104 | 2.70592 | 17
8657664916055449456 | 105 | 0.0137823 | 4
8657664916055449457 | 105 | 2.70592 | 13
-1131414241598652701 | 106 | 2.70592 | 13
-2262828483197305402 | 107 | 1.74405e-321 | 2
-2262828483197305401 | 107 | 2.34788 | 11
-4525656966394610802 | 108 | 2.34788 | 11
-9051313932789221603 | 109 | 2.34788 | 11
344116208131108411 | 110 | 2.34788 | 11
688232416262216822 | 111 | 2.34788 | 11
1376464832524433644 | 112 | 4.63978e-310 | 3
1376464832524433645 | 112 | 4.63978e-310 | 8
-7760414477406768679 | 89 | 4.13721 | 19
2925915118896014259 | 90 | 4.13721 | 19
5851830237792028518 | 91 | 4.13721 | 19
-6743083598125494579 | 92 | 4.13721 | 19
4960576877458562458 | 93 | 4.04234 | 12
-8525590318792426700 | 94 | 4.04234 | 12
1395563436124698216 | 95 | 4.04234 | 12
2791126872249396432 | 96 | 4.04234 | 12
5582253744498792864 | 97 | 4.04234 | 12
-7282236584711965888 | 98 | 4.04234 | 12
3882270904285619841 | 99 | 4.04234 | 12
7764541808571239682 | 100 | 4.04234 | 12
-2917660456567072252 | 101 | 2.37624 | 2
-2917660456567072251 | 101 | 16.5581 | 10
4960576877458562459 | 93 | 4.63978e-310 | 7
7620368344033604003 | 68 | 15.2218 | 22
-3206007385642343610 | 69 | 4.63978e-310 | 5
-3206007385642343609 | 69 | 7.53284 | 17
-6412014771284687218 | 70 | 7.53284 | 17
5622714531140177180 | 71 | 7.53284 | 17
-7201315011429197256 | 72 | 7.53284 | 17
4044114050851157104 | 73 | 4.63978e-310 | 2
4044114050851157105 | 73 | 6.77474 | 15
8088228101702314211 | 74 | 6.77474 | 15
-2270287870304923194 | 75 | 6.77474 | 15
-4540575740609846388 | 76 | 4.63978e-310 | 6
-4540575740609846387 | 76 | 4.63978e-310 | 9
198876284925409 | 51 | 12.3771 | 243
397752569850818 | 52 | 12.3771 | 243
795505139701637 | 53 | 12.3771 | 243
1591010279403275 | 54 | 12.3771 | 243
3182020558806550 | 55 | 8.16046 | 28
6364041117613100 | 56 | 8.16046 | 28
12728082235226200 | 57 | 8.16046 | 28
25456164470452400 | 58 | 8.16046 | 28
50912328940904801 | 59 | 8.16046 | 28
101824657881809603 | 60 | 8.16046 | 28
203649315763619206 | 61 | 8.16046 | 28
407298631527238412 | 62 | 5.52534 | 19
814597263054476825 | 63 | 5.52534 | 19
1629194526108953651 | 64 | 5.52534 | 19
3258389052217907302 | 65 | 3.23811 | 17
6516778104435814604 | 66 | 3.23811 | 17
-5413187864837922407 | 67 | 3.23811 | 17
7620368344033706802 | 68 | 0.780846 | 6
7620368344033706803 | 68 | 1.67807 | 11
-3206007385642138009 | 69 | 1.67807 | 11
-6412014771284276018 | 70 | 1.67807 | 11
5622714531140999580 | 71 | 7.11455e-322 | 2
5622714531140999581 | 71 | 1.63042e-322 | 9
3258389052217907303 | 65 | 4.63978e-310 | 2
407298631527238413 | 62 | 4.63978e-310 | 9
3182020558806551 | 55 | 12.2831 | 215
6364041117613102 | 56 | 12.2831 | 215
12728082235226204 | 57 | 12.2831 | 215
25456164470452408 | 58 | 12.2831 | 215
50912328940904817 | 59 | 12.2831 | 215
101824657881809635 | 60 | 12.2831 | 215
203649315763619270 | 61 | 12.2831 | 215
407298631527238540 | 62 | 12.2831 | 215
814597263054477080 | 63 | 12.2831 | 215
1629194526108954161 | 64 | 12.2831 | 215
3258389052217908322 | 65 | 8.15283 | 60
6516778104435816645 | 66 | 8.15283 | 60
-5413187864837918325 | 67 | 8.15283 | 60
7620368344033714966 | 68 | 8.15283 | 60
-3206007385642121684 | 69 | 8.15283 | 60
-6412014771284243368 | 70 | 2.1654 | 13
5622714531141064880 | 71 | 4.56656 | 5
5622714531141064881 | 71 | 50.7213 | 8
-6412014771284243367 | 70 | 7.33613 | 47
5622714531141064882 | 71 | 7.33613 | 47
-7201315011427421851 | 72 | 7.33613 | 47
4044114050854707914 | 73 | 6.96127 | 43
8088228101709415828 | 74 | 6.96127 | 43
-2270287870290719959 | 75 | 6.96127 | 43
-4540575740581439917 | 76 | 6.96127 | 43
-9081151481162879834 | 77 | 6.96127 | 43
284441111383791948 | 78 | 3.63737 | 37
568882222767583896 | 79 | 3.63737 | 37
1137764445535167793 | 80 | 3.63737 | 37
2275528891070335586 | 81 | 3.63737 | 37
4551057782140671173 | 82 | 3.63737 | 37
9102115564281342346 | 83 | 3.63737 | 37
-242512945146866924 | 84 | 3.63737 | 37
-485025890293733848 | 85 | 3.63737 | 37
-970051780587467696 | 86 | 3.18268 | 13
-1940103561174935392 | 87 | 3.18268 | 13
-3880207122349870784 | 88 | 2.39697 | 8
-3880207122349870783 | 88 | 3.07895 | 5
-970051780587467695 | 86 | 3.05746 | 24
-1940103561174935390 | 87 | 3.05746 | 24
-3880207122349870779 | 88 | 3.05746 | 24
-7760414244699741557 | 89 | 3.05746 | 24
2925915584310068503 | 90 | 3.05746 | 24
5851831168620137007 | 91 | 3.05746 | 24
-6743081736469277601 | 92 | 3.05746 | 24
4960580600770996414 | 93 | 3.05746 | 24
-8525582872167558788 | 94 | 2.40976 | 20
1395578329374434041 | 95 | 2.40976 | 20
2791156658748868083 | 96 | 2.40976 | 20
5582313317497736166 | 97 | 2.91186 | 9
5582313317497736167 | 97 | 1.56279 | 11
-7282117438714079282 | 98 | 1.56279 | 11
3882509196281393052 | 99 | 1.56279 | 11
7765018392562786105 | 100 | 1.56279 | 11
-2916707288583979405 | 101 | 1.56279 | 11
-5833414577167958810 | 102 | 36.0866 | 2
-5833414577167958809 | 102 | 46.9164 | 9
-8525582872167558787 | 94 | 4.63978e-310 | 4
284441111383791949 | 78 | 4.63978e-310 | 6
4044114050854707915 | 73 | 4.63978e-310 | 4
3258389052217908323 | 65 | 11.0996 | 155
6516778104435816646 | 66 | 11.0996 | 155
-5413187864837918324 | 67 | 8.31873 | 50
7620368344033714968 | 68 | 8.31873 | 50
-3206007385642121680 | 69 | 8.31873 | 50
-6412014771284243359 | 70 | 8.31873 | 50
5622714531141064898 | 71 | 5.99492 | 47
-7201315011427421820 | 72 | 5.99492 | 47
4044114050854707976 | 73 | 5.99492 | 47
8088228101709415952 | 74 | 5.99492 | 47
-2270287870290719712 | 75 | 5.99492 | 47
-4540575740581439424 | 76 | 5.99492 | 47
-9081151481162878848 | 77 | 5.99492 | 47
284441111383793921 | 78 | 5.99492 | 47
568882222767587843 | 79 | 5.99492 | 47
1137764445535175687 | 80 | 5.99492 | 47
2275528891070351374 | 81 | 5.99492 | 47
4551057782140702748 | 82 | 5.99492 | 47
9102115564281405496 | 83 | 3.20676 | 19
-242512945146740624 | 84 | 3.20676 | 19
-485025890293481248 | 85 | 3.20676 | 19
-970051780586962496 | 86 | 3.20676 | 19
-1940103561173924992 | 87 | 3.20676 | 19
-3880207122347849983 | 88 | 3.20676 | 19
-7760414244695699965 | 89 | 3.20676 | 19
2925915584318151687 | 90 | 3.20676 | 19
5851831168636303374 | 91 | 3.20676 | 19
-6743081736436944868 | 92 | 3.20676 | 19
4960580600835661880 | 93 | 3.20676 | 19
-8525582872038227855 | 94 | 3.20676 | 19
1395578329633095907 | 95 | 3.20676 | 19
2791156659266191815 | 96 | 3.20676 | 19
5582313318532383630 | 97 | 3.20676 | 19
-7282117436644784356 | 98 | 2.53266 | 17
3882509200419982905 | 99 | 2.53266 | 17
7765018400839965810 | 100 | 5.7193 | 9
7765018400839965811 | 100 | 0.0199943 | 8
-7282117436644784355 | 98 | 4.63978e-310 | 2
9102115564281405497 | 83 | 3.12579 | 28
-242512945146740622 | 84 | 3.12579 | 28
-485025890293481244 | 85 | 3.12579 | 28
-970051780586962488 | 86 | 4.63978e-310 | 9
-970051780586962487 | 86 | 2.41302 | 19
-1940103561173924974 | 87 | 2.41302 | 19
-3880207122347849948 | 88 | 2.41302 | 19
-7760414244695699895 | 89 | 2.41302 | 19
2925915584318151827 | 90 | 2.41302 | 19
5851831168636303655 | 91 | 2.41302 | 19
-6743081736436944305 | 92 | 2.41302 | 19
4960580600835663006 | 93 | 2.41302 | 19
-8525582872038225604 | 94 | 4.63978e-310 | 2
-8525582872038225603 | 94 | 2.41302 | 17
1395578329633100411 | 95 | 2.41302 | 17
2791156659266200822 | 96 | 2.41302 | 17
5582313318532401644 | 97 | 2.41302 | 17
-7282117436644748327 | 98 | 2.41302 | 17
3882509200420054963 | 99 | 2.41302 | 17
7765018400840109926 | 100 | 2.41302 | 17
-2916707272029331764 | 101 | 2.41302 | 17
-5833414544058663528 | 102 | 2.41302 | 17
6779914985592224560 | 103 | 2.41302 | 17
-4886914102525102496 | 104 | 2.41302 | 17
8672915868659346624 | 105 | 2.41302 | 17
-1100912336390858368 | 106 | 2.41302 | 17
-2201824672781716736 | 107 | 1.74311 | 14
-4403649345563433472 | 108 | 1.74311 | 14
-8807298691126866944 | 109 | 1.74311 | 14
832146691455817728 | 110 | 1.74311 | 14
1664293382911635457 | 111 | 1.74311 | 14
3328586765823270914 | 112 | 1.74311 | 14
6657173531646541829 | 113 | 1.74311 | 14
-5132397010416467958 | 114 | 1.74311 | 14
8181950052876615700 | 115 | 3.71682 | 1
8181950052876615701 | 115 | 1.69701 | 13
-2082843967956320214 | 116 | 1.69701 | 13
-4165687935912640427 | 117 | 1.69701 | 13
-8331375871825280853 | 118 | 1.69701 | 13
1783992330058989911 | 119 | 1.69701 | 13
3567984660117979822 | 120 | 1.69701 | 13
7135969320235959644 | 121 | 1.69701 | 13
-4174805433237632328 | 122 | 4.63978e-310 | 8
-4174805433237632327 | 122 | 1.11165e-321 | 5
-2201824672781716735 | 107 | 4.63978e-310 | 3
5622714531141064899 | 71 | 4.63978e-310 | 3
-5413187864837918323 | 67 | 9.60804 | 105
7620368344033714970 | 68 | 9.60804 | 105
-3206007385642121676 | 69 | 7.45992 | 80
-6412014771284243352 | 70 | 7.45992 | 80
5622714531141064912 | 71 | 7.45992 | 80
-7201315011427421791 | 72 | 7.45992 | 80
4044114050854708034 | 73 | 7.45992 | 80
8088228101709416069 | 74 | 7.45992 | 80
-2270287870290719477 | 75 | 7.45992 | 80
-4540575740581438954 | 76 | 6.47242 | 61
-9081151481162877908 | 77 | 6.47242 | 61
284441111383795801 | 78 | 6.47242 | 61
568882222767591603 | 79 | 6.47242 | 61
1137764445535183207 | 80 | 6.47242 | 61
2275528891070366414 | 81 | 6.47242 | 61
4551057782140732829 | 82 | 6.47242 | 61
9102115564281465658 | 83 | 6.47242 | 61
-242512945146620299 | 84 | 6.47242 | 61
-485025890293240597 | 85 | 6.47242 | 61
-970051780586481194 | 86 | 6.47242 | 61
-1940103561172962388 | 87 | 6.47242 | 61
-3880207122345924776 | 88 | 6.47242 | 61
-7760414244691849552 | 89 | 6.47242 | 61
2925915584325852512 | 90 | 6.47242 | 61
5851831168651705025 | 91 | 6.47242 | 61
-6743081736406141566 | 92 | 6.47242 | 61
4960580600897268485 | 93 | 6.47242 | 61
-8525582871915014645 | 94 | 6.47242 | 61
1395578329879522327 | 95 | 6.47242 | 61
2791156659759044654 | 96 | 6.47242 | 61
5582313319518089308 | 97 | 6.47242 | 61
-7282117434673373000 | 98 | 6.47242 | 61
3882509204362805616 | 99 | 6.47242 | 61
7765018408725611232 | 100 | 6.47242 | 27
-2916707256258329152 | 101 | 6.47242 | 27
-5833414512516658304 | 102 | 6.47242 | 27
6779915048676235008 | 103 | 6.47242 | 27
-4886913976357081600 | 104 | 3.6142 | 13
8672916120995388416 | 105 | 3.6142 | 13
-1100911831718774783 | 106 | 3.6142 | 13
-2201823663437549565 | 107 | 3.6142 | 13
-4403647326875099129 | 108 | 3.6142 | 13
-8807294653750198257 | 109 | 3.6142 | 13
832154766209155102 | 110 | 1.22305 | 5
832154766209155103 | 110 | 0.322108 | 8
-4886913976357081599 | 104 | 2.5172 | 14
8672916120995388418 | 105 | 2.5172 | 14
-1100911831718774780 | 106 | 2.5172 | 14
-2201823663437549560 | 107 | 2.84451 | 5
-2201823663437549559 | 107 | 1.47866 | 9
7765018408725611233 | 100 | 6.24486 | 34
-2916707256258329150 | 101 | 4.73391 | 25
-5833414512516658299 | 102 | 4.73391 | 25
6779915048676235018 | 103 | 4.73391 | 25
-4886913976357081580 | 104 | 0.940176 | 8
-4886913976357081579 | 104 | 2.51054 | 17
8672916120995388459 | 105 | 2.51054 | 17
-1100911831718774697 | 106 | 2.51054 | 17
-2201823663437549394 | 107 | 0.498705 | 1
-2201823663437549393 | 107 | 2.37482 | 16
-4403647326875098786 | 108 | 2.37482 | 16
-8807294653750197571 | 109 | 2.37482 | 16
832154766209156475 | 110 | 2.37482 | 16
1664309532418312951 | 111 | 2.37482 | 16
3328619064836625902 | 112 | 2.37482 | 16
6657238129673251805 | 113 | 2.37482 | 16
-5132267814363048006 | 114 | 2.37482 | 16
8182208444983455604 | 115 | 2.37482 | 16
-2082327183742640408 | 116 | 2.37482 | 16
-4164654367485280816 | 117 | 2.37482 | 16
-8329308734970561631 | 118 | 2.37482 | 16
1788126603768428354 | 119 | 1.34257 | 8
1788126603768428355 | 119 | 0.012278 | 8
-2916707256258329149 | 101 | 4.63978e-310 | 9
-4540575740581438953 | 76 | 7.28762 | 19
-9081151481162877905 | 77 | 7.28762 | 19
284441111383795806 | 78 | 7.28762 | 19
568882222767591612 | 79 | 7.28762 | 19
1137764445535183224 | 80 | 7.28762 | 19
2275528891070366448 | 81 | 7.28762 | 19
4551057782140732896 | 82 | 7.28762 | 19
9102115564281465793 | 83 | 7.28762 | 19
-242512945146620029 | 84 | 7.28762 | 19
-485025890293240057 | 85 | 7.28762 | 19
-970051780586480114 | 86 | 7.28762 | 19
-1940103561172960227 | 87 | 7.28762 | 19
-3880207122345920454 | 88 | 7.28762 | 19
-7760414244691840908 | 89 | 4.5075 | 12
2925915584325869801 | 90 | 4.5075 | 12
5851831168651739603 | 91 | 4.5075 | 12
-6743081736406072410 | 92 | 4.5075 | 12
4960580600897406797 | 93 | 4.5075 | 12
-8525582871914738022 | 94 | 4.5075 | 12
1395578329880075573 | 95 | 4.5075 | 12
2791156659760151147 | 96 | 4.5075 | 12
5582313319520302295 | 97 | 4.5075 | 12
-7282117434668947025 | 98 | 4.5075 | 12
3882509204371657567 | 99 | 4.5075 | 12
7765018408743315134 | 100 | 4.5075 | 12
-2916707256222921348 | 101 | 0.0287882 | 7
-2916707256222921347 | 101 | 3.37133 | 5
-7760414244691840907 | 89 | 4.63978e-310 | 7
-3206007385642121675 | 69 | 6.99861 | 25
-6412014771284243349 | 70 | 6.99861 | 25
5622714531141064918 | 71 | 4.47211 | 14
-7201315011427421779 | 72 | 4.47211 | 14
4044114050854708058 | 73 | 4.47211 | 14
8088228101709416116 | 74 | 4.47211 | 14
-2270287870290719384 | 75 | 4.47211 | 14
-4540575740581438767 | 76 | 4.47211 | 14
-9081151481162877534 | 77 | 4.63978e-310 | 7
-9081151481162877533 | 77 | 4.63978e-310 | 7
5622714531141064919 | 71 | 2.59798 | 11
-7201315011427421778 | 72 | 2.59798 | 11
4044114050854708061 | 73 | 2.59798 | 11
8088228101709416123 | 74 | 2.59798 | 11
-2270287870290719370 | 75 | 2.59798 | 11
-4540575740581438739 | 76 | 2.59798 | 11
-9081151481162877477 | 77 | 2.59798 | 11
284441111383796663 | 78 | 2.59798 | 11
568882222767593327 | 79 | 2.59798 | 11
1137764445535186654 | 80 | 4.63978e-310 | 4
1137764445535186655 | 80 | 4.63978e-310 | 7
23707901 | 28 | 22.8888 | 109
47415802 | 29 | 22.8888 | 109
94831604 | 30 | 22.8888 | 109
189663208 | 31 | 22.8888 | 109
379326417 | 32 | 22.8888 | 109
758652834 | 33 | 22.8888 | 109
1517305669 | 34 | 22.8888 | 109
3034611339 | 35 | 22.8888 | 109
6069222679 | 36 | 22.8888 | 109
12138445358 | 37 | 22.8888 | 109
24276890717 | 38 | 22.8888 | 109
48553781435 | 39 | 22.8888 | 109
97107562870 | 40 | 22.8888 | 109
194215125740 | 41 | 22.8888 | 109
388430251480 | 42 | 22.8888 | 109
776860502961 | 43 | 22.8888 | 109
1553721005922 | 44 | 21.3593 | 16
3107442011844 | 45 | 404.135 | 8
3107442011845 | 45 | 6.90513e-310 | 8
1553721005923 | 44 | 22.3716 | 93
3107442011846 | 45 | 22.3716 | 93
6214884023693 | 46 | 22.3716 | 93
12429768047387 | 47 | 22.3716 | 93
24859536094774 | 48 | 22.3716 | 93
49719072189548 | 49 | 22.3716 | 93
99438144379097 | 50 | 22.3716 | 93
198876288758194 | 51 | 22.3716 | 93
397752577516389 | 52 | 22.3716 | 93
795505155032778 | 53 | 22.3716 | 93
1591010310065557 | 54 | 22.3716 | 93
3182020620131115 | 55 | 22.3716 | 93
6364041240262231 | 56 | 22.3716 | 93
12728082480524462 | 57 | 8.11909 | 56
25456164961048924 | 58 | 8.11909 | 56
50912329922097849 | 59 | 8.11909 | 56
101824659844195698 | 60 | 6.39908 | 16
203649319688391396 | 61 | 6.39908 | 16
407298639376782792 | 62 | 15.5992 | 7
407298639376782793 | 62 | 6.87956 | 9
101824659844195699 | 60 | 7.60718 | 40
203649319688391399 | 61 | 7.60718 | 40
407298639376782798 | 62 | 7.60718 | 40
814597278753565597 | 63 | 7.60718 | 40
1629194557507131195 | 64 | 7.60718 | 40
3258389115014262390 | 65 | 4.16801 | 21
6516778230028524780 | 66 | 1.77335 | 5
6516778230028524781 | 66 | 4.16801 | 16
-5413187613652502054 | 67 | 4.16801 | 16
7620368846404547509 | 68 | 4.16801 | 16
-3206006380900456597 | 69 | 4.16801 | 16
-6412012761800913194 | 70 | 4.16801 | 16
5622718550107725228 | 71 | 0.0620003 | 1
5622718550107725229 | 71 | 3.76678 | 15
-7201306973494101158 | 72 | 3.76678 | 15
4044130126721349301 | 73 | 3.76678 | 15
8088260253442698603 | 74 | 3.76678 | 15
-2270223566824154409 | 75 | 3.76678 | 15
-4540447133648308817 | 76 | 3.76678 | 15
-9080894267296617633 | 77 | 3.76678 | 15
284955539116316350 | 78 | 3.76678 | 15
569911078232632701 | 79 | 3.76678 | 15
1139822156465265403 | 80 | 3.76678 | 15
2279644312930530806 | 81 | 3.76678 | 15
4559288625861061613 | 82 | 3.76678 | 15
9118577251722123227 | 83 | 3.76678 | 15
-209589570265305161 | 84 | 3.76678 | 15
-419179140530610321 | 85 | 3.76678 | 15
-838358281061220642 | 86 | 3.76678 | 15
-1676716562122441283 | 87 | 3.76678 | 15
-3353433124244882565 | 88 | 3.76678 | 15
-6706866248489765129 | 89 | 3.76678 | 15
5033011576730021358 | 90 | 3.76678 | 15
-8380720920249508900 | 91 | 3.76678 | 15
1685302233210533816 | 92 | 3.50397 | 14
3370604466421067632 | 93 | 3.50397 | 14
6741208932842135265 | 94 | 3.50397 | 14
-4964326208025281085 | 95 | 3.50397 | 14
8518091657658989447 | 96 | 3.50397 | 14
-1410560758391572722 | 97 | 3.50397 | 14
-2821121516783145444 | 98 | 3.50397 | 14
-5642243033566290888 | 99 | 3.50397 | 14
7162258006576969841 | 100 | 3.50397 | 14
-4122228060555611934 | 101 | 3.50397 | 14
-8244456121111223867 | 102 | 3.50397 | 14
1957831831487103882 | 103 | 3.50397 | 14
3915663662974207764 | 104 | 3.50397 | 14
7831327325948415529 | 105 | 3.50397 | 14
-2784089421812720558 | 106 | 3.50397 | 14
-5568178843625441115 | 107 | 3.50397 | 14
7310386386458669386 | 108 | 2.37152e-322 | 2
7310386386458669387 | 108 | 3.50397 | 12
-3825971300792212842 | 109 | 3.50397 | 12
-7651942601584425684 | 110 | 3.50397 | 12
3142858870540700248 | 111 | 3.50397 | 12
6285717741081400497 | 112 | 3.50397 | 12
-5875308591546750621 | 113 | 3.50397 | 12
6696126890616050374 | 114 | 3.50397 | 12
-5054490292477450868 | 115 | 8.04472 | 3
-5054490292477450867 | 115 | 4.63978e-310 | 9
1685302233210533817 | 92 | 4.63978e-310 | 1
3258389115014262391 | 65 | 3.38166 | 19
6516778230028524782 | 66 | 3.38166 | 19
-5413187613652502052 | 67 | 3.38166 | 19
7620368846404547512 | 68 | 4.63978e-310 | 10
7620368846404547513 | 68 | 4.63978e-310 | 9
12728082480524463 | 57 | 7.37723 | 37
25456164961048926 | 58 | 7.37723 | 37
50912329922097853 | 59 | 7.37723 | 37
101824659844195707 | 60 | 7.37723 | 37
203649319688391414 | 61 | 7.37723 | 37
407298639376782828 | 62 | 7.37723 | 37
814597278753565657 | 63 | 7.37723 | 37
1629194557507131314 | 64 | 7.37723 | 37
3258389115014262629 | 65 | 7.37723 | 37
6516778230028525259 | 66 | 7.37723 | 37
-5413187613652501098 | 67 | 7.32141 | 30
7620368846404549420 | 68 | 7.32141 | 30
-3206006380900452776 | 69 | 7.32141 | 30
-6412012761800905552 | 70 | 7.32141 | 30
5622718550107740512 | 71 | 7.32141 | 30
-7201306973494070592 | 72 | 7.32141 | 30
4044130126721410432 | 73 | 7.32141 | 28
8088260253442820864 | 74 | 7.32141 | 28
-2270223566823909887 | 75 | 7.32141 | 28
-4540447133647819774 | 76 | 7.2283 | 13
-9080894267295639547 | 77 | 7.2283 | 13
284955539118272522 | 78 | 7.2283 | 13
569911078236545045 | 79 | 7.2283 | 13
1139822156473090090 | 80 | 7.2283 | 13
2279644312946180181 | 81 | 7.2283 | 13
4559288625892360363 | 82 | 7.2283 | 13
9118577251784720727 | 83 | 7.2283 | 13
-209589570140110161 | 84 | 7.2283 | 13
-419179140280220322 | 85 | 7.2283 | 13
-838358280560440644 | 86 | 7.2283 | 13
-1676716561120881288 | 87 | 7.2283 | 13
-3353433122241762575 | 88 | 7.2283 | 13
-6706866244483525150 | 89 | 7.2283 | 13
5033011584742501317 | 90 | 7.2283 | 13
-8380720904224548982 | 91 | 7.2283 | 13
1685302265260453652 | 92 | 1.63042e-322 | 6
1685302265260453653 | 92 | 1.63042e-322 | 7
-4540447133647819773 | 76 | 6.31785 | 15
-9080894267295639545 | 77 | 6.31785 | 15
284955539118272526 | 78 | 6.31785 | 15
569911078236545053 | 79 | 6.31785 | 15
1139822156473090107 | 80 | 6.31785 | 15
2279644312946180214 | 81 | 6.31785 | 15
4559288625892360428 | 82 | 6.31785 | 15
9118577251784720856 | 83 | 6.31785 | 15
-209589570140109904 | 84 | 6.31785 | 15
-419179140280219807 | 85 | 6.31785 | 15
-838358280560439614 | 86 | 6.31785 | 15
-1676716561120879228 | 87 | 6.31785 | 15
-3353433122241758456 | 88 | 6.31785 | 15
-6706866244483516912 | 89 | 8.28801 | 5
-6706866244483516911 | 89 | 1.58101e-322 | 10
4044130126721410433 | 73 | 4.63978e-310 | 2
-5413187613652501097 | 67 | 4.63978e-310 | 7
11853951 | 27 | 10.095 | 39
23707902 | 28 | 10.095 | 39
47415804 | 29 | 4.62028 | 15
94831608 | 30 | 4.62028 | 15
189663216 | 31 | 4.62028 | 15
379326432 | 32 | 4.62028 | 15
758652864 | 33 | 4.05823 | 6
758652865 | 33 | 4.63978e-310 | 9
47415805 | 29 | 8.63049 | 24
94831610 | 30 | 8.63049 | 24
189663221 | 31 | 8.63049 | 24
379326442 | 32 | 8.63049 | 24
758652885 | 33 | 8.63049 | 24
1517305771 | 34 | 8.63049 | 24
3034611543 | 35 | 8.63049 | 24
6069223086 | 36 | 8.63049 | 24
12138446172 | 37 | 6.84252 | 13
24276892345 | 38 | 6.84252 | 13
48553784691 | 39 | 6.84252 | 13
97107569383 | 40 | 6.84252 | 13
194215138766 | 41 | 1.63042e-322 | 4
194215138767 | 41 | 1.63042e-322 | 9
12138446173 | 37 | 6.45375 | 11
24276892347 | 38 | 6.45375 | 11
48553784694 | 39 | 6.45375 | 11
97107569388 | 40 | 6.45375 | 11
194215138777 | 41 | 6.45375 | 11
388430277554 | 42 | 6.45375 | 11
776860555108 | 43 | 6.45375 | 11
1553721110217 | 44 | 6.45375 | 11
3107442220434 | 45 | 6.45375 | 11
6214884440869 | 46 | 6.45375 | 11
12429768881738 | 47 | 6.45375 | 11
24859537763477 | 48 | 6.45375 | 11
49719075526955 | 49 | 6.45375 | 11
99438151053911 | 50 | 6.45375 | 11
198876302107823 | 51 | 6.45375 | 11
397752604215646 | 52 | 1.58101e-322 | 5
397752604215647 | 52 | 1.63042e-322 | 6
1 | 1 | 19.5688 | 436
2 | 2 | 19.5688 | 436
5 | 3 | 19.5688 | 436
11 | 4 | 19.5688 | 436
23 | 5 | 19.5688 | 436
47 | 6 | 19.5688 | 436
95 | 7 | 19.5688 | 436
190 | 8 | 19.5688 | 436
381 | 9 | 19.5688 | 436
763 | 10 | 19.5688 | 436
1527 | 11 | 19.5688 | 436
3054 | 12 | 19.5688 | 436
6108 | 13 | 19.5688 | 436
12217 | 14 | 19.5688 | 436
24435 | 15 | 19.5688 | 436
48870 | 16 | 19.5688 | 436
97740 | 17 | 19.5688 | 436
195481 | 18 | 19.5688 | 436
390962 | 19 | 19.5688 | 436
781924 | 20 | 17.9521 | 195
1563849 | 21 | 17.9521 | 195
3127698 | 22 | 17.9521 | 195
6255397 | 23 | 17.9521 | 195
12510795 | 24 | 17.9521 | 195
25021590 | 25 | 17.9521 | 195
50043181 | 26 | 17.9521 | 195
100086362 | 27 | 17.9521 | 195
200172724 | 28 | 17.9521 | 195
400345449 | 29 | 17.9521 | 195
800690899 | 30 | 17.9521 | 195
1601381799 | 31 | 17.9521 | 195
3202763598 | 32 | 17.9521 | 195
6405527196 | 33 | 17.9521 | 195
12811054392 | 34 | 17.9521 | 56
25622108784 | 35 | 17.9521 | 56
51244217568 | 36 | 17.9521 | 56
102488435136 | 37 | 17.9521 | 55
204976870273 | 38 | 17.9521 | 55
409953740546 | 39 | 17.9521 | 55
819907481092 | 40 | 17.9521 | 55
1639814962185 | 41 | 17.9521 | 55
3279629924370 | 42 | 17.9521 | 55
6559259848740 | 43 | 17.9521 | 55
13118519697481 | 44 | 17.9521 | 55
26237039394963 | 45 | 17.9521 | 55
52474078789926 | 46 | 17.9521 | 55
104948157579853 | 47 | 17.9521 | 55
209896315159706 | 48 | 17.9521 | 55
419792630319412 | 49 | 17.9521 | 55
839585260638824 | 50 | 17.9521 | 55
1679170521277649 | 51 | 17.9521 | 55
3358341042555298 | 52 | 17.9521 | 55
6716682085110596 | 53 | 17.9521 | 55
13433364170221193 | 54 | 17.9521 | 55
26866728340442386 | 55 | 17.9521 | 55
53733456680884773 | 56 | 17.9521 | 55
107466913361769546 | 57 | 4.81956 | 35
214933826723539092 | 58 | 4.81956 | 35
429867653447078185 | 59 | 4.81956 | 35
859735306894156370 | 60 | 4.81956 | 35
1719470613788312740 | 61 | 4.81956 | 35
3438941227576625480 | 62 | 4.81956 | 35
6877882455153250960 | 63 | 1.63042e-322 | 1
6877882455153250961 | 63 | 4.81956 | 34
-4690979163403049693 | 64 | 4.81956 | 34
9064785746903452231 | 65 | 4.81956 | 34
-317172579902647153 | 66 | 4.81956 | 34
-634345159805294305 | 67 | 4.81956 | 34
-1268690319610588610 | 68 | 4.81956 | 34
-2537380639221177219 | 69 | 4.81956 | 34
-5074761278442354437 | 70 | 4.81956 | 34
8297221516824842743 | 71 | 4.81956 | 34
-1852301040059866130 | 72 | 2.95419 | 16
-3704602080119732260 | 73 | 2.95419 | 16
-7409204160239464520 | 74 | 2.95419 | 16
3628335753230622576 | 75 | 2.95419 | 12
7256671506461245153 | 76 | 2.95419 | 12
-3933401060787061310 | 77 | 4.63978e-310 | 2
-3933401060787061309 | 77 | 4.63978e-310 | 10
3628335753230622577 | 75 | 4.63978e-310 | 4
-1852301040059866129 | 72 | 4.12367 | 18
-3704602080119732258 | 73 | 4.12367 | 18
-7409204160239464515 | 74 | 4.12367 | 18
3628335753230622586 | 75 | 4.12367 | 18
7256671506461245172 | 76 | 4.12367 | 18
-3933401060787061272 | 77 | 4.63978e-310 | 7
-3933401060787061271 | 77 | 1.83479 | 11
-7866802121574122542 | 78 | 1.83479 | 11
2713139830561306533 | 79 | 1.83479 | 11
5426279661122613066 | 80 | 1.83479 | 11
-7594184751464325483 | 81 | 1.83479 | 11
3258374570780900650 | 82 | 1.83479 | 11
6516749141561801300 | 83 | 2.21105 | 3
6516749141561801301 | 83 | 13.8696 | 8
107466913361769547 | 57 | 4.12057 | 20
214933826723539095 | 58 | 4.12057 | 20
429867653447078190 | 59 | 4.12057 | 20
859735306894156381 | 60 | 4.12057 | 20
1719470613788312762 | 61 | 4.12057 | 20
3438941227576625524 | 62 | 4.12057 | 20
6877882455153251048 | 63 | 4.12057 | 20
-4690979163403049520 | 64 | 4.12057 | 20
9064785746903452576 | 65 | 4.12057 | 20
-317172579902646464 | 66 | 4.12057 | 20
-634345159805292927 | 67 | 4.12057 | 20
-1268690319610585854 | 68 | 4.12057 | 20
-2537380639221171707 | 69 | 4.12057 | 20
-5074761278442343413 | 70 | 4.12057 | 20
8297221516824864790 | 71 | 4.12057 | 20
-1852301040059822036 | 72 | 4.12057 | 20
-3704602080119644071 | 73 | 4.12057 | 20
-7409204160239288142 | 74 | 4.12057 | 20
3628335753230975333 | 75 | 4.12057 | 20
7256671506461950667 | 76 | 4.12057 | 20
-3933401060785650281 | 77 | 4.12057 | 20
-7866802121571300562 | 78 | 4.12057 | 20
2713139830566950493 | 79 | 4.12057 | 20
5426279661133900987 | 80 | 4.12057 | 20
-7594184751441749641 | 81 | 4.12057 | 20
3258374570826052334 | 82 | 4.12057 | 20
6516749141652104668 | 83 | 4.12057 | 20
-5413245790405342280 | 84 | 4.12057 | 19
7620252492898867056 | 85 | 4.12057 | 19
-3206239087911817503 | 86 | 4.12057 | 19
-6412478175823635005 | 87 | 4.12057 | 19
5621787722062281607 | 88 | 4.12057 | 19
-7203168629584988401 | 89 | 4.12057 | 19
4040406814539574815 | 90 | 4.12057 | 19
8080813629079149631 | 91 | 4.12057 | 19
-2285116815551252354 | 92 | 4.12057 | 19
-4570233631102504708 | 93 | 4.12057 | 19
-9140467262205009415 | 94 | 4.12057 | 19
165809549299532786 | 95 | 4.12057 | 19
331619098599065572 | 96 | 4.12057 | 19
663238197198131144 | 97 | 4.12057 | 19
1326476394396262288 | 98 | 4.12057 | 19
2652952788792524577 | 99 | 4.12057 | 19
5305905577585049155 | 100 | 4.12057 | 19
-7834932918539453305 | 101 | 4.12057 | 19
2776878236630645007 | 102 | 4.12057 | 19
5553756473261290014 | 103 | 4.12057 | 19
-7339231127186971588 | 104 | 1.63042e-322 | 1
-7339231127186971587 | 104 | 3.1913 | 18
3768281819335608442 | 105 | 3.1913 | 18
7536563638671216884 | 106 | 3.1913 | 18
-3373616796367117848 | 107 | 3.1913 | 18
-6747233592734235695 | 108 | 3.1913 | 18
4952276888241080226 | 109 | 3.1913 | 14
-8542190297227391163 | 110 | 3.1913 | 14
1362363479254769291 | 111 | 3.1913 | 14
2724726958509538582 | 112 | 3.1913 | 14
5449453917019077164 | 113 | 3.1913 | 14
-7547836239671397288 | 114 | 3.1913 | 14
3351071594366757041 | 115 | 3.1913 | 14
6702143188733514082 | 116 | 2.81708 | 12
-5042457696242523451 | 117 | 2.81708 | 12
8361828681224504714 | 118 | 2.81708 | 12
-1723086711260542188 | 119 | 2.81708 | 12
-3446173422521084375 | 120 | 2.81708 | 12
-6892346845042168750 | 121 | 2.81708 | 12
4662050383625214117 | 122 | 2.81708 | 12
-9122643306459123382 | 123 | 2.81708 | 12
201457460791304852 | 124 | 2.81708 | 12
402914921582609705 | 125 | 2.81708 | 12
805829843165219410 | 126 | 2.81708 | 12
1611659686330438820 | 127 | 2.81708 | 12
3223319372660877641 | 128 | 2.81708 | 12
6446638745321755282 | 129 | 0 | 10
6446638745321755283 | 129 | 3.46397 | 2
6702143188733514083 | 116 | 4.63978e-310 | 2
4952276888241080227 | 109 | 4.63978e-310 | 4
-5413245790405342279 | 84 | 4.63978e-310 | 1
102488435137 | 37 | 4.63978e-310 | 1
12811054393 | 34 | 13.0758 | 139
25622108786 | 35 | 13.0758 | 139
51244217573 | 36 | 13.0758 | 139
102488435146 | 37 | 13.0758 | 139
204976870293 | 38 | 13.0758 | 139
409953740586 | 39 | 13.0758 | 139
819907481173 | 40 | 13.0758 | 139
1639814962347 | 41 | 13.0758 | 139
3279629924694 | 42 | 10.6054 | 113
6559259849388 | 43 | 10.6054 | 113
13118519698777 | 44 | 10.6054 | 113
26237039397555 | 45 | 10.6054 | 113
52474078795110 | 46 | 10.6054 | 113
104948157590221 | 47 | 10.6054 | 113
209896315180442 | 48 | 10.6054 | 113
419792630360884 | 49 | 10.6054 | 113
839585260721769 | 50 | 10.6054 | 113
1679170521443539 | 51 | 10.6054 | 113
3358341042887079 | 52 | 10.6054 | 113
6716682085774159 | 53 | 10.6054 | 113
13433364171548318 | 54 | 10.6054 | 113
26866728343096636 | 55 | 10.6054 | 113
53733456686193273 | 56 | 10.6054 | 113
107466913372386546 | 57 | 10.6054 | 113
214933826744773093 | 58 | 10.6054 | 113
429867653489546187 | 59 | 10.6054 | 113
859735306979092374 | 60 | 5.43111 | 55
1719470613958184749 | 61 | 5.43111 | 55
3438941227916369498 | 62 | 5.43111 | 55
6877882455832738997 | 63 | 5.43111 | 55
-4690979162044073621 | 64 | 5.43111 | 55
9064785749621404374 | 65 | 4.9944 | 45
-317172574466742867 | 66 | 4.9944 | 45
-634345148933485734 | 67 | 2.23872 | 14
-1268690297866971467 | 68 | 2.23872 | 14
-2537380595733942933 | 69 | 2.23872 | 14
-5074761191467885865 | 70 | 2.23872 | 14
8297221690773779887 | 71 | 2.23872 | 14
-1852300692161991841 | 72 | 2.23872 | 14
-3704601384323983682 | 73 | 2.23872 | 14
-7409202768647967363 | 74 | 2.23872 | 14
3628338536413616891 | 75 | 2.23872 | 14
7256677072827233782 | 76 | 2.23872 | 14
-3933389928055084052 | 77 | 2.23872 | 14
-7866779856110168104 | 78 | 2.23872 | 14
2713184361489215408 | 79 | 2.23872 | 14
5426368722978430816 | 80 | 7.29305 | 6
5426368722978430817 | 80 | 2.29262 | 8
-634345148933485733 | 67 | 3.65776 | 31
-1268690297866971466 | 68 | 3.65776 | 31
-2537380595733942931 | 69 | 3.65776 | 31
-5074761191467885862 | 70 | 3.65776 | 31
8297221690773779892 | 71 | 3.65776 | 31
-1852300692161991831 | 72 | 3.65776 | 31
-3704601384323983662 | 73 | 3.65776 | 31
-7409202768647967323 | 74 | 3.65776 | 31
3628338536413616970 | 75 | 3.65776 | 31
7256677072827233940 | 76 | 3.65776 | 31
-3933389928055083736 | 77 | 4.63978e-310 | 7
-3933389928055083735 | 77 | 3.65776 | 24
-7866779856110167469 | 78 | 3.65776 | 24
2713184361489216678 | 79 | 3.65776 | 24
5426368722978433357 | 80 | 3.65776 | 24
-7594006627752684901 | 81 | 3.65776 | 24
3258730818204181815 | 82 | 3.65776 | 24
6517461636408363630 | 83 | 3.65776 | 24
-5411820800892824355 | 84 | 3.65776 | 24
7623102471923902906 | 85 | 3.65776 | 24
-3200539129861745803 | 86 | 3.65776 | 24
-6401078259723491606 | 87 | 1.8542 | 12
5644587554262568405 | 88 | 1.8542 | 12
-7157568965184414806 | 89 | 5.80328 | 7
-7157568965184414805 | 89 | 0.0807197 | 5
-6401078259723491605 | 87 | 1.54522 | 12
5644587554262568406 | 88 | 1.54522 | 12
-7157568965184414804 | 89 | 1.54522 | 12
4131606143340722008 | 90 | 0.985837 | 8
4131606143340722009 | 90 | 2.0368 | 4
9064785749621404375 | 65 | 4.63978e-310 | 10
859735306979092375 | 60 | 5.76918 | 58
1719470613958184751 | 61 | 5.76918 | 58
3438941227916369502 | 62 | 5.76918 | 58
6877882455832739005 | 63 | 5.76918 | 58
-4690979162044073606 | 64 | 5.76918 | 58
9064785749621404404 | 65 | 5.76918 | 58
-317172574466742808 | 66 | 5.76918 | 58
-634345148933485616 | 67 | 5.76918 | 58
-1268690297866971232 | 68 | 5.76918 | 58
-2537380595733942464 | 69 | 3.74891 | 31
-5074761191467884927 | 70 | 3.74891 | 31
8297221690773781762 | 71 | 3.74891 | 31
-1852300692161988091 | 72 | 3.74891 | 31
-3704601384323976182 | 73 | 3.74891 | 31
-7409202768647952364 | 74 | 3.74891 | 31
3628338536413646888 | 75 | 3.74891 | 31
7256677072827293777 | 76 | 3.74891 | 31
-3933389928054964062 | 77 | 3.74891 | 31
-7866779856109928124 | 78 | 3.74891 | 31
2713184361489695368 | 79 | 0.926037 | 2
2713184361489695369 | 79 | 3.74891 | 29
5426368722979390739 | 80 | 3.74891 | 29
-7594006627750770137 | 81 | 3.74891 | 29
3258730818208011343 | 82 | 3.74891 | 29
6517461636416022686 | 83 | 3.10683 | 21
-5411820800877506244 | 84 | 3.10683 | 21
7623102471954539128 | 85 | 3.10683 | 21
-3200539129800473359 | 86 | 3.10683 | 21
-6401078259600946718 | 87 | 3.10683 | 21
5644587554507658181 | 88 | 3.10683 | 21
-7157568964694235254 | 89 | 3.10683 | 21
4131606144321081108 | 90 | 3.10683 | 21
8263212288642162216 | 91 | 3.10683 | 21
-1920319496425227184 | 92 | 3.10683 | 21
-3840638992850454368 | 93 | 3.10683 | 21
-7681277985700908736 | 94 | 3.10683 | 21
3084188102307734144 | 95 | 3.10683 | 21
6168376204615468288 | 96 | 2.08346 | 19
-6109991664478615040 | 97 | 2.08346 | 19
6226760744752321537 | 98 | 2.08346 | 19
-5993222584204908542 | 99 | 1.52409 | 15
6460298905299734533 | 100 | 1.52409 | 15
-5526146263110082550 | 101 | 1.52409 | 15
7394451547489386516 | 102 | 1.23292 | 11
-3657840978730778583 | 103 | 1.23292 | 11
-7315681957461557166 | 104 | 5.00395 | 8
-7315681957461557165 | 104 | 4.39436 | 3
7394451547489386517 | 102 | 4.63978e-310 | 4
-5993222584204908541 | 99 | 4.63978e-310 | 4
6168376204615468289 | 96 | 4.63978e-310 | 2
6517461636416022687 | 83 | 4.63978e-310 | 8
-2537380595733942463 | 69 | 3.94842 | 27
-5074761191467884925 | 70 | 3.94842 | 27
8297221690773781767 | 71 | 3.94842 | 27
-1852300692161988082 | 72 | 3.94842 | 27
-3704601384323976163 | 73 | 3.94842 | 27
-7409202768647952325 | 74 | 3.94842 | 27
3628338536413646967 | 75 | 3.94842 | 27
7256677072827293935 | 76 | 3.94842 | 27
-3933389928054963745 | 77 | 3.94842 | 27
-7866779856109927490 | 78 | 3.58997 | 24
2713184361489696636 | 79 | 3.58997 | 24
5426368722979393273 | 80 | 3.58997 | 24
-7594006627750765069 | 81 | 3.58997 | 24
3258730818208021478 | 82 | 3.58997 | 24
6517461636416042957 | 83 | 3.58997 | 24
-5411820800877465701 | 84 | 3.58997 | 24
7623102471954620214 | 85 | 3.58997 | 24
-3200539129800311188 | 86 | 3.58997 | 24
-6401078259600622376 | 87 | 3.58997 | 24
5644587554508306864 | 88 | 3.58997 | 24
-7157568964692937888 | 89 | 3.58997 | 24
4131606144323675840 | 90 | 3.58997 | 24
8263212288647351680 | 91 | 3.58997 | 24
-1920319496414848255 | 92 | 3.58997 | 24
-3840638992829696510 | 93 | 3.58997 | 24
-7681277985659393020 | 94 | 3.58997 | 24
3084188102390765576 | 95 | 3.58997 | 24
6168376204781531152 | 96 | 3.58997 | 24
-6109991664146489312 | 97 | 3.58997 | 24
6226760745416572992 | 98 | 1.07119 | 4
6226760745416572993 | 98 | 2.35281 | 20
-5993222582876405630 | 99 | 1.91974 | 3
-5993222582876405629 | 99 | 2.25372 | 17
6460298907956740359 | 100 | 2.25372 | 17
-5526146257796070898 | 101 | 2.25372 | 17
7394451558117409820 | 102 | 2.25372 | 17
-3657840957474731975 | 103 | 2.25372 | 17
-7315681914949463950 | 104 | 2.25372 | 17
3815380243810623716 | 105 | 2.25372 | 17
7630760487621247433 | 106 | 2.25372 | 17
-3185223098467056749 | 107 | 2.25372 | 17
-6370446196934113497 | 108 | 2.25372 | 17
5705851679841324622 | 109 | 2.25372 | 17
-7035040714026902371 | 110 | 2.25372 | 17
4376662645655746875 | 111 | 2.25372 | 17
8753325291311493750 | 112 | 2.25372 | 17
-940093491086564115 | 113 | 2.25372 | 17
-1880186982173128229 | 114 | 2.25372 | 17
-3760373964346256457 | 115 | 2.25372 | 17
-7520747928692512914 | 116 | 2.25372 | 17
3405248216324525789 | 117 | 2.25372 | 17
6810496432649051579 | 118 | 2.25372 | 17
-4825751208411448458 | 119 | 2.25372 | 17
8795241656886654700 | 120 | 2.25372 | 17
-856260759936242215 | 121 | 2.25372 | 17
-1712521519872484429 | 122 | 2.25372 | 17
-3425043039744968857 | 123 | 2.25372 | 17
-6850086079489937714 | 124 | 2.25372 | 17
4746571914729676189 | 125 | 2.25372 | 17
-8953600244250199238 | 126 | 2.25372 | 17
539543585209153140 | 127 | 2.25372 | 17
1079087170418306281 | 128 | 2.25372 | 17
2158174340836612563 | 129 | 2.25372 | 17
4316348681673225127 | 130 | 2.25372 | 17
8632697363346450254 | 131 | 0.312123 | 8
8632697363346450255 | 131 | 0.770197 | 9
-7866779856109927489 | 78 | 4.63978e-310 | 3
3279629924695 | 42 | 3.60255 | 26
6559259849390 | 43 | 3.60255 | 26
13118519698780 | 44 | 3.60255 | 26
26237039397560 | 45 | 3.29141 | 21
52474078795120 | 46 | 3.29141 | 21
104948157590240 | 47 | 3.03946 | 19
209896315180480 | 48 | 3.03946 | 19
419792630360961 | 49 | 3.03946 | 19
839585260721922 | 50 | 3.03946 | 19
1679170521443844 | 51 | 3.03946 | 19
3358341042887689 | 52 | 3.03946 | 19
6716682085775378 | 53 | 3.03946 | 19
13433364171550756 | 54 | 3.03946 | 19
26866728343101513 | 55 | 3.03946 | 19
53733456686203026 | 56 | 3.03946 | 19
107466913372406052 | 57 | 3.03946 | 19
214933826744812105 | 58 | 3.03946 | 19
429867653489624211 | 59 | 3.03946 | 19
859735306979248423 | 60 | 3.03946 | 19
1719470613958496847 | 61 | 3.03946 | 19
3438941227916993694 | 62 | 3.03946 | 19
6877882455833987389 | 63 | 3.03946 | 19
-4690979162041576837 | 64 | 3.03946 | 19
9064785749626397942 | 65 | 3.03946 | 19
-317172574456755732 | 66 | 3.03946 | 19
-634345148913511464 | 67 | 3.03946 | 19
-1268690297827022928 | 68 | 3.03946 | 19
-2537380595654045856 | 69 | 4.63978e-310 | 10
-2537380595654045855 | 69 | 4.63978e-310 | 9
104948157590241 | 47 | 4.63978e-310 | 2
26237039397561 | 45 | 4.63978e-310 | 5
781925 | 20 | 18.0644 | 241
1563850 | 21 | 17.2989 | 231
3127700 | 22 | 17.2989 | 231
6255400 | 23 | 17.2989 | 231
12510801 | 24 | 17.2989 | 231
25021602 | 25 | 17.2989 | 231
50043205 | 26 | 17.2989 | 231
100086410 | 27 | 17.2989 | 231
200172820 | 28 | 17.2989 | 231
400345640 | 29 | 17.2989 | 231
800691280 | 30 | 8.22585 | 111
1601382560 | 31 | 8.22585 | 111
3202765120 | 32 | 8.22585 | 111
6405530241 | 33 | 8.22585 | 111
12811060482 | 34 | 8.22585 | 111
25622120964 | 35 | 6.69758 | 14
51244241928 | 36 | 6.69758 | 14
102488483856 | 37 | 4.63978e-310 | 2
102488483857 | 37 | 5.26282 | 12
204976967715 | 38 | 5.26282 | 12
409953935430 | 39 | 5.26282 | 12
819907870860 | 40 | 5.26282 | 12
1639815741721 | 41 | 5.26282 | 12
3279631483442 | 42 | 5.26282 | 12
6559262966884 | 43 | 5.26282 | 12
13118525933769 | 44 | 5.26282 | 12
26237051867538 | 45 | 5.26282 | 12
52474103735077 | 46 | 5.26282 | 12
104948207470154 | 47 | 5.26282 | 12
209896414940308 | 48 | 5.26282 | 12
419792829880616 | 49 | 5.26282 | 12
839585659761232 | 50 | 5.26282 | 12
1679171319522465 | 51 | 5.26282 | 12
3358342639044930 | 52 | 5.26282 | 12
6716685278089860 | 53 | 5.26282 | 12
13433370556179720 | 54 | 5.26282 | 12
26866741112359440 | 55 | 5.26282 | 12
53733482224718881 | 56 | 5.26282 | 12
107466964449437763 | 57 | 5.26282 | 12
214933928898875527 | 58 | 5.26282 | 12
429867857797751055 | 59 | 5.26282 | 12
859735715595502111 | 60 | 5.26282 | 12
1719471431191004222 | 61 | 5.26282 | 12
3438942862382008444 | 62 | 5.26282 | 12
6877885724764016888 | 63 | 5.26282 | 12
-4690972624181517840 | 64 | 5.26282 | 12
9064798825346515936 | 65 | 5.26282 | 12
-317146423016519743 | 66 | 5.26282 | 12
-634292846033039486 | 67 | 5.26282 | 12
-1268585692066078971 | 68 | 5.26282 | 12
-2537171384132157942 | 69 | 4.63978e-310 | 8
-2537171384132157941 | 69 | 0.136053 | 4
25622120965 | 35 | 7.8178 | 97
51244241931 | 36 | 7.8178 | 97
102488483863 | 37 | 7.8178 | 97
204976967727 | 38 | 7.8178 | 97
409953935455 | 39 | 7.8178 | 97
819907870911 | 40 | 7.8178 | 97
1639815741823 | 41 | 7.8178 | 97
3279631483646 | 42 | 7.8178 | 97
6559262967293 | 43 | 7.8178 | 97
13118525934587 | 44 | 7.8178 | 97
26237051869174 | 45 | 3.70007 | 36
52474103738349 | 46 | 3.70007 | 36
104948207476698 | 47 | 3.70007 | 36
209896414953396 | 48 | 3.70007 | 36
419792829906792 | 49 | 3.70007 | 36
839585659813584 | 50 | 4.63978e-310 | 5
839585659813585 | 50 | 2.96916 | 31
1679171319627171 | 51 | 2.96916 | 31
3358342639254342 | 52 | 2.50754 | 14
6716685278508684 | 53 | 2.50754 | 14
13433370557017369 | 54 | 2.50754 | 14
26866741114034738 | 55 | 2.50754 | 14
53733482228069477 | 56 | 2.50754 | 14
107466964456138955 | 57 | 2.50754 | 14
214933928912277910 | 58 | 2.50754 | 14
429867857824555820 | 59 | 2.50754 | 14
859735715649111641 | 60 | 2.50754 | 14
1719471431298223282 | 61 | 2.50754 | 14
3438942862596446564 | 62 | 2.50754 | 14
6877885725192893129 | 63 | 2.50754 | 14
-4690972623323765358 | 64 | 3.00278 | 4
-4690972623323765357 | 64 | 4.63978e-310 | 10
3358342639254343 | 52 | 2.58665 | 17
6716685278508686 | 53 | 2.58665 | 17
13433370557017372 | 54 | 2.58665 | 17
26866741114034744 | 55 | 2.58665 | 17
53733482228069489 | 56 | 2.58665 | 17
107466964456138978 | 57 | 2.58665 | 17
214933928912277956 | 58 | 2.58665 | 17
429867857824555913 | 59 | 2.58665 | 17
859735715649111827 | 60 | 2.58665 | 17
1719471431298223654 | 61 | 2.58665 | 17
3438942862596447308 | 62 | 4.63978e-310 | 7
3438942862596447309 | 62 | 0 | 10
26237051869175 | 45 | 5.25608 | 61
52474103738351 | 46 | 5.25608 | 61
104948207476703 | 47 | 5.25608 | 61
209896414953406 | 48 | 5.25608 | 61
419792829906813 | 49 | 5.25608 | 61
839585659813626 | 50 | 5.25608 | 61
1679171319627252 | 51 | 3.41654 | 30
3358342639254505 | 52 | 3.41654 | 30
6716685278509011 | 53 | 3.41654 | 30
13433370557018022 | 54 | 3.41654 | 30
26866741114036045 | 55 | 3.41654 | 30
53733482228072090 | 56 | 4.63978e-310 | 10
53733482228072091 | 56 | 2.52874 | 20
107466964456144182 | 57 | 2.52874 | 20
214933928912288365 | 58 | 2.52874 | 20
429867857824576730 | 59 | 2.52874 | 20
859735715649153460 | 60 | 2.42843 | 18
1719471431298306921 | 61 | 2.42843 | 18
3438942862596613843 | 62 | 2.42843 | 18
6877885725193227687 | 63 | 2.42843 | 18
-4690972623323096242 | 64 | 2.42843 | 18
9064798827063359133 | 65 | 2.42843 | 18
-317146419582833350 | 66 | 2.42843 | 18
-634292839165666700 | 67 | 2.42843 | 18
-1268585678331333400 | 68 | 2.42843 | 18
-2537171356662666800 | 69 | 2.2449 | 13
-5074342713325333600 | 70 | 2.2449 | 13
8298058647058884416 | 71 | 2.2449 | 13
-1850626779591782783 | 72 | 2.2449 | 13
-3701253559183565565 | 73 | 2.2449 | 13
-7402507118367131130 | 74 | 2.2449 | 13
3641729836975289357 | 75 | 2.2449 | 13
7283459673950578714 | 76 | 0.119752 | 10
7283459673950578715 | 76 | 0.0221274 | 3
-2537171356662666799 | 69 | 4.63978e-310 | 5
859735715649153461 | 60 | 4.63978e-310 | 2
1679171319627253 | 51 | 4.01725 | 31
3358342639254506 | 52 | 4.01725 | 31
6716685278509013 | 53 | 4.01725 | 31
13433370557018027 | 54 | 4.01725 | 31
26866741114036055 | 55 | 4.01725 | 31
53733482228072110 | 56 | 4.01725 | 31
107466964456144220 | 57 | 4.01725 | 31
214933928912288441 | 58 | 4.01725 | 31
429867857824576883 | 59 | 4.01725 | 31
859735715649153766 | 60 | 4.01725 | 31
1719471431298307532 | 61 | 4.01725 | 31
3438942862596615064 | 62 | 2.60619 | 24
6877885725193230128 | 63 | 2.15244 | 16
-4690972623323091359 | 64 | 2.15244 | 16
9064798827063368898 | 65 | 0.0020555 | 5
9064798827063368899 | 65 | 1.89296 | 11
-317146419582813817 | 66 | 1.89296 | 11
-634292839165627633 | 67 | 1.89296 | 11
-1268585678331255266 | 68 | 0.906232 | 4
-1268585678331255265 | 68 | 3.21143e-322 | 7
6877885725193230129 | 63 | 4.63978e-310 | 8
3438942862596615065 | 62 | 4.63978e-310 | 7
800691281 | 30 | 11.5711 | 120
1601382562 | 31 | 6.05998 | 39
3202765125 | 32 | 6.05998 | 39
6405530250 | 33 | 6.05998 | 39
12811060501 | 34 | 6.05998 | 39
25622121003 | 35 | 6.05998 | 39
51244242006 | 36 | 6.05998 | 39
102488484012 | 37 | 6.05998 | 39
204976968025 | 38 | 6.05998 | 39
409953936051 | 39 | 6.05998 | 39
819907872103 | 40 | 6.05998 | 39
1639815744207 | 41 | 6.05998 | 39
3279631488415 | 42 | 6.05998 | 39
6559262976831 | 43 | 6.05998 | 39
13118525953662 | 44 | 6.05998 | 39
26237051907325 | 45 | 6.05998 | 39
52474103814650 | 46 | 6.05998 | 39
104948207629300 | 47 | 6.05998 | 39
209896415258601 | 48 | 6.05998 | 39
419792830517202 | 49 | 6.05998 | 39
839585661034404 | 50 | 6.05998 | 39
1679171322068808 | 51 | 6.05998 | 39
3358342644137616 | 52 | 6.05998 | 39
6716685288275232 | 53 | 3.58898 | 3
6716685288275233 | 53 | 4.84103 | 36
13433370576550467 | 54 | 4.84103 | 36
26866741153100935 | 55 | 4.84103 | 36
53733482306201870 | 56 | 4.84103 | 36
107466964612403740 | 57 | 4.84103 | 18
214933929224807480 | 58 | 4.84103 | 18
429867858449614961 | 59 | 4.84103 | 18
859735716899229922 | 60 | 4.84103 | 18
1719471433798459845 | 61 | 4.84103 | 18
3438942867596919690 | 62 | 3.94849 | 16
6877885735193839381 | 63 | 3.94849 | 16
-4690972603321872854 | 64 | 3.94849 | 16
9064798867065805908 | 65 | 3.94849 | 16
-317146339577939799 | 66 | 3.94849 | 16
-634292679155879597 | 67 | 3.94849 | 16
-1268585358311759194 | 68 | 3.94849 | 16
-2537170716623518387 | 69 | 3.94849 | 16
-5074341433247036774 | 70 | 3.94849 | 16
8298061207215478068 | 71 | 3.94849 | 16
-1850621659278595479 | 72 | 3.94849 | 16
-3701243318557190957 | 73 | 3.94849 | 16
-7402486637114381913 | 74 | 3.94849 | 16
3641770799480787791 | 75 | 3.94849 | 16
7283541598961575583 | 76 | 3.94849 | 16
-3879660875786400450 | 77 | 3.94849 | 16
-7759321751572800899 | 78 | 3.94849 | 16
2928100570563949819 | 79 | 3.94849 | 16
5856201141127899638 | 80 | 0.937249 | 1
5856201141127899639 | 80 | 3.32392 | 15
-6734341791453752338 | 81 | 3.32392 | 15
4978060490802046941 | 82 | 3.32392 | 15
-8490623092105457734 | 83 | 3.32392 | 15
1465497889498636149 | 84 | 3.32392 | 15
2930995778997272299 | 85 | 3.32392 | 15
5861991557994544599 | 86 | 3.32392 | 15
-6722760957720462418 | 87 | 3.32392 | 15
5001222158268626780 | 88 | 3.32392 | 15
-8444299757172298056 | 89 | 3.32392 | 15
1558144559364955505 | 90 | 3.32392 | 15
3116289118729911010 | 91 | 3.32392 | 15
6232578237459822020 | 92 | 3.32392 | 15
-5981587598789907576 | 93 | 3.32392 | 15
6483568876129736464 | 94 | 3.32392 | 15
-5479606321450078688 | 95 | 3.32392 | 15
7487531430809394241 | 96 | 3.32392 | 15
-3471681212090763134 | 97 | 3.32392 | 15
-6943362424181526267 | 98 | 3.32392 | 15
4560019225346499083 | 99 | 3.32392 | 15
9120038450692998167 | 100 | 3.32392 | 15
-206667172323555282 | 101 | 3.32392 | 15
-413334344647110564 | 102 | 3.32392 | 15
-826668689294221128 | 103 | 0.592349 | 4
-826668689294221127 | 103 | 3.32392 | 11
-1653337378588442253 | 104 | 3.32392 | 11
-3306674757176884505 | 105 | 3.32392 | 11
-6613349514353769010 | 106 | 3.32392 | 11
5220045045002013597 | 107 | 3.32392 | 11
-8006653983705524422 | 108 | 3.32392 | 11
2433436106298502772 | 109 | 3.32392 | 11
4866872212597005544 | 110 | 3.32392 | 11
-8712999648515540527 | 111 | 3.32392 | 11
1020744776678470563 | 112 | 3.32392 | 11
2041489553356941126 | 113 | 3.32392 | 11
4082979106713882253 | 114 | 3.32392 | 11
8165958213427764507 | 115 | 3.32392 | 11
-2114827646854022601 | 116 | 3.32392 | 11
-4229655293708045201 | 117 | 3.32392 | 11
-8459310587416090401 | 118 | 3.32392 | 11
1528122898877370815 | 119 | 3.32392 | 11
3056245797754741631 | 120 | 3.32392 | 11
6112491595509483263 | 121 | 3.32392 | 11
-6221760882690585090 | 122 | 3.32392 | 11
6003222308328381436 | 123 | 3.32392 | 11
-6440299457052788743 | 124 | 3.32392 | 11
5566145159603974130 | 125 | 3.13592 | 10
5566145159603974131 | 125 | 2.00301 | 1
3438942867596919691 | 62 | 4.63978e-310 | 2
107466964612403741 | 57 | 3.79753 | 18
214933929224807482 | 58 | 3.79753 | 18
429867858449614964 | 59 | 4.63978e-310 | 7
429867858449614965 | 59 | 2.10013 | 11
859735716899229931 | 60 | 2.10013 | 11
1719471433798459862 | 61 | 2.10013 | 11
3438942867596919724 | 62 | 4.63978e-310 | 8
3438942867596919725 | 62 | 4.63978e-310 | 3
1601382563 | 31 | 8.08526 | 81
3202765126 | 32 | 7.14977 | 34
6405530252 | 33 | 7.14977 | 34
12811060504 | 34 | 7.14977 | 34
25622121008 | 35 | 7.14977 | 34
51244242016 | 36 | 7.14977 | 34
102488484032 | 37 | 7.14977 | 34
204976968064 | 38 | 7.14977 | 34
409953936128 | 39 | 7.14977 | 34
819907872256 | 40 | 7.14977 | 34
1639815744513 | 41 | 7.14977 | 34
3279631489026 | 42 | 6.58318 | 32
6559262978052 | 43 | 6.58318 | 32
13118525956104 | 44 | 5.72695 | 12
26237051912208 | 45 | 4.63978e-310 | 1
26237051912209 | 45 | 5.55387 | 11
52474103824418 | 46 | 5.55387 | 11
104948207648836 | 47 | 5.55387 | 11
209896415297672 | 48 | 4.63978e-310 | 4
209896415297673 | 48 | 4.63978e-310 | 7
13118525956105 | 44 | 6.45003 | 20
26237051912211 | 45 | 6.45003 | 20
52474103824423 | 46 | 6.45003 | 20
104948207648846 | 47 | 6.45003 | 20
209896415297692 | 48 | 4.63978e-310 | 3
209896415297693 | 48 | 5.44668 | 17
419792830595386 | 49 | 5.44668 | 17
839585661190773 | 50 | 5.44668 | 17
1679171322381547 | 51 | 5.44668 | 17
3358342644763094 | 52 | 5.44668 | 17
6716685289526188 | 53 | 5.44668 | 17
13433370579052376 | 54 | 5.44668 | 17
26866741158104753 | 55 | 5.44668 | 17
53733482316209507 | 56 | 5.44668 | 17
107466964632419014 | 57 | 5.44668 | 17
214933929264838028 | 58 | 5.44668 | 17
429867858529676056 | 59 | 5.44668 | 17
859735717059352113 | 60 | 5.44668 | 17
1719471434118704227 | 61 | 5.44668 | 17
3438942868237408454 | 62 | 5.44668 | 17
6877885736474816909 | 63 | 5.44668 | 17
-4690972600759917798 | 64 | 5.44668 | 17
9064798872189716021 | 65 | 5.44668 | 17
-317146329330119574 | 66 | 5.44668 | 17
-634292658660239147 | 67 | 5.44668 | 17
-1268585317320478294 | 68 | 5.44668 | 17
-2537170634640956588 | 69 | 3.68611 | 12
-5074341269281913175 | 70 | 3.68611 | 12
8298061535145725267 | 71 | 3.68611 | 12
-1850621003418101082 | 72 | 3.68611 | 12
-3701242006836202163 | 73 | 3.68611 | 12
-7402484013672404326 | 74 | 3.68611 | 12
3641776046364742964 | 75 | 7.34113 | 4
3641776046364742965 | 75 | 3.21143e-322 | 8
-2537170634640956587 | 69 | 4.63978e-310 | 5
3279631489027 | 42 | 4.63978e-310 | 2
3202765127 | 32 | 7.51563 | 47
6405530254 | 33 | 4.63978e-310 | 5
6405530255 | 33 | 6.82284 | 42
12811060511 | 34 | 6.82284 | 42
25622121022 | 35 | 6.82284 | 42
51244242044 | 36 | 6.82284 | 42
102488484088 | 37 | 6.82284 | 42
204976968177 | 38 | 6.82284 | 42
409953936355 | 39 | 6.82284 | 42
819907872710 | 40 | 4.63978e-310 | 1
819907872711 | 40 | 6.82284 | 41
1639815745423 | 41 | 6.82284 | 41
3279631490846 | 42 | 6.82284 | 41
6559262981692 | 43 | 6.82284 | 41
13118525963384 | 44 | 6.82284 | 41
26237051926768 | 45 | 6.1043 | 37
52474103853537 | 46 | 6.1043 | 37
104948207707074 | 47 | 6.1043 | 36
209896415414148 | 48 | 6.1043 | 36
419792830828296 | 49 | 6.1043 | 36
839585661656593 | 50 | 6.1043 | 36
1679171323313186 | 51 | 6.1043 | 36
3358342646626373 | 52 | 6.1043 | 36
6716685293252746 | 53 | 6.1043 | 36
13433370586505492 | 54 | 6.1043 | 36
26866741173010984 | 55 | 6.1043 | 36
53733482346021969 | 56 | 6.1043 | 36
107466964692043938 | 57 | 2.31596 | 18
214933929384087877 | 58 | 2.31596 | 18
429867858768175755 | 59 | 2.31596 | 18
859735717536351510 | 60 | 0.744609 | 1
859735717536351511 | 60 | 2.09512 | 17
1719471435072703023 | 61 | 2.09512 | 17
3438942870145406047 | 62 | 2.09512 | 17
6877885740290812094 | 63 | 2.09512 | 17
-4690972593127927428 | 64 | 2.09512 | 17
9064798887453696760 | 65 | 0 | 9
9064798887453696761 | 65 | 0.368954 | 8
107466964692043939 | 57 | 3.57267 | 18
214933929384087878 | 58 | 3.57267 | 18
429867858768175757 | 59 | 3.57267 | 18
859735717536351515 | 60 | 3.57267 | 18
1719471435072703031 | 61 | 3.57267 | 18
3438942870145406063 | 62 | 3.57267 | 18
6877885740290812126 | 63 | 3.57267 | 18
-4690972593127927363 | 64 | 3.57267 | 18
9064798887453696891 | 65 | 3.57267 | 18
-317146298802157834 | 66 | 1.68949 | 2
-317146298802157833 | 66 | 3.28967 | 16
-634292597604315665 | 67 | 3.28967 | 16
-1268585195208631329 | 68 | 3.28967 | 16
-2537170390417262658 | 69 | 3.28967 | 16
-5074340780834525316 | 70 | 3.28967 | 16
8298062512040500985 | 71 | 3.28967 | 16
-1850619049628549645 | 72 | 3.28967 | 16
-3701238099257099289 | 73 | 3.28967 | 16
-7402476198514198578 | 74 | 3.28967 | 16
3641791676681154460 | 75 | 3.28967 | 16
7283583353362308920 | 76 | 3.28967 | 16
-3879577366984933776 | 77 | 3.28967 | 16
-7759154733969867552 | 78 | 0.172676 | 8
-7759154733969867551 | 78 | 1.35729 | 8
104948207707075 | 47 | 4.63978e-310 | 1
26237051926769 | 45 | 4.63978e-310 | 4
1563851 | 21 | 4.63978e-310 | 10
