ID | Depth | diameter | Number of points
0 | 0 | 29.316 | 1600
1 | 1 | 29.316 | 1600
2 | 2 | 24.9606 | 119
4 | 3 | 24.9606 | 119
8 | 4 | 17.9075 | 114
16 | 5 | 17.9075 | 114
32 | 6 | 13.4828 | 29
64 | 7 | 13.4828 | 29
128 | 8 | 13.4828 | 29
256 | 9 | 13.4828 | 29
512 | 10 | 5.40074 | 4
513 | 10 | 11.3208 | 25
1026 | 11 | 11.3208 | 25
2052 | 12 | 11.3208 | 25
4104 | 13 | 7.23118 | 18
8209 | 14 | 7.23118 | 18
16418 | 15 | 5.09215 | 13
32836 | 16 | 19.5078 | 2
32837 | 16 | 4.34518 | 11
65675 | 17 | 4.34518 | 11
131351 | 18 | 4.34518 | 11
262703 | 19 | 4.34518 | 11
525407 | 20 | 4.34518 | 11
1050814 | 21 | 4.34518 | 11
2101629 | 22 | 4.34518 | 11
4203259 | 23 | 4.34518 | 11
8406518 | 24 | 4.34518 | 11
16813036 | 25 | 4.34518 | 11
33626072 | 26 | 4.34518 | 11
67252145 | 27 | 4.34518 | 11
134504290 | 28 | 1.63042e-322 | 8
134504291 | 28 | 1.63042e-322 | 3
16419 | 15 | 4.63978e-310 | 5
4105 | 13 | 4.63978e-310 | 7
33 | 6 | 17.9075 | 85
66 | 7 | 10.0959 | 50
132 | 8 | 10.0959 | 50
265 | 9 | 10.0959 | 50
530 | 10 | 10.0959 | 50
1061 | 11 | 10.0959 | 50
2123 | 12 | 10.0959 | 50
4246 | 13 | 4.63978e-310 | 2
4247 | 13 | 10.0959 | 48
8495 | 14 | 10.0959 | 48
16990 | 15 | 5.61367 | 18
33981 | 16 | 5.61367 | 18
67962 | 17 | 5.61367 | 18
135924 | 18 | 1.63042e-322 | 4
135925 | 18 | 5.17046 | 14
271850 | 19 | 5.17046 | 13
543700 | 20 | 5.17046 | 13
1087400 | 21 | 5.17046 | 13
2174801 | 22 | 5.17046 | 13
4349603 | 23 | 5.17046 | 13
8699206 | 24 | 1.63042e-322 | 7
8699207 | 24 | 1.63042e-322 | 6
271851 | 19 | 1.63042e-322 | 1
16991 | 15 | 5.90168 | 30
33982 | 16 | 1.58101e-322 | 8
33983 | 16 | 5.90168 | 22
67967 | 17 | 5.90168 | 22
135934 | 18 | 5.90168 | 22
271868 | 19 | 1.58101e-322 | 5
271869 | 19 | 3.90773 | 17
543739 | 20 | 3.90773 | 17
1087478 | 21 | 3.26311 | 16
2174956 | 22 | 4.63978e-310 | 8
2174957 | 22 | 4.63978e-310 | 8
1087479 | 21 | 0.180041 | 1
67 | 7 | 12.7029 | 35
134 | 8 | 4.63978e-310 | 7
135 | 8 | 12.7029 | 28
270 | 9 | 12.6572 | 26
540 | 10 | 0 | 6
541 | 10 | 11.469 | 20
1083 | 11 | 11.469 | 20
2166 | 12 | 11.469 | 20
4332 | 13 | 11.469 | 20
8664 | 14 | 11.469 | 20
17328 | 15 | 11.469 | 20
34656 | 16 | 11.469 | 20
69312 | 17 | 7.5795 | 11
138625 | 18 | 7.5795 | 11
277251 | 19 | 7.5795 | 11
554502 | 20 | 7.5795 | 11
1109005 | 21 | 7.5795 | 11
2218010 | 22 | 0.264403 | 5
2218011 | 22 | 1.16517 | 6
69313 | 17 | 4.63978e-310 | 9
271 | 9 | 4.63978e-310 | 2
9 | 4 | 4.63978e-310 | 5
3 | 2 | 28.9488 | 1481
6 | 3 | 4.63978e-310 | 1
7 | 3 | 28.333 | 1480
15 | 4 | 28.333 | 1480
30 | 5 | 28.333 | 1480
60 | 6 | 28.333 | 1480
120 | 7 | 28.333 | 1480
240 | 8 | 28.333 | 1480
480 | 9 | 28.333 | 1480
960 | 10 | 28.333 | 1480
1920 | 11 | 19.1615 | 23
3840 | 12 | 288.624 | 2
3841 | 12 | 19.1615 | 21
7683 | 13 | 19.1615 | 21
15367 | 14 | 19.1615 | 21
30734 | 15 | 19.1615 | 21
61469 | 16 | 19.1615 | 21
122938 | 17 | 19.1615 | 21
245877 | 18 | 19.1615 | 21
491754 | 19 | 10.468 | 20
983508 | 20 | 10.468 | 20
1967016 | 21 | 7.62295 | 15
3934033 | 22 | 7.62295 | 15
7868066 | 23 | 6.90513e-310 | 4
7868067 | 23 | 7.62295 | 11
15736134 | 24 | 6.90513e-310 | 7
15736135 | 24 | 0 | 4
1967017 | 21 | 4.63978e-310 | 5
491755 | 19 | 4.63978e-310 | 1
1921 | 11 | 28.333 | 1457
3843 | 12 | 28.333 | 1457
7686 | 13 | 13.8685 | 227
15372 | 14 | 12.122 | 178
30744 | 15 | 9.69401 | 104
61489 | 16 | 9.69401 | 104
122978 | 17 | 8.92611 | 88
245956 | 18 | 5.63691 | 39
491912 | 19 | 2.99774 | 12
983825 | 20 | 2.99774 | 12
1967650 | 21 | 2.99774 | 12
3935300 | 22 | 20.0707 | 10
3935301 | 22 | 1.89849 | 2
491913 | 19 | 4.09433 | 27
983826 | 20 | 4.09433 | 27
1967652 | 21 | 2.48299 | 15
3935304 | 22 | 1.96347 | 4
3935305 | 22 | 2.19601 | 11
7870610 | 23 | 2.19601 | 11
15741220 | 24 | 0.35493 | 6
15741221 | 24 | 1.10671e-321 | 5
1967653 | 21 | 2.01838 | 12
3935307 | 22 | 2.01838 | 12
7870615 | 23 | 2.01838 | 12
15741230 | 24 | 2.01838 | 12
31482460 | 25 | 3.29402 | 1
31482461 | 25 | 2.00988 | 11
62964922 | 26 | 2.78974 | 3
62964923 | 26 | 4.63978e-310 | 8
245957 | 18 | 6.1479 | 49
491914 | 19 | 6.1479 | 49
983828 | 20 | 6.1479 | 49
1967657 | 21 | 6.1479 | 49
3935315 | 22 | 6.1479 | 49
7870630 | 23 | 5.91014 | 43
15741260 | 24 | 5.91014 | 43
31482520 | 25 | 5.91014 | 43
62965040 | 26 | 5.91014 | 43
125930081 | 27 | 5.91014 | 43
251860162 | 28 | 11.289 | 4
251860163 | 28 | 5.50994 | 39
503720326 | 29 | 5.50994 | 39
1007440652 | 30 | 5.50994 | 30
2014881305 | 31 | 5.50994 | 30
4029762610 | 32 | 4.01326 | 8
4029762611 | 32 | 3.46442 | 22
8059525222 | 33 | 3.46442 | 22
16119050444 | 34 | 3.46442 | 22
32238100888 | 35 | 3.46442 | 22
64476201776 | 36 | 0.885129 | 7
64476201777 | 36 | 2.68238 | 15
128952403554 | 37 | 2.68238 | 15
257904807108 | 38 | 0.472493 | 9
257904807109 | 38 | 9.48606e-322 | 6
1007440653 | 30 | 4.63978e-310 | 9
7870631 | 23 | 4.63978e-310 | 6
122979 | 17 | 3.1202 | 16
245959 | 18 | 3.1202 | 16
491918 | 19 | 3.1202 | 16
983837 | 20 | 3.1202 | 16
1967674 | 21 | 4.63978e-310 | 8
1967675 | 21 | 4.63978e-310 | 8
30745 | 15 | 7.15433 | 74
61490 | 16 | 7.15433 | 74
122980 | 17 | 5.07722 | 52
245960 | 18 | 5.07722 | 52
491920 | 19 | 5.07722 | 52
983840 | 20 | 3.64373 | 27
1967681 | 21 | 3.64373 | 27
3935362 | 22 | 3.64373 | 27
7870724 | 23 | 30.0296 | 2
7870725 | 23 | 3.12348 | 25
15741451 | 24 | 3.12348 | 25
31482903 | 25 | 3.12348 | 25
62965806 | 26 | 10.9218 | 8
62965807 | 26 | 2.81726 | 17
125931614 | 27 | 2.47032 | 14
251863228 | 28 | 2.47032 | 14
503726457 | 29 | 2.47032 | 14
1007452914 | 30 | 5.99756 | 9
1007452915 | 30 | 1.19843 | 5
125931615 | 27 | 4.63978e-310 | 3
983841 | 20 | 3.68309 | 25
1967682 | 21 | 4.63978e-310 | 1
1967683 | 21 | 3.36284 | 24
3935366 | 22 | 3.36284 | 24
7870732 | 23 | 4.63978e-310 | 2
7870733 | 23 | 3.36284 | 22
15741466 | 24 | 3.36284 | 22
31482932 | 25 | 3.36284 | 22
62965864 | 26 | 3.36284 | 22
125931728 | 27 | 3.36284 | 22
251863456 | 28 | 2.38889 | 15
503726912 | 29 | 2.38889 | 15
1007453824 | 30 | 1.08296 | 1
1007453825 | 30 | 2.38889 | 14
2014907650 | 31 | 2.42669 | 2
2014907651 | 31 | 1.4294 | 12
4029815303 | 32 | 1.4294 | 12
8059630606 | 33 | 4.63978e-310 | 2
8059630607 | 33 | 4.63978e-310 | 10
251863457 | 28 | 4.63978e-310 | 7
122981 | 17 | 3.91563 | 22
245962 | 18 | 4.63978e-310 | 6
245963 | 18 | 2.42242 | 16
491927 | 19 | 2.42242 | 16
983854 | 20 | 4.63978e-310 | 10
983855 | 20 | 4.63978e-310 | 6
15373 | 14 | 5.85121 | 49
30746 | 15 | 5.85121 | 49
61492 | 16 | 5.85121 | 49
122984 | 17 | 5.59958 | 30
245968 | 18 | 3.11389 | 11
491936 | 19 | 1.63042e-322 | 2
491937 | 19 | 6.90513e-310 | 9
245969 | 18 | 2.66769 | 19
491938 | 19 | 2.66769 | 19
983877 | 20 | 2.66769 | 19
1967754 | 21 | 1.9431 | 14
3935508 | 22 | 1.9431 | 14
7871016 | 23 | 2.15905 | 5
7871017 | 23 | 1.07415 | 9
1967755 | 21 | 4.63978e-310 | 5
122985 | 17 | 2.85806 | 19
245971 | 18 | 2.85806 | 19
491942 | 19 | 2.74463 | 13
983885 | 20 | 2.74463 | 13
1967771 | 21 | 2.74463 | 13
3935543 | 22 | 2.74463 | 13
7871086 | 23 | 0 | 4
7871087 | 23 | 0.164707 | 9
491943 | 19 | 4.63978e-310 | 6
7687 | 13 | 28.333 | 1230
15374 | 14 | 28.333 | 1230
30748 | 15 | 27.987 | 706
61496 | 16 | 0 | 7
61497 | 16 | 27.2972 | 699
122994 | 17 | 27.2972 | 689
245988 | 18 | 11.8447 | 11
491977 | 19 | 11.8447 | 11
983955 | 20 | 11.8447 | 11
1967910 | 21 | 11.8447 | 11
3935821 | 22 | 11.8447 | 11
7871642 | 23 | 0 | 9
7871643 | 23 | 0 | 2
245989 | 18 | 24.6938 | 678
491979 | 19 | 24.6938 | 678
983958 | 20 | 21.9161 | 266
1967916 | 21 | 21.9161 | 266
3935832 | 22 | 10.318 | 63
7871665 | 23 | 10.318 | 63
15743330 | 24 | 10.318 | 63
31486661 | 25 | 10.318 | 63
62973322 | 26 | 10.318 | 63
125946644 | 27 | 3.21143e-322 | 1
125946645 | 27 | 9.78228 | 62
251893290 | 28 | 9.11479 | 59
503786580 | 29 | 8.30134 | 31
1007573160 | 30 | 5.83893 | 15
2015146321 | 31 | 5.83893 | 15
4030292642 | 32 | 20.7549 | 5
4030292643 | 32 | 50.2917 | 10
1007573161 | 30 | 5.7429 | 16
2015146322 | 31 | 5.7429 | 16
4030292644 | 32 | 4.7888 | 1
4030292645 | 32 | 4.91856 | 15
8060585290 | 33 | 4.91856 | 15
16121170581 | 34 | 4.91856 | 15
32242341162 | 35 | 1.10399 | 6
32242341163 | 35 | 28.4686 | 9
503786581 | 29 | 5.72234 | 28
1007573163 | 30 | 5.72234 | 28
2015146326 | 31 | 4.85391 | 19
4030292653 | 32 | 4.85391 | 19
8060585306 | 33 | 3.20167 | 11
16121170612 | 34 | 3.20167 | 11
32242341224 | 35 | 3.20167 | 11
64484682448 | 36 | 3.20167 | 11
128969364896 | 37 | 3.20167 | 11
257938729793 | 38 | 3.20167 | 11
515877459586 | 39 | 3.20167 | 11
1031754919173 | 40 | 3.20167 | 11
2063509838346 | 41 | 23.326 | 9
2063509838347 | 41 | 6.45228 | 2
8060585307 | 33 | 4.63978e-310 | 8
2015146327 | 31 | 4.63978e-310 | 9
251893291 | 28 | 4.63978e-310 | 3
3935833 | 22 | 14.9239 | 203
7871666 | 23 | 14.9239 | 203
15743332 | 24 | 14.9239 | 164
31486664 | 25 | 13.0711 | 159
62973328 | 26 | 9.79679 | 42
125946656 | 27 | 9.79679 | 42
251893312 | 28 | 6.40846 | 28
503786624 | 29 | 6.40846 | 28
1007573248 | 30 | 4.59844 | 14
2015146496 | 31 | 4.59844 | 14
4030292992 | 32 | 10.8119 | 2
4030292993 | 32 | 4.59844 | 12
8060585986 | 33 | 4.59844 | 12
16121171973 | 34 | 4.59844 | 12
32242343946 | 35 | 0.386049 | 6
32242343947 | 35 | 4.05144 | 6
1007573249 | 30 | 3.62644 | 14
2015146499 | 31 | 3.62644 | 14
4030292999 | 32 | 3.62644 | 14
8060585998 | 33 | 3.62644 | 14
16121171997 | 34 | 3.62644 | 14
32242343994 | 35 | 8.99722 | 2
32242343995 | 35 | 2.9995 | 12
64484687991 | 36 | 2.9995 | 12
128969375983 | 37 | 2.9995 | 12
257938751966 | 38 | 2.9995 | 12
515877503932 | 39 | 3.41051 | 6
515877503933 | 39 | 0.91123 | 6
251893313 | 28 | 3.24942 | 14
503786626 | 29 | 3.24942 | 14
1007573252 | 30 | 4.63978e-310 | 8
1007573253 | 30 | 4.63978e-310 | 6
62973329 | 26 | 10.7665 | 117
125946658 | 27 | 6.70451 | 54
251893316 | 28 | 6.70451 | 54
503786632 | 29 | 1.11165e-321 | 10
503786633 | 29 | 5.89444 | 44
1007573266 | 30 | 4.96055 | 39
2015146532 | 31 | 4.96055 | 39
4030293064 | 32 | 4.66074 | 24
8060586128 | 33 | 2.65846 | 14
16121172256 | 34 | 2.65846 | 14
32242344513 | 35 | 2.65846 | 14
64484689026 | 36 | 2.46485 | 2
64484689027 | 36 | 1.85644 | 12
128969378055 | 37 | 1.85644 | 12
257938756110 | 38 | 1.85644 | 12
515877512220 | 39 | 1.85644 | 12
1031755024440 | 40 | 1.85644 | 12
2063510048880 | 41 | 3.57899 | 3
2063510048881 | 41 | 4.63978e-310 | 9
8060586129 | 33 | 4.63978e-310 | 10
4030293065 | 32 | 4.04342 | 15
8060586130 | 33 | 4.63978e-310 | 9
8060586131 | 33 | 4.63978e-310 | 6
1007573267 | 30 | 4.63978e-310 | 5
125946659 | 27 | 8.11556 | 63
251893319 | 28 | 8.11556 | 63
503786638 | 29 | 4.63978e-310 | 9
503786639 | 29 | 8.11556 | 54
1007573278 | 30 | 8.11556 | 54
2015146556 | 31 | 3.5948 | 28
4030293112 | 32 | 3.5948 | 28
8060586224 | 33 | 3.5948 | 28
16121172449 | 34 | 3.5948 | 28
32242344899 | 35 | 3.5948 | 28
64484689798 | 36 | 3.5948 | 28
128969379596 | 37 | 0.797714 | 1
128969379597 | 37 | 3.5948 | 27
257938759194 | 38 | 0.609611 | 1
257938759195 | 38 | 3.5948 | 26
515877518390 | 39 | 3.16196 | 24
1031755036780 | 40 | 3.16196 | 24
2063510073561 | 41 | 3.16196 | 24
4127020147122 | 42 | 4.44242 | 1
4127020147123 | 42 | 2.31176 | 23
8254040294246 | 43 | 2.5794 | 1
8254040294247 | 43 | 2.31176 | 22
16508080588495 | 44 | 2.31176 | 22
33016161176990 | 45 | 1.78536 | 12
66032322353981 | 46 | 1.78536 | 12
132064644707962 | 47 | 1.63334 | 11
264129289415925 | 48 | 1.63334 | 11
528258578831850 | 49 | 6.87539 | 8
528258578831851 | 49 | 42.1091 | 3
132064644707963 | 47 | 4.63978e-310 | 1
33016161176991 | 45 | 4.63978e-310 | 10
515877518391 | 39 | 4.63978e-310 | 2
2015146557 | 31 | 6.96662 | 26
4030293115 | 32 | 6.96662 | 26
8060586231 | 33 | 6.96662 | 26
16121172462 | 34 | 3.5453 | 25
32242344924 | 35 | 4.63978e-310 | 6
32242344925 | 35 | 2.99989 | 19
64484689851 | 36 | 2.99989 | 19
128969379702 | 37 | 2.99989 | 19
257938759405 | 38 | 2.99989 | 19
515877518810 | 39 | 0 | 6
515877518811 | 39 | 1.60553 | 13
1031755037623 | 40 | 1.60553 | 13
2063510075247 | 41 | 1.60553 | 13
4127020150494 | 42 | 1.60553 | 13
8254040300988 | 43 | 1.60553 | 13
16508080601976 | 44 | 0.346465 | 10
16508080601977 | 44 | 0.495388 | 3
16121172463 | 34 | 4.63978e-310 | 1
31486665 | 25 | 4.63978e-310 | 5
15743333 | 24 | 4.74286 | 39
31486666 | 25 | 3.55908 | 31
62973332 | 26 | 3.29729 | 28
125946664 | 27 | 3.29729 | 28
251893328 | 28 | 3.29729 | 24
503786656 | 29 | 2.674 | 15
1007573313 | 30 | 2.674 | 15
2015146626 | 31 | 2.674 | 15
4030293253 | 32 | 2.674 | 15
8060586507 | 33 | 2.674 | 15
16121173015 | 34 | 2.674 | 15
32242346031 | 35 | 2.674 | 15
64484692062 | 36 | 0.150411 | 8
64484692063 | 36 | 5.38337 | 7
503786657 | 29 | 4.63978e-310 | 9
251893329 | 28 | 4.63978e-310 | 4
62973333 | 26 | 4.63978e-310 | 3
31486667 | 25 | 4.63978e-310 | 8
983959 | 20 | 21.7399 | 412
1967918 | 21 | 4.63978e-310 | 6
1967919 | 21 | 20.4501 | 406
3935838 | 22 | 20.4501 | 406
7871676 | 23 | 18.873 | 350
15743353 | 24 | 18.873 | 350
31486706 | 25 | 18.873 | 350
62973413 | 26 | 18.873 | 350
125946826 | 27 | 11.2729 | 78
251893652 | 28 | 11.2729 | 78
503787304 | 29 | 11.2729 | 78
1007574608 | 30 | 11.2729 | 78
2015149217 | 31 | 11.2729 | 78
4030298434 | 32 | 9.13008 | 67
8060596868 | 33 | 9.13008 | 67
16121193736 | 34 | 2.84937 | 23
32242387472 | 35 | 2.84937 | 23
64484774944 | 36 | 0.269184 | 1
64484774945 | 36 | 2.09323 | 22
128969549890 | 37 | 3.31018 | 5
128969549891 | 37 | 2.09323 | 17
257939099782 | 38 | 1.73192 | 11
515878199564 | 39 | 1.73192 | 11
1031756399128 | 40 | 1.73192 | 11
2063512798257 | 41 | 1.73192 | 11
4127025596514 | 42 | 0.0562074 | 10
4127025596515 | 42 | 1.34636 | 1
257939099783 | 38 | 4.63978e-310 | 6
16121193737 | 34 | 7.89821 | 44
32242387474 | 35 | 2.88743 | 21
64484774948 | 36 | 1.88461 | 17
128969549896 | 37 | 1.88461 | 17
257939099792 | 38 | 1.99986 | 7
257939099793 | 38 | 3.55116 | 10
64484774949 | 36 | 4.63978e-310 | 4
32242387475 | 35 | 7.89821 | 23
64484774950 | 36 | 7.89821 | 23
128969549901 | 37 | 7.89821 | 23
257939099802 | 38 | 7.89821 | 23
515878199605 | 39 | 7.89821 | 23
1031756399210 | 40 | 3.13337 | 21
2063512798421 | 41 | 3.13337 | 21
4127025596842 | 42 | 3.13337 | 21
8254051193685 | 43 | 3.13337 | 21
16508102387371 | 44 | 3.13337 | 21
33016204774742 | 45 | 2.72584 | 17
66032409549485 | 46 | 2.72584 | 17
132064819098970 | 47 | 2.72584 | 17
264129638197940 | 48 | 2.45633 | 14
528259276395881 | 49 | 2.45633 | 14
1056518552791762 | 50 | 4.75275 | 4
1056518552791763 | 50 | 1.34636 | 10
264129638197941 | 48 | 4.63978e-310 | 3
33016204774743 | 45 | 4.63978e-310 | 4
1031756399211 | 40 | 4.63978e-310 | 2
4030298435 | 32 | 10.7508 | 11
8060596870 | 33 | 10.7508 | 11
16121193740 | 34 | 4.63978e-310 | 10
16121193741 | 34 | 4.63978e-310 | 1
125946827 | 27 | 18.873 | 272
251893654 | 28 | 6.93669 | 110
503787309 | 29 | 6.93669 | 110
1007574618 | 30 | 6.93669 | 39
2015149236 | 31 | 6.43241 | 31
4030298472 | 32 | 4.08 | 16
8060596945 | 33 | 4.08 | 16
16121193890 | 34 | 4.81493 | 2
16121193891 | 34 | 3.66255 | 14
32242387782 | 35 | 4.19875 | 3
32242387783 | 35 | 3.29151 | 11
64484775567 | 36 | 3.29151 | 11
128969551135 | 37 | 3.29151 | 11
257939102270 | 38 | 3.29151 | 11
515878204540 | 39 | 3.29151 | 11
1031756409081 | 40 | 3.29151 | 11
2063512818162 | 41 | 0 | 4
2063512818163 | 41 | 5.11434 | 7
4030298473 | 32 | 2.89219 | 15
8060596946 | 33 | 2.89219 | 15
16121193892 | 34 | 4.63978e-310 | 1
16121193893 | 34 | 2.04155 | 14
32242387787 | 35 | 2.04155 | 14
64484775574 | 36 | 2.04155 | 14
128969551148 | 37 | 2.04155 | 14
257939102297 | 38 | 2.04155 | 14
515878204594 | 39 | 2.04155 | 12
1031756409188 | 40 | 2.04155 | 12
2063512818377 | 41 | 2.04155 | 12
4127025636754 | 42 | 1.58101e-321 | 1
4127025636755 | 42 | 1.74031 | 11
8254051273511 | 43 | 1.74031 | 11
16508102547023 | 44 | 1.74031 | 11
33016205094047 | 45 | 1.74031 | 11
66032410188094 | 46 | 12.3744 | 2
66032410188095 | 46 | 6.98123 | 9
515878204595 | 39 | 4.63978e-310 | 2
2015149237 | 31 | 4.63978e-310 | 8
1007574619 | 30 | 5.74166 | 71
2015149238 | 31 | 3.37373 | 35
4030298476 | 32 | 3.37373 | 35
8060596953 | 33 | 3.37373 | 35
16121193906 | 34 | 3.37373 | 35
32242387812 | 35 | 3.37373 | 35
64484775624 | 36 | 3.37373 | 25
128969551248 | 37 | 2.54092 | 17
257939102496 | 38 | 1.22188 | 7
257939102497 | 38 | 0.698126 | 10
128969551249 | 37 | 0.444496 | 8
64484775625 | 36 | 4.63978e-310 | 10
2015149239 | 31 | 3.84886 | 36
4030298478 | 32 | 3.84886 | 33
8060596957 | 33 | 3.84886 | 33
16121193914 | 34 | 3.84886 | 33
32242387828 | 35 | 3.84886 | 33
64484775657 | 36 | 3.84886 | 33
128969551314 | 37 | 3.84886 | 33
257939102628 | 38 | 3.62232 | 31
515878205257 | 39 | 3.62232 | 31
1031756410515 | 40 | 3.62232 | 31
2063512821031 | 41 | 3.62232 | 31
4127025642063 | 42 | 3.62232 | 31
8254051284127 | 43 | 3.62232 | 31
16508102568254 | 44 | 3.62232 | 31
33016205136508 | 45 | 3.62232 | 31
66032410273016 | 46 | 2.39724 | 16
132064820546032 | 47 | 2.15249 | 15
264129641092064 | 48 | 2.15249 | 15
528259282184128 | 49 | 2.15249 | 15
1056518564368256 | 50 | 2.15249 | 15
2113037128736512 | 51 | 2.15249 | 15
4226074257473024 | 52 | 2.15249 | 15
8452148514946048 | 53 | 2.15249 | 15
16904297029892097 | 54 | 2.15249 | 15
33808594059784194 | 55 | 9.36406 | 4
33808594059784195 | 55 | 1.78964 | 11
67617188119568390 | 56 | 1.78964 | 11
135234376239136781 | 57 | 1.78964 | 11
270468752478273563 | 58 | 1.78964 | 11
540937504956547126 | 59 | 0.241825 | 10
540937504956547127 | 59 | 1.66763 | 1
132064820546033 | 47 | 4.63978e-310 | 1
66032410273017 | 46 | 3.62232 | 15
132064820546034 | 47 | 3.62232 | 15
264129641092068 | 48 | 3.62232 | 15
528259282184137 | 49 | 3.62232 | 15
1056518564368274 | 50 | 3.1208 | 12
2113037128736548 | 51 | 3.1208 | 12
4226074257473096 | 52 | 3.1208 | 12
8452148514946192 | 53 | 4.63978e-310 | 1
8452148514946193 | 53 | 1.73161 | 11
16904297029892387 | 54 | 1.73161 | 11
33808594059784774 | 55 | 4.63978e-310 | 10
33808594059784775 | 55 | 4.63978e-310 | 1
1056518564368275 | 50 | 4.63978e-310 | 3
257939102629 | 38 | 4.63978e-310 | 2
4030298479 | 32 | 4.63978e-310 | 3
251893655 | 28 | 12.7255 | 162
503787310 | 29 | 12.7255 | 162
1007574621 | 30 | 12.7255 | 162
2015149242 | 31 | 11.405 | 157
4030298485 | 32 | 11.405 | 157
8060596970 | 33 | 10.8716 | 80
16121193941 | 34 | 10.8716 | 80
32242387883 | 35 | 10.8716 | 80
64484775766 | 36 | 5.96142 | 33
128969551532 | 37 | 4.81274 | 30
257939103064 | 38 | 4.81274 | 30
515878206129 | 39 | 4.81274 | 30
1031756412258 | 40 | 3.45744 | 18
2063512824516 | 41 | 3.45744 | 18
4127025649033 | 42 | 3.45744 | 18
8254051298066 | 43 | 11.9456 | 8
8254051298067 | 43 | 0 | 10
1031756412259 | 40 | 1.18904 | 12
2063512824518 | 41 | 4.63978e-310 | 8
2063512824519 | 41 | 0.882494 | 4
128969551533 | 37 | 4.63978e-310 | 3
64484775767 | 36 | 10.8716 | 47
128969551534 | 37 | 2.33338 | 30
257939103068 | 38 | 2.33338 | 30
515878206137 | 39 | 2.33338 | 30
1031756412274 | 40 | 2.33338 | 30
2063512824549 | 41 | 2.33338 | 30
4127025649098 | 42 | 2.33338 | 30
8254051298196 | 43 | 2.33338 | 30
16508102596393 | 44 | 2.33338 | 30
33016205192786 | 45 | 2.33338 | 30
66032410385572 | 46 | 1.4655 | 10
66032410385573 | 46 | 1.74572 | 20
132064820771147 | 47 | 1.74572 | 20
264129641542294 | 48 | 1.74572 | 20
528259283084588 | 49 | 1.46277 | 16
1056518566169177 | 50 | 1.46277 | 16
2113037132338354 | 51 | 1.28508 | 13
4226074264676708 | 52 | 1.01064 | 11
8452148529353416 | 53 | 0.727503 | 6
8452148529353417 | 53 | 3.80982 | 5
4226074264676709 | 52 | 4.63978e-310 | 2
2113037132338355 | 51 | 7.23524 | 3
528259283084589 | 49 | 4.63978e-310 | 4
128969551535 | 37 | 8.53406 | 17
257939103070 | 38 | 4.63978e-310 | 2
257939103071 | 38 | 8.53406 | 15
515878206142 | 39 | 8.53406 | 15
1031756412285 | 40 | 8.53406 | 15
2063512824570 | 41 | 2.2476 | 14
4127025649141 | 42 | 2.2476 | 14
8254051298282 | 43 | 4.63978e-310 | 8
8254051298283 | 43 | 10.8732 | 6
2063512824571 | 41 | 4.63978e-310 | 1
8060596971 | 33 | 10.8219 | 77
16121193943 | 34 | 10.8219 | 77
32242387886 | 35 | 10.8219 | 77
64484775772 | 36 | 10.8219 | 77
128969551544 | 37 | 5.87426 | 75
257939103088 | 38 | 4.64771 | 53
515878206177 | 39 | 4.64771 | 53
1031756412354 | 40 | 3.31572 | 2
1031756412355 | 40 | 4.11403 | 51
2063512824711 | 41 | 4.11403 | 51
4127025649422 | 42 | 4.11403 | 51
8254051298845 | 43 | 4.11403 | 51
16508102597690 | 44 | 6.90513e-310 | 7
16508102597691 | 44 | 4.11403 | 44
33016205195382 | 45 | 3.76712 | 37
66032410390764 | 46 | 4.63978e-310 | 5
66032410390765 | 46 | 2.87277 | 32
132064820781531 | 47 | 2.87277 | 32
264129641563062 | 48 | 1.41162 | 12
528259283126124 | 49 | 3.29972 | 9
528259283126125 | 49 | 0.683283 | 3
264129641563063 | 48 | 1.98321 | 20
528259283126127 | 49 | 1.98321 | 20
1056518566252254 | 50 | 1.98321 | 20
2113037132504508 | 51 | 1.98321 | 20
4226074265009017 | 52 | 1.98321 | 20
8452148530018034 | 53 | 1.98321 | 20
16904297060036069 | 54 | 1.98321 | 20
33808594120072138 | 55 | 1.66265 | 18
67617188240144277 | 56 | 1.66265 | 18
135234376480288554 | 57 | 1.53154 | 14
270468752960577109 | 58 | 1.53154 | 14
540937505921154219 | 59 | 1.53154 | 14
1081875011842308438 | 60 | 1.95332 | 9
1081875011842308439 | 60 | 11.53 | 5
135234376480288555 | 57 | 4.63978e-310 | 4
33808594120072139 | 55 | 4.63978e-310 | 2
33016205195383 | 45 | 4.63978e-310 | 7
257939103089 | 38 | 3.75264 | 22
515878206178 | 39 | 3.75264 | 21
1031756412357 | 40 | 3.75264 | 21
2063512824715 | 41 | 3.75264 | 21
4127025649430 | 42 | 3.75264 | 21
8254051298861 | 43 | 3.75264 | 21
16508102597722 | 44 | 3.75264 | 21
33016205195444 | 45 | 3.75264 | 17
66032410390888 | 46 | 2.30636 | 11
132064820781777 | 47 | 2.30636 | 11
264129641563554 | 48 | 2.30636 | 11
528259283127108 | 49 | 2.30636 | 11
1056518566254216 | 50 | 2.30636 | 11
2113037132508432 | 51 | 2.30636 | 11
4226074265016865 | 52 | 2.30636 | 11
8452148530033730 | 53 | 1.03252 | 2
8452148530033731 | 53 | 6.27277 | 9
66032410390889 | 46 | 4.63978e-310 | 6
33016205195445 | 45 | 4.63978e-310 | 4
515878206179 | 39 | 4.63978e-310 | 1
128969551545 | 37 | 4.63978e-310 | 2
2015149243 | 31 | 4.63978e-310 | 5
7871677 | 23 | 18.6635 | 56
15743355 | 24 | 18.6635 | 56
31486710 | 25 | 14.038 | 35
62973420 | 26 | 14.038 | 35
125946840 | 27 | 14.038 | 35
251893680 | 28 | 14.038 | 35
503787360 | 29 | 14.038 | 35
1007574720 | 30 | 14.038 | 35
2015149440 | 31 | 14.038 | 35
4030298881 | 32 | 14.038 | 35
8060597762 | 33 | 14.038 | 35
16121195524 | 34 | 14.038 | 35
32242391048 | 35 | 14.038 | 35
64484782097 | 36 | 14.038 | 35
128969564194 | 37 | 14.038 | 35
257939128388 | 38 | 14.038 | 35
515878256776 | 39 | 14.038 | 35
1031756513552 | 40 | 9.50431 | 16
2063513027105 | 41 | 9.50431 | 16
4127026054211 | 42 | 9.50431 | 16
8254052108422 | 43 | 0 | 1
8254052108423 | 43 | 7.12828 | 15
16508104216846 | 44 | 4.35613 | 3
16508104216847 | 44 | 7.12828 | 12
33016208433694 | 45 | 7.12828 | 12
66032416867389 | 46 | 7.12828 | 12
132064833734778 | 47 | 7.12828 | 12
264129667469557 | 48 | 7.12828 | 12
528259334939114 | 49 | 7.12828 | 12
1056518669878228 | 50 | 7.12828 | 12
2113037339756456 | 51 | 7.12828 | 12
4226074679512912 | 52 | 7.12828 | 12
8452149359025824 | 53 | 7.12828 | 12
16904298718051648 | 54 | 4.63978e-310 | 1
16904298718051649 | 54 | 3.27407 | 11
33808597436103298 | 55 | 134.122 | 1
33808597436103299 | 55 | 33.3011 | 10
1031756513553 | 40 | 5.24642 | 19
2063513027107 | 41 | 5.24642 | 19
4127026054214 | 42 | 5.24642 | 19
8254052108429 | 43 | 5.24642 | 19
16508104216859 | 44 | 5.24642 | 19
33016208433718 | 45 | 4.78701 | 18
66032416867436 | 46 | 4.78701 | 18
132064833734873 | 47 | 4.78701 | 18
264129667469746 | 48 | 4.78701 | 18
528259334939492 | 49 | 9.08839 | 5
528259334939493 | 49 | 4.51038 | 13
1056518669878986 | 50 | 4.51038 | 13
2113037339757972 | 51 | 3.90277 | 12
4226074679515944 | 52 | 3.90277 | 12
8452149359031888 | 53 | 10.8939 | 2
8452149359031889 | 53 | 4.63978e-310 | 10
2113037339757973 | 51 | 4.63978e-310 | 1
33016208433719 | 45 | 4.63978e-310 | 1
31486711 | 25 | 7.96416 | 21
62973422 | 26 | 4.63978e-310 | 10
62973423 | 26 | 6.53415 | 11
125946846 | 27 | 4.63978e-310 | 9
125946847 | 27 | 4.63978e-310 | 2
122995 | 17 | 4.63978e-310 | 10
30749 | 15 | 24.4605 | 524
61498 | 16 | 24.4605 | 524
122996 | 17 | 24.4605 | 363
245992 | 18 | 24.4605 | 363
491985 | 19 | 24.4605 | 363
983970 | 20 | 24.4605 | 363
1967940 | 21 | 24.4605 | 353
3935881 | 22 | 24.4605 | 353
7871762 | 23 | 18.3673 | 265
15743524 | 24 | 18.3673 | 263
31487049 | 25 | 18.3673 | 263
62974099 | 26 | 18.3673 | 263
125948199 | 27 | 18.3673 | 263
251896399 | 28 | 18.3673 | 263
503792798 | 29 | 18.3673 | 263
1007585596 | 30 | 18.3673 | 194
2015171192 | 31 | 11.0672 | 38
4030342384 | 32 | 119.566 | 3
4030342385 | 32 | 9.65547 | 35
8060684770 | 33 | 9.65547 | 24
16121369541 | 34 | 9.65547 | 24
32242739082 | 35 | 18.5792 | 3
32242739083 | 35 | 6.05287 | 21
64485478167 | 36 | 6.05287 | 21
128970956335 | 37 | 6.05287 | 21
257941912670 | 38 | 10.6828 | 4
257941912671 | 38 | 4.21357 | 17
515883825343 | 39 | 4.21357 | 17
1031767650687 | 40 | 4.21357 | 17
2063535301374 | 41 | 4.21357 | 17
4127070602748 | 42 | 4.21357 | 17
8254141205497 | 43 | 4.21357 | 17
16508282410994 | 44 | 4.24194 | 4
16508282410995 | 44 | 2.56427 | 13
33016564821991 | 45 | 2.56427 | 13
66033129643982 | 46 | 2.56427 | 13
132066259287965 | 47 | 2.56427 | 13
264132518575930 | 48 | 2.02663 | 12
528265037151861 | 49 | 2.02663 | 12
1056530074303722 | 50 | 74.3341 | 7
1056530074303723 | 50 | 6.90513e-310 | 5
264132518575931 | 48 | 4.63978e-310 | 1
8060684771 | 33 | 5.0284 | 11
16121369542 | 34 | 4.63978e-310 | 8
16121369543 | 34 | 4.63978e-310 | 3
2015171193 | 31 | 12.2352 | 156
4030342387 | 32 | 12.2352 | 156
8060684774 | 33 | 12.2352 | 156
16121369549 | 34 | 12.2352 | 156
32242739098 | 35 | 12.2352 | 156
64485478197 | 36 | 12.2352 | 156
128970956395 | 37 | 12.2352 | 156
257941912791 | 38 | 12.2352 | 156
515883825583 | 39 | 12.2352 | 156
1031767651167 | 40 | 12.2352 | 156
2063535302334 | 41 | 12.2352 | 156
4127070604668 | 42 | 11.6365 | 60
8254141209337 | 43 | 11.6365 | 60
16508282418675 | 44 | 11.6365 | 60
33016564837350 | 45 | 11.6365 | 60
66033129674700 | 46 | 8.63409 | 28
132066259349400 | 47 | 72.4535 | 3
132066259349401 | 47 | 6.68792 | 25
264132518698802 | 48 | 6.68792 | 25
528265037397604 | 49 | 5.6852 | 23
1056530074795208 | 50 | 6.5051 | 8
1056530074795209 | 50 | 3.46608 | 15
2113060149590419 | 51 | 3.46608 | 15
4226120299180838 | 52 | 2.37346 | 12
8452240598361677 | 53 | 2.37346 | 12
16904481196723355 | 54 | 2.37346 | 12
33808962393446711 | 55 | 2.37346 | 12
67617924786893422 | 56 | 57.3924 | 2
67617924786893423 | 56 | 0 | 10
4226120299180839 | 52 | 4.63978e-310 | 3
528265037397605 | 49 | 4.63978e-310 | 2
66033129674701 | 46 | 5.29921 | 32
132066259349403 | 47 | 5.29921 | 32
264132518698807 | 48 | 5.29921 | 32
528265037397615 | 49 | 5.29921 | 32
1056530074795230 | 50 | 5.29921 | 32
2113060149590460 | 51 | 5.29921 | 32
4226120299180920 | 52 | 3.64509 | 27
8452240598361840 | 53 | 3.64509 | 27
16904481196723680 | 54 | 3.64509 | 27
33808962393447360 | 55 | 3.12289 | 23
67617924786894721 | 56 | 3.12289 | 23
135235849573789442 | 57 | 3.12289 | 23
270471699147578884 | 58 | 3.12289 | 23
540943398295157769 | 59 | 3.12289 | 23
1081886796590315539 | 60 | 3.12289 | 23
2163773593180631078 | 61 | 3.12289 | 23
4327547186361262157 | 62 | 3.12289 | 23
8655094372722524314 | 63 | 3.12289 | 23
-1136555328264502987 | 64 | 3.12289 | 23
-2273110656529005973 | 65 | 3.12289 | 23
-4546221313058011945 | 66 | 3.12289 | 23
-9092442626116023890 | 67 | 2.53322 | 19
261858821477503836 | 68 | 2.48532 | 11
523717642955007673 | 69 | 2.48532 | 11
1047435285910015346 | 70 | 5.61883 | 4
1047435285910015347 | 70 | 0.844212 | 7
261858821477503837 | 68 | 4.63978e-310 | 8
-9092442626116023889 | 67 | 6.90513e-310 | 4
33808962393447361 | 55 | 4.63978e-310 | 4
4226120299180921 | 52 | 4.63978e-310 | 5
4127070604669 | 42 | 11.6648 | 96
8254141209338 | 43 | 11.6648 | 96
16508282418676 | 44 | 4.58219 | 14
33016564837353 | 45 | 4.58219 | 14
66033129674707 | 46 | 4.58219 | 14
132066259349414 | 47 | 4.58219 | 14
264132518698829 | 48 | 4.58219 | 14
528265037397658 | 49 | 4.63978e-310 | 7
528265037397659 | 49 | 4.63978e-310 | 7
16508282418677 | 44 | 9.73837 | 82
33016564837355 | 45 | 9.73837 | 82
66033129674710 | 46 | 5.77512 | 67
132066259349420 | 47 | 5.77512 | 67
264132518698840 | 48 | 5.77512 | 64
528265037397680 | 49 | 3.15811 | 33
1056530074795361 | 50 | 3.15811 | 33
2113060149590723 | 51 | 3.15811 | 33
4226120299181446 | 52 | 5.58294e-322 | 2
4226120299181447 | 52 | 3.0761 | 31
8452240598362895 | 53 | 3.0761 | 31
16904481196725790 | 54 | 3.0761 | 27
33808962393451581 | 55 | 3.0761 | 27
67617924786903162 | 56 | 3.0761 | 27
135235849573806324 | 57 | 3.0761 | 27
270471699147612649 | 58 | 3.0761 | 27
540943398295225298 | 59 | 3.0761 | 27
1081886796590450597 | 60 | 3.0761 | 27
2163773593180901194 | 61 | 3.0761 | 27
4327547186361802389 | 62 | 3.0761 | 27
8655094372723604779 | 63 | 3.0761 | 27
-1136555328262342057 | 64 | 3.0761 | 27
-2273110656524684114 | 65 | 3.0761 | 27
-4546221313049368228 | 66 | 3.0761 | 27
-9092442626098736456 | 67 | 1.34035 | 12
261858821512078705 | 68 | 1.34035 | 12
523717643024157410 | 69 | 3.39062 | 10
523717643024157411 | 69 | 1.10671e-321 | 2
-9092442626098736455 | 67 | 2.15811 | 15
261858821512078706 | 68 | 2.15811 | 15
523717643024157412 | 69 | 0.3582 | 3
523717643024157413 | 69 | 1.65323 | 12
1047435286048314826 | 70 | 1.65323 | 12
2094870572096629652 | 71 | 1.65323 | 12
4189741144193259304 | 72 | 1.65323 | 12
8379482288386518608 | 73 | 17.2167 | 4
8379482288386518609 | 73 | 10.5827 | 8
16904481196725791 | 54 | 4.63978e-310 | 4
528265037397681 | 49 | 3.16647 | 31
1056530074795362 | 50 | 3.16647 | 31
2113060149590725 | 51 | 3.16647 | 31
4226120299181450 | 52 | 3.16647 | 31
8452240598362900 | 53 | 1.58101e-322 | 5
8452240598362901 | 53 | 2.69336 | 26
16904481196725802 | 54 | 2.69336 | 26
33808962393451604 | 55 | 0.142034 | 1
33808962393451605 | 55 | 2.52836 | 25
67617924786903210 | 56 | 2.52836 | 25
135235849573806421 | 57 | 2.52836 | 25
270471699147612842 | 58 | 6.90513e-310 | 2
270471699147612843 | 58 | 2.04783 | 23
540943398295225687 | 59 | 2.04783 | 23
1081886796590451375 | 60 | 2.04783 | 23
2163773593180902751 | 61 | 2.04783 | 23
4327547186361805503 | 62 | 2.04783 | 23
8655094372723611006 | 63 | 1.75463 | 14
-1136555328262329603 | 64 | 1.75463 | 14
-2273110656524659205 | 65 | 1.75463 | 14
-4546221313049318410 | 66 | 0.0456035 | 2
-4546221313049318409 | 66 | 1.75463 | 12
-9092442626098636818 | 67 | 1.58101e-322 | 2
-9092442626098636817 | 67 | 1.63042e-322 | 10
8655094372723611007 | 63 | 4.63978e-310 | 9
264132518698841 | 48 | 4.63978e-310 | 3
66033129674711 | 46 | 4.82685 | 15
132066259349422 | 47 | 4.63978e-310 | 3
132066259349423 | 47 | 2.5029 | 12
264132518698846 | 48 | 2.5029 | 12
528265037397693 | 49 | 2.5029 | 12
1056530074795387 | 50 | 2.5029 | 12
2113060149590775 | 51 | 2.5029 | 12
4226120299181551 | 52 | 2.5029 | 12
8452240598363102 | 53 | 2.5029 | 12
16904481196726205 | 54 | 2.5029 | 12
33808962393452410 | 55 | 4.63978e-310 | 8
33808962393452411 | 55 | 4.63978e-310 | 4
1007585597 | 30 | 10.6256 | 69
2015171194 | 31 | 7.82869 | 65
4030342388 | 32 | 7.82869 | 65
8060684777 | 33 | 7.82869 | 65
16121369554 | 34 | 7.82869 | 65
32242739108 | 35 | 7.82869 | 65
64485478216 | 36 | 7.63697 | 48
128970956432 | 37 | 7.63697 | 48
257941912865 | 38 | 7.63697 | 48
515883825731 | 39 | 7.63697 | 48
1031767651463 | 40 | 7.63697 | 48
2063535302926 | 41 | 7.63697 | 48
4127070605853 | 42 | 7.63697 | 48
8254141211707 | 43 | 7.63697 | 48
16508282423415 | 44 | 7.63697 | 48
33016564846830 | 45 | 7.63697 | 48
66033129693660 | 46 | 6.03221 | 32
132066259387320 | 47 | 1.71529 | 5
132066259387321 | 47 | 4.30394 | 27
264132518774643 | 48 | 4.30394 | 27
528265037549286 | 49 | 4.30394 | 27
1056530075098572 | 50 | 2.37483 | 15
2113060150197144 | 51 | 0.979223 | 10
2113060150197145 | 51 | 1.31937 | 5
1056530075098573 | 50 | 1.82194 | 12
2113060150197146 | 51 | 1.82194 | 12
4226120300394293 | 52 | 1.82194 | 12
8452240600788586 | 53 | 8.7081 | 3
8452240600788587 | 53 | 1.686 | 9
66033129693661 | 46 | 2.76577 | 16
132066259387322 | 47 | 2.76577 | 16
264132518774645 | 48 | 2.76577 | 16
528265037549290 | 49 | 2.76577 | 15
1056530075098581 | 50 | 2.76577 | 15
2113060150197163 | 51 | 2.76577 | 15
4226120300394326 | 52 | 2.76577 | 15
8452240600788652 | 53 | 1.9376 | 14
16904481201577304 | 54 | 1.9376 | 14
33808962403154608 | 55 | 1.9376 | 14
67617924806309217 | 56 | 1.9376 | 14
135235849612618434 | 57 | 3.11045 | 7
135235849612618435 | 57 | 6.90513e-310 | 7
8452240600788653 | 53 | 4.63978e-310 | 1
528265037549291 | 49 | 4.63978e-310 | 1
64485478217 | 36 | 5.02512 | 17
128970956434 | 37 | 4.63978e-310 | 5
128970956435 | 37 | 2.58033 | 12
257941912870 | 38 | 4.63978e-310 | 10
257941912871 | 38 | 4.63978e-310 | 2
2015171195 | 31 | 4.63978e-310 | 4
15743525 | 24 | 4.63978e-310 | 2
7871763 | 23 | 21.239 | 88
15743527 | 24 | 21.239 | 88
31487054 | 25 | 9.46848 | 75
62974108 | 26 | 9.46848 | 75
125948216 | 27 | 2.0949 | 11
251896433 | 28 | 2.0949 | 11
503792866 | 29 | 6.90513e-310 | 1
503792867 | 29 | 3.21143e-322 | 10
125948217 | 27 | 8.99591 | 64
251896434 | 28 | 7.09044 | 48
503792868 | 29 | 6.80119 | 13
1007585736 | 30 | 6.80119 | 13
2015171473 | 31 | 6.80119 | 13
4030342946 | 32 | 6.80119 | 13
8060685893 | 33 | 6.80119 | 13
16121371786 | 34 | 6.80119 | 13
32242743573 | 35 | 6.80119 | 13
64485487146 | 36 | 6.80119 | 13
128970974292 | 37 | 6.80119 | 13
257941948585 | 38 | 6.80119 | 13
515883897171 | 39 | 6.80119 | 13
1031767794342 | 40 | 6.80119 | 13
2063535588684 | 41 | 1.58101e-322 | 4
2063535588685 | 41 | 4.63978e-310 | 9
503792869 | 29 | 7.09044 | 35
1007585738 | 30 | 3.42245 | 22
2015171476 | 31 | 3.42245 | 22
4030342952 | 32 | 2.53237 | 14
8060685904 | 33 | 4.63978e-310 | 4
8060685905 | 33 | 4.63978e-310 | 10
4030342953 | 32 | 4.63978e-310 | 8
1007585739 | 30 | 2.44286 | 13
2015171478 | 31 | 0 | 8
2015171479 | 31 | 12.8074 | 5
251896435 | 28 | 2.06585 | 16
503792871 | 29 | 2.06585 | 16
1007585743 | 30 | 2.06585 | 16
2015171486 | 31 | 2.06585 | 14
4030342972 | 32 | 1.60948 | 11
8060685944 | 33 | 0 | 9
8060685945 | 33 | 5.19708 | 2
4030342973 | 32 | 0.975685 | 3
2015171487 | 31 | 4.63978e-310 | 2
31487055 | 25 | 14.2474 | 13
62974111 | 26 | 14.2474 | 13
125948222 | 27 | 14.2474 | 13
251896445 | 28 | 14.2474 | 13
503792891 | 29 | 14.2474 | 13
1007585783 | 30 | 14.2474 | 13
2015171566 | 31 | 4.63978e-310 | 7
2015171567 | 31 | 4.63978e-310 | 6
1967941 | 21 | 4.63978e-310 | 10
122997 | 17 | 15.9578 | 161
245994 | 18 | 15.9578 | 134
491988 | 19 | 14.8532 | 128
983977 | 20 | 14.8532 | 128
1967954 | 21 | 14.3445 | 58
3935908 | 22 | 14.3445 | 58
7871816 | 23 | 14.3445 | 58
15743632 | 24 | 14.3445 | 58
31487264 | 25 | 9.65438 | 50
62974529 | 26 | 9.65438 | 50
125949059 | 27 | 9.65438 | 50
251898118 | 28 | 3.15698 | 16
503796236 | 29 | 2.4593 | 6
503796237 | 29 | 0.862929 | 10
251898119 | 28 | 6.22532 | 34
503796239 | 29 | 6.22532 | 34
1007592479 | 30 | 6.22532 | 34
2015184958 | 31 | 6.22532 | 34
4030369916 | 32 | 6.22532 | 34
8060739832 | 33 | 6.22532 | 34
16121479664 | 34 | 2.32635 | 15
32242959328 | 35 | 1.10405 | 2
32242959329 | 35 | 2.25477 | 13
64485918658 | 36 | 6.07732 | 6
64485918659 | 36 | 11.8742 | 7
16121479665 | 34 | 3.66367 | 19
32242959330 | 35 | 3.66367 | 19
64485918660 | 36 | 3.35396 | 13
128971837320 | 37 | 7.43492 | 3
128971837321 | 37 | 4.63978e-310 | 10
64485918661 | 36 | 4.63978e-310 | 6
31487265 | 25 | 4.63978e-310 | 8
1967955 | 21 | 13.4557 | 70
3935910 | 22 | 4.63978e-310 | 8
3935911 | 22 | 11.7865 | 62
7871823 | 23 | 11.7865 | 62
15743646 | 24 | 11.7865 | 55
31487292 | 25 | 9.53547e-322 | 3
31487293 | 25 | 11.315 | 52
62974587 | 26 | 11.315 | 52
125949174 | 27 | 11.315 | 52
251898348 | 28 | 4.47286 | 19
503796696 | 29 | 4.47286 | 19
1007593393 | 30 | 4.47286 | 19
2015186787 | 31 | 4.47286 | 19
4030373575 | 32 | 4.47286 | 19
8060747150 | 33 | 4.47286 | 19
16121494300 | 34 | 4.47286 | 19
32242988600 | 35 | 4.47286 | 19
64485977200 | 36 | 1.58101e-322 | 7
64485977201 | 36 | 4.47286 | 12
128971954402 | 37 | 14.3822 | 9
128971954403 | 37 | 3.85947 | 3
251898349 | 28 | 7.56314 | 33
503796699 | 29 | 7.56314 | 33
1007593398 | 30 | 7.56314 | 33
2015186797 | 31 | 7.56314 | 33
4030373594 | 32 | 4.46565 | 16
8060747189 | 33 | 4.46565 | 16
16121494378 | 34 | 0.305206 | 1
16121494379 | 34 | 3.07472 | 15
32242988758 | 35 | 5.40586 | 4
32242988759 | 35 | 2.91581 | 11
64485977519 | 36 | 2.91581 | 11
128971955038 | 37 | 2.91581 | 11
257943910076 | 38 | 2.91581 | 11
515887820152 | 39 | 3.05699 | 4
515887820153 | 39 | 2.69961 | 7
4030373595 | 32 | 6.99148 | 17
8060747190 | 33 | 4.63978e-310 | 4
8060747191 | 33 | 5.98501 | 13
16121494382 | 34 | 4.63978e-310 | 7
16121494383 | 34 | 128.029 | 6
15743647 | 24 | 4.63978e-310 | 7
491989 | 19 | 4.63978e-310 | 6
245995 | 18 | 5.87843 | 27
491991 | 19 | 5.87843 | 27
983982 | 20 | 5.87843 | 27
1967964 | 21 | 5.87843 | 27
3935929 | 22 | 5.87843 | 27
7871859 | 23 | 5.87843 | 27
15743718 | 24 | 5.87843 | 27
31487436 | 25 | 2.8392 | 18
62974873 | 26 | 2.8392 | 18
125949747 | 27 | 2.8392 | 18
251899494 | 28 | 1.42137 | 10
251899495 | 28 | 3.29161 | 8
31487437 | 25 | 4.63978e-310 | 9
