ID | Depth | diameter | Number of points
0 | 0 | 29.316 | 1600
0 | 1 | 29.316 | 1600
1 | 2 | 29.316 | 1600
2 | 3 | 28.9488 | 627
4 | 4 | 28.6984 | 440
8 | 5 | 11.2554 | 210
16 | 6 | 3.29266 | 21
32 | 7 | 3.29266 | 21
64 | 8 | 3.29266 | 21
128 | 9 | 3.29266 | 21
256 | 10 | 3.29266 | 21
512 | 11 | 4.63978e-310 | 7
513 | 11 | 2.78291 | 14
1026 | 12 | 2.78291 | 14
2052 | 13 | 4.63978e-310 | 1
2053 | 13 | 2.22102 | 13
4106 | 14 | 4.63978e-310 | 9
4107 | 14 | 4.63978e-310 | 4
17 | 6 | 10.3098 | 189
35 | 7 | 10.3098 | 189
71 | 8 | 10.3098 | 189
142 | 9 | 5.54831 | 23
284 | 10 | 5.54831 | 23
568 | 11 | 5.54831 | 23
1136 | 12 | 5.54831 | 23
2272 | 13 | 5.54831 | 23
4544 | 14 | 5.54831 | 23
9089 | 15 | 5.54831 | 23
18178 | 16 | 5.54831 | 23
36356 | 17 | 10.3023 | 1
36357 | 17 | 4.25111 | 22
72714 | 18 | 4.25111 | 22
145428 | 19 | 0 | 9
145429 | 19 | 2.19009 | 13
290858 | 20 | 1.68316 | 12
581716 | 21 | 1.43779 | 11
1163432 | 22 | 1.43779 | 11
2326865 | 23 | 1.43779 | 11
4653730 | 24 | 1.03263 | 7
4653731 | 24 | 0.149196 | 4
581717 | 21 | 4.63978e-310 | 1
290859 | 20 | 0.230246 | 1
143 | 9 | 10.0889 | 166
286 | 10 | 10.0889 | 166
572 | 11 | 10.0889 | 166
1145 | 12 | 10.0889 | 166
2290 | 13 | 7.04995 | 77
4581 | 14 | 7.04995 | 77
9162 | 15 | 7.04995 | 77
18325 | 16 | 7.04995 | 77
36650 | 17 | 7.04995 | 77
73300 | 18 | 7.04995 | 77
146600 | 19 | 7.04995 | 77
293200 | 20 | 7.04995 | 77
586401 | 21 | 7.04995 | 77
1172803 | 22 | 7.04995 | 77
2345606 | 23 | 7.04995 | 77
4691212 | 24 | 0.102189 | 4
4691213 | 24 | 6.33296 | 73
9382426 | 25 | 6.33296 | 68
18764852 | 26 | 6.33296 | 68
37529704 | 27 | 0.330936 | 6
37529705 | 27 | 5.53737 | 62
75059410 | 28 | 1.08891 | 8
75059411 | 28 | 5.30491 | 54
150118822 | 29 | 0.0854952 | 7
150118823 | 29 | 5.04737 | 47
300237647 | 30 | 5.04737 | 47
600475294 | 31 | 5.04737 | 47
1200950589 | 32 | 5.04737 | 47
2401901178 | 33 | 3.19004 | 27
4803802356 | 34 | 2.97078 | 25
9607604712 | 35 | 2.97078 | 25
19215209425 | 36 | 2.97078 | 25
38430418850 | 37 | 2.59176 | 20
76860837700 | 38 | 2.59176 | 20
153721675400 | 39 | 1.45495 | 11
307443350801 | 40 | 1.45495 | 11
614886701602 | 41 | 1.45495 | 11
1229773403205 | 42 | 1.45495 | 11
2459546806410 | 43 | 0.505958 | 1
2459546806411 | 43 | 0 | 10
153721675401 | 39 | 4.63978e-310 | 9
38430418851 | 37 | 4.63978e-310 | 5
4803802357 | 34 | 4.63978e-310 | 2
2401901179 | 33 | 2.70775 | 20
4803802358 | 34 | 4.63978e-310 | 4
4803802359 | 34 | 2.30557 | 16
9607604719 | 35 | 2.30557 | 16
19215209438 | 36 | 0.12078 | 4
19215209439 | 36 | 2.08743 | 12
38430418878 | 37 | 0.149196 | 7
38430418879 | 37 | 0.38761 | 5
9382427 | 25 | 4.63978e-310 | 5
2291 | 13 | 7.69545 | 89
4583 | 14 | 7.69545 | 89
9167 | 15 | 7.69545 | 89
18335 | 16 | 7.69545 | 89
36670 | 17 | 7.69545 | 89
73341 | 18 | 7.69545 | 89
146682 | 19 | 6.97184 | 86
293364 | 20 | 6.97184 | 86
586728 | 21 | 4.05046 | 25
1173456 | 22 | 4.63978e-310 | 4
1173457 | 22 | 3.11357 | 21
2346915 | 23 | 3.11357 | 21
4693830 | 24 | 3.11357 | 21
9387660 | 25 | 2.97297 | 20
18775320 | 26 | 2.97297 | 20
37550640 | 27 | 2.97297 | 20
75101280 | 28 | 0 | 9
75101281 | 28 | 1.81324 | 11
150202563 | 29 | 1.81324 | 11
300405126 | 30 | 0 | 2
300405127 | 30 | 0.269756 | 9
9387661 | 25 | 4.63978e-310 | 1
586729 | 21 | 5.60205 | 61
1173459 | 22 | 5.60205 | 61
2346918 | 23 | 5.60205 | 61
4693836 | 24 | 4.2682 | 31
9387672 | 25 | 4.2682 | 31
18775344 | 26 | 4.2682 | 31
37550689 | 27 | 4.2682 | 31
75101378 | 28 | 4.2682 | 31
150202756 | 29 | 1.20039 | 4
150202757 | 29 | 3.3974 | 27
300405515 | 30 | 3.3974 | 27
600811030 | 31 | 1.79104 | 4
600811031 | 31 | 3.03516 | 23
1201622062 | 32 | 3.03516 | 23
2403244124 | 33 | 3.03516 | 23
4806488248 | 34 | 2.38778 | 18
9612976497 | 35 | 2.38778 | 18
19225952994 | 36 | 2.38778 | 18
38451905988 | 37 | 2.38778 | 18
76903811976 | 38 | 0.241439 | 9
76903811977 | 38 | 0.203989 | 9
4806488249 | 34 | 4.63978e-310 | 5
4693837 | 24 | 4.91909 | 30
9387674 | 25 | 4.91909 | 30
18775348 | 26 | 4.91909 | 30
37550697 | 27 | 4.91909 | 30
75101394 | 28 | 0.254556 | 7
75101395 | 28 | 2.64417 | 23
150202791 | 29 | 2.64417 | 23
300405582 | 30 | 2.64417 | 12
600811164 | 31 | 2.31341 | 11
1201622328 | 32 | 2.31341 | 11
2403244657 | 33 | 2.31341 | 11
4806489314 | 34 | 2.79069 | 3
4806489315 | 34 | 4.63978e-310 | 8
600811165 | 31 | 4.63978e-310 | 1
300405583 | 30 | 2.17637 | 11
600811166 | 31 | 2.17637 | 11
1201622332 | 32 | 2.17637 | 11
2403244664 | 33 | 0 | 9
2403244665 | 33 | 0.168703 | 2
146683 | 19 | 4.63978e-310 | 3
9 | 5 | 26.2443 | 230
19 | 6 | 26.2443 | 230
38 | 7 | 26.2443 | 230
76 | 8 | 14.279 | 163
152 | 9 | 11.4149 | 105
304 | 10 | 11.2238 | 100
609 | 11 | 11.2238 | 100
1218 | 12 | 8.97983 | 73
2436 | 13 | 8.97983 | 73
4872 | 14 | 8.8344 | 67
9744 | 15 | 8.8344 | 67
19489 | 16 | 8.8344 | 67
38978 | 17 | 1.21057 | 5
38979 | 17 | 8.8344 | 62
77958 | 18 | 8.12755 | 54
155916 | 19 | 8.12755 | 54
311832 | 20 | 6.89117 | 28
623664 | 21 | 2.42092e-322 | 6
623665 | 21 | 6.89117 | 22
1247330 | 22 | 2.42092e-322 | 8
1247331 | 22 | 3.65471 | 14
2494663 | 23 | 3.65471 | 14
4989327 | 24 | 3.65471 | 14
9978655 | 25 | 3.65471 | 14
19957311 | 26 | 3.65471 | 14
39914622 | 27 | 0 | 3
39914623 | 27 | 3.65471 | 11
79829246 | 28 | 0.59527 | 2
79829247 | 28 | 1.88364 | 9
311833 | 20 | 7.91343 | 26
623666 | 21 | 7.91343 | 26
1247333 | 22 | 7.91343 | 26
2494667 | 23 | 7.91343 | 26
4989334 | 24 | 7.91343 | 26
9978668 | 25 | 4.66626 | 15
19957337 | 26 | 4.66626 | 15
39914674 | 27 | 4.40677 | 14
79829349 | 28 | 4.40677 | 14
159658699 | 29 | 4.40677 | 14
319317398 | 30 | 3.72283 | 12
638634796 | 31 | 3.72283 | 12
1277269592 | 32 | 2.68953 | 11
2554539185 | 33 | 2.68953 | 11
5109078371 | 34 | 2.68953 | 11
10218156743 | 35 | 2.68953 | 11
20436313487 | 36 | 2.68953 | 11
40872626974 | 37 | 2.68953 | 11
81745253949 | 38 | 2.68953 | 11
163490507899 | 39 | 2.68953 | 11
326981015799 | 40 | 2.68953 | 11
653962031598 | 41 | 2.68953 | 11
1307924063196 | 42 | 2.68953 | 11
2615848126392 | 43 | 0 | 9
2615848126393 | 43 | 13.421 | 2
1277269593 | 32 | 4.63978e-310 | 1
319317399 | 30 | 4.63978e-310 | 2
39914675 | 27 | 4.63978e-310 | 1
9978669 | 25 | 2.81296 | 11
19957339 | 26 | 2.81296 | 11
39914679 | 27 | 2.81296 | 11
79829358 | 28 | 4.63978e-310 | 10
79829359 | 28 | 4.63978e-310 | 1
77959 | 18 | 4.63978e-310 | 8
4873 | 14 | 4.63978e-310 | 6
1219 | 12 | 4.30729 | 27
2438 | 13 | 4.63978e-310 | 3
2439 | 13 | 3.04634 | 24
4878 | 14 | 4.63978e-310 | 4
4879 | 14 | 2.30804 | 20
9758 | 15 | 2.30804 | 19
19516 | 16 | 2.30804 | 19
39032 | 17 | 2.30804 | 19
78064 | 18 | 4.63978e-310 | 8
78065 | 18 | 2.22202 | 11
156130 | 19 | 2.22202 | 11
312261 | 20 | 2.22202 | 11
624523 | 21 | 2.22202 | 11
1249046 | 22 | 1.12132 | 8
1249047 | 22 | 2.92244 | 3
9759 | 15 | 4.63978e-310 | 1
305 | 10 | 4.63978e-310 | 5
153 | 9 | 11.4209 | 58
306 | 10 | 4.63978e-310 | 2
307 | 10 | 10.634 | 56
615 | 11 | 10.634 | 56
1230 | 12 | 10.634 | 56
2460 | 13 | 4.63978e-310 | 7
2461 | 13 | 8.75354 | 49
4922 | 14 | 7.38209 | 39
9844 | 15 | 7.38209 | 36
19688 | 16 | 7.38209 | 36
39376 | 17 | 7.38209 | 36
78752 | 18 | 7.38209 | 36
157504 | 19 | 0.983193 | 2
157505 | 19 | 6.50562 | 34
315010 | 20 | 6.50562 | 34
630020 | 21 | 6.14013 | 17
1260040 | 22 | 0.176824 | 6
1260041 | 22 | 4.39674 | 11
2520082 | 23 | 4.39674 | 11
5040164 | 24 | 13.5398 | 9
5040165 | 24 | 14.2745 | 2
630021 | 21 | 4.87432 | 17
1260043 | 22 | 4.87432 | 17
2520086 | 23 | 4.87432 | 17
5040173 | 24 | 4.87432 | 17
10080346 | 25 | 0 | 7
10080347 | 25 | 0.487439 | 10
9845 | 15 | 4.63978e-310 | 3
4923 | 14 | 4.63978e-310 | 10
77 | 8 | 19.3919 | 67
154 | 9 | 19.3919 | 67
308 | 10 | 19.3919 | 67
616 | 11 | 19.3919 | 67
1233 | 12 | 19.3919 | 67
2466 | 13 | 19.3919 | 67
4932 | 14 | 16.6809 | 66
9864 | 15 | 16.6809 | 66
19729 | 16 | 16.6809 | 66
39458 | 17 | 11.6086 | 45
78917 | 18 | 11.6086 | 45
157834 | 19 | 10.8063 | 36
315669 | 20 | 10.8063 | 36
631338 | 21 | 3.92996 | 2
631339 | 21 | 10.8063 | 34
1262678 | 22 | 10.8063 | 34
2525356 | 23 | 10.8063 | 34
5050712 | 24 | 9.69398 | 32
10101425 | 25 | 9.69398 | 32
20202850 | 26 | 7.16472 | 23
40405700 | 27 | 7.16472 | 23
80811401 | 28 | 7.16472 | 23
161622802 | 29 | 4.63978e-310 | 1
161622803 | 29 | 7.16472 | 22
323245606 | 30 | 7.16472 | 22
646491212 | 31 | 7.16472 | 22
1292982424 | 32 | 7.16472 | 22
2585964849 | 33 | 7.16472 | 22
5171929698 | 34 | 7.16472 | 22
10343859396 | 35 | 2.00958 | 6
10343859397 | 35 | 5.64984 | 16
20687718794 | 36 | 0 | 2
20687718795 | 36 | 5.37064 | 14
41375437590 | 37 | 4.18814 | 12
82750875180 | 38 | 4.63978e-310 | 9
82750875181 | 38 | 3.03 | 3
41375437591 | 37 | 4.63978e-310 | 2
20202851 | 26 | 4.63978e-310 | 9
5050713 | 24 | 4.63978e-310 | 2
157835 | 19 | 4.63978e-310 | 9
39459 | 17 | 7.52046 | 21
78918 | 18 | 7.52046 | 21
157836 | 19 | 7.26927 | 11
315672 | 20 | 7.26927 | 11
631344 | 21 | 4.63978e-310 | 6
631345 | 21 | 4.63978e-310 | 5
157837 | 19 | 4.63978e-310 | 10
4933 | 14 | 4.63978e-310 | 1
5 | 4 | 28.333 | 187
10 | 5 | 28.333 | 187
20 | 6 | 4.63978e-310 | 9
21 | 6 | 28.333 | 178
43 | 7 | 28.333 | 178
86 | 8 | 28.333 | 178
172 | 9 | 28.333 | 178
344 | 10 | 28.333 | 178
688 | 11 | 28.333 | 178
1377 | 12 | 28.333 | 178
2754 | 13 | 28.333 | 178
5508 | 14 | 34.9885 | 5
5509 | 14 | 22.1726 | 173
11018 | 15 | 22.1726 | 173
22036 | 16 | 22.1726 | 173
44072 | 17 | 22.1726 | 173
88145 | 18 | 22.1726 | 173
176290 | 19 | 22.1726 | 84
352580 | 20 | 8.74992 | 36
705160 | 21 | 11.9341 | 1
705161 | 21 | 4.91799 | 35
1410322 | 22 | 4.91799 | 35
2820645 | 23 | 4.91799 | 35
5641291 | 24 | 4.91799 | 35
11282582 | 25 | 4.42683 | 27
22565164 | 26 | 18.6328 | 2
22565165 | 26 | 3.78363 | 25
45130330 | 27 | 3.78363 | 25
90260660 | 28 | 3.78363 | 25
180521320 | 29 | 3.78363 | 25
361042640 | 30 | 3.4651 | 21
722085280 | 31 | 3.4651 | 21
1444170560 | 32 | 3.4651 | 21
2888341121 | 33 | 3.4651 | 21
5776682243 | 34 | 3.4651 | 21
11553364487 | 35 | 3.4651 | 21
23106728974 | 36 | 3.4651 | 21
46213457948 | 37 | 3.39812 | 16
92426915896 | 38 | 1.74809 | 7
92426915897 | 38 | 1.63042e-322 | 9
46213457949 | 37 | 4.63978e-310 | 5
361042641 | 30 | 4.63978e-310 | 4
11282583 | 25 | 4.63978e-310 | 8
352581 | 20 | 10.8097 | 48
705162 | 21 | 9.95979 | 32
1410325 | 22 | 9.95979 | 32
2820651 | 23 | 9.95979 | 32
5641302 | 24 | 6.90513e-310 | 8
5641303 | 24 | 8.30063 | 24
11282607 | 25 | 8.30063 | 24
22565215 | 26 | 8.30063 | 24
45130430 | 27 | 8.30063 | 16
90260861 | 28 | 8.30063 | 16
180521723 | 29 | 8.30063 | 16
361043447 | 30 | 8.30063 | 16
722086895 | 31 | 8.30063 | 16
1444173790 | 32 | 4.41835 | 14
2888347580 | 33 | 4.21545 | 12
5776695160 | 34 | 5.34559 | 3
5776695161 | 34 | 12.3753 | 9
2888347581 | 33 | 4.63978e-310 | 2
1444173791 | 32 | 4.63978e-310 | 2
45130431 | 27 | 4.63978e-310 | 8
705163 | 21 | 2.95096 | 16
1410326 | 22 | 4.63978e-310 | 3
1410327 | 22 | 2.80453 | 13
2820654 | 23 | 2.80453 | 13
5641308 | 24 | 6.55075 | 3
5641309 | 24 | 0.0237288 | 10
176291 | 19 | 18.981 | 89
352582 | 20 | 18.981 | 89
705164 | 21 | 4.63978e-310 | 2
705165 | 21 | 18.981 | 87
1410331 | 22 | 18.981 | 87
2820662 | 23 | 18.981 | 87
5641325 | 24 | 18.981 | 87
11282651 | 25 | 18.981 | 87
22565302 | 26 | 14.1511 | 83
45130604 | 27 | 14.1511 | 83
90261209 | 28 | 14.1511 | 83
180522418 | 29 | 14.1511 | 83
361044837 | 30 | 14.1511 | 83
722089675 | 31 | 14.1511 | 83
1444179350 | 32 | 11.0074 | 27
2888358700 | 33 | 11.0074 | 27
5776717400 | 34 | 11.0074 | 26
11553434800 | 35 | 11.0074 | 26
23106869600 | 36 | 11.0074 | 26
46213739200 | 37 | 11.0074 | 26
92427478400 | 38 | 11.0074 | 26
184854956801 | 39 | 11.0074 | 26
369709913602 | 40 | 0.318054 | 3
369709913603 | 40 | 10.558 | 23
739419827206 | 41 | 0.241382 | 1
739419827207 | 41 | 3.35325 | 22
1478839654415 | 42 | 3.35325 | 22
2957679308830 | 43 | 3.35325 | 22
5915358617660 | 44 | 4.63978e-310 | 4
5915358617661 | 44 | 1.78706 | 18
11830717235322 | 45 | 1.78706 | 18
23661434470644 | 46 | 2.44169 | 7
23661434470645 | 46 | 1.78706 | 11
47322868941290 | 47 | 3.19357 | 10
47322868941291 | 47 | 0.864242 | 1
5776717401 | 34 | 4.63978e-310 | 1
1444179351 | 32 | 5.65515 | 56
2888358703 | 33 | 5.65515 | 56
5776717406 | 34 | 4.63978e-310 | 9
5776717407 | 34 | 5.65515 | 47
11553434815 | 35 | 5.65515 | 47
23106869631 | 36 | 5.65515 | 47
46213739262 | 37 | 5.65515 | 47
92427478524 | 38 | 4.94218 | 25
184854957049 | 39 | 4.94218 | 25
369709914098 | 40 | 4.94218 | 25
739419828196 | 41 | 4.94218 | 20
1478839656392 | 42 | 4.94218 | 20
2957679312784 | 43 | 4.94218 | 20
5915358625568 | 44 | 4.94218 | 20
11830717251136 | 45 | 4.27264 | 18
23661434502272 | 46 | 4.27264 | 18
47322869004544 | 47 | 4.27264 | 18
94645738009089 | 48 | 4.27264 | 18
189291476018178 | 49 | 4.63978e-310 | 1
189291476018179 | 49 | 4.16118 | 17
378582952036359 | 50 | 4.16118 | 17
757165904072718 | 51 | 4.16118 | 17
1514331808145437 | 52 | 4.16118 | 17
3028663616290875 | 53 | 4.16118 | 17
6057327232581750 | 54 | 4.16118 | 17
12114654465163501 | 55 | 4.16118 | 17
24229308930327002 | 56 | 4.16118 | 17
48458617860654004 | 57 | 4.16118 | 17
96917235721308008 | 58 | 0.286082 | 1
96917235721308009 | 58 | 3.51013 | 16
193834471442616018 | 59 | 2.06619 | 13
387668942885232036 | 60 | 7.95446e-322 | 2
387668942885232037 | 60 | 1.68078 | 11
775337885770464075 | 61 | 1.68078 | 11
1550675771540928151 | 62 | 1.68078 | 11
3101351543081856303 | 63 | 1.68078 | 11
6202703086163712606 | 64 | 0.903369 | 1
6202703086163712607 | 64 | 4.63978e-310 | 10
193834471442616019 | 59 | 4.63978e-310 | 3
11830717251137 | 45 | 4.63978e-310 | 2
739419828197 | 41 | 4.63978e-310 | 5
92427478525 | 38 | 3.83069 | 22
184854957050 | 39 | 4.63978e-310 | 10
184854957051 | 39 | 1.86098 | 12
369709914103 | 40 | 1.86098 | 12
739419828206 | 41 | 4.63978e-310 | 8
739419828207 | 41 | 4.63978e-310 | 4
22565303 | 26 | 4.63978e-310 | 4
3 | 3 | 27.396 | 973
7 | 4 | 27.396 | 973
14 | 5 | 24.2819 | 839
28 | 6 | 24.2819 | 839
57 | 7 | 24.2819 | 839
115 | 8 | 24.2819 | 839
230 | 9 | 20.2996 | 249
460 | 10 | 20.2996 | 249
920 | 11 | 20.2996 | 249
1841 | 12 | 20.2996 | 249
3682 | 13 | 20.2996 | 249
7364 | 14 | 20.2996 | 249
14729 | 15 | 20.2996 | 249
29458 | 16 | 4.63978e-310 | 1
29459 | 16 | 19.4433 | 248
58919 | 17 | 19.4433 | 248
117838 | 18 | 19.4433 | 248
235676 | 19 | 9.33296 | 48
471352 | 20 | 3.82314 | 21
942704 | 21 | 3.82314 | 21
1885408 | 22 | 1.7275 | 14
3770817 | 23 | 1.7275 | 14
7541634 | 24 | 1.47663 | 13
15083268 | 25 | 1.47663 | 13
30166536 | 26 | 1.47663 | 13
60333072 | 27 | 1.47663 | 13
120666145 | 28 | 1.47663 | 13
241332290 | 29 | 1.47663 | 13
482664580 | 30 | 1.47663 | 13
965329160 | 31 | 4.24194 | 6
965329161 | 31 | 0.440854 | 7
7541635 | 24 | 4.63978e-310 | 1
1885409 | 22 | 4.63978e-310 | 7
471353 | 20 | 7.96582 | 27
942707 | 21 | 7.96582 | 27
1885415 | 22 | 7.96582 | 27
3770831 | 23 | 7.96582 | 27
7541662 | 24 | 7.96582 | 27
15083324 | 25 | 7.96582 | 27
30166648 | 26 | 7.96582 | 27
60333296 | 27 | 7.96582 | 27
120666592 | 28 | 7.96582 | 27
241333184 | 29 | 0.568171 | 7
241333185 | 29 | 5.02894 | 20
482666370 | 30 | 5.02894 | 20
965332740 | 31 | 5.02894 | 20
1930665481 | 32 | 5.02894 | 20
3861330962 | 33 | 5.02894 | 13
7722661924 | 34 | 0.228012 | 8
7722661925 | 34 | 3.38186 | 5
3861330963 | 33 | 4.63978e-310 | 7
235677 | 19 | 17.6269 | 200
471354 | 20 | 12.037 | 111
942708 | 21 | 12.037 | 111
1885416 | 22 | 12.037 | 111
3770832 | 23 | 9.37066 | 70
7541665 | 24 | 9.37066 | 70
15083331 | 25 | 9.37066 | 70
30166662 | 26 | 4.05756 | 34
60333324 | 27 | 3.67687 | 28
120666648 | 28 | 2.52307 | 19
241333296 | 29 | 2.52307 | 19
482666592 | 30 | 0.0880018 | 8
482666593 | 30 | 2.29272 | 11
965333186 | 31 | 0.425699 | 5
965333187 | 31 | 0.588222 | 6
120666649 | 28 | 4.63978e-310 | 9
60333325 | 27 | 4.63978e-310 | 6
30166663 | 26 | 6.27222 | 36
60333326 | 27 | 6.27222 | 36
120666652 | 28 | 5.18973 | 28
241333305 | 29 | 5.18973 | 28
482666610 | 30 | 5.18973 | 28
965333221 | 31 | 5.18973 | 28
1930666442 | 32 | 5.18973 | 28
3861332884 | 33 | 5.18973 | 28
7722665769 | 34 | 5.18973 | 28
15445331539 | 35 | 5.18973 | 28
30890663078 | 36 | 5.18973 | 27
61781326156 | 37 | 5.18973 | 27
123562652313 | 38 | 5.18973 | 27
247125304626 | 39 | 4.82778 | 13
494250609253 | 40 | 4.82778 | 13
988501218506 | 41 | 4.82778 | 13
1977002437013 | 42 | 4.82778 | 13
3954004874026 | 43 | 0.124057 | 2
3954004874027 | 43 | 2.30705 | 11
7908009748055 | 44 | 2.30705 | 11
15816019496110 | 45 | 2.30705 | 11
31632038992220 | 46 | 2.30705 | 11
63264077984441 | 47 | 2.30705 | 11
126528155968882 | 48 | 2.30705 | 11
253056311937764 | 49 | 5.30491 | 4
253056311937765 | 49 | 22.085 | 7
247125304627 | 39 | 5.13967 | 14
494250609255 | 40 | 5.13967 | 14
988501218510 | 41 | 5.13967 | 14
1977002437020 | 42 | 5.13967 | 14
3954004874040 | 43 | 4.95062 | 13
7908009748080 | 44 | 0.820007 | 6
7908009748081 | 44 | 0.829348 | 7
3954004874041 | 43 | 4.63978e-310 | 1
30890663079 | 36 | 4.63978e-310 | 1
120666653 | 28 | 4.63978e-310 | 8
3770833 | 23 | 8.53488 | 41
7541666 | 24 | 8.53488 | 41
15083332 | 25 | 4.63978e-310 | 1
15083333 | 25 | 7.26679 | 40
30166666 | 26 | 7.26679 | 40
60333332 | 27 | 6.01098 | 1
60333333 | 27 | 7.26679 | 39
120666666 | 28 | 7.26679 | 39
241333333 | 29 | 7.26679 | 39
482666667 | 30 | 7.26679 | 39
965333334 | 31 | 7.26679 | 39
1930666669 | 32 | 7.26679 | 39
3861333339 | 33 | 7.26679 | 39
7722666678 | 34 | 7.26679 | 39
15445333357 | 35 | 7.26679 | 39
30890666714 | 36 | 7.26679 | 39
61781333428 | 37 | 7.26679 | 39
123562666856 | 38 | 7.26679 | 37
247125333713 | 39 | 7.26679 | 37
494250667426 | 40 | 7.26679 | 37
988501334852 | 41 | 6.25538 | 13
1977002669704 | 42 | 6.25538 | 13
3954005339409 | 43 | 6.25538 | 13
7908010678818 | 44 | 6.25538 | 13
15816021357636 | 45 | 4.36377 | 12
31632042715272 | 46 | 4.36377 | 12
63264085430544 | 47 | 4.36377 | 12
126528170861089 | 48 | 4.36377 | 12
253056341722178 | 49 | 4.63978e-310 | 1
253056341722179 | 49 | 3.30571 | 11
506112683444359 | 50 | 3.30571 | 11
1012225366888719 | 51 | 3.30571 | 11
2024450733777438 | 52 | 3.30571 | 11
4048901467554876 | 53 | 3.30571 | 11
8097802935109752 | 54 | 3.30571 | 11
16195605870219504 | 55 | 8.71174 | 6
16195605870219505 | 55 | 3.21143e-322 | 5
15816021357637 | 45 | 4.63978e-310 | 1
988501334853 | 41 | 4.72822 | 24
1977002669706 | 42 | 4.72822 | 24
3954005339412 | 43 | 3.41481 | 22
7908010678824 | 44 | 3.41481 | 22
15816021357648 | 45 | 3.41481 | 22
31632042715296 | 46 | 3.41481 | 22
63264085430593 | 47 | 3.41481 | 22
126528170861186 | 48 | 2.13138 | 17
253056341722372 | 49 | 2.13138 | 17
506112683444744 | 50 | 4.5428 | 1
506112683444745 | 50 | 2.13138 | 16
1012225366889490 | 51 | 0.868 | 7
1012225366889491 | 51 | 0.483183 | 9
126528170861187 | 48 | 4.63978e-310 | 5
3954005339413 | 43 | 4.63978e-310 | 2
123562666857 | 38 | 4.63978e-310 | 2
471355 | 20 | 6.53742 | 89
942711 | 21 | 6.53742 | 89
1885423 | 22 | 6.53742 | 89
3770846 | 23 | 4.63978e-310 | 7
3770847 | 23 | 6.22884 | 82
7541694 | 24 | 6.22884 | 82
15083388 | 25 | 4.63978e-310 | 1
15083389 | 25 | 6.22884 | 81
30166779 | 26 | 6.22884 | 81
60333559 | 27 | 6.22884 | 81
120667118 | 28 | 6.22884 | 81
241334237 | 29 | 6.22884 | 81
482668475 | 30 | 6.22884 | 81
965336950 | 31 | 6.22884 | 64
1930673901 | 32 | 6.22884 | 64
3861347803 | 33 | 6.22884 | 64
7722695606 | 34 | 6.22884 | 64
15445391212 | 35 | 4.07364 | 37
30890782425 | 36 | 4.07364 | 37
61781564851 | 37 | 4.07364 | 37
123563129702 | 38 | 2.50134 | 19
247126259405 | 39 | 2.50134 | 19
494252518810 | 40 | 2.50134 | 19
988505037621 | 41 | 2.50134 | 19
1977010075242 | 42 | 2.50134 | 19
3954020150484 | 43 | 7.25276 | 2
3954020150485 | 43 | 2.0382 | 17
7908040300970 | 44 | 2.0382 | 17
15816080601940 | 45 | 2.0382 | 17
31632161203881 | 46 | 2.0382 | 17
63264322407763 | 47 | 2.0382 | 17
126528644815527 | 48 | 2.0382 | 17
253057289631055 | 49 | 2.0382 | 17
506114579262110 | 50 | 0.196338 | 8
506114579262111 | 50 | 1.61948 | 9
123563129703 | 38 | 2.21934 | 18
247126259406 | 39 | 2.21934 | 18
494252518812 | 40 | 1.56754 | 13
988505037624 | 41 | 1.8544 | 10
988505037625 | 41 | 0.16496 | 3
494252518813 | 40 | 4.63978e-310 | 5
15445391213 | 35 | 2.90307 | 27
30890782426 | 36 | 2.90307 | 27
61781564852 | 37 | 1.97769 | 6
61781564853 | 37 | 2.90307 | 21
123563129706 | 38 | 2.90307 | 21
247126259413 | 39 | 2.90307 | 21
494252518826 | 40 | 2.90307 | 21
988505037652 | 41 | 2.90307 | 21
1977010075305 | 42 | 2.90307 | 21
3954020150610 | 43 | 2.90307 | 21
7908040301220 | 44 | 1.74311 | 11
15816080602440 | 45 | 0.810909 | 2
15816080602441 | 45 | 1.15178 | 9
7908040301221 | 44 | 4.63978e-310 | 10
965336951 | 31 | 4.63063 | 17
1930673903 | 32 | 4.63063 | 17
3861347807 | 33 | 4.63063 | 17
7722695614 | 34 | 4.63063 | 17
15445391228 | 35 | 4.63978e-310 | 4
15445391229 | 35 | 3.30647 | 13
30890782458 | 36 | 3.81077 | 3
30890782459 | 36 | 4.63978e-310 | 10
231 | 9 | 21.8497 | 590
462 | 10 | 15.9757 | 238
924 | 11 | 9.20689 | 95
1849 | 12 | 9.20689 | 95
3698 | 13 | 6.07201 | 49
7397 | 14 | 6.07201 | 49
14794 | 15 | 3.34587 | 33
29588 | 16 | 2.5621 | 11
59177 | 17 | 2.5621 | 11
118354 | 18 | 2.5621 | 11
236708 | 19 | 2.5621 | 11
473417 | 20 | 2.5621 | 11
946835 | 21 | 2.5621 | 11
1893671 | 22 | 2.5621 | 11
3787342 | 23 | 2.5621 | 11
7574684 | 24 | 1.58101e-322 | 8
7574685 | 24 | 4.63978e-310 | 3
29589 | 16 | 2.77248 | 22
59178 | 17 | 2.77248 | 22
118356 | 18 | 2.77248 | 22
236713 | 19 | 2.77248 | 22
473426 | 20 | 2.77248 | 22
946852 | 21 | 2.77248 | 22
1893704 | 22 | 2.77248 | 22
3787408 | 23 | 2.77248 | 22
7574817 | 24 | 2.77248 | 22
15149634 | 25 | 2.77248 | 22
30299269 | 26 | 2.77248 | 22
60598538 | 27 | 1.91659 | 15
121197076 | 28 | 1.91659 | 15
242394152 | 29 | 1.91659 | 15
484788304 | 30 | 0.310189 | 9
484788305 | 30 | 1.02001 | 6
60598539 | 27 | 4.63978e-310 | 7
14795 | 15 | 3.13753 | 16
29591 | 16 | 3.13753 | 16
59183 | 17 | 3.13753 | 16
118367 | 18 | 3.13753 | 16
236734 | 19 | 4.63978e-310 | 10
236735 | 19 | 4.63978e-310 | 6
3699 | 13 | 7.57976 | 46
7399 | 14 | 7.57976 | 46
14798 | 15 | 6.78821 | 40
29596 | 16 | 6.78821 | 40
59192 | 17 | 6.78821 | 40
118385 | 18 | 6.78821 | 40
236770 | 19 | 6.78821 | 40
473540 | 20 | 6.78821 | 40
947080 | 21 | 6.78821 | 40
1894161 | 22 | 6.78821 | 40
3788322 | 23 | 6.78821 | 40
7576644 | 24 | 6.78821 | 40
15153289 | 25 | 6.78821 | 40
30306578 | 26 | 12.5798 | 6
30306579 | 26 | 4.83419 | 34
60613158 | 27 | 3.36549 | 15
121226317 | 28 | 3.36549 | 15
242452635 | 29 | 3.36549 | 15
484905271 | 30 | 3.36549 | 15
969810542 | 31 | 3.36549 | 15
1939621085 | 32 | 3.36549 | 15
3879242170 | 33 | 3.36549 | 15
7758484341 | 34 | 3.36549 | 15
15516968682 | 35 | 3.36549 | 15
31033937365 | 36 | 3.36549 | 15
62067874730 | 37 | 2.94811 | 14
124135749460 | 38 | 6.53371 | 10
124135749461 | 38 | 4.95886 | 4
62067874731 | 37 | 4.63978e-310 | 1
60613159 | 27 | 3.1228 | 19
121226318 | 28 | 2.60875 | 17
242452637 | 29 | 2.60875 | 17
484905274 | 30 | 2.60875 | 17
969810548 | 31 | 2.60875 | 17
1939621096 | 32 | 2.21592 | 2
1939621097 | 32 | 2.60875 | 15
3879242195 | 33 | 2.60875 | 15
7758484391 | 34 | 2.60875 | 15
15516968782 | 35 | 2.60875 | 15
31033937565 | 36 | 2.60875 | 15
62067875130 | 37 | 2.60875 | 15
124135750261 | 38 | 2.60875 | 15
248271500522 | 39 | 2.60875 | 15
496543001044 | 40 | 7.93928 | 9
496543001045 | 40 | 1.04569 | 6
121226319 | 28 | 4.63978e-310 | 2
14799 | 15 | 4.63978e-310 | 6
925 | 11 | 11.8621 | 143
1850 | 12 | 9.48614 | 125
3701 | 13 | 9.48614 | 125
7403 | 14 | 9.48614 | 125
14806 | 15 | 0 | 1
14807 | 15 | 9.48614 | 124
29615 | 16 | 9.48614 | 124
59230 | 17 | 7.31163 | 113
118460 | 18 | 7.31163 | 113
236920 | 19 | 4.63978e-310 | 4
236921 | 19 | 6.90435 | 109
473843 | 20 | 6.90435 | 109
947686 | 21 | 6.90435 | 109
1895373 | 22 | 6.90435 | 109
3790747 | 23 | 6.90435 | 109
7581494 | 24 | 6.90435 | 109
15162988 | 25 | 2.59998 | 15
30325976 | 26 | 2.59998 | 15
60651953 | 27 | 2.59998 | 15
121303907 | 28 | 2.59998 | 15
242607814 | 29 | 4.63978e-310 | 7
242607815 | 29 | 6.37345e-322 | 8
15162989 | 25 | 6.76108 | 94
30325978 | 26 | 6.76108 | 94
60651956 | 27 | 5.54587 | 73
121303913 | 28 | 5.54587 | 73
242607826 | 29 | 4.53022 | 63
485215652 | 30 | 4.53022 | 63
970431305 | 31 | 4.53022 | 63
1940862610 | 32 | 4.53022 | 63
3881725220 | 33 | 4.53022 | 63
7763450440 | 34 | 1.08723 | 6
7763450441 | 34 | 4.53022 | 57
15526900882 | 35 | 4.25672 | 52
31053801764 | 36 | 4.25672 | 52
62107603529 | 37 | 4.25672 | 52
124215207058 | 38 | 0.405855 | 5
124215207059 | 38 | 3.52593 | 47
248430414118 | 39 | 3.4971 | 37
496860828236 | 40 | 2.26246 | 13
993721656472 | 41 | 1.58326 | 11
1987443312944 | 42 | 1.58326 | 11
3974886625888 | 43 | 3.8512 | 8
3974886625889 | 43 | 4.63978e-310 | 3
993721656473 | 41 | 4.63978e-310 | 2
496860828237 | 40 | 3.10929 | 24
993721656474 | 41 | 4.63978e-310 | 1
993721656475 | 41 | 2.96552 | 23
1987443312950 | 42 | 2.96552 | 23
3974886625900 | 43 | 2.96552 | 23
7949773251800 | 44 | 7.79689 | 4
7949773251801 | 44 | 2.46463 | 19
15899546503602 | 45 | 2.46463 | 19
31799093007205 | 46 | 2.46463 | 19
63598186014410 | 47 | 1.40609 | 11
127196372028820 | 48 | 1.40609 | 11
254392744057640 | 49 | 5.66677 | 8
254392744057641 | 49 | 4.97553 | 3
63598186014411 | 47 | 4.63978e-310 | 8
248430414119 | 39 | 4.63978e-310 | 10
15526900883 | 35 | 4.63978e-310 | 5
242607827 | 29 | 4.63978e-310 | 10
60651957 | 27 | 3.28389 | 21
121303914 | 28 | 4.63978e-310 | 9
121303915 | 28 | 1.96147 | 12
242607830 | 29 | 4.63978e-310 | 10
242607831 | 29 | 4.63978e-310 | 2
59231 | 17 | 2.48222 | 11
118462 | 18 | 2.48222 | 11
236924 | 19 | 2.48222 | 11
473848 | 20 | 4.63978e-310 | 6
473849 | 20 | 4.63978e-310 | 5
1851 | 12 | 5.15163 | 18
3703 | 13 | 5.15163 | 18
7407 | 14 | 5.15163 | 18
14815 | 15 | 5.15163 | 18
29631 | 16 | 5.15163 | 18
59262 | 17 | 4.63978e-310 | 3
59263 | 17 | 4.50468 | 15
118527 | 18 | 4.50468 | 15
237055 | 19 | 4.50468 | 15
474110 | 20 | 3.88123 | 14
948220 | 21 | 3.88123 | 14
1896441 | 22 | 3.88123 | 14
3792883 | 23 | 3.88123 | 14
7585767 | 24 | 3.88123 | 14
15171534 | 25 | 3.88123 | 14
30343068 | 26 | 1.87345 | 12
60686136 | 27 | 1.87345 | 12
121372272 | 28 | 2.21151 | 10
121372273 | 28 | 4.63978e-310 | 2
30343069 | 26 | 4.63978e-310 | 2
474111 | 20 | 4.63978e-310 | 1
463 | 10 | 17.9659 | 352
926 | 11 | 3.57474 | 30
1852 | 12 | 3.57474 | 30
3704 | 13 | 0 | 10
3705 | 13 | 3.25813 | 20
7411 | 14 | 3.25813 | 20
14822 | 15 | 4.63978e-310 | 5
14823 | 15 | 2.50207 | 15
29647 | 16 | 2.50207 | 15
59295 | 17 | 2.50207 | 15
118590 | 18 | 2.50207 | 15
237180 | 19 | 2.50207 | 15
474360 | 20 | 2.50207 | 15
948720 | 21 | 1.58101e-322 | 4
948721 | 21 | 1.91933 | 11
1897442 | 22 | 2.37152e-322 | 8
1897443 | 22 | 0.914638 | 3
927 | 11 | 16.372 | 322
1854 | 12 | 16.372 | 248
3709 | 13 | 16.372 | 248
7419 | 14 | 16.372 | 248
14838 | 15 | 16.372 | 248
29676 | 16 | 13.9026 | 84
59352 | 17 | 8.61747 | 20
118705 | 18 | 8.61747 | 20
237410 | 19 | 8.61747 | 20
474820 | 20 | 0 | 7
474821 | 20 | 7.62936 | 13
949643 | 21 | 7.62936 | 13
1899286 | 22 | 7.62936 | 13
3798572 | 23 | 0.581194 | 4
3798573 | 23 | 0.00396517 | 9
59353 | 17 | 5.23 | 64
118707 | 18 | 5.23 | 64
237414 | 19 | 5.23 | 64
474828 | 20 | 4.63978e-310 | 7
474829 | 20 | 4.22646 | 57
949658 | 21 | 4.22646 | 57
1899316 | 22 | 3.84357 | 13
3798632 | 23 | 3.84357 | 13
7597264 | 24 | 3.84357 | 13
15194528 | 25 | 3.84357 | 13
30389056 | 26 | 3.84357 | 13
60778113 | 27 | 3.84357 | 13
121556226 | 28 | 3.84357 | 13
243112452 | 29 | 2.88201 | 1
243112453 | 29 | 3.32279 | 12
486224907 | 30 | 3.32279 | 12
972449815 | 31 | 3.32279 | 12
1944899631 | 32 | 3.32279 | 12
3889799263 | 33 | 3.32279 | 12
7779598526 | 34 | 3.32279 | 12
15559197052 | 35 | 0 | 7
15559197053 | 35 | 9.53547e-322 | 5
1899317 | 22 | 4.22646 | 44
3798634 | 23 | 4.22646 | 44
7597268 | 24 | 4.17694 | 29
15194536 | 25 | 4.17694 | 29
30389072 | 26 | 4.17694 | 29
60778145 | 27 | 4.17694 | 29
121556291 | 28 | 4.17694 | 29
243112582 | 29 | 2.42092e-322 | 6
243112583 | 29 | 2.31657 | 23
486225167 | 30 | 2.31657 | 23
972450335 | 31 | 2.31657 | 23
1944900670 | 32 | 2.31657 | 23
3889801340 | 33 | 2.01087 | 14
7779602680 | 34 | 2.01087 | 14
15559205360 | 35 | 2.01087 | 14
31118410720 | 36 | 2.01087 | 14
62236821440 | 37 | 2.01087 | 14
124473642880 | 38 | 0.122823 | 1
124473642881 | 38 | 1.71488 | 13
248947285762 | 39 | 1.71488 | 13
497894571525 | 40 | 1.71488 | 13
995789143051 | 41 | 1.71488 | 13
1991578286103 | 42 | 1.71488 | 13
3983156572206 | 43 | 1.71488 | 13
7966313144413 | 44 | 1.71488 | 13
15932626288827 | 45 | 1.71488 | 13
31865252577654 | 46 | 1.71488 | 13
63730505155308 | 47 | 0.64017 | 4
63730505155309 | 47 | 0.175228 | 9
3889801341 | 33 | 4.63978e-310 | 9
7597269 | 24 | 3.31931 | 15
15194538 | 25 | 4.63978e-310 | 6
15194539 | 25 | 4.63978e-310 | 9
29677 | 16 | 15.2202 | 164
59354 | 17 | 15.2202 | 164
118708 | 18 | 15.2202 | 140
237416 | 19 | 14.6308 | 128
474832 | 20 | 14.6308 | 128
949665 | 21 | 14.6308 | 128
1899331 | 22 | 14.6308 | 128
3798662 | 23 | 4.48539 | 34
7597324 | 24 | 4.48539 | 34
15194648 | 25 | 4.63978e-310 | 5
15194649 | 25 | 4.20361 | 29
30389298 | 26 | 3.39687 | 25
60778597 | 27 | 3.39687 | 25
121557194 | 28 | 2.88569 | 22
243114389 | 29 | 2.88569 | 22
486228778 | 30 | 13.11 | 2
486228779 | 30 | 2.38927 | 20
972457558 | 31 | 11.0761 | 8
972457559 | 31 | 2.26576 | 12
1944915118 | 32 | 8.19948 | 9
1944915119 | 32 | 0.167905 | 3
121557195 | 28 | 4.63978e-310 | 3
30389299 | 26 | 4.63978e-310 | 4
3798663 | 23 | 11.3623 | 94
7597327 | 24 | 11.3623 | 94
15194655 | 25 | 11.3623 | 94
30389310 | 26 | 3.8865 | 23
60778621 | 27 | 3.8865 | 23
121557242 | 28 | 2.0116 | 11
243114485 | 29 | 2.0116 | 11
486228971 | 30 | 2.0116 | 11
972457942 | 31 | 1.63042e-322 | 9
972457943 | 31 | 1.58101e-322 | 2
121557243 | 28 | 3.11622 | 12
243114486 | 29 | 4.63978e-310 | 3
243114487 | 29 | 4.63978e-310 | 9
30389311 | 26 | 9.5336 | 71
60778623 | 27 | 9.5336 | 71
121557246 | 28 | 9.5336 | 62
243114492 | 29 | 7.80381 | 50
486228984 | 30 | 7.80381 | 50
972457969 | 31 | 7.80381 | 50
1944915939 | 32 | 7.80381 | 50
3889831878 | 33 | 4.31606 | 45
7779663756 | 34 | 4.31606 | 45
15559327512 | 35 | 4.20186 | 41
31118655024 | 36 | 4.20186 | 18
62237310048 | 37 | 4.20186 | 18
124474620097 | 38 | 4.20186 | 18
248949240194 | 39 | 4.20186 | 18
497898480388 | 40 | 4.20186 | 18
995796960776 | 41 | 54.4506 | 10
995796960777 | 41 | 1.64989 | 8
31118655025 | 36 | 3.37738 | 23
62237310050 | 37 | 4.63978e-310 | 9
62237310051 | 37 | 2.58291 | 14
124474620102 | 38 | 2.38591 | 13
248949240205 | 39 | 2.38591 | 13
497898480410 | 40 | 4.04936 | 10
497898480411 | 40 | 5.87551 | 3
124474620103 | 38 | 4.63978e-310 | 1
15559327513 | 35 | 4.63978e-310 | 4
3889831879 | 33 | 4.63978e-310 | 5
243114493 | 29 | 6.59037 | 12
486228987 | 30 | 6.59037 | 12
972457974 | 31 | 2.47276 | 11
1944915949 | 32 | 2.47276 | 11
3889831898 | 33 | 6.36022 | 1
3889831899 | 33 | 4.83214 | 10
972457975 | 31 | 4.63978e-310 | 1
121557247 | 28 | 4.63978e-310 | 9
237417 | 19 | 6.75884 | 12
474834 | 20 | 6.75884 | 12
949668 | 21 | 4.63978e-310 | 3
949669 | 21 | 4.63978e-310 | 9
118709 | 18 | 10.3777 | 24
237418 | 19 | 8.8859 | 16
474836 | 20 | 4.63978e-310 | 3
474837 | 20 | 5.79307 | 13
949674 | 21 | 5.79307 | 13
1899348 | 22 | 5.79307 | 13
3798697 | 23 | 5.79307 | 13
7597394 | 24 | 5.79307 | 13
15194788 | 25 | 5.79307 | 13
30389576 | 26 | 4.0232 | 12
60779153 | 27 | 4.0232 | 12
121558306 | 28 | 4.0232 | 12
243116612 | 29 | 4.0232 | 12
486233224 | 30 | 4.0232 | 11
972466448 | 31 | 4.63978e-310 | 10
972466449 | 31 | 4.63978e-310 | 1
486233225 | 30 | 4.63978e-310 | 1
30389577 | 26 | 4.63978e-310 | 1
237419 | 19 | 4.63978e-310 | 8
1855 | 12 | 11.7988 | 74
3710 | 13 | 10.4064 | 43
7421 | 14 | 10.4064 | 43
14843 | 15 | 10.4064 | 43
29687 | 16 | 10.4064 | 43
59374 | 17 | 3.36627 | 17
118748 | 18 | 3.36627 | 17
237496 | 19 | 3.36627 | 17
474992 | 20 | 3.36627 | 17
949984 | 21 | 3.40153 | 1
949985 | 21 | 2.76256 | 16
1899970 | 22 | 2.52179 | 12
3799941 | 23 | 2.52179 | 12
7599882 | 24 | 2.52179 | 12
15199764 | 25 | 2.52179 | 12
30399528 | 26 | 2.52179 | 12
60799057 | 27 | 2.52179 | 12
121598115 | 28 | 2.52179 | 12
243196230 | 29 | 2.52179 | 12
486392460 | 30 | 2.29821 | 4
486392461 | 30 | 2.74105 | 8
1899971 | 22 | 4.63978e-310 | 4
59375 | 17 | 7.39448 | 26
118750 | 18 | 7.39448 | 26
237500 | 19 | 7.39448 | 26
475000 | 20 | 7.39448 | 26
950000 | 21 | 6.48136 | 25
1900000 | 22 | 6.48136 | 25
3800000 | 23 | 4.74593 | 23
7600000 | 24 | 4.74593 | 21
15200000 | 25 | 4.74593 | 21
30400001 | 26 | 4.74593 | 21
60800002 | 27 | 4.63978e-310 | 2
60800003 | 27 | 4.55616 | 19
121600006 | 28 | 4.55616 | 19
243200012 | 29 | 3.69792 | 18
486400024 | 30 | 3.69792 | 18
972800049 | 31 | 3.69792 | 18
1945600099 | 32 | 3.69792 | 18
3891200199 | 33 | 3.69792 | 18
7782400398 | 34 | 31.5049 | 1
7782400399 | 34 | 3.69792 | 17
15564800798 | 35 | 1.44707 | 9
15564800799 | 35 | 1.2941 | 8
243200013 | 29 | 4.63978e-310 | 1
7600001 | 24 | 4.63978e-310 | 2
3800001 | 23 | 4.63978e-310 | 2
950001 | 21 | 4.63978e-310 | 1
3711 | 13 | 6.69697 | 31
7422 | 14 | 6.69697 | 31
14845 | 15 | 6.69697 | 31
29690 | 16 | 4.63978e-310 | 7
29691 | 16 | 6.46343 | 24
59382 | 17 | 4.63978e-310 | 7
59383 | 17 | 4.67702 | 17
118766 | 18 | 4.67702 | 17
237532 | 19 | 4.05807 | 13
475064 | 20 | 2.50735 | 2
475065 | 20 | 3.36156 | 11
950130 | 21 | 3.36156 | 11
1900261 | 22 | 3.36156 | 11
3800522 | 23 | 9.08045 | 1
3800523 | 23 | 3.21143e-322 | 10
237533 | 19 | 4.63978e-310 | 4
15 | 5 | 13.2149 | 134
30 | 6 | 13.2149 | 134
60 | 7 | 12.2603 | 128
120 | 8 | 12.2603 | 118
240 | 9 | 12.2603 | 103
480 | 10 | 8.94398 | 94
960 | 11 | 8.22986 | 92
1921 | 12 | 8.22986 | 92
3842 | 13 | 8.22986 | 91
7684 | 14 | 6.69234 | 58
15368 | 15 | 6.69234 | 58
30736 | 16 | 3.13863 | 34
61472 | 17 | 3.13863 | 34
122945 | 18 | 3.13863 | 34
245891 | 19 | 3.13863 | 34
491782 | 20 | 3.13863 | 33
983565 | 21 | 3.13863 | 33
1967131 | 22 | 3.13863 | 33
3934262 | 23 | 3.13863 | 33
7868525 | 24 | 3.13863 | 33
15737050 | 25 | 3.13863 | 29
31474101 | 26 | 3.13863 | 29
62948203 | 27 | 3.13863 | 29
125896406 | 28 | 3.13863 | 29
251792812 | 29 | 3.13863 | 29
503585624 | 30 | 2.43408 | 22
1007171248 | 31 | 2.43408 | 22
2014342496 | 32 | 4.63978e-310 | 4
2014342497 | 32 | 2.14619 | 18
4028684994 | 33 | 2.14619 | 18
8057369988 | 34 | 0.0978641 | 2
8057369989 | 34 | 2.14619 | 16
16114739978 | 35 | 1.48054 | 9
16114739979 | 35 | 0.889433 | 7
503585625 | 30 | 4.63978e-310 | 7
15737051 | 25 | 4.63978e-310 | 4
491783 | 20 | 4.63978e-310 | 1
30737 | 16 | 3.99285 | 24
61475 | 17 | 3.99285 | 24
122951 | 18 | 3.99285 | 24
245902 | 19 | 1.02276 | 8
245903 | 19 | 3.31734 | 16
491806 | 20 | 3.31734 | 15
983612 | 21 | 3.31734 | 15
1967225 | 22 | 3.31734 | 15
3934451 | 23 | 3.31734 | 15
7868903 | 24 | 3.31734 | 15
15737806 | 25 | 3.31734 | 15
31475612 | 26 | 3.31734 | 15
62951224 | 27 | 3.31734 | 15
125902448 | 28 | 0.209214 | 4
125902449 | 28 | 1.44423 | 11
251804898 | 29 | 4.63978e-310 | 10
251804899 | 29 | 1.37767 | 1
491807 | 20 | 4.63978e-310 | 1
7685 | 14 | 4.90815 | 33
15371 | 15 | 4.90815 | 33
30742 | 16 | 4.43093 | 23
61484 | 17 | 0.1372 | 8
61485 | 17 | 4.43093 | 15
122970 | 18 | 4.63978e-310 | 3
122971 | 18 | 4.25243 | 12
245942 | 19 | 4.25243 | 12
491885 | 20 | 4.25243 | 12
983770 | 21 | 5.32463 | 10
983771 | 21 | 2.02178 | 2
30743 | 16 | 4.63978e-310 | 10
3843 | 13 | 4.63978e-310 | 1
961 | 11 | 4.63978e-310 | 2
481 | 10 | 4.63978e-310 | 9
241 | 9 | 4.67792 | 15
482 | 10 | 4.63978e-310 | 1
483 | 10 | 4.67792 | 14
966 | 11 | 4.63978e-310 | 6
967 | 11 | 4.63978e-310 | 8
121 | 8 | 4.63978e-310 | 10
61 | 7 | 4.63978e-310 | 6
