ID | Depth | diameter | Number of points
0 | 0 | 29.316 | 1600
0 | 1 | 29.316 | 1600
0 | 2 | 27.4107 | 693
0 | 3 | 11.0504 | 41
0 | 4 | 11.0504 | 41
0 | 5 | 4.63978e-310 | 6
1 | 5 | 7.50688 | 35
2 | 6 | 4.63978e-310 | 1
3 | 6 | 7.50688 | 34
6 | 7 | 7.50688 | 34
13 | 8 | 7.50688 | 34
27 | 9 | 7.50688 | 34
55 | 10 | 7.50688 | 34
110 | 11 | 7.50688 | 34
220 | 12 | 7.50688 | 34
440 | 13 | 7.50688 | 34
880 | 14 | 2.99608 | 12
1761 | 15 | 2.99608 | 12
3522 | 16 | 2.99608 | 12
7044 | 17 | 2.02363 | 2
7045 | 17 | 0.318215 | 10
881 | 14 | 5.94424 | 22
1762 | 15 | 5.94424 | 22
3524 | 16 | 5.94424 | 22
7049 | 17 | 5.94424 | 22
14099 | 18 | 5.94424 | 22
28198 | 19 | 5.03603 | 18
56396 | 20 | 0.0317462 | 8
56397 | 20 | 0 | 10
28199 | 19 | 4.63978e-310 | 4
1 | 3 | 27.4107 | 652
2 | 4 | 26.2499 | 610
5 | 5 | 26.2499 | 610
11 | 6 | 26.2499 | 610
23 | 7 | 26.2499 | 610
46 | 8 | 26.2499 | 610
92 | 9 | 26.1906 | 591
185 | 10 | 26.1906 | 591
370 | 11 | 24.6107 | 297
740 | 12 | 24.6107 | 290
1480 | 13 | 20.928 | 274
2960 | 14 | 20.928 | 274
5920 | 15 | 16.7163 | 235
11840 | 16 | 16.7163 | 235
23680 | 17 | 7.02291 | 3
23681 | 17 | 16.7163 | 232
47362 | 18 | 10.4193 | 73
94724 | 19 | 10.4193 | 73
189448 | 20 | 10.1756 | 40
378896 | 21 | 10.1756 | 40
757792 | 22 | 10.1756 | 40
1515584 | 23 | 4.93109 | 6
1515585 | 23 | 10.1756 | 34
3031170 | 24 | 0.899223 | 1
3031171 | 24 | 10.1756 | 33
6062342 | 25 | 1.48179 | 2
6062343 | 25 | 4.60092 | 31
12124686 | 26 | 0.918615 | 6
12124687 | 26 | 2.67724 | 25
24249374 | 27 | 0.37202 | 2
24249375 | 27 | 2.67724 | 23
48498750 | 28 | 1.86482 | 16
96997500 | 29 | 1.63042e-322 | 5
96997501 | 29 | 1.47929 | 11
193995003 | 30 | 1.47929 | 11
387990006 | 31 | 1.47929 | 11
775980012 | 32 | 10.0661 | 4
775980013 | 32 | 17.8405 | 7
48498751 | 28 | 4.63978e-310 | 7
189449 | 20 | 9.24559 | 33
378898 | 21 | 9.24559 | 33
757796 | 22 | 4.63978e-310 | 2
757797 | 22 | 3.82762 | 31
1515595 | 23 | 3.82762 | 31
3031190 | 24 | 3.82762 | 31
6062380 | 25 | 3.82762 | 31
12124760 | 26 | 0 | 5
12124761 | 26 | 3.61651 | 26
24249522 | 27 | 3.18675 | 25
48499044 | 28 | 1.3261 | 12
96998088 | 29 | 0.800399 | 10
96998089 | 29 | 0.912737 | 2
48499045 | 28 | 1.60767 | 13
96998091 | 29 | 1.60767 | 13
193996183 | 30 | 1.60767 | 13
387992367 | 31 | 1.60767 | 13
775984735 | 32 | 1.60767 | 13
1551969470 | 33 | 1.60767 | 13
3103938941 | 34 | 1.60767 | 13
6207877883 | 35 | 1.60767 | 13
12415755766 | 36 | 0.504124 | 1
12415755767 | 36 | 1.38974 | 12
24831511535 | 37 | 1.38974 | 12
49663023070 | 38 | 1.38974 | 12
99326046140 | 39 | 1.38974 | 12
198652092281 | 40 | 1.38974 | 12
397304184563 | 41 | 1.38974 | 12
794608369127 | 42 | 1.38974 | 12
1589216738254 | 43 | 3.12574 | 5
1589216738255 | 43 | 56.78 | 7
24249523 | 27 | 4.63978e-310 | 1
47363 | 18 | 15.5965 | 159
94726 | 19 | 10.9246 | 139
189452 | 20 | 10.4426 | 73
378904 | 21 | 10.4426 | 73
757808 | 22 | 10.4426 | 73
1515616 | 23 | 10.4426 | 73
3031232 | 24 | 10.4426 | 73
6062464 | 25 | 8.33448 | 24
12124928 | 26 | 8.33448 | 24
24249856 | 27 | 4.63978e-310 | 1
24249857 | 27 | 8.33448 | 23
48499714 | 28 | 8.33448 | 23
96999428 | 29 | 0.615274 | 2
96999429 | 29 | 8.33448 | 21
193998858 | 30 | 8.33448 | 21
387997717 | 31 | 8.33448 | 21
775995435 | 32 | 8.33448 | 21
1551990870 | 33 | 0.759342 | 3
1551990871 | 33 | 2.90118 | 18
3103981742 | 34 | 2.90118 | 18
6207963485 | 35 | 2.90118 | 18
12415926970 | 36 | 2.62069 | 16
24831853940 | 37 | 2.62069 | 16
49663707881 | 38 | 2.62069 | 16
99327415762 | 39 | 0.557598 | 8
99327415763 | 39 | 0.393256 | 8
12415926971 | 36 | 4.63978e-310 | 2
6062465 | 25 | 7.13856 | 49
12124931 | 26 | 7.13856 | 49
24249862 | 27 | 3.6691 | 26
48499724 | 28 | 3.6691 | 26
96999448 | 29 | 4.63978e-310 | 4
96999449 | 29 | 2.62514 | 22
193998898 | 30 | 0.301314 | 3
193998899 | 30 | 2.62514 | 19
387997798 | 31 | 2.62514 | 19
775995596 | 32 | 0 | 10
775995597 | 32 | 0.24995 | 9
24249863 | 27 | 4.78451 | 23
48499726 | 28 | 4.65762 | 15
96999452 | 29 | 4.65762 | 15
193998904 | 30 | 4.65762 | 15
387997809 | 31 | 4.65762 | 15
775995619 | 32 | 4.65762 | 15
1551991238 | 33 | 4.65762 | 15
3103982477 | 34 | 4.65762 | 15
6207964955 | 35 | 4.65762 | 15
12415929910 | 36 | 4.65762 | 15
24831859820 | 37 | 0.55354 | 10
24831859821 | 37 | 0.016547 | 5
48499727 | 28 | 4.63978e-310 | 8
189453 | 20 | 9.29811 | 66
378906 | 21 | 9.29811 | 64
757813 | 22 | 9.29811 | 64
1515627 | 23 | 9.29811 | 64
3031255 | 24 | 9.29811 | 64
6062510 | 25 | 9.29811 | 64
12125021 | 26 | 9.29811 | 64
24250043 | 27 | 9.29811 | 64
48500086 | 28 | 0.0230721 | 1
48500087 | 28 | 6.8467 | 63
97000174 | 29 | 6.8467 | 63
194000349 | 30 | 6.8467 | 63
388000698 | 31 | 6.8467 | 63
776001396 | 32 | 6.8467 | 63
1552002792 | 33 | 4.15644 | 14
3104005584 | 34 | 33.4276 | 6
3104005585 | 34 | 17.9163 | 8
1552002793 | 33 | 4.64039 | 49
3104005586 | 34 | 4.64039 | 49
6208011172 | 35 | 4.64039 | 49
12416022345 | 36 | 4.64039 | 49
24832044691 | 37 | 4.64039 | 49
49664089383 | 38 | 4.64039 | 49
99328178766 | 39 | 4.64039 | 49
198656357532 | 40 | 4.64039 | 49
397312715064 | 41 | 4.64039 | 49
794625430128 | 42 | 4.36555 | 46
1589250860256 | 43 | 4.36555 | 46
3178501720512 | 44 | 4.36555 | 46
6357003441025 | 45 | 4.36555 | 46
12714006882050 | 46 | 4.36555 | 46
25428013764101 | 47 | 4.36555 | 46
50856027528203 | 48 | 4.36555 | 46
101712055056406 | 49 | 3.7124 | 29
203424110112812 | 50 | 3.38855 | 23
406848220225624 | 51 | 3.38855 | 23
813696440451248 | 52 | 3.38855 | 23
1627392880902496 | 53 | 3.38855 | 23
3254785761804992 | 54 | 3.38855 | 23
6509571523609984 | 55 | 2.18008 | 15
13019143047219969 | 56 | 2.18008 | 15
26038286094439938 | 57 | 2.18008 | 15
52076572188879876 | 58 | 2.18008 | 15
104153144377759752 | 59 | 2.18008 | 15
208306288755519504 | 60 | 2.18008 | 15
416612577511039008 | 61 | 2.18008 | 15
833225155022078016 | 62 | 2.18008 | 14
1666450310044156032 | 63 | 0.723728 | 5
1666450310044156033 | 63 | 0.920654 | 9
833225155022078017 | 62 | 4.63978e-310 | 1
6509571523609985 | 55 | 4.63978e-310 | 8
203424110112813 | 50 | 4.63978e-310 | 6
101712055056407 | 49 | 4.1835 | 17
203424110112815 | 50 | 4.1835 | 17
406848220225630 | 51 | 4.63978e-310 | 7
406848220225631 | 51 | 4.63978e-310 | 10
794625430129 | 42 | 4.63978e-310 | 3
378907 | 21 | 4.63978e-310 | 2
94727 | 19 | 7.3239 | 20
189455 | 20 | 7.3239 | 20
378910 | 21 | 4.63978e-310 | 7
378911 | 21 | 4.80403 | 13
757822 | 22 | 3.91485 | 11
1515644 | 23 | 4.63978e-310 | 5
1515645 | 23 | 4.63978e-310 | 6
757823 | 22 | 4.63978e-310 | 2
5921 | 15 | 11.6535 | 39
11842 | 16 | 4.63978e-310 | 6
11843 | 16 | 9.05318 | 33
23686 | 17 | 5.13328 | 13
47373 | 18 | 5.13328 | 13
94747 | 19 | 5.13328 | 13
189495 | 20 | 5.13328 | 13
378991 | 21 | 5.13328 | 13
757983 | 22 | 5.13328 | 13
1515966 | 23 | 5.13328 | 13
3031933 | 24 | 5.13328 | 13
6063867 | 25 | 5.13328 | 13
12127735 | 26 | 5.13328 | 13
24255470 | 27 | 5.13328 | 13
48510941 | 28 | 5.13328 | 13
97021882 | 29 | 5.13328 | 13
194043764 | 30 | 1.56055 | 10
194043765 | 30 | 0 | 3
23687 | 17 | 9.05318 | 20
47374 | 18 | 9.05318 | 20
94748 | 19 | 4.63978e-310 | 9
94749 | 19 | 6.42874 | 11
189498 | 20 | 6.42874 | 11
378996 | 21 | 4.63978e-310 | 10
378997 | 21 | 4.63978e-310 | 1
1481 | 13 | 7.73158 | 16
2962 | 14 | 4.63978e-310 | 1
2963 | 14 | 7.00552 | 15
5926 | 15 | 4.63978e-310 | 7
5927 | 15 | 4.63978e-310 | 8
741 | 12 | 4.63978e-310 | 7
371 | 11 | 25.5408 | 294
742 | 12 | 21.2686 | 269
1485 | 13 | 21.2686 | 269
2971 | 14 | 21.2686 | 269
5942 | 15 | 21.2686 | 269
11884 | 16 | 8.10148 | 18
23768 | 17 | 7.21447 | 14
47537 | 18 | 7.21447 | 14
95074 | 19 | 7.21447 | 14
190149 | 20 | 7.21447 | 14
380298 | 21 | 4.0112 | 11
760597 | 22 | 4.0112 | 11
1521194 | 23 | 4.0112 | 11
3042389 | 24 | 4.0112 | 11
6084779 | 25 | 4.0112 | 11
12169558 | 26 | 4.0112 | 11
24339117 | 27 | 4.0112 | 11
48678235 | 28 | 4.0112 | 11
97356470 | 29 | 4.0112 | 11
194712940 | 30 | 0 | 3
194712941 | 30 | 4.63978e-310 | 8
380299 | 21 | 4.63978e-310 | 3
23769 | 17 | 4.63978e-310 | 4
11885 | 16 | 15.7235 | 251
23770 | 17 | 15.7235 | 117
47541 | 18 | 15.7235 | 117
95083 | 19 | 15.7235 | 117
190166 | 20 | 10.7413 | 79
380333 | 21 | 10.7413 | 79
760666 | 22 | 10.7413 | 79
1521333 | 23 | 10.7413 | 79
3042666 | 24 | 8.1487 | 55
6085332 | 25 | 1.63191 | 10
6085333 | 25 | 5.8823 | 45
12170666 | 26 | 5.8823 | 45
24341332 | 27 | 5.8823 | 45
48682664 | 28 | 5.8823 | 45
97365328 | 29 | 4.21719 | 37
194730657 | 30 | 4.21719 | 37
389461314 | 31 | 4.21719 | 37
778922628 | 32 | 4.21719 | 32
1557845256 | 33 | 2.27262 | 12
3115690512 | 34 | 1.68809 | 8
3115690513 | 34 | 0.316117 | 4
1557845257 | 33 | 1.69726 | 20
3115690514 | 34 | 1.69726 | 20
6231381028 | 35 | 1.21606 | 6
6231381029 | 35 | 1.69726 | 14
12462762058 | 36 | 1.69726 | 14
24925524116 | 37 | 15.9495 | 9
24925524117 | 37 | 0 | 5
778922629 | 32 | 4.63978e-310 | 5
97365329 | 29 | 4.63978e-310 | 8
3042667 | 24 | 2.3483 | 24
6085334 | 25 | 1.64439 | 12
12170668 | 26 | 1.19394 | 11
24341336 | 27 | 4.63978e-310 | 9
24341337 | 27 | 4.63978e-310 | 2
12170669 | 26 | 4.63978e-310 | 1
6085335 | 25 | 1.74793 | 12
12170670 | 26 | 9.37591 | 8
12170671 | 26 | 2.35226 | 4
190167 | 20 | 15.5818 | 38
380334 | 21 | 9.89527 | 36
760668 | 22 | 9.89527 | 36
1521336 | 23 | 9.89527 | 36
3042672 | 24 | 3.72675 | 17
6085345 | 25 | 3.72675 | 17
12170690 | 26 | 0.17369 | 3
12170691 | 26 | 3.72675 | 14
24341382 | 27 | 3.72675 | 14
48682764 | 28 | 0.259177 | 5
48682765 | 28 | 0.572361 | 9
3042673 | 24 | 5.74253 | 19
6085346 | 25 | 5.74253 | 19
12170692 | 26 | 5.74253 | 19
24341385 | 27 | 5.74253 | 19
48682771 | 28 | 5.74253 | 19
97365543 | 29 | 5.74253 | 19
194731086 | 30 | 4.26784 | 16
389462173 | 31 | 4.26784 | 16
778924347 | 32 | 4.26784 | 16
1557848694 | 33 | 0.000947753 | 7
1557848695 | 33 | 0 | 9
194731087 | 30 | 4.63978e-310 | 3
380335 | 21 | 4.63978e-310 | 2
23771 | 17 | 14.8065 | 134
47542 | 18 | 14.8065 | 134
95084 | 19 | 5.76995 | 63
190168 | 20 | 5.71125 | 24
380336 | 21 | 4.63978e-310 | 3
380337 | 21 | 4.10716 | 21
760674 | 22 | 4.10716 | 21
1521349 | 23 | 4.10716 | 21
3042699 | 24 | 4.10716 | 21
6085398 | 25 | 18.866 | 3
6085399 | 25 | 3.45711 | 18
12170798 | 26 | 3.45711 | 18
24341596 | 27 | 3.45711 | 18
48683192 | 28 | 3.45711 | 18
97366384 | 29 | 3.45711 | 18
194732768 | 30 | 57.4367 | 3
194732769 | 30 | 2.56418 | 15
389465538 | 31 | 0 | 7
389465539 | 31 | 1.25084 | 8
190169 | 20 | 5.3057 | 39
380339 | 21 | 5.3057 | 39
760679 | 22 | 5.3057 | 39
1521359 | 23 | 5.3057 | 39
3042718 | 24 | 5.3057 | 39
6085436 | 25 | 1.15178 | 8
6085437 | 25 | 3.99654 | 31
12170874 | 26 | 3.99654 | 31
24341748 | 27 | 2.80775 | 4
24341749 | 27 | 2.439 | 27
48683498 | 28 | 2.439 | 27
97366996 | 29 | 2.439 | 27
194733993 | 30 | 2.439 | 27
389467986 | 31 | 2.439 | 27
778935973 | 32 | 2.439 | 27
1557871946 | 33 | 2.439 | 27
3115743892 | 34 | 1.33544 | 16
6231487784 | 35 | 0.399204 | 5
6231487785 | 35 | 1.2538 | 11
12462975571 | 36 | 1.2538 | 11
24925951143 | 37 | 1.2538 | 11
49851902287 | 38 | 1.2538 | 11
99703804574 | 39 | 4.63978e-310 | 10
99703804575 | 39 | 6.90513e-310 | 1
3115743893 | 34 | 1.53764 | 11
6231487786 | 35 | 4.63978e-310 | 5
6231487787 | 35 | 4.63978e-310 | 6
95085 | 19 | 10.8736 | 71
190170 | 20 | 10.8736 | 71
380340 | 21 | 4.0263 | 62
760680 | 22 | 2.43901 | 37
1521360 | 23 | 2.43901 | 37
3042720 | 24 | 2.43901 | 37
6085440 | 25 | 1.93182 | 15
12170880 | 26 | 1.23141 | 12
24341760 | 27 | 6.90513e-310 | 10
24341761 | 27 | 4.63978e-310 | 2
12170881 | 26 | 0.0371093 | 3
6085441 | 25 | 2.17415 | 22
12170883 | 26 | 2.17415 | 22
24341767 | 27 | 2.17415 | 22
48683535 | 28 | 2.17415 | 22
97367071 | 29 | 2.17415 | 22
194734143 | 30 | 2.17415 | 22
389468286 | 31 | 0.699422 | 9
389468287 | 31 | 2.17415 | 13
778936575 | 32 | 2.17415 | 13
1557873150 | 33 | 2.17415 | 13
3115746301 | 34 | 2.17415 | 13
6231492602 | 35 | 0 | 3
6231492603 | 35 | 4.63978e-310 | 10
760681 | 22 | 2.65597 | 25
1521362 | 23 | 2.24912 | 18
3042725 | 24 | 2.24912 | 18
6085450 | 25 | 1.97819 | 16
12170900 | 26 | 4.63978e-310 | 9
12170901 | 26 | 4.63978e-310 | 7
6085451 | 25 | 4.63978e-310 | 2
1521363 | 23 | 4.63978e-310 | 7
380341 | 21 | 4.63978e-310 | 9
743 | 12 | 9.52585 | 25
1487 | 13 | 9.52585 | 25
2974 | 14 | 4.63978e-310 | 7
2975 | 14 | 9.36678 | 18
5951 | 15 | 9.36678 | 18
11902 | 16 | 9.36678 | 15
23804 | 17 | 9.36678 | 13
47609 | 18 | 9.36678 | 13
95218 | 19 | 9.36678 | 13
190437 | 20 | 9.36678 | 13
380874 | 21 | 56.9414 | 7
380875 | 21 | 1.55596 | 6
23805 | 17 | 4.63978e-310 | 2
11903 | 16 | 4.63978e-310 | 3
93 | 9 | 10.6897 | 19
186 | 10 | 4.63978e-310 | 1
187 | 10 | 8.41765 | 18
374 | 11 | 6.43176 | 16
749 | 12 | 6.43176 | 16
1499 | 13 | 6.43176 | 16
2998 | 14 | 23.643 | 10
2999 | 14 | 0 | 6
375 | 11 | 4.63978e-310 | 2
3 | 4 | 7.67131 | 42
6 | 5 | 5.41569 | 27
12 | 6 | 5.41569 | 27
25 | 7 | 5.41569 | 27
50 | 8 | 4.93883 | 20
100 | 9 | 4.93883 | 20
201 | 10 | 4.93883 | 20
402 | 11 | 4.93883 | 20
805 | 12 | 4.93883 | 20
1610 | 13 | 4.23389 | 18
3220 | 14 | 4.23389 | 18
6440 | 15 | 4.23389 | 18
12880 | 16 | 4.23389 | 18
25760 | 17 | 4.63978e-310 | 6
25761 | 17 | 3.48256 | 12
51522 | 18 | 0 | 8
51523 | 18 | 2.72636 | 4
1611 | 13 | 4.63978e-310 | 2
51 | 8 | 4.63978e-310 | 7
7 | 5 | 3.99745 | 15
15 | 6 | 3.99745 | 15
31 | 7 | 3.99745 | 15
63 | 8 | 3.99745 | 15
126 | 9 | 4.63978e-310 | 2
127 | 9 | 2.85576 | 13
254 | 10 | 3.08553 | 10
255 | 10 | 6.96613 | 3
1 | 2 | 25.5016 | 907
3 | 3 | 25.5016 | 907
6 | 4 | 25.5016 | 907
13 | 5 | 25.5016 | 907
27 | 6 | 25.5016 | 907
54 | 7 | 24.7969 | 833
109 | 8 | 24.7969 | 833
218 | 9 | 24.755 | 817
436 | 10 | 24.755 | 817
872 | 11 | 24.755 | 817
1744 | 12 | 24.755 | 817
3489 | 13 | 24.755 | 817
6978 | 14 | 24.755 | 249
13956 | 15 | 12.1181 | 46
27912 | 16 | 12.1181 | 46
55824 | 17 | 12.1181 | 46
111649 | 18 | 12.1181 | 46
223298 | 19 | 12.1181 | 46
446596 | 20 | 12.1181 | 46
893193 | 21 | 12.1181 | 46
1786387 | 22 | 12.1181 | 46
3572774 | 23 | 0.198801 | 4
3572775 | 23 | 11.5679 | 42
7145550 | 24 | 11.5679 | 42
14291101 | 25 | 11.5679 | 42
28582203 | 26 | 11.5679 | 42
57164406 | 27 | 1.59089 | 1
57164407 | 27 | 9.75083 | 41
114328814 | 28 | 7.52112 | 28
228657628 | 29 | 7.52112 | 19
457315256 | 30 | 4.95689 | 14
914630512 | 31 | 4.95689 | 14
1829261024 | 32 | 4.95689 | 14
3658522049 | 33 | 4.95689 | 14
7317044098 | 34 | 4.95689 | 14
14634088196 | 35 | 4.95689 | 14
29268176393 | 36 | 4.95689 | 14
58536352786 | 37 | 4.95689 | 14
117072705572 | 38 | 20.06 | 3
117072705573 | 38 | 4.72081 | 11
234145411146 | 39 | 2.38911 | 1
234145411147 | 39 | 2.65452 | 10
457315257 | 30 | 4.63978e-310 | 5
228657629 | 29 | 4.63978e-310 | 9
114328815 | 28 | 2.59201 | 13
228657630 | 29 | 2.59201 | 13
457315260 | 30 | 4.85624 | 2
457315261 | 30 | 2.59201 | 11
914630522 | 31 | 4.63978e-310 | 2
914630523 | 31 | 4.63978e-310 | 9
13957 | 15 | 18.4533 | 203
27914 | 16 | 12.7227 | 156
55828 | 17 | 12.7227 | 140
111656 | 18 | 11.541 | 137
223312 | 19 | 11.541 | 137
446624 | 20 | 9.72184 | 12
893248 | 21 | 6.90513e-310 | 6
893249 | 21 | 1.63042e-322 | 6
446625 | 20 | 11.2096 | 125
893251 | 21 | 11.2096 | 125
1786502 | 22 | 34.9398 | 4
1786503 | 22 | 10.929 | 121
3573007 | 23 | 10.929 | 121
7146015 | 24 | 10.929 | 121
14292030 | 25 | 9.53547e-322 | 8
14292031 | 25 | 10.6929 | 113
28584062 | 26 | 10.6929 | 113
57168125 | 27 | 10.6929 | 113
114336250 | 28 | 2.41488 | 26
228672501 | 29 | 2.41488 | 26
457345002 | 30 | 1.15251 | 12
914690004 | 31 | 1.15251 | 12
1829380008 | 32 | 0.615834 | 10
1829380009 | 32 | 5.58294e-322 | 2
457345003 | 30 | 1.66817 | 14
914690007 | 31 | 1.66817 | 14
1829380014 | 32 | 31.5882 | 5
1829380015 | 32 | 32.5772 | 9
114336251 | 28 | 10.3527 | 87
228672502 | 29 | 6.69457 | 16
457345005 | 30 | 6.69457 | 16
914690010 | 31 | 17.9329 | 2
914690011 | 31 | 5.66201 | 14
1829380023 | 32 | 5.66201 | 14
3658760047 | 33 | 5.66201 | 14
7317520095 | 34 | 5.66201 | 14
14635040190 | 35 | 5.66201 | 14
29270080380 | 36 | 5.66201 | 14
58540160760 | 37 | 5.66201 | 14
117080321521 | 38 | 5.66201 | 14
234160643043 | 39 | 5.66201 | 14
468321286086 | 40 | 2.5195 | 3
468321286087 | 40 | 2.96722 | 11
936642572174 | 41 | 2.96722 | 11
1873285144349 | 42 | 2.96722 | 11
3746570288698 | 43 | 22.2538 | 5
3746570288699 | 43 | 1.15806 | 6
228672503 | 29 | 10.2313 | 71
457345007 | 30 | 10.2313 | 71
914690014 | 31 | 5.86065 | 39
1829380028 | 32 | 5.30346 | 11
3658760057 | 33 | 5.30346 | 11
7317520114 | 34 | 5.30346 | 11
14635040228 | 35 | 5.30346 | 11
29270080456 | 36 | 5.30346 | 11
58540160912 | 37 | 23.8336 | 4
58540160913 | 37 | 16.5372 | 7
1829380029 | 32 | 5.40869 | 28
3658760058 | 33 | 5.40869 | 28
7317520116 | 34 | 5.40869 | 28
14635040232 | 35 | 1.58795 | 3
14635040233 | 35 | 5.40869 | 25
29270080467 | 36 | 5.40869 | 25
58540160934 | 37 | 3.02634 | 18
117080321869 | 38 | 3.02634 | 18
234160643739 | 39 | 3.02634 | 18
468321287479 | 40 | 3.02634 | 18
936642574958 | 41 | 0.730627 | 9
936642574959 | 41 | 1.30014 | 9
58540160935 | 37 | 4.63978e-310 | 7
914690015 | 31 | 9.47807 | 32
1829380031 | 32 | 9.47807 | 32
3658760063 | 33 | 9.47807 | 32
7317520126 | 34 | 9.47807 | 32
14635040252 | 35 | 9.47807 | 32
29270080504 | 36 | 2.47554 | 22
58540161008 | 37 | 8.29876 | 5
58540161009 | 37 | 2.20445 | 17
117080322018 | 38 | 1.51991 | 11
234160644036 | 39 | 0.178248 | 3
234160644037 | 39 | 4.63978e-310 | 8
117080322019 | 38 | 4.63978e-310 | 6
29270080505 | 36 | 4.63978e-310 | 10
111657 | 18 | 4.63978e-310 | 3
55829 | 17 | 9.29521 | 16
111658 | 18 | 4.63978e-310 | 9
111659 | 18 | 4.63978e-310 | 7
27915 | 16 | 13.9559 | 47
55830 | 17 | 13.9559 | 47
111660 | 18 | 7.05633 | 40
223321 | 19 | 7.05633 | 40
446642 | 20 | 7.05633 | 40
893285 | 21 | 7.05633 | 40
1786571 | 22 | 7.05633 | 40
3573143 | 23 | 7.05633 | 40
7146286 | 24 | 4.25263 | 26
14292572 | 25 | 4.25263 | 26
28585145 | 26 | 4.25263 | 26
57170291 | 27 | 4.25263 | 26
114340583 | 28 | 4.25263 | 26
228681166 | 29 | 7.31275 | 5
228681167 | 29 | 3.37511 | 21
457362334 | 30 | 2.8206 | 19
914724669 | 31 | 2.8206 | 19
1829449338 | 32 | 2.8206 | 19
3658898676 | 33 | 2.8206 | 19
7317797353 | 34 | 2.8206 | 19
14635594706 | 35 | 2.8206 | 19
29271189412 | 36 | 2.8206 | 19
58542378825 | 37 | 2.8206 | 19
117084757650 | 38 | 4.63978e-310 | 2
117084757651 | 38 | 2.8206 | 17
234169515303 | 39 | 2.8206 | 17
468339030606 | 40 | 2.35097 | 15
936678061213 | 41 | 2.35097 | 15
1873356122426 | 42 | 2.35097 | 15
3746712244853 | 43 | 2.35097 | 15
7493424489706 | 44 | 2.28677 | 14
14986848979412 | 45 | 9.53547e-322 | 1
14986848979413 | 45 | 1.6174 | 13
29973697958826 | 46 | 73.5078 | 10
29973697958827 | 46 | 4.63978e-310 | 3
7493424489707 | 44 | 4.63978e-310 | 1
468339030607 | 40 | 4.63978e-310 | 2
457362335 | 30 | 4.63978e-310 | 2
7146287 | 24 | 3.53696 | 14
14292575 | 25 | 3.53696 | 14
28585151 | 26 | 3.53696 | 14
57170302 | 27 | 4.63978e-310 | 3
57170303 | 27 | 3.15827 | 11
114340606 | 28 | 4.63978e-310 | 3
114340607 | 28 | 4.63978e-310 | 8
111661 | 18 | 4.63978e-310 | 7
6979 | 14 | 22.6941 | 568
13958 | 15 | 22.6941 | 568
27916 | 16 | 19.3137 | 368
55832 | 17 | 19.3137 | 368
111664 | 18 | 6.77759 | 41
223329 | 19 | 6.77759 | 41
446659 | 20 | 6.77759 | 41
893318 | 21 | 3.0966 | 11
1786636 | 22 | 4.63978e-310 | 1
1786637 | 22 | 1.63042e-322 | 10
893319 | 21 | 6.41671 | 30
1786638 | 22 | 5.24939 | 27
3573276 | 23 | 5.24939 | 27
7146553 | 24 | 5.24939 | 27
14293106 | 25 | 5.24939 | 27
28586212 | 26 | 5.24939 | 27
57172424 | 27 | 5.24939 | 27
114344849 | 28 | 5.24939 | 27
228689698 | 29 | 5.24939 | 27
457379396 | 30 | 5.24939 | 27
914758792 | 31 | 7.31727 | 7
914758793 | 31 | 3.77591 | 20
1829517587 | 32 | 3.77591 | 20
3659035174 | 33 | 3.77591 | 20
7318070349 | 34 | 3.77591 | 20
14636140699 | 35 | 3.77591 | 20
29272281398 | 36 | 3.77591 | 20
58544562796 | 37 | 13.26 | 5
58544562797 | 37 | 2.6211 | 15
117089125594 | 38 | 2.6211 | 15
234178251189 | 39 | 2.6211 | 15
468356502378 | 40 | 2.6211 | 15
936713004757 | 41 | 2.6211 | 15
1873426009515 | 42 | 2.6211 | 15
3746852019030 | 43 | 1.80427 | 2
3746852019031 | 43 | 1.88655 | 13
7493704038063 | 44 | 1.88655 | 13
14987408076127 | 45 | 1.88655 | 13
29974816152254 | 46 | 1.88655 | 13
59949632304508 | 47 | 1.88655 | 13
119899264609016 | 48 | 1.87345 | 11
239798529218033 | 49 | 1.87345 | 11
479597058436067 | 50 | 1.87345 | 11
959194116872135 | 51 | 1.87345 | 11
1918388233744270 | 52 | 22.1589 | 2
1918388233744271 | 52 | 4.94429 | 9
119899264609017 | 48 | 4.63978e-310 | 2
1786639 | 22 | 4.63978e-310 | 3
111665 | 18 | 19.3137 | 327
223330 | 19 | 19.3137 | 327
446660 | 20 | 19.3137 | 327
893320 | 21 | 13.0297 | 34
1786640 | 22 | 13.0297 | 34
3573280 | 23 | 13.0297 | 34
7146561 | 24 | 13.0297 | 34
14293122 | 25 | 13.0297 | 34
28586244 | 26 | 13.0297 | 34
57172488 | 27 | 13.0297 | 34
114344976 | 28 | 4.63978e-310 | 7
114344977 | 28 | 11.5124 | 27
228689954 | 29 | 11.5124 | 27
457379908 | 30 | 11.5124 | 27
914759816 | 31 | 36.8086 | 3
914759817 | 31 | 8.67106 | 24
1829519635 | 32 | 8.67106 | 24
3659039270 | 33 | 1.31244 | 4
3659039271 | 33 | 8.67106 | 20
7318078542 | 34 | 13.5981 | 10
7318078543 | 34 | 70.7588 | 10
893321 | 21 | 19.3137 | 293
1786642 | 22 | 19.3137 | 293
3573284 | 23 | 19.3137 | 211
7146568 | 24 | 3.32506e-321 | 4
7146569 | 24 | 19.3137 | 207
14293138 | 25 | 19.3137 | 207
28586276 | 26 | 19.3137 | 207
57172552 | 27 | 18.0571 | 203
114345104 | 28 | 6.90513e-310 | 5
114345105 | 28 | 16.307 | 198
228690210 | 29 | 16.307 | 198
457380420 | 30 | 13.4048 | 116
914760841 | 31 | 13.4048 | 116
1829521682 | 32 | 12.8871 | 69
3659043364 | 33 | 12.8871 | 62
7318086728 | 34 | 4.88759 | 31
14636173456 | 35 | 4.19083 | 22
29272346913 | 36 | 4.19083 | 22
58544693826 | 37 | 4.21461 | 6
58544693827 | 37 | 3.35022 | 16
117089387654 | 38 | 2.40634 | 10
117089387655 | 38 | 11.224 | 6
14636173457 | 35 | 4.63978e-310 | 9
7318086729 | 34 | 7.5639 | 31
14636173459 | 35 | 7.5639 | 31
29272346919 | 36 | 7.5639 | 31
58544693838 | 37 | 0 | 4
58544693839 | 37 | 4.40089 | 27
117089387678 | 38 | 4.40089 | 27
234178775357 | 39 | 4.40089 | 27
468357550714 | 40 | 4.40089 | 27
936715101428 | 41 | 0.837224 | 3
936715101429 | 41 | 4.40089 | 24
1873430202858 | 42 | 5.70867 | 2
1873430202859 | 42 | 4.40089 | 22
3746860405718 | 43 | 2.5053 | 12
7493720811437 | 44 | 2.5053 | 12
14987441622874 | 45 | 0.800271 | 9
14987441622875 | 45 | 0.150722 | 3
3746860405719 | 43 | 4.63978e-310 | 10
3659043365 | 33 | 4.63978e-310 | 7
1829521683 | 32 | 10.9599 | 47
3659043366 | 33 | 10.2014 | 40
7318086732 | 34 | 6.46955 | 34
14636173465 | 35 | 6.46955 | 34
29272346930 | 36 | 6.90513e-310 | 10
29272346931 | 36 | 5.486 | 24
58544693863 | 37 | 5.486 | 24
117089387727 | 38 | 5.486 | 24
234178775455 | 39 | 5.486 | 24
468357550910 | 40 | 5.486 | 24
936715101821 | 41 | 5.486 | 24
1873430203642 | 42 | 5.486 | 24
3746860407284 | 43 | 5.486 | 24
7493720814568 | 44 | 5.486 | 24
14987441629136 | 45 | 5.486 | 24
29974883258272 | 46 | 7.44693 | 7
29974883258273 | 46 | 3.65273 | 17
59949766516546 | 47 | 4.00193e-322 | 3
59949766516547 | 47 | 3.65273 | 14
119899533033095 | 48 | 3.65273 | 14
239799066066190 | 49 | 3.65273 | 14
479598132132380 | 50 | 68.4059 | 7
479598132132381 | 50 | 19.6436 | 7
7318086733 | 34 | 4.63978e-310 | 6
3659043367 | 33 | 4.63978e-310 | 7
457380421 | 30 | 11.6882 | 82
914760842 | 31 | 11.6882 | 82
1829521685 | 32 | 11.6882 | 82
3659043370 | 33 | 11.6882 | 82
7318086741 | 34 | 11.6882 | 82
14636173482 | 35 | 11.6882 | 82
29272346964 | 36 | 11.0662 | 14
58544693929 | 37 | 11.0662 | 14
117089387858 | 38 | 4.9667 | 13
234178775716 | 39 | 4.9667 | 13
468357551432 | 40 | 74.7994 | 8
468357551433 | 40 | 0.94172 | 5
117089387859 | 38 | 4.63978e-310 | 1
29272346965 | 36 | 11.6882 | 68
58544693931 | 37 | 11.6882 | 68
117089387863 | 38 | 11.6882 | 68
234178775727 | 39 | 11.6882 | 68
468357551454 | 40 | 7.3193 | 56
936715102908 | 41 | 7.3193 | 56
1873430205817 | 42 | 7.3193 | 56
3746860411634 | 43 | 9.53827 | 1
3746860411635 | 43 | 6.6309 | 55
7493720823270 | 44 | 6.6309 | 55
14987441646540 | 45 | 6.6309 | 49
29974883293080 | 46 | 5.30382 | 36
59949766586160 | 47 | 5.30382 | 36
119899533172320 | 48 | 5.30382 | 36
239799066344640 | 49 | 0.79736 | 1
239799066344641 | 49 | 4.02363 | 35
479598132689282 | 50 | 4.02363 | 35
959196265378564 | 51 | 3.5634 | 30
1918392530757128 | 52 | 6.90513e-310 | 1
1918392530757129 | 52 | 3.5634 | 29
3836785061514259 | 53 | 3.5634 | 29
7673570123028519 | 54 | 3.5634 | 29
15347140246057038 | 55 | 2.48053 | 17
30694280492114077 | 56 | 2.48053 | 17
61388560984228154 | 57 | 2.48053 | 15
122777121968456308 | 58 | 0.45997 | 3
122777121968456309 | 58 | 1.36755 | 12
245554243936912618 | 59 | 1.36755 | 12
491108487873825236 | 60 | 0.175852 | 7
491108487873825237 | 60 | 0.252953 | 5
61388560984228155 | 57 | 4.63978e-310 | 2
15347140246057039 | 55 | 1.74443 | 12
30694280492114078 | 56 | 4.63978e-310 | 5
30694280492114079 | 56 | 4.63978e-310 | 7
959196265378565 | 51 | 4.63978e-310 | 5
29974883293081 | 46 | 2.46053 | 13
59949766586163 | 47 | 2.46053 | 13
119899533172326 | 48 | 2.46053 | 13
239799066344652 | 49 | 2.46053 | 11
479598132689304 | 50 | 2.46053 | 11
959196265378608 | 51 | 2.46053 | 11
1918392530757217 | 52 | 2.46053 | 11
3836785061514435 | 53 | 2.46053 | 11
7673570123028870 | 54 | 2.46053 | 11
15347140246057740 | 55 | 2.23694 | 2
15347140246057741 | 55 | 0.161015 | 9
239799066344653 | 49 | 4.63978e-310 | 2
14987441646541 | 45 | 4.63978e-310 | 6
468357551455 | 40 | 3.14404 | 12
936715102910 | 41 | 3.14404 | 12
1873430205820 | 42 | 4.63978e-310 | 10
1873430205821 | 42 | 4.63978e-310 | 2
57172553 | 27 | 4.63978e-310 | 4
3573285 | 23 | 11.1476 | 82
7146570 | 24 | 8.07826 | 55
14293140 | 25 | 8.07826 | 55
28586280 | 26 | 8.07826 | 55
57172561 | 27 | 8.07826 | 55
114345122 | 28 | 4.12061 | 19
228690244 | 29 | 2.29144 | 12
457380489 | 30 | 2.29144 | 12
914760978 | 31 | 2.29144 | 12
1829521957 | 32 | 2.29144 | 12
3659043914 | 33 | 2.29144 | 12
7318087828 | 34 | 2.29144 | 12
14636175656 | 35 | 6.90513e-310 | 3
14636175657 | 35 | 4.63978e-310 | 9
228690245 | 29 | 4.63978e-310 | 7
114345123 | 28 | 4.17569 | 36
228690246 | 29 | 4.17569 | 36
457380492 | 30 | 2.94074 | 15
914760984 | 31 | 3.79434 | 10
914760985 | 31 | 6.90513e-310 | 5
457380493 | 30 | 3.1069 | 21
914760986 | 31 | 0.698018 | 7
914760987 | 31 | 1.85509 | 14
1829521974 | 32 | 1.85509 | 14
3659043949 | 33 | 1.85509 | 14
7318087898 | 34 | 1.85509 | 14
14636175797 | 35 | 1.85509 | 14
29272351594 | 36 | 0 | 5
29272351595 | 36 | 0.606268 | 9
7146571 | 24 | 4.60663 | 27
14293142 | 25 | 4.60663 | 27
28586285 | 26 | 4.60663 | 27
57172570 | 27 | 4.63978e-310 | 4
57172571 | 27 | 4.60663 | 23
114345142 | 28 | 4.60663 | 23
228690285 | 29 | 4.60663 | 23
457380570 | 30 | 2.89711 | 7
457380571 | 30 | 3.62295 | 16
914761142 | 31 | 3.62295 | 16
1829522284 | 32 | 3.5318 | 14
3659044569 | 33 | 3.5318 | 14
7318089138 | 34 | 0.323513 | 3
7318089139 | 34 | 3.24854 | 11
14636178279 | 35 | 3.24854 | 11
29272356559 | 36 | 3.24854 | 11
58544713119 | 37 | 3.24854 | 11
117089426239 | 38 | 3.24854 | 11
234178852478 | 39 | 8.88204 | 7
234178852479 | 39 | 2.15955 | 4
1829522285 | 32 | 4.63978e-310 | 2
27917 | 16 | 14.9776 | 200
55834 | 17 | 14.9776 | 200
111668 | 18 | 6.06413 | 66
223337 | 19 | 6.06413 | 66
446674 | 20 | 6.06413 | 66
893349 | 21 | 6.06413 | 66
1786699 | 22 | 6.06413 | 66
3573398 | 23 | 145.223 | 1
3573399 | 23 | 6.06413 | 65
7146798 | 24 | 6.06413 | 65
14293596 | 25 | 4.70428 | 43
28587192 | 26 | 4.70428 | 43
57174384 | 27 | 4.79244e-322 | 5
57174385 | 27 | 4.08867 | 38
114348770 | 28 | 7.95446e-322 | 7
114348771 | 28 | 3.86452 | 31
228697543 | 29 | 3.86452 | 31
457395086 | 30 | 4.40722 | 1
457395087 | 30 | 3.66358 | 30
914790174 | 31 | 3.66358 | 30
1829580348 | 32 | 3.66358 | 30
3659160697 | 33 | 3.66358 | 30
7318321394 | 34 | 3.66358 | 30
14636642788 | 35 | 3.66358 | 30
29273285576 | 36 | 3.66358 | 30
58546571153 | 37 | 3.66358 | 30
117093142306 | 38 | 1.2852 | 1
117093142307 | 38 | 3.66358 | 29
234186284614 | 39 | 2.72736 | 22
468372569228 | 40 | 2.58407 | 20
936745138456 | 41 | 2.58407 | 20
1873490276913 | 42 | 2.58407 | 20
3746980553826 | 43 | 2.58407 | 20
7493961107652 | 44 | 2.58407 | 20
14987922215305 | 45 | 2.58407 | 20
29975844430611 | 46 | 2.58407 | 20
59951688861223 | 47 | 2.58407 | 20
119903377722446 | 48 | 2.58407 | 20
239806755444892 | 49 | 2.58407 | 16
479613510889784 | 50 | 1.89973 | 12
959227021779568 | 51 | 7.16395e-322 | 10
959227021779569 | 51 | 9.26453 | 2
479613510889785 | 50 | 4.63978e-310 | 4
239806755444893 | 49 | 4.63978e-310 | 4
468372569229 | 40 | 4.63978e-310 | 2
234186284615 | 39 | 4.63978e-310 | 7
14293597 | 25 | 3.84996 | 22
28587194 | 26 | 3.84996 | 22
57174388 | 27 | 3.84996 | 22
114348777 | 28 | 3.84996 | 22
228697554 | 29 | 3.84996 | 16
457395108 | 30 | 4.63978e-310 | 2
457395109 | 30 | 2.52721 | 14
914790219 | 31 | 2.52721 | 14
1829580438 | 32 | 2.52721 | 14
3659160876 | 33 | 2.38159 | 13
7318321753 | 34 | 2.38159 | 13
14636643507 | 35 | 2.38159 | 13
29273287014 | 36 | 0.0139042 | 4
29273287015 | 36 | 0.152243 | 9
3659160877 | 33 | 4.63978e-310 | 1
228697555 | 29 | 4.63978e-310 | 6
111669 | 18 | 10.1325 | 134
223338 | 19 | 10.1325 | 134
446677 | 20 | 10.1325 | 134
893355 | 21 | 10.1325 | 134
1786710 | 22 | 10.1325 | 134
3573421 | 23 | 10.1325 | 134
7146842 | 24 | 4.79244e-322 | 10
7146843 | 24 | 9.53988 | 124
14293687 | 25 | 9.53988 | 124
28587374 | 26 | 9.53988 | 124
57174748 | 27 | 9.53988 | 124
114349496 | 28 | 9.53988 | 124
228698992 | 29 | 9.53988 | 124
457397984 | 30 | 9.46688 | 121
914795968 | 31 | 9.46688 | 121
1829591936 | 32 | 9.46688 | 121
3659183872 | 33 | 9.46688 | 121
7318367744 | 34 | 9.46688 | 121
14636735488 | 35 | 9.46688 | 121
29273470976 | 36 | 6.2655 | 59
58546941952 | 37 | 4.28566 | 33
117093883904 | 38 | 2.76134 | 17
234187767808 | 39 | 0.45169 | 2
234187767809 | 39 | 2.1996 | 15
468375535619 | 40 | 2.1996 | 15
936751071238 | 41 | 2.1996 | 15
1873502142476 | 42 | 2.1996 | 13
3747004284952 | 43 | 0.683488 | 6
3747004284953 | 43 | 1.7725 | 7
1873502142477 | 42 | 4.63978e-310 | 2
117093883905 | 38 | 3.76442 | 16
234187767810 | 39 | 3.76442 | 16
468375535620 | 40 | 4.63978e-310 | 6
468375535621 | 40 | 0 | 10
58546941953 | 37 | 4.44668 | 26
117093883907 | 38 | 4.44668 | 26
234187767815 | 39 | 4.44668 | 26
468375535630 | 40 | 4.44668 | 20
936751071260 | 41 | 4.40462 | 19
1873502142520 | 42 | 4.40462 | 19
3747004285040 | 43 | 4.40462 | 19
7494008570080 | 44 | 4.40462 | 19
14988017140160 | 45 | 2.99325 | 12
29976034280320 | 46 | 2.99325 | 12
59952068560641 | 47 | 2.99325 | 12
119904137121283 | 48 | 2.99325 | 12
239808274242566 | 49 | 2.99325 | 12
479616548485132 | 50 | 2.99325 | 12
959233096970265 | 51 | 2.99325 | 12
1918466193940530 | 52 | 4.63978e-310 | 4
1918466193940531 | 52 | 4.63978e-310 | 8
14988017140161 | 45 | 4.63978e-310 | 7
936751071261 | 41 | 4.63978e-310 | 1
468375535631 | 40 | 4.63978e-310 | 6
29273470977 | 36 | 6.69444 | 62
58546941954 | 37 | 6.69444 | 62
117093883908 | 38 | 6.15955 | 61
234187767816 | 39 | 3.77913 | 14
468375535632 | 40 | 0.711253 | 9
468375535633 | 40 | 2.37152e-322 | 5
234187767817 | 39 | 5.55848 | 47
468375535634 | 40 | 5.55848 | 47
936751071269 | 41 | 5.55848 | 47
1873502142539 | 42 | 5.55848 | 47
3747004285079 | 43 | 5.55848 | 47
7494008570158 | 44 | 4.6572 | 43
14988017140317 | 45 | 4.6572 | 43
29976034280634 | 46 | 8.74496e-322 | 5
29976034280635 | 46 | 4.3634 | 38
59952068561270 | 47 | 3.21143e-322 | 4
59952068561271 | 47 | 4.13303 | 34
119904137122542 | 48 | 4.13303 | 34
239808274245084 | 49 | 4.13303 | 34
479616548490169 | 50 | 4.13303 | 34
959233096980338 | 51 | 0.396092 | 8
959233096980339 | 51 | 3.68179 | 26
1918466193960679 | 52 | 3.68179 | 26
3836932387921359 | 53 | 3.68179 | 26
7673864775842718 | 54 | 3.68179 | 26
15347729551685436 | 55 | 3.68179 | 20
30695459103370873 | 56 | 3.68179 | 20
61390918206741746 | 57 | 3.3695 | 16
122781836413483493 | 58 | 3.3695 | 16
245563672826966986 | 59 | 3.3695 | 16
491127345653933972 | 60 | 0.251458 | 7
491127345653933973 | 60 | 1.6327 | 9
61390918206741747 | 57 | 4.63978e-310 | 4
15347729551685437 | 55 | 4.63978e-310 | 6
7494008570159 | 44 | 4.63978e-310 | 4
117093883909 | 38 | 4.63978e-310 | 1
457397985 | 30 | 4.63978e-310 | 3
219 | 9 | 4.67555 | 16
438 | 10 | 4.63978e-310 | 2
439 | 10 | 3.11722 | 14
878 | 11 | 3.11722 | 14
1757 | 12 | 3.11722 | 14
3515 | 13 | 3.11722 | 14
7030 | 14 | 3.11722 | 14
14060 | 15 | 4.63978e-310 | 7
14061 | 15 | 4.63978e-310 | 7
55 | 7 | 9.52018 | 74
111 | 8 | 9.52018 | 74
222 | 9 | 7.79578 | 63
444 | 10 | 7.79578 | 63
888 | 11 | 7.79578 | 63
1776 | 12 | 12.3512 | 10
1777 | 12 | 6.28934 | 53
3555 | 13 | 6.28934 | 53
7110 | 14 | 6.28934 | 53
14220 | 15 | 4.72905 | 35
28440 | 16 | 4.70771 | 34
56880 | 17 | 4.70771 | 34
113760 | 18 | 4.70771 | 34
227521 | 19 | 4.70771 | 34
455042 | 20 | 4.70771 | 34
910084 | 21 | 4.70771 | 34
1820169 | 22 | 4.70771 | 34
3640338 | 23 | 4.63978e-310 | 1
3640339 | 23 | 4.19692 | 33
7280678 | 24 | 4.19692 | 33
14561357 | 25 | 4.19692 | 33
29122715 | 26 | 4.19692 | 33
58245430 | 27 | 2.21853 | 15
116490861 | 28 | 2.21853 | 15
232981722 | 29 | 2.21853 | 15
465963444 | 30 | 2.21853 | 15
931926889 | 31 | 2.21853 | 15
1863853778 | 32 | 1.58101e-322 | 1
1863853779 | 32 | 2.03518 | 14
3727707558 | 33 | 1.58101e-322 | 2
3727707559 | 33 | 1.85782 | 12
7455415119 | 34 | 1.85782 | 12
14910830238 | 35 | 1.63042e-322 | 2
14910830239 | 35 | 1.63042e-322 | 10
58245431 | 27 | 3.14221 | 18
116490862 | 28 | 3.14221 | 18
232981725 | 29 | 3.14221 | 18
465963450 | 30 | 3.14221 | 18
931926900 | 31 | 3.14221 | 18
1863853800 | 32 | 3.14221 | 18
3727707600 | 33 | 3.14221 | 18
7455415200 | 34 | 1.63042e-322 | 5
7455415201 | 34 | 2.73628 | 13
14910830403 | 35 | 2.73628 | 13
29821660806 | 36 | 2.73628 | 13
59643321613 | 37 | 2.73628 | 13
119286643226 | 38 | 1.63042e-322 | 10
119286643227 | 38 | 1.63042e-322 | 3
28441 | 16 | 4.63978e-310 | 1
14221 | 15 | 4.83034 | 18
28442 | 16 | 4.63978e-310 | 4
28443 | 16 | 3.26108 | 14
56887 | 17 | 3.26108 | 14
113774 | 18 | 4.63978e-310 | 8
113775 | 18 | 4.63978e-310 | 6
223 | 9 | 2.69706 | 11
446 | 10 | 4.63978e-310 | 2
447 | 10 | 4.63978e-310 | 9
