ID | Depth | diameter | Number of points
0 | 0 | 29.316 | 1600
0 | 1 | 29.316 | 1437
0 | 2 | 28.9488 | 1128
1 | 3 | 28.9488 | 1128
2 | 4 | 27.1481 | 719
4 | 5 | 9.35845 | 20
9 | 6 | 9.35845 | 20
18 | 7 | 9.35845 | 20
36 | 8 | 9.35845 | 20
72 | 9 | 9.35845 | 18
144 | 10 | 0.791575 | 1
145 | 10 | 4.8905 | 17
290 | 11 | 4.13528 | 13
580 | 12 | 4.13528 | 13
1161 | 13 | 4.13528 | 13
2322 | 14 | 4.13528 | 13
4644 | 15 | 4.13528 | 13
9289 | 16 | 4.13528 | 13
18578 | 17 | 4.13528 | 13
37157 | 18 | 4.13528 | 13
74314 | 19 | 4.13528 | 13
148629 | 20 | 4.13528 | 13
297258 | 21 | 4.00193e-322 | 1
297259 | 21 | 3.33856 | 12
594519 | 22 | 3.33856 | 12
1189038 | 23 | 4.63978e-310 | 5
1189039 | 23 | 1.39778 | 7
291 | 11 | 4.63978e-310 | 4
73 | 9 | 4.63978e-310 | 2
5 | 5 | 27.1481 | 699
10 | 6 | 2.38069 | 13
20 | 7 | 4.63978e-310 | 2
21 | 7 | 1.77919 | 11
42 | 8 | 4.63978e-310 | 7
43 | 8 | 4.63978e-310 | 4
11 | 6 | 26.3414 | 686
22 | 7 | 23.1417 | 274
44 | 8 | 10.5022 | 40
89 | 9 | 10.5022 | 40
178 | 10 | 10.5022 | 40
356 | 11 | 10.5022 | 40
712 | 12 | 10.5022 | 40
1424 | 13 | 1.026 | 4
1425 | 13 | 4.26271 | 36
2851 | 14 | 4.26271 | 36
5702 | 15 | 3.56046 | 21
11404 | 16 | 3.56046 | 21
22808 | 17 | 1.14686 | 2
22809 | 17 | 3.22407 | 19
45618 | 18 | 0.644731 | 1
45619 | 18 | 2.33284 | 18
91238 | 19 | 2.56125 | 6
91239 | 19 | 1.38863 | 12
182479 | 20 | 1.38863 | 12
364958 | 21 | 2.08294 | 6
364959 | 21 | 0 | 6
5703 | 15 | 2.91361 | 15
11406 | 16 | 2.91361 | 15
22812 | 17 | 2.91361 | 15
45624 | 18 | 2.91361 | 15
91248 | 19 | 2.91361 | 15
182496 | 20 | 2.38699 | 13
364992 | 21 | 2.38699 | 13
729984 | 22 | 2.38699 | 13
1459968 | 23 | 2.38699 | 13
2919936 | 24 | 4.63978e-310 | 1
2919937 | 24 | 2.38699 | 12
5839874 | 25 | 2.38699 | 12
11679749 | 26 | 2.38699 | 12
23359498 | 27 | 2.38699 | 12
46718997 | 28 | 2.38699 | 12
93437994 | 29 | 0.346465 | 2
93437995 | 29 | 4.63978e-310 | 10
182497 | 20 | 4.63978e-310 | 2
45 | 8 | 23.1417 | 234
90 | 9 | 23.1417 | 234
181 | 10 | 23.1417 | 234
362 | 11 | 23.1417 | 234
724 | 12 | 7.66758 | 41
1449 | 13 | 7.66758 | 41
2898 | 14 | 7.66758 | 41
5796 | 15 | 2.56837 | 1
5797 | 15 | 7.59234 | 40
11595 | 16 | 7.59234 | 40
23190 | 17 | 1.42785e-321 | 1
23191 | 17 | 7.57942 | 39
46382 | 18 | 4.63978e-310 | 9
46383 | 18 | 6.10367 | 30
92766 | 19 | 6.10367 | 30
185532 | 20 | 6.10367 | 30
371064 | 21 | 6.10367 | 30
742128 | 22 | 6.10367 | 30
1484257 | 23 | 6.10367 | 30
2968514 | 24 | 6.10367 | 30
5937028 | 25 | 0.792004 | 2
5937029 | 25 | 5.22085 | 28
11874059 | 26 | 5.22085 | 28
23748118 | 27 | 4.04675 | 17
47496237 | 28 | 4.04675 | 17
94992475 | 29 | 4.04675 | 17
189984951 | 30 | 4.04675 | 17
379969902 | 31 | 4.04675 | 17
759939804 | 32 | 4.04675 | 17
1519879608 | 33 | 4.04675 | 17
3039759217 | 34 | 4.04675 | 17
6079518434 | 35 | 4.04675 | 17
12159036868 | 36 | 4.04675 | 17
24318073736 | 37 | 4.04675 | 17
48636147473 | 38 | 4.04675 | 17
97272294947 | 39 | 4.04675 | 17
194544589894 | 40 | 4.04675 | 17
389089179789 | 41 | 4.04675 | 17
778178359579 | 42 | 4.04675 | 17
1556356719159 | 43 | 4.04675 | 17
3112713438318 | 44 | 0.113228 | 2
3112713438319 | 44 | 3.53173 | 15
6225426876638 | 45 | 3.53173 | 15
12450853753276 | 46 | 4.63978e-310 | 8
12450853753277 | 46 | 4.63978e-310 | 7
23748119 | 27 | 2.20147 | 11
47496238 | 28 | 4.63978e-310 | 8
47496239 | 28 | 4.63978e-310 | 3
725 | 12 | 17.6114 | 193
1450 | 13 | 17.6114 | 193
2900 | 14 | 17.6114 | 193
5800 | 15 | 7.48761 | 29
11600 | 16 | 4.04935 | 22
23200 | 17 | 3.46544 | 18
46400 | 18 | 4.63978e-310 | 2
46401 | 18 | 3.35607 | 16
92802 | 19 | 3.35607 | 16
185604 | 20 | 4.63978e-310 | 4
185605 | 20 | 2.51628 | 12
371210 | 21 | 2.51628 | 12
742421 | 22 | 2.51628 | 12
1484842 | 23 | 2.51628 | 12
2969684 | 24 | 2.51628 | 12
5939369 | 25 | 2.51628 | 12
11878739 | 26 | 2.51628 | 12
23757478 | 27 | 3.21143e-322 | 5
23757479 | 27 | 0.711951 | 7
23201 | 17 | 4.63978e-310 | 4
11601 | 16 | 4.63978e-310 | 7
5801 | 15 | 15.8021 | 164
11602 | 16 | 15.8021 | 164
23205 | 17 | 15.8021 | 164
46410 | 18 | 10.0652 | 143
92820 | 19 | 10.0652 | 143
185640 | 20 | 10.0652 | 143
371280 | 21 | 8.14205 | 79
742560 | 22 | 8.14205 | 79
1485121 | 23 | 8.14205 | 79
2970243 | 24 | 8.14205 | 79
5940486 | 25 | 8.14205 | 79
11880973 | 26 | 8.14205 | 79
23761946 | 27 | 8.14205 | 78
47523892 | 28 | 4.42903 | 16
95047784 | 29 | 4.42903 | 16
190095569 | 30 | 4.42903 | 16
380191139 | 31 | 4.42903 | 16
760382278 | 32 | 4.42903 | 16
1520764556 | 33 | 4.42903 | 16
3041529112 | 34 | 0 | 5
3041529113 | 34 | 3.06897 | 11
6083058226 | 35 | 0.758482 | 1
6083058227 | 35 | 0.46307 | 10
47523893 | 28 | 4.11459 | 62
95047786 | 29 | 4.11459 | 54
190095572 | 30 | 4.11459 | 54
380191145 | 31 | 4.11459 | 54
760382290 | 32 | 4.11459 | 54
1520764580 | 33 | 2.72492 | 21
3041529160 | 34 | 2.61507 | 20
6083058320 | 35 | 2.61507 | 20
12166116641 | 36 | 2.61507 | 20
24332233282 | 37 | 2.61507 | 20
48664466564 | 38 | 2.61507 | 20
97328933128 | 39 | 2.61507 | 20
194657866256 | 40 | 2.61507 | 20
389315732512 | 41 | 2.61507 | 20
778631465025 | 42 | 2.61507 | 20
1557262930050 | 43 | 2.0704 | 15
3114525860100 | 44 | 2.0704 | 15
6229051720200 | 45 | 2.0704 | 15
12458103440401 | 46 | 2.0704 | 15
24916206880802 | 47 | 0.270882 | 1
24916206880803 | 47 | 1.78879 | 14
49832413761607 | 48 | 1.78879 | 14
99664827523215 | 49 | 1.78879 | 14
199329655046430 | 50 | 0.970254 | 7
199329655046431 | 50 | 4.63978e-310 | 7
1557262930051 | 43 | 4.63978e-310 | 5
3041529161 | 34 | 4.63978e-310 | 1
1520764581 | 33 | 3.42662 | 33
3041529162 | 34 | 3.42662 | 33
6083058324 | 35 | 3.31463 | 27
12166116648 | 36 | 2.26034 | 12
24332233296 | 37 | 2.26034 | 12
48664466592 | 38 | 1.98133 | 11
97328933185 | 39 | 1.98133 | 11
194657866370 | 40 | 1.98133 | 11
389315732741 | 41 | 1.98133 | 11
778631465482 | 42 | 4.63978e-310 | 10
778631465483 | 42 | 0.114671 | 1
48664466593 | 38 | 4.63978e-310 | 1
12166116649 | 36 | 3.12784 | 15
24332233298 | 37 | 4.63978e-310 | 6
24332233299 | 37 | 4.63978e-310 | 9
6083058325 | 35 | 4.63978e-310 | 6
95047787 | 29 | 4.63978e-310 | 8
23761947 | 27 | 4.63978e-310 | 1
371281 | 21 | 9.34421 | 64
742562 | 22 | 9.34421 | 64
1485124 | 23 | 9.34421 | 64
2970248 | 24 | 7.33022 | 21
5940496 | 25 | 3.47835 | 2
5940497 | 25 | 3.44409 | 19
11880994 | 26 | 2.39071 | 11
23761989 | 27 | 2.39071 | 11
47523978 | 28 | 0.486478 | 9
47523979 | 28 | 4.63978e-310 | 2
11880995 | 26 | 4.63978e-310 | 8
2970249 | 24 | 9.08321 | 43
5940498 | 25 | 8.21045 | 21
11880997 | 26 | 8.21045 | 21
23761995 | 27 | 8.21045 | 21
47523991 | 28 | 8.21045 | 21
95047983 | 29 | 8.21045 | 21
190095966 | 30 | 1.03618 | 7
190095967 | 30 | 8.21045 | 14
380191934 | 31 | 8.21045 | 14
760383869 | 32 | 8.21045 | 14
1520767739 | 33 | 8.21045 | 14
3041535479 | 34 | 8.21045 | 14
6083070958 | 35 | 18.5261 | 2
6083070959 | 35 | 6.78443 | 12
12166141918 | 36 | 23.3596 | 4
12166141919 | 36 | 29.9763 | 8
5940499 | 25 | 2.93306 | 22
11880998 | 26 | 4.63978e-310 | 10
11880999 | 26 | 2.36571 | 12
23761998 | 27 | 2.36571 | 12
47523997 | 28 | 2.36571 | 12
95047995 | 29 | 2.36571 | 12
190095990 | 30 | 0.0921541 | 3
190095991 | 30 | 4.63978e-310 | 9
46411 | 18 | 9.46785 | 21
92823 | 19 | 9.46785 | 21
185646 | 20 | 9.46785 | 21
371292 | 21 | 4.63978e-310 | 10
371293 | 21 | 6.63466 | 11
742586 | 22 | 6.63466 | 11
1485172 | 23 | 6.63466 | 11
2970345 | 24 | 6.63466 | 11
5940690 | 25 | 0 | 3
5940691 | 25 | 0.0300651 | 8
23 | 7 | 26.3414 | 412
46 | 8 | 26.3414 | 412
93 | 9 | 26.3414 | 412
186 | 10 | 26.3414 | 412
373 | 11 | 26.3414 | 412
746 | 12 | 20.1985 | 361
1493 | 13 | 20.1985 | 361
2986 | 14 | 20.1985 | 361
5973 | 15 | 20.1985 | 361
11947 | 16 | 20.1985 | 361
23894 | 17 | 20.1985 | 361
47788 | 18 | 9.39034 | 101
95576 | 19 | 9.39034 | 93
191152 | 20 | 0 | 6
191153 | 20 | 9.39034 | 87
382306 | 21 | 2.95368 | 13
764612 | 22 | 2.95368 | 13
1529224 | 23 | 2.95368 | 13
3058448 | 24 | 0.173514 | 8
3058449 | 24 | 4.57936 | 5
382307 | 21 | 5.50099 | 74
764615 | 22 | 5.50099 | 74
1529231 | 23 | 5.50099 | 74
3058462 | 24 | 5.50099 | 74
6116924 | 25 | 5.50099 | 74
12233848 | 26 | 1.94545 | 1
12233849 | 26 | 5.50099 | 73
24467699 | 27 | 5.50099 | 73
48935399 | 28 | 5.50099 | 73
97870798 | 29 | 4.8277 | 42
195741596 | 30 | 4.8277 | 42
391483192 | 31 | 3.50097 | 29
782966384 | 32 | 11.4284 | 10
782966385 | 32 | 3.39407 | 19
1565932770 | 33 | 3.39407 | 19
3131865540 | 34 | 2.5965 | 18
6263731080 | 35 | 2.5965 | 18
12527462160 | 36 | 2.5965 | 18
25054924320 | 37 | 2.5965 | 18
50109848640 | 38 | 2.5965 | 18
100219697281 | 39 | 2.5965 | 18
200439394562 | 40 | 0.400486 | 1
200439394563 | 40 | 2.5965 | 17
400878789127 | 41 | 2.5965 | 17
801757578254 | 42 | 2.5965 | 17
1603515156508 | 43 | 0.999867 | 8
1603515156509 | 43 | 0.842637 | 9
3131865541 | 34 | 4.63978e-310 | 1
391483193 | 31 | 1.53826 | 13
782966386 | 32 | 4.63978e-310 | 5
782966387 | 32 | 4.63978e-310 | 8
97870799 | 29 | 4.62728 | 31
195741598 | 30 | 4.62728 | 31
391483196 | 31 | 4.62728 | 31
782966393 | 32 | 4.62728 | 31
1565932786 | 33 | 24.1661 | 1
1565932787 | 33 | 4.54991 | 30
3131865575 | 34 | 4.54991 | 30
6263731150 | 35 | 4.54991 | 30
12527462301 | 36 | 4.54991 | 30
25054924602 | 37 | 4.54991 | 30
50109849204 | 38 | 4.54991 | 30
100219698409 | 39 | 4.54991 | 30
200439396818 | 40 | 4.54991 | 30
400878793636 | 41 | 4.54991 | 30
801757587272 | 42 | 3.79162 | 25
1603515174544 | 43 | 3.79162 | 25
3207030349088 | 44 | 3.79162 | 25
6414060698177 | 45 | 3.79162 | 25
12828121396354 | 46 | 3.79162 | 25
25656242792708 | 47 | 3.71128 | 23
51312485585416 | 48 | 3.27552 | 17
102624971170832 | 49 | 3.06257 | 16
205249942341665 | 50 | 3.06257 | 16
410499884683330 | 51 | 0.166701 | 10
410499884683331 | 51 | 4.21323 | 6
102624971170833 | 49 | 4.63978e-310 | 1
51312485585417 | 48 | 4.63978e-310 | 6
25656242792709 | 47 | 4.63978e-310 | 2
801757587273 | 42 | 4.63978e-310 | 5
95577 | 19 | 4.63978e-310 | 8
47789 | 18 | 13.8217 | 260
95578 | 19 | 11.0697 | 150
191156 | 20 | 2.21057 | 12
382312 | 21 | 2.08315 | 3
382313 | 21 | 4.63978e-310 | 9
191157 | 20 | 10.2493 | 138
382314 | 21 | 8.45338 | 101
764628 | 22 | 8.45338 | 101
1529256 | 23 | 4.63978e-310 | 8
1529257 | 23 | 6.93503 | 93
3058514 | 24 | 4.48839 | 37
6117029 | 25 | 4.48839 | 37
12234058 | 26 | 4.48839 | 37
24468117 | 27 | 4.48839 | 37
48936235 | 28 | 4.48839 | 37
97872471 | 29 | 4.48839 | 37
195744942 | 30 | 2.4506 | 22
391489885 | 31 | 2.4506 | 22
782979770 | 32 | 2.4506 | 22
1565959540 | 33 | 2.06915 | 15
3131919080 | 34 | 2.06915 | 15
6263838160 | 35 | 2.06915 | 15
12527676320 | 36 | 2.06915 | 15
25055352640 | 37 | 1.44918 | 13
50110705280 | 38 | 1.08149 | 12
100221410560 | 39 | 12.1915 | 3
100221410561 | 39 | 4.63978e-310 | 9
50110705281 | 38 | 4.63978e-310 | 1
25055352641 | 37 | 4.63978e-310 | 2
1565959541 | 33 | 4.63978e-310 | 7
195744943 | 30 | 3.06046 | 15
391489886 | 31 | 4.63978e-310 | 9
391489887 | 31 | 4.63978e-310 | 6
3058515 | 24 | 3.62705 | 56
6117030 | 25 | 3.62705 | 56
12234060 | 26 | 2.13093 | 27
24468120 | 27 | 4.63978e-310 | 9
24468121 | 27 | 1.80587 | 18
48936243 | 28 | 1.80587 | 18
97872487 | 29 | 1.80587 | 18
195744975 | 30 | 1.80587 | 18
391489950 | 31 | 1.80587 | 18
782979900 | 32 | 1.39547 | 13
1565959800 | 33 | 0.357345 | 7
1565959801 | 33 | 0.976663 | 6
782979901 | 32 | 4.63978e-310 | 5
12234061 | 26 | 2.93779 | 29
24468122 | 27 | 2.93779 | 29
48936244 | 28 | 2.93779 | 29
97872489 | 29 | 2.93779 | 29
195744978 | 30 | 1.34335 | 14
391489956 | 31 | 0.103032 | 3
391489957 | 31 | 1.15196 | 11
782979914 | 32 | 3.21143e-322 | 7
782979915 | 32 | 3.21143e-322 | 4
195744979 | 30 | 1.94418 | 15
391489958 | 31 | 1.94418 | 14
782979917 | 32 | 1.94418 | 14
1565959834 | 33 | 1.94418 | 14
3131919668 | 34 | 1.94418 | 14
6263839337 | 35 | 1.94418 | 14
12527678674 | 36 | 1.66889 | 2
12527678675 | 36 | 1.37658 | 12
25055357350 | 37 | 1.37658 | 12
50110714701 | 38 | 1.37658 | 12
100221429402 | 39 | 1.37658 | 12
200442858804 | 40 | 1.37658 | 12
400885717609 | 41 | 1.37658 | 12
801771435218 | 42 | 4.63978e-310 | 7
801771435219 | 42 | 0.311046 | 5
391489959 | 31 | 4.63978e-310 | 1
382315 | 21 | 7.13689 | 37
764630 | 22 | 6.83202 | 22
1529260 | 23 | 6.83202 | 22
3058521 | 24 | 6.83202 | 22
6117043 | 25 | 6.83202 | 22
12234086 | 26 | 4.63978e-310 | 8
12234087 | 26 | 2.971 | 14
24468174 | 27 | 4.63978e-310 | 7
24468175 | 27 | 4.63978e-310 | 7
764631 | 22 | 6.65759 | 15
1529262 | 23 | 4.63978e-310 | 4
1529263 | 23 | 2.26436 | 11
3058526 | 24 | 2.26436 | 11
6117052 | 25 | 2.26436 | 11
12234104 | 26 | 41.2234 | 3
12234105 | 26 | 4.63978e-310 | 8
95579 | 19 | 13.8217 | 110
191158 | 20 | 12.1931 | 24
382316 | 21 | 4.63978e-310 | 1
382317 | 21 | 9.01087 | 23
764634 | 22 | 9.01087 | 23
1529268 | 23 | 3.36819 | 7
1529269 | 23 | 4.90587 | 16
3058539 | 24 | 4.90587 | 16
6117079 | 25 | 4.90587 | 16
12234158 | 26 | 4.90587 | 16
24468316 | 27 | 0.323437 | 4
24468317 | 27 | 4.33545 | 12
48936634 | 28 | 4.33545 | 12
97873268 | 29 | 1.86734 | 3
97873269 | 29 | 8.58114 | 9
191159 | 20 | 7.85624 | 86
382318 | 21 | 6.08199 | 78
764636 | 22 | 4.95389 | 31
1529272 | 23 | 4.95389 | 31
3058545 | 24 | 4.95389 | 31
6117090 | 25 | 4.95389 | 31
12234180 | 26 | 4.95389 | 31
24468361 | 27 | 4.95389 | 31
48936722 | 28 | 4.95389 | 31
97873444 | 29 | 4.95389 | 30
195746888 | 30 | 12.8173 | 1
195746889 | 30 | 4.30835 | 29
391493779 | 31 | 4.30835 | 29
782987559 | 32 | 4.30835 | 29
1565975119 | 33 | 4.30835 | 29
3131950238 | 34 | 7.1473 | 1
3131950239 | 34 | 4.30835 | 28
6263900479 | 35 | 4.30835 | 28
12527800958 | 36 | 1.53687 | 12
25055601916 | 37 | 1.53687 | 12
50111203832 | 38 | 0.436481 | 9
50111203833 | 38 | 1.10117 | 3
12527800959 | 36 | 2.7858 | 16
25055601919 | 37 | 2.7858 | 16
50111203838 | 38 | 2.7858 | 11
100222407676 | 39 | 3.50236 | 10
100222407677 | 39 | 4.71016 | 1
50111203839 | 38 | 4.63978e-310 | 5
97873445 | 29 | 4.63978e-310 | 1
764637 | 22 | 4.43769 | 47
1529274 | 23 | 4.43769 | 47
3058548 | 24 | 3.23807 | 42
6117096 | 25 | 3.23807 | 42
12234193 | 26 | 3.23807 | 42
24468386 | 27 | 3.23807 | 42
48936773 | 28 | 3.23807 | 42
97873546 | 29 | 3.23807 | 42
195747092 | 30 | -0.38294 | 6
195747093 | 30 | 2.77666 | 36
391494186 | 31 | 2.77666 | 36
782988373 | 32 | 2.77666 | 36
1565976747 | 33 | 2.77666 | 36
3131953495 | 34 | 2.77666 | 36
6263906991 | 35 | 2.77666 | 36
12527813983 | 36 | 2.77666 | 36
25055627967 | 37 | 2.77666 | 36
50111255934 | 38 | 2.77666 | 36
100222511868 | 39 | 0.00832438 | 7
100222511869 | 39 | 2.43493 | 29
200445023738 | 40 | 2.43493 | 29
400890047476 | 41 | 2.0681 | 18
801780094952 | 42 | 1.7838 | 14
1603560189905 | 43 | 1.7838 | 14
3207120379810 | 44 | 1.7838 | 14
6414240759620 | 45 | 1.7838 | 12
12828481519240 | 46 | 1.5113 | 11
25656963038480 | 47 | 1.5113 | 11
51313926076961 | 48 | 1.5113 | 11
102627852153922 | 49 | 1.5113 | 11
205255704307844 | 50 | 2.13938 | 2
205255704307845 | 50 | 8.52945 | 9
12828481519241 | 46 | 4.63978e-310 | 1
6414240759621 | 45 | 4.63978e-310 | 2
801780094953 | 42 | 4.63978e-310 | 4
400890047477 | 41 | 1.60509 | 11
801780094954 | 42 | 4.63978e-310 | 4
801780094955 | 42 | 4.63978e-310 | 7
3058549 | 24 | 4.63978e-310 | 5
382319 | 21 | 4.63978e-310 | 8
747 | 12 | 10.4177 | 51
1495 | 13 | 10.4177 | 51
2990 | 14 | 4.63978e-310 | 6
2991 | 14 | 6.94946 | 45
5983 | 15 | 6.94946 | 45
11966 | 16 | 6.94946 | 45
23932 | 17 | 4.63978e-310 | 1
23933 | 17 | 6.80535 | 44
47867 | 18 | 6.80535 | 44
95734 | 19 | 6.80535 | 44
191468 | 20 | 2.80872 | 12
382936 | 21 | 2.80872 | 12
765872 | 22 | 2.80872 | 12
1531745 | 23 | 2.80872 | 12
3063491 | 24 | 2.80872 | 12
6126983 | 25 | 2.80872 | 12
12253966 | 26 | 0.398772 | 5
12253967 | 26 | 0.891681 | 7
191469 | 20 | 5.60444 | 32
382939 | 21 | 5.60444 | 32
765879 | 22 | 5.60444 | 32
1531758 | 23 | 3.21097 | 22
3063517 | 24 | 3.21097 | 22
6127034 | 25 | 24.09 | 9
6127035 | 25 | 2.06542 | 13
12254070 | 26 | 16.93 | 3
12254071 | 26 | 4.63978e-310 | 10
1531759 | 23 | 4.63978e-310 | 10
3 | 4 | 28.9488 | 409
6 | 5 | 28.9488 | 409
13 | 6 | 28.9488 | 409
26 | 7 | 28.9488 | 409
52 | 8 | 15.6221 | 21
104 | 9 | 14.7232 | 20
208 | 10 | 4.63978e-310 | 8
209 | 10 | 12.0237 | 12
419 | 11 | 12.0237 | 12
838 | 12 | 12.0237 | 12
1677 | 13 | 12.0237 | 12
3354 | 14 | 21.3257 | 2
3355 | 14 | 26.7623 | 10
105 | 9 | 4.63978e-310 | 1
53 | 8 | 28.9488 | 388
107 | 9 | 28.9488 | 388
215 | 10 | 28.9488 | 388
430 | 11 | 28.9488 | 388
861 | 12 | 28.9488 | 388
1723 | 13 | 28.9488 | 388
3447 | 14 | 28.9488 | 388
6894 | 15 | 4.63978e-310 | 1
6895 | 15 | 28.8936 | 387
13791 | 16 | 28.8936 | 387
27582 | 17 | 28.8936 | 359
55165 | 18 | 28.8936 | 359
110330 | 19 | 28.8936 | 359
220660 | 20 | 28.8936 | 359
441321 | 21 | 28.8936 | 359
882643 | 22 | 28.8936 | 359
1765287 | 23 | 28.8936 | 359
3530574 | 24 | 13.0419 | 185
7061149 | 25 | 13.0419 | 185
14122298 | 26 | 13.0419 | 185
28244596 | 27 | 13.0419 | 180
56489192 | 28 | 13.0419 | 180
112978385 | 29 | 13.0419 | 180
225956771 | 30 | 13.0419 | 180
451913542 | 31 | 13.0419 | 180
903827084 | 32 | 13.0419 | 180
1807654168 | 33 | 12.7451 | 159
3615308336 | 34 | 7.51242 | 84
7230616672 | 35 | 2.04412 | 11
14461233344 | 36 | 2.04412 | 11
28922466688 | 37 | 25.0013 | 5
28922466689 | 37 | 31.3866 | 6
7230616673 | 35 | 6.69416 | 73
14461233346 | 36 | 6.69416 | 64
28922466693 | 37 | 6.69416 | 64
57844933386 | 38 | 6.69416 | 64
115689866772 | 39 | 6.69416 | 64
231379733544 | 40 | 6.69416 | 64
462759467089 | 41 | 6.69416 | 64
925518934179 | 42 | 6.69416 | 64
1851037868359 | 43 | 6.69416 | 64
3702075736718 | 44 | 5.10306 | 16
7404151473437 | 45 | 5.10306 | 16
14808302946874 | 46 | 4.36807 | 12
29616605893748 | 47 | 4.36807 | 12
59233211787497 | 48 | 4.36807 | 12
118466423574994 | 49 | 2.35684 | 3
118466423574995 | 49 | 4.63978e-310 | 9
14808302946875 | 46 | 4.63978e-310 | 4
3702075736719 | 44 | 5.48682 | 48
7404151473439 | 45 | 5.48682 | 48
14808302946878 | 46 | 0.182824 | 3
14808302946879 | 46 | 5.28535 | 45
29616605893758 | 47 | 5.28535 | 43
59233211787516 | 48 | 5.28535 | 40
118466423575032 | 49 | 1.99544 | 15
236932847150064 | 50 | 6.90513e-310 | 3
236932847150065 | 50 | 1.59013 | 12
473865694300131 | 51 | 1.59013 | 12
947731388600263 | 52 | 1.59013 | 12
1895462777200526 | 53 | 3.2911 | 10
1895462777200527 | 53 | 2.3106 | 2
118466423575033 | 49 | 3.44329 | 25
236932847150066 | 50 | 4.63978e-310 | 6
236932847150067 | 50 | 3.44329 | 19
473865694300134 | 51 | 3.44329 | 19
947731388600268 | 52 | 0.0487954 | 3
947731388600269 | 52 | 3.30759 | 16
1895462777200539 | 53 | 3.30759 | 16
3790925554401079 | 54 | 3.30759 | 16
7581851108802158 | 55 | 2.57923 | 15
15163702217604316 | 56 | 2.57923 | 15
30327404435208632 | 57 | 2.57923 | 15
60654808870417264 | 58 | 2.84028 | 7
60654808870417265 | 58 | 12.5106 | 8
7581851108802159 | 55 | 4.63978e-310 | 1
59233211787517 | 48 | 4.63978e-310 | 3
29616605893759 | 47 | 4.63978e-310 | 2
14461233347 | 36 | 4.63978e-310 | 9
3615308337 | 34 | 8.74796 | 75
7230616674 | 35 | 8.74796 | 75
14461233348 | 36 | 4.71957 | 31
28922466697 | 37 | 4.71957 | 31
57844933394 | 38 | 4.71957 | 31
115689866788 | 39 | 4.16318 | 21
231379733576 | 40 | 2.27695 | 12
462759467152 | 41 | 2.27695 | 12
925518934304 | 42 | 2.27695 | 12
1851037868608 | 43 | 2.27695 | 12
3702075737216 | 44 | 0.544708 | 5
3702075737217 | 44 | 1.58101e-322 | 7
231379733577 | 40 | 4.63978e-310 | 9
115689866789 | 39 | 4.63978e-310 | 10
14461233349 | 36 | 8.74796 | 44
28922466698 | 37 | 8.74796 | 44
57844933396 | 38 | 8.74796 | 44
115689866792 | 39 | 8.74796 | 44
231379733584 | 40 | 8.74796 | 44
462759467168 | 41 | 1.63042e-322 | 1
462759467169 | 41 | 8.34686 | 43
925518934339 | 42 | 8.34686 | 43
1851037868679 | 43 | 8.34686 | 43
3702075737358 | 44 | 6.37882 | 40
7404151474716 | 45 | 6.37882 | 40
14808302949432 | 46 | 4.79244e-322 | 5
14808302949433 | 46 | 6.37882 | 35
29616605898866 | 47 | 6.37882 | 35
59233211797733 | 48 | 6.37882 | 35
118466423595466 | 49 | 6.37882 | 35
236932847190932 | 50 | 4.93751 | 33
473865694381864 | 51 | 4.93751 | 29
947731388763728 | 52 | 4.93751 | 29
1895462777527457 | 53 | 4.93751 | 29
3790925555054915 | 54 | 4.93751 | 29
7581851110109830 | 55 | 4.93751 | 28
15163702220219660 | 56 | 4.93751 | 28
30327404440439320 | 57 | 4.93751 | 28
60654808880878640 | 58 | 8.47576 | 2
60654808880878641 | 58 | 4.93751 | 26
121309617761757282 | 59 | 24.379 | 6
121309617761757283 | 59 | 3.49002 | 20
242619235523514566 | 60 | 3.49002 | 20
485238471047029133 | 61 | 3.49002 | 20
970476942094058266 | 62 | 3.49002 | 20
1940953884188116532 | 63 | 7.42067 | 9
1940953884188116533 | 63 | 3.35362 | 11
3881907768376233066 | 64 | 3.35362 | 11
7763815536752466132 | 65 | 3.35362 | 11
-2919113000204619351 | 66 | 3.35362 | 11
-5838226000409238701 | 67 | 3.35362 | 11
6770292072891074214 | 68 | 4.63978e-310 | 6
6770292072891074215 | 68 | 4.63978e-310 | 5
7581851110109831 | 55 | 4.63978e-310 | 1
473865694381865 | 51 | 4.63978e-310 | 4
236932847190933 | 50 | 4.63978e-310 | 2
3702075737359 | 44 | 4.63978e-310 | 3
1807654169 | 33 | 8.42513 | 21
3615308339 | 34 | 8.42513 | 21
7230616678 | 35 | 8.42513 | 21
14461233357 | 36 | 8.42513 | 21
28922466714 | 37 | 3.1475 | 11
57844933428 | 38 | 4.63978e-310 | 1
57844933429 | 38 | 4.63978e-310 | 10
28922466715 | 37 | 4.63978e-310 | 10
28244597 | 27 | 4.63978e-310 | 5
3530575 | 24 | 26.8545 | 174
7061150 | 25 | 22.9049 | 101
14122301 | 26 | 22.9049 | 101
28244602 | 27 | 16.2935 | 79
56489204 | 28 | 16.2935 | 79
112978409 | 29 | 16.2935 | 79
225956818 | 30 | 8.55348 | 75
451913636 | 31 | 8.55348 | 75
903827272 | 32 | 8.55348 | 75
1807654544 | 33 | 3.63001 | 20
3615309088 | 34 | 3.63001 | 20
7230618176 | 35 | 3.63001 | 20
14461236352 | 36 | 3.63001 | 20
28922472704 | 37 | 1.58101e-322 | 5
28922472705 | 37 | 3.14874 | 15
57844945410 | 38 | 3.14874 | 15
115689890820 | 39 | 0.224661 | 7
115689890821 | 39 | 0.326362 | 8
1807654545 | 33 | 6.35435 | 55
3615309090 | 34 | 6.35435 | 55
7230618181 | 35 | 6.35435 | 55
14461236362 | 36 | 3.86888 | 24
28922472724 | 37 | 3.86888 | 23
57844945449 | 38 | 3.86888 | 23
115689890898 | 39 | 3.86888 | 23
231379781796 | 40 | 3.23959 | 20
462759563592 | 41 | 3.23959 | 20
925519127185 | 42 | 3.23959 | 20
1851038254370 | 43 | 3.23959 | 20
3702076508740 | 44 | 2.37988 | 13
7404153017480 | 45 | 0.246463 | 2
7404153017481 | 45 | 2.30966 | 11
14808306034962 | 46 | 0.859377 | 10
14808306034963 | 46 | 0.293465 | 1
3702076508741 | 44 | 4.63978e-310 | 7
231379781797 | 40 | 4.63978e-310 | 3
28922472725 | 37 | 4.63978e-310 | 1
14461236363 | 36 | 3.90693 | 31
28922472726 | 37 | 3.90693 | 31
57844945452 | 38 | 3.90693 | 31
115689890905 | 39 | 3.90693 | 31
231379781810 | 40 | 4.63978e-310 | 5
231379781811 | 40 | 3.34112 | 26
462759563623 | 41 | 3.34112 | 26
925519127246 | 42 | 3.34112 | 26
1851038254492 | 43 | 4.79244e-322 | 2
1851038254493 | 43 | 2.98703 | 24
3702076508987 | 44 | 2.98703 | 24
7404153017974 | 45 | 2.98703 | 24
14808306035949 | 46 | 2.98703 | 24
29616612071899 | 47 | 2.98703 | 24
59233224143799 | 48 | 2.98703 | 24
118466448287598 | 49 | 2.98703 | 24
236932896575196 | 50 | 2.98703 | 24
473865793150392 | 51 | 2.98703 | 24
947731586300785 | 52 | 2.98703 | 24
1895463172601570 | 53 | 2.98703 | 24
3790926345203140 | 54 | 2.00396 | 6
3790926345203141 | 54 | 2.98703 | 18
7581852690406282 | 55 | 2.98703 | 18
15163705380812564 | 56 | 2.98703 | 18
30327410761625128 | 57 | 2.98703 | 18
60654821523250256 | 58 | 2.56368 | 16
121309643046500513 | 59 | 2.56368 | 16
242619286093001026 | 60 | 2.56368 | 16
485238572186002052 | 61 | 1.05712 | 7
485238572186002053 | 61 | 0 | 9
60654821523250257 | 58 | 4.63978e-310 | 2
225956819 | 30 | 4.63978e-310 | 4
28244603 | 27 | 8.81625 | 22
56489207 | 28 | 8.81625 | 22
112978415 | 29 | 8.81625 | 22
225956831 | 30 | 8.81625 | 22
451913662 | 31 | 8.81625 | 22
903827324 | 32 | 8.81625 | 14
1807654649 | 33 | 8.81625 | 14
3615309299 | 34 | 8.81625 | 14
7230618598 | 35 | 4.63978e-310 | 8
7230618599 | 35 | 4.63978e-310 | 6
903827325 | 32 | 4.63978e-310 | 8
7061151 | 25 | 20.3224 | 73
14122303 | 26 | 20.3224 | 73
28244606 | 27 | 11.1656 | 52
56489212 | 28 | 9.9989 | 51
112978424 | 29 | 9.9989 | 51
225956848 | 30 | 9.9989 | 51
451913696 | 31 | 9.9989 | 51
903827392 | 32 | 9.68095 | 50
1807654784 | 33 | 9.68095 | 50
3615309569 | 34 | 9.68095 | 50
7230619138 | 35 | 9.68095 | 50
14461238276 | 36 | 9.68095 | 47
28922476552 | 37 | 9.68095 | 47
57844953104 | 38 | 9.68095 | 47
115689906208 | 39 | 9.68095 | 47
231379812416 | 40 | 9.68095 | 47
462759624832 | 41 | 0.912987 | 2
462759624833 | 41 | 8.69369 | 45
925519249666 | 42 | 7.89077 | 31
1851038499332 | 43 | 7.89077 | 31
3702076998665 | 44 | 7.89077 | 31
7404153997331 | 45 | 7.89077 | 31
14808307994662 | 46 | 7.89077 | 31
29616615989324 | 47 | 7.89077 | 31
59233231978648 | 48 | 7.23624 | 25
118466463957296 | 49 | 7.23624 | 25
236932927914593 | 50 | 7.23624 | 25
473865855829186 | 51 | 7.23624 | 25
947731711658372 | 52 | 2.42092e-322 | 4
947731711658373 | 52 | 6.90146 | 21
1895463423316746 | 53 | 5.50655 | 15
3790926846633493 | 54 | 5.50655 | 15
7581853693266986 | 55 | 5.50655 | 15
15163707386533973 | 56 | 5.50655 | 15
30327414773067947 | 57 | 5.50655 | 15
60654829546135894 | 58 | 4.63978e-310 | 8
60654829546135895 | 58 | 4.63978e-310 | 7
1895463423316747 | 53 | 4.63978e-310 | 6
59233231978649 | 48 | 4.63978e-310 | 6
925519249667 | 42 | 6.62781 | 14
1851038499334 | 43 | 6.62781 | 14
3702076998668 | 44 | 4.63978e-310 | 2
3702076998669 | 44 | 4.15426 | 12
7404153997338 | 45 | 4.63978e-310 | 3
7404153997339 | 45 | 4.63978e-310 | 9
14461238277 | 36 | 4.63978e-310 | 3
903827393 | 32 | 4.63978e-310 | 1
56489213 | 28 | 4.63978e-310 | 1
28244607 | 27 | 7.27072 | 21
56489214 | 28 | 7.27072 | 20
112978428 | 29 | 7.27072 | 20
225956856 | 30 | 4.63978e-310 | 3
225956857 | 30 | 6.68065 | 17
451913714 | 31 | 5.97204 | 16
903827428 | 32 | 5.97204 | 16
1807654857 | 33 | 5.97204 | 16
3615309714 | 34 | 5.49246 | 14
7230619428 | 35 | 7.04495 | 8
7230619429 | 35 | 1.63042e-322 | 6
3615309715 | 34 | 0 | 2
451913715 | 31 | 4.63978e-310 | 1
56489215 | 28 | 4.63978e-310 | 1
27583 | 17 | 11.1917 | 28
55166 | 18 | 11.1917 | 28
110332 | 19 | 9.03047 | 14
220664 | 20 | 9.03047 | 14
441328 | 21 | 4.63978e-310 | 6
441329 | 21 | 4.63978e-310 | 8
110333 | 19 | 8.135 | 14
220667 | 20 | 8.135 | 14
441334 | 21 | 2.27316 | 9
441335 | 21 | 1.63042e-322 | 5
1 | 2 | 23.1866 | 309
2 | 3 | 18.2426 | 219
4 | 4 | 18.2426 | 219
8 | 5 | 18.2426 | 219
17 | 6 | 18.2426 | 219
34 | 7 | 16.9959 | 210
68 | 8 | 16.9959 | 210
137 | 9 | 16.9959 | 210
275 | 10 | 16.9959 | 210
551 | 11 | 16.9959 | 210
1103 | 12 | 16.9959 | 210
2207 | 13 | 16.9959 | 210
4414 | 14 | 16.9959 | 102
8829 | 15 | 16.9959 | 102
17658 | 16 | 12.9701 | 63
35317 | 17 | 12.9701 | 63
70634 | 18 | 11.4105 | 58
141268 | 19 | 11.4105 | 58
282537 | 20 | 11.4105 | 58
565074 | 21 | 10.9503 | 52
1130148 | 22 | 4.63978e-310 | 9
1130149 | 22 | 9.12928 | 43
2260298 | 23 | 9.12928 | 43
4520597 | 24 | 9.12928 | 43
9041194 | 25 | 3.69773 | 17
18082388 | 26 | 2.84269 | 11
36164776 | 27 | 2.84269 | 11
72329552 | 28 | 3.29744 | 3
72329553 | 28 | 4.63978e-310 | 8
18082389 | 26 | 4.63978e-310 | 6
9041195 | 25 | 6.46363 | 26
18082390 | 26 | 6.46363 | 26
36164780 | 27 | 6.32976 | 24
72329560 | 28 | 6.32976 | 24
144659121 | 29 | 6.32976 | 24
289318243 | 30 | 6.32976 | 24
578636486 | 31 | 2.48104 | 11
1157272973 | 32 | 2.48104 | 11
2314545947 | 33 | 2.48104 | 11
4629091894 | 34 | 1.74636 | 3
4629091895 | 34 | 4.63978e-310 | 8
578636487 | 31 | 2.20982 | 13
1157272974 | 32 | 2.20982 | 13
2314545948 | 33 | 2.20982 | 13
4629091896 | 34 | 1.63042e-322 | 7
4629091897 | 34 | 5.58294e-322 | 6
36164781 | 27 | 4.63978e-310 | 2
565075 | 21 | 4.63978e-310 | 6
70635 | 18 | 4.63978e-310 | 5
17659 | 16 | 4.6567 | 39
35319 | 17 | 4.6567 | 39
70639 | 18 | 4.6567 | 39
141278 | 19 | 2.88394 | 27
282557 | 20 | 2.88394 | 27
565114 | 21 | 2.88394 | 27
1130228 | 22 | 2.88394 | 27
2260456 | 23 | 2.88394 | 25
4520912 | 24 | 2.88394 | 25
9041824 | 25 | 2.52927 | 24
18083648 | 26 | 2.15691 | 18
36167297 | 27 | 2.15691 | 18
72334594 | 28 | 2.10386 | 3
72334595 | 28 | 2.00017 | 15
144669190 | 29 | 2.00017 | 15
289338380 | 30 | 2.00017 | 15
578676760 | 31 | 2.00017 | 13
1157353520 | 32 | 4.63978e-310 | 5
1157353521 | 32 | 4.63978e-310 | 8
578676761 | 31 | 4.63978e-310 | 2
18083649 | 26 | 4.63978e-310 | 6
9041825 | 25 | 4.63978e-310 | 1
2260457 | 23 | 4.63978e-310 | 2
141279 | 19 | 2.06848 | 12
282558 | 20 | 4.63978e-310 | 1
282559 | 20 | 2.06848 | 11
565118 | 21 | 1.8296 | 3
565119 | 21 | 4.63978e-310 | 8
4415 | 14 | 12.6166 | 108
8830 | 15 | 12.6166 | 108
17660 | 16 | 4.63978e-310 | 4
17661 | 16 | 11.6983 | 104
35323 | 17 | 11.6983 | 104
70646 | 18 | 8.75008 | 70
141292 | 19 | 3.4997 | 25
282585 | 20 | 3.4997 | 25
565170 | 21 | 3.4997 | 25
1130340 | 22 | 2.14722 | 12
2260681 | 23 | 2.14722 | 12
4521362 | 24 | 4.63978e-310 | 1
4521363 | 24 | 2.14722 | 11
9042726 | 25 | 0.716028 | 2
9042727 | 25 | 0.620712 | 9
1130341 | 22 | 2.47112 | 13
2260683 | 23 | 2.47112 | 13
4521366 | 24 | 2.47112 | 13
9042732 | 25 | 1.14692 | 2
9042733 | 25 | 2.47112 | 11
18085466 | 26 | 1.48486 | 3
18085467 | 26 | 4.63978e-310 | 8
141293 | 19 | 5.99816 | 45
282586 | 20 | 4.63978e-310 | 8
282587 | 20 | 5.19398 | 37
565174 | 21 | 4.89067 | 32
1130349 | 22 | 4.89067 | 32
2260699 | 23 | 4.89067 | 32
4521399 | 24 | 4.89067 | 32
9042798 | 25 | 4.89067 | 32
18085597 | 26 | 4.89067 | 32
36171194 | 27 | 4.89067 | 32
72342389 | 28 | 4.89067 | 32
144684779 | 29 | 4.89067 | 32
289369558 | 30 | 4.89067 | 32
578739116 | 31 | 4.89067 | 32
1157478232 | 32 | 4.89067 | 32
2314956465 | 33 | 4.89067 | 32
4629912931 | 34 | 4.89067 | 32
9259825863 | 35 | 4.89067 | 32
18519651727 | 36 | 4.89067 | 32
37039303454 | 37 | 1.91974 | 9
37039303455 | 37 | 3.14061 | 23
74078606910 | 38 | 10.4441 | 2
74078606911 | 38 | 2.92913 | 21
148157213822 | 39 | 2.92913 | 21
296314427644 | 40 | 2.31064 | 19
592628855288 | 41 | 2.31064 | 19
1185257710576 | 42 | 2.13565 | 11
2370515421152 | 43 | 2.64545 | 2
2370515421153 | 43 | 0.631537 | 9
1185257710577 | 42 | 0.047987 | 8
296314427645 | 40 | 4.63978e-310 | 2
565175 | 21 | 4.63978e-310 | 5
70647 | 18 | 5.10386 | 34
141295 | 19 | 5.10386 | 34
282590 | 20 | 5.10386 | 34
565180 | 21 | 5.10386 | 32
1130361 | 22 | 5.10386 | 32
2260722 | 23 | 5.10386 | 32
4521445 | 24 | 5.10386 | 32
9042890 | 25 | 3.26301 | 24
18085781 | 26 | 3.26301 | 24
36171562 | 27 | 3.26301 | 23
72343124 | 28 | 3.16658 | 19
144686248 | 29 | 3.16658 | 15
289372496 | 30 | 3.16658 | 15
578744992 | 31 | 2.15756 | 11
1157489984 | 32 | 3.84735 | 10
1157489985 | 32 | 5.53429 | 1
578744993 | 31 | 0.799625 | 4
144686249 | 29 | 4.63978e-310 | 4
72343125 | 28 | 4.63978e-310 | 4
36171563 | 27 | 4.63978e-310 | 1
9042891 | 25 | 4.63978e-310 | 8
565181 | 21 | 4.63978e-310 | 2
35 | 7 | 4.63978e-310 | 9
3 | 3 | 16.8456 | 90
6 | 4 | 12.7421 | 80
12 | 5 | 12.7421 | 77
24 | 6 | 12.7421 | 77
48 | 7 | 10.0814 | 49
96 | 8 | 4.63978e-310 | 7
97 | 8 | 7.35132 | 42
194 | 9 | 7.35132 | 42
388 | 10 | 7.35132 | 42
776 | 11 | 7.35132 | 34
1553 | 12 | 7.35132 | 34
3107 | 13 | 7.35132 | 34
6214 | 14 | 7.35132 | 34
12428 | 15 | 6.10788 | 30
24856 | 16 | 5.49424 | 29
49712 | 17 | 5.49424 | 29
99424 | 18 | 4.63978e-310 | 9
99425 | 18 | 3.82791 | 20
198851 | 19 | 3.82791 | 20
397703 | 20 | 3.82791 | 20
795406 | 21 | 2.79548 | 12
1590813 | 22 | 2.79548 | 12
3181626 | 23 | 2.79548 | 12
6363252 | 24 | 2.79548 | 12
12726504 | 25 | 2.79548 | 12
25453008 | 26 | 2.79548 | 12
50906017 | 27 | 2.79548 | 12
101812034 | 28 | 2.79548 | 12
203624068 | 29 | 0.125228 | 8
203624069 | 29 | 4.71964 | 4
795407 | 21 | 4.63978e-310 | 8
24857 | 16 | 4.63978e-310 | 1
12429 | 15 | 4.63978e-310 | 4
777 | 11 | 4.63978e-310 | 8
49 | 7 | 5.33696 | 28
98 | 8 | 5.33696 | 28
196 | 9 | 1.78055 | 13
392 | 10 | 4.63978e-310 | 6
393 | 10 | 4.63978e-310 | 7
197 | 9 | 3.6193 | 15
394 | 10 | 4.63978e-310 | 8
395 | 10 | 4.63978e-310 | 7
13 | 5 | 4.63978e-310 | 3
7 | 4 | 4.63978e-310 | 10
1 | 1 | 16.9075 | 163
3 | 2 | 16.9075 | 163
7 | 3 | 16.9075 | 163
15 | 4 | 16.9075 | 163
31 | 5 | 16.9075 | 163
62 | 6 | 15.6394 | 158
124 | 7 | 15.6394 | 129
248 | 8 | 15.6394 | 129
496 | 9 | 15.6394 | 122
993 | 10 | 15.6394 | 122
1986 | 11 | 3.57135 | 1
1987 | 11 | 15.6394 | 121
3974 | 12 | 15.6394 | 121
7949 | 13 | 15.6394 | 121
15898 | 14 | 15.6394 | 121
31796 | 15 | 10.146 | 42
63592 | 16 | 10.146 | 42
127184 | 17 | 4.63978e-310 | 6
127185 | 17 | 7.66083 | 36
254370 | 18 | 7.66083 | 36
508741 | 19 | 7.66083 | 36
1017482 | 20 | 7.66083 | 36
2034964 | 21 | 7.66083 | 36
4069928 | 22 | 7.66083 | 36
8139856 | 23 | 5.33862 | 23
16279713 | 24 | 5.33862 | 23
32559426 | 25 | 5.33862 | 23
65118852 | 26 | 4.86661 | 21
130237705 | 27 | 4.86661 | 21
260475411 | 28 | 4.86661 | 21
520950822 | 29 | 4.1105 | 18
1041901644 | 30 | 4.1105 | 18
2083803288 | 31 | 4.1105 | 18
4167606577 | 32 | 4.1105 | 18
8335213154 | 33 | 4.1105 | 18
16670426309 | 34 | 4.1105 | 18
33340852618 | 35 | 19.2662 | 9
33340852619 | 35 | 0.120206 | 9
520950823 | 29 | 4.63978e-310 | 3
65118853 | 26 | 4.63978e-310 | 2
8139857 | 23 | 2.16131 | 13
16279715 | 24 | 2.16131 | 13
32559430 | 25 | 2.16131 | 13
65118861 | 26 | 2.16131 | 13
130237722 | 27 | 2.16131 | 13
260475444 | 28 | 4.63978e-310 | 10
260475445 | 28 | 4.63978e-310 | 3
31797 | 15 | 14.3178 | 79
63595 | 16 | 14.3178 | 79
127191 | 17 | 14.3178 | 79
254382 | 18 | 4.63978e-310 | 6
254383 | 18 | 14.3178 | 73
508767 | 19 | 14.3178 | 73
1017535 | 20 | 14.3178 | 73
2035070 | 21 | 14.3178 | 73
4070141 | 22 | 14.3178 | 73
8140282 | 23 | 7.82149 | 29
16280564 | 24 | 5.17511 | 18
32561129 | 25 | 5.17511 | 18
65122258 | 26 | 0 | 3
65122259 | 26 | 4.42714 | 15
130244519 | 27 | 4.42714 | 15
260489039 | 28 | 4.42714 | 15
520978078 | 29 | 4.42714 | 15
1041956156 | 30 | 5.52918 | 9
1041956157 | 30 | 6.88784 | 6
16280565 | 24 | 4.05108 | 11
32561130 | 25 | 4.05108 | 11
65122260 | 26 | 4.63978e-310 | 10
65122261 | 26 | 4.63978e-310 | 1
8140283 | 23 | 10.9923 | 44
16280566 | 24 | 10.9923 | 44
32561133 | 25 | 10.9923 | 44
65122266 | 26 | 10.2151 | 39
130244532 | 27 | 7.88911 | 34
260489064 | 28 | 7.88911 | 34
520978128 | 29 | 7.88911 | 34
1041956256 | 30 | 7.88911 | 33
2083912512 | 31 | 7.88911 | 33
4167825024 | 32 | 33.1192 | 10
4167825025 | 32 | 3.52952 | 23
8335650050 | 33 | 3.52952 | 23
16671300100 | 34 | 3.52952 | 23
33342600200 | 35 | 2.18506 | 11
66685200400 | 36 | 27.0684 | 10
66685200401 | 36 | 0.215466 | 1
33342600201 | 35 | 3.06603 | 12
66685200402 | 36 | 8.86389 | 4
66685200403 | 36 | 8.61559 | 8
1041956257 | 30 | 4.63978e-310 | 1
130244533 | 27 | 4.63978e-310 | 5
65122267 | 26 | 4.63978e-310 | 5
497 | 9 | 4.63978e-310 | 7
125 | 7 | 7.11286 | 29
250 | 8 | 5.30297 | 25
500 | 9 | 5.30297 | 25
1000 | 10 | 5.30297 | 25
2000 | 11 | 5.30297 | 25
4001 | 12 | 5.30297 | 25
8002 | 13 | 5.30297 | 25
16005 | 14 | 5.30297 | 25
32010 | 15 | 2.03448 | 11
64021 | 16 | 2.03448 | 11
128042 | 17 | 4.63978e-310 | 1
128043 | 17 | 10.9798 | 10
32011 | 15 | 3.80733 | 14
64022 | 16 | 3.80733 | 14
128044 | 17 | 3.14487 | 12
256088 | 18 | 1.63042e-322 | 2
256089 | 18 | 1.63042e-322 | 10
128045 | 17 | 9.06171 | 2
251 | 8 | 4.63978e-310 | 4
63 | 6 | 4.63978e-310 | 5
