ID | Depth | diameter | Number of points
0 | 0 | 29.316 | 1600
1 | 1 | 29.316 | 1600
2 | 2 | 14.2627 | 105
5 | 3 | 14.2627 | 105
10 | 4 | 10.8583 | 69
21 | 5 | 10.8583 | 69
42 | 6 | 10.8583 | 69
84 | 7 | 7.64865 | 34
168 | 8 | 7.64865 | 34
336 | 9 | 6.27845 | 26
672 | 10 | 11.4019 | 1
673 | 10 | 4.96621 | 25
1346 | 11 | 4.96621 | 25
2693 | 12 | 4.96621 | 25
5387 | 13 | 4.96621 | 25
10775 | 14 | 4.96621 | 25
21551 | 15 | 4.96621 | 25
43102 | 16 | 4.96621 | 25
86205 | 17 | 4.96621 | 25
172410 | 18 | 4.96621 | 25
344821 | 19 | 4.96621 | 25
689642 | 20 | 4.96621 | 25
1379284 | 21 | 4.96621 | 25
2758568 | 22 | 2.395 | 12
5517136 | 23 | 2.395 | 12
11034272 | 24 | 2.395 | 12
22068544 | 25 | 4.63978e-310 | 5
22068545 | 25 | 4.63978e-310 | 7
2758569 | 22 | 2.23303 | 13
5517138 | 23 | 4.63978e-310 | 1
5517139 | 23 | 2.23303 | 12
11034278 | 24 | 2.23303 | 12
22068557 | 25 | 2.23303 | 12
44137115 | 26 | 2.23303 | 12
88274230 | 27 | 1.58101e-322 | 1
88274231 | 27 | 2.01694 | 11
176548462 | 28 | 42.9028 | 4
176548463 | 28 | 3.21143e-322 | 7
337 | 9 | 4.63978e-310 | 8
85 | 7 | 6.40009 | 35
171 | 8 | 6.40009 | 35
342 | 9 | 4.5219 | 26
684 | 10 | 4.5219 | 25
1368 | 11 | 4.5219 | 25
2736 | 12 | 4.5219 | 25
5472 | 13 | 4.63978e-310 | 9
5473 | 13 | 3.85018 | 16
10947 | 14 | 3.85018 | 16
21894 | 15 | 2.85009 | 12
43788 | 16 | 2.85009 | 12
87576 | 17 | 4.63978e-310 | 10
87577 | 17 | 0.764365 | 2
21895 | 15 | 0 | 4
685 | 10 | 4.63978e-310 | 1
343 | 9 | 4.63978e-310 | 9
11 | 4 | 6.14057 | 36
22 | 5 | 6.14057 | 31
44 | 6 | 4.63978e-310 | 3
45 | 6 | 4.84772 | 28
90 | 7 | 4.84772 | 28
180 | 8 | 4.84772 | 28
360 | 9 | 0.853428 | 10
361 | 9 | 3.57267 | 18
722 | 10 | 3.49757 | 14
1445 | 11 | 3.49757 | 14
2890 | 12 | 4.63978e-310 | 4
2891 | 12 | 1.63042e-322 | 10
723 | 10 | 1.63042e-322 | 4
23 | 5 | 4.63978e-310 | 5
3 | 2 | 29.316 | 1495
6 | 3 | 29.316 | 1471
12 | 4 | 29.316 | 1471
25 | 5 | 29.316 | 1471
51 | 6 | 29.316 | 1471
102 | 7 | 29.316 | 1471
205 | 8 | 29.316 | 1471
410 | 9 | 29.316 | 1185
821 | 10 | 29.316 | 1185
1642 | 11 | 28.7302 | 1184
3284 | 12 | 28.7302 | 1184
6568 | 13 | 19.9387 | 141
13137 | 14 | 19.9387 | 141
26275 | 15 | 19.9387 | 141
52550 | 16 | 19.9387 | 141
105100 | 17 | 18.0899 | 128
210200 | 18 | 18.0899 | 128
420400 | 19 | 18.0899 | 128
840800 | 20 | 12.8409 | 93
1681600 | 21 | 6.0651 | 11
3363201 | 22 | 6.0651 | 11
6726402 | 23 | 80.2032 | 1
6726403 | 23 | 14.8786 | 10
1681601 | 21 | 11.6457 | 82
3363203 | 22 | 11.6457 | 82
6726406 | 23 | 11.6457 | 82
13452812 | 24 | 11.6457 | 82
26905624 | 25 | 11.6457 | 50
53811248 | 26 | 7.52662 | 11
107622496 | 27 | 64.4452 | 2
107622497 | 27 | 80.7116 | 9
53811249 | 26 | 7.48674 | 39
107622498 | 27 | 7.48674 | 39
215244996 | 28 | 7.48674 | 39
430489992 | 29 | 6.70834 | 13
860979984 | 30 | 4.63978e-310 | 1
860979985 | 30 | 2.0652 | 12
1721959970 | 31 | 2.0652 | 12
3443919940 | 32 | 6.90513e-310 | 1
3443919941 | 32 | 1.83521 | 11
6887839883 | 33 | 1.83521 | 11
13775679766 | 34 | 1.83521 | 11
27551359533 | 35 | 1.83521 | 11
55102719066 | 36 | 1.27273 | 3
55102719067 | 36 | 4.63978e-310 | 8
430489993 | 29 | 7.06003 | 26
860979986 | 30 | 7.06003 | 25
1721959972 | 31 | 4.63978e-310 | 3
1721959973 | 31 | 2.98068 | 22
3443919947 | 32 | 2.98068 | 22
6887839895 | 33 | 2.98068 | 22
13775679790 | 34 | 2.81794 | 20
27551359580 | 35 | 1.39352 | 1
27551359581 | 35 | 2.42383 | 19
55102719162 | 36 | 1.71948 | 12
110205438324 | 37 | 0.382626 | 3
110205438325 | 37 | 4.63978e-310 | 9
55102719163 | 36 | 4.63978e-310 | 7
13775679791 | 34 | 4.63978e-310 | 2
860979987 | 30 | 4.63978e-310 | 1
26905625 | 25 | 9.78019 | 32
53811250 | 26 | 9.78019 | 32
107622500 | 27 | 4.63978e-310 | 4
107622501 | 27 | 7.85953 | 28
215245002 | 28 | 7.85953 | 28
430490004 | 29 | 4.83713 | 16
860980008 | 30 | 1.77877 | 12
1721960017 | 31 | 1.77877 | 12
3443920034 | 32 | 0.381978 | 9
3443920035 | 32 | 0.188127 | 3
860980009 | 30 | 4.63978e-310 | 4
430490005 | 29 | 3.14497 | 12
860980010 | 30 | 3.14497 | 12
1721960020 | 31 | 3.14497 | 12
3443920041 | 32 | 3.14497 | 12
6887840083 | 33 | 3.14497 | 12
13775680167 | 34 | 3.14497 | 12
27551360334 | 35 | 4.79244e-322 | 10
27551360335 | 35 | 20.1675 | 2
840801 | 20 | 14.3018 | 35
1681602 | 21 | 4.63978e-310 | 2
1681603 | 21 | 10.8094 | 33
3363207 | 22 | 10.8094 | 33
6726415 | 23 | 10.8094 | 33
13452830 | 24 | 7.67199 | 21
26905660 | 25 | 7.67199 | 21
53811320 | 26 | 7.20536 | 17
107622640 | 27 | 7.20536 | 17
215245280 | 28 | 7.20536 | 17
430490560 | 29 | 7.20536 | 17
860981120 | 30 | 44.6214 | 1
860981121 | 30 | 3.79921 | 16
1721962242 | 31 | 0.0215973 | 2
1721962243 | 31 | 3.72174 | 14
3443924486 | 32 | 3.72174 | 14
6887848972 | 33 | 1.42525 | 4
6887848973 | 33 | 5.80183 | 10
53811321 | 26 | 4.63978e-310 | 4
13452831 | 24 | 6.14635 | 12
26905662 | 25 | 6.14635 | 12
53811324 | 26 | 4.63978e-310 | 7
53811325 | 26 | 4.63978e-310 | 5
105101 | 17 | 13.1076 | 13
210202 | 18 | 12.4193 | 12
420405 | 19 | 12.4193 | 12
840810 | 20 | 12.4193 | 12
1681620 | 21 | 4.63978e-310 | 9
1681621 | 21 | 0 | 3
210203 | 18 | 4.63978e-310 | 1
6569 | 13 | 25.1472 | 1043
13138 | 14 | 23.0695 | 668
26276 | 15 | 23.0695 | 668
52553 | 16 | 23.0695 | 668
105107 | 17 | 23.0695 | 668
210214 | 18 | 23.0695 | 668
420428 | 19 | 23.0695 | 668
840856 | 20 | 23.0695 | 668
1681712 | 21 | 22.2355 | 571
3363425 | 22 | 22.2355 | 571
6726851 | 23 | 22.2355 | 571
13453702 | 24 | 22.2355 | 571
26907404 | 25 | 22.2355 | 571
53814809 | 26 | 22.2355 | 571
107629618 | 27 | 22.2355 | 571
215259237 | 28 | 22.2355 | 571
430518474 | 29 | 22.2355 | 571
861036948 | 30 | 22.2355 | 571
1722073896 | 31 | 17.1029 | 393
3444147792 | 32 | 17.1029 | 393
6888295584 | 33 | 12.6103 | 194
13776591169 | 34 | 12.6103 | 194
27553182338 | 35 | 12.6103 | 194
55106364676 | 36 | 12.6103 | 194
110212729353 | 37 | 12.6103 | 194
220425458706 | 38 | 7.26983 | 15
440850917412 | 39 | 7.26983 | 15
881701834824 | 40 | 0 | 10
881701834825 | 40 | 29.3347 | 5
220425458707 | 38 | 12.013 | 179
440850917414 | 39 | 12.013 | 179
881701834828 | 40 | 12.013 | 179
1763403669656 | 41 | 10.3177 | 60
3526807339312 | 42 | 8.91334 | 56
7053614678624 | 43 | 5.34069 | 19
14107229357249 | 44 | 5.34069 | 19
28214458714498 | 45 | 5.34069 | 19
56428917428996 | 46 | 0.0722089 | 7
56428917428997 | 46 | 4.66124 | 12
112857834857995 | 47 | 4.66124 | 12
225715669715990 | 48 | 4.37288 | 7
225715669715991 | 48 | 18.1205 | 5
7053614678625 | 43 | 5.44386 | 37
14107229357251 | 44 | 5.44386 | 37
28214458714502 | 45 | 5.44386 | 37
56428917429004 | 46 | 4.29755 | 22
112857834858009 | 47 | 4.29755 | 22
225715669716018 | 48 | 2.70635 | 12
451431339432036 | 49 | 0.476543 | 6
451431339432037 | 49 | 0 | 6
225715669716019 | 48 | 4.63978e-310 | 10
56428917429005 | 46 | 3.46534 | 15
112857834858010 | 47 | 0 | 6
112857834858011 | 47 | 14.7056 | 9
3526807339313 | 42 | 4.63978e-310 | 4
1763403669657 | 41 | 11.9024 | 119
3526807339314 | 42 | 6.79625 | 13
7053614678628 | 43 | 4.63978e-310 | 1
7053614678629 | 43 | 5.58198 | 12
14107229357259 | 44 | 5.58198 | 12
28214458714519 | 45 | 5.58198 | 12
56428917429038 | 46 | 5.58198 | 12
112857834858076 | 47 | 5.58198 | 12
225715669716152 | 48 | 5.58198 | 12
451431339432305 | 49 | 5.58198 | 12
902862678864610 | 50 | 5.58198 | 12
1805725357729220 | 51 | 5.75279 | 8
1805725357729221 | 51 | 5.27576 | 4
3526807339315 | 42 | 9.49737 | 106
7053614678630 | 43 | 4.63978e-310 | 9
7053614678631 | 43 | 8.05126 | 97
14107229357262 | 44 | 8.05126 | 97
28214458714525 | 45 | 8.05126 | 97
56428917429050 | 46 | 8.05126 | 97
112857834858100 | 47 | 8.05126 | 97
225715669716200 | 48 | 8.05126 | 97
451431339432400 | 49 | 6.90513e-310 | 8
451431339432401 | 49 | 7.51954 | 89
902862678864802 | 50 | 1.63042e-322 | 4
902862678864803 | 50 | 7.51954 | 85
1805725357729607 | 51 | 7.51954 | 85
3611450715459214 | 52 | 3.73684 | 31
7222901430918429 | 53 | 3.73684 | 31
14445802861836858 | 54 | 3.73684 | 31
28891605723673716 | 55 | 1.97972 | 20
57783211447347432 | 56 | 1.52465 | 16
115566422894694865 | 57 | 1.52465 | 16
231132845789389730 | 58 | 43.274 | 4
231132845789389731 | 58 | 1.41176 | 12
462265691578779463 | 59 | 1.41176 | 12
924531383157558926 | 60 | 0.144474 | 1
924531383157558927 | 60 | 1.25665 | 11
1849062766315117854 | 61 | 1.25665 | 11
3698125532630235708 | 62 | 7.81081 | 10
3698125532630235709 | 62 | 35.3334 | 1
57783211447347433 | 56 | 4.63978e-310 | 4
28891605723673717 | 55 | 2.2394 | 11
57783211447347434 | 56 | 2.2394 | 11
115566422894694869 | 57 | 2.2394 | 11
231132845789389739 | 58 | 2.2394 | 11
462265691578779478 | 59 | 2.2394 | 11
924531383157558956 | 60 | 4.63978e-310 | 2
924531383157558957 | 60 | 4.63978e-310 | 9
3611450715459215 | 52 | 3.86929 | 54
7222901430918431 | 53 | 3.86929 | 54
14445802861836862 | 54 | 3.86929 | 54
28891605723673725 | 55 | 3.86929 | 54
57783211447347451 | 56 | 3.86929 | 54
115566422894694902 | 57 | 1.58101e-322 | 3
115566422894694903 | 57 | 3.86929 | 51
231132845789389806 | 58 | 2.79832 | 32
462265691578779612 | 59 | 3.82485 | 10
462265691578779613 | 59 | 1.81888 | 22
924531383157559227 | 60 | 1.81888 | 22
1849062766315118454 | 61 | 1.81888 | 20
3698125532630236909 | 62 | 1.81888 | 20
7396251065260473819 | 63 | 1.81888 | 20
-3654241943188603978 | 64 | 1.56127 | 18
-7308483886377207956 | 65 | 1.24723 | 5
-7308483886377207955 | 65 | 1.56127 | 13
3829776300955135706 | 66 | 1.90828 | 10
3829776300955135707 | 66 | 1.90666 | 3
-3654241943188603977 | 64 | 4.63978e-310 | 2
1849062766315118455 | 61 | 4.63978e-310 | 2
231132845789389807 | 58 | 2.06694 | 19
462265691578779615 | 59 | 2.06694 | 19
924531383157559230 | 60 | 2.06694 | 19
1849062766315118460 | 61 | 2.06694 | 17
3698125532630236920 | 62 | 2.06694 | 17
7396251065260473840 | 63 | 0.0800649 | 6
7396251065260473841 | 63 | 1.36365 | 11
-3654241943188603934 | 64 | 0.979017 | 2
-3654241943188603933 | 64 | 0.884235 | 9
1849062766315118461 | 61 | 4.63978e-310 | 2
6888295585 | 33 | 11.5815 | 199
13776591170 | 34 | 11.5815 | 199
27553182340 | 35 | 11.5815 | 199
55106364680 | 36 | 10.1149 | 150
110212729361 | 37 | 10.1149 | 150
220425458722 | 38 | 10.1149 | 150
440850917445 | 39 | 10.1149 | 150
881701834890 | 40 | 10.1149 | 150
1763403669781 | 41 | 10.1149 | 150
3526807339563 | 42 | 10.1149 | 150
7053614679126 | 43 | 10.1149 | 150
14107229358252 | 44 | 6.90513e-310 | 6
14107229358253 | 44 | 10.1149 | 144
28214458716507 | 45 | 10.1149 | 144
56428917433014 | 46 | 7.55521 | 103
112857834866028 | 47 | 3.46788 | 24
225715669732056 | 48 | 3.44487 | 22
451431339464112 | 49 | 3.44487 | 22
902862678928224 | 50 | 3.44487 | 22
1805725357856449 | 51 | 3.44487 | 22
3611450715712898 | 52 | 0.611826 | 2
3611450715712899 | 52 | 2.73732 | 20
7222901431425798 | 53 | 2.73732 | 20
14445802862851596 | 54 | 0.191385 | 1
14445802862851597 | 54 | 2.73732 | 19
28891605725703194 | 55 | 1.4037 | 2
28891605725703195 | 55 | 1.92246 | 17
57783211451406391 | 56 | 1.92246 | 17
115566422902812782 | 57 | 1.92246 | 17
231132845805625564 | 58 | 1.92246 | 17
462265691611251129 | 59 | 1.92246 | 17
924531383222502258 | 60 | 1.33568 | 14
1849062766445004516 | 61 | 0.397804 | 10
1849062766445004517 | 61 | 4.08364 | 4
924531383222502259 | 60 | 0.252425 | 3
225715669732057 | 48 | 4.63978e-310 | 2
112857834866029 | 47 | 6.79939 | 79
225715669732059 | 48 | 6.79939 | 79
451431339464119 | 49 | 6.79939 | 79
902862678928238 | 50 | 6.79939 | 79
1805725357856477 | 51 | 6.79939 | 79
3611450715712954 | 52 | 6.79939 | 79
7222901431425908 | 53 | 5.36043 | 71
14445802862851817 | 54 | 5.36043 | 71
28891605725703634 | 55 | 4.28354 | 62
57783211451407268 | 56 | 4.28354 | 62
115566422902814537 | 57 | 4.28354 | 62
231132845805629074 | 58 | 3.98709 | 56
462265691611258149 | 59 | 3.98709 | 56
924531383222516298 | 60 | 3.98709 | 56
1849062766445032597 | 61 | 3.98709 | 56
3698125532890065194 | 62 | 3.98709 | 56
7396251065780130389 | 63 | 3.98709 | 56
-3654241942149290838 | 64 | 3.06429 | 34
-7308483884298581675 | 65 | 3.06429 | 34
3829776305112388267 | 66 | 3.06429 | 34
7659552610224776534 | 67 | 2.21098 | 23
-3127638853259998548 | 68 | 2.46304 | 8
-3127638853259998547 | 68 | 1.9507 | 15
-6255277706519997094 | 69 | 1.9507 | 14
5936188660669557428 | 70 | 1.5886 | 1
5936188660669557429 | 70 | 1.5569 | 13
-6574366752370436758 | 71 | 1.5569 | 13
5298010568968678100 | 72 | 1.5569 | 13
-7850722935772195416 | 73 | 0.16343 | 8
-7850722935772195415 | 73 | 1.31869 | 5
-6255277706519997093 | 69 | 4.63978e-310 | 1
7659552610224776535 | 67 | 1.68815 | 11
-3127638853259998546 | 68 | 1.68815 | 11
-6255277706519997092 | 69 | 1.68815 | 11
5936188660669557432 | 70 | 1.68815 | 11
-6574366752370436752 | 71 | 0.609516 | 3
-6574366752370436751 | 71 | 4.63978e-310 | 8
-3654241942149290837 | 64 | 2.07373 | 22
-7308483884298581674 | 65 | 1.20575 | 11
3829776305112388269 | 66 | 1.20575 | 11
7659552610224776538 | 67 | 4.63978e-310 | 5
7659552610224776539 | 67 | 0.837384 | 6
-7308483884298581673 | 65 | 1.16576 | 11
3829776305112388270 | 66 | 2.91087 | 2
3829776305112388271 | 66 | 0.666481 | 9
231132845805629075 | 58 | 4.63978e-310 | 6
28891605725703635 | 55 | 4.63978e-310 | 9
7222901431425909 | 53 | 4.63978e-310 | 8
56428917433015 | 46 | 5.36404 | 41
112857834866031 | 47 | 5.36404 | 41
225715669732062 | 48 | 3.80001 | 15
451431339464124 | 49 | 3.80001 | 15
902862678928249 | 50 | 3.80001 | 15
1805725357856499 | 51 | 3.80001 | 15
3611450715712998 | 52 | 3.80001 | 15
7222901431425997 | 53 | 3.80001 | 15
14445802862851994 | 54 | 3.80001 | 15
28891605725703989 | 55 | 3.80001 | 15
57783211451407979 | 56 | 3.80001 | 15
115566422902815958 | 57 | 3.80001 | 15
231132845805631916 | 58 | 3.80001 | 15
462265691611263832 | 59 | 4.63978e-310 | 8
462265691611263833 | 59 | 4.63978e-310 | 7
225715669732063 | 48 | 4.60575 | 26
451431339464126 | 49 | 4.63978e-310 | 4
451431339464127 | 49 | 4.60575 | 22
902862678928254 | 50 | 4.60575 | 22
1805725357856508 | 51 | 4.60575 | 22
3611450715713016 | 52 | 4.60575 | 22
7222901431426032 | 53 | 3.21143e-322 | 2
7222901431426033 | 53 | 3.98613 | 20
14445802862852066 | 54 | 1.58101e-322 | 9
14445802862852067 | 54 | 3.25956 | 11
28891605725704135 | 55 | 3.25956 | 11
57783211451408271 | 56 | 3.25956 | 11
115566422902816542 | 57 | 2.49316 | 3
115566422902816543 | 57 | 4.63978e-310 | 8
55106364681 | 36 | 6.60897 | 49
110212729362 | 37 | 6.60897 | 49
220425458724 | 38 | 6.60897 | 49
440850917449 | 39 | 6.60897 | 49
881701834898 | 40 | 4.69169 | 36
1763403669797 | 41 | 4.69169 | 36
3526807339594 | 42 | 4.69169 | 36
7053614679188 | 43 | 4.69169 | 36
14107229358376 | 44 | 4.69169 | 36
28214458716753 | 45 | 4.69169 | 36
56428917433506 | 46 | 4.69169 | 36
112857834867013 | 47 | 4.69169 | 36
225715669734027 | 48 | 4.69169 | 36
451431339468054 | 49 | 4.69169 | 36
902862678936109 | 50 | 4.69169 | 36
1805725357872219 | 51 | 4.69169 | 36
3611450715744438 | 52 | 1.57102 | 1
3611450715744439 | 52 | 3.41981 | 35
7222901431488878 | 53 | 3.41981 | 35
14445802862977757 | 54 | 3.41981 | 35
28891605725955514 | 55 | 6.90513e-310 | 8
28891605725955515 | 55 | 2.64641 | 27
57783211451911030 | 56 | 2.64641 | 27
115566422903822060 | 57 | 2.07252 | 22
231132845807644120 | 58 | 2.07252 | 22
462265691615288241 | 59 | 2.07252 | 22
924531383230576482 | 60 | 1.92952 | 19
1849062766461152964 | 61 | 1.92952 | 19
3698125532922305929 | 62 | 1.92952 | 19
7396251065844611859 | 63 | 1.92952 | 19
-3654241942020327897 | 64 | 1.92952 | 19
-7308483884040655793 | 65 | 1.92952 | 19
3829776305628240031 | 66 | 1.92952 | 19
7659552611256480062 | 67 | 1.45386 | 14
-3127638851196591492 | 68 | 1.45386 | 14
-6255277702393182983 | 69 | 1.45386 | 14
5936188668923185650 | 70 | 1.45386 | 14
-6574366735863180315 | 71 | 1.45386 | 14
5298010601983190986 | 72 | 15.8893 | 4
5298010601983190987 | 72 | 8.87249 | 10
7659552611256480063 | 67 | 4.63978e-310 | 5
924531383230576483 | 60 | 4.63978e-310 | 3
115566422903822061 | 57 | 4.63978e-310 | 5
881701834899 | 40 | 2.49708 | 13
1763403669798 | 41 | 2.08255 | 12
3526807339596 | 42 | 2.08255 | 12
7053614679193 | 43 | 2.08255 | 12
14107229358386 | 44 | 2.08255 | 12
28214458716772 | 45 | 4.63978e-310 | 10
28214458716773 | 45 | 4.63978e-310 | 2
1763403669799 | 41 | 4.63978e-310 | 1
1722073897 | 31 | 14.1953 | 178
3444147795 | 32 | 14.1953 | 178
6888295591 | 33 | 14.1953 | 178
13776591182 | 34 | 14.1953 | 178
27553182365 | 35 | 14.1953 | 178
55106364731 | 36 | 14.1953 | 178
110212729462 | 37 | 14.1953 | 178
220425458925 | 38 | 14.1953 | 178
440850917851 | 39 | 14.1953 | 178
881701835703 | 40 | 14.1953 | 178
1763403671407 | 41 | 14.1953 | 178
3526807342814 | 42 | 14.1953 | 178
7053614685629 | 43 | 14.1953 | 178
14107229371259 | 44 | 14.1953 | 178
28214458742518 | 45 | 6.37292 | 40
56428917485036 | 46 | 6.37292 | 40
112857834970073 | 47 | 6.37292 | 40
225715669940146 | 48 | 2.76928 | 8
225715669940147 | 48 | 5.32059 | 32
451431339880295 | 49 | 5.32059 | 32
902862679760591 | 50 | 5.32059 | 32
1805725359521182 | 51 | 5.32059 | 32
3611450719042364 | 52 | 5.32059 | 32
7222901438084729 | 53 | 5.32059 | 32
14445802876169458 | 54 | 5.32059 | 32
28891605752338916 | 55 | 5.32059 | 32
57783211504677832 | 56 | 3.76253 | 24
115566423009355665 | 57 | 3.76253 | 24
231132846018711330 | 58 | 2.83216 | 14
462265692037422660 | 59 | 0.992384 | 10
462265692037422661 | 59 | 3.44423 | 4
231132846018711331 | 58 | 4.63978e-310 | 10
57783211504677833 | 56 | 4.63978e-310 | 8
28214458742519 | 45 | 11.5806 | 138
56428917485038 | 46 | 4.63978e-310 | 5
56428917485039 | 46 | 11.5806 | 133
112857834970078 | 47 | 8.07432 | 62
225715669940157 | 48 | 8.07432 | 62
451431339880314 | 49 | 7.1193 | 30
902862679760628 | 50 | 7.1193 | 30
1805725359521256 | 51 | 7.1193 | 30
3611450719042512 | 52 | 7.1193 | 30
7222901438085024 | 53 | 7.1193 | 30
14445802876170048 | 54 | 7.1193 | 30
28891605752340097 | 55 | 7.1193 | 30
57783211504680194 | 56 | 7.1193 | 30
115566423009360388 | 57 | 0.347747 | 4
115566423009360389 | 57 | 6.28981 | 26
231132846018720779 | 58 | 6.28981 | 26
462265692037441558 | 59 | 6.28981 | 26
924531384074883116 | 60 | 0.144751 | 9
924531384074883117 | 60 | 3.2037 | 17
1849062768149766235 | 61 | 3.2037 | 17
3698125536299532471 | 62 | 3.2037 | 17
7396251072599064942 | 63 | 0.0630733 | 2
7396251072599064943 | 63 | 2.93653 | 15
-3654241928511421730 | 64 | 17.8057 | 3
-3654241928511421729 | 64 | 2.80034 | 12
-7308483857022843458 | 65 | 16.3917 | 5
-7308483857022843457 | 65 | 21.2194 | 7
451431339880315 | 49 | 6.2914 | 32
902862679760630 | 50 | 3.64745 | 21
1805725359521260 | 51 | 2.6627 | 18
3611450719042521 | 52 | 2.6627 | 18
7222901438085043 | 53 | 2.6627 | 18
14445802876170086 | 54 | 2.6627 | 18
28891605752340172 | 55 | 2.6627 | 18
57783211504680345 | 56 | 2.6627 | 18
115566423009360690 | 57 | 6.37345e-322 | 5
115566423009360691 | 57 | 1.85064 | 13
231132846018721383 | 58 | 1.85064 | 13
462265692037442766 | 59 | 1.85064 | 13
924531384074885532 | 60 | 1.85064 | 13
1849062768149771064 | 61 | 1.0173 | 3
1849062768149771065 | 61 | 0.713163 | 10
1805725359521261 | 51 | 4.63978e-310 | 3
902862679760631 | 50 | 5.53644 | 11
1805725359521263 | 51 | 5.53644 | 11
3611450719042527 | 52 | 5.53644 | 11
7222901438085054 | 53 | 5.53644 | 11
14445802876170108 | 54 | 5.34654 | 10
14445802876170109 | 54 | 0.229102 | 1
112857834970079 | 47 | 9.63572 | 71
225715669940159 | 48 | 9.63572 | 71
451431339880318 | 49 | 9.63572 | 71
902862679760636 | 50 | 5.95719 | 41
1805725359521273 | 51 | 5.95719 | 41
3611450719042546 | 52 | 5.95719 | 41
7222901438085093 | 53 | 5.95719 | 41
14445802876170186 | 54 | 4.63978e-310 | 2
14445802876170187 | 54 | 3.79928 | 39
28891605752340375 | 55 | 3.79928 | 39
57783211504680751 | 56 | 3.79928 | 39
115566423009361502 | 57 | 2.82277 | 28
231132846018723004 | 58 | 2.96679 | 2
231132846018723005 | 58 | 2.82277 | 26
462265692037446011 | 59 | 2.82277 | 26
924531384074892022 | 60 | 2.82277 | 26
1849062768149784044 | 61 | 2.82277 | 26
3698125536299568088 | 62 | 2.55142 | 22
7396251072599136176 | 63 | 1.16166 | 11
-3654241928511279264 | 64 | 0.813753 | 8
-3654241928511279263 | 64 | 0.686066 | 3
7396251072599136177 | 63 | 1.50725 | 11
-3654241928511279262 | 64 | 1.50725 | 11
-7308483857022558524 | 65 | 1.50725 | 11
3829776359664434568 | 66 | 0.846318 | 3
3829776359664434569 | 66 | 4.63978e-310 | 8
3698125536299568089 | 62 | 4.63978e-310 | 4
115566423009361503 | 57 | 1.56492 | 11
231132846018723006 | 58 | 4.63978e-310 | 9
231132846018723007 | 58 | 4.63978e-310 | 2
902862679760637 | 50 | 9.63572 | 30
1805725359521274 | 51 | 9.63572 | 30
3611450719042548 | 52 | 9.1946 | 23
7222901438085096 | 53 | 9.1946 | 23
14445802876170192 | 54 | 3.50107 | 22
28891605752340384 | 55 | 3.50107 | 22
57783211504680769 | 56 | 3.50107 | 22
115566423009361538 | 57 | 3.16986 | 20
231132846018723077 | 58 | 3.16986 | 20
462265692037446155 | 59 | 3.16986 | 20
924531384074892310 | 60 | 1.83235 | 14
1849062768149784621 | 61 | 1.83235 | 14
3698125536299569242 | 62 | 1.83235 | 14
7396251072599138485 | 63 | 1.83235 | 14
-3654241928511274645 | 64 | 1.83235 | 14
-7308483857022549290 | 65 | 1.83235 | 14
3829776359664453036 | 66 | 3.23684 | 9
3829776359664453037 | 66 | 0.318097 | 5
924531384074892311 | 60 | 4.63978e-310 | 6
115566423009361539 | 57 | 4.63978e-310 | 2
14445802876170193 | 54 | 4.63978e-310 | 1
3611450719042549 | 52 | 4.63978e-310 | 7
1681713 | 21 | 10.7624 | 97
3363426 | 22 | 3.65304 | 18
6726852 | 23 | 3.65304 | 18
13453704 | 24 | 3.65304 | 15
26907408 | 25 | 3.65304 | 15
53814816 | 26 | 1.58101e-322 | 1
53814817 | 26 | 3.13242 | 14
107629634 | 27 | 3.13242 | 14
215259268 | 28 | 3.13242 | 14
430518537 | 29 | 3.13242 | 14
861037074 | 30 | 2.37152e-322 | 3
861037075 | 30 | 3.13242 | 11
1722074150 | 31 | 1.63042e-322 | 1
1722074151 | 31 | 1.63042e-322 | 10
13453705 | 24 | 4.63978e-310 | 3
3363427 | 22 | 8.96701 | 79
6726854 | 23 | 5.37177 | 49
13453709 | 24 | 5.37177 | 49
26907419 | 25 | 5.37177 | 49
53814839 | 26 | 5.37177 | 49
107629678 | 27 | 5.37177 | 49
215259357 | 28 | 5.37177 | 49
430518714 | 29 | 5.37177 | 49
861037428 | 30 | 5.37177 | 32
1722074856 | 31 | 5.37177 | 32
3444149712 | 32 | 4.73548 | 31
6888299424 | 33 | 4.73548 | 31
13776598848 | 34 | 4.73548 | 31
27553197696 | 35 | 4.73548 | 31
55106395392 | 36 | 4.73548 | 31
110212790784 | 37 | 1.58101e-322 | 3
110212790785 | 37 | 4.38321 | 28
220425581570 | 38 | 4.38321 | 28
440851163140 | 39 | 4.38321 | 28
881702326280 | 40 | 2.3283 | 21
1763404652561 | 41 | 2.3283 | 21
3526809305122 | 42 | 3.2161 | 6
3526809305123 | 42 | 1.90118 | 15
7053618610247 | 43 | 1.90118 | 15
14107237220494 | 44 | 7.04462 | 10
14107237220495 | 44 | 3.66798 | 5
881702326281 | 40 | 4.63978e-310 | 7
3444149713 | 32 | 4.63978e-310 | 1
861037429 | 30 | 3.53184 | 17
1722074859 | 31 | 3.53184 | 17
3444149718 | 32 | 3.53184 | 17
6888299436 | 33 | 3.3884 | 14
13776598872 | 34 | 4.63978e-310 | 4
13776598873 | 34 | 4.63978e-310 | 10
6888299437 | 33 | 1.63042e-322 | 3
6726855 | 23 | 3.43597 | 30
13453710 | 24 | 3.27568 | 20
26907420 | 25 | 2.21196 | 11
53814840 | 26 | 4.63978e-310 | 5
53814841 | 26 | 4.63978e-310 | 6
26907421 | 25 | 4.63978e-310 | 9
13453711 | 24 | 4.63978e-310 | 10
13139 | 14 | 24.8629 | 375
26278 | 15 | 24.8629 | 375
52556 | 16 | 24.8629 | 375
105113 | 17 | 24.8629 | 375
210227 | 18 | 24.8629 | 375
420455 | 19 | 24.8629 | 375
840911 | 20 | 24.8629 | 375
1681822 | 21 | 24.8629 | 375
3363645 | 22 | 24.8629 | 375
6727291 | 23 | 24.8629 | 375
13454582 | 24 | 6.90513e-310 | 3
13454583 | 24 | 21.403 | 372
26909167 | 25 | 21.403 | 372
53818334 | 26 | 21.403 | 355
107636669 | 27 | 21.403 | 355
215273339 | 28 | 21.403 | 355
430546678 | 29 | 21.1077 | 297
861093356 | 30 | 21.1077 | 297
1722186712 | 31 | 7.10588 | 49
3444373424 | 32 | 5.01312 | 30
6888746848 | 33 | 4.56694 | 22
13777493696 | 34 | 4.56694 | 22
27554987392 | 35 | 4.56694 | 22
55109974784 | 36 | 4.56694 | 22
110219949569 | 37 | 4.56694 | 22
220439899138 | 38 | 18.0595 | 4
220439899139 | 38 | 3.68748 | 18
440879798279 | 39 | 3.68748 | 18
881759596558 | 40 | 3.68748 | 18
1763519193116 | 41 | 3.68748 | 18
3527038386232 | 42 | 3.68748 | 18
7054076772464 | 43 | 4.97245 | 5
7054076772465 | 43 | 3.68748 | 13
14108153544930 | 44 | 4.12128 | 6
14108153544931 | 44 | 9.48492 | 7
6888746849 | 33 | 4.63978e-310 | 8
3444373425 | 32 | 3.2938 | 19
6888746851 | 33 | 3.2938 | 19
13777493702 | 34 | 4.63978e-310 | 3
13777493703 | 34 | 2.23075 | 16
27554987406 | 35 | 4.63978e-310 | 5
27554987407 | 35 | 1.88384 | 11
55109974815 | 36 | 1.88384 | 11
110219949630 | 37 | 0.627158 | 4
110219949631 | 37 | 7.11455e-322 | 7
1722186713 | 31 | 19.8974 | 248
3444373426 | 32 | 18.0713 | 131
6888746853 | 33 | 18.0713 | 131
13777493707 | 34 | 18.0713 | 131
27554987414 | 35 | 18.0713 | 131
55109974829 | 36 | 18.0713 | 131
110219949658 | 37 | 13.2297 | 80
220439899317 | 38 | 13.2297 | 80
440879798635 | 39 | 13.2297 | 80
881759597270 | 40 | 13.2297 | 71
1763519194541 | 41 | 13.2297 | 71
3527038389082 | 42 | 7.2592 | 67
7054076778164 | 43 | 4.33253 | 39
14108153556328 | 44 | 4.03069 | 25
28216307112657 | 45 | 4.03069 | 25
56432614225315 | 46 | 4.03069 | 25
112865228450630 | 47 | 0.258311 | 10
112865228450631 | 47 | 3.77074 | 15
225730456901263 | 48 | 3.77074 | 15
451460913802526 | 49 | 3.77074 | 15
902921827605052 | 50 | 3.77074 | 15
1805843655210104 | 51 | 0.305975 | 5
1805843655210105 | 51 | 3.06237 | 10
14108153556329 | 44 | 2.44578 | 14
28216307112659 | 45 | 2.44578 | 14
56432614225318 | 46 | 4.63978e-310 | 5
56432614225319 | 46 | 4.63978e-310 | 9
7054076778165 | 43 | 3.3006 | 28
14108153556330 | 44 | 4.63978e-310 | 4
14108153556331 | 44 | 3.23486 | 24
28216307112662 | 45 | 3.23486 | 24
56432614225324 | 46 | 3.23486 | 24
112865228450648 | 47 | 3.23486 | 24
225730456901296 | 48 | 3.23486 | 24
451460913802592 | 49 | 4.63978e-310 | 1
451460913802593 | 49 | 3.23486 | 23
902921827605187 | 50 | 3.23486 | 23
1805843655210374 | 51 | 3.23486 | 23
3611687310420748 | 52 | 3.07951 | 18
7223374620841496 | 53 | 3.07951 | 18
14446749241682993 | 54 | 3.07951 | 18
28893498483365986 | 55 | 3.07951 | 18
57786996966731972 | 56 | 2.39633 | 13
115573993933463944 | 57 | 1.33952 | 1
115573993933463945 | 57 | 2.39633 | 12
231147987866927890 | 58 | 1.43613 | 3
231147987866927891 | 58 | 4.63978e-310 | 9
57786996966731973 | 56 | 4.63978e-310 | 5
3611687310420749 | 52 | 4.63978e-310 | 5
3527038389083 | 42 | 4.63978e-310 | 4
881759597271 | 40 | 4.63978e-310 | 9
110219949659 | 37 | 10.9426 | 51
220439899318 | 38 | 10.9426 | 51
440879798636 | 39 | 3.00546 | 15
881759597273 | 40 | 3.00546 | 15
1763519194546 | 41 | 3.00546 | 15
3527038389093 | 42 | 3.00546 | 15
7054076778186 | 43 | 1.91382 | 11
14108153556373 | 44 | 1.91382 | 11
28216307112746 | 45 | 16.5795 | 4
28216307112747 | 45 | 1.58101e-322 | 7
7054076778187 | 43 | 4.63978e-310 | 4
440879798637 | 39 | 8.66864 | 36
881759597274 | 40 | 4.87323 | 23
1763519194548 | 41 | 4.87323 | 23
3527038389096 | 42 | 2.52698 | 18
7054076778192 | 43 | 2.01134 | 15
14108153556384 | 44 | 1.87654 | 5
14108153556385 | 44 | 0.206413 | 10
7054076778193 | 43 | 0.132914 | 3
3527038389097 | 42 | 4.63978e-310 | 5
881759597275 | 40 | 2.02399 | 13
1763519194551 | 41 | 2.02399 | 13
3527038389102 | 42 | 2.02399 | 13
7054076778204 | 43 | 2.02399 | 13
14108153556408 | 44 | 0.685212 | 8
14108153556409 | 44 | 9.48606e-322 | 5
3444373427 | 32 | 19.8974 | 117
6888746854 | 33 | 4.63978e-310 | 2
6888746855 | 33 | 19.8974 | 115
13777493710 | 34 | 19.8696 | 105
27554987421 | 35 | 19.8696 | 105
55109974843 | 36 | 19.8696 | 105
110219949687 | 37 | 19.8696 | 105
220439899374 | 38 | 19.8696 | 101
440879798749 | 39 | 19.8696 | 101
881759597498 | 40 | 14.1382 | 98
1763519194997 | 41 | 14.1382 | 98
3527038389995 | 42 | 14.1382 | 98
7054076779990 | 43 | 14.1382 | 73
14108153559980 | 44 | 14.1382 | 73
28216307119960 | 45 | 5.33809 | 60
56432614239921 | 46 | 5.33809 | 60
112865228479842 | 47 | 4.42795 | 44
225730456959684 | 48 | 4.42795 | 44
451460913919369 | 49 | 4.42795 | 44
902921827838738 | 50 | 8.52537 | 9
902921827838739 | 50 | 3.52121 | 35
1805843655677479 | 51 | 3.52121 | 35
3611687311354958 | 52 | 3.22895 | 34
7223374622709916 | 53 | 3.22895 | 34
14446749245419832 | 54 | 3.22895 | 34
28893498490839664 | 55 | 1.45214 | 15
57786996981679328 | 56 | 1.45214 | 15
115573993963358657 | 57 | 1.45214 | 15
231147987926717315 | 58 | 1.45214 | 15
462295975853434631 | 59 | 1.45214 | 15
924591951706869263 | 60 | 1.45214 | 15
1849183903413738526 | 61 | 1.45214 | 15
3698367806827477053 | 62 | 1.45214 | 15
7396735613654954106 | 63 | 1.45214 | 15
-3653272846399643404 | 64 | 1.94286 | 4
-3653272846399643403 | 64 | 1.34875 | 11
-7306545692799286806 | 65 | 1.34875 | 11
3833652688110978005 | 66 | 1.34875 | 11
7667305376221956010 | 67 | 4.34817 | 6
7667305376221956011 | 67 | 9.44994 | 5
28893498490839665 | 55 | 2.31706 | 19
57786996981679331 | 56 | 2.31706 | 19
115573993963358662 | 57 | 2.31706 | 19
231147987926717324 | 58 | 1.88511 | 13
462295975853434648 | 59 | 1.88511 | 13
924591951706869297 | 60 | 1.88511 | 13
1849183903413738594 | 61 | 1.88511 | 13
3698367806827477188 | 62 | 4.63978e-310 | 10
3698367806827477189 | 62 | 0.103032 | 3
231147987926717325 | 58 | 4.63978e-310 | 6
3611687311354959 | 52 | 4.63978e-310 | 1
112865228479843 | 47 | 2.32848 | 16
225730456959686 | 48 | 2.32848 | 16
451460913919373 | 49 | 2.32848 | 16
902921827838746 | 50 | 2.32848 | 16
1805843655677492 | 51 | 4.63978e-310 | 7
1805843655677493 | 51 | 4.63978e-310 | 9
28216307119961 | 45 | 13.4014 | 13
56432614239923 | 46 | 13.4014 | 13
112865228479847 | 47 | 13.4014 | 13
225730456959694 | 48 | 2.07717 | 11
451460913919388 | 49 | 4.63978e-310 | 2
451460913919389 | 49 | 1.73116 | 9
225730456959695 | 48 | 4.63978e-310 | 2
7054076779991 | 43 | 5.21956 | 25
14108153559982 | 44 | 5.21956 | 25
28216307119964 | 45 | 5.21956 | 25
56432614239928 | 46 | 5.21956 | 25
112865228479857 | 47 | 5.21956 | 25
225730456959714 | 48 | 4.14791 | 6
225730456959715 | 48 | 3.71342 | 19
451460913919431 | 49 | 3.71342 | 19
902921827838862 | 50 | 0.237498 | 3
902921827838863 | 50 | 3.3349 | 16
1805843655677726 | 51 | 4.63978e-310 | 8
1805843655677727 | 51 | 2.36772 | 8
881759597499 | 40 | 4.63978e-310 | 3
220439899375 | 38 | 4.63978e-310 | 4
13777493711 | 34 | 4.63978e-310 | 10
430546679 | 29 | 14.2009 | 58
861093358 | 30 | 3.17526 | 20
1722186717 | 31 | 3.17526 | 20
3444373434 | 32 | 2.39043 | 16
6888746868 | 33 | 1.63042e-322 | 1
6888746869 | 33 | 2.21426 | 15
13777493738 | 34 | 1.58337 | 11
27554987476 | 35 | 1.07386 | 6
27554987477 | 35 | 1.58101e-322 | 5
13777493739 | 34 | 0.930472 | 4
3444373435 | 32 | 4.63978e-310 | 4
861093359 | 30 | 14.2009 | 38
1722186719 | 31 | 14.2009 | 38
3444373439 | 32 | 14.2009 | 38
6888746878 | 33 | 9.21344 | 27
13777493757 | 34 | 9.21344 | 27
27554987514 | 35 | 7.40738 | 22
55109975028 | 36 | 4.30709 | 14
110219950057 | 37 | 4.30709 | 14
220439900114 | 38 | 7.25998 | 7
220439900115 | 38 | 1.07119 | 7
55109975029 | 36 | 4.63978e-310 | 8
27554987515 | 35 | 4.63978e-310 | 5
6888746879 | 33 | 13.8401 | 11
13777493759 | 34 | 13.8401 | 11
27554987519 | 35 | 13.8401 | 11
55109975038 | 36 | 13.8401 | 11
110219950077 | 37 | 13.8401 | 11
220439900154 | 38 | 13.8401 | 11
440879800308 | 39 | 13.8401 | 11
881759600617 | 40 | 13.8401 | 11
1763519201234 | 41 | 2.66639 | 9
1763519201235 | 41 | 3.9952 | 2
53818335 | 26 | 6.90486 | 17
107636671 | 27 | 6.90486 | 17
215273342 | 28 | 6.90486 | 17
430546685 | 29 | 6.90486 | 17
861093371 | 30 | 6.90486 | 17
1722186743 | 31 | 6.90486 | 17
3444373486 | 32 | 6.90486 | 17
6888746972 | 33 | 25.4676 | 3
6888746973 | 33 | 5.55353 | 14
13777493946 | 34 | 8.24738 | 9
13777493947 | 34 | 80.1119 | 5
1643 | 11 | 4.63978e-310 | 1
411 | 9 | 21.1933 | 286
823 | 10 | 21.1933 | 286
1646 | 11 | 21.1933 | 286
3292 | 12 | 21.1933 | 286
6584 | 13 | 21.1933 | 286
13169 | 14 | 21.1933 | 286
26339 | 15 | 21.1933 | 286
52678 | 16 | 4.63978e-310 | 2
52679 | 16 | 20.2404 | 284
105358 | 17 | 11.4379 | 161
210716 | 18 | 10.9507 | 59
421432 | 19 | 10.9507 | 59
842864 | 20 | 10.9507 | 59
1685729 | 21 | 10.9507 | 59
3371458 | 22 | 4.63978e-310 | 5
3371459 | 22 | 10.9507 | 54
6742918 | 23 | 10.9507 | 54
13485836 | 24 | 4.63978e-310 | 6
13485837 | 24 | 10.668 | 48
26971674 | 25 | 10.668 | 48
53943349 | 26 | 10.668 | 48
107886699 | 27 | 10.668 | 48
215773398 | 28 | 10.668 | 48
431546796 | 29 | 7.88599 | 29
863093592 | 30 | 7.88599 | 29
1726187184 | 31 | 7.88599 | 29
3452374369 | 32 | 7.88599 | 29
6904748739 | 33 | 7.88599 | 29
13809497478 | 34 | 7.88599 | 29
27618994956 | 35 | 1.63042e-322 | 5
27618994957 | 35 | 5.79665 | 24
55237989915 | 36 | 5.79665 | 24
110475979830 | 37 | 5.79665 | 24
220951959661 | 38 | 5.79665 | 24
441903919322 | 39 | 5.79665 | 24
883807838644 | 40 | 1.7539 | 13
1767615677289 | 41 | 1.7539 | 13
3535231354578 | 42 | 1.58101e-322 | 8
3535231354579 | 42 | 1.63042e-322 | 5
883807838645 | 40 | 3.83509 | 11
1767615677291 | 41 | 3.83509 | 11
3535231354582 | 42 | 3.83509 | 11
7070462709164 | 43 | 1.58101e-322 | 8
7070462709165 | 43 | 1.63042e-322 | 3
431546797 | 29 | 2.97078 | 19
863093594 | 30 | 2.97078 | 19
1726187188 | 31 | 2.97078 | 19
3452374377 | 32 | 2.97078 | 19
6904748755 | 33 | 2.97078 | 19
13809497510 | 34 | 2.97078 | 19
27618995020 | 35 | 2.97078 | 19
55237990041 | 36 | 2.97078 | 19
110475980083 | 37 | 2.97078 | 19
220951960166 | 38 | 2.97078 | 19
441903920332 | 39 | 2.97078 | 19
883807840664 | 40 | 2.97078 | 19
1767615681328 | 41 | 2.97078 | 19
3535231362656 | 42 | 2.97078 | 19
7070462725313 | 43 | 2.97078 | 19
14140925450626 | 44 | 1.63042e-322 | 7
14140925450627 | 44 | 1.58906 | 12
28281850901254 | 45 | 1.58906 | 12
56563701802509 | 46 | 1.58906 | 12
113127403605018 | 47 | 1.63042e-322 | 9
113127403605019 | 47 | 1.63042e-322 | 3
210717 | 18 | 10.2421 | 102
421434 | 19 | 10.2421 | 102
842868 | 20 | 10.2421 | 102
1685737 | 21 | 10.2421 | 102
3371474 | 22 | 4.63978e-310 | 1
3371475 | 22 | 8.94125 | 101
6742950 | 23 | 8.94125 | 101
13485901 | 24 | 8.94125 | 101
26971803 | 25 | 8.94125 | 101
53943606 | 26 | 2.71442 | 19
107887213 | 27 | 2.71442 | 19
215774426 | 28 | 2.71442 | 13
431548852 | 29 | 2.71442 | 12
863097704 | 30 | 2.71442 | 12
1726195409 | 31 | 2.71442 | 12
3452390818 | 32 | 1.63042e-322 | 2
3452390819 | 32 | 1.63042e-322 | 10
431548853 | 29 | 4.63978e-310 | 1
215774427 | 28 | 4.63978e-310 | 6
53943607 | 26 | 7.02787 | 82
107887214 | 27 | 7.02787 | 82
215774428 | 28 | 4.63978e-310 | 2
215774429 | 28 | 7.02787 | 80
431548858 | 29 | 4.79619 | 46
863097716 | 30 | 3.16891 | 33
1726195433 | 31 | 3.16891 | 33
3452390866 | 32 | 3.16891 | 30
6904781732 | 33 | 3.16891 | 27
13809563465 | 34 | 3.16891 | 27
27619126930 | 35 | 1.85569 | 11
55238253860 | 36 | 4.63978e-310 | 3
55238253861 | 36 | 4.63978e-310 | 8
27619126931 | 35 | 2.62413 | 16
55238253862 | 36 | 2.62413 | 16
110476507725 | 37 | 2.62413 | 16
220953015450 | 38 | 2.62413 | 16
441906030901 | 39 | 2.62413 | 16
883812061803 | 40 | 2.62413 | 16
1767624123606 | 41 | 2.62413 | 16
3535248247212 | 42 | 2.62413 | 16
7070496494425 | 43 | 2.62413 | 16
14140992988850 | 44 | 2.62413 | 16
28281985977700 | 45 | 2.62413 | 16
56563971955400 | 46 | 0.265577 | 1
56563971955401 | 46 | 2.43158 | 15
113127943910802 | 47 | 2.08155 | 14
226255887821605 | 48 | 2.08155 | 14
452511775643210 | 49 | 1.20631 | 4
452511775643211 | 49 | 0.565078 | 10
113127943910803 | 47 | 4.63978e-310 | 1
6904781733 | 33 | 4.63978e-310 | 3
3452390867 | 32 | 0.97138 | 3
863097717 | 30 | 2.35055 | 13
1726195435 | 31 | 2.35055 | 13
3452390870 | 32 | 1.58101e-322 | 1
3452390871 | 32 | 2.35055 | 12
6904781742 | 33 | 2.35055 | 12
13809563484 | 34 | 2.35055 | 12
27619126969 | 35 | 2.35055 | 12
55238253939 | 36 | 2.35055 | 12
110476507879 | 37 | 2.35055 | 12
220953015758 | 38 | 2.35055 | 12
441906031516 | 39 | 7.37026 | 7
441906031517 | 39 | 3.51923 | 5
431548859 | 29 | 5.4437 | 34
863097718 | 30 | 5.18162 | 32
1726195436 | 31 | 3.07585 | 20
3452390872 | 32 | 3.07585 | 20
6904781744 | 33 | 4.63978e-310 | 2
6904781745 | 33 | 2.7169 | 18
13809563491 | 34 | 2.7169 | 18
27619126982 | 35 | 2.65027 | 17
55238253964 | 36 | 2.65027 | 17
110476507928 | 37 | 3.21143e-322 | 9
110476507929 | 37 | 1.58101e-322 | 8
27619126983 | 35 | 4.63978e-310 | 1
1726195437 | 31 | 3.19546 | 12
3452390874 | 32 | 4.63978e-310 | 8
3452390875 | 32 | 4.63978e-310 | 4
863097719 | 30 | 4.63978e-310 | 2
105359 | 17 | 15.8457 | 123
210719 | 18 | 15.8457 | 123
421438 | 19 | 4.63978e-310 | 9
421439 | 19 | 13.069 | 114
842878 | 20 | 13.069 | 114
1685757 | 21 | 13.069 | 114
3371515 | 22 | 13.069 | 114
6743030 | 23 | 13.069 | 112
13486061 | 24 | 13.069 | 112
26972123 | 25 | 13.069 | 112
53944246 | 26 | 13.069 | 111
107888492 | 27 | 13.069 | 71
215776984 | 28 | 13.069 | 71
431553968 | 29 | 13.069 | 71
863107936 | 30 | 13.069 | 71
1726215872 | 31 | 13.069 | 71
3452431744 | 32 | 13.069 | 71
6904863488 | 33 | 13.069 | 71
13809726976 | 34 | 9.00488 | 27
27619453953 | 35 | 9.00488 | 27
55238907906 | 36 | 9.00488 | 27
110477815812 | 37 | 8.80265 | 16
220955631624 | 38 | 3.21143e-322 | 1
220955631625 | 38 | 8.43101 | 15
441911263250 | 39 | 19.1253 | 1
441911263251 | 39 | 5.07336 | 14
883822526502 | 40 | 5.80606 | 1
883822526503 | 40 | 3.16565 | 13
1767645053006 | 41 | 4.19991 | 8
1767645053007 | 41 | 4.0872 | 5
110477815813 | 37 | 3.47019 | 11
220955631627 | 38 | 3.47019 | 11
441911263254 | 39 | 0.0585553 | 3
441911263255 | 39 | 4.63978e-310 | 8
13809726977 | 34 | 6.97249 | 44
27619453954 | 35 | 6.11575 | 41
55238907908 | 36 | 6.11575 | 41
110477815817 | 37 | 6.11575 | 41
220955631635 | 38 | 6.11575 | 41
441911263270 | 39 | 5.55954 | 22
883822526540 | 40 | 0.970267 | 2
883822526541 | 40 | 4.47804 | 20
1767645053082 | 41 | 6.95416 | 10
1767645053083 | 41 | 1.60884 | 10
441911263271 | 39 | 5.45103 | 19
883822526543 | 40 | 5.45103 | 19
1767645053086 | 41 | 3.85037 | 18
3535290106172 | 42 | 3.85037 | 18
7070580212345 | 43 | 3.85037 | 18
14141160424690 | 44 | 3.85037 | 18
28282320849380 | 45 | 3.85037 | 18
56564641698760 | 46 | 3.85037 | 18
113129283397520 | 47 | 6.2491 | 6
113129283397521 | 47 | 1.54822 | 12
226258566795042 | 48 | 0 | 2
226258566795043 | 48 | 1.54183 | 10
1767645053087 | 41 | 4.63978e-310 | 1
27619453955 | 35 | 4.63978e-310 | 3
107888493 | 27 | 10.5238 | 40
215776986 | 28 | 9.73706 | 33
431553973 | 29 | 9.73706 | 33
863107947 | 30 | 9.73706 | 33
1726215894 | 31 | 5.7786 | 16
3452431788 | 32 | 5.7786 | 16
6904863576 | 33 | 5.64057 | 13
13809727152 | 34 | 2.02934 | 7
13809727153 | 34 | 4.63978e-310 | 6
6904863577 | 33 | 1.63042e-322 | 3
1726215895 | 31 | 5.5279 | 17
3452431790 | 32 | 5.5279 | 17
6904863581 | 33 | 5.5279 | 17
13809727162 | 34 | 5.4317 | 13
27619454324 | 35 | 1.58101e-322 | 4
27619454325 | 35 | 1.58101e-322 | 9
13809727163 | 34 | 1.63042e-322 | 4
215776987 | 28 | 4.63978e-310 | 7
53944247 | 26 | 4.63978e-310 | 1
6743031 | 23 | 4.63978e-310 | 2
7 | 3 | 9.59114 | 24
14 | 4 | 4.63978e-310 | 1
15 | 4 | 7.44848 | 23
31 | 5 | 7.44848 | 23
62 | 6 | 7.44848 | 23
124 | 7 | 7.44848 | 23
248 | 8 | 7.44848 | 23
496 | 9 | 4.63978e-310 | 6
497 | 9 | 5.90168 | 17
995 | 10 | 5.90168 | 17
1991 | 11 | 5.90168 | 17
3982 | 12 | 5.90168 | 17
7964 | 13 | 1.58101e-322 | 5
7965 | 13 | 4.75872 | 12
15930 | 14 | 1.58101e-322 | 6
15931 | 14 | 1.63042e-322 | 6
