ID | Depth | diameter | Number of points
0 | 0 | 29.316 | 1600
1 | 1 | 29.316 | 1600
2 | 2 | 28.2066 | 1562
5 | 3 | 28.2066 | 1562
10 | 4 | 28.2066 | 1562
21 | 5 | 28.2066 | 1562
42 | 6 | 28.2066 | 1562
85 | 7 | 28.2066 | 1562
170 | 8 | 28.2066 | 1562
340 | 9 | 19.6536 | 173
680 | 10 | 19.6536 | 173
1361 | 11 | 19.6536 | 173
2722 | 12 | 19.6536 | 173
5445 | 13 | 19.6536 | 173
10890 | 14 | 13.2592 | 114
21780 | 15 | 13.2592 | 114
43561 | 16 | 13.2592 | 114
87122 | 17 | 10.5355 | 24
174244 | 18 | 10.5355 | 24
348488 | 19 | 1.63042e-322 | 2
348489 | 19 | 7.461 | 22
696978 | 20 | 7.461 | 22
1393956 | 21 | 7.461 | 22
2787913 | 22 | 7.461 | 22
5575827 | 23 | 7.461 | 22
11151654 | 24 | 5.8692 | 2
11151655 | 24 | 7.461 | 20
22303311 | 25 | 7.461 | 20
44606622 | 26 | 6.32506 | 15
89213244 | 27 | 6.32506 | 15
178426489 | 28 | 6.32506 | 15
356852979 | 29 | 6.32506 | 15
713705958 | 30 | 6.32506 | 15
1427411916 | 31 | 4.87796 | 14
2854823833 | 32 | 4.87796 | 14
5709647666 | 33 | 6.90513e-310 | 8
5709647667 | 33 | 1.58595e-321 | 6
1427411917 | 31 | 4.63978e-310 | 1
44606623 | 26 | 4.63978e-310 | 5
87123 | 17 | 13.1572 | 90
174246 | 18 | 13.1572 | 90
348493 | 19 | 13.1572 | 90
696986 | 20 | 13.1572 | 90
1393972 | 21 | 13.1572 | 90
2787945 | 22 | 13.1572 | 90
5575890 | 23 | 11.4459 | 66
11151780 | 24 | 11.4459 | 66
22303561 | 25 | 11.4459 | 66
44607122 | 26 | 11.4459 | 66
89214244 | 27 | 11.4459 | 66
178428489 | 28 | 11.4459 | 66
356856979 | 29 | 11.4459 | 66
713713958 | 30 | 11.4459 | 66
1427427917 | 31 | 11.4459 | 66
2854855834 | 32 | 11.4459 | 66
5709711668 | 33 | 11.4459 | 66
11419423336 | 34 | 8.6539 | 57
22838846672 | 35 | 8.6539 | 57
45677693344 | 36 | 8.15267 | 38
91355386688 | 37 | 8.15267 | 37
182710773376 | 38 | 8.15267 | 37
365421546752 | 39 | 8.15267 | 37
730843093505 | 40 | 8.15267 | 37
1461686187011 | 41 | 8.15267 | 37
2923372374022 | 42 | 8.15267 | 37
5846744748045 | 43 | 8.15267 | 37
11693489496091 | 44 | 8.15267 | 37
23386978992182 | 45 | 7.54463 | 20
46773957984365 | 46 | 7.54463 | 20
93547915968730 | 47 | 2.54917 | 2
93547915968731 | 47 | 7.05779 | 18
187095831937462 | 48 | 46.6704 | 1
187095831937463 | 48 | 6.74575 | 17
374191663874926 | 49 | 6.74575 | 17
748383327749852 | 50 | 0.120763 | 5
748383327749853 | 50 | 1.96386 | 12
1496766655499706 | 51 | 1.96386 | 12
2993533310999412 | 52 | 0.359149 | 4
2993533310999413 | 52 | 0.870114 | 8
23386978992183 | 45 | 4.19362 | 17
46773957984366 | 46 | 4.19362 | 17
93547915968732 | 47 | 4.63978e-310 | 1
93547915968733 | 47 | 2.788 | 16
187095831937467 | 48 | 2.788 | 16
374191663874934 | 49 | 2.788 | 16
748383327749868 | 50 | 2.788 | 16
1496766655499737 | 51 | 2.788 | 16
2993533310999475 | 52 | 2.788 | 16
5987066621998950 | 53 | 0.167764 | 1
5987066621998951 | 53 | 2.53689 | 15
11974133243997902 | 54 | 2.53689 | 15
23948266487995804 | 55 | 1.56259 | 11
47896532975991608 | 56 | 1.56259 | 11
95793065951983217 | 57 | 1.56259 | 11
191586131903966434 | 58 | 15.7564 | 1
191586131903966435 | 58 | 0 | 10
23948266487995805 | 55 | 4.63978e-310 | 4
91355386689 | 37 | 4.63978e-310 | 1
45677693345 | 36 | 4.44966 | 19
91355386690 | 37 | 4.63978e-310 | 10
91355386691 | 37 | 4.63978e-310 | 9
11419423337 | 34 | 4.63978e-310 | 9
5575891 | 23 | 10.9503 | 24
11151782 | 24 | 10.9503 | 24
22303565 | 25 | 10.9503 | 24
44607131 | 26 | 10.9503 | 24
89214262 | 27 | 10.9503 | 24
178428525 | 28 | 10.9503 | 24
356857051 | 29 | 10.9503 | 24
713714102 | 30 | 10.9503 | 22
1427428204 | 31 | 3.61637 | 16
2854856408 | 32 | 3.61637 | 16
5709712817 | 33 | 3.61637 | 16
11419425634 | 34 | 2.83401 | 13
22838851269 | 35 | 2.83401 | 13
45677702539 | 36 | 2.83401 | 13
91355405078 | 37 | 119.909 | 6
91355405079 | 37 | 82.9558 | 7
11419425635 | 34 | 4.63978e-310 | 3
1427428205 | 31 | 4.63978e-310 | 6
713714103 | 30 | 4.63978e-310 | 2
10891 | 14 | 14.3018 | 59
21782 | 15 | 14.3018 | 59
43564 | 16 | 12.2651 | 57
87128 | 17 | 12.2651 | 57
174256 | 18 | 3.21143e-322 | 2
174257 | 18 | 11.6836 | 55
348515 | 19 | 11.6836 | 55
697031 | 20 | 11.6836 | 55
1394063 | 21 | 11.6836 | 55
2788127 | 22 | 11.6836 | 55
5576254 | 23 | 5.58735 | 25
11152508 | 24 | 4.63978e-310 | 2
11152509 | 24 | 4.98609 | 23
22305019 | 25 | 4.98609 | 23
44610039 | 26 | 4.98609 | 23
89220078 | 27 | 4.98609 | 23
178440157 | 28 | 4.98609 | 23
356880314 | 29 | 4.98609 | 23
713760629 | 30 | 4.98609 | 23
1427521258 | 31 | 3.19605 | 19
2855042516 | 32 | 2.20108 | 11
5710085032 | 33 | 2.70153 | 2
5710085033 | 33 | 2.36292 | 9
2855042517 | 32 | 2.99313 | 8
1427521259 | 31 | 6.90513e-310 | 4
5576255 | 23 | 11.6836 | 30
11152510 | 24 | 11.6836 | 30
22305020 | 25 | 4.63978e-310 | 3
22305021 | 25 | 9.95979 | 27
44610042 | 26 | 9.95979 | 27
89220084 | 27 | 1.63042e-322 | 2
89220085 | 27 | 6.47136 | 25
178440170 | 28 | 6.47136 | 25
356880341 | 29 | 6.47136 | 25
713760683 | 30 | 6.47136 | 25
1427521366 | 31 | 6.47136 | 25
2855042732 | 32 | 6.47136 | 25
5710085465 | 33 | 6.47136 | 25
11420170931 | 34 | 6.47136 | 25
22840341862 | 35 | 13.3841 | 7
22840341863 | 35 | 6.47136 | 18
45680683726 | 36 | 6.47136 | 18
91361367452 | 37 | 6.47136 | 18
182722734904 | 38 | 0.435538 | 3
182722734905 | 38 | 4.60794 | 15
365445469811 | 39 | 4.60794 | 15
730890939622 | 40 | 4.60794 | 15
1461781879244 | 41 | 4.60794 | 15
2923563758489 | 42 | 4.60794 | 15
5847127516979 | 43 | 4.60794 | 15
11694255033959 | 44 | 4.60794 | 15
23388510067918 | 45 | 4.60794 | 15
46777020135836 | 46 | 7.80731 | 1
46777020135837 | 46 | 3.60242 | 14
93554040271674 | 47 | 16.7889 | 7
93554040271675 | 47 | 23.6713 | 7
43565 | 16 | 4.63978e-310 | 2
341 | 9 | 26.4118 | 1389
682 | 10 | 26.4118 | 1389
1364 | 11 | 23.7313 | 575
2729 | 12 | 23.7313 | 575
5459 | 13 | 23.7313 | 575
10919 | 14 | 23.7313 | 575
21838 | 15 | 22.2293 | 450
43676 | 16 | 12.997 | 162
87353 | 17 | 12.997 | 162
174706 | 18 | 12.997 | 162
349413 | 19 | 12.997 | 162
698826 | 20 | 4.66229 | 23
1397652 | 21 | 4.66229 | 23
2795304 | 22 | 5.62795 | 4
2795305 | 22 | 4.10157 | 19
5590610 | 23 | 0.0355049 | 3
5590611 | 23 | 2.45602 | 16
11181222 | 24 | 2.45602 | 16
22362444 | 25 | 0.29678 | 2
22362445 | 25 | 2.45602 | 14
44724890 | 26 | 2.45602 | 14
89449780 | 27 | 2.45602 | 14
178899560 | 28 | 2.45602 | 14
357799120 | 29 | 47.4298 | 7
357799121 | 29 | 44.162 | 7
698827 | 20 | 12.997 | 139
1397654 | 21 | 12.997 | 139
2795309 | 22 | 12.997 | 139
5590618 | 23 | 12.997 | 136
11181236 | 24 | 12.7842 | 118
22362472 | 25 | 12.7842 | 118
44724944 | 26 | 12.7842 | 118
89449888 | 27 | 11.6551 | 107
178899777 | 28 | 11.6551 | 107
357799554 | 29 | 11.6551 | 107
715599109 | 30 | 11.6551 | 107
1431198218 | 31 | 10.0674 | 60
2862396436 | 32 | 3.49964 | 25
5724792872 | 33 | 2.54058 | 12
11449585744 | 34 | 2.54058 | 12
22899171488 | 35 | 1.39021 | 2
22899171489 | 35 | 0.648234 | 10
5724792873 | 33 | 3.27962 | 13
11449585746 | 34 | 2.04911 | 11
22899171493 | 35 | 2.04911 | 11
45798342986 | 36 | 2.04911 | 11
91596685972 | 37 | 2.80935 | 9
91596685973 | 37 | 0.70572 | 2
11449585747 | 34 | 4.63978e-310 | 2
2862396437 | 32 | 5.50374 | 35
5724792874 | 33 | 4.63978e-310 | 2
5724792875 | 33 | 4.56032 | 33
11449585751 | 34 | 4.56032 | 33
22899171503 | 35 | 4.56032 | 33
45798343007 | 36 | 4.56032 | 33
91596686014 | 37 | 4.14017 | 23
183193372028 | 38 | 3.93301 | 22
366386744056 | 39 | 3.93301 | 22
732773488112 | 40 | 3.93301 | 22
1465546976225 | 41 | 3.93301 | 22
2931093952450 | 42 | 3.93301 | 22
5862187904900 | 43 | 3.93301 | 22
11724375809800 | 44 | 3.93301 | 22
23448751619600 | 45 | 3.49234 | 17
46897503239200 | 46 | 3.49234 | 17
93795006478401 | 47 | 3.49234 | 17
187590012956802 | 48 | 0.220426 | 2
187590012956803 | 48 | 3.01973 | 15
375180025913606 | 49 | 3.01973 | 15
750360051827213 | 50 | 3.01973 | 15
1500720103654426 | 51 | 3.01973 | 15
3001440207308852 | 52 | 3.01973 | 15
6002880414617704 | 53 | 3.01973 | 15
12005760829235408 | 54 | 3.01973 | 15
24011521658470816 | 55 | 1.91003 | 1
24011521658470817 | 55 | 1.93363 | 14
48023043316941635 | 56 | 1.93363 | 14
96046086633883270 | 57 | 42.1304 | 6
96046086633883271 | 57 | 58.392 | 8
23448751619601 | 45 | 4.63978e-310 | 5
183193372029 | 38 | 4.63978e-310 | 1
91596686015 | 37 | 4.63978e-310 | 10
1431198219 | 31 | 11.1661 | 47
2862396438 | 32 | 11.1661 | 47
5724792876 | 33 | 6.78257 | 35
11449585753 | 34 | 6.78257 | 35
22899171507 | 35 | 6.78257 | 35
45798343014 | 36 | 4.46421 | 24
91596686028 | 37 | 4.46421 | 24
183193372057 | 38 | 4.46421 | 24
366386744114 | 39 | 4.46421 | 24
732773488229 | 40 | 4.46421 | 24
1465546976459 | 41 | 4.46421 | 24
2931093952918 | 42 | 3.21143e-322 | 2
2931093952919 | 42 | 3.57251 | 22
5862187905838 | 43 | 3.57251 | 22
11724375811677 | 44 | 3.57251 | 22
23448751623355 | 45 | 3.57251 | 22
46897503246710 | 46 | 3.57251 | 22
93795006493421 | 47 | 3.57251 | 22
187590012986842 | 48 | 3.57251 | 22
375180025973684 | 49 | 3.20276 | 11
750360051947368 | 50 | 3.20276 | 11
1500720103894736 | 51 | 2.59028 | 9
1500720103894737 | 51 | 0.266401 | 2
375180025973685 | 49 | 3.01776 | 11
750360051947370 | 50 | 3.01776 | 11
1500720103894740 | 51 | 3.01776 | 11
3001440207789481 | 52 | 3.01776 | 11
6002880415578962 | 53 | 3.01776 | 11
12005760831157924 | 54 | 3.01776 | 11
24011521662315849 | 55 | 3.01776 | 11
48023043324631698 | 56 | 3.01776 | 11
96046086649263396 | 57 | 3.01776 | 11
192092173298526793 | 58 | 3.01776 | 11
384184346597053586 | 59 | 3.01776 | 11
768368693194107172 | 60 | 84.7517 | 2
768368693194107173 | 60 | 74.6277 | 9
45798343015 | 36 | 2.43296 | 11
91596686031 | 37 | 2.43296 | 11
183193372062 | 38 | 4.63978e-310 | 9
183193372063 | 38 | 4.63978e-310 | 2
5724792877 | 33 | 2.30178 | 12
11449585754 | 34 | 4.63978e-310 | 6
11449585755 | 34 | 4.63978e-310 | 6
89449889 | 27 | 5.97864 | 11
178899778 | 28 | 4.63978e-310 | 1
178899779 | 28 | 4.63978e-310 | 10
11181237 | 24 | 5.3433 | 18
22362475 | 25 | 5.3433 | 18
44724951 | 26 | 5.3433 | 18
89449902 | 27 | 5.3433 | 18
178899804 | 28 | 5.3433 | 18
357799609 | 29 | 5.3433 | 18
715599218 | 30 | 5.3433 | 18
1431198437 | 31 | 5.3433 | 18
2862396874 | 32 | 5.3433 | 18
5724793749 | 33 | 5.3433 | 18
11449587498 | 34 | 4.63978e-310 | 1
11449587499 | 34 | 4.3413 | 17
22899174998 | 35 | 4.3413 | 17
45798349997 | 36 | 4.3413 | 17
91596699994 | 37 | 4.3413 | 17
183193399989 | 38 | 4.3413 | 17
366386799978 | 39 | 4.3413 | 17
732773599956 | 40 | 2.30068 | 13
1465547199913 | 41 | 2.30068 | 13
2931094399826 | 42 | 2.30068 | 13
5862188799652 | 43 | 2.30068 | 13
11724377599304 | 44 | 2.30068 | 13
23448755198608 | 45 | 2.30068 | 13
46897510397216 | 46 | 2.30068 | 13
93795020794432 | 47 | 1.97922 | 12
187590041588864 | 48 | 4.63978e-310 | 4
187590041588865 | 48 | 4.63978e-310 | 8
93795020794433 | 47 | 4.63978e-310 | 1
732773599957 | 40 | 4.63978e-310 | 4
5590619 | 23 | 4.63978e-310 | 3
43677 | 16 | 17.0464 | 288
87355 | 17 | 17.0464 | 288
174710 | 18 | 14.4858 | 213
349420 | 19 | 12.8762 | 201
698840 | 20 | 8.17225 | 59
1397680 | 21 | 10.5919 | 2
1397681 | 21 | 7.90176 | 57
2795363 | 22 | 7.90176 | 57
5590726 | 23 | 7.90176 | 57
11181452 | 24 | 3.40576 | 16
22362904 | 25 | 2.93098 | 13
44725809 | 26 | 2.93098 | 13
89451618 | 27 | 3.10322 | 2
89451619 | 27 | 2.49258 | 11
178903238 | 28 | 2.49258 | 11
357806477 | 29 | 2.49258 | 11
715612954 | 30 | 1.08657 | 3
715612955 | 30 | 4.63978e-310 | 8
22362905 | 25 | 4.63978e-310 | 3
11181453 | 24 | 5.8927 | 41
22362906 | 25 | 5.8927 | 41
44725813 | 26 | 5.8927 | 41
89451626 | 27 | 4.93001 | 27
178903252 | 28 | 4.93001 | 27
357806504 | 29 | 4.4213 | 25
715613008 | 30 | 4.4213 | 19
1431226017 | 31 | 4.4213 | 19
2862452034 | 32 | 3.55034 | 2
2862452035 | 32 | 2.77071 | 17
5724904071 | 33 | 2.77071 | 17
11449808143 | 34 | 2.77071 | 17
22899616287 | 35 | 2.77071 | 17
45799232575 | 36 | 2.77071 | 17
91598465151 | 37 | 2.77071 | 17
183196930302 | 38 | 2.77071 | 17
366393860605 | 39 | 2.77071 | 17
732787721210 | 40 | 2.77071 | 17
1465575442421 | 41 | 2.77071 | 17
2931150884842 | 42 | 1.24692 | 4
2931150884843 | 42 | 2.48067 | 13
5862301769686 | 43 | 1.48885 | 2
5862301769687 | 43 | 2.06755 | 11
11724603539375 | 44 | 2.06755 | 11
23449207078750 | 45 | 2.06755 | 11
46898414157500 | 46 | 2.29246e-321 | 6
46898414157501 | 46 | 25.9185 | 5
715613009 | 30 | 4.63978e-310 | 6
357806505 | 29 | 4.63978e-310 | 2
89451627 | 27 | 3.10986 | 14
178903255 | 28 | 3.10986 | 14
357806510 | 29 | 4.63978e-310 | 7
357806511 | 29 | 4.63978e-310 | 7
698841 | 20 | 11.5147 | 142
1397682 | 21 | 11.5147 | 142
2795364 | 22 | 11.5147 | 142
5590728 | 23 | 11.5147 | 142
11181457 | 24 | 11.5147 | 142
22362914 | 25 | 11.5147 | 142
44725828 | 26 | 11.5147 | 142
89451656 | 27 | 11.0776 | 120
178903312 | 28 | 10.5293 | 111
357806624 | 29 | 39.1801 | 4
357806625 | 29 | 10.5293 | 107
715613251 | 30 | 10.5293 | 107
1431226502 | 31 | 7.95321 | 75
2862453004 | 32 | 7.95321 | 75
5724906008 | 33 | 7.95321 | 75
11449812016 | 34 | 7.95321 | 75
22899624032 | 35 | 0.7003 | 1
22899624033 | 35 | 5.88562 | 74
45799248067 | 36 | 5.88562 | 74
91598496134 | 37 | 5.88562 | 74
183196992268 | 38 | 0.11191 | 5
183196992269 | 38 | 5.88562 | 69
366393984539 | 39 | 5.88562 | 69
732787969078 | 40 | 5.88562 | 69
1465575938157 | 41 | 5.88562 | 69
2931151876314 | 42 | 6.90513e-310 | 1
2931151876315 | 42 | 5.52633 | 68
5862303752630 | 43 | 5.15198 | 67
11724607505260 | 44 | 5.15198 | 56
23449215010520 | 45 | 4.16871 | 45
46898430021041 | 46 | 4.16871 | 45
93796860042082 | 47 | 4.16871 | 45
187593720084164 | 48 | 2.1768 | 14
375187440168328 | 49 | 1.2512 | 9
375187440168329 | 49 | 2.4557 | 5
187593720084165 | 48 | 2.48282 | 31
375187440168330 | 49 | 2.48282 | 31
750374880336660 | 50 | 2.48282 | 31
1500749760673320 | 51 | 1.80146 | 14
3001499521346640 | 52 | 1.80146 | 14
6002999042693280 | 53 | 1.80146 | 14
12005998085386560 | 54 | 1.80146 | 14
24011996170773120 | 55 | 1.58521 | 11
48023992341546240 | 56 | 1.08654 | 8
48023992341546241 | 56 | 1.61604 | 3
24011996170773121 | 55 | 4.63978e-310 | 3
1500749760673321 | 51 | 1.87183 | 17
3001499521346642 | 52 | 4.63978e-310 | 2
3001499521346643 | 52 | 1.77808 | 15
6002999042693286 | 53 | 0.716335 | 6
6002999042693287 | 53 | 1.08654 | 9
23449215010521 | 45 | 1.93097 | 11
46898430021042 | 46 | 4.63978e-310 | 9
46898430021043 | 46 | 4.63978e-310 | 2
11724607505261 | 44 | 4.71536 | 11
23449215010522 | 45 | 4.63978e-310 | 7
23449215010523 | 45 | 4.63978e-310 | 4
5862303752631 | 43 | 4.63978e-310 | 1
1431226503 | 31 | 6.74316 | 32
2862453007 | 32 | 6.74316 | 32
5724906014 | 33 | 5.89129 | 25
11449812028 | 34 | 4.63978e-310 | 8
11449812029 | 34 | 5.39028 | 17
22899624058 | 35 | 5.39028 | 17
45799248116 | 36 | 5.39028 | 17
91598496232 | 37 | 4.63978e-310 | 2
91598496233 | 37 | 5.1243 | 15
183196992466 | 38 | 5.1243 | 15
366393984932 | 39 | 3.21143e-322 | 3
366393984933 | 39 | 2.84083 | 12
732787969866 | 40 | 0 | 7
732787969867 | 40 | 3.78617 | 5
5724906015 | 33 | 4.63978e-310 | 7
178903313 | 28 | 4.63978e-310 | 9
89451657 | 27 | 9.04785 | 22
178903314 | 28 | 9.04785 | 22
357806628 | 29 | 4.05295 | 18
715613256 | 30 | 4.05295 | 18
1431226512 | 31 | 4.63978e-310 | 4
1431226513 | 31 | 2.56386 | 14
2862453027 | 32 | 2.56386 | 14
5724906054 | 33 | 1.6621 | 2
5724906055 | 33 | 2.56386 | 12
11449812110 | 34 | 6.90513e-310 | 1
11449812111 | 34 | 2.19098 | 11
22899624222 | 35 | 2.19098 | 11
45799248444 | 36 | 2.19098 | 11
91598496888 | 37 | 2.19098 | 11
183196993776 | 38 | 2.75325 | 9
183196993777 | 38 | 2.64132 | 2
357806629 | 29 | 4.63978e-310 | 4
349421 | 19 | 5.15779 | 12
698842 | 20 | 5.15779 | 12
1397685 | 21 | 5.15779 | 12
2795371 | 22 | 5.15779 | 12
5590742 | 23 | 4.63978e-310 | 2
5590743 | 23 | 4.63978e-310 | 10
174711 | 18 | 8.55455 | 75
349423 | 19 | 8.55455 | 75
698846 | 20 | 8.55455 | 75
1397692 | 21 | 8.55455 | 75
2795384 | 22 | 6.06125 | 16
5590769 | 23 | 6.06125 | 16
11181538 | 24 | 4.63978e-310 | 10
11181539 | 24 | 6.90513e-310 | 6
2795385 | 22 | 7.1841 | 59
5590770 | 23 | 7.1841 | 59
11181540 | 24 | 5.95186 | 29
22363080 | 25 | 4.63978e-310 | 3
22363081 | 25 | 5.46231 | 26
44726163 | 26 | 5.46231 | 26
89452326 | 27 | 4.79244e-322 | 4
89452327 | 27 | 5.46231 | 22
178904655 | 28 | 5.46231 | 22
357809310 | 29 | 5.46231 | 22
715618621 | 30 | 5.46231 | 22
1431237242 | 31 | 3.05134 | 15
2862474485 | 32 | 3.05134 | 15
5724948970 | 33 | 3.05134 | 15
11449897941 | 34 | 3.05134 | 15
22899795882 | 35 | 3.05134 | 15
45799591765 | 36 | 3.05134 | 15
91599183530 | 37 | 11.3062 | 3
91599183531 | 37 | 2.56714 | 12
183198367063 | 38 | 2.56714 | 12
366396734126 | 39 | 1.36392 | 7
366396734127 | 39 | 1.54093 | 5
1431237243 | 31 | 4.63978e-310 | 7
11181541 | 24 | 3.73559 | 30
22363082 | 25 | 3.73559 | 30
44726165 | 26 | 3.73559 | 30
89452330 | 27 | 4.63978e-310 | 8
89452331 | 27 | 3.27844 | 22
178904662 | 28 | 2.06688 | 14
357809324 | 29 | 2.06688 | 14
715618648 | 30 | 2.06688 | 14
1431237296 | 31 | 2.06688 | 14
2862474593 | 32 | 2.06688 | 14
5724949186 | 33 | 2.06688 | 14
11449898372 | 34 | 2.06688 | 14
22899796745 | 35 | 2.06688 | 14
45799593490 | 36 | 0.381823 | 4
45799593491 | 36 | 4.92908 | 10
178904663 | 28 | 4.63978e-310 | 8
21839 | 15 | 12.353 | 125
43679 | 16 | 12.353 | 125
87358 | 17 | 12.353 | 125
174717 | 18 | 12.353 | 125
349434 | 19 | 9.2447 | 90
698869 | 20 | 9.2447 | 90
1397738 | 21 | 9.2447 | 53
2795476 | 22 | 9.2447 | 53
5590953 | 23 | 9.2447 | 53
11181907 | 24 | 9.2447 | 53
22363815 | 25 | 9.2447 | 53
44727630 | 26 | 9.2447 | 53
89455261 | 27 | 9.2447 | 53
178910522 | 28 | 9.2447 | 53
357821044 | 29 | 9.2447 | 53
715642089 | 30 | 9.2447 | 53
1431284179 | 31 | 9.2447 | 53
2862568359 | 32 | 9.2447 | 53
5725136718 | 33 | 9.2447 | 25
11450273436 | 34 | 4.39983 | 15
22900546873 | 35 | 4.39983 | 15
45801093746 | 36 | 4.39983 | 15
91602187492 | 37 | 4.39983 | 15
183204374984 | 38 | 3.80866 | 13
366408749969 | 39 | 3.80866 | 13
732817499938 | 40 | 3.80866 | 13
1465634999876 | 41 | 0.907148 | 7
1465634999877 | 41 | 2.64065 | 6
183204374985 | 38 | 4.63978e-310 | 2
11450273437 | 34 | 4.63978e-310 | 10
5725136719 | 33 | 8.12726 | 28
11450273438 | 34 | 4.63978e-310 | 1
11450273439 | 34 | 7.30755 | 27
22900546878 | 35 | 7.30755 | 27
45801093757 | 36 | 7.30755 | 27
91602187515 | 37 | 7.30755 | 27
183204375030 | 38 | 7.30755 | 27
366408750061 | 39 | 7.30755 | 27
732817500123 | 40 | 7.30755 | 27
1465635000247 | 41 | 7.30755 | 27
2931270000494 | 42 | 7.30755 | 27
5862540000989 | 43 | 7.30755 | 27
11725080001978 | 44 | 7.30755 | 27
23450160003956 | 45 | 7.30755 | 27
46900320007913 | 46 | 7.30755 | 27
93800640015826 | 47 | 7.30755 | 27
187601280031652 | 48 | 7.30755 | 27
375202560063305 | 49 | 7.30755 | 27
750405120126611 | 50 | 7.30755 | 27
1500810240253222 | 51 | 7.30755 | 27
3001620480506445 | 52 | 7.30755 | 27
6003240961012890 | 53 | 5.71378 | 11
12006481922025780 | 54 | 5.71378 | 11
24012963844051561 | 55 | 5.71378 | 11
48025927688103122 | 56 | 5.71378 | 11
96051855376206245 | 57 | 5.71378 | 11
192103710752412491 | 58 | 5.71378 | 11
384207421504824982 | 59 | 1.10671e-321 | 6
384207421504824983 | 59 | 0.52671 | 5
6003240961012891 | 53 | 2.84434 | 16
12006481922025783 | 54 | 2.84434 | 16
24012963844051567 | 55 | 2.84434 | 16
48025927688103134 | 56 | 2.84434 | 16
96051855376206269 | 57 | 2.84434 | 16
192103710752412538 | 58 | 0 | 10
192103710752412539 | 58 | 0.205642 | 6
1397739 | 21 | 6.02401 | 37
2795478 | 22 | 4.63978e-310 | 1
2795479 | 22 | 4.50532 | 36
5590958 | 23 | 4.50532 | 36
11181916 | 24 | 4.50532 | 36
22363832 | 25 | 2.72275 | 20
44727664 | 26 | 2.72275 | 20
89455329 | 27 | 2.72275 | 20
178910658 | 28 | 2.72275 | 15
357821317 | 29 | 2.72275 | 15
715642635 | 30 | 2.72275 | 15
1431285270 | 31 | 2.72275 | 15
2862570540 | 32 | 2.72275 | 15
5725141080 | 33 | 2.72275 | 15
11450282161 | 34 | 2.72275 | 15
22900564322 | 35 | 2.72275 | 15
45801128644 | 36 | 2.72275 | 15
91602257289 | 37 | 2.72275 | 15
183204514578 | 38 | 2.72275 | 15
366409029156 | 39 | 2.72275 | 15
732818058313 | 40 | 2.72275 | 15
1465636116626 | 41 | 3.21461 | 6
1465636116627 | 41 | 3.49571 | 9
178910659 | 28 | 4.63978e-310 | 5
22363833 | 25 | 3.22902 | 16
44727666 | 26 | 1.7182 | 13
89455332 | 27 | 4.63978e-310 | 1
89455333 | 27 | 1.43093 | 12
178910666 | 28 | 4.63978e-310 | 5
178910667 | 28 | 4.63978e-310 | 7
44727667 | 26 | 4.63978e-310 | 3
349435 | 19 | 5.36619 | 35
698871 | 20 | 5.36619 | 35
1397742 | 21 | 4.29694 | 33
2795484 | 22 | 4.29694 | 33
5590968 | 23 | 13.3419 | 3
5590969 | 23 | 4.15913 | 30
11181938 | 24 | 4.15913 | 30
22363876 | 25 | 2.59523 | 24
44727752 | 26 | 1.92312 | 14
89455505 | 27 | 1.92312 | 14
178911010 | 28 | 1.92312 | 14
357822021 | 29 | 1.92312 | 14
715644042 | 30 | 1.92312 | 14
1431288084 | 31 | 0.30829 | 1
1431288085 | 31 | 1.92312 | 13
2862576171 | 32 | 1.92312 | 13
5725152343 | 33 | 1.92312 | 13
11450304686 | 34 | 1.92312 | 13
22900609373 | 35 | 1.92312 | 13
45801218747 | 36 | 1.92312 | 13
91602437494 | 37 | 6.87038 | 9
91602437495 | 37 | 11.9733 | 4
44727753 | 26 | 4.63978e-310 | 10
22363877 | 25 | 4.63978e-310 | 6
1397743 | 21 | 4.63978e-310 | 2
1365 | 11 | 22.5306 | 814
2730 | 12 | 22.5306 | 814
5461 | 13 | 22.5306 | 814
10922 | 14 | 22.5264 | 728
21844 | 15 | 22.5264 | 689
43689 | 16 | 22.5264 | 689
87378 | 17 | 22.5264 | 689
174756 | 18 | 22.5264 | 631
349512 | 19 | 22.5264 | 631
699025 | 20 | 22.5264 | 631
1398051 | 21 | 22.5264 | 631
2796102 | 22 | 20.0447 | 255
5592205 | 23 | 20.0447 | 255
11184410 | 24 | 20.0447 | 255
22368820 | 25 | 11.363 | 118
44737640 | 26 | 11.363 | 118
89475280 | 27 | 11.363 | 92
178950560 | 28 | 11.363 | 92
357901120 | 29 | 9.78328 | 65
715802240 | 30 | 6.90513e-310 | 1
715802241 | 30 | 7.50104 | 64
1431604482 | 31 | 1.28136 | 2
1431604483 | 31 | 7.50104 | 62
2863208966 | 32 | 6.95668 | 59
5726417933 | 33 | 6.95668 | 59
11452835866 | 34 | 6.95668 | 59
22905671732 | 35 | 5.38542 | 47
45811343464 | 36 | 9.14728 | 4
45811343465 | 36 | 5.38542 | 43
91622686930 | 37 | 5.38542 | 43
183245373860 | 38 | 5.14545 | 41
366490747721 | 39 | 5.14545 | 41
732981495442 | 40 | 5.14545 | 41
1465962990884 | 41 | 5.14545 | 41
2931925981769 | 42 | 5.14545 | 41
5863851963538 | 43 | 5.14545 | 41
11727703927077 | 44 | 5.14545 | 41
23455407854154 | 45 | 5.14545 | 41
46910815708308 | 46 | 5.14545 | 41
93821631416617 | 47 | 5.14545 | 41
187643262833234 | 48 | 5.14545 | 41
375286525666468 | 49 | 5.67755 | 4
375286525666469 | 49 | 5.14545 | 37
750573051332938 | 50 | 5.14545 | 37
1501146102665876 | 51 | 5.14545 | 37
3002292205331752 | 52 | 4.38346 | 26
6004584410663504 | 53 | 3.9309 | 6
6004584410663505 | 53 | 3.14905 | 20
12009168821327010 | 54 | 3.14905 | 20
24018337642654021 | 55 | 3.14905 | 20
48036675285308042 | 56 | 3.14905 | 20
96073350570616084 | 57 | 3.14905 | 20
192146701141232168 | 58 | 3.14905 | 20
384293402282464336 | 59 | 2.81054 | 19
768586804564928672 | 60 | 2.49304 | 7
768586804564928673 | 60 | 2.44217 | 12
1537173609129857346 | 61 | 2.44217 | 12
3074347218259714693 | 62 | 2.44217 | 12
6148694436519429387 | 63 | 2.44217 | 12
-6149355200670692842 | 64 | 2.44217 | 12
6148033672368165932 | 65 | 2.44217 | 12
-6150676728973219752 | 66 | 2.44217 | 12
6145390615763112112 | 67 | 39.0833 | 2
6145390615763112113 | 67 | 2.77237 | 10
384293402282464337 | 59 | 4.63978e-310 | 1
3002292205331753 | 52 | 1.57424 | 11
6004584410663506 | 53 | 4.63978e-310 | 10
6004584410663507 | 53 | 4.63978e-310 | 1
183245373861 | 38 | 4.63978e-310 | 2
22905671733 | 35 | 2.38152 | 12
45811343466 | 36 | 2.38152 | 12
91622686932 | 37 | 2.38152 | 12
183245373864 | 38 | 2.38152 | 11
366490747728 | 39 | 4.63978e-310 | 10
366490747729 | 39 | 4.63978e-310 | 1
183245373865 | 38 | 4.63978e-310 | 1
2863208967 | 32 | 4.63978e-310 | 3
357901121 | 29 | 5.09907 | 27
715802242 | 30 | 5.09907 | 27
1431604484 | 31 | 4.84577 | 24
2863208968 | 32 | 4.84577 | 24
5726417936 | 33 | 3.60032 | 17
11452835873 | 34 | 3.60032 | 17
22905671746 | 35 | 3.60032 | 17
45811343493 | 36 | 3.60032 | 17
91622686986 | 37 | 3.60032 | 16
183245373972 | 38 | 3.60032 | 16
366490747944 | 39 | 3.60032 | 16
732981495889 | 40 | 3.60032 | 16
1465962991778 | 41 | 4.63978e-310 | 2
1465962991779 | 41 | 2.80297 | 14
2931925983558 | 42 | 2.80297 | 14
5863851967117 | 43 | 2.80297 | 14
11727703934235 | 44 | 2.80297 | 14
23455407868470 | 45 | 4.63978e-310 | 10
23455407868471 | 45 | 4.35599 | 4
91622686987 | 37 | 4.63978e-310 | 1
5726417937 | 33 | 4.63978e-310 | 7
1431604485 | 31 | 4.63978e-310 | 3
89475281 | 27 | 5.79194 | 26
178950562 | 28 | 5.79194 | 26
357901124 | 29 | 4.49368 | 25
715802249 | 30 | 4.49368 | 25
1431604498 | 31 | 4.49368 | 25
2863208996 | 32 | 4.49368 | 25
5726417993 | 33 | 4.49368 | 25
11452835986 | 34 | 4.49368 | 25
22905671972 | 35 | 3.68168 | 22
45811343945 | 36 | 3.68168 | 22
91622687891 | 37 | 3.68168 | 22
183245375782 | 38 | 6.90513e-310 | 9
183245375783 | 38 | 2.3568 | 13
366490751567 | 39 | 2.3568 | 13
732981503135 | 40 | 2.3568 | 13
1465963006271 | 41 | 2.3568 | 13
2931926012542 | 42 | 2.3568 | 13
5863852025084 | 43 | 2.3568 | 13
11727704050168 | 44 | 0 | 7
11727704050169 | 44 | 4.63978e-310 | 6
22905671973 | 35 | 4.63978e-310 | 3
357901125 | 29 | 4.63978e-310 | 1
22368821 | 25 | 20.0447 | 137
44737642 | 26 | 17.8099 | 62
89475284 | 27 | 11.6861 | 53
178950568 | 28 | 11.6861 | 53
357901137 | 29 | 11.6861 | 53
715802274 | 30 | 11.6861 | 53
1431604548 | 31 | 4.13877 | 31
2863209097 | 32 | 4.13877 | 31
5726418194 | 33 | 4.13877 | 24
11452836388 | 34 | 4.13877 | 24
22905672777 | 35 | 4.13877 | 24
45811345555 | 36 | 4.13877 | 24
91622691111 | 37 | 4.13877 | 24
183245382223 | 38 | 4.13877 | 24
366490764446 | 39 | 4.13877 | 24
732981528893 | 40 | 4.13877 | 24
1465963057787 | 41 | 4.13877 | 24
2931926115575 | 42 | 4.13877 | 24
5863852231150 | 43 | 4.13877 | 24
11727704462300 | 44 | 4.13877 | 24
23455408924600 | 45 | 2.42092e-322 | 1
23455408924601 | 45 | 4.13877 | 23
46910817849202 | 46 | 4.13877 | 23
93821635698404 | 47 | 4.13877 | 22
187643271396808 | 48 | 4.13877 | 22
375286542793617 | 49 | 4.13877 | 22
750573085587235 | 50 | 4.13877 | 22
1501146171174470 | 51 | 4.13877 | 22
3002292342348940 | 52 | 3.24412 | 1
3002292342348941 | 52 | 3.32537 | 21
6004584684697883 | 53 | 3.32537 | 21
12009169369395766 | 54 | 2.52387 | 16
24018338738791532 | 55 | 1.67021 | 3
24018338738791533 | 55 | 1.97022 | 13
48036677477583066 | 56 | 1.97022 | 13
96073354955166133 | 57 | 1.97022 | 13
192146709910332266 | 58 | 1.97022 | 13
384293419820664532 | 59 | 26.6424 | 8
384293419820664533 | 59 | 100.478 | 5
12009169369395767 | 54 | 4.63978e-310 | 5
93821635698405 | 47 | 4.63978e-310 | 1
5726418195 | 33 | 4.63978e-310 | 7
1431604549 | 31 | 11.6861 | 22
2863209099 | 32 | 11.6861 | 22
5726418198 | 33 | 11.6861 | 22
11452836397 | 34 | 11.6861 | 22
22905672794 | 35 | 4.63978e-310 | 2
22905672795 | 35 | 11.6861 | 20
45811345590 | 36 | 4.63978e-310 | 1
45811345591 | 36 | 3.70328 | 19
91622691182 | 37 | 3.70328 | 19
183245382364 | 38 | 3.70328 | 19
366490764728 | 39 | 4.63978e-310 | 9
366490764729 | 39 | 4.63978e-310 | 10
89475285 | 27 | 4.63978e-310 | 9
44737643 | 26 | 11.587 | 75
89475286 | 27 | 11.587 | 75
178950572 | 28 | 11.587 | 75
357901144 | 29 | 8.4012 | 24
715802288 | 30 | 8.4012 | 24
1431604576 | 31 | 8.4012 | 24
2863209152 | 32 | 14.6261 | 3
2863209153 | 32 | 8.4012 | 21
5726418306 | 33 | 8.4012 | 21
11452836612 | 34 | 8.4012 | 21
22905673224 | 35 | 8.4012 | 21
45811346448 | 36 | 7.57702 | 17
91622692896 | 37 | 6.69554 | 15
183245385792 | 38 | 6.69554 | 15
366490771584 | 39 | 6.69554 | 15
732981543168 | 40 | 6.69554 | 15
1465963086336 | 41 | 4.79244e-322 | 2
1465963086337 | 41 | 6.69554 | 13
2931926172675 | 42 | 6.69554 | 13
5863852345350 | 43 | 6.69554 | 13
11727704690701 | 44 | 6.69554 | 13
23455409381402 | 45 | 27.8155 | 2
23455409381403 | 45 | 5.4048 | 11
46910818762806 | 46 | 64.0992 | 6
46910818762807 | 46 | 6.90513e-310 | 5
91622692897 | 37 | 4.63978e-310 | 2
45811346449 | 36 | 4.63978e-310 | 4
357901145 | 29 | 10.594 | 51
715802291 | 30 | 10.594 | 51
1431604583 | 31 | 10.594 | 51
2863209167 | 32 | 10.594 | 51
5726418334 | 33 | 8.16403 | 23
11452836668 | 34 | 8.16403 | 23
22905673337 | 35 | 8.16403 | 23
45811346674 | 36 | 8.16403 | 23
91622693349 | 37 | 8.16403 | 23
183245386698 | 38 | 8.16403 | 23
366490773396 | 39 | 8.16403 | 23
732981546792 | 40 | 6.65366 | 16
1465963093584 | 41 | 6.65366 | 16
2931926187168 | 42 | 20.3715 | 9
2931926187169 | 42 | 13.3268 | 7
732981546793 | 40 | 4.63978e-310 | 7
5726418335 | 33 | 8.45442 | 28
11452836670 | 34 | 8.45442 | 28
22905673340 | 35 | 8.45442 | 28
45811346680 | 36 | 8.45442 | 28
91622693361 | 37 | 8.45442 | 28
183245386722 | 38 | 8.45442 | 28
366490773444 | 39 | 8.45442 | 25
732981546889 | 40 | 8.45442 | 25
1465963093778 | 41 | 7.83779 | 12
2931926187557 | 42 | 7.83779 | 12
5863852375114 | 43 | 7.83779 | 12
11727704750228 | 44 | 49.8937 | 2
11727704750229 | 44 | 0.28706 | 10
1465963093779 | 41 | 1.76757 | 13
2931926187558 | 42 | 1.76757 | 13
5863852375116 | 43 | 0.167021 | 1
5863852375117 | 43 | 1.62103 | 12
11727704750234 | 44 | 5.14327 | 8
11727704750235 | 44 | 48.6364 | 4
366490773445 | 39 | 4.63978e-310 | 3
2796103 | 22 | 15.3363 | 376
5592206 | 23 | 14.8513 | 358
11184413 | 24 | 14.8513 | 358
22368826 | 25 | 14.8513 | 358
44737653 | 26 | 14.8513 | 358
89475306 | 27 | 0 | 7
89475307 | 27 | 14.7572 | 351
178950615 | 28 | 14.7572 | 351
357901231 | 29 | 14.7572 | 351
715802462 | 30 | 14.0377 | 348
1431604925 | 31 | 14.0377 | 348
2863209850 | 32 | 10.7646 | 178
5726419700 | 33 | 10.7646 | 178
11452839401 | 34 | 10.7646 | 178
22905678802 | 35 | 9.04389 | 72
45811357604 | 36 | 5.23686 | 27
91622715208 | 37 | 3.06014 | 22
183245430417 | 38 | 3.06014 | 22
366490860834 | 39 | 3.06014 | 22
732981721668 | 40 | 2.2539 | 12
1465963443337 | 41 | 2.2539 | 12
2931926886674 | 42 | 0.388809 | 9
2931926886675 | 42 | 0.764302 | 3
732981721669 | 40 | 4.63978e-310 | 10
91622715209 | 37 | 4.63978e-310 | 5
45811357605 | 36 | 4.37944 | 45
91622715210 | 37 | 4.37944 | 45
183245430420 | 38 | 4.37944 | 45
366490860841 | 39 | 4.37944 | 45
732981721683 | 40 | 4.37944 | 45
1465963443367 | 41 | 4.37944 | 45
2931926886734 | 42 | 0.960391 | 4
2931926886735 | 42 | 3.91406 | 41
5863853773470 | 43 | 3.91406 | 41
11727707546940 | 44 | 3.91406 | 41
23455415093881 | 45 | 3.91406 | 41
46910830187763 | 46 | 3.91406 | 41
93821660375527 | 47 | 3.91406 | 41
187643320751054 | 48 | 3.91406 | 41
375286641502108 | 49 | 6.90513e-310 | 8
375286641502109 | 49 | 3.21223 | 33
750573283004219 | 50 | 3.21223 | 33
1501146566008438 | 51 | 0.0935952 | 1
1501146566008439 | 51 | 3.10717 | 32
3002293132016878 | 52 | 3.10717 | 32
6004586264033757 | 53 | 3.10717 | 32
12009172528067514 | 54 | 2.349 | 22
24018345056135028 | 55 | 2.349 | 21
48036690112270057 | 56 | 2.349 | 21
96073380224540115 | 57 | 2.349 | 21
192146760449080230 | 58 | 1.32799 | 6
192146760449080231 | 58 | 1.83105 | 15
384293520898160463 | 59 | 1.83105 | 15
768587041796320926 | 60 | 0.847855 | 9
768587041796320927 | 60 | 2.3986 | 6
24018345056135029 | 55 | 4.63978e-310 | 1
12009172528067515 | 54 | 4.63978e-310 | 10
22905678803 | 35 | 10.7646 | 106
45811357606 | 36 | 10.7646 | 106
91622715212 | 37 | 10.7646 | 106
183245430424 | 38 | 10.7646 | 106
366490860848 | 39 | 10.7646 | 106
732981721696 | 40 | 10.7646 | 54
1465963443393 | 41 | 10.7646 | 54
2931926886786 | 42 | 4.79858 | 25
5863853773572 | 43 | 1.28818 | 3
5863853773573 | 43 | 4.26784 | 22
11727707547147 | 44 | 4.26784 | 22
23455415094294 | 45 | 0.383732 | 2
23455415094295 | 45 | 3.76656 | 20
46910830188590 | 46 | 7.94305 | 5
46910830188591 | 46 | 3.57175 | 15
93821660377182 | 47 | 0.929661 | 9
93821660377183 | 47 | 2.22365 | 6
2931926886787 | 42 | 3.20823 | 29
5863853773574 | 43 | 2.61631 | 26
11727707547149 | 44 | 2.61631 | 26
23455415094299 | 45 | 2.61631 | 26
46910830188598 | 46 | 2.61631 | 26
93821660377197 | 47 | 2.61631 | 26
187643320754394 | 48 | 2.61631 | 21
375286641508788 | 49 | 2.61631 | 21
750573283017576 | 50 | 2.61631 | 21
1501146566035152 | 51 | 2.61631 | 21
3002293132070304 | 52 | 2.61631 | 21
6004586264140608 | 53 | 2.61631 | 17
12009172528281217 | 54 | 2.61631 | 17
24018345056562434 | 55 | 0 | 10
24018345056562435 | 55 | 1.02331 | 7
6004586264140609 | 53 | 4.63978e-310 | 4
187643320754395 | 48 | 4.63978e-310 | 5
5863853773575 | 43 | 4.63978e-310 | 3
732981721697 | 40 | 4.9559 | 52
1465963443395 | 41 | 4.9559 | 52
2931926886790 | 42 | 2.79866 | 36
5863853773580 | 43 | 2.78815 | 29
11727707547161 | 44 | 2.78815 | 29
23455415094322 | 45 | 2.78815 | 29
46910830188645 | 46 | 2.78815 | 29
93821660377291 | 47 | 2.78815 | 29
187643320754582 | 48 | 2.78815 | 29
375286641509165 | 49 | 2.78815 | 29
750573283018330 | 50 | 2.78815 | 29
1501146566036660 | 51 | 1.7264 | 14
3002293132073321 | 52 | 1.7264 | 14
6004586264146643 | 53 | 1.7264 | 14
12009172528293286 | 54 | 1.7264 | 14
24018345056586573 | 55 | 1.7264 | 14
48036690113173146 | 56 | 1.7264 | 14
96073380226346292 | 57 | 0.346136 | 4
96073380226346293 | 57 | 2.594 | 10
1501146566036661 | 51 | 1.04592 | 15
3002293132073322 | 52 | 1.04592 | 15
6004586264146645 | 53 | 1.04592 | 15
12009172528293290 | 54 | 0.747806 | 11
24018345056586581 | 55 | 0.747806 | 11
48036690113173163 | 56 | 0.747806 | 11
96073380226346327 | 57 | 0.747806 | 11
192146760452692654 | 58 | 1.18576e-321 | 9
192146760452692655 | 58 | 0.0196694 | 2
12009172528293291 | 54 | 4.63978e-310 | 4
5863853773581 | 43 | 4.63978e-310 | 7
2931926886791 | 42 | 2.51508 | 16
5863853773582 | 43 | 2.33339 | 15
11727707547164 | 44 | 2.33339 | 15
23455415094328 | 45 | 4.63978e-310 | 7
23455415094329 | 45 | 4.63978e-310 | 8
5863853773583 | 43 | 4.63978e-310 | 1
2863209851 | 32 | 14.0377 | 170
5726419702 | 33 | 10.1087 | 152
11452839404 | 34 | 2.96504 | 14
22905678808 | 35 | 2.03024 | 13
45811357616 | 36 | 0 | 3
45811357617 | 36 | 4.63978e-310 | 10
22905678809 | 35 | 4.63978e-310 | 1
11452839405 | 34 | 10.1087 | 138
22905678810 | 35 | 6.82036 | 72
45811357621 | 36 | 6.82036 | 72
91622715242 | 37 | 6.82036 | 72
183245430484 | 38 | 6.82036 | 72
366490860969 | 39 | 6.82036 | 72
732981721939 | 40 | 6.82036 | 72
1465963443879 | 41 | 6.82036 | 72
2931926887759 | 42 | 6.82036 | 72
5863853775519 | 43 | 6.82036 | 72
11727707551039 | 44 | 6.82036 | 72
23455415102078 | 45 | 4.33719 | 66
46910830204157 | 46 | 4.33719 | 66
93821660408314 | 47 | 2.60131 | 15
187643320816628 | 48 | 4.63978e-310 | 9
187643320816629 | 48 | 9.53547e-322 | 6
93821660408315 | 47 | 4.33719 | 51
187643320816630 | 48 | 3.29255 | 36
375286641633261 | 49 | 3.29255 | 36
750573283266522 | 50 | 3.29255 | 36
1501146566533044 | 51 | 0.800016 | 6
1501146566533045 | 51 | 3.04752 | 30
3002293133066091 | 52 | 3.04752 | 30
6004586266132182 | 53 | 1.69726 | 12
12009172532264364 | 54 | 2.49412 | 5
12009172532264365 | 54 | 0.374575 | 7
6004586266132183 | 53 | 2.29419 | 18
12009172532264367 | 54 | 2.29419 | 18
24018345064528734 | 55 | 1.07921 | 11
48036690129057469 | 56 | 1.07921 | 11
96073380258114939 | 57 | 1.07921 | 11
192146760516229878 | 58 | 3.194 | 4
192146760516229879 | 58 | 7.90505e-322 | 7
24018345064528735 | 55 | 4.63978e-310 | 7
187643320816631 | 48 | 1.84591 | 15
375286641633262 | 49 | 1.84591 | 15
750573283266524 | 50 | 1.84591 | 15
1501146566533048 | 51 | 1.84591 | 15
3002293133066096 | 52 | 0 | 2
3002293133066097 | 52 | 1.83466 | 13
6004586266132195 | 53 | 1.83466 | 13
12009172532264390 | 54 | 4.63978e-310 | 1
12009172532264391 | 54 | 1.83466 | 12
24018345064528782 | 55 | 5.26329 | 9
24018345064528783 | 55 | 0.646194 | 3
23455415102079 | 45 | 4.63978e-310 | 6
22905678811 | 35 | 6.23326 | 66
45811357623 | 36 | 6.23326 | 66
91622715247 | 37 | 6.23326 | 66
183245430494 | 38 | 5.41748 | 62
366490860989 | 39 | 5.41748 | 62
732981721978 | 40 | 4.58904 | 29
1465963443956 | 41 | 4.58904 | 29
2931926887913 | 42 | 4.58904 | 29
5863853775826 | 43 | 4.58904 | 29
11727707551652 | 44 | 3.17939 | 21
23455415103304 | 45 | 2.83712 | 20
46910830206609 | 46 | 2.83712 | 20
93821660413219 | 47 | 2.83712 | 20
187643320826439 | 48 | 2.83712 | 20
375286641652879 | 49 | 2.83712 | 20
750573283305758 | 50 | 2.83712 | 20
1501146566611516 | 51 | 2.62542 | 18
3002293133223032 | 52 | 6.89281 | 2
3002293133223033 | 52 | 2.62542 | 16
6004586266446066 | 53 | 3.24974 | 8
6004586266446067 | 53 | 5.58294e-322 | 8
1501146566611517 | 51 | 4.63978e-310 | 2
23455415103305 | 45 | 4.63978e-310 | 1
11727707551653 | 44 | 4.63978e-310 | 8
732981721979 | 40 | 5.25659 | 33
1465963443959 | 41 | 5.25659 | 33
2931926887918 | 42 | 4.72876 | 32
5863853775836 | 43 | 4.72876 | 32
11727707551673 | 44 | 4.72876 | 32
23455415103346 | 45 | 4.72876 | 32
46910830206693 | 46 | 4.72876 | 32
93821660413386 | 47 | 4.34494 | 31
187643320826772 | 48 | 4.34494 | 31
375286641653545 | 49 | 4.34494 | 31
750573283307091 | 50 | 4.34494 | 31
1501146566614183 | 51 | 4.34494 | 31
3002293133228366 | 52 | 4.34494 | 28
6004586266456732 | 53 | 2.95646 | 24
12009172532913465 | 54 | 2.95646 | 24
24018345065826930 | 55 | 2.95646 | 24
48036690131653860 | 56 | 1.89953 | 8
48036690131653861 | 56 | 1.9995 | 16
96073380263307722 | 57 | 0.153603 | 7
96073380263307723 | 57 | 1.14891 | 9
6004586266456733 | 53 | 4.63978e-310 | 4
3002293133228367 | 52 | 4.63978e-310 | 3
93821660413387 | 47 | 4.63978e-310 | 1
2931926887919 | 42 | 4.63978e-310 | 1
183245430495 | 38 | 4.63978e-310 | 4
5726419703 | 33 | 2.81048 | 18
11452839406 | 34 | 4.63978e-310 | 4
11452839407 | 34 | 2.529 | 14
22905678814 | 35 | 4.63978e-310 | 1
22905678815 | 35 | 2.529 | 13
45811357630 | 36 | 2.529 | 13
91622715261 | 37 | 2.529 | 13
183245430522 | 38 | 2.529 | 13
366490861044 | 39 | 4.63978e-310 | 5
366490861045 | 39 | 4.63978e-310 | 8
715802463 | 30 | 4.63978e-310 | 3
5592207 | 23 | 3.44147 | 18
11184415 | 24 | 3.44147 | 18
22368831 | 25 | 3.44147 | 18
44737662 | 26 | 2.90046 | 17
89475325 | 27 | 2.90046 | 17
178950651 | 28 | 2.90046 | 17
357901303 | 29 | 2.90046 | 17
715802606 | 30 | 1.95326 | 14
1431605212 | 31 | 4.63978e-310 | 8
1431605213 | 31 | 4.63978e-310 | 6
715802607 | 30 | -0.313115 | 3
44737663 | 26 | 4.63978e-310 | 1
174757 | 18 | 10.7206 | 58
349515 | 19 | 10.7206 | 58
699031 | 20 | 10.7206 | 58
1398062 | 21 | 9.42169 | 19
2796124 | 22 | 8.0723 | 12
5592248 | 23 | 1.63042e-322 | 2
5592249 | 23 | 1.63042e-322 | 10
2796125 | 22 | 1.58101e-322 | 7
1398063 | 21 | 10.7206 | 39
2796126 | 22 | 10.7206 | 39
5592252 | 23 | 1.63042e-322 | 4
5592253 | 23 | 9.61747 | 35
11184506 | 24 | 9.61747 | 35
22369013 | 25 | 9.61747 | 35
44738026 | 26 | 3.13161 | 16
89476052 | 27 | 3.13161 | 16
178952104 | 28 | 3.0413 | 15
357904209 | 29 | 3.0413 | 15
715808419 | 30 | 3.0413 | 15
1431616838 | 31 | 2.71634 | 13
2863233676 | 32 | 11.9281 | 7
2863233677 | 32 | 1.63042e-322 | 6
1431616839 | 31 | 4.63978e-310 | 2
178952105 | 28 | 4.63978e-310 | 1
44738027 | 26 | 6.5613 | 19
89476054 | 27 | 6.5613 | 19
178952109 | 28 | 6.5613 | 19
357904218 | 29 | 4.37987 | 17
715808437 | 30 | 4.37987 | 17
1431616875 | 31 | 4.37987 | 17
2863233750 | 32 | 3.04764 | 15
5726467500 | 33 | 3.04764 | 15
11452935001 | 34 | 3.04764 | 15
22905870002 | 35 | 3.04764 | 15
45811740004 | 36 | 3.04764 | 15
91623480008 | 37 | 2.706 | 12
183246960016 | 38 | 2.706 | 12
366493920032 | 39 | 2.706 | 12
732987840065 | 40 | 2.706 | 12
1465975680130 | 41 | 6.90513e-310 | 7
1465975680131 | 41 | 9.53547e-322 | 5
91623480009 | 37 | 4.63978e-310 | 3
2863233751 | 32 | 4.63978e-310 | 2
357904219 | 29 | 4.63978e-310 | 2
21845 | 15 | 8.99291 | 39
43691 | 16 | 8.99291 | 39
87382 | 17 | 4.63978e-310 | 7
87383 | 17 | 6.68046 | 32
174766 | 18 | 6.68046 | 32
349532 | 19 | 6.68046 | 32
699064 | 20 | 3.98809 | 19
1398128 | 21 | 3.98809 | 19
2796257 | 22 | 3.98809 | 19
5592514 | 23 | 1.63042e-322 | 1
5592515 | 23 | 3.98809 | 18
11185031 | 24 | 3.98809 | 18
22370062 | 25 | 3.23318 | 17
44740125 | 26 | 3.23318 | 17
89480250 | 27 | 3.23318 | 17
178960500 | 28 | 3.23318 | 17
357921000 | 29 | 1.58101e-322 | 7
357921001 | 29 | 3.21143e-322 | 10
22370063 | 25 | 4.63978e-310 | 1
699065 | 20 | 4.19946 | 13
1398130 | 21 | 4.63978e-310 | 6
1398131 | 21 | 4.63978e-310 | 7
10923 | 14 | 19.1059 | 86
21846 | 15 | 12.9998 | 28
43693 | 16 | 12.9998 | 28
87386 | 17 | 12.9998 | 28
174773 | 18 | 12.9998 | 28
349546 | 19 | 8.77067 | 14
699092 | 20 | 8.77067 | 14
1398185 | 21 | 8.77067 | 14
2796370 | 22 | 1.63042e-322 | 2
2796371 | 22 | 6.95581 | 12
5592743 | 23 | 6.95581 | 12
11185486 | 24 | 6.95581 | 12
22370972 | 25 | 6.95581 | 12
44741944 | 26 | 6.95581 | 12
89483888 | 27 | 6.95581 | 12
178967776 | 28 | 6.95581 | 12
357935552 | 29 | 6.95581 | 12
715871105 | 30 | 6.95581 | 12
1431742211 | 31 | 6.95581 | 12
2863484423 | 32 | 6.95581 | 12
5726968847 | 33 | 6.95581 | 12
11453937695 | 34 | 6.95581 | 12
22907875390 | 35 | 6.95581 | 12
45815750781 | 36 | 6.95581 | 12
91631501563 | 37 | 6.95581 | 12
183263003127 | 38 | 6.95581 | 12
366526006255 | 39 | 6.95581 | 12
733052012510 | 40 | 6.95581 | 12
1466104025020 | 41 | 0.0866384 | 5
1466104025021 | 41 | 6.40185 | 7
349547 | 19 | 5.29158 | 14
699095 | 20 | 5.29158 | 14
1398190 | 21 | 5.29158 | 14
2796380 | 22 | 5.29158 | 14
5592760 | 23 | 4.63978e-310 | 10
5592761 | 23 | 4.63978e-310 | 4
21847 | 15 | 13.332 | 58
43695 | 16 | 13.332 | 58
87391 | 17 | 13.332 | 58
174782 | 18 | 1.63042e-322 | 2
174783 | 18 | 11.6255 | 56
349566 | 19 | 5.27989 | 11
699132 | 20 | 3.21143e-322 | 6
699133 | 20 | 1.58101e-322 | 5
349567 | 19 | 11.6255 | 45
699135 | 20 | 11.6255 | 45
1398270 | 21 | 4.33201 | 12
2796540 | 22 | 4.33201 | 12
5593081 | 23 | 4.33201 | 12
11186162 | 24 | 0 | 1
11186163 | 24 | 3.64067 | 11
22372326 | 25 | 3.64067 | 11
44744652 | 26 | 3.64067 | 11
89489305 | 27 | 3.64067 | 11
178978610 | 28 | 1.58101e-322 | 10
178978611 | 28 | 4.63978e-310 | 1
1398271 | 21 | 7.81359 | 33
2796542 | 22 | 7.81359 | 33
5593084 | 23 | 7.81359 | 22
11186168 | 24 | 7.81359 | 22
22372336 | 25 | 7.81359 | 22
44744672 | 26 | 7.81359 | 22
89489344 | 27 | 7.81359 | 22
178978688 | 28 | 7.81359 | 22
357957377 | 29 | 7.81359 | 22
715914754 | 30 | 11.7809 | 1
715914755 | 30 | 7.7017 | 21
1431829510 | 31 | 7.7017 | 21
2863659020 | 32 | 6.7756 | 12
5727318041 | 33 | 6.7756 | 12
11454636082 | 34 | 12.3767 | 1
11454636083 | 34 | 3.82264 | 11
22909272166 | 35 | 3.82264 | 11
45818544333 | 36 | 3.82264 | 11
91637088667 | 37 | 3.82264 | 11
183274177335 | 38 | 3.82264 | 11
366548354671 | 39 | 3.82264 | 11
733096709343 | 40 | 3.82264 | 11
1466193418686 | 41 | 10.2116 | 4
1466193418687 | 41 | 34.8695 | 7
2863659021 | 32 | 4.63978e-310 | 9
5593085 | 23 | 3.30668 | 11
11186170 | 24 | 4.63978e-310 | 6
11186171 | 24 | 4.63978e-310 | 5
3 | 2 | 20.0673 | 38
6 | 3 | 20.0673 | 38
12 | 4 | 16.3775 | 26
24 | 5 | 16.3775 | 26
48 | 6 | 16.3775 | 26
96 | 7 | 16.3775 | 26
193 | 8 | 16.3775 | 26
386 | 9 | 15.958 | 24
772 | 10 | 15.958 | 24
1545 | 11 | 15.958 | 24
3090 | 12 | 4.63978e-310 | 5
3091 | 12 | 7.08856 | 19
6182 | 13 | 4.63978e-310 | 3
6183 | 13 | 7.08856 | 16
12366 | 14 | 7.08856 | 16
24732 | 15 | 9.07485 | 3
24733 | 15 | 6.12904 | 13
49467 | 16 | 6.12904 | 13
98934 | 17 | 6.12904 | 13
197868 | 18 | 4.63978e-310 | 2
197869 | 18 | 5.32861 | 11
395738 | 19 | 5.32861 | 11
791477 | 20 | 5.32861 | 11
1582954 | 21 | 4.63978e-310 | 6
1582955 | 21 | 1.51069 | 5
387 | 9 | 4.63978e-310 | 2
13 | 4 | 12.9243 | 12
26 | 5 | 12.9243 | 12
52 | 6 | 12.9243 | 12
104 | 7 | 12.2368 | 11
209 | 8 | 12.2368 | 11
418 | 9 | 4.63978e-310 | 2
419 | 9 | 4.63978e-310 | 9
105 | 7 | 4.63978e-310 | 1
