ID | Depth | diameter | Number of points
0 | 0 | 29.316 | 1600
0 | 1 | 29.316 | 1555
0 | 2 | 29.316 | 1432
1 | 3 | 29.316 | 1432
2 | 4 | 29.316 | 1432
5 | 5 | 29.316 | 1432
10 | 6 | 27.2093 | 472
20 | 7 | 13.3948 | 88
40 | 8 | 4.63978e-310 | 1
41 | 8 | 11.9394 | 87
82 | 9 | 3.53041 | 16
164 | 10 | 4.63978e-310 | 9
165 | 10 | 4.63978e-310 | 7
83 | 9 | 8.55794 | 71
167 | 10 | 8.55794 | 71
334 | 11 | 3.82264 | 13
668 | 12 | 2.16959 | 11
1336 | 13 | 2.16959 | 11
2672 | 14 | 2.16959 | 11
5344 | 15 | 2.16959 | 11
10688 | 16 | 1.58101e-322 | 10
10689 | 16 | 1.63042e-322 | 1
669 | 12 | 4.63978e-310 | 2
335 | 11 | 7.41465 | 58
670 | 12 | 5.7932 | 39
1341 | 13 | 5.7932 | 39
2683 | 14 | 5.7932 | 39
5366 | 15 | 4.63978e-310 | 7
5367 | 15 | 4.26252 | 32
10734 | 16 | 4.26252 | 32
21469 | 17 | 4.26252 | 32
42938 | 18 | 4.26252 | 32
85876 | 19 | 4.26252 | 32
171753 | 20 | 4.26252 | 32
343506 | 21 | 4.26252 | 32
687012 | 22 | 3.11164 | 12
1374024 | 23 | 3.11164 | 12
2748048 | 24 | 3.21143e-322 | 10
2748049 | 24 | 3.21143e-322 | 2
687013 | 22 | 3.81906 | 20
1374026 | 23 | 3.81906 | 20
2748053 | 24 | 3.81906 | 20
5496107 | 25 | 3.81906 | 20
10992214 | 26 | 3.81906 | 20
21984429 | 27 | 3.81906 | 20
43968858 | 28 | 1.33894 | 9
43968859 | 28 | 3.81906 | 11
87937719 | 29 | 3.81906 | 11
175875438 | 30 | 3.28222 | 5
175875439 | 30 | 3.56718 | 6
671 | 12 | 4.03743 | 19
1342 | 13 | 4.03743 | 19
2684 | 14 | 4.63978e-310 | 10
2685 | 14 | 4.63978e-310 | 9
21 | 7 | 27.2093 | 384
43 | 8 | 27.2093 | 384
86 | 9 | 27.2093 | 384
172 | 10 | 27.2093 | 384
344 | 11 | 27.2093 | 384
688 | 12 | 27.2093 | 384
1376 | 13 | 27.2093 | 378
2752 | 14 | 24.9977 | 335
5504 | 15 | 24.275 | 216
11009 | 16 | 24.275 | 216
22018 | 17 | 24.275 | 216
44036 | 18 | 24.275 | 216
88072 | 19 | 22.6384 | 169
176144 | 20 | 22.6384 | 169
352289 | 21 | 22.6384 | 169
704578 | 22 | 18.5047 | 90
1409156 | 23 | 15.5275 | 60
2818312 | 24 | 0.0833227 | 3
2818313 | 24 | 15.5275 | 57
5636626 | 25 | 10.3676 | 13
11273253 | 26 | 10.3676 | 13
22546507 | 27 | 10.3676 | 13
45093015 | 28 | 10.3676 | 13
90186030 | 29 | 10.3676 | 13
180372061 | 30 | 10.3676 | 13
360744123 | 31 | 10.3676 | 13
721488246 | 32 | 2.72294 | 5
721488247 | 32 | 0 | 8
5636627 | 25 | 15.2225 | 44
11273254 | 26 | 6.47447 | 15
22546508 | 27 | 6.47447 | 15
45093016 | 28 | 6.47447 | 15
90186032 | 29 | 6.47447 | 15
180372064 | 30 | 4.40854 | 11
360744129 | 31 | 4.40854 | 11
721488258 | 32 | 4.40854 | 11
1442976516 | 33 | 0.0620003 | 9
1442976517 | 33 | 3.05074 | 2
180372065 | 30 | 4.63978e-310 | 4
11273255 | 26 | 11.2756 | 29
22546511 | 27 | 11.2756 | 29
45093022 | 28 | 11.2756 | 29
90186044 | 29 | 4.69903 | 11
180372088 | 30 | 4.69903 | 11
360744176 | 31 | 6.90513e-310 | 4
360744177 | 31 | 2.19005 | 7
90186045 | 29 | 11.2756 | 18
180372090 | 30 | 11.2756 | 18
360744180 | 31 | 11.2756 | 18
721488361 | 32 | 11.2756 | 18
1442976722 | 33 | 11.2756 | 18
2885953444 | 34 | 111.487 | 7
2885953445 | 34 | 6.92568 | 11
5771906891 | 35 | 6.92568 | 11
11543813783 | 36 | 6.92568 | 11
23087627566 | 37 | 6.92568 | 11
46175255132 | 38 | 2.53545 | 10
46175255133 | 38 | 11.5531 | 1
1409157 | 23 | 10.903 | 30
2818314 | 24 | 6.89638 | 21
5636628 | 25 | 4.63978e-310 | 2
5636629 | 25 | 6.38896 | 19
11273258 | 26 | 6.38896 | 19
22546516 | 27 | 5.07589 | 16
45093033 | 28 | 5.07589 | 16
90186066 | 29 | 4.63978e-310 | 10
90186067 | 29 | 4.63978e-310 | 6
22546517 | 27 | 4.63978e-310 | 3
2818315 | 24 | 93.8794 | 9
704579 | 22 | 15.2001 | 79
1409158 | 23 | 15.2001 | 79
2818316 | 24 | 15.2001 | 79
5636633 | 25 | 15.2001 | 79
11273266 | 26 | 0.269756 | 3
11273267 | 26 | 15.2001 | 76
22546534 | 27 | 11.0609 | 34
45093068 | 28 | 11.0609 | 34
90186137 | 29 | 11.0609 | 34
180372274 | 30 | 92.8673 | 1
180372275 | 30 | 8.77856 | 33
360744550 | 31 | 8.77856 | 33
721489101 | 32 | 8.77856 | 33
1442978202 | 33 | 8.77856 | 33
2885956404 | 34 | 8.77856 | 33
5771912808 | 35 | 8.77856 | 33
11543825617 | 36 | 8.77856 | 33
23087651235 | 37 | 8.77856 | 33
46175302470 | 38 | 0 | 3
46175302471 | 38 | 7.53485 | 30
92350604943 | 39 | 7.53485 | 30
184701209887 | 40 | 7.53485 | 30
369402419774 | 41 | 5.5101 | 26
738804839548 | 42 | 5.5101 | 26
1477609679096 | 43 | 5.5101 | 23
2955219358192 | 44 | 5.5101 | 23
5910438716385 | 45 | 5.5101 | 23
11820877432770 | 46 | 5.5101 | 12
23641754865540 | 47 | 5.38222 | 9
23641754865541 | 47 | 4.75858 | 3
11820877432771 | 46 | 3.49398 | 11
23641754865542 | 47 | 3.49398 | 11
47283509731084 | 48 | 3.49398 | 11
94567019462169 | 49 | 3.49398 | 11
189134038924339 | 50 | 3.49398 | 11
378268077848679 | 51 | 3.49398 | 11
756536155697358 | 52 | 3.49398 | 11
1513072311394717 | 53 | 3.49398 | 11
3026144622789434 | 54 | 3.49398 | 11
6052289245578868 | 55 | 3.49398 | 11
12104578491157736 | 56 | 21.2935 | 4
12104578491157737 | 56 | 3.9699 | 7
1477609679097 | 43 | 4.63978e-310 | 3
369402419775 | 41 | 4.63978e-310 | 4
22546535 | 27 | 5.50677 | 42
45093071 | 28 | 5.50677 | 42
90186142 | 29 | 3.19559 | 21
180372284 | 30 | 2.22338 | 15
360744569 | 31 | 2.22338 | 15
721489139 | 32 | 2.22338 | 15
1442978278 | 33 | 2.22338 | 15
2885956556 | 34 | 2.22338 | 15
5771913112 | 35 | 2.22338 | 15
11543826224 | 36 | 1.8695 | 12
23087652449 | 37 | 1.8695 | 12
46175304899 | 38 | 1.8695 | 12
92350609798 | 39 | 1.8695 | 12
184701219597 | 40 | 1.8695 | 12
369402439195 | 41 | 1.8695 | 12
738804878390 | 42 | 2.28056 | 10
738804878391 | 42 | 1.0106 | 2
11543826225 | 36 | 4.63978e-310 | 3
180372285 | 30 | 4.63978e-310 | 6
90186143 | 29 | 4.45697 | 21
180372287 | 30 | 4.45697 | 21
360744574 | 31 | 4.45697 | 21
721489148 | 32 | 4.63978e-310 | 2
721489149 | 32 | 4.42221 | 19
1442978299 | 33 | 4.42221 | 19
2885956598 | 34 | 12.6725 | 5
2885956599 | 34 | 4.18902 | 14
5771913198 | 35 | 4.18902 | 14
11543826396 | 36 | 4.18902 | 14
23087652793 | 37 | 4.18902 | 14
46175305587 | 38 | 4.18902 | 14
92350611174 | 39 | 7.76893 | 1
92350611175 | 39 | 3.85104 | 13
184701222351 | 40 | 3.85104 | 13
369402444703 | 41 | 3.85104 | 13
738804889406 | 42 | 1.28431 | 3
738804889407 | 42 | 4.63978e-310 | 10
88073 | 19 | 9.8595 | 47
176146 | 20 | 4.63978e-310 | 2
176147 | 20 | 5.1503 | 45
352295 | 21 | 5.1503 | 45
704590 | 22 | 5.1503 | 45
1409181 | 23 | 5.1503 | 45
2818362 | 24 | 4.05992 | 31
5636724 | 25 | 4.63978e-310 | 10
5636725 | 25 | 3.89022 | 21
11273450 | 26 | 3.89022 | 19
22546900 | 27 | 3.89022 | 19
45093801 | 28 | 3.89022 | 19
90187602 | 29 | 1.63042e-322 | 10
90187603 | 29 | 1.63042e-322 | 9
11273451 | 26 | 1.63042e-322 | 2
2818363 | 24 | 2.00284 | 14
5636726 | 25 | 1.6874 | 13
11273452 | 26 | 1.6874 | 13
22546904 | 27 | 1.10971 | 8
22546905 | 27 | 1.58101e-322 | 5
5636727 | 25 | 4.63978e-310 | 1
5505 | 15 | 20.7559 | 119
11010 | 16 | 20.7559 | 119
22020 | 17 | 20.7559 | 119
44040 | 18 | 20.7559 | 119
88080 | 19 | 4.63978e-310 | 3
88081 | 19 | 20.7559 | 116
176162 | 20 | 7.67001 | 48
352324 | 21 | 7.67001 | 48
704649 | 22 | 7.67001 | 48
1409298 | 23 | 7.67001 | 48
2818597 | 24 | 7.67001 | 48
5637194 | 25 | 5.19857 | 43
11274388 | 26 | 5.19857 | 43
22548776 | 27 | 5.19857 | 43
45097552 | 28 | 5.19857 | 43
90195105 | 29 | 5.19857 | 43
180390211 | 30 | 5.19857 | 43
360780423 | 31 | 5.19857 | 43
721560846 | 32 | 21.1029 | 5
721560847 | 32 | 3.32237 | 38
1443121694 | 33 | 1.77163 | 11
2886243389 | 34 | 1.77163 | 11
5772486778 | 35 | 47.7166 | 6
5772486779 | 35 | 0.115471 | 5
1443121695 | 33 | 3.16118 | 27
2886243391 | 34 | 3.16118 | 27
5772486782 | 35 | 4.63978e-310 | 9
5772486783 | 35 | 2.1311 | 18
11544973567 | 36 | 2.1311 | 18
23089947134 | 37 | 1.57163 | 16
46179894269 | 38 | 1.57163 | 16
92359788538 | 39 | 1.57163 | 16
184719577076 | 40 | 1.57163 | 16
369439154152 | 41 | 0 | 10
369439154153 | 41 | 0.0158008 | 6
23089947135 | 37 | 4.63978e-310 | 2
5637195 | 25 | 4.63978e-310 | 5
176163 | 20 | 14.8089 | 68
352326 | 21 | 14.8089 | 68
704652 | 22 | 14.8089 | 68
1409305 | 23 | 14.8089 | 68
2818610 | 24 | 14.8089 | 22
5637220 | 25 | 14.8089 | 22
11274440 | 26 | 14.8089 | 21
22548880 | 27 | 14.8089 | 21
45097760 | 28 | 4.63978e-310 | 1
45097761 | 28 | 14.5854 | 20
90195522 | 29 | 3.28153 | 17
180391044 | 30 | 3.28153 | 17
360782088 | 31 | 3.28153 | 17
721564176 | 32 | 3.15915 | 16
1443128353 | 33 | 3.15915 | 16
2886256706 | 34 | 3.15915 | 16
5772513412 | 35 | 2.37171 | 12
11545026825 | 36 | 2.37171 | 12
23090053650 | 37 | 2.37171 | 12
46180107300 | 38 | 2.37171 | 12
92360214601 | 39 | 2.37171 | 12
184720429202 | 40 | 0 | 4
184720429203 | 40 | 178.841 | 8
5772513413 | 35 | 4.63978e-310 | 4
721564177 | 32 | 4.63978e-310 | 1
90195523 | 29 | 4.63978e-310 | 3
11274441 | 26 | 4.63978e-310 | 1
2818611 | 24 | 14.4779 | 46
5637222 | 25 | 4.63978e-310 | 2
5637223 | 25 | 13.9285 | 44
11274446 | 26 | 4.87746 | 31
22548892 | 27 | 4.87746 | 31
45097784 | 28 | 0 | 1
45097785 | 28 | 4.37736 | 30
90195571 | 29 | 4.37736 | 30
180391143 | 30 | 4.37736 | 30
360782286 | 31 | 4.37736 | 30
721564573 | 32 | 4.37736 | 30
1443129147 | 33 | 4.37736 | 30
2886258294 | 34 | 4.37736 | 30
5772516588 | 35 | 4.03597 | 27
11545033176 | 36 | 4.03597 | 27
23090066352 | 37 | 5.50699 | 7
23090066353 | 37 | 2.72801 | 20
46180132706 | 38 | 2.72801 | 20
92360265413 | 39 | 2.72801 | 20
184720530826 | 40 | 2.72801 | 20
369441061652 | 41 | 2.59448 | 19
738882123304 | 42 | 2.59448 | 19
1477764246608 | 43 | 2.59448 | 19
2955528493216 | 44 | 0.44284 | 7
2955528493217 | 44 | 1.8572 | 12
5911056986434 | 45 | 1.84925 | 11
11822113972868 | 46 | 1.84925 | 11
23644227945737 | 47 | 1.84925 | 11
47288455891475 | 48 | 1.84925 | 11
94576911782950 | 49 | 1.84925 | 11
189153823565900 | 50 | 1.84925 | 11
378307647131800 | 51 | 174.435 | 5
378307647131801 | 51 | 11.3514 | 6
5911056986435 | 45 | 4.63978e-310 | 1
369441061653 | 41 | 4.63978e-310 | 1
5772516589 | 35 | 4.63978e-310 | 3
11274447 | 26 | 5.34263 | 13
22548894 | 27 | 5.34263 | 13
45097788 | 28 | 4.63978e-310 | 3
45097789 | 28 | 4.63978e-310 | 10
2753 | 14 | 12.9046 | 43
5506 | 15 | 12.3694 | 40
11013 | 16 | 12.3694 | 40
22026 | 17 | 12.2302 | 13
44052 | 18 | 4.63978e-310 | 2
44053 | 18 | 11.5418 | 11
88106 | 19 | 11.5418 | 11
176212 | 20 | 11.5418 | 11
352424 | 21 | 4.63978e-310 | 3
352425 | 21 | 4.63978e-310 | 8
22027 | 17 | 8.65568 | 27
44055 | 18 | 8.65568 | 27
88110 | 19 | 8.65568 | 26
176220 | 20 | 8.65568 | 17
352441 | 21 | 8.65568 | 17
704883 | 22 | 8.65568 | 17
1409767 | 23 | 8.65568 | 17
2819534 | 24 | 5.36294 | 15
5639068 | 25 | 5.36294 | 15
11278137 | 26 | 5.36294 | 15
22556274 | 27 | 5.36294 | 15
45112548 | 28 | 5.36294 | 15
90225096 | 29 | 5.36294 | 15
180450192 | 30 | 3.91552 | 14
360900384 | 31 | 3.91552 | 14
721800769 | 32 | 3.91552 | 14
1443601538 | 33 | 0.311158 | 9
1443601539 | 33 | 18.7067 | 5
180450193 | 30 | 4.63978e-310 | 1
2819535 | 24 | 4.63978e-310 | 2
176221 | 20 | 4.63978e-310 | 9
88111 | 19 | 4.63978e-310 | 1
5507 | 15 | 4.63978e-310 | 3
1377 | 13 | 4.63978e-310 | 6
11 | 6 | 25.6804 | 960
22 | 7 | 19.1107 | 581
44 | 8 | 13.4928 | 197
88 | 9 | 12.3109 | 167
176 | 10 | 4.63978e-310 | 1
177 | 10 | 10.7509 | 166
355 | 11 | 10.7509 | 166
711 | 12 | 10.7509 | 166
1422 | 13 | 10.7509 | 166
2844 | 14 | 8.65752 | 115
5688 | 15 | 8.65752 | 115
11376 | 16 | 8.65752 | 115
22753 | 17 | 8.65752 | 115
45507 | 18 | 8.65752 | 115
91014 | 19 | 8.65752 | 115
182028 | 20 | 8.65752 | 115
364056 | 21 | 8.65752 | 115
728112 | 22 | 8.65752 | 115
1456224 | 23 | 2.59004 | 17
2912449 | 24 | 2.59004 | 17
5824899 | 25 | 2.59004 | 17
11649798 | 26 | 2.59004 | 17
23299596 | 27 | 0 | 4
23299597 | 27 | 1.79812 | 13
46599194 | 28 | 1.79812 | 13
93198388 | 29 | 0.268997 | 1
93198389 | 29 | 1.79812 | 12
186396778 | 30 | 0.112617 | 4
186396779 | 30 | 0.0274277 | 8
1456225 | 23 | 6.80356 | 98
2912450 | 24 | 6.80356 | 98
5824900 | 25 | 6.80356 | 98
11649800 | 26 | 4.63978e-310 | 2
11649801 | 26 | 6.80356 | 96
23299602 | 27 | 6.80356 | 93
46599204 | 28 | 6.80356 | 91
93198408 | 29 | 4.91273 | 62
186396817 | 30 | 4.91273 | 62
372793635 | 31 | 4.91273 | 62
745587270 | 32 | 4.91273 | 62
1491174540 | 33 | 4.91273 | 62
2982349080 | 34 | 0.77341 | 5
2982349081 | 34 | 4.18089 | 57
5964698163 | 35 | 4.18089 | 57
11929396326 | 36 | 4.18089 | 57
23858792653 | 37 | 4.18089 | 57
47717585306 | 38 | 4.18089 | 57
95435170612 | 39 | 4.18089 | 57
190870341225 | 40 | 4.18089 | 57
381740682450 | 41 | 4.18089 | 57
763481364901 | 42 | 4.18089 | 57
1526962729803 | 43 | 4.18089 | 57
3053925459606 | 44 | 3.56011 | 35
6107850919212 | 45 | 3.56011 | 35
12215701838424 | 46 | 3.56011 | 35
24431403676848 | 47 | 3.56011 | 35
48862807353696 | 48 | 3.56011 | 35
97725614707392 | 49 | 3.56011 | 35
195451229414784 | 50 | 2.98961 | 12
390902458829569 | 51 | 2.98961 | 12
781804917659138 | 52 | 2.98961 | 12
1563609835318276 | 53 | 2.98961 | 12
3127219670636552 | 54 | 2.98961 | 12
6254439341273104 | 55 | 9.49429 | 7
6254439341273105 | 55 | 3.90971 | 5
195451229414785 | 50 | 2.4004 | 23
390902458829570 | 51 | 2.4004 | 23
781804917659141 | 52 | 2.4004 | 23
1563609835318283 | 53 | 2.4004 | 23
3127219670636566 | 54 | 0.795633 | 2
3127219670636567 | 54 | 2.27601 | 21
6254439341273134 | 55 | 2.27601 | 19
12508878682546269 | 56 | 2.27601 | 19
25017757365092538 | 57 | 3.67509 | 10
25017757365092539 | 57 | 4.48266 | 9
6254439341273135 | 55 | 4.63978e-310 | 2
3053925459607 | 44 | 2.46591 | 22
6107850919214 | 45 | 2.18156 | 20
12215701838428 | 46 | 2.18156 | 20
24431403676856 | 47 | 2.18156 | 20
48862807353712 | 48 | 2.18156 | 20
97725614707424 | 49 | 2.18156 | 20
195451229414849 | 50 | 2.18156 | 20
390902458829698 | 51 | 5.32556 | 5
390902458829699 | 51 | 1.28583 | 15
781804917659398 | 52 | 1.12764 | 11
1563609835318797 | 53 | 1.12764 | 11
3127219670637595 | 54 | 1.12764 | 11
6254439341275190 | 55 | 1.12764 | 11
12508878682550381 | 56 | 1.12764 | 11
25017757365100762 | 57 | 1.12764 | 11
50035514730201524 | 58 | 4.06818 | 4
50035514730201525 | 58 | 4.63978e-310 | 7
781804917659399 | 52 | 4.63978e-310 | 4
6107850919215 | 45 | 4.63978e-310 | 2
93198409 | 29 | 4.80319 | 29
186396819 | 30 | 4.80319 | 29
372793638 | 31 | 3.57155 | 21
745587277 | 32 | 3.57155 | 21
1491174555 | 33 | 3.57155 | 21
2982349111 | 34 | 3.57155 | 21
5964698222 | 35 | 3.57155 | 21
11929396444 | 36 | 3.57155 | 21
23858792888 | 37 | 3.57155 | 21
47717585776 | 38 | 4.63978e-310 | 1
47717585777 | 38 | 3.57155 | 20
95435171554 | 39 | 1.43902 | 6
95435171555 | 39 | 2.81342 | 14
190870343110 | 40 | 2.3798 | 11
381740686220 | 41 | 0.605515 | 3
381740686221 | 41 | 4.63978e-310 | 8
190870343111 | 40 | 1.64098 | 3
372793639 | 31 | 4.63978e-310 | 8
46599205 | 28 | 4.63978e-310 | 2
23299603 | 27 | 4.63978e-310 | 3
2845 | 14 | 5.80992 | 51
5690 | 15 | 5.80992 | 51
11380 | 16 | 5.80992 | 51
22761 | 17 | 5.80992 | 51
45522 | 18 | 5.80992 | 51
91044 | 19 | 2.3535 | 11
182088 | 20 | 2.3535 | 11
364176 | 21 | 2.3535 | 11
728352 | 22 | 6.85446 | 3
728353 | 22 | 4.63978e-310 | 8
91045 | 19 | 3.66885 | 40
182090 | 20 | 4.63978e-310 | 7
182091 | 20 | 3.66885 | 33
364182 | 21 | 3.66885 | 33
728364 | 22 | 1.01224 | 5
728365 | 22 | 3.10375 | 28
1456730 | 23 | 3.10375 | 28
2913461 | 24 | 3.10375 | 28
5826922 | 25 | 1.62146 | 19
11653845 | 26 | 1.62146 | 19
23307690 | 27 | 1.62146 | 19
46615380 | 28 | 1.46755 | 17
93230760 | 29 | 1.46755 | 17
186461521 | 30 | 1.46755 | 17
372923042 | 31 | 1.46755 | 17
745846084 | 32 | 13.067 | 5
745846085 | 32 | 1.35051 | 12
1491692170 | 33 | 1.35051 | 12
2983384341 | 34 | 1.35051 | 12
5966768682 | 35 | 0.862255 | 6
5966768683 | 35 | 0.293481 | 6
46615381 | 28 | 4.63978e-310 | 2
5826923 | 25 | 4.63978e-310 | 9
89 | 9 | 5.90406 | 30
178 | 10 | 4.63978e-310 | 1
179 | 10 | 5.3432 | 29
359 | 11 | 5.3432 | 29
719 | 12 | 5.3432 | 29
1438 | 13 | 5.3432 | 29
2876 | 14 | 4.32142 | 22
5752 | 15 | 4.32142 | 22
11505 | 16 | 4.32142 | 22
23010 | 17 | 0.482343 | 1
23011 | 17 | 4.32142 | 21
46022 | 18 | 4.32142 | 21
92044 | 19 | 10.414 | 1
92045 | 19 | 4.21353 | 20
184090 | 20 | 4.21353 | 20
368181 | 21 | 4.21353 | 20
736362 | 22 | 4.21353 | 20
1472724 | 23 | 4.21353 | 20
2945448 | 24 | 8.17872 | 1
2945449 | 24 | 4.21353 | 19
5890898 | 25 | 13.8198 | 4
5890899 | 25 | 3.47679 | 15
11781798 | 26 | 1.63042e-322 | 2
11781799 | 26 | 2.85985 | 13
23563598 | 27 | 2.85985 | 13
47127197 | 28 | 2.85985 | 13
94254394 | 29 | 10.414 | 7
94254395 | 29 | 4.63978e-310 | 6
2877 | 14 | 4.63978e-310 | 7
45 | 8 | 16.0591 | 384
90 | 9 | 12.3423 | 57
180 | 10 | 8.48486 | 23
360 | 11 | 4.63978e-310 | 3
361 | 11 | 4.27397 | 20
723 | 12 | 4.27397 | 20
1447 | 13 | 4.27397 | 20
2894 | 14 | 4.27397 | 20
5789 | 15 | 4.27397 | 20
11578 | 16 | 2.77659 | 18
23156 | 17 | 4.63978e-310 | 3
23157 | 17 | 1.98228 | 15
46315 | 18 | 1.98228 | 15
92631 | 19 | 1.98228 | 15
185262 | 20 | 1.98228 | 15
370525 | 21 | 1.98228 | 15
741050 | 22 | 0.633926 | 9
741051 | 22 | 3.08472 | 6
11579 | 16 | 4.63978e-310 | 2
181 | 10 | 8.09518 | 34
362 | 11 | 4.63978e-310 | 6
363 | 11 | 5.63194 | 28
726 | 12 | 5.63194 | 28
1452 | 13 | 4.63978e-310 | 4
1453 | 13 | 4.13027 | 24
2906 | 14 | 4.13027 | 23
5812 | 15 | 4.13027 | 23
11625 | 16 | 4.13027 | 23
23250 | 17 | 4.13027 | 23
46500 | 18 | 4.13027 | 23
93000 | 19 | 6.90513e-310 | 2
93001 | 19 | 3.74372 | 21
186002 | 20 | 3.74372 | 21
372004 | 21 | 3.74372 | 14
744008 | 22 | 2.20669 | 13
1488017 | 23 | 2.20669 | 13
2976034 | 24 | 2.20669 | 13
5952068 | 25 | 1.53661 | 9
5952069 | 25 | 0.0689058 | 4
744009 | 22 | 4.63978e-310 | 1
372005 | 21 | 4.63978e-310 | 7
2907 | 14 | 4.63978e-310 | 1
91 | 9 | 15.2841 | 327
182 | 10 | 13.696 | 248
364 | 11 | 8.47824 | 26
728 | 12 | 8.47824 | 25
1456 | 13 | 8.47824 | 25
2912 | 14 | 8.47824 | 25
5825 | 15 | 8.47824 | 25
11651 | 16 | 8.47824 | 25
23302 | 17 | 4.63978e-310 | 6
23303 | 17 | 8.47824 | 19
46607 | 18 | 8.47824 | 19
93214 | 19 | 8.47824 | 19
186428 | 20 | 8.47824 | 19
372856 | 21 | 4.50985 | 15
745713 | 22 | 4.50985 | 15
1491426 | 23 | 4.50985 | 15
2982852 | 24 | 4.50985 | 15
5965704 | 25 | 2.56144 | 12
11931408 | 26 | 2.56144 | 12
23862816 | 27 | 2.56144 | 12
47725633 | 28 | 2.56144 | 12
95451266 | 29 | 2.56144 | 12
190902532 | 30 | 2.56144 | 12
381805064 | 31 | 6.90513e-310 | 1
381805065 | 31 | 2.20652 | 11
763610130 | 32 | 0.0655645 | 5
763610131 | 32 | 11.8821 | 6
5965705 | 25 | 4.63978e-310 | 3
372857 | 21 | 4.63978e-310 | 4
729 | 12 | 4.63978e-310 | 1
365 | 11 | 13.2618 | 222
730 | 12 | 11.3849 | 152
1460 | 13 | 6.21353 | 59
2920 | 14 | 4.63978e-310 | 2
2921 | 14 | 5.49799 | 57
5843 | 15 | 5.49799 | 57
11687 | 16 | 5.49799 | 57
23374 | 17 | 5.49799 | 57
46748 | 18 | 5.49799 | 57
93496 | 19 | 5.49799 | 57
186993 | 20 | 5.49799 | 57
373987 | 21 | 5.49799 | 57
747974 | 22 | 5.49799 | 57
1495949 | 23 | 5.49799 | 57
2991898 | 24 | 5.49799 | 57
5983796 | 25 | 5.49799 | 57
11967592 | 26 | 5.49799 | 32
23935184 | 27 | 2.82959 | 11
47870369 | 28 | 2.82959 | 11
95740738 | 29 | 1.63042e-322 | 2
95740739 | 29 | 1.58101e-322 | 9
23935185 | 27 | 2.94394 | 21
47870370 | 28 | 0.00344009 | 2
47870371 | 28 | 2.52721 | 19
95740742 | 29 | 2.52721 | 19
191481484 | 30 | 1.96087 | 16
382962968 | 31 | 1.96087 | 16
765925936 | 32 | 1.85578 | 12
1531851872 | 33 | 1.53764 | 1
1531851873 | 33 | 1.82126 | 11
3063703746 | 34 | 1.82126 | 11
6127407493 | 35 | 1.82126 | 11
12254814987 | 36 | 1.82126 | 11
24509629974 | 37 | 1.58273 | 4
24509629975 | 37 | 0.0139042 | 7
765925937 | 32 | 4.63978e-310 | 4
191481485 | 30 | 4.63978e-310 | 3
11967593 | 26 | 3.82764 | 25
23935186 | 27 | 3.82764 | 25
47870372 | 28 | 4.63978e-310 | 3
47870373 | 28 | 3.46524 | 22
95740746 | 29 | 3.46524 | 22
191481492 | 30 | 4.63978e-310 | 10
191481493 | 30 | 2.34755 | 12
382962986 | 31 | 2.34755 | 12
765925973 | 32 | 2.34755 | 12
1531851946 | 33 | 1.89397 | 9
1531851947 | 33 | 1.64637 | 3
1461 | 13 | 9.40728 | 93
2923 | 14 | 9.40728 | 93
5846 | 15 | 9.40728 | 93
11692 | 16 | 8.11943 | 42
23384 | 17 | 8.11943 | 42
46768 | 18 | 1.33308 | 4
46769 | 18 | 5.73976 | 38
93538 | 19 | 5.73976 | 36
187076 | 20 | 2.74896 | 22
374152 | 21 | 2.13828 | 16
748304 | 22 | 2.13828 | 13
1496608 | 23 | 4.63978e-310 | 6
1496609 | 23 | 4.63978e-310 | 7
748305 | 22 | 4.63978e-310 | 3
374153 | 21 | 4.63978e-310 | 6
187077 | 20 | 3.0911 | 14
374155 | 21 | 3.0911 | 14
748311 | 22 | 3.0911 | 14
1496622 | 23 | 3.0911 | 14
2993244 | 24 | 1.69179 | 10
2993245 | 24 | 0.760848 | 4
93539 | 19 | 4.63978e-310 | 2
11693 | 16 | 8.34055 | 51
23386 | 17 | 3.34024 | 13
46773 | 18 | 3.34024 | 13
93547 | 19 | 3.34024 | 13
187095 | 20 | 3.34024 | 13
374190 | 21 | 3.34024 | 13
748380 | 22 | 4.63978e-310 | 1
748381 | 22 | 2.96293 | 12
1496763 | 23 | 2.96293 | 12
2993527 | 24 | 2.96293 | 12
5987054 | 25 | 0.684987 | 7
5987055 | 25 | 1.22128 | 5
23387 | 17 | 4.02151 | 38
46774 | 18 | 2.20386 | 13
93549 | 19 | 2.20386 | 13
187098 | 20 | 2.20386 | 13
374196 | 21 | 1.2852 | 2
374197 | 21 | 1.87843 | 11
748394 | 22 | 1.25725 | 8
748395 | 22 | 2.17089 | 3
46775 | 18 | 2.74464 | 25
93550 | 19 | 2.57393 | 22
187100 | 20 | 2.42148 | 21
374201 | 21 | 2.42148 | 21
748402 | 22 | 2.42148 | 21
1496804 | 23 | 2.42148 | 20
2993608 | 24 | 2.42148 | 16
5987216 | 25 | 1.1107 | 10
5987217 | 25 | 0.598294 | 6
2993609 | 24 | 4.63978e-310 | 4
1496805 | 23 | 4.63978e-310 | 1
187101 | 20 | 4.63978e-310 | 1
93551 | 19 | 4.63978e-310 | 3
731 | 12 | 7.57401 | 70
1462 | 13 | 7.57401 | 70
2925 | 14 | 7.57401 | 70
5851 | 15 | 7.57401 | 70
11702 | 16 | 4.9791 | 36
23404 | 17 | 4.9791 | 36
46808 | 18 | 3.84074 | 32
93616 | 19 | 2.92913 | 23
187232 | 20 | 2.92913 | 23
374465 | 21 | 2.92913 | 23
748931 | 22 | 2.92913 | 23
1497863 | 23 | 2.92913 | 23
2995726 | 24 | 2.92913 | 23
5991452 | 25 | 3.82054 | 1
5991453 | 25 | 2.31064 | 22
11982906 | 26 | 2.18871 | 2
11982907 | 26 | 2.31064 | 20
23965814 | 27 | 2.31064 | 18
47931628 | 28 | 1.78642 | 11
95863256 | 29 | 0.00636072 | 1
95863257 | 29 | 0 | 10
47931629 | 28 | 4.63978e-310 | 7
23965815 | 27 | 4.63978e-310 | 2
93617 | 19 | 4.63978e-310 | 9
46809 | 18 | 4.63978e-310 | 4
11703 | 16 | 6.29132 | 34
23406 | 17 | 4.80039 | 31
46813 | 18 | 4.80039 | 31
93626 | 19 | 4.80039 | 31
187252 | 20 | 4.80039 | 31
374504 | 21 | 4.80039 | 31
749009 | 22 | 4.80039 | 31
1498018 | 23 | 2.53372 | 9
1498019 | 23 | 4.12986 | 22
2996038 | 24 | 4.12986 | 22
5992076 | 25 | 4.12986 | 22
11984152 | 26 | 2.62446 | 17
23968304 | 27 | 4.63978e-310 | 3
23968305 | 27 | 2.62446 | 14
47936610 | 28 | 0.645341 | 6
47936611 | 28 | 3.89033 | 8
11984153 | 26 | 4.63978e-310 | 5
23407 | 17 | 4.63978e-310 | 3
183 | 10 | 8.71395 | 79
367 | 11 | 8.71395 | 79
734 | 12 | 8.71395 | 79
1469 | 13 | 8.71395 | 79
2938 | 14 | 7.83839 | 22
5876 | 15 | 4.63978e-310 | 4
5877 | 15 | 7.50183 | 18
11754 | 16 | 7.50183 | 18
23509 | 17 | 7.50183 | 18
47018 | 18 | 7.50183 | 18
94036 | 19 | 1.63042e-322 | 9
94037 | 19 | 1.63042e-322 | 9
2939 | 14 | 7.22206 | 57
5878 | 15 | 2.1465 | 22
11756 | 16 | 2.1465 | 22
23512 | 17 | 2.1465 | 19
47025 | 18 | 2.1465 | 19
94050 | 19 | 1.30842 | 11
188100 | 20 | 1.30842 | 11
376200 | 21 | 1.30842 | 11
752401 | 22 | 1.30842 | 11
1504803 | 23 | 1.30842 | 11
3009607 | 24 | 1.30842 | 11
6019214 | 25 | 1.30842 | 11
12038428 | 26 | 1.63042e-322 | 1
12038429 | 26 | 1.63042e-322 | 10
94051 | 19 | 4.63978e-310 | 8
23513 | 17 | 4.63978e-310 | 3
5879 | 15 | 5.5261 | 35
11758 | 16 | 5.5261 | 35
23516 | 17 | 5.5261 | 35
47032 | 18 | 4.63978e-310 | 2
47033 | 18 | 4.9767 | 33
94067 | 19 | 4.9767 | 33
188134 | 20 | 0.609299 | 2
188135 | 20 | 3.99833 | 31
376271 | 21 | 3.99833 | 31
752542 | 22 | 3.99833 | 31
1505084 | 23 | 3.99833 | 31
3010168 | 24 | 0.0720769 | 9
3010169 | 24 | 2.53605 | 22
6020338 | 25 | 0.0561408 | 3
6020339 | 25 | 2.35108 | 19
12040679 | 26 | 2.35108 | 19
24081359 | 27 | 2.35108 | 19
48162718 | 28 | 2.35108 | 17
96325436 | 29 | 1.52576 | 9
96325437 | 29 | 0.884264 | 8
48162719 | 28 | 4.63978e-310 | 2
23 | 7 | 20.5724 | 379
46 | 8 | 11.0504 | 60
92 | 9 | 7.97655 | 40
184 | 10 | 7.97655 | 40
368 | 11 | 7.97655 | 40
737 | 12 | 7.97655 | 40
1475 | 13 | 7.97655 | 40
2950 | 14 | 7.97655 | 40
5900 | 15 | 7.97655 | 29
11801 | 16 | 7.97655 | 29
23602 | 17 | 4.63978e-310 | 8
23603 | 17 | 1.89811 | 21
47206 | 18 | 4.63978e-310 | 9
47207 | 18 | 1.3293 | 12
94415 | 19 | 1.3293 | 12
188830 | 20 | 1.13639 | 11
377660 | 21 | 1.13639 | 11
755321 | 22 | 1.13639 | 11
1510642 | 23 | 2.42113 | 6
1510643 | 23 | 1.27909 | 5
188831 | 20 | 4.63978e-310 | 1
5901 | 15 | 2.99608 | 11
11803 | 16 | 2.99608 | 11
23606 | 17 | 2.99608 | 11
47212 | 18 | 2.64488 | 1
47213 | 18 | 0.606251 | 10
93 | 9 | 5.61293 | 20
186 | 10 | 4.84734 | 17
372 | 11 | 4.84734 | 17
744 | 12 | 4.84734 | 17
1488 | 13 | 4.84734 | 17
2976 | 14 | 4.84734 | 17
5952 | 15 | 3.77607 | 14
11905 | 16 | 3.77607 | 14
23811 | 17 | 3.77607 | 14
47622 | 18 | 3.77607 | 14
95244 | 19 | 40.9883 | 5
95245 | 19 | 44.497 | 9
5953 | 15 | 4.63978e-310 | 3
187 | 10 | 4.63978e-310 | 3
47 | 8 | 14.3177 | 319
94 | 9 | 11.5509 | 205
189 | 10 | 11.5509 | 205
378 | 11 | 11.5509 | 205
757 | 12 | 11.5509 | 205
1515 | 13 | 11.5509 | 205
3030 | 14 | 11.5509 | 205
6061 | 15 | 11.5509 | 205
12123 | 16 | 11.5509 | 205
24246 | 17 | 10.1706 | 198
48492 | 18 | 10.1706 | 198
96984 | 19 | 9.31636 | 93
193969 | 20 | 9.31636 | 93
387938 | 21 | 0 | 1
387939 | 21 | 9.02831 | 92
775878 | 22 | 9.02831 | 64
1551756 | 23 | 8.75233 | 59
3103513 | 24 | 8.75233 | 59
6207026 | 25 | 8.75233 | 59
12414052 | 26 | 1.87242 | 15
24828104 | 27 | 0.0856727 | 3
24828105 | 27 | 1.55133 | 12
49656210 | 28 | 1.63042e-322 | 9
49656211 | 28 | 1.58101e-322 | 3
12414053 | 26 | 7.56003 | 44
24828106 | 27 | 7.56003 | 44
49656212 | 28 | 7.56003 | 44
99312424 | 29 | 3.57735 | 17
198624849 | 30 | 3.57735 | 17
397249698 | 31 | 3.57735 | 16
794499397 | 32 | 3.57735 | 16
1588998794 | 33 | 3.57735 | 16
3177997588 | 34 | 3.57735 | 16
6355995177 | 35 | 3.57735 | 16
12711990354 | 36 | 3.57735 | 16
25423980709 | 37 | 3.57735 | 16
50847961418 | 38 | 3.42358 | 14
101695922836 | 39 | 3.42358 | 14
203391845673 | 40 | 3.42358 | 14
406783691347 | 41 | 3.42358 | 14
813567382695 | 42 | 3.42358 | 14
1627134765390 | 43 | 3.42358 | 14
3254269530780 | 44 | 51.8009 | 5
3254269530781 | 44 | 2.85963 | 9
50847961419 | 38 | 4.63978e-310 | 2
397249699 | 31 | 4.63978e-310 | 1
99312425 | 29 | 3.79848 | 27
198624851 | 30 | 3.79848 | 27
397249702 | 31 | 3.79848 | 25
794499404 | 32 | 4.63978e-310 | 6
794499405 | 32 | 2.58285 | 19
1588998810 | 33 | 2.58285 | 19
3177997620 | 34 | 2.58285 | 19
6355995240 | 35 | 2.31464 | 16
12711990481 | 36 | 2.31464 | 16
25423980962 | 37 | 4.63978e-310 | 8
25423980963 | 37 | 0 | 8
6355995241 | 35 | 13.7858 | 3
397249703 | 31 | 4.63978e-310 | 2
1551757 | 23 | 4.63978e-310 | 5
775879 | 22 | 5.92544 | 28
1551758 | 23 | 5.92544 | 28
3103516 | 24 | 5.92544 | 28
6207032 | 25 | 5.92544 | 28
12414064 | 26 | 4.63978e-310 | 3
12414065 | 26 | 4.1668 | 25
24828131 | 27 | 4.1668 | 25
49656263 | 28 | 4.1668 | 25
99312527 | 29 | 4.1668 | 25
198625054 | 30 | 4.1668 | 25
397250108 | 31 | 4.1668 | 25
794500216 | 32 | 4.1668 | 25
1589000432 | 33 | 4.1668 | 25
3178000864 | 34 | 4.1668 | 25
6356001728 | 35 | 1.95446 | 17
12712003457 | 36 | 1.95446 | 17
25424006915 | 37 | 1.95446 | 17
50848013830 | 38 | 1.95446 | 17
101696027660 | 39 | 1.95446 | 17
203392055321 | 40 | 1.95446 | 17
406784110642 | 41 | 1.95446 | 17
813568221285 | 42 | 1.95446 | 17
1627136442571 | 43 | 1.95446 | 17
3254272885142 | 44 | 1.46388 | 14
6508545770284 | 45 | 0 | 2
6508545770285 | 45 | 1.37286 | 12
13017091540570 | 46 | 0.567559 | 1
13017091540571 | 46 | 1.37286 | 11
26034183081142 | 47 | 5.77363 | 2
26034183081143 | 47 | 0 | 9
3254272885143 | 44 | 4.63978e-310 | 3
6356001729 | 35 | 4.63978e-310 | 8
96985 | 19 | 8.99106 | 105
193970 | 20 | 8.68787 | 104
387941 | 21 | 8.68787 | 104
775882 | 22 | 8.68787 | 104
1551764 | 23 | 7.27369 | 55
3103529 | 24 | 7.27369 | 55
6207058 | 25 | 4.63978e-310 | 2
6207059 | 25 | 7.27369 | 53
12414118 | 26 | 1.63042e-322 | 5
12414119 | 26 | 7.09445 | 48
24828238 | 27 | 2.88978 | 47
49656477 | 28 | 2.88978 | 47
99312954 | 29 | 2.88978 | 47
198625909 | 30 | 2.88978 | 47
397251818 | 31 | 2.88978 | 41
794503637 | 32 | 2.88978 | 41
1589007274 | 33 | 2.88978 | 41
3178014548 | 34 | 1.03132 | 6
3178014549 | 34 | 2.75815 | 35
6356029098 | 35 | 2.75815 | 35
12712058196 | 36 | 2.75815 | 35
25424116393 | 37 | 2.75815 | 35
50848232786 | 38 | 1.70793 | 18
101696465572 | 39 | 1.70793 | 18
203392931144 | 40 | 34.8026 | 8
203392931145 | 40 | 2.37152e-322 | 10
50848232787 | 38 | 1.8606 | 17
101696465574 | 39 | 4.63978e-310 | 1
101696465575 | 39 | 1.61078 | 16
203392931150 | 40 | 1.61078 | 16
406785862300 | 41 | 1.61078 | 16
813571724601 | 42 | 1.61078 | 16
1627143449202 | 43 | 1.61078 | 16
3254286898404 | 44 | 1.61078 | 16
6508573796808 | 45 | 1.61078 | 16
13017147593616 | 46 | 8.36751 | 1
13017147593617 | 46 | 1.3328 | 15
26034295187234 | 47 | 1.58101e-322 | 3
26034295187235 | 47 | 1.3328 | 12
52068590374470 | 48 | 1.3328 | 12
104137180748941 | 49 | 1.3328 | 12
208274361497882 | 50 | 0.70529 | 2
208274361497883 | 50 | 2.35319 | 10
397251819 | 31 | 4.63978e-310 | 6
24828239 | 27 | 4.63978e-310 | 1
1551765 | 23 | 4.82736 | 49
3103530 | 24 | 4.82736 | 49
6207060 | 25 | 4.18185 | 38
12414120 | 26 | 2.00494 | 23
24828240 | 27 | 11.5943 | 4
24828241 | 27 | 1.81041 | 19
49656483 | 28 | 1.81041 | 19
99312966 | 29 | 4.63978e-310 | 9
99312967 | 29 | 1.63042e-322 | 10
12414121 | 26 | 2.49228 | 15
24828242 | 27 | 2.49228 | 15
49656484 | 28 | 2.49228 | 14
99312968 | 29 | 2.0925 | 12
198625937 | 30 | 2.0925 | 12
397251874 | 31 | 2.0925 | 12
794503748 | 32 | 4.63978e-310 | 7
794503749 | 32 | 4.63978e-310 | 5
99312969 | 29 | 1.63042e-322 | 2
49656485 | 28 | 1.58101e-322 | 1
6207061 | 25 | 2.64188 | 11
12414122 | 26 | 1.11004 | 9
12414123 | 26 | 1.89152 | 2
193971 | 20 | 4.63978e-310 | 1
24247 | 17 | 4.63978e-310 | 7
95 | 9 | 12.2636 | 114
190 | 10 | 12.2636 | 107
380 | 11 | 7.11335 | 45
760 | 12 | 7.11335 | 45
1521 | 13 | 7.11335 | 45
3042 | 14 | 4.63978e-310 | 8
3043 | 14 | 6.06922 | 37
6087 | 15 | 6.06922 | 37
12174 | 16 | 3.93238 | 16
24349 | 17 | 3.93238 | 16
48698 | 18 | 3.93238 | 16
97396 | 19 | 3.93238 | 14
194793 | 20 | 3.93238 | 14
389586 | 21 | 3.93238 | 14
779173 | 22 | 3.93238 | 14
1558346 | 23 | 1.69903 | 5
1558347 | 23 | 0.506085 | 9
97397 | 19 | 0.024061 | 2
12175 | 16 | 5.28443 | 21
24351 | 17 | 5.28443 | 21
48703 | 18 | 5.28443 | 21
97406 | 19 | 4.61954 | 12
194812 | 20 | 1.69903 | 9
194813 | 20 | 12.3471 | 3
97407 | 19 | 4.63978e-310 | 9
381 | 11 | 7.50631 | 62
763 | 12 | 7.50631 | 62
1527 | 13 | 7.50631 | 62
3055 | 14 | 7.50631 | 62
6110 | 15 | 7.50631 | 62
12221 | 16 | 7.50631 | 62
24442 | 17 | 6.21347 | 49
48885 | 18 | 6.21347 | 49
97770 | 19 | 6.21347 | 49
195540 | 20 | 11.7589 | 6
195541 | 20 | 5.79894 | 43
391082 | 21 | 5.50966 | 14
782164 | 22 | 5.50966 | 13
1564328 | 23 | 5.50966 | 13
3128657 | 24 | 5.50966 | 13
6257314 | 25 | 4.63978e-310 | 1
6257315 | 25 | 5.27505 | 12
12514630 | 26 | 0.743337 | 5
12514631 | 26 | 1.09308 | 7
782165 | 22 | 4.63978e-310 | 1
391083 | 21 | 4.98276 | 29
782166 | 22 | 4.98276 | 29
1564332 | 23 | 17.0886 | 7
1564333 | 23 | 3.63025 | 22
3128666 | 24 | 3.63025 | 22
6257333 | 25 | 3.63025 | 22
12514666 | 26 | 3.63025 | 22
25029333 | 27 | 3.63025 | 22
50058667 | 28 | 3.63025 | 22
100117334 | 29 | 4.63978e-310 | 6
100117335 | 29 | 2.69868 | 16
200234671 | 30 | 2.69868 | 16
400469342 | 31 | 2.69868 | 16
800938684 | 32 | 2.69868 | 16
1601877368 | 33 | 2.69868 | 15
3203754737 | 34 | 2.69868 | 15
6407509474 | 35 | 2.69868 | 15
12815018949 | 36 | 2.69868 | 15
25630037898 | 37 | 2.65335 | 14
51260075797 | 38 | 2.65335 | 14
102520151595 | 39 | 2.65335 | 14
205040303190 | 40 | 2.65335 | 14
410080606380 | 41 | 2.65335 | 14
820161212761 | 42 | 2.65335 | 14
1640322425522 | 43 | 7.0886 | 9
1640322425523 | 43 | 7.16395e-322 | 5
25630037899 | 37 | 4.63978e-310 | 1
1601877369 | 33 | 4.63978e-310 | 1
24443 | 17 | 3.39687 | 13
48887 | 18 | 3.39687 | 13
97775 | 19 | 3.39687 | 13
195550 | 20 | 3.39687 | 13
391100 | 21 | 3.39687 | 13
782200 | 22 | 4.63978e-310 | 9
782201 | 22 | 4.63978e-310 | 4
191 | 10 | 4.63978e-310 | 7
1 | 2 | 13.2249 | 123
2 | 3 | 13.2249 | 123
4 | 4 | 13.2249 | 123
8 | 5 | 13.2249 | 123
16 | 6 | 4.63978e-310 | 2
17 | 6 | 12.1256 | 121
34 | 7 | 10.6036 | 113
69 | 8 | 10.6036 | 113
139 | 9 | 10.6036 | 113
278 | 10 | 10.6036 | 113
557 | 11 | 10.6036 | 113
1115 | 12 | 10.6036 | 113
2230 | 13 | 10.6036 | 113
4460 | 14 | 10.6036 | 111
8920 | 15 | 1.63042e-322 | 1
8921 | 15 | 10.4202 | 110
17842 | 16 | 9.51505 | 99
35685 | 17 | 9.51505 | 99
71370 | 18 | 9.51505 | 99
142740 | 19 | 9.51505 | 99
285481 | 20 | 9.51505 | 99
570962 | 21 | 9.51505 | 99
1141924 | 22 | 6.21937 | 28
2283849 | 23 | 6.21937 | 28
4567698 | 24 | 6.21937 | 28
9135397 | 25 | 6.21937 | 28
18270795 | 26 | 6.21937 | 28
36541590 | 27 | 2.37152e-322 | 1
36541591 | 27 | 5.44401 | 27
73083182 | 28 | 5.44401 | 27
146166364 | 29 | 5.44401 | 16
292332728 | 30 | 6.91994 | 3
292332729 | 30 | 3.57928 | 13
584665458 | 31 | 3.57928 | 13
1169330917 | 32 | 3.57928 | 13
2338661835 | 33 | 3.57928 | 13
4677323670 | 34 | 4.63978e-310 | 6
4677323671 | 34 | 2.27712 | 7
146166365 | 29 | 4.34585 | 11
292332730 | 30 | 4.34585 | 11
584665460 | 31 | 4.34585 | 11
1169330920 | 32 | 4.34585 | 11
2338661840 | 33 | 10.9161 | 6
2338661841 | 33 | 1.95934 | 5
1141925 | 22 | 8.92245 | 71
2283851 | 23 | 8.92245 | 71
4567702 | 24 | 8.92245 | 71
9135405 | 25 | 8.92245 | 71
18270810 | 26 | 8.92245 | 54
36541620 | 27 | 8.92245 | 54
73083240 | 28 | 8.92245 | 54
146166481 | 29 | 8.92245 | 54
292332962 | 30 | 8.92245 | 54
584665924 | 31 | 8.30402 | 42
1169331849 | 32 | 8.30402 | 42
2338663698 | 33 | 8.30402 | 42
4677327397 | 34 | 8.30402 | 42
9354654794 | 35 | 8.30402 | 42
18709309588 | 36 | 5.32757 | 20
37418619176 | 37 | 5.32757 | 20
74837238353 | 38 | 5.32757 | 20
149674476706 | 39 | 0.835749 | 9
149674476707 | 39 | 1.63812 | 11
299348953415 | 40 | 1.63812 | 11
598697906831 | 41 | 1.63812 | 11
1197395813662 | 42 | 1.60618 | 6
1197395813663 | 42 | 0 | 5
18709309589 | 36 | 3.03967 | 22
37418619178 | 37 | 3.03967 | 22
74837238356 | 38 | 3.03967 | 22
149674476712 | 39 | 3.03967 | 22
299348953424 | 40 | 3.03967 | 22
598697906849 | 41 | 3.03967 | 22
1197395813699 | 42 | 3.03967 | 22
2394791627399 | 43 | 3.03967 | 22
4789583254798 | 44 | 3.03967 | 22
9579166509597 | 45 | 3.03967 | 22
19158333019194 | 46 | 3.03967 | 22
38316666038388 | 47 | 0.501195 | 3
38316666038389 | 47 | 2.31942 | 19
76633332076778 | 48 | 2.08976 | 5
76633332076779 | 48 | 2.12144 | 14
153266664153558 | 49 | 1.63042e-322 | 10
153266664153559 | 49 | 2.42092e-322 | 4
584665925 | 31 | 2.39714 | 12
1169331850 | 32 | 2.39714 | 11
2338663700 | 33 | 2.39714 | 11
4677327401 | 34 | 2.39714 | 11
9354654802 | 35 | 4.63978e-310 | 9
9354654803 | 35 | 4.63978e-310 | 2
1169331851 | 32 | 4.63978e-310 | 1
18270811 | 26 | 6.79498 | 17
36541622 | 27 | 6.79498 | 17
73083245 | 28 | 6.79498 | 17
146166491 | 29 | 6.79498 | 17
292332982 | 30 | 4.63978e-310 | 2
292332983 | 30 | 4.76365 | 15
584665966 | 31 | 4.76365 | 15
1169331933 | 32 | 4.76365 | 15
2338663866 | 33 | 4.76365 | 15
4677327732 | 34 | 4.63978e-310 | 6
4677327733 | 34 | 8.03007 | 9
17843 | 16 | 3.25071 | 11
35687 | 17 | 3.25071 | 11
71374 | 18 | 3.25071 | 11
142748 | 19 | 3.25071 | 11
285497 | 20 | 3.25071 | 11
570994 | 21 | 4.63978e-310 | 1
570995 | 21 | 4.63978e-310 | 10
4461 | 14 | 4.63978e-310 | 2
35 | 7 | 4.63978e-310 | 8
1 | 1 | 18.5748 | 45
2 | 2 | 16.884 | 34
4 | 3 | 4.63978e-310 | 5
5 | 3 | 12.0605 | 29
11 | 4 | 12.0605 | 29
22 | 5 | 10.3545 | 20
44 | 6 | 10.3545 | 20
89 | 7 | 10.3545 | 20
178 | 8 | 10.3545 | 19
357 | 9 | 10.3545 | 19
715 | 10 | 10.3545 | 19
1430 | 11 | 10.3545 | 19
2860 | 12 | 10.3545 | 19
5720 | 13 | 4.63978e-310 | 9
5721 | 13 | 0.2534 | 10
179 | 8 | 4.63978e-310 | 1
23 | 5 | 4.63978e-310 | 9
3 | 2 | 8.10296 | 11
6 | 3 | 8.10296 | 11
12 | 4 | 4.63978e-310 | 6
13 | 4 | 4.63978e-310 | 5
