ID | Depth | diameter | Number of points
0 | 0 | 29.316 | 1600
0 | 1 | 29.1992 | 1470
1 | 2 | 29.1992 | 1470
2 | 3 | 29.0286 | 663
5 | 4 | 29.0286 | 663
10 | 5 | 29.0286 | 663
20 | 6 | 29.0286 | 663
40 | 7 | 29.0286 | 663
80 | 8 | 21.9601 | 556
160 | 9 | 15.2872 | 235
320 | 10 | 15.2872 | 110
641 | 11 | 15.2872 | 110
1283 | 12 | 15.2872 | 110
2566 | 13 | 15.2872 | 110
5132 | 14 | 4.63978e-310 | 4
5133 | 14 | 15.0477 | 106
10266 | 15 | 15.0477 | 106
20532 | 16 | 15.0477 | 106
41064 | 17 | 15.0477 | 106
82129 | 18 | 15.0477 | 106
164259 | 19 | 15.0477 | 106
328518 | 20 | 15.0477 | 106
657037 | 21 | 15.0477 | 106
1314074 | 22 | 15.0477 | 106
2628149 | 23 | 15.0477 | 106
5256298 | 24 | 14.2187 | 90
10512596 | 25 | 14.2187 | 90
21025192 | 26 | 5.70976 | 19
42050384 | 27 | 3.04891 | 15
84100769 | 28 | 3.04891 | 15
168201538 | 29 | 3.04891 | 15
336403077 | 30 | 3.04891 | 15
672806154 | 31 | 3.04891 | 11
1345612308 | 32 | 1.2831 | 7
1345612309 | 32 | 0.767146 | 4
672806155 | 31 | 0.372735 | 4
42050385 | 27 | 0.369486 | 4
21025193 | 26 | 9.56995 | 71
42050386 | 27 | 9.56995 | 68
84100772 | 28 | 9.56995 | 68
168201544 | 29 | 8.56084 | 56
336403088 | 30 | 7.97283 | 53
672806176 | 31 | 7.97283 | 53
1345612352 | 32 | 2.37599 | 16
2691224705 | 33 | 2.37599 | 16
5382449410 | 34 | 0.295611 | 2
5382449411 | 34 | 2.21388 | 14
10764898822 | 35 | 2.21388 | 14
21529797645 | 36 | 2.21388 | 14
43059595290 | 37 | 2.21388 | 13
86119190580 | 38 | 0.85612 | 10
86119190581 | 38 | 0.060645 | 3
43059595291 | 37 | 4.63978e-310 | 1
1345612353 | 32 | 6.07001 | 37
2691224706 | 33 | 5.76503 | 27
5382449412 | 34 | 0 | 5
5382449413 | 34 | 4.60214 | 22
10764898826 | 35 | 0.773495 | 1
10764898827 | 35 | 4.13109 | 21
21529797655 | 36 | 4.13109 | 21
43059595310 | 37 | 1.19396 | 7
43059595311 | 37 | 3.04521 | 14
86119190622 | 38 | 0.85612 | 7
86119190623 | 38 | 1.72772 | 7
2691224707 | 33 | 4.63978e-310 | 10
336403089 | 30 | 4.63978e-310 | 3
168201545 | 29 | 2.25709 | 12
336403091 | 30 | 2.25709 | 12
672806182 | 31 | 1.166 | 6
672806183 | 31 | 1.01025 | 6
42050387 | 27 | 4.63978e-310 | 3
5256299 | 24 | 12.7862 | 16
10512599 | 25 | 12.7862 | 16
21025199 | 26 | 12.7862 | 16
42050399 | 27 | 12.7862 | 16
84100799 | 28 | 12.7862 | 16
168201598 | 29 | 57.7038 | 7
168201599 | 29 | 57.6246 | 9
321 | 10 | 13.4895 | 125
642 | 11 | 9.65987 | 92
1285 | 12 | 9.65987 | 92
2571 | 13 | 9.65987 | 92
5142 | 14 | 9.65987 | 92
10284 | 15 | 9.32544 | 83
20568 | 16 | 9.32544 | 83
41136 | 17 | 5.83862 | 55
82272 | 18 | 5.11123 | 50
164544 | 19 | 5.11123 | 48
329089 | 20 | 5.11123 | 48
658178 | 21 | 4.09061 | 31
1316357 | 22 | 4.09061 | 31
2632714 | 23 | 4.63978e-310 | 4
2632715 | 23 | 2.73052 | 27
5265430 | 24 | 2.73052 | 27
10530860 | 25 | 2.73052 | 27
21061720 | 26 | 2.73052 | 25
42123440 | 27 | 2.71488 | 24
84246880 | 28 | 2.71488 | 18
168493761 | 29 | 2.71488 | 18
336987522 | 30 | 2.71488 | 18
673975044 | 31 | 2.71488 | 18
1347950088 | 32 | 1.77911 | 9
1347950089 | 32 | 0 | 9
84246881 | 28 | 4.63978e-310 | 6
42123441 | 27 | 4.63978e-310 | 1
21061721 | 26 | 4.63978e-310 | 2
658179 | 21 | 2.96226 | 17
1316358 | 22 | 4.63978e-310 | 4
1316359 | 22 | 2.56575 | 13
2632718 | 23 | 1.22588 | 1
2632719 | 23 | 2.09889 | 12
5265438 | 24 | 2.97111 | 8
5265439 | 24 | 1.19431 | 4
164545 | 19 | 4.63978e-310 | 2
82273 | 18 | 4.63978e-310 | 5
41137 | 17 | 4.64321 | 28
82274 | 18 | 4.64321 | 28
164548 | 19 | 3.17567 | 19
329096 | 20 | 2.11036 | 14
658193 | 21 | 2.11036 | 14
1316386 | 22 | 2.11036 | 13
2632773 | 23 | 2.11036 | 13
5265546 | 24 | 2.11036 | 13
10531092 | 25 | 2.11036 | 13
21062184 | 26 | 0.168703 | 3
21062185 | 26 | 4.63978e-310 | 10
1316387 | 22 | 4.63978e-310 | 1
329097 | 20 | 4.63978e-310 | 5
164549 | 19 | 4.63978e-310 | 9
10285 | 15 | 4.63978e-310 | 9
643 | 11 | 4.27932 | 33
1286 | 12 | 4.27932 | 33
2572 | 13 | 4.63978e-310 | 1
2573 | 13 | 3.92517 | 32
5146 | 14 | 2.33944 | 11
10293 | 15 | 2.33944 | 11
20586 | 16 | 2.33944 | 11
41172 | 17 | 2.33944 | 11
82344 | 18 | 0.867331 | 1
82345 | 18 | 0.959793 | 10
5147 | 14 | 2.8389 | 21
10294 | 15 | 2.18506 | 15
20589 | 16 | 2.18506 | 15
41178 | 17 | 2.18506 | 15
82356 | 18 | 2.0154 | 11
164712 | 19 | 2.0154 | 11
329424 | 20 | 0.111412 | 4
329425 | 20 | 0.292775 | 7
82357 | 18 | 4.63978e-310 | 4
10295 | 15 | 4.63978e-310 | 6
161 | 9 | 21.9601 | 321
323 | 10 | 21.9601 | 321
646 | 11 | 14.5036 | 232
1292 | 12 | 14.5036 | 232
2585 | 13 | 14.5036 | 232
5170 | 14 | 7.93278 | 74
10341 | 15 | 7.93278 | 74
20682 | 16 | 7.93278 | 70
41364 | 17 | 7.93278 | 70
82728 | 18 | 7.93278 | 68
165456 | 19 | 5.35283 | 30
330913 | 20 | 5.35283 | 30
661826 | 21 | 1.20482 | 4
661827 | 21 | 4.02619 | 26
1323654 | 22 | 2.74603 | 13
2647308 | 23 | 2.74603 | 13
5294616 | 24 | 0 | 2
5294617 | 24 | 2.72731 | 11
10589234 | 25 | 4.79483 | 1
10589235 | 25 | 0.292775 | 10
1323655 | 22 | 2.31095 | 13
2647310 | 23 | 2.31095 | 13
5294620 | 24 | 1.18356 | 10
5294621 | 24 | 1.11807 | 3
165457 | 19 | 5.9778 | 38
330914 | 20 | 5.9778 | 38
661829 | 21 | 5.9778 | 38
1323659 | 22 | 5.9778 | 38
2647319 | 23 | 5.9778 | 38
5294639 | 24 | 5.9778 | 38
10589279 | 25 | 5.9778 | 38
21178559 | 26 | 5.9778 | 38
42357118 | 27 | 4.51764 | 33
84714237 | 28 | 4.51764 | 33
169428475 | 29 | 4.51764 | 33
338856951 | 30 | 4.51764 | 33
677713903 | 31 | 4.51764 | 33
1355427806 | 32 | 4.51764 | 32
2710855612 | 33 | 0.17224 | 7
2710855613 | 33 | 3.16213 | 25
5421711226 | 34 | 3.16213 | 25
10843422453 | 35 | 3.16213 | 25
21686844906 | 36 | 1.77819 | 11
43373689813 | 37 | 1.77819 | 11
86747379626 | 38 | 2.75205 | 2
86747379627 | 38 | 4.51374 | 9
21686844907 | 36 | 1.53342 | 14
43373689815 | 37 | 1.53342 | 14
86747379630 | 38 | 1.53342 | 14
173494759261 | 39 | 1.53342 | 14
346989518522 | 40 | 2.50245 | 9
346989518523 | 40 | 3.55656 | 5
1355427807 | 32 | 4.63978e-310 | 1
42357119 | 27 | 4.63978e-310 | 5
82729 | 18 | 4.63978e-310 | 2
20683 | 16 | 4.63978e-310 | 4
5171 | 14 | 14.5036 | 158
10343 | 15 | 14.5036 | 158
20686 | 16 | 4.1714 | 18
41373 | 17 | 4.1714 | 18
82746 | 18 | 2.20518 | 1
82747 | 18 | 3.58266 | 17
165494 | 19 | 3.58266 | 17
330989 | 20 | 3.58266 | 17
661978 | 21 | 3.58266 | 17
1323956 | 22 | 1.06747 | 10
1323957 | 22 | 4.63978e-310 | 7
20687 | 16 | 11.5496 | 140
41375 | 17 | 11.5496 | 140
82751 | 18 | 11.5496 | 140
165502 | 19 | 7.63732 | 92
331005 | 20 | 7.63732 | 92
662011 | 21 | 7.63732 | 92
1324022 | 22 | 7.63732 | 92
2648044 | 23 | 6.14886 | 78
5296088 | 24 | 5.29062 | 67
10592176 | 25 | 5.29062 | 67
21184352 | 26 | 5.29062 | 67
42368704 | 27 | 5.29062 | 67
84737409 | 28 | 5.29062 | 67
169474819 | 29 | 5.29062 | 67
338949638 | 30 | 16.8513 | 1
338949639 | 30 | 5.15777 | 66
677899278 | 31 | 5.15777 | 66
1355798556 | 32 | 5.15777 | 63
2711597112 | 33 | 4.82222 | 57
5423194224 | 34 | 4.82222 | 57
10846388449 | 35 | 4.82222 | 57
21692776898 | 36 | 4.82222 | 57
43385553796 | 37 | 4.82222 | 57
86771107593 | 38 | 4.82222 | 57
173542215186 | 39 | 4.63978e-310 | 4
173542215187 | 39 | 4.34192 | 53
347084430374 | 40 | 4.34192 | 53
694168860748 | 41 | 2.63205 | 25
1388337721496 | 42 | 4.63978e-310 | 4
1388337721497 | 42 | 2.19079 | 21
2776675442995 | 43 | 2.19079 | 21
5553350885991 | 44 | 2.19079 | 21
11106701771982 | 45 | 1.78989 | 16
22213403543965 | 46 | 1.78989 | 16
44426807087930 | 47 | 1.78989 | 16
88853614175860 | 48 | 1.78989 | 15
177707228351721 | 49 | 1.78989 | 15
355414456703442 | 50 | 0.136789 | 1
355414456703443 | 50 | 1.78989 | 14
710828913406886 | 51 | 1.78989 | 14
1421657826813772 | 52 | 0.104113 | 1
1421657826813773 | 52 | 1.48207 | 13
2843315653627547 | 53 | 1.48207 | 13
5686631307255094 | 54 | 11.0335 | 3
5686631307255095 | 54 | 4.63978e-310 | 10
88853614175861 | 48 | 4.63978e-310 | 1
11106701771983 | 45 | 4.63978e-310 | 5
694168860749 | 41 | 3.02361 | 28
1388337721498 | 42 | 3.02361 | 28
2776675442997 | 43 | 3.02361 | 28
5553350885995 | 44 | 3.02361 | 28
11106701771990 | 45 | 2.78212 | 27
22213403543981 | 46 | 2.78212 | 27
44426807087962 | 47 | 2.55573 | 12
88853614175924 | 48 | 2.55573 | 12
177707228351848 | 49 | 2.55573 | 12
355414456703697 | 50 | 2.55573 | 12
710828913407394 | 51 | 4.63978e-310 | 10
710828913407395 | 51 | 4.63978e-310 | 2
44426807087963 | 47 | 2.52721 | 15
88853614175926 | 48 | 2.52721 | 15
177707228351853 | 49 | 2.52721 | 15
355414456703707 | 50 | 2.52721 | 15
710828913407414 | 51 | 4.63978e-310 | 8
710828913407415 | 51 | 0.970865 | 7
11106701771991 | 45 | 4.63978e-310 | 1
2711597113 | 33 | 4.63978e-310 | 6
1355798557 | 32 | 4.63978e-310 | 3
5296089 | 24 | 2.8268 | 11
10592179 | 25 | 2.8268 | 11
21184358 | 26 | 2.8268 | 11
42368716 | 27 | 4.63978e-310 | 5
42368717 | 27 | 4.63978e-310 | 6
2648045 | 23 | 7.63732 | 14
5296090 | 24 | 6.61959 | 11
10592181 | 25 | 6.61959 | 11
21184362 | 26 | 6.61959 | 11
42368724 | 27 | 6.61959 | 11
84737448 | 28 | 6.61959 | 11
169474896 | 29 | 6.61959 | 11
338949792 | 30 | 0.187728 | 8
338949793 | 30 | 0.13287 | 3
5296091 | 24 | 4.63978e-310 | 3
165503 | 19 | 7.50653 | 48
331007 | 20 | 7.50653 | 48
662014 | 21 | 7.50653 | 48
1324029 | 22 | 7.50653 | 48
2648059 | 23 | 7.50653 | 48
5296119 | 24 | 7.50653 | 48
10592239 | 25 | 7.50653 | 48
21184478 | 26 | 7.50653 | 27
42368957 | 27 | 7.50653 | 27
84737915 | 28 | 7.50653 | 27
169475830 | 29 | 7.50653 | 27
338951660 | 30 | 6.84856 | 25
677903321 | 31 | 6.84856 | 25
1355806643 | 32 | 6.84856 | 25
2711613286 | 33 | 5.97025 | 21
5423226573 | 34 | 5.97025 | 21
10846453147 | 35 | 5.97025 | 21
21692906294 | 36 | 1.93503 | 13
43385812588 | 37 | 1.93503 | 13
86771625177 | 38 | 1.93503 | 13
173543250354 | 39 | 1.93503 | 13
347086500708 | 40 | 18.97 | 5
347086500709 | 40 | 0.0501622 | 8
21692906295 | 36 | 4.63978e-310 | 8
2711613287 | 33 | 4.63978e-310 | 4
338951661 | 30 | 4.63978e-310 | 2
21184479 | 26 | 7.17668 | 21
42368958 | 27 | 3.41077 | 13
84737916 | 28 | 3.41077 | 13
169475832 | 29 | 3.41077 | 13
338951665 | 30 | 3.41077 | 13
677903330 | 31 | 3.41077 | 13
1355806660 | 32 | 3.41077 | 13
2711613321 | 33 | 3.41077 | 13
5423226642 | 34 | 19.6532 | 6
5423226643 | 34 | 0.456548 | 7
42368959 | 27 | 4.63978e-310 | 8
647 | 11 | 17.4685 | 89
1294 | 12 | 8.76402 | 51
2588 | 13 | 8.76402 | 51
5176 | 14 | 7.71507 | 43
10352 | 15 | 6.93787 | 29
20704 | 16 | 6.93787 | 29
41408 | 17 | 6.93787 | 29
82816 | 18 | 6.93787 | 29
165633 | 19 | 6.93787 | 29
331266 | 20 | 1.58101e-322 | 7
331267 | 20 | 5.891 | 22
662534 | 21 | 5.891 | 22
1325068 | 22 | 4.63978e-310 | 5
1325069 | 22 | 5.68205 | 17
2650139 | 23 | 5.68205 | 17
5300278 | 24 | 5.68205 | 17
10600556 | 25 | 5.68205 | 17
21201113 | 26 | 5.68205 | 17
42402226 | 27 | 5.68205 | 17
84804452 | 28 | 5.68205 | 17
169608904 | 29 | 4.63978e-310 | 6
169608905 | 29 | 3.33695 | 11
339217811 | 30 | 3.33695 | 11
678435622 | 31 | 3.33695 | 11
1356871244 | 32 | 3.33695 | 11
2713742489 | 33 | 3.33695 | 11
5427484978 | 34 | 1.20911 | 3
5427484979 | 34 | 4.63978e-310 | 8
10353 | 15 | 5.2726 | 14
20707 | 16 | 5.2726 | 14
41414 | 17 | 5.2726 | 14
82828 | 18 | 4.63978e-310 | 3
82829 | 18 | 5.2726 | 11
165658 | 19 | 4.63978e-310 | 9
165659 | 19 | 4.63978e-310 | 2
5177 | 14 | 4.63978e-310 | 8
1295 | 12 | 17.4685 | 38
2590 | 13 | 17.4685 | 38
5181 | 14 | 17.4685 | 38
10362 | 15 | 17.4685 | 38
20724 | 16 | 0.0585553 | 2
20725 | 16 | 6.01718 | 36
41450 | 17 | 3.44705 | 33
82900 | 18 | 3.25912 | 19
165800 | 19 | 3.25912 | 19
331601 | 20 | 3.25912 | 19
663203 | 21 | 3.25912 | 19
1326406 | 22 | 2.45973 | 15
2652812 | 23 | 2.45973 | 15
5305624 | 24 | 7.41954 | 6
5305625 | 24 | 3.1872 | 9
1326407 | 22 | 2.42092e-322 | 4
82901 | 18 | 3.14152 | 14
165803 | 19 | 3.14152 | 14
331606 | 20 | 3.14152 | 14
663212 | 21 | 3.14152 | 14
1326425 | 22 | 3.14152 | 14
2652850 | 23 | 3.25325 | 5
2652851 | 23 | 1.29573 | 9
41451 | 17 | 4.63978e-310 | 3
81 | 8 | 22.3301 | 107
162 | 9 | 13.332 | 55
324 | 10 | 4.63978e-310 | 1
325 | 10 | 12.5454 | 54
651 | 11 | 12.5454 | 54
1302 | 12 | 4.83042 | 14
2604 | 13 | 4.63978e-310 | 10
2605 | 13 | 1.58101e-322 | 4
1303 | 12 | 12.5454 | 40
2606 | 13 | 4.63978e-310 | 6
2607 | 13 | 10.5845 | 34
5214 | 14 | 0 | 8
5215 | 14 | 8.96408 | 26
10431 | 15 | 8.96408 | 26
20862 | 16 | 10.4159 | 5
20863 | 16 | 5.11934 | 21
41726 | 17 | 5.11934 | 21
83452 | 18 | 5.11934 | 21
166905 | 19 | 5.11934 | 21
333811 | 20 | 5.11934 | 21
667623 | 21 | 5.11934 | 21
1335246 | 22 | 5.11934 | 21
2670492 | 23 | 0 | 3
2670493 | 23 | 4.30067 | 18
5340987 | 24 | 4.30067 | 18
10681974 | 25 | 4.30067 | 18
21363949 | 26 | 4.30067 | 18
42727898 | 27 | 3.88129 | 12
85455796 | 28 | 4.63978e-310 | 9
85455797 | 28 | 4.63978e-310 | 3
42727899 | 27 | 4.63978e-310 | 6
163 | 9 | 16.3775 | 52
326 | 10 | 4.63978e-310 | 1
327 | 10 | 15.2624 | 51
654 | 11 | 15.2624 | 51
1309 | 12 | 15.2624 | 51
2619 | 13 | 15.2624 | 51
5238 | 14 | 4.63978e-310 | 3
5239 | 14 | 14.6568 | 48
10479 | 15 | 14.6568 | 48
20958 | 16 | 14.6568 | 48
41917 | 17 | 14.6568 | 48
83835 | 18 | 14.6568 | 48
167670 | 19 | 0 | 3
167671 | 19 | 14.2959 | 45
335342 | 20 | 14.2959 | 45
670684 | 21 | 12.6567 | 27
1341368 | 22 | 4.63978e-310 | 7
1341369 | 22 | 7.75803 | 20
2682739 | 23 | 7.75803 | 20
5365479 | 24 | 7.75803 | 20
10730958 | 25 | 5.46942 | 13
21461916 | 26 | 5.46942 | 12
42923832 | 27 | 17.4145 | 10
42923833 | 27 | 0 | 2
21461917 | 26 | 4.63978e-310 | 1
10730959 | 25 | 4.63978e-310 | 7
670685 | 21 | 8.67635 | 18
1341370 | 22 | 8.67635 | 18
2682740 | 23 | 40.2438 | 7
2682741 | 23 | 5.8428 | 11
5365483 | 24 | 5.8428 | 11
10730967 | 25 | 5.8428 | 11
21461934 | 26 | 5.8428 | 11
42923868 | 27 | 68.6257 | 9
42923869 | 27 | 31.4357 | 2
3 | 3 | 28.3702 | 807
6 | 4 | 28.3702 | 807
13 | 5 | 28.3702 | 807
26 | 6 | 28.3702 | 768
52 | 7 | 28.2721 | 767
105 | 8 | 28.2721 | 767
211 | 9 | 28.2721 | 767
422 | 10 | 4.63978e-310 | 8
423 | 10 | 26.5617 | 759
846 | 11 | 14.2641 | 117
1693 | 12 | 14.2641 | 117
3386 | 13 | 10.6082 | 78
6772 | 14 | 7.45178 | 45
13544 | 15 | 2.59487 | 11
27088 | 16 | 2.59487 | 11
54177 | 17 | 2.59487 | 11
108354 | 18 | 15.3894 | 8
108355 | 18 | 17.3297 | 3
13545 | 15 | 6.55567 | 34
27090 | 16 | 4.63978e-310 | 1
27091 | 16 | 6.50957 | 33
54182 | 17 | 6.50957 | 33
108365 | 18 | 6.50957 | 33
216730 | 19 | 6.18366 | 31
433461 | 20 | 6.18366 | 31
866922 | 21 | 0.166883 | 1
866923 | 21 | 6.173 | 30
1733846 | 22 | 6.173 | 30
3467692 | 23 | 6.173 | 30
6935384 | 24 | 6.173 | 30
13870768 | 25 | 0.678294 | 5
13870769 | 25 | 3.943 | 25
27741538 | 26 | 3.46227 | 15
55483077 | 27 | 3.46227 | 15
110966154 | 28 | 2.77506 | 14
221932308 | 29 | 2.77506 | 14
443864616 | 30 | 2.77506 | 14
887729232 | 31 | 4.63978e-310 | 3
887729233 | 31 | 2.33847 | 11
1775458466 | 32 | 6.88476 | 6
1775458467 | 32 | 3.79008 | 5
110966155 | 28 | 4.63978e-310 | 1
27741539 | 26 | 4.63978e-310 | 10
216731 | 19 | 4.63978e-310 | 2
6773 | 14 | 9.41302 | 33
13547 | 15 | 9.41302 | 33
27094 | 16 | 9.41302 | 33
54189 | 17 | 9.41302 | 33
108379 | 18 | 9.41302 | 33
216759 | 19 | 9.41302 | 33
433518 | 20 | 9.41302 | 28
867036 | 21 | 9.41302 | 25
1734073 | 22 | 9.41302 | 25
3468147 | 23 | 9.41302 | 25
6936295 | 24 | 9.41302 | 25
13872590 | 25 | 4.64484 | 15
27745180 | 26 | 4.64484 | 15
55490361 | 27 | 4.64484 | 15
110980723 | 28 | 4.64484 | 15
221961447 | 29 | 4.64484 | 15
443922895 | 30 | 4.64484 | 15
887845790 | 31 | 0 | 2
887845791 | 31 | 2.21288 | 13
1775691582 | 32 | 2.21288 | 13
3551383165 | 33 | 2.21288 | 13
7102766330 | 34 | 11.408 | 9
7102766331 | 34 | 1.38236 | 4
13872591 | 25 | 4.63978e-310 | 10
867037 | 21 | 4.63978e-310 | 3
433519 | 20 | 4.63978e-310 | 5
3387 | 13 | 6.76105 | 39
6774 | 14 | 6.76105 | 39
13548 | 15 | 6.20004 | 37
27096 | 16 | 5.01201 | 20
54193 | 17 | 5.01201 | 20
108386 | 18 | 2.84687 | 5
108387 | 18 | 3.48045 | 15
216774 | 19 | 3.48045 | 15
433548 | 20 | 3.48045 | 15
867096 | 21 | 3.48045 | 15
1734192 | 22 | 3.48045 | 15
3468385 | 23 | 3.48045 | 15
6936770 | 24 | 4.63978e-310 | 1
6936771 | 24 | 2.29287 | 14
13873542 | 25 | 2.29287 | 14
27747085 | 26 | 2.29287 | 14
55494170 | 27 | 2.42092e-322 | 10
55494171 | 27 | 0.691871 | 4
27097 | 16 | 3.83538 | 17
54194 | 17 | 3.83538 | 17
108389 | 18 | 3.83538 | 17
216779 | 19 | 3.83538 | 17
433558 | 20 | 3.83538 | 15
867117 | 21 | 3.83538 | 15
1734235 | 22 | 3.83538 | 15
3468470 | 23 | 3.83538 | 15
6936940 | 24 | 2.73673 | 12
13873881 | 25 | 2.73673 | 12
27747763 | 26 | 2.73673 | 12
55495526 | 27 | 2.73673 | 12
110991052 | 28 | 7.11455e-322 | 2
110991053 | 28 | 13.1943 | 10
6936941 | 24 | 4.63978e-310 | 3
433559 | 20 | 4.63978e-310 | 2
13549 | 15 | 4.63978e-310 | 2
847 | 11 | 26.5617 | 642
1695 | 12 | 26.5617 | 642
3391 | 13 | 26.5617 | 642
6783 | 14 | 26.5617 | 642
13567 | 15 | 26.5617 | 642
27134 | 16 | 26.5617 | 642
54268 | 17 | 26.5617 | 642
108537 | 18 | 26.5617 | 642
217075 | 19 | 26.5617 | 642
434151 | 20 | 26.5617 | 642
868303 | 21 | 26.5617 | 642
1736607 | 22 | 26.5617 | 642
3473214 | 23 | 26.5617 | 642
6946429 | 24 | 26.5617 | 642
13892858 | 25 | 26.5617 | 642
27785716 | 26 | 26.5617 | 642
55571432 | 27 | 22.3062 | 170
111142864 | 28 | 16.4943 | 130
222285728 | 29 | 15.3119 | 123
444571457 | 30 | 15.3119 | 123
889142914 | 31 | 14.578 | 100
1778285829 | 32 | 14.578 | 100
3556571659 | 33 | 14.578 | 100
7113143319 | 34 | 14.578 | 100
14226286639 | 35 | 14.578 | 100
28452573278 | 36 | 14.578 | 14
56905146556 | 37 | 14.578 | 14
113810293112 | 38 | 3.3762 | 13
227620586224 | 39 | 3.3762 | 13
455241172448 | 40 | 2.77185 | 12
910482344896 | 41 | 2.77185 | 12
1820964689793 | 42 | 2.77185 | 12
3641929379586 | 43 | 2.77185 | 12
7283858759172 | 44 | 2.77185 | 12
14567717518345 | 45 | 2.77185 | 12
29135435036690 | 46 | 167.976 | 1
29135435036691 | 46 | 2.2013 | 11
58270870073382 | 47 | 2.2013 | 11
116541740146765 | 48 | 2.2013 | 11
233083480293530 | 49 | 134.719 | 1
233083480293531 | 49 | 5.36708 | 10
455241172449 | 40 | 4.63978e-310 | 1
113810293113 | 38 | 4.63978e-310 | 1
28452573279 | 36 | 13.3169 | 86
56905146558 | 37 | 13.3169 | 86
113810293117 | 38 | 13.3169 | 86
227620586234 | 39 | 13.3169 | 13
455241172469 | 40 | 13.3169 | 13
910482344939 | 41 | 13.3169 | 13
1820964689878 | 42 | 13.3169 | 13
3641929379756 | 43 | 13.3169 | 13
7283858759513 | 44 | 13.3169 | 13
14567717519027 | 45 | 13.3169 | 13
29135435038054 | 46 | 0 | 7
29135435038055 | 46 | 0 | 6
227620586235 | 39 | 13.0003 | 73
455241172471 | 40 | 13.0003 | 73
910482344943 | 41 | 13.0003 | 73
1820964689887 | 42 | 13.0003 | 73
3641929379774 | 43 | 2.37646e-321 | 2
3641929379775 | 43 | 13.0003 | 71
7283858759551 | 44 | 13.0003 | 71
14567717519103 | 45 | 13.0003 | 71
29135435038206 | 46 | 12.0729 | 37
58270870076412 | 47 | 11.3337 | 35
116541740152824 | 48 | 11.3337 | 35
233083480305648 | 49 | 9.11733 | 18
466166960611296 | 50 | 7.42643 | 11
932333921222592 | 51 | 7.42643 | 11
1864667842445185 | 52 | 7.42643 | 11
3729335684890370 | 53 | 7.42643 | 11
7458671369780740 | 54 | 7.42643 | 11
14917342739561481 | 55 | 7.42643 | 11
29834685479122962 | 56 | 92.9596 | 1
29834685479122963 | 56 | 96.3008 | 10
466166960611297 | 50 | 4.63978e-310 | 7
233083480305649 | 49 | 2.74257 | 17
466166960611298 | 50 | 2.74257 | 17
932333921222596 | 51 | 2.74257 | 17
1864667842445192 | 52 | 4.37704 | 9
1864667842445193 | 52 | 0.48801 | 8
58270870076413 | 47 | 4.63978e-310 | 2
29135435038207 | 46 | 2.91313 | 34
58270870076415 | 47 | 2.91313 | 34
116541740152830 | 48 | 2.91313 | 34
233083480305660 | 49 | 2.91313 | 34
466166960611320 | 50 | 2.57857 | 22
932333921222640 | 51 | 2.57857 | 22
1864667842445280 | 52 | 3.90618 | 5
1864667842445281 | 52 | 2.0208 | 17
3729335684890563 | 53 | 2.0208 | 17
7458671369781126 | 54 | 2.0208 | 17
14917342739562252 | 55 | 0.403001 | 6
14917342739562253 | 55 | 1.12862 | 11
29834685479124507 | 56 | 1.12862 | 11
59669370958249015 | 57 | 1.12862 | 11
119338741916498030 | 58 | 5.07357 | 8
119338741916498031 | 58 | 0.143516 | 3
466166960611321 | 50 | 2.63249 | 12
932333921222643 | 51 | 2.63249 | 12
1864667842445286 | 52 | 4.63978e-310 | 4
1864667842445287 | 52 | 4.63978e-310 | 8
889142915 | 31 | 3.5794 | 23
1778285830 | 32 | 3.5794 | 23
3556571660 | 33 | 3.5794 | 23
7113143320 | 34 | 3.5794 | 23
14226286640 | 35 | 4.63978e-310 | 3
14226286641 | 35 | 3.53573 | 20
28452573282 | 36 | 4.63978e-310 | 4
28452573283 | 36 | 3.43306 | 16
56905146566 | 37 | 3.43306 | 16
113810293132 | 38 | 3.43306 | 16
227620586264 | 39 | 3.43306 | 16
455241172528 | 40 | 4.63978e-310 | 5
455241172529 | 40 | 1.27715 | 11
910482345059 | 41 | 1.27715 | 11
1820964690118 | 42 | 0.338258 | 8
1820964690119 | 42 | 0.286569 | 3
222285729 | 29 | 4.63978e-310 | 7
111142865 | 28 | 7.24865 | 40
222285731 | 29 | 7.24865 | 40
444571463 | 30 | 7.24865 | 40
889142926 | 31 | 3.97497 | 27
1778285852 | 32 | 3.97497 | 27
3556571705 | 33 | 3.97497 | 27
7113143411 | 34 | 3.97497 | 27
14226286822 | 35 | 3.97497 | 27
28452573645 | 36 | 3.97497 | 27
56905147291 | 37 | 3.97497 | 27
113810294582 | 38 | 41.2426 | 2
113810294583 | 38 | 3.69736 | 25
227620589167 | 39 | 3.69736 | 25
455241178335 | 40 | 3.69736 | 25
910482356670 | 41 | 1.90707 | 21
1820964713340 | 42 | 1.90707 | 21
3641929426680 | 43 | 1.90707 | 21
7283858853360 | 44 | 1.90707 | 21
14567717706721 | 45 | 1.90707 | 21
29135435413442 | 46 | 1.20646 | 8
29135435413443 | 46 | 1.4906 | 13
58270870826887 | 47 | 1.4906 | 13
116541741653774 | 48 | 4.63978e-310 | 7
116541741653775 | 48 | 7.16395e-322 | 6
910482356671 | 41 | 4.63978e-310 | 4
889142927 | 31 | 2.26677 | 13
1778285854 | 32 | 4.63978e-310 | 2
1778285855 | 32 | 1.52672 | 11
3556571710 | 33 | 4.63978e-310 | 8
3556571711 | 33 | 4.63978e-310 | 3
55571433 | 27 | 25.9837 | 472
111142867 | 28 | 25.9837 | 472
222285734 | 29 | 25.9837 | 472
444571468 | 30 | 25.9837 | 472
889142936 | 31 | 25.9837 | 472
1778285872 | 32 | 24.7317 | 470
3556571744 | 33 | 24.7317 | 470
7113143489 | 34 | 24.7317 | 470
14226286978 | 35 | 24.7317 | 470
28452573957 | 36 | 24.7317 | 470
56905147915 | 37 | 24.7317 | 470
113810295830 | 38 | 16.5062 | 48
227620591661 | 39 | 16.5062 | 48
455241183323 | 40 | 16.5062 | 48
910482366646 | 41 | 16.5062 | 48
1820964733293 | 42 | 16.5062 | 48
3641929466587 | 43 | 16.5062 | 48
7283858933174 | 44 | 16.5062 | 48
14567717866348 | 45 | 80.1882 | 8
14567717866349 | 45 | 14.8456 | 40
29135435732698 | 46 | 9.3356 | 16
58270871465396 | 47 | 9.3356 | 16
116541742930792 | 48 | 9.3356 | 16
233083485861584 | 49 | 1.5925 | 1
233083485861585 | 49 | 6.54667 | 15
466166971723170 | 50 | 6.54667 | 15
932333943446340 | 51 | 6.50597 | 14
1864667886892680 | 52 | 6.50597 | 14
3729335773785360 | 53 | 6.50597 | 14
7458671547570721 | 54 | 6.50597 | 14
14917343095141442 | 55 | 6.50597 | 14
29834686190282884 | 56 | 14.2402 | 10
29834686190282885 | 56 | 11.249 | 4
932333943446341 | 51 | 4.63978e-310 | 1
29135435732699 | 46 | 6.71483 | 24
58270871465399 | 47 | 6.71483 | 24
116541742930798 | 48 | 4.63978e-310 | 7
116541742930799 | 48 | 4.14465 | 17
233083485861598 | 49 | 2.98545 | 15
466166971723197 | 50 | 2.98545 | 15
932333943446394 | 51 | 1.58101e-322 | 3
932333943446395 | 51 | 2.51195 | 12
1864667886892790 | 52 | 0 | 10
1864667886892791 | 52 | 2.00551 | 2
233083485861599 | 49 | 4.63978e-310 | 2
113810295831 | 38 | 19.7869 | 422
227620591662 | 39 | 19.7869 | 422
455241183325 | 40 | 19.7869 | 422
910482366650 | 41 | 19.7869 | 422
1820964733300 | 42 | 19.7869 | 422
3641929466600 | 43 | 18.1404 | 354
7283858933201 | 44 | 18.1404 | 354
14567717866403 | 45 | 18.1404 | 354
29135435732806 | 46 | 18.1404 | 354
58270871465613 | 47 | 18.1404 | 354
116541742931226 | 48 | 18.1404 | 354
233083485862452 | 49 | 18.1404 | 354
466166971724904 | 50 | 9.00894 | 11
932333943449808 | 51 | 9.00894 | 11
1864667886899616 | 52 | 3.79936e-321 | 1
1864667886899617 | 52 | 6.90513e-310 | 10
466166971724905 | 50 | 17.1253 | 343
932333943449810 | 51 | 17.1253 | 343
1864667886899620 | 52 | 17.1253 | 343
3729335773799241 | 53 | 17.1253 | 343
7458671547598482 | 54 | 17.1253 | 343
14917343095196964 | 55 | 15.4074 | 223
29834686190393928 | 56 | 10.5981 | 171
59669372380787856 | 57 | 8.58248 | 126
119338744761575712 | 58 | 5.91492 | 48
238677489523151424 | 59 | 4.84187 | 36
477354979046302849 | 60 | 4.84187 | 36
954709958092605698 | 61 | 4.84187 | 36
1909419916185211397 | 62 | 4.84187 | 36
3818839832370422794 | 63 | 4.84187 | 36
7637679664740845588 | 64 | 4.84187 | 36
-3171384744227860440 | 65 | 0.655444 | 8
-3171384744227860439 | 65 | 3.24539 | 28
-6342769488455720877 | 66 | 3.24539 | 28
5761205096798109862 | 67 | 2.53456e-321 | 7
5761205096798109863 | 67 | 3.24539 | 21
-6924333880113331890 | 68 | 0.518116 | 2
-6924333880113331889 | 68 | 2.98021 | 19
4598076313482887839 | 69 | 2.98021 | 19
9196152626965775679 | 70 | 2.98021 | 19
-54438819778000257 | 71 | 2.98021 | 19
-108877639556000514 | 72 | 2.98021 | 19
-217755279112001028 | 73 | 2.98021 | 13
-435510558224002056 | 74 | 4.8402 | 8
-435510558224002055 | 74 | 0.777695 | 5
-217755279112001027 | 73 | 4.63978e-310 | 6
238677489523151425 | 59 | 2.20108 | 12
477354979046302850 | 60 | 1.67096 | 11
954709958092605700 | 61 | 1.67096 | 11
1909419916185211400 | 62 | 4.63978e-310 | 9
1909419916185211401 | 62 | 4.63978e-310 | 2
477354979046302851 | 60 | 4.63978e-310 | 1
119338744761575713 | 58 | 8.00001 | 78
238677489523151426 | 59 | 3.91123 | 45
477354979046302853 | 60 | 3.91123 | 45
954709958092605706 | 61 | 2.26431 | 13
1909419916185211412 | 62 | 2.26431 | 13
3818839832370422824 | 63 | 2.26431 | 13
7637679664740845648 | 64 | 1.82267 | 1
7637679664740845649 | 64 | 1.95722 | 12
-3171384744227860318 | 65 | 1.95722 | 12
-6342769488455720636 | 66 | 1.95722 | 12
5761205096798110344 | 67 | 1.95722 | 12
-6924333880113330928 | 68 | 17.451 | 6
-6924333880113330927 | 68 | 3.94353 | 6
954709958092605707 | 61 | 2.29084 | 32
1909419916185211414 | 62 | 4.63978e-310 | 5
1909419916185211415 | 62 | 2.1289 | 27
3818839832370422831 | 63 | 2.1289 | 27
7637679664740845663 | 64 | 2.1289 | 27
-3171384744227860290 | 65 | 2.03907 | 26
-6342769488455720579 | 66 | 2.03907 | 26
5761205096798110459 | 67 | 2.03907 | 26
-6924333880113330698 | 68 | 1.24018 | 5
-6924333880113330697 | 68 | 1.69479 | 21
4598076313482890222 | 69 | 1.69479 | 21
9196152626965780444 | 70 | 1.40733 | 16
-54438819777990728 | 71 | 0.0094272 | 5
-54438819777990727 | 71 | 1.25448 | 11
-108877639555981454 | 72 | 0.158037 | 2
-108877639555981453 | 72 | 0.0593626 | 9
9196152626965780445 | 70 | 4.63978e-310 | 5
-3171384744227860289 | 65 | 4.63978e-310 | 1
238677489523151427 | 59 | 5.84928 | 33
477354979046302855 | 60 | 5.84928 | 33
954709958092605710 | 61 | 5.84928 | 33
1909419916185211420 | 62 | 3.66359 | 32
3818839832370422841 | 63 | 3.66359 | 32
7637679664740845682 | 64 | 3.25709 | 30
-3171384744227860251 | 65 | 3.25709 | 30
-6342769488455720502 | 66 | 3.25709 | 30
5761205096798110613 | 67 | 3.25709 | 30
-6924333880113330389 | 68 | 3.25709 | 30
4598076313482890838 | 69 | 1.94241 | 13
9196152626965781676 | 70 | 1.94241 | 13
-54438819777988263 | 71 | 1.94241 | 13
-108877639555976526 | 72 | 1.94241 | 13
-217755279111953052 | 73 | 1.94241 | 13
-435510558223906103 | 74 | 1.94241 | 13
-871021116447812205 | 75 | 1.94241 | 13
-1742042232895624410 | 76 | 18.2133 | 8
-1742042232895624409 | 76 | 5.80674 | 5
4598076313482890839 | 69 | 2.69043 | 17
9196152626965781678 | 70 | 2.69043 | 17
-54438819777988260 | 71 | 2.69043 | 17
-108877639555976519 | 72 | 2.69043 | 17
-217755279111953037 | 73 | 2.69043 | 17
-435510558223906073 | 74 | 2.69043 | 17
-871021116447812145 | 75 | 2.69043 | 17
-1742042232895624290 | 76 | 2.69043 | 17
-3484084465791248579 | 77 | 2.69043 | 17
-6968168931582497158 | 78 | 8.02434 | 5
-6968168931582497157 | 78 | 2.22789 | 12
4510406210544557303 | 79 | 2.22789 | 12
9020812421089114607 | 80 | 2.22789 | 12
-405119231531322401 | 81 | 2.22789 | 12
-810238463062644802 | 82 | 2.22789 | 11
-1620476926125289604 | 83 | 0.101084 | 3
-1620476926125289603 | 83 | 4.63978e-310 | 8
-810238463062644801 | 82 | 4.63978e-310 | 1
7637679664740845683 | 64 | 4.63978e-310 | 2
1909419916185211421 | 62 | 4.63978e-310 | 1
59669372380787857 | 57 | 10.5981 | 45
119338744761575715 | 58 | 10.5981 | 45
238677489523151430 | 59 | 4.63978e-310 | 10
238677489523151431 | 59 | 4.23662 | 35
477354979046302863 | 60 | 4.23662 | 35
954709958092605726 | 61 | 3.25523 | 14
1909419916185211452 | 62 | 1.28431 | 1
1909419916185211453 | 62 | 2.47934 | 13
3818839832370422907 | 63 | 2.47934 | 13
7637679664740845814 | 64 | 0.977566 | 3
7637679664740845815 | 64 | 12.3178 | 10
954709958092605727 | 61 | 3.6903 | 21
1909419916185211454 | 62 | 4.63978e-310 | 8
1909419916185211455 | 62 | 2.12489 | 13
3818839832370422911 | 63 | 2.12489 | 13
7637679664740845822 | 64 | 2.12489 | 13
-3171384744227859972 | 65 | 0.674401 | 1
-3171384744227859971 | 65 | 2.12489 | 12
-6342769488455719942 | 66 | 1.62636 | 11
5761205096798111732 | 67 | 1.62636 | 11
-6924333880113328152 | 68 | 1.62636 | 11
4598076313482895312 | 69 | 1.62636 | 11
9196152626965790624 | 70 | 1.62636 | 11
-54438819777970368 | 71 | 2.37152e-322 | 5
-54438819777970367 | 71 | 4.3221 | 6
-6342769488455719941 | 66 | 4.63978e-310 | 1
29834686190393929 | 56 | 8.05305 | 52
59669372380787858 | 57 | 6.14736 | 22
119338744761575716 | 58 | 6.14736 | 22
238677489523151432 | 59 | 3.36532 | 11
477354979046302864 | 60 | 3.36532 | 11
954709958092605728 | 61 | 3.36532 | 11
1909419916185211456 | 62 | 3.36532 | 11
3818839832370422912 | 63 | 1.58101e-322 | 5
3818839832370422913 | 63 | 3.21143e-322 | 6
238677489523151433 | 59 | 3.6815 | 11
477354979046302866 | 60 | 3.6815 | 11
954709958092605733 | 61 | 3.6815 | 11
1909419916185211466 | 62 | 8.68332 | 8
1909419916185211467 | 62 | 8.35669 | 3
59669372380787859 | 57 | 8.05305 | 30
119338744761575719 | 58 | 8.05305 | 30
238677489523151439 | 59 | 8.05305 | 30
477354979046302879 | 60 | 8.05305 | 30
954709958092605758 | 61 | 7.2382 | 11
1909419916185211517 | 62 | 7.2382 | 11
3818839832370423034 | 63 | 5.71421 | 10
3818839832370423035 | 63 | 6.82214 | 1
954709958092605759 | 61 | 4.13263 | 19
1909419916185211518 | 62 | 2.71722 | 16
3818839832370423036 | 63 | 2.71722 | 16
7637679664740846072 | 64 | 2.71722 | 16
-3171384744227859472 | 65 | 2.71722 | 16
-6342769488455718943 | 66 | 2.71722 | 16
5761205096798113731 | 67 | 2.71722 | 16
-6924333880113324154 | 68 | 0.309923 | 5
-6924333880113324153 | 68 | 1.75399 | 11
4598076313482903311 | 69 | 1.75399 | 11
9196152626965806622 | 70 | 0.430331 | 5
9196152626965806623 | 70 | 0.634437 | 6
1909419916185211519 | 62 | 4.63978e-310 | 3
14917343095196965 | 55 | 9.41738 | 120
29834686190393930 | 56 | 9.41738 | 120
59669372380787860 | 57 | 9.41738 | 120
119338744761575720 | 58 | 7.36575 | 16
238677489523151440 | 59 | 5.98419 | 11
477354979046302880 | 60 | 5.98419 | 11
954709958092605760 | 61 | 5.98419 | 11
1909419916185211521 | 62 | 5.98419 | 11
3818839832370423042 | 63 | 45.2629 | 5
3818839832370423043 | 63 | 1.3701 | 6
238677489523151441 | 59 | 4.63978e-310 | 5
119338744761575721 | 58 | 9.25084 | 104
238677489523151442 | 59 | 3.47476 | 13
477354979046302884 | 60 | 3.47476 | 13
954709958092605769 | 61 | 3.47476 | 13
1909419916185211539 | 62 | 3.47476 | 13
3818839832370423079 | 63 | 3.47476 | 13
7637679664740846159 | 64 | 3.47476 | 13
-3171384744227859297 | 65 | 3.47476 | 13
-6342769488455718594 | 66 | 3.47476 | 13
5761205096798114429 | 67 | 3.47476 | 13
-6924333880113322757 | 68 | 3.47476 | 13
4598076313482906102 | 69 | 3.47476 | 13
9196152626965812204 | 70 | 19.9691 | 6
9196152626965812205 | 70 | 19.9676 | 7
238677489523151443 | 59 | 7.62507 | 91
477354979046302886 | 60 | 7.62507 | 91
954709958092605772 | 61 | 7.62507 | 81
1909419916185211545 | 62 | 7.62507 | 81
3818839832370423090 | 63 | 5.407 | 67
7637679664740846181 | 64 | 5.407 | 67
-3171384744227859253 | 65 | 5.407 | 67
-6342769488455718506 | 66 | 5.407 | 67
5761205096798114604 | 67 | 4.96206 | 42
-6924333880113322408 | 68 | 2.78755 | 21
4598076313482906800 | 69 | 2.78755 | 21
9196152626965813600 | 70 | 2.78755 | 21
-54438819777924416 | 71 | 0.750662 | 5
-54438819777924415 | 71 | 1.69726 | 16
-108877639555848830 | 72 | 1.69726 | 16
-217755279111697660 | 73 | 0.277462 | 6
-217755279111697659 | 73 | 0 | 10
-6924333880113322407 | 68 | 2.22226 | 21
4598076313482906802 | 69 | 2.22226 | 21
9196152626965813604 | 70 | 4.63978e-310 | 8
9196152626965813605 | 70 | 1.62639 | 13
-54438819777924405 | 71 | 1.62639 | 13
-108877639555848809 | 72 | 1.62639 | 13
-217755279111697618 | 73 | 1.62639 | 13
-435510558223395236 | 74 | 1.28065 | 12
-871021116446790472 | 75 | 1.28065 | 12
-1742042232893580944 | 76 | 1.28065 | 12
-3484084465787161888 | 77 | 1.28065 | 12
-6968168931574323776 | 78 | 1.28065 | 12
4510406210560904064 | 79 | 1.28065 | 12
9020812421121808128 | 80 | 1.28065 | 12
-405119231465935360 | 81 | 1.01016 | 10
-405119231465935359 | 81 | 0.393256 | 2
-435510558223395235 | 74 | 4.63978e-310 | 1
5761205096798114605 | 67 | 3.53833 | 25
-6924333880113322406 | 68 | 3.53833 | 25
4598076313482906805 | 69 | 3.53833 | 25
9196152626965813610 | 70 | 3.37957 | 19
-54438819777924396 | 71 | 4.63978e-310 | 7
-54438819777924395 | 71 | 2.05971 | 12
-108877639555848790 | 72 | 2.05971 | 12
-217755279111697579 | 73 | 2.05971 | 12
-435510558223395158 | 74 | 10.4177 | 7
-435510558223395157 | 74 | 0.765738 | 5
9196152626965813611 | 70 | 4.63978e-310 | 6
3818839832370423091 | 63 | 3.76331 | 14
7637679664740846182 | 64 | 4.63978e-310 | 6
7637679664740846183 | 64 | 4.63978e-310 | 8
954709958092605773 | 61 | 4.63978e-310 | 10
3641929466601 | 43 | 7.59257 | 68
7283858933202 | 44 | 7.59257 | 54
14567717866404 | 45 | 3.64671 | 53
29135435732809 | 46 | 3.64671 | 53
58270871465619 | 47 | 3.64671 | 53
116541742931239 | 48 | 3.64671 | 53
233083485862479 | 49 | 3.64671 | 53
466166971724959 | 50 | 3.64671 | 53
932333943449918 | 51 | 3.41216 | 44
1864667886899836 | 52 | 3.41216 | 44
3729335773799672 | 53 | 1.99682 | 14
7458671547599344 | 54 | 1.84061 | 11
14917343095198688 | 55 | 6.90513e-310 | 1
14917343095198689 | 55 | 1.58101e-322 | 10
7458671547599345 | 54 | 1.58101e-322 | 3
3729335773799673 | 53 | 3.17983 | 30
7458671547599346 | 54 | 3.17983 | 30
14917343095198692 | 55 | 2.09533 | 22
29834686190397385 | 56 | 2.09533 | 22
59669372380794770 | 57 | 1.38981 | 13
119338744761589540 | 58 | 0.450166 | 2
119338744761589541 | 58 | 1.31546 | 11
238677489523179083 | 59 | 1.31546 | 11
477354979046358167 | 60 | 1.31546 | 11
954709958092716335 | 61 | 1.31546 | 11
1909419916185432671 | 62 | 1.31546 | 11
3818839832370865343 | 63 | 1.31546 | 11
7637679664741730686 | 64 | 1.31546 | 11
-3171384744226090244 | 65 | 1.31546 | 11
-6342769488452180488 | 66 | 5.58294e-322 | 2
-6342769488452180487 | 66 | 3.45385 | 9
59669372380794771 | 57 | 4.63978e-310 | 9
14917343095198693 | 55 | 4.63978e-310 | 8
932333943449919 | 51 | 4.63978e-310 | 9
14567717866405 | 45 | 4.63978e-310 | 1
7283858933203 | 44 | 2.76396 | 14
14567717866407 | 45 | 2.76396 | 14
29135435732814 | 46 | 4.63978e-310 | 7
29135435732815 | 46 | 4.63978e-310 | 7
1778285873 | 32 | 4.63978e-310 | 2
53 | 7 | 4.63978e-310 | 1
27 | 6 | 13.7981 | 39
55 | 7 | 13.7981 | 39
110 | 8 | 3.55724 | 11
220 | 9 | 3.55724 | 11
440 | 10 | 8.52173 | 9
441 | 10 | 4.63978e-310 | 2
111 | 8 | 13.7411 | 28
222 | 9 | 13.7411 | 28
444 | 10 | 10.6096 | 27
889 | 11 | 10.6096 | 27
1779 | 12 | 10.6096 | 27
3558 | 13 | 10.6096 | 27
7117 | 14 | 10.6096 | 27
14235 | 15 | 10.6096 | 27
28470 | 16 | 8.16727 | 13
56941 | 17 | 8.16727 | 13
113882 | 18 | 8.16727 | 12
227765 | 19 | 8.16727 | 12
455530 | 20 | 4.63978e-310 | 5
455531 | 20 | 7.60218 | 7
113883 | 18 | 4.63978e-310 | 1
28471 | 16 | 4.67792 | 14
56942 | 17 | 7.43465 | 1
56943 | 17 | 4.39782 | 13
113886 | 18 | 4.39782 | 13
227772 | 19 | 4.63978e-310 | 9
227773 | 19 | 4.63978e-310 | 4
445 | 10 | 4.63978e-310 | 1
1 | 1 | 15.2051 | 130
2 | 2 | 15.2051 | 130
4 | 3 | 15.2051 | 130
8 | 4 | 15.2051 | 130
17 | 5 | 15.2051 | 130
35 | 6 | 15.2051 | 130
70 | 7 | 15.2051 | 130
141 | 8 | 15.2051 | 130
282 | 9 | 15.2051 | 130
564 | 10 | 15.2051 | 130
1128 | 11 | 10.9898 | 94
2257 | 12 | 10.9898 | 94
4515 | 13 | 10.9898 | 94
9030 | 14 | 10.9898 | 94
18060 | 15 | 3.93282 | 35
36121 | 16 | 3.93282 | 35
72242 | 17 | 3.46524 | 29
144484 | 18 | 1.8882 | 11
288968 | 19 | 1.8882 | 11
577936 | 20 | 1.8882 | 11
1155872 | 21 | 1.63042e-322 | 2
1155873 | 21 | 1.58101e-322 | 9
144485 | 18 | 2.82583 | 18
288970 | 19 | 2.82583 | 16
577940 | 20 | 2.82583 | 16
1155880 | 21 | 1.63042e-322 | 10
1155881 | 21 | 1.63042e-322 | 6
288971 | 19 | 1.58101e-322 | 2
72243 | 17 | 1.58101e-322 | 6
18061 | 15 | 7.77003 | 59
36123 | 16 | 7.77003 | 59
72246 | 17 | 7.77003 | 59
144493 | 18 | 7.77003 | 59
288987 | 19 | 7.77003 | 59
577975 | 20 | 7.77003 | 59
1155950 | 21 | 3.36298 | 21
2311900 | 22 | 3.36298 | 21
4623800 | 23 | 3.36298 | 21
9247601 | 24 | 3.36298 | 21
18495202 | 25 | 3.36298 | 21
36990404 | 26 | 1.95594 | 12
73980808 | 27 | 2.52104 | 5
73980809 | 27 | 1.73355 | 7
36990405 | 26 | 0 | 9
1155951 | 21 | 5.19818 | 38
2311902 | 22 | 5.19818 | 38
4623805 | 23 | 5.19818 | 38
9247610 | 24 | 3.67358 | 34
18495220 | 25 | 3.48376 | 31
36990440 | 26 | 3.48376 | 31
73980880 | 27 | 4.63978e-310 | 3
73980881 | 27 | 3.02466 | 28
147961762 | 28 | 3.02466 | 28
295923524 | 29 | 3.02466 | 28
591847049 | 30 | 3.02466 | 28
1183694099 | 31 | 3.02466 | 28
2367388198 | 32 | 3.02466 | 28
4734776396 | 33 | 3.02466 | 28
9469552792 | 34 | 2.90347 | 11
18939105584 | 35 | 5.16569 | 5
18939105585 | 35 | 1.73291 | 6
9469552793 | 34 | 2.42881 | 17
18939105586 | 35 | 2.37152e-322 | 6
18939105587 | 35 | 1.93121 | 11
37878211174 | 36 | 1.93121 | 11
75756422349 | 37 | 1.93121 | 11
151512844699 | 38 | 1.93121 | 11
303025689398 | 39 | 1.73884 | 3
303025689399 | 39 | 4.63978e-310 | 8
18495221 | 25 | 4.63978e-310 | 3
9247611 | 24 | 4.63978e-310 | 4
1129 | 11 | 6.68046 | 36
2259 | 12 | 6.68046 | 36
4519 | 13 | 6.68046 | 36
9038 | 14 | 4.31668 | 20
18077 | 15 | 4.31668 | 20
36154 | 16 | 3.57045 | 19
72308 | 17 | 3.57045 | 19
144617 | 18 | 3.57045 | 19
289234 | 19 | 2.18316 | 14
578469 | 20 | 2.18316 | 14
1156938 | 21 | 2.18316 | 14
2313877 | 22 | 2.18316 | 14
4627754 | 23 | 2.18316 | 14
9255508 | 24 | 2.18316 | 14
18511017 | 25 | 2.18316 | 14
37022034 | 26 | 0.899686 | 1
37022035 | 26 | 2.18316 | 13
74044071 | 27 | 2.18316 | 13
148088143 | 28 | 2.18316 | 13
296176286 | 29 | 2.18316 | 13
592352572 | 30 | 2.18316 | 13
1184705144 | 31 | 2.18316 | 13
2369410288 | 32 | 2.18316 | 13
4738820576 | 33 | 2.18316 | 13
9477641152 | 34 | 1.07752 | 9
9477641153 | 34 | 0 | 4
289235 | 19 | 4.63978e-310 | 5
36155 | 16 | 4.63978e-310 | 1
9039 | 14 | 4.19946 | 16
18078 | 15 | 4.19946 | 14
36157 | 16 | 4.19946 | 14
72315 | 17 | 4.19946 | 14
144631 | 18 | 4.19946 | 14
289263 | 19 | 4.19946 | 14
578527 | 20 | 4.19946 | 14
1157055 | 21 | 4.19946 | 14
2314110 | 22 | 4.19946 | 14
4628221 | 23 | 4.19946 | 14
9256442 | 24 | 4.19946 | 14
18512885 | 25 | 4.19946 | 14
37025770 | 26 | 2.31242 | 12
74051541 | 27 | 2.31242 | 12
148103083 | 28 | 2.31242 | 12
296206166 | 29 | 2.31242 | 12
592412333 | 30 | 2.31242 | 12
1184824666 | 31 | 1.81342 | 8
1184824667 | 31 | 1.7677 | 4
37025771 | 26 | 4.63978e-310 | 2
18079 | 15 | 4.63978e-310 | 2
