ID | Depth | diameter | Number of points
0 | 0 | 29.316 | 1600
1 | 1 | 29.316 | 1600
3 | 2 | 29.316 | 1600
6 | 3 | 29.316 | 1600
12 | 4 | 27.784 | 1453
24 | 5 | 26.781 | 1254
48 | 6 | 23.9975 | 926
96 | 7 | 12.2881 | 123
193 | 8 | 12.2881 | 123
386 | 9 | 12.2881 | 123
773 | 10 | 12.2881 | 123
1547 | 11 | 12.2881 | 123
3094 | 12 | 12.2881 | 123
6189 | 13 | 12.2881 | 123
12379 | 14 | 12.2881 | 123
24758 | 15 | 6.55037 | 56
49516 | 16 | 5.44789 | 38
99032 | 17 | 5.44789 | 38
198064 | 18 | 5.44789 | 38
396128 | 19 | 5.44789 | 38
792257 | 20 | 5.44789 | 38
1584514 | 21 | 1.78838 | 5
1584515 | 21 | 4.58094 | 33
3169031 | 22 | 4.58094 | 33
6338063 | 23 | 4.58094 | 33
12676126 | 24 | 4.63978e-310 | 1
12676127 | 24 | 3.93622 | 32
25352254 | 25 | 3.93622 | 32
50704508 | 26 | 3.93622 | 31
101409017 | 27 | 3.93622 | 31
202818034 | 28 | 3.93622 | 31
405636068 | 29 | 3.93622 | 31
811272137 | 30 | 3.93622 | 31
1622544275 | 31 | 3.93622 | 31
3245088550 | 32 | 3.93622 | 31
6490177100 | 33 | 3.94005 | 4
6490177101 | 33 | 3.18 | 27
12980354203 | 34 | 3.18 | 27
25960708406 | 35 | 4.63978e-310 | 7
25960708407 | 35 | 3.02179 | 20
51921416814 | 36 | 3.02179 | 20
103842833628 | 37 | 3.02179 | 20
207685667256 | 38 | 3.02179 | 20
415371334513 | 39 | 3.02179 | 20
830742669026 | 40 | 1.63042e-322 | 8
830742669027 | 40 | 2.69089 | 12
1661485338055 | 41 | 2.69089 | 12
3322970676111 | 42 | 2.69089 | 12
6645941352223 | 43 | 2.69089 | 12
13291882704446 | 44 | 1.63042e-322 | 2
13291882704447 | 44 | 1.9941 | 10
50704509 | 26 | 4.63978e-310 | 1
49517 | 16 | 6.08703 | 18
99034 | 17 | 5.20913 | 15
198068 | 18 | 3.86813 | 14
396136 | 19 | 3.86813 | 14
792272 | 20 | 4.63978e-310 | 4
792273 | 20 | 4.63978e-310 | 10
198069 | 18 | 4.63978e-310 | 1
99035 | 17 | 4.63978e-310 | 3
24759 | 15 | 6.94814 | 67
49518 | 16 | 6.94814 | 66
99036 | 17 | 5.52048 | 55
198072 | 18 | 3.94663 | 37
396144 | 19 | 3.94663 | 37
792288 | 20 | 3.94663 | 37
1584576 | 21 | 3.79601 | 33
3169153 | 22 | 3.79601 | 33
6338306 | 23 | 3.79601 | 33
12676612 | 24 | 4.63978e-310 | 9
12676613 | 24 | 3.71103 | 24
25353227 | 25 | 3.71103 | 24
50706454 | 26 | 2.59903 | 15
101412909 | 27 | 2.59903 | 15
202825818 | 28 | 0.205649 | 7
202825819 | 28 | 0.941728 | 8
50706455 | 26 | 4.63978e-310 | 9
1584577 | 21 | 4.63978e-310 | 4
198073 | 18 | 2.42148 | 18
396146 | 19 | 2.42148 | 18
792292 | 20 | 2.42148 | 18
1584584 | 21 | 2.42148 | 18
3169168 | 22 | 2.42148 | 18
6338337 | 23 | 2.42148 | 18
12676674 | 24 | 2.42148 | 17
25353348 | 25 | 0.782492 | 9
25353349 | 25 | 0.234006 | 8
12676675 | 24 | 0.0501622 | 1
99037 | 17 | 4.41884 | 11
198075 | 18 | 4.41884 | 11
396150 | 19 | 4.41884 | 11
792300 | 20 | 4.41884 | 11
1584600 | 21 | 1.26853 | 1
1584601 | 21 | 1.86404 | 10
49519 | 16 | 4.63978e-310 | 1
97 | 7 | 23.1942 | 803
195 | 8 | 23.1942 | 803
390 | 9 | 12.9519 | 64
780 | 10 | 8.64685 | 34
1560 | 11 | 7.78948 | 32
3121 | 12 | 7.78948 | 32
6242 | 13 | 3.05709 | 12
12485 | 14 | 3.05709 | 12
24970 | 15 | 3.05709 | 12
49941 | 16 | 3.05709 | 12
99882 | 17 | 3.05709 | 11
199764 | 18 | 3.05709 | 11
399528 | 19 | 3.05709 | 11
799056 | 20 | 26.1427 | 1
799057 | 20 | 4.57304 | 10
99883 | 17 | 4.63978e-310 | 1
6243 | 13 | 7.35441 | 20
12486 | 14 | 7.35441 | 20
24972 | 15 | 5.35921 | 17
49944 | 16 | 5.35921 | 17
99889 | 17 | 5.35921 | 17
199779 | 18 | 5.35921 | 17
399558 | 19 | 5.35921 | 17
799116 | 20 | 4.03619 | 11
1598232 | 21 | 4.03619 | 11
3196464 | 22 | 4.03619 | 11
6392928 | 23 | 7.47569 | 2
6392929 | 23 | 2.72787 | 9
799117 | 20 | 4.63978e-310 | 6
24973 | 15 | 4.63978e-310 | 3
1561 | 11 | 4.63978e-310 | 2
781 | 10 | 10.157 | 30
1562 | 11 | 6.53315 | 19
3125 | 12 | 6.53315 | 19
6251 | 13 | 6.53315 | 19
12503 | 14 | 6.53315 | 19
25007 | 15 | 6.53315 | 19
50014 | 16 | 4.62028 | 18
100029 | 17 | 4.62028 | 18
200059 | 18 | 4.62028 | 18
400118 | 19 | 4.62028 | 18
800236 | 20 | 8.42368 | 3
800237 | 20 | 4.62028 | 15
1600474 | 21 | 4.62028 | 15
3200948 | 22 | 3.61682 | 14
6401896 | 23 | 3.61682 | 13
12803793 | 24 | 3.61682 | 13
25607586 | 25 | 3.61682 | 13
51215172 | 26 | 2.55179 | 3
51215173 | 26 | 4.63978e-310 | 10
6401897 | 23 | 4.63978e-310 | 1
3200949 | 22 | 4.63978e-310 | 1
50015 | 16 | 4.63978e-310 | 1
1563 | 11 | 6.72742 | 11
3127 | 12 | 6.72742 | 11
6254 | 13 | 4.63978e-310 | 5
6255 | 13 | 4.63978e-310 | 6
391 | 9 | 19.0905 | 739
783 | 10 | 19.0905 | 739
1566 | 11 | 19.0905 | 739
3132 | 12 | 19.0905 | 739
6264 | 13 | 19.0905 | 739
12528 | 14 | 17.4216 | 439
25056 | 15 | 17.0541 | 421
50113 | 16 | 17.0541 | 421
100226 | 17 | 17.0541 | 421
200452 | 18 | 16.2955 | 383
400904 | 19 | 13.92 | 328
801808 | 20 | 13.92 | 125
1603616 | 21 | 10.4837 | 63
3207232 | 22 | 10.4837 | 63
6414465 | 23 | 10.4837 | 63
12828930 | 24 | 9.25627 | 49
25657861 | 25 | 9.25627 | 49
51315723 | 26 | 9.25627 | 49
102631446 | 27 | 9.25627 | 49
205262892 | 28 | 9.25627 | 49
410525785 | 29 | 9.25627 | 49
821051570 | 30 | 9.25627 | 49
1642103140 | 31 | 9.25627 | 49
3284206280 | 32 | 9.25627 | 49
6568412560 | 33 | 6.71009 | 37
13136825120 | 34 | 3.16904 | 18
26273650241 | 35 | 3.16904 | 18
52547300482 | 36 | 3.16904 | 18
105094600964 | 37 | 150.997 | 1
105094600965 | 37 | 3.16904 | 17
210189201930 | 38 | 2.79597 | 15
420378403860 | 39 | 2.79597 | 15
840756807720 | 40 | 2.79597 | 15
1681513615440 | 41 | 2.79597 | 15
3363027230880 | 42 | 2.79597 | 15
6726054461760 | 43 | 2.79597 | 15
13452108923520 | 44 | 2.79597 | 15
26904217847040 | 45 | 0 | 4
26904217847041 | 45 | 1.92824 | 11
53808435694082 | 46 | 7.55407 | 3
53808435694083 | 46 | 4.63978e-310 | 8
210189201931 | 38 | 4.63978e-310 | 2
13136825121 | 34 | 4.46465 | 19
26273650242 | 35 | 4.46465 | 19
52547300484 | 36 | 4.46465 | 19
105094600969 | 37 | 4.46465 | 19
210189201938 | 38 | 4.29087 | 15
420378403876 | 39 | 4.35772 | 5
420378403877 | 39 | 2.5436 | 10
210189201939 | 38 | 4.63978e-310 | 4
6568412561 | 33 | 5.87758 | 12
13136825122 | 34 | 4.63978e-310 | 8
13136825123 | 34 | 4.63978e-310 | 4
12828931 | 24 | 4.05493 | 14
25657862 | 25 | 4.63978e-310 | 9
25657863 | 25 | 4.63978e-310 | 5
1603617 | 21 | 9.76873 | 62
3207234 | 22 | 4.92409 | 28
6414469 | 23 | 4.92409 | 28
12828938 | 24 | 3.49036 | 16
25657876 | 25 | 3.49036 | 16
51315752 | 26 | 3.49036 | 16
102631504 | 27 | 4.63978e-310 | 6
102631505 | 27 | 4.63978e-310 | 10
12828939 | 24 | 1.84102 | 12
25657878 | 25 | 1.84102 | 12
51315756 | 26 | 1.84102 | 12
102631513 | 27 | 1.84102 | 12
205263026 | 28 | 1.6621 | 2
205263027 | 28 | 1.52421 | 10
3207235 | 22 | 9.49701 | 34
6414471 | 23 | 9.49701 | 34
12828942 | 24 | 8.97764 | 31
25657884 | 25 | 4.6109 | 24
51315769 | 26 | 4.6109 | 24
102631538 | 27 | 4.6109 | 24
205263077 | 28 | 4.6109 | 24
410526154 | 29 | 4.6109 | 24
821052308 | 30 | 3.40777 | 19
1642104617 | 31 | 3.40777 | 19
3284209234 | 32 | 3.06901 | 18
6568418468 | 33 | 2.88466 | 2
6568418469 | 33 | 2.58937 | 16
13136836939 | 34 | 2.58937 | 16
26273673878 | 35 | 2.58937 | 16
52547347756 | 36 | 2.42877 | 13
105094695513 | 37 | 2.42877 | 13
210189391026 | 38 | 2.42877 | 13
420378782052 | 39 | 1.72043 | 12
840757564104 | 40 | 1.72043 | 12
1681515128208 | 41 | 3.34798 | 5
1681515128209 | 41 | 3.08664 | 7
420378782053 | 39 | 4.63978e-310 | 1
52547347757 | 36 | 4.63978e-310 | 3
3284209235 | 32 | 4.63978e-310 | 1
821052309 | 30 | 4.63978e-310 | 5
25657885 | 25 | 4.63978e-310 | 7
12828943 | 24 | 4.63978e-310 | 3
801809 | 20 | 12.4025 | 203
1603618 | 21 | 4.1835 | 33
3207237 | 22 | 4.1835 | 33
6414474 | 23 | 4.1835 | 33
12828948 | 24 | 3.07802 | 19
25657896 | 25 | 3.07802 | 19
51315792 | 26 | 2.3234 | 13
102631584 | 27 | 1.58101e-322 | 4
102631585 | 27 | 11.6595 | 9
51315793 | 26 | 4.63978e-310 | 6
12828949 | 24 | 2.48067 | 14
25657899 | 25 | 2.48067 | 14
51315798 | 26 | 0.301416 | 3
51315799 | 26 | 2.17295 | 11
102631599 | 27 | 2.17295 | 11
205263198 | 28 | 8.19909 | 1
205263199 | 28 | 0 | 10
1603619 | 21 | 9.98402 | 170
3207238 | 22 | 9.98402 | 170
6414476 | 23 | 5.18369 | 19
12828952 | 24 | 5.18369 | 19
25657905 | 25 | 5.18369 | 19
51315811 | 26 | 5.18369 | 19
102631622 | 27 | 5.18369 | 19
205263244 | 28 | 4.49487 | 18
410526489 | 29 | 4.49487 | 18
821052978 | 30 | 3.80496 | 15
1642105957 | 31 | 3.80496 | 15
3284211914 | 32 | 3.80496 | 15
6568423828 | 33 | 3.80496 | 15
13136847657 | 34 | 3.80496 | 15
26273695314 | 35 | 3.80496 | 15
52547390628 | 36 | 0.59821 | 9
52547390629 | 36 | 3.77296 | 6
821052979 | 30 | 4.63978e-310 | 3
205263245 | 28 | 4.63978e-310 | 1
6414477 | 23 | 9.98402 | 151
12828955 | 24 | 9.98402 | 151
25657910 | 25 | 9.98402 | 151
51315821 | 26 | 9.98402 | 151
102631642 | 27 | 9.98402 | 151
205263284 | 28 | 4.63978e-310 | 4
205263285 | 28 | 9.037 | 147
410526570 | 29 | 9.037 | 147
821053141 | 30 | 9.037 | 147
1642106283 | 31 | 9.037 | 147
3284212567 | 32 | 9.037 | 147
6568425134 | 33 | 7.63332 | 128
13136850268 | 34 | 7.63332 | 128
26273700536 | 35 | 7.43428 | 120
52547401072 | 36 | 7.43428 | 120
105094802145 | 37 | 7.43428 | 120
210189604290 | 38 | 7.43428 | 120
420379208581 | 39 | 7.43428 | 120
840758417162 | 40 | 7.43428 | 120
1681516834325 | 41 | 7.43428 | 120
3363033668651 | 42 | 7.43428 | 120
6726067337303 | 43 | 7.43428 | 120
13452134674606 | 44 | 7.43428 | 120
26904269349212 | 45 | 7.43428 | 120
53808538698424 | 46 | 7.43428 | 120
107617077396848 | 47 | 7.43428 | 120
215234154793696 | 48 | 4.21865 | 54
430468309587392 | 49 | 4.21865 | 54
860936619174784 | 50 | 4.21865 | 54
1721873238349568 | 51 | 1.82817 | 11
3443746476699137 | 52 | 1.82817 | 11
6887492953398274 | 53 | 1.82817 | 11
13774985906796548 | 54 | 1.82817 | 11
27549971813593096 | 55 | 1.11165e-321 | 2
27549971813593097 | 55 | 61.4488 | 9
1721873238349569 | 51 | 4.21865 | 43
3443746476699138 | 52 | 4.21865 | 43
6887492953398276 | 53 | 1.91429 | 4
6887492953398277 | 53 | 3.69486 | 39
13774985906796555 | 54 | 3.69486 | 39
27549971813593111 | 55 | 3.69486 | 39
55099943627186223 | 56 | 3.69486 | 39
110199887254372447 | 57 | 3.69486 | 39
220399774508744894 | 58 | 4.74303e-322 | 5
220399774508744895 | 58 | 2.20783 | 34
440799549017489790 | 59 | 0.669787 | 6
440799549017489791 | 59 | 2.17902 | 28
881599098034979582 | 60 | 2.17902 | 28
1763198196069959165 | 61 | 2.17902 | 28
3526396392139918331 | 62 | 2.17902 | 28
7052792784279836662 | 63 | 2.17902 | 28
-4341158505149878291 | 64 | 2.17902 | 28
-8682317010299756582 | 65 | 2.17902 | 28
1082110053110038452 | 66 | 2.17902 | 28
2164220106220076905 | 67 | 2.17902 | 28
4328440212440153811 | 68 | 2.17902 | 28
8656880424880307622 | 69 | 2.17902 | 28
-1132983223948936371 | 70 | 2.17902 | 28
-2265966447897872742 | 71 | 2.17902 | 25
-4531932895795745484 | 72 | 2.17902 | 25
-9063865791591490967 | 73 | 2.17902 | 25
319012490526569682 | 74 | 2.17902 | 25
638024981053139365 | 75 | 2.17902 | 25
1276049962106278731 | 76 | 2.17902 | 25
2552099924212557462 | 77 | 2.17902 | 24
5104199848425114924 | 78 | 2.17902 | 21
-8238344376859321768 | 79 | 3.38821 | 3
-8238344376859321767 | 79 | 1.78551 | 18
1970055319990908082 | 80 | 1.78551 | 11
3940110639981816164 | 81 | 1.63504 | 10
3940110639981816165 | 81 | 1.77383 | 1
1970055319990908083 | 80 | 4.63978e-310 | 7
5104199848425114925 | 78 | 1.80798 | 3
2552099924212557463 | 77 | 4.63978e-310 | 1
-2265966447897872741 | 71 | 4.63978e-310 | 3
215234154793697 | 48 | 4.9204 | 66
430468309587394 | 49 | 4.9204 | 66
860936619174789 | 50 | 4.9204 | 66
1721873238349578 | 51 | 4.9204 | 66
3443746476699156 | 52 | 4.9204 | 66
6887492953398312 | 53 | 4.63978e-310 | 5
6887492953398313 | 53 | 4.77082 | 61
13774985906796627 | 54 | 4.77082 | 61
27549971813593255 | 55 | 4.77082 | 61
55099943627186510 | 56 | 4.77082 | 61
110199887254373020 | 57 | 3.50537 | 25
220399774508746041 | 58 | 3.50537 | 25
440799549017492082 | 59 | 3.50537 | 25
881599098034984164 | 60 | 4.63978e-310 | 6
881599098034984165 | 60 | 2.60866 | 19
1763198196069968330 | 61 | 2.60866 | 19
3526396392139936661 | 62 | 2.60866 | 19
7052792784279873323 | 63 | 2.60866 | 19
-4341158505149804970 | 64 | 2.60866 | 19
-8682317010299609939 | 65 | 2.60866 | 19
1082110053110331739 | 66 | 2.60866 | 19
2164220106220663478 | 67 | 2.36636 | 18
4328440212441326956 | 68 | 1.36363 | 12
8656880424882653912 | 69 | 1.36363 | 12
-1132983223944243792 | 70 | 0.35062 | 6
-1132983223944243791 | 70 | 2.81633 | 6
4328440212441326957 | 68 | 4.63978e-310 | 6
2164220106220663479 | 67 | 4.63978e-310 | 1
110199887254373021 | 57 | 3.75186 | 36
220399774508746042 | 58 | 3.75186 | 36
440799549017492084 | 59 | 2.79013 | 31
881599098034984168 | 60 | 2.31519 | 23
1763198196069968337 | 61 | 2.31519 | 23
3526396392139936675 | 62 | 2.31519 | 23
7052792784279873351 | 63 | 2.31519 | 23
-4341158505149804914 | 64 | -0.205821 | 5
-4341158505149804913 | 64 | 2.10618 | 18
-8682317010299609826 | 65 | 2.10618 | 18
1082110053110331964 | 66 | 2.10618 | 18
2164220106220663929 | 67 | 2.10618 | 18
4328440212441327859 | 68 | 2.10618 | 18
8656880424882655718 | 69 | 2.10618 | 18
-1132983223944240179 | 70 | 2.10618 | 18
-2265966447888480358 | 71 | 0 | 9
-2265966447888480357 | 71 | 0.431205 | 9
881599098034984169 | 60 | 4.63978e-310 | 8
440799549017492085 | 59 | 4.63978e-310 | 5
26273700537 | 35 | 4.63978e-310 | 8
6568425135 | 33 | 3.12348 | 19
13136850270 | 34 | 3.12348 | 19
26273700540 | 35 | 4.63978e-310 | 6
26273700541 | 35 | 2.53144 | 13
52547401083 | 36 | 2.53144 | 13
105094802166 | 37 | 4.63978e-310 | 3
105094802167 | 37 | 4.63978e-310 | 10
400905 | 19 | 6.64218 | 55
801810 | 20 | 6.64218 | 55
1603621 | 21 | 6.64218 | 55
3207242 | 22 | 6.64218 | 55
6414484 | 23 | 6.27293 | 47
12828969 | 24 | 6.27293 | 47
25657939 | 25 | 6.27293 | 47
51315878 | 26 | 4.63978e-310 | 6
51315879 | 26 | 4.11021 | 41
102631758 | 27 | 4.11021 | 41
205263516 | 28 | 4.63978e-310 | 6
205263517 | 28 | 3.94966 | 35
410527034 | 29 | 3.94966 | 35
821054069 | 30 | 3.94966 | 35
1642108139 | 31 | 3.94966 | 35
3284216278 | 32 | 4.63978e-310 | 7
3284216279 | 32 | 3.75396 | 28
6568432559 | 33 | 3.75396 | 28
13136865118 | 34 | 3.75396 | 28
26273730236 | 35 | 3.75396 | 28
52547460473 | 36 | 3.75396 | 28
105094920947 | 37 | 3.75396 | 28
210189841895 | 38 | 3.75396 | 28
420379683790 | 39 | 3.75396 | 28
840759367580 | 40 | 3.75396 | 28
1681518735161 | 41 | 3.75396 | 28
3363037470322 | 42 | 3.75396 | 28
6726074940644 | 43 | 3.75396 | 28
13452149881288 | 44 | 3.75396 | 28
26904299762576 | 45 | 3.75396 | 28
53808599525152 | 46 | 1.34848 | 11
107617199050304 | 47 | 1.34848 | 11
215234398100609 | 48 | 1.34848 | 11
430468796201218 | 49 | 1.34848 | 11
860937592402436 | 50 | 4.63978e-310 | 3
860937592402437 | 50 | 4.63978e-310 | 8
53808599525153 | 46 | 2.99693 | 17
107617199050306 | 47 | 2.99693 | 17
215234398100613 | 48 | 2.99693 | 17
430468796201227 | 49 | 2.99693 | 17
860937592402454 | 50 | 3.0492 | 9
860937592402455 | 50 | 0.709643 | 8
6414485 | 23 | 4.63978e-310 | 8
200453 | 18 | 7.66692 | 38
400906 | 19 | 3.31922 | 17
801812 | 20 | 4.63978e-310 | 1
801813 | 20 | 2.54068 | 16
1603626 | 21 | 2.54068 | 16
3207253 | 22 | 2.54068 | 16
6414506 | 23 | 1.92312 | 13
12829012 | 24 | 1.92312 | 13
25658024 | 25 | 4.63978e-310 | 4
25658025 | 25 | 4.63978e-310 | 9
6414507 | 23 | 4.63978e-310 | 3
400907 | 19 | 3.45713 | 21
801814 | 20 | 3.45713 | 21
1603629 | 21 | 3.45713 | 21
3207258 | 22 | 2.16515 | 12
6414516 | 23 | 2.16515 | 12
12829033 | 24 | 2.16515 | 12
25658066 | 25 | 2.16515 | 12
51316132 | 26 | 2.16515 | 12
102632264 | 27 | 2.90382 | 6
102632265 | 27 | 0.973515 | 6
3207259 | 22 | 4.63978e-310 | 9
25057 | 15 | 7.44858 | 18
50115 | 16 | 7.44858 | 18
100230 | 17 | 7.44858 | 18
200460 | 18 | 7.44858 | 18
400921 | 19 | 7.44858 | 18
801842 | 20 | 7.15991 | 16
1603684 | 21 | 2.98587 | 10
1603685 | 21 | 11.2069 | 6
801843 | 20 | 4.63978e-310 | 2
12529 | 14 | 14.9166 | 300
25058 | 15 | 14.9166 | 300
50117 | 16 | 14.9166 | 300
100235 | 17 | 14.9166 | 300
200471 | 18 | 14.9166 | 300
400943 | 19 | 14.9166 | 300
801886 | 20 | 14.9166 | 300
1603773 | 21 | 14.9166 | 300
3207547 | 22 | 14.9166 | 300
6415094 | 23 | 14.9166 | 300
12830188 | 24 | 13.9569 | 266
25660376 | 25 | 9.27116 | 170
51320753 | 26 | 9.27116 | 170
102641506 | 27 | 6.35003 | 120
205283012 | 28 | 6.35003 | 120
410566024 | 29 | 6.35003 | 120
821132048 | 30 | 4.31938 | 46
1642264096 | 31 | 0.991106 | 2
1642264097 | 31 | 3.33538 | 44
3284528194 | 32 | 3.33538 | 44
6569056388 | 33 | 3.33538 | 44
13138112776 | 34 | 3.33538 | 44
26276225552 | 35 | 2.58744 | 31
52552451104 | 36 | 2.58744 | 31
105104902208 | 37 | 1.32484 | 11
210209804416 | 38 | 0 | 7
210209804417 | 38 | 0.389348 | 4
105104902209 | 37 | 2.16866 | 20
210209804418 | 38 | 2.59461 | 3
210209804419 | 38 | 1.8606 | 17
420419608838 | 39 | 1.8606 | 17
840839217676 | 40 | 0.582941 | 4
840839217677 | 40 | 1.58136 | 13
1681678435354 | 41 | 1.58136 | 13
3363356870708 | 42 | 1.58136 | 13
6726713741417 | 43 | 1.58136 | 13
13453427482834 | 44 | 6.37345e-322 | 5
13453427482835 | 44 | 1.28333 | 8
26276225553 | 35 | 2.16676 | 13
52552451106 | 36 | 2.16676 | 11
105104902212 | 37 | 4.63978e-310 | 6
105104902213 | 37 | 4.63978e-310 | 5
52552451107 | 36 | 4.63978e-310 | 2
821132049 | 30 | 4.71922 | 74
1642264098 | 31 | 4.71922 | 74
3284528196 | 32 | 4.71922 | 74
6569056392 | 33 | 4.71922 | 72
13138112784 | 34 | 3.66331 | 50
26276225569 | 35 | 3.66331 | 50
52552451138 | 36 | 3.66331 | 50
105104902276 | 37 | 2.59073 | 13
210209804552 | 38 | 2.59073 | 13
420419609104 | 39 | 0.215106 | 2
420419609105 | 39 | 2.07714 | 11
840839218210 | 40 | 0.79584 | 7
840839218211 | 40 | 4.63978e-310 | 4
105104902277 | 37 | 3.56263 | 37
210209804554 | 38 | 1.94046 | 13
420419609109 | 39 | 1.94046 | 13
840839218218 | 40 | 0.567559 | 1
840839218219 | 40 | 1.94046 | 12
1681678436438 | 41 | 1.94046 | 12
3363356872876 | 42 | 3.56403 | 3
3363356872877 | 42 | 4.63978e-310 | 9
210209804555 | 38 | 2.72226 | 24
420419609111 | 39 | 2.72226 | 24
840839218222 | 40 | 2.72226 | 23
1681678436445 | 41 | 2.72226 | 23
3363356872890 | 42 | 2.50449 | 22
6726713745780 | 43 | 2.50449 | 14
13453427491560 | 44 | 4.14534 | 7
13453427491561 | 44 | 0.0865067 | 7
6726713745781 | 43 | 4.63978e-310 | 8
3363356872891 | 42 | 4.63978e-310 | 1
840839218223 | 40 | 4.63978e-310 | 1
13138112785 | 34 | 2.41399 | 22
26276225571 | 35 | 2.41399 | 22
52552451142 | 36 | 2.41399 | 22
105104902285 | 37 | 2.41399 | 22
210209804570 | 38 | 1.80474 | 19
420419609140 | 39 | 1.80474 | 19
840839218280 | 40 | 1.80474 | 19
1681678436560 | 41 | 1.80474 | 19
3363356873120 | 42 | 0.723325 | 2
3363356873121 | 42 | 1.72076 | 17
6726713746242 | 43 | 4.63978e-310 | 8
6726713746243 | 43 | 1.98162 | 9
210209804571 | 38 | 4.63978e-310 | 3
6569056393 | 33 | 4.63978e-310 | 2
102641507 | 27 | 5.30382 | 50
205283014 | 28 | 5.30382 | 47
410566029 | 29 | 5.30382 | 47
821132058 | 30 | 3.88158 | 11
1642264116 | 31 | 2.37152e-322 | 1
1642264117 | 31 | 4.63978e-310 | 10
821132059 | 30 | 3.5634 | 36
1642264118 | 31 | 3.5634 | 36
3284528236 | 32 | 2.47887 | 21
6569056473 | 33 | 2.47887 | 21
13138112947 | 34 | 2.47887 | 21
26276225894 | 35 | 0.0458209 | 2
26276225895 | 35 | 2.40547 | 19
52552451790 | 36 | 4.63978e-310 | 6
52552451791 | 36 | 1.30842 | 13
105104903582 | 37 | 1.30842 | 13
210209807164 | 38 | 1.30842 | 13
420419614328 | 39 | 1.44885 | 7
420419614329 | 39 | 0.892119 | 6
3284528237 | 32 | 2.79916 | 15
6569056475 | 33 | 2.79916 | 15
13138112950 | 34 | 2.79916 | 15
26276225900 | 35 | 2.79916 | 15
52552451801 | 36 | 2.79916 | 15
105104903602 | 37 | 1.17277 | 3
105104903603 | 37 | 2.62221 | 12
210209807206 | 38 | 2.62221 | 12
420419614412 | 39 | 2.62221 | 12
840839228824 | 40 | 2.62221 | 12
1681678457649 | 41 | 2.62221 | 12
3363356915299 | 42 | 2.62221 | 12
6726713830598 | 43 | 2.62221 | 12
13453427661196 | 44 | 0.15786 | 10
13453427661197 | 44 | 0.619792 | 2
205283015 | 28 | 4.63978e-310 | 3
25660377 | 25 | 7.23455 | 96
51320754 | 26 | 7.23455 | 96
102641508 | 27 | 7.23455 | 96
205283016 | 28 | 4.12278 | 37
410566032 | 29 | 4.12278 | 37
821132065 | 30 | 4.12278 | 37
1642264130 | 31 | 4.12278 | 37
3284528260 | 32 | 4.63978e-310 | 2
3284528261 | 32 | 3.60447 | 35
6569056523 | 33 | 3.60447 | 35
13138113047 | 34 | 3.60447 | 35
26276226094 | 35 | 2.31636 | 28
52552452189 | 36 | 2.31636 | 28
105104904378 | 37 | 2.31636 | 27
210209808756 | 38 | 2.31636 | 26
420419617513 | 39 | 2.31636 | 26
840839235027 | 40 | 2.31636 | 26
1681678470055 | 41 | 2.31636 | 26
3363356940111 | 42 | 2.31636 | 26
6726713880223 | 43 | 2.31636 | 26
13453427760446 | 44 | 2.2735 | 22
26906855520893 | 45 | 2.2735 | 22
53813711041786 | 46 | 2.2735 | 22
107627422083572 | 47 | 1.84916 | 8
107627422083573 | 47 | 1.81271 | 14
215254844167146 | 48 | 1.06316 | 3
215254844167147 | 48 | 1.81271 | 11
430509688334295 | 49 | 1.81271 | 11
861019376668591 | 50 | 1.81271 | 11
1722038753337183 | 51 | 1.81271 | 11
3444077506674367 | 52 | 1.81271 | 11
6888155013348734 | 53 | 1.81271 | 11
13776310026697469 | 54 | 1.81271 | 11
27552620053394939 | 55 | 1.81271 | 11
55105240106789879 | 56 | 1.81271 | 11
110210480213579759 | 57 | 1.81271 | 11
220420960427159518 | 58 | 1.81271 | 11
440841920854319036 | 59 | 1.81271 | 11
881683841708638072 | 60 | 1.81271 | 11
1763367683417276145 | 61 | 1.81271 | 11
3526735366834552290 | 62 | 6.37345e-322 | 10
3526735366834552291 | 62 | 0.122787 | 1
13453427760447 | 44 | 4.63978e-310 | 4
210209808757 | 38 | 4.63978e-310 | 1
105104904379 | 37 | 4.63978e-310 | 1
26276226095 | 35 | 4.63978e-310 | 7
205283017 | 28 | 5.43819 | 59
410566035 | 29 | 5.43819 | 59
821132070 | 30 | 2.69043 | 14
1642264140 | 31 | 2.69043 | 14
3284528280 | 32 | 2.69043 | 14
6569056560 | 33 | 2.69043 | 14
13138113120 | 34 | 4.63978e-310 | 10
13138113121 | 34 | 4.63978e-310 | 4
821132071 | 30 | 5.27683 | 45
1642264142 | 31 | 4.25571 | 34
3284528284 | 32 | 4.25571 | 34
6569056568 | 33 | 4.25571 | 34
13138113136 | 34 | 4.25571 | 34
26276226273 | 35 | 4.25571 | 34
52552452546 | 36 | 4.25571 | 34
105104905092 | 37 | 2.37152e-322 | 7
105104905093 | 37 | 3.24611 | 27
210209810187 | 38 | 3.24611 | 27
420419620374 | 39 | 3.24611 | 27
840839240748 | 40 | 3.24611 | 27
1681678481496 | 41 | 3.24611 | 27
3363356962992 | 42 | 3.24611 | 27
6726713925985 | 43 | 3.24611 | 27
13453427851971 | 44 | 3.24611 | 27
26906855703943 | 45 | 3.24611 | 27
53813711407886 | 46 | 3.24611 | 27
107627422815772 | 47 | 2.69653 | 23
215254845631545 | 48 | 2.69653 | 23
430509691263091 | 49 | 2.69653 | 23
861019382526182 | 50 | 2.69653 | 23
1722038765052365 | 51 | 2.69653 | 23
3444077530104730 | 52 | 2.69653 | 23
6888155060209460 | 53 | 2.69653 | 23
13776310120418921 | 54 | 2.69653 | 23
27552620240837842 | 55 | 0.796173 | 10
27552620240837843 | 55 | 1.67659 | 13
55105240481675687 | 56 | 1.67659 | 13
110210480963351374 | 57 | 1.67659 | 13
220420961926702748 | 58 | 5.38369 | 2
220420961926702749 | 58 | 1.45195 | 11
440841923853405499 | 59 | 1.45195 | 11
881683847706810999 | 60 | 1.45195 | 11
1763367695413621998 | 61 | 1.45195 | 11
3526735390827243996 | 62 | 4.63978e-310 | 9
3526735390827243997 | 62 | 1.21088 | 2
107627422815773 | 47 | 4.63978e-310 | 4
1642264143 | 31 | 3.22394 | 11
3284528287 | 32 | 3.22394 | 11
6569056574 | 33 | 3.22394 | 11
13138113149 | 34 | 3.22394 | 11
26276226298 | 35 | 4.63978e-310 | 2
26276226299 | 35 | 4.63978e-310 | 9
12830189 | 24 | 5.26248 | 34
25660378 | 25 | 3.99292 | 23
51320756 | 26 | 3.57872 | 22
102641512 | 27 | 3.57872 | 22
205283025 | 28 | 3.57872 | 22
410566050 | 29 | 2.46566 | 14
821132100 | 30 | 4.63978e-310 | 8
821132101 | 30 | 4.63978e-310 | 6
410566051 | 29 | 4.63978e-310 | 8
51320757 | 26 | 4.63978e-310 | 1
25660379 | 25 | 4.22819 | 11
51320759 | 26 | 4.22819 | 11
102641518 | 27 | 4.22819 | 11
205283036 | 28 | 4.22819 | 11
410566073 | 29 | 4.22819 | 11
821132146 | 30 | 4.63978e-310 | 8
821132147 | 30 | 4.63978e-310 | 3
49 | 6 | 17.4833 | 328
98 | 7 | 3.42422 | 14
196 | 8 | 4.63978e-310 | 2
197 | 8 | 2.85421 | 12
394 | 9 | 2.85421 | 12
789 | 10 | 2.85421 | 12
1578 | 11 | 4.63978e-310 | 3
1579 | 11 | 4.63978e-310 | 9
99 | 7 | 16.896 | 314
198 | 8 | 15.8112 | 297
397 | 9 | 15.8112 | 297
794 | 10 | 12.3842 | 236
1589 | 11 | 12.3842 | 236
3179 | 12 | 12.3842 | 236
6359 | 13 | 12.3842 | 236
12718 | 14 | 6.70599 | 57
25436 | 15 | 2.6712 | 12
50872 | 16 | 2.16677 | 9
50873 | 16 | 1.58101e-322 | 3
25437 | 15 | 6.30371 | 45
50875 | 16 | 6.30371 | 45
101751 | 17 | 6.30371 | 45
203502 | 18 | 6.30371 | 45
407005 | 19 | 6.30371 | 45
814010 | 20 | 6.06307 | 25
1628021 | 21 | 6.06307 | 25
3256042 | 22 | 3.33462 | 21
6512084 | 23 | 0.529004 | 1
6512085 | 23 | 3.33462 | 20
13024170 | 24 | 3.33462 | 20
26048340 | 25 | 3.33462 | 20
52096680 | 26 | 3.33462 | 20
104193360 | 27 | 2.45223 | 12
208386720 | 28 | 2.45223 | 12
416773440 | 29 | 4.63978e-310 | 6
416773441 | 29 | 0.692066 | 6
104193361 | 27 | 4.63978e-310 | 8
3256043 | 22 | 4.63978e-310 | 4
814011 | 20 | 6.14248 | 20
1628023 | 21 | 6.14248 | 20
3256046 | 22 | 6.14248 | 20
6512093 | 23 | 6.14248 | 20
13024186 | 24 | 4.3328 | 16
26048373 | 25 | 4.3328 | 16
52096746 | 26 | 4.3328 | 16
104193492 | 27 | 4.3328 | 16
208386984 | 28 | 4.3328 | 16
416773969 | 29 | 4.3328 | 16
833547939 | 30 | 4.3328 | 16
1667095878 | 31 | 2.41663 | 4
1667095879 | 31 | 3.07747 | 12
3334191758 | 32 | 1.44946 | 4
3334191759 | 32 | 1.72663 | 8
13024187 | 24 | 4.63978e-310 | 4
12719 | 14 | 11.4506 | 179
25438 | 15 | 4.63978e-310 | 8
25439 | 15 | 10.5984 | 171
50878 | 16 | 9.5836 | 157
101756 | 17 | 9.5836 | 157
203512 | 18 | 9.5836 | 157
407025 | 19 | 9.5836 | 157
814051 | 20 | 9.5836 | 157
1628102 | 21 | 9.5836 | 157
3256205 | 22 | 9.5836 | 157
6512411 | 23 | 9.5836 | 157
13024822 | 24 | 1.63042e-322 | 5
13024823 | 24 | 9.41582 | 152
26049646 | 25 | 5.45691 | 44
52099292 | 26 | 5.45691 | 44
104198584 | 27 | 5.00393 | 33
208397169 | 28 | 5.00393 | 33
416794338 | 29 | 3.53332 | 25
833588676 | 30 | 2.39924 | 1
833588677 | 30 | 2.90542 | 24
1667177354 | 31 | 2.90542 | 24
3334354708 | 32 | 0.274306 | 9
3334354709 | 32 | 2.20896 | 15
6668709418 | 33 | 2.20896 | 15
13337418837 | 34 | 2.20896 | 15
26674837674 | 35 | 0.405007 | 4
26674837675 | 35 | 2.20896 | 11
53349675350 | 36 | 2.20896 | 11
106699350700 | 37 | 2.20896 | 11
213398701400 | 38 | 2.20896 | 11
426797402800 | 39 | 2.20896 | 11
853594805600 | 40 | 2.20896 | 11
1707189611200 | 41 | 0.610165 | 2
1707189611201 | 41 | 1.61157 | 9
416794339 | 29 | 4.63978e-310 | 8
104198585 | 27 | 2.27695 | 11
208397171 | 28 | 2.27695 | 11
416794342 | 29 | 2.27695 | 11
833588684 | 30 | 2.27695 | 11
1667177368 | 31 | 4.63978e-310 | 10
1667177369 | 31 | 4.63978e-310 | 1
26049647 | 25 | 9.41582 | 108
52099295 | 26 | 9.41582 | 108
104198590 | 27 | 7.75073 | 66
208397180 | 28 | 0.0565481 | 3
208397181 | 28 | 7.75073 | 63
416794362 | 29 | 6.58551 | 57
833588724 | 30 | 6.58551 | 57
1667177448 | 31 | 6.58551 | 52
3334354896 | 32 | 4.79132 | 28
6668709792 | 33 | 4.79132 | 28
13337419584 | 34 | 4.79132 | 28
26674839168 | 35 | 4.79132 | 28
53349678336 | 36 | 2.78294 | 8
53349678337 | 36 | 2.71634 | 20
106699356674 | 37 | 2.71634 | 20
213398713348 | 38 | 1.37149 | 6
213398713349 | 38 | 2.57477 | 14
426797426698 | 39 | 2.57477 | 14
853594853396 | 40 | 0.224661 | 5
853594853397 | 40 | 4.59159 | 9
3334354897 | 32 | 3.23924 | 24
6668709794 | 33 | 3.23924 | 24
13337419588 | 34 | 3.23924 | 24
26674839176 | 35 | 3.23924 | 24
53349678352 | 36 | 3.23924 | 18
106699356704 | 37 | 3.23924 | 18
213398713408 | 38 | 3.21143e-322 | 1
213398713409 | 38 | 2.62413 | 17
426797426818 | 39 | 0.193198 | 5
426797426819 | 39 | 2.62413 | 12
853594853638 | 40 | 2.62413 | 12
1707189707276 | 41 | 2.62413 | 12
3414379414553 | 42 | 2.62413 | 12
6828758829106 | 43 | 1.65476 | 11
13657517658212 | 44 | 1.55502 | 5
13657517658213 | 44 | 7.90505e-322 | 6
6828758829107 | 43 | 4.63978e-310 | 1
53349678353 | 36 | 4.63978e-310 | 6
1667177449 | 31 | 4.63978e-310 | 5
416794363 | 29 | 4.63978e-310 | 6
104198591 | 27 | 6.5649 | 42
208397183 | 28 | 6.5649 | 42
416794366 | 29 | 4.63978e-310 | 3
416794367 | 29 | 5.53424 | 39
833588735 | 30 | 5.53424 | 39
1667177470 | 31 | 5.53424 | 39
3334354940 | 32 | 1.76168 | 12
6668709880 | 33 | 1.76168 | 12
13337419761 | 34 | 1.76168 | 12
26674839523 | 35 | 1.76168 | 12
53349679046 | 36 | 0.196202 | 9
53349679047 | 36 | 0 | 3
3334354941 | 32 | 4.23444 | 27
6668709882 | 33 | 4.23444 | 27
13337419764 | 34 | 4.23444 | 27
26674839528 | 35 | 2.57045 | 15
53349679056 | 36 | 2.57045 | 15
106699358112 | 37 | 2.30384 | 12
213398716224 | 38 | 2.30384 | 12
426797432448 | 39 | 12.24 | 2
426797432449 | 39 | 1.92394 | 10
106699358113 | 37 | 9.21003 | 3
26674839529 | 35 | 3.51917 | 12
53349679059 | 36 | 3.51917 | 12
106699358118 | 37 | 1.86711 | 10
106699358119 | 37 | 3.21143e-322 | 2
50879 | 16 | 4.00138 | 14
101758 | 17 | 4.63978e-310 | 10
101759 | 17 | 4.63978e-310 | 4
795 | 10 | 10.6781 | 61
1590 | 11 | 10.6781 | 61
3180 | 12 | 10.6781 | 61
6360 | 13 | 9.38993 | 23
12720 | 14 | 4.63978e-310 | 5
12721 | 14 | 8.06768 | 18
25442 | 15 | 8.06768 | 18
50884 | 16 | 8.06768 | 18
101768 | 17 | 8.06768 | 18
203536 | 18 | 4.63978e-310 | 8
203537 | 18 | 4.63978e-310 | 10
6361 | 13 | 10.658 | 38
12722 | 14 | 10.658 | 38
25445 | 15 | 10.658 | 38
50890 | 16 | 10.658 | 38
101780 | 17 | 10.658 | 38
203560 | 18 | 7.7265 | 16
407121 | 19 | 7.7265 | 16
814243 | 20 | 7.7265 | 16
1628486 | 21 | 7.7265 | 16
3256972 | 22 | 7.37526 | 15
6513944 | 23 | 7.37526 | 15
13027889 | 24 | 7.37526 | 15
26055778 | 25 | 7.37526 | 15
52111556 | 26 | 1.93438 | 5
52111557 | 26 | 5.70719 | 10
3256973 | 22 | 4.63978e-310 | 1
203561 | 18 | 4.90231 | 22
407122 | 19 | 4.90231 | 22
814244 | 20 | 4.90231 | 22
1628488 | 21 | 4.90231 | 22
3256976 | 22 | 4.01636 | 15
6513952 | 23 | 0 | 4
6513953 | 23 | 2.2887 | 11
13027906 | 24 | 2.2887 | 11
26055812 | 25 | 2.2887 | 11
52111624 | 26 | 79.1842 | 4
52111625 | 26 | 8.81689 | 7
3256977 | 22 | 4.63978e-310 | 7
199 | 8 | 13.1753 | 17
398 | 9 | 13.1753 | 17
796 | 10 | 4.63978e-310 | 10
797 | 10 | 4.63978e-310 | 7
25 | 5 | 26.3431 | 199
50 | 6 | 10.6528 | 90
100 | 7 | 4.63978e-310 | 2
101 | 7 | 10.6528 | 88
203 | 8 | 10.6528 | 88
406 | 9 | 10.6528 | 88
812 | 10 | 10.6528 | 88
1624 | 11 | 10.6528 | 88
3248 | 12 | 10.6528 | 88
6497 | 13 | 10.6528 | 88
12995 | 14 | 10.6528 | 88
25990 | 15 | 10.6528 | 88
51981 | 16 | 10.6528 | 88
103963 | 17 | 10.6528 | 88
207926 | 18 | 10.6528 | 88
415852 | 19 | 0 | 9
415853 | 19 | 10.6528 | 79
831706 | 20 | 9.48474 | 32
1663412 | 21 | 9.48474 | 32
3326825 | 22 | 9.48474 | 32
6653651 | 23 | 9.48474 | 32
13307302 | 24 | 0.0123698 | 2
13307303 | 24 | 5.45085 | 30
26614607 | 25 | 5.45085 | 30
53229214 | 26 | 5.45085 | 30
106458429 | 27 | 5.45085 | 30
212916858 | 28 | 3.91628 | 28
425833716 | 29 | 3.91628 | 28
851667432 | 30 | 2.53689 | 27
1703334865 | 31 | 2.53689 | 27
3406669730 | 32 | 2.53689 | 26
6813339460 | 33 | 0.792004 | 8
6813339461 | 33 | 2.36201 | 18
13626678922 | 34 | 2.05014 | 15
27253357844 | 35 | 3.7224 | 1
27253357845 | 35 | 2.05014 | 14
54506715691 | 36 | 2.05014 | 14
109013431382 | 37 | 2.05014 | 14
218026862764 | 38 | 1.82685 | 13
436053725529 | 39 | 1.82685 | 13
872107451058 | 40 | 1.82685 | 13
1744214902116 | 41 | 0.354199 | 3
1744214902117 | 41 | 6.37345e-322 | 10
218026862765 | 38 | 4.63978e-310 | 1
13626678923 | 34 | 4.63978e-310 | 3
3406669731 | 32 | 4.63978e-310 | 1
851667433 | 30 | 4.63978e-310 | 1
212916859 | 28 | 4.63978e-310 | 2
831707 | 20 | 8.35915 | 47
1663414 | 21 | 8.35915 | 47
3326828 | 22 | 4.63978e-310 | 3
3326829 | 22 | 8.35915 | 44
6653658 | 23 | 7.79312 | 32
13307316 | 24 | 4.63978e-310 | 2
13307317 | 24 | 3.71897 | 30
26614635 | 25 | 3.71897 | 30
53229270 | 26 | 3.71897 | 24
106458540 | 27 | 2.85543 | 19
212917081 | 28 | 2.85543 | 19
425834162 | 29 | 2.85543 | 19
851668325 | 30 | 2.85543 | 19
1703336651 | 31 | 2.85543 | 19
3406673303 | 32 | 2.85543 | 19
6813346607 | 33 | 2.85543 | 19
13626693215 | 34 | 2.85543 | 19
27253386431 | 35 | 2.85543 | 19
54506772863 | 36 | 2.85543 | 19
109013545727 | 37 | 2.85543 | 19
218027091454 | 38 | 2.85543 | 19
436054182908 | 39 | 2.85543 | 19
872108365816 | 40 | 2.73257 | 17
1744216731633 | 41 | 2.73257 | 17
3488433463266 | 42 | 1.77506 | 11
6976866926533 | 43 | 1.77506 | 11
13953733853066 | 44 | 0.606864 | 8
13953733853067 | 44 | 0.294434 | 3
3488433463267 | 42 | 4.63978e-310 | 6
872108365817 | 40 | 4.63978e-310 | 2
106458541 | 27 | 4.63978e-310 | 5
53229271 | 26 | 4.63978e-310 | 6
6653659 | 23 | 3.08806 | 12
13307318 | 24 | 3.08806 | 12
26614636 | 25 | 4.63978e-310 | 4
26614637 | 25 | 4.63978e-310 | 8
51 | 6 | 15.3273 | 109
102 | 7 | 10.7845 | 69
204 | 8 | 10.7845 | 43
408 | 9 | 9.89563 | 26
817 | 10 | 9.89563 | 26
1634 | 11 | 9.89563 | 26
3268 | 12 | 4.63978e-310 | 10
3269 | 12 | 3.55212 | 16
6538 | 13 | 3.55212 | 16
13076 | 14 | 4.63978e-310 | 8
13077 | 14 | 0 | 8
409 | 9 | 6.30354 | 17
818 | 10 | 2.08509 | 14
1636 | 11 | 2.08509 | 14
3273 | 12 | 2.08509 | 14
6547 | 13 | 2.08509 | 14
13094 | 14 | 2.08509 | 14
26189 | 15 | 2.08509 | 14
52379 | 16 | 2.08509 | 14
104759 | 17 | 2.08509 | 14
209519 | 18 | 2.08509 | 14
419038 | 19 | 3.19013 | 10
419039 | 19 | 4.34761 | 4
819 | 10 | 4.63978e-310 | 3
205 | 8 | 7.44293 | 26
410 | 9 | 4.63978e-310 | 2
411 | 9 | 5.94212 | 24
822 | 10 | 4.63978e-310 | 1
823 | 10 | 5.28013 | 23
1646 | 11 | 5.28013 | 23
3292 | 12 | 0 | 7
3293 | 12 | 3.59488 | 16
6587 | 13 | 3.59488 | 16
13174 | 14 | 3.59488 | 16
26349 | 15 | 3.59488 | 16
52698 | 16 | 0.398497 | 1
52699 | 16 | 3.36476 | 15
105399 | 17 | 3.36476 | 15
210798 | 18 | 3.36476 | 15
421596 | 19 | 3.36476 | 15
843193 | 20 | 3.36476 | 15
1686387 | 21 | 3.36476 | 15
3372774 | 22 | 25.3821 | 6
3372775 | 22 | 0.745155 | 9
103 | 7 | 9.8183 | 40
206 | 8 | 9.8183 | 40
412 | 9 | 7.41929 | 28
824 | 10 | 7.41929 | 28
1648 | 11 | 7.41929 | 28
3296 | 12 | 7.41929 | 28
6592 | 13 | 5.30565 | 12
13184 | 14 | 4.63978e-310 | 1
13185 | 14 | 3.57782 | 11
26370 | 15 | 4.63978e-310 | 8
26371 | 15 | 3.67493 | 3
6593 | 13 | 7.41929 | 16
13186 | 14 | 31.654 | 5
13187 | 14 | 5.88002 | 11
26374 | 15 | 20.7744 | 1
26375 | 15 | 6.30634 | 10
413 | 9 | 4.05737 | 12
826 | 10 | 4.05737 | 12
1653 | 11 | 4.05737 | 12
3306 | 12 | 4.63978e-310 | 4
3307 | 12 | 19.2247 | 8
13 | 4 | 23.0795 | 147
27 | 5 | 23.0795 | 147
55 | 6 | 23.0795 | 147
110 | 7 | 23.0795 | 145
220 | 8 | 23.0795 | 145
440 | 9 | 16.3632 | 78
880 | 10 | 16.3632 | 78
1760 | 11 | 10.4177 | 59
3521 | 12 | 10.4177 | 59
7043 | 13 | 10.4177 | 59
14086 | 14 | 2.98087 | 4
14087 | 14 | 10.1288 | 55
28174 | 15 | 0 | 9
28175 | 15 | 8.87699 | 46
56351 | 16 | 8.87699 | 46
112702 | 17 | 5.21019 | 45
225404 | 18 | 5.21019 | 45
450809 | 19 | 5.21019 | 45
901618 | 20 | 5.21019 | 45
1803236 | 21 | 5.21019 | 45
3606472 | 22 | 5.21019 | 45
7212944 | 23 | 5.20615 | 43
14425888 | 24 | 4.0178 | 23
28851776 | 25 | 4.0178 | 14
57703552 | 26 | 76.8751 | 6
57703553 | 26 | 1.63042e-322 | 8
28851777 | 25 | 4.63978e-310 | 9
14425889 | 24 | 3.28818 | 20
28851778 | 25 | 1.63042e-322 | 7
28851779 | 25 | 3.16543 | 13
57703558 | 26 | 3.16543 | 13
115407116 | 27 | 3.16543 | 13
230814233 | 28 | 3.16543 | 13
461628466 | 29 | 0 | 3
461628467 | 29 | 4.63978e-310 | 10
7212945 | 23 | 4.63978e-310 | 2
112703 | 17 | 4.63978e-310 | 1
1761 | 11 | 11.9364 | 19
3523 | 12 | 11.9364 | 19
7046 | 13 | 11.9364 | 19
14092 | 14 | 8.98513 | 13
28184 | 15 | 7.83283 | 11
56368 | 16 | 7.83283 | 11
112736 | 17 | 7.83283 | 11
225472 | 18 | 54.9742 | 3
225473 | 18 | 4.63978e-310 | 8
28185 | 15 | 4.63978e-310 | 2
14093 | 14 | 4.63978e-310 | 6
441 | 9 | 14.0454 | 67
882 | 10 | 14.0454 | 66
1765 | 11 | 14.0454 | 66
3531 | 12 | 14.0454 | 66
7063 | 13 | 14.0454 | 66
14127 | 14 | 14.0454 | 66
28255 | 15 | 14.0454 | 66
56510 | 16 | 14.0454 | 66
113020 | 17 | 14.0454 | 57
226040 | 18 | 9.89108 | 38
452081 | 19 | 9.89108 | 38
904162 | 20 | 8.8569 | 28
1808324 | 21 | 8.8569 | 28
3616649 | 22 | 8.8569 | 28
7233298 | 23 | 7.83351 | 24
14466596 | 24 | 6.02948 | 16
28933192 | 25 | 6.02948 | 16
57866385 | 26 | 6.02948 | 16
115732771 | 27 | 6.02948 | 16
231465543 | 28 | 6.02948 | 16
462931086 | 29 | 4.16418 | 11
925862173 | 30 | 4.16418 | 11
1851724346 | 31 | 4.16418 | 11
3703448692 | 32 | 1.63042e-322 | 9
3703448693 | 32 | 0.939632 | 2
462931087 | 29 | 4.63978e-310 | 5
14466597 | 24 | 4.63978e-310 | 8
7233299 | 23 | 4.63978e-310 | 4
904163 | 20 | 4.63978e-310 | 10
226041 | 18 | 7.03947 | 19
452082 | 19 | 4.63978e-310 | 4
452083 | 19 | 6.11965 | 15
904166 | 20 | 6.11965 | 15
1808332 | 21 | 4.63978e-310 | 4
1808333 | 21 | 4.34518 | 11
3616666 | 22 | 4.34518 | 11
7233332 | 23 | 49.6455 | 4
7233333 | 23 | 58.2641 | 7
113021 | 17 | 4.63978e-310 | 9
883 | 10 | 4.63978e-310 | 1
111 | 7 | 4.63978e-310 | 2
