ID | Depth | diameter | Number of points
0 | 0 | 29.316 | 1600
0 | 1 | 29.316 | 1600
0 | 2 | 26.0186 | 1117
0 | 3 | 26.0186 | 1117
0 | 4 | 11.7769 | 82
1 | 5 | 11.7769 | 82
2 | 6 | 11.7769 | 82
4 | 7 | 11.7769 | 82
8 | 8 | 0.222066 | 10
9 | 8 | 11.7769 | 72
18 | 9 | 4.63978e-310 | 4
19 | 9 | 10.919 | 68
38 | 10 | 10.919 | 68
76 | 11 | 6.64738 | 20
152 | 12 | 5.15184 | 14
305 | 13 | 5.15184 | 14
610 | 14 | 5.15184 | 14
1220 | 15 | 2.91177 | 11
2440 | 16 | 2.91177 | 11
4881 | 17 | 2.91177 | 11
9762 | 18 | 86.5212 | 1
9763 | 18 | 20.1905 | 10
1221 | 15 | 4.63978e-310 | 3
153 | 12 | 4.63978e-310 | 6
77 | 11 | 10.4365 | 48
155 | 12 | 10.4365 | 48
311 | 13 | 10.4365 | 48
622 | 14 | 8.70286 | 18
1244 | 15 | 5.51926 | 12
2488 | 16 | 5.51926 | 12
4976 | 17 | 5.51926 | 12
9952 | 18 | 11.0528 | 2
9953 | 18 | 10.2746 | 10
1245 | 15 | 4.63978e-310 | 6
623 | 14 | 9.74934 | 30
1246 | 15 | 9.74934 | 30
2492 | 16 | 9.74934 | 30
4984 | 17 | 9.74934 | 27
9968 | 18 | 48.524 | 5
9969 | 18 | 7.70377 | 22
19939 | 19 | 7.70377 | 22
39879 | 20 | 7.70377 | 22
79759 | 21 | 7.70377 | 22
159518 | 22 | 7.70377 | 22
319036 | 23 | 7.70377 | 22
638072 | 24 | 9.19795 | 9
638073 | 24 | 4.18793 | 13
1276146 | 25 | 4.18793 | 13
2552292 | 26 | 4.18793 | 12
5104585 | 27 | 4.18793 | 12
10209171 | 28 | 4.18793 | 12
20418343 | 29 | 4.18793 | 12
40836687 | 30 | 4.18793 | 12
81673374 | 31 | 4.18793 | 12
163346748 | 32 | 4.18793 | 12
326693497 | 33 | 4.18793 | 12
653386994 | 34 | 1.09625 | 6
653386995 | 34 | 19.7052 | 6
2552293 | 26 | 4.63978e-310 | 1
4985 | 17 | 4.63978e-310 | 3
1 | 4 | 25.5362 | 1035
2 | 5 | 23.0352 | 710
5 | 6 | 23.0352 | 710
10 | 7 | 14.1239 | 364
20 | 8 | 14.1239 | 364
40 | 9 | 4.63978e-310 | 1
41 | 9 | 14.1239 | 363
82 | 10 | 13.2158 | 292
165 | 11 | 13.2158 | 292
330 | 12 | 13.2158 | 292
660 | 13 | 4.63978e-310 | 4
661 | 13 | 13.0374 | 288
1322 | 14 | 13.0374 | 288
2644 | 15 | 4.38855 | 7
2645 | 15 | 12.925 | 281
5291 | 16 | 12.925 | 281
10582 | 17 | 12.925 | 236
21164 | 18 | 12.925 | 236
42328 | 19 | 10.7306 | 112
84656 | 20 | 10.7306 | 112
169312 | 21 | 10.7306 | 112
338624 | 22 | 10.7306 | 112
677248 | 23 | 10.7306 | 112
1354496 | 24 | 10.7306 | 112
2708992 | 25 | 10.7306 | 112
5417984 | 26 | 9.05695 | 89
10835968 | 27 | 7.32818 | 70
21671937 | 28 | 7.32818 | 70
43343874 | 29 | 7.32818 | 70
86687748 | 30 | 7.32818 | 63
173375497 | 31 | 7.32818 | 63
346750994 | 32 | 4.40564 | 23
693501988 | 33 | 1.13096 | 10
693501989 | 33 | 3.37186 | 13
1387003978 | 34 | 2.87815 | 5
1387003979 | 34 | 2.02562 | 8
346750995 | 32 | 7.20515 | 40
693501990 | 33 | 7.20515 | 40
1387003981 | 34 | 7.20515 | 40
2774007962 | 35 | 7.20515 | 37
5548015924 | 36 | 2.40073 | 14
11096031848 | 37 | 2.40073 | 14
22192063696 | 38 | 2.40073 | 14
44384127393 | 39 | 2.40073 | 14
88768254787 | 40 | 2.40073 | 14
177536509574 | 41 | 2.40073 | 14
355073019148 | 42 | 0.603411 | 2
355073019149 | 42 | 2.31242 | 12
710146038299 | 43 | 2.31242 | 12
1420292076599 | 44 | 2.31242 | 12
2840584153198 | 45 | 18.0047 | 5
2840584153199 | 45 | 1.63716 | 7
5548015925 | 36 | 5.77404 | 23
11096031850 | 37 | 5.77404 | 23
22192063700 | 38 | 5.77404 | 23
44384127400 | 39 | 5.77404 | 23
88768254800 | 40 | 5.77404 | 23
177536509600 | 41 | 5.77404 | 23
355073019200 | 42 | 3.86204 | 15
710146038400 | 43 | 9.97564 | 7
710146038401 | 43 | 2.51224 | 8
355073019201 | 42 | 4.63978e-310 | 8
2774007963 | 35 | 4.63978e-310 | 3
86687749 | 30 | 4.63978e-310 | 7
10835969 | 27 | 5.65477 | 19
21671938 | 28 | 5.65477 | 19
43343876 | 29 | 4.14867 | 14
86687753 | 30 | 4.14867 | 14
173375506 | 31 | 4.63978e-310 | 7
173375507 | 31 | 4.63978e-310 | 7
43343877 | 29 | 4.63978e-310 | 5
5417985 | 26 | 4.89112 | 23
10835970 | 27 | 3.18112 | 21
21671940 | 28 | 3.18112 | 21
43343881 | 29 | 3.18112 | 21
86687762 | 30 | 3.18112 | 21
173375525 | 31 | 3.18112 | 21
346751050 | 32 | 3.18112 | 19
693502100 | 33 | 55.7114 | 2
693502101 | 33 | 2.11055 | 17
1387004203 | 34 | 2.11055 | 17
2774008406 | 35 | 2.11055 | 17
5548016812 | 36 | 2.11055 | 17
11096033624 | 37 | 1.54822 | 15
22192067248 | 38 | 7.11455e-322 | 8
22192067249 | 38 | 7.11455e-322 | 7
11096033625 | 37 | 4.63978e-310 | 2
346751051 | 32 | 4.63978e-310 | 2
10835971 | 27 | 4.63978e-310 | 2
42329 | 19 | 10.2321 | 124
84658 | 20 | 10.2321 | 115
169316 | 21 | 10.2321 | 115
338632 | 22 | 10.2321 | 115
677264 | 23 | 4.57566 | 56
1354529 | 24 | 4.57566 | 56
2709058 | 25 | 4.57566 | 56
5418116 | 26 | 4.36565 | 46
10836232 | 27 | 4.07141 | 38
21672464 | 28 | 4.07141 | 38
43344928 | 29 | 4.07141 | 32
86689856 | 30 | 4.07141 | 25
173379712 | 31 | 2.82415 | 17
346759424 | 32 | 2.82415 | 12
693518849 | 33 | 2.82415 | 12
1387037699 | 34 | 2.82415 | 12
2774075399 | 35 | 2.82415 | 12
5548150798 | 36 | 2.82415 | 12
11096301597 | 37 | 2.82415 | 12
22192603194 | 38 | 2.82415 | 12
44385206389 | 39 | 2.82415 | 12
88770412778 | 40 | 2.82415 | 12
177540825556 | 41 | 2.82415 | 12
355081651113 | 42 | 2.82415 | 12
710163302227 | 43 | 2.82415 | 12
1420326604454 | 44 | 4.63978e-310 | 9
1420326604455 | 44 | 4.63978e-310 | 3
346759425 | 32 | 4.63978e-310 | 5
173379713 | 31 | 4.63978e-310 | 8
86689857 | 30 | 4.63978e-310 | 7
43344929 | 29 | 4.63978e-310 | 6
10836233 | 27 | 4.63978e-310 | 8
5418117 | 26 | 4.63978e-310 | 10
677265 | 23 | 10.2321 | 59
1354530 | 24 | 4.807 | 51
2709060 | 25 | 3.44251 | 23
5418121 | 26 | 3.44251 | 23
10836242 | 27 | 2.11313 | 14
21672485 | 28 | 2.11313 | 14
43344970 | 29 | 2.11313 | 14
86689940 | 30 | 4.63978e-310 | 2
86689941 | 30 | 1.88183 | 12
173379882 | 31 | 1.88183 | 12
346759764 | 32 | 0.486329 | 1
346759765 | 32 | 1.73802 | 11
693519530 | 33 | 1.73802 | 11
1387039061 | 34 | 1.73802 | 11
2774078123 | 35 | 1.73802 | 11
5548156247 | 36 | 1.73802 | 11
11096312494 | 37 | 1.71542 | 8
11096312495 | 37 | 6.50581 | 3
10836243 | 27 | 4.63978e-310 | 9
2709061 | 25 | 3.57044 | 28
5418123 | 26 | 3.57044 | 28
10836246 | 27 | 3.57044 | 28
21672493 | 28 | 3.57044 | 28
43344986 | 29 | 3.57044 | 28
86689972 | 30 | 7.61098 | 5
86689973 | 30 | 2.69498 | 23
173379946 | 31 | 4.63978e-310 | 8
173379947 | 31 | 2.21907 | 15
346759894 | 32 | 2.21907 | 15
693519788 | 33 | 1.74292 | 11
1387039577 | 34 | 1.74292 | 11
2774079154 | 35 | 1.74292 | 11
5548158308 | 36 | 0.889811 | 6
5548158309 | 36 | 13.8795 | 5
693519789 | 33 | 4.63978e-310 | 4
1354531 | 24 | 4.63978e-310 | 8
84659 | 20 | 4.63978e-310 | 9
10583 | 17 | 11.6742 | 45
21166 | 18 | 4.63978e-310 | 5
21167 | 18 | 9.47794 | 40
42334 | 19 | 9.47794 | 40
84668 | 20 | 4.4115 | 11
169336 | 21 | 4.4115 | 11
338672 | 22 | 4.4115 | 11
677344 | 23 | 4.4115 | 11
1354689 | 24 | 4.4115 | 11
2709378 | 25 | 0.743748 | 4
2709379 | 25 | 4.63978e-310 | 7
84669 | 20 | 9.47794 | 29
169339 | 21 | 9.47794 | 29
338678 | 22 | 9.47794 | 29
677356 | 23 | 9.47794 | 23
1354712 | 24 | 7.89077 | 22
2709425 | 25 | 7.89077 | 22
5418850 | 26 | 7.89077 | 20
10837701 | 27 | 7.89077 | 20
21675402 | 28 | 7.89077 | 20
43350804 | 29 | 7.89077 | 20
86701608 | 30 | 3.78135 | 13
173403217 | 31 | 3.78135 | 13
346806435 | 32 | 3.78135 | 13
693612870 | 33 | 3.78135 | 13
1387225740 | 34 | 3.78135 | 13
2774451480 | 35 | 3.78135 | 13
5548902960 | 36 | 22.952 | 3
5548902961 | 36 | 4.63978e-310 | 10
86701609 | 30 | 4.63978e-310 | 7
5418851 | 26 | 4.63978e-310 | 2
1354713 | 24 | 4.63978e-310 | 1
677357 | 23 | 4.63978e-310 | 6
83 | 10 | 10.5076 | 71
167 | 11 | 10.5076 | 71
335 | 12 | 10.5076 | 71
671 | 13 | 10.5076 | 71
1343 | 14 | 10.5076 | 71
2687 | 15 | 10.5076 | 71
5374 | 16 | 10.5076 | 71
10748 | 17 | 7.39237 | 39
21496 | 18 | 3.04525 | 20
42992 | 19 | 3.04525 | 20
85985 | 20 | 3.04525 | 20
171970 | 21 | 0.814368 | 2
171971 | 21 | 2.6532 | 18
343942 | 22 | 2.6532 | 12
687884 | 23 | 2.6532 | 12
1375768 | 24 | 4.63978e-310 | 10
1375769 | 24 | 4.63978e-310 | 2
343943 | 22 | 4.63978e-310 | 6
21497 | 18 | 3.03898 | 19
42994 | 19 | 3.03898 | 19
85989 | 20 | 3.03898 | 19
171978 | 21 | 4.63978e-310 | 8
171979 | 21 | 1.57147 | 11
343958 | 22 | 1.61374 | 4
343959 | 22 | 1.37251 | 7
10749 | 17 | 8.67136 | 32
21498 | 18 | 8.67136 | 32
42996 | 19 | 8.67136 | 32
85992 | 20 | 8.67136 | 32
171985 | 21 | 8.67136 | 32
343970 | 22 | 2.77161 | 2
343971 | 22 | 8.67136 | 30
687942 | 23 | 8.67136 | 30
1375884 | 24 | 3.45713 | 16
2751768 | 25 | 3.45713 | 16
5503537 | 26 | 3.45713 | 16
11007074 | 27 | 6.90513e-310 | 3
11007075 | 27 | 2.69748 | 13
22014150 | 28 | 2.69748 | 13
44028300 | 29 | 2.69748 | 13
88056600 | 30 | 2.16312 | 12
176113200 | 31 | 2.16312 | 12
352226400 | 32 | 2.16312 | 12
704452800 | 33 | 2.16312 | 12
1408905600 | 34 | 2.16312 | 12
2817811200 | 35 | 2.16312 | 12
5635622400 | 36 | 2.16312 | 12
11271244800 | 37 | 1.86505 | 7
11271244801 | 37 | 4.79244e-322 | 5
88056601 | 30 | 4.63978e-310 | 1
1375885 | 24 | 3.01313 | 14
2751770 | 25 | 4.63978e-310 | 10
2751771 | 25 | 4.63978e-310 | 4
11 | 7 | 15.1302 | 346
22 | 8 | 11.7475 | 152
44 | 9 | 7.75236 | 89
88 | 10 | 7.75236 | 89
177 | 11 | 7.75236 | 89
354 | 12 | 4.3848 | 43
708 | 13 | 2.62365 | 19
1416 | 14 | 2.62365 | 19
2832 | 15 | 2.2002 | 13
5664 | 16 | 2.2002 | 13
11328 | 17 | 4.63978e-310 | 2
11329 | 17 | 2.16588 | 11
22658 | 18 | 2.24629 | 5
22659 | 18 | 2.83223 | 6
2833 | 15 | 4.63978e-310 | 6
709 | 13 | 2.32902 | 24
1418 | 14 | 1.68336 | 14
2836 | 15 | 2.94215 | 5
2837 | 15 | 5.42432 | 9
1419 | 14 | 4.63978e-310 | 10
355 | 12 | 6.96646 | 46
710 | 13 | 3.93855 | 21
1420 | 14 | 3.93855 | 21
2841 | 15 | 3.93855 | 21
5683 | 16 | 3.93855 | 21
11366 | 17 | 3.14346 | 15
22732 | 18 | 2.61078 | 1
22733 | 18 | 2.23533 | 14
45466 | 19 | 0.279672 | 3
45467 | 19 | 2.23533 | 11
90935 | 20 | 2.23533 | 11
181870 | 21 | 2.23533 | 11
363741 | 22 | 2.23533 | 11
727483 | 23 | 2.23533 | 11
1454966 | 24 | 2.23533 | 11
2909932 | 25 | 2.23533 | 11
5819865 | 26 | 2.23533 | 11
11639730 | 27 | 2.23533 | 11
23279460 | 28 | 11.7458 | 8
23279461 | 28 | 12.2438 | 3
11367 | 17 | 4.63978e-310 | 6
711 | 13 | 4.99756 | 25
1422 | 14 | 4.677 | 21
2844 | 15 | 4.63978e-310 | 5
2845 | 15 | 4.20531 | 16
5691 | 16 | 4.20531 | 16
11383 | 17 | 4.20531 | 16
22767 | 18 | 4.20531 | 16
45535 | 19 | 4.20531 | 16
91070 | 20 | 4.07679 | 14
182140 | 21 | 4.07679 | 11
364281 | 22 | 4.07679 | 11
728563 | 23 | 4.07679 | 11
1457126 | 24 | 2.38728 | 4
1457127 | 24 | 1.63042e-322 | 7
182141 | 21 | 4.63978e-310 | 3
91071 | 20 | 4.63978e-310 | 2
1423 | 14 | 4.63978e-310 | 4
45 | 9 | 8.52297 | 63
90 | 10 | 3.9816 | 31
180 | 11 | 3.58594 | 28
360 | 12 | 3.58594 | 28
720 | 13 | 3.58594 | 28
1441 | 14 | 3.58594 | 28
2882 | 15 | 3.58594 | 28
5764 | 16 | 3.58594 | 28
11529 | 17 | 3.58594 | 28
23058 | 18 | 3.27651 | 22
46117 | 19 | 3.27651 | 22
92234 | 20 | 4.99669 | 7
92235 | 20 | 2.24146 | 15
184470 | 21 | 2.24146 | 15
368940 | 22 | 2.24146 | 15
737880 | 23 | 0.145098 | 5
737881 | 23 | 0.16028 | 10
23059 | 18 | 4.63978e-310 | 6
181 | 11 | 4.63978e-310 | 3
91 | 10 | 5.02939 | 32
182 | 11 | 5.02939 | 32
364 | 12 | 4.27605 | 31
728 | 13 | 0.462341 | 2
729 | 13 | 4.02204 | 29
1458 | 14 | 4.02204 | 29
2917 | 15 | 4.02204 | 29
5834 | 16 | 4.02204 | 29
11668 | 17 | 2.65307 | 18
23336 | 18 | 1.99517 | 13
46673 | 19 | 1.99517 | 13
93346 | 20 | 1.89855 | 11
186692 | 21 | 1.89855 | 11
373385 | 22 | 1.89855 | 11
746771 | 23 | 1.89855 | 11
1493543 | 24 | 1.89855 | 11
2987087 | 25 | 1.89855 | 11
5974174 | 26 | 2.23267 | 2
5974175 | 26 | 1.25984 | 9
93347 | 20 | 4.63978e-310 | 2
23337 | 18 | 4.63978e-310 | 5
11669 | 17 | 2.52488 | 11
23338 | 18 | 4.63978e-310 | 7
23339 | 18 | 4.63978e-310 | 4
365 | 12 | 4.63978e-310 | 1
23 | 8 | 12.6259 | 194
46 | 9 | 12.5026 | 193
92 | 10 | 12.5026 | 193
184 | 11 | 11.5059 | 158
368 | 12 | 11.0821 | 147
736 | 13 | 11.0821 | 147
1472 | 14 | 10.5246 | 106
2944 | 15 | 10.4707 | 95
5889 | 16 | 10.4707 | 95
11779 | 17 | 10.4707 | 95
23558 | 18 | 10.4707 | 95
47116 | 19 | 10.4707 | 73
94232 | 20 | 10.4707 | 73
188464 | 21 | 8.94925 | 45
376929 | 22 | 8.94925 | 45
753858 | 23 | 8.94925 | 45
1507717 | 24 | 8.94925 | 45
3015434 | 25 | 0.0373809 | 1
3015435 | 25 | 6.89198 | 44
6030870 | 26 | 6.89198 | 44
12061740 | 27 | 5.07996 | 39
24123481 | 28 | 5.07996 | 39
48246963 | 29 | 5.07996 | 39
96493927 | 30 | 5.07996 | 39
192987855 | 31 | 5.07996 | 39
385975710 | 32 | 5.07996 | 39
771951420 | 33 | 5.07996 | 39
1543902840 | 34 | 0.464481 | 3
1543902841 | 34 | 3.85673 | 36
3087805683 | 35 | 3.85673 | 36
6175611366 | 36 | 3.85673 | 36
12351222732 | 37 | 3.3404 | 27
24702445464 | 38 | 3.75278 | 5
24702445465 | 38 | 3.1228 | 22
49404890930 | 39 | 2.21556 | 11
98809781861 | 40 | 2.21556 | 11
197619563723 | 41 | 2.21556 | 11
395239127447 | 42 | 2.21556 | 11
790478254894 | 43 | 2.21556 | 11
1580956509789 | 44 | 2.21556 | 11
3161913019578 | 45 | 2.89723 | 6
3161913019579 | 45 | 5.34764 | 5
49404890931 | 39 | 2.0554 | 11
98809781862 | 40 | 4.63978e-310 | 6
98809781863 | 40 | 4.63978e-310 | 5
12351222733 | 37 | 4.63978e-310 | 9
12061741 | 27 | 4.63978e-310 | 5
188465 | 21 | 7.70081 | 28
376930 | 22 | 4.63978e-310 | 5
376931 | 22 | 7.42417 | 23
753862 | 23 | 7.42417 | 23
1507725 | 24 | 7.42417 | 23
3015451 | 25 | 7.42417 | 23
6030902 | 26 | 7.42417 | 23
12061804 | 27 | 7.42417 | 23
24123609 | 28 | 7.42417 | 23
48247218 | 29 | 10.0867 | 1
48247219 | 29 | 7.42417 | 22
96494439 | 30 | 7.42417 | 22
192988879 | 31 | 7.42417 | 22
385977759 | 32 | 7.42417 | 22
771955518 | 33 | 7.42417 | 22
1543911036 | 34 | 1.75559 | 15
3087822073 | 35 | 1.75559 | 15
6175644147 | 36 | 1.75559 | 15
12351288294 | 37 | 1.75559 | 15
24702576589 | 38 | 1.75559 | 15
49405153178 | 39 | 1.75559 | 15
98810306357 | 40 | 1.75559 | 15
197620612715 | 41 | 1.75559 | 15
395241225430 | 42 | 1.52712 | 14
790482450860 | 43 | 1.52712 | 14
1580964901720 | 44 | 1.52712 | 14
3161929803440 | 45 | 4.63978e-310 | 2
3161929803441 | 45 | 1.30842 | 12
6323859606882 | 46 | 1.30842 | 12
12647719213765 | 47 | 1.30842 | 12
25295438427530 | 48 | 1.74405e-321 | 3
25295438427531 | 48 | 4.63978e-310 | 9
395241225431 | 42 | 4.63978e-310 | 1
1543911037 | 34 | 4.63978e-310 | 7
47117 | 19 | 4.48557 | 22
94234 | 20 | 4.48557 | 22
188468 | 21 | 4.63978e-310 | 5
188469 | 21 | 2.86088 | 17
376938 | 22 | 2.86088 | 17
753876 | 23 | 4.63978e-310 | 6
753877 | 23 | 1.65144 | 11
1507754 | 24 | 1.65144 | 11
3015508 | 25 | 4.63978e-310 | 6
3015509 | 25 | 4.63978e-310 | 5
2945 | 15 | 7.60224 | 11
5890 | 16 | 4.63978e-310 | 7
5891 | 16 | 4.63978e-310 | 4
1473 | 14 | 10.945 | 41
2946 | 15 | 10.945 | 41
5893 | 16 | 10.945 | 41
11786 | 17 | 4.63978e-310 | 6
11787 | 17 | 10.945 | 35
23574 | 18 | 10.945 | 35
47149 | 19 | 10.945 | 35
94298 | 20 | 10.945 | 35
188597 | 21 | 10.945 | 35
377194 | 22 | 1.58101e-322 | 4
377195 | 22 | 10.1849 | 31
754390 | 23 | 9.23994 | 12
1508780 | 24 | 45.6435 | 8
1508781 | 24 | 47.2986 | 4
754391 | 23 | 10.1849 | 19
1508782 | 24 | 10.1849 | 19
3017564 | 25 | 5.55536 | 11
6035129 | 26 | 5.55536 | 11
12070258 | 27 | 5.55536 | 11
24140517 | 28 | 5.55536 | 11
48281034 | 29 | 5.55536 | 11
96562069 | 30 | 5.55536 | 11
193124139 | 31 | 5.55536 | 11
386248279 | 32 | 5.55536 | 11
772496558 | 33 | 5.55536 | 11
1544993117 | 34 | 5.55536 | 11
3089986235 | 35 | 5.55536 | 11
6179972470 | 36 | 5.55536 | 11
12359944940 | 37 | 84.93 | 7
12359944941 | 37 | 3.49342 | 4
3017565 | 25 | 4.63978e-310 | 8
369 | 12 | 9.04926 | 11
739 | 13 | 9.04926 | 11
1479 | 14 | 9.04926 | 11
2959 | 15 | 9.04926 | 11
5918 | 16 | 4.63978e-310 | 8
5919 | 16 | 4.63978e-310 | 3
185 | 11 | 12.2446 | 35
371 | 12 | 12.2446 | 35
742 | 13 | 12.2446 | 35
1485 | 14 | 12.2446 | 35
2970 | 15 | 12.2446 | 35
5940 | 16 | 12.2446 | 35
11880 | 17 | 12.2446 | 35
23760 | 18 | 12.2446 | 35
47521 | 19 | 12.2446 | 35
95043 | 20 | 12.2446 | 35
190086 | 21 | 12.2446 | 35
380172 | 22 | 9.88582 | 21
760344 | 23 | 9.88582 | 21
1520688 | 24 | 8.16092 | 19
3041377 | 25 | 8.16092 | 19
6082755 | 26 | 8.16092 | 19
12165511 | 27 | 8.16092 | 19
24331023 | 28 | 8.16092 | 19
48662046 | 29 | 8.16092 | 19
97324092 | 30 | 6.86459 | 15
194648185 | 31 | 6.86459 | 15
389296370 | 32 | 6.86459 | 15
778592740 | 33 | 6.86459 | 15
1557185481 | 34 | 6.86459 | 15
3114370963 | 35 | 6.86459 | 15
6228741927 | 36 | 6.86459 | 15
12457483855 | 37 | 6.86459 | 15
24914967710 | 38 | 6.86459 | 15
49829935420 | 39 | 20.0292 | 4
49829935421 | 39 | 4.59242 | 11
99659870843 | 40 | 4.59242 | 11
199319741686 | 41 | 4.59242 | 11
398639483372 | 42 | 4.59242 | 11
797278966745 | 43 | 4.59242 | 11
1594557933490 | 44 | 4.59242 | 11
3189115866981 | 45 | 4.59242 | 11
6378231733963 | 46 | 4.59242 | 11
12756463467926 | 47 | 4.59242 | 11
25512926935852 | 48 | 0 | 8
25512926935853 | 48 | 0.164523 | 3
97324093 | 30 | 4.63978e-310 | 4
1520689 | 24 | 4.63978e-310 | 2
380173 | 22 | 8.08298 | 14
760347 | 23 | 8.08298 | 14
1520694 | 24 | 8.08298 | 14
3041389 | 25 | 8.08298 | 14
6082779 | 26 | 8.08298 | 14
12165558 | 27 | 4.63978e-310 | 9
12165559 | 27 | 4.63978e-310 | 5
47 | 9 | 4.63978e-310 | 1
3 | 5 | 20.0108 | 325
7 | 6 | 20.0108 | 325
14 | 7 | 20.0108 | 325
28 | 8 | 20.0108 | 325
56 | 9 | 4.63978e-310 | 4
57 | 9 | 20.0108 | 321
114 | 10 | 20.0108 | 321
229 | 11 | 20.0108 | 321
459 | 12 | 20.0108 | 321
918 | 13 | 20.0108 | 321
1836 | 14 | 19.7272 | 280
3672 | 15 | 19.7272 | 280
7344 | 16 | 19.7272 | 280
14688 | 17 | 19.7272 | 280
29376 | 18 | 19.7272 | 280
58752 | 19 | 19.7272 | 280
117504 | 20 | 19.7272 | 280
235008 | 21 | 14.9646 | 8
235009 | 21 | 19.7272 | 272
470018 | 22 | 4.63978e-310 | 4
470019 | 22 | 13.4769 | 268
940039 | 23 | 13.4769 | 268
1880079 | 24 | 13.4769 | 268
3760159 | 25 | 13.4769 | 268
7520318 | 26 | 13.0824 | 222
15040637 | 27 | 13.0824 | 222
30081274 | 28 | 10.2784 | 167
60162548 | 29 | 10.2784 | 167
120325096 | 30 | 9.89027 | 165
240650192 | 31 | 9.1385 | 3
240650193 | 31 | 9.50199 | 162
481300387 | 32 | 9.50199 | 162
962600774 | 33 | 8.68937 | 155
1925201548 | 34 | 8.68937 | 155
3850403097 | 35 | 8.68937 | 155
7700806194 | 36 | 4.06826 | 47
15401612388 | 37 | 2.97285 | 34
30803224777 | 38 | 2.97285 | 34
61606449555 | 39 | 2.97285 | 34
123212899110 | 40 | 2.97285 | 34
246425798221 | 41 | 2.97285 | 34
492851596442 | 42 | 2.86372 | 16
985703192884 | 43 | 2.86372 | 16
1971406385768 | 44 | 2.86372 | 16
3942812771537 | 45 | 2.86372 | 16
7885625543074 | 46 | 2.86372 | 16
15771251086148 | 47 | 1.54146 | 12
31542502172296 | 48 | 1.54146 | 12
63085004344592 | 49 | 1.54146 | 12
126170008689184 | 50 | 0.327872 | 8
126170008689185 | 50 | 2.07703 | 4
15771251086149 | 47 | 4.63978e-310 | 4
492851596443 | 42 | 2.26246 | 18
985703192886 | 43 | 1.68989 | 13
1971406385772 | 44 | 1.68989 | 13
3942812771544 | 45 | 1.68989 | 13
7885625543088 | 46 | 1.68989 | 13
15771251086177 | 47 | 1.68989 | 13
31542502172355 | 48 | 1.68989 | 13
63085004344711 | 49 | 1.68989 | 13
126170008689422 | 50 | 2.15558 | 4
126170008689423 | 50 | 0.0697511 | 9
985703192887 | 43 | 4.63978e-310 | 5
15401612389 | 37 | 1.27336 | 13
30803224778 | 38 | 1.27336 | 13
61606449556 | 39 | 4.63978e-310 | 2
61606449557 | 39 | 1.11795 | 11
123212899115 | 40 | 1.11795 | 11
246425798231 | 41 | 1.11795 | 11
492851596463 | 42 | 1.11795 | 11
985703192926 | 43 | 1.11795 | 11
1971406385852 | 44 | 0 | 9
1971406385853 | 44 | 1.57837 | 2
7700806195 | 36 | 7.05079 | 108
15401612390 | 37 | 7.05079 | 108
30803224781 | 38 | 7.05079 | 108
61606449562 | 39 | 4.24964 | 30
123212899124 | 40 | 4.24964 | 30
246425798248 | 41 | 2.66708 | 12
492851596497 | 42 | 2.66708 | 12
985703192994 | 43 | 2.66708 | 12
1971406385988 | 44 | 2.66708 | 12
3942812771977 | 45 | 2.66708 | 12
7885625543954 | 46 | 0.636335 | 9
7885625543955 | 46 | 1.63042e-322 | 3
246425798249 | 41 | 2.24762 | 18
492851596498 | 42 | 2.24762 | 18
985703192997 | 43 | 2.24762 | 18
1971406385995 | 44 | 2.24762 | 18
3942812771990 | 45 | 2.085 | 17
7885625543980 | 46 | 2.085 | 17
15771251087960 | 47 | 1.87506 | 12
31542502175921 | 48 | 1.87506 | 12
63085004351842 | 49 | 1.87506 | 12
126170008703684 | 50 | 0.00759594 | 5
126170008703685 | 50 | 0.266014 | 7
15771251087961 | 47 | 4.63978e-310 | 5
3942812771991 | 45 | 4.63978e-310 | 1
61606449563 | 39 | 5.13675 | 78
123212899126 | 40 | 5.13675 | 78
246425798252 | 41 | 5.13675 | 78
492851596504 | 42 | 5.13675 | 78
985703193009 | 43 | 5.13675 | 78
1971406386019 | 44 | 5.13675 | 78
3942812772038 | 45 | 4.50004 | 62
7885625544076 | 46 | 4.63978e-310 | 1
7885625544077 | 46 | 4.34688 | 61
15771251088154 | 47 | 1.63042e-322 | 1
15771251088155 | 47 | 3.66601 | 60
31542502176310 | 48 | 3.66601 | 60
63085004352620 | 49 | 3.66601 | 60
126170008705241 | 50 | 3.66601 | 60
252340017410482 | 51 | 3.66601 | 48
504680034820965 | 52 | 3.66601 | 48
1009360069641931 | 53 | 3.66601 | 48
2018720139283862 | 54 | 3.66601 | 48
4037440278567724 | 55 | 3.66601 | 48
8074880557135448 | 56 | 2.82067 | 33
16149761114270896 | 57 | 3.06633 | 1
16149761114270897 | 57 | 2.69967 | 32
32299522228541794 | 58 | 2.69967 | 32
64599044457083588 | 59 | 1.51809 | 15
129198088914167176 | 60 | 0.52522 | 6
129198088914167177 | 60 | 0.368351 | 9
64599044457083589 | 59 | 2.06866 | 17
129198088914167178 | 60 | 0.163324 | 2
129198088914167179 | 60 | 1.64659 | 15
258396177828334359 | 61 | 1.64659 | 15
516792355656668718 | 62 | 0.573293 | 4
516792355656668719 | 62 | 1.60352 | 11
1033584711313337438 | 63 | 0.787019 | 1
1033584711313337439 | 63 | 1.11165e-321 | 10
8074880557135449 | 56 | 2.48289 | 15
16149761114270898 | 57 | 4.63978e-310 | 2
16149761114270899 | 57 | 2.1616 | 13
32299522228541799 | 58 | 2.1616 | 13
64599044457083598 | 59 | 2.1616 | 13
129198088914167196 | 60 | 4.13776 | 2
129198088914167197 | 60 | 0.966584 | 11
258396177828334394 | 61 | 0.966584 | 11
516792355656668788 | 62 | 0.00206245 | 3
516792355656668789 | 62 | 5.03803 | 8
252340017410483 | 51 | 2.7082 | 12
504680034820967 | 52 | 2.7082 | 12
1009360069641934 | 53 | 4.63978e-310 | 4
1009360069641935 | 53 | 4.63978e-310 | 8
3942812772039 | 45 | 3.41509 | 16
7885625544079 | 46 | 3.41509 | 16
15771251088158 | 47 | 4.63978e-310 | 9
15771251088159 | 47 | 4.63978e-310 | 7
962600775 | 33 | 4.63978e-310 | 7
120325097 | 30 | 4.63978e-310 | 2
30081275 | 28 | 9.62125 | 55
60162550 | 29 | 9.62125 | 47
120325100 | 30 | 8.44581 | 46
240650200 | 31 | 8.44581 | 46
481300400 | 32 | 8.44581 | 46
962600800 | 33 | 6.24314 | 27
1925201600 | 34 | 6.24314 | 27
3850403200 | 35 | 6.24314 | 27
7700806401 | 36 | 6.24314 | 27
15401612802 | 37 | 6.24314 | 27
30803225605 | 38 | 6.24314 | 27
61606451211 | 39 | 6.24314 | 27
123212902422 | 40 | 6.24314 | 27
246425804844 | 41 | 6.24314 | 24
492851609689 | 42 | 6.24314 | 24
985703219379 | 43 | 6.24314 | 24
1971406438759 | 44 | 6.24314 | 24
3942812877518 | 45 | 3.41811 | 19
7885625755036 | 46 | 3.41811 | 19
15771251510072 | 47 | 0.993175 | 10
15771251510073 | 47 | 1.13806 | 9
3942812877519 | 45 | 4.63978e-310 | 5
246425804845 | 41 | 4.63978e-310 | 3
962600801 | 33 | 2.92662 | 19
1925201603 | 34 | 2.92662 | 19
3850403206 | 35 | 2.92662 | 19
7700806412 | 36 | 2.92662 | 15
15401612825 | 37 | 2.92662 | 15
30803225650 | 38 | 1.73963 | 11
61606451300 | 39 | 1.73963 | 11
123212902600 | 40 | 1.73963 | 11
246425805201 | 41 | 1.73963 | 11
492851610403 | 42 | 1.73963 | 11
985703220807 | 43 | 1.73963 | 11
1971406441614 | 44 | 2.59799 | 1
1971406441615 | 44 | 0 | 10
30803225651 | 38 | 4.63978e-310 | 4
7700806413 | 36 | 4.63978e-310 | 4
120325101 | 30 | 4.63978e-310 | 1
60162551 | 29 | 4.63978e-310 | 8
7520319 | 26 | 12.7354 | 46
15040638 | 27 | 10.9439 | 44
30081276 | 28 | 8.7752 | 31
60162552 | 29 | 8.7752 | 31
120325104 | 30 | 3.54233 | 18
240650208 | 31 | 3.54233 | 18
481300416 | 32 | 3.54233 | 15
962600832 | 33 | 132.369 | 1
962600833 | 33 | 2.51977 | 14
1925201667 | 34 | 2.51977 | 14
3850403334 | 35 | 2.51977 | 14
7700806669 | 36 | 2.51977 | 14
15401613339 | 37 | 2.51977 | 14
30803226678 | 38 | 2.51977 | 14
61606453356 | 39 | 2.51977 | 14
123212906713 | 40 | 2.51977 | 14
246425813426 | 41 | 2.51977 | 14
492851626853 | 42 | 2.51977 | 14
985703253707 | 43 | 2.51977 | 14
1971406507414 | 44 | 2.37152e-322 | 8
1971406507415 | 44 | 4.63978e-310 | 6
481300417 | 32 | 4.63978e-310 | 3
120325105 | 30 | 2.31923 | 13
240650210 | 31 | 2.31923 | 13
481300420 | 32 | 2.31923 | 13
962600840 | 33 | 2.62827 | 9
962600841 | 33 | 1.3193 | 4
30081277 | 28 | 8.19826 | 13
60162554 | 29 | 8.19826 | 13
120325109 | 30 | 8.19826 | 13
240650218 | 31 | 8.19826 | 13
481300437 | 32 | 8.19826 | 13
962600875 | 33 | 8.19826 | 13
1925201751 | 34 | 8.19826 | 13
3850403503 | 35 | 8.19826 | 13
7700807006 | 36 | 6.88075 | 2
7700807007 | 36 | 6.5758 | 11
15401614014 | 37 | 6.5758 | 11
30803228028 | 38 | 6.5758 | 11
61606456056 | 39 | 4.63978e-310 | 2
61606456057 | 39 | 4.63978e-310 | 9
15040639 | 27 | 4.63978e-310 | 2
1837 | 14 | 11.5442 | 41
3675 | 15 | 11.5442 | 41
7350 | 16 | 9.21657 | 31
14700 | 17 | 9.21657 | 31
29400 | 18 | 8.46309 | 29
58801 | 19 | 8.46309 | 29
117603 | 20 | 8.46309 | 29
235207 | 21 | 8.46309 | 29
470414 | 22 | 8.46309 | 29
940829 | 23 | 8.46309 | 29
1881658 | 24 | 3.7541 | 16
3763316 | 25 | 3.7541 | 16
7526633 | 26 | 3.7541 | 16
15053266 | 27 | 3.14987 | 14
30106533 | 28 | 3.14987 | 14
60213067 | 29 | 3.14987 | 14
120426134 | 30 | 3.14987 | 14
240852268 | 31 | 3.14987 | 14
481704537 | 32 | 3.14987 | 14
963409074 | 33 | 0.265176 | 4
963409075 | 33 | 5.89636 | 10
15053267 | 27 | 4.63978e-310 | 2
1881659 | 24 | 3.16894 | 13
3763319 | 25 | 3.16894 | 13
7526638 | 26 | 3.16894 | 13
15053276 | 27 | 8.66705 | 9
15053277 | 27 | 1.14997 | 4
29401 | 18 | 4.63978e-310 | 2
7351 | 16 | 4.63978e-310 | 10
1 | 2 | 27.0352 | 483
3 | 3 | 27.0352 | 483
7 | 4 | 27.0352 | 483
14 | 5 | 27.0352 | 483
28 | 6 | 24.7235 | 429
56 | 7 | 20.0411 | 243
113 | 8 | 20.0411 | 243
227 | 9 | 20.0411 | 243
454 | 10 | 7.77996 | 22
908 | 11 | 4.63978e-310 | 1
909 | 11 | 7.77996 | 21
1818 | 12 | 4.63978e-310 | 7
1819 | 12 | 6.48602 | 14
3638 | 13 | 6.48602 | 14
7277 | 14 | 6.48602 | 14
14555 | 15 | 6.48602 | 14
29111 | 16 | 6.48602 | 14
58222 | 17 | 0.299169 | 1
58223 | 17 | 6.35649 | 13
116447 | 18 | 6.35649 | 13
232894 | 19 | 6.35649 | 13
465788 | 20 | 12.4568 | 10
465789 | 20 | 15.8166 | 3
455 | 10 | 15.6833 | 221
910 | 11 | 15.6833 | 221
1820 | 12 | 12.6377 | 69
3640 | 13 | 12.6377 | 69
7280 | 14 | 12.6377 | 63
14560 | 15 | 12.6377 | 63
29120 | 16 | 4.63978e-310 | 4
29121 | 16 | 7.31344 | 59
58243 | 17 | 7.31344 | 59
116486 | 18 | 7.31344 | 59
232972 | 19 | 4.271 | 9
232973 | 19 | 4.98621 | 50
465946 | 20 | 4.98621 | 50
931892 | 21 | 2.81962 | 2
931893 | 21 | 4.52964 | 48
1863787 | 22 | 4.52964 | 48
3727574 | 23 | 12.4568 | 1
3727575 | 23 | 4.52964 | 47
7455150 | 24 | 23.7506 | 7
7455151 | 24 | 4.35187 | 40
14910303 | 25 | 4.35187 | 40
29820607 | 26 | 4.35187 | 40
59641214 | 27 | 4.35187 | 40
119282428 | 28 | 4.35187 | 40
238564857 | 29 | 4.35187 | 40
477129715 | 30 | 4.35187 | 40
954259430 | 31 | 4.35187 | 40
1908518860 | 32 | 2.14619 | 24
3817037720 | 33 | 1.79606 | 14
7634075440 | 34 | 1.79606 | 14
15268150880 | 35 | 1.79606 | 14
30536301760 | 36 | 1.79606 | 14
61072603520 | 37 | 1.79606 | 14
122145207041 | 38 | 1.79606 | 14
244290414083 | 39 | 1.79606 | 14
488580828166 | 40 | 1.79606 | 14
977161656332 | 41 | 1.79606 | 14
1954323312665 | 42 | 1.79606 | 14
3908646625331 | 43 | 1.79606 | 14
7817293250662 | 44 | 0 | 6
7817293250663 | 44 | 4.63978e-310 | 8
3817037721 | 33 | 4.63978e-310 | 10
1908518861 | 32 | 2.40876 | 16
3817037722 | 33 | 2.40876 | 16
7634075445 | 34 | 2.40876 | 16
15268150890 | 35 | 1.74033 | 13
30536301781 | 36 | 1.74033 | 13
61072603562 | 37 | 1.74033 | 13
122145207124 | 38 | 1.74033 | 13
244290414248 | 39 | 1.74033 | 13
488580828497 | 40 | 1.74033 | 13
977161656995 | 41 | 1.74033 | 13
1954323313991 | 42 | 1.74033 | 13
3908646627982 | 43 | 4.63978e-310 | 5
3908646627983 | 43 | 4.63978e-310 | 8
15268150891 | 35 | 4.63978e-310 | 3
7281 | 14 | 4.63978e-310 | 6
1821 | 12 | 15.2454 | 152
3642 | 13 | 4.63978e-310 | 10
3643 | 13 | 15.2454 | 142
7287 | 14 | 15.2454 | 142
14574 | 15 | 10.5577 | 44
29148 | 16 | 10.5577 | 44
58296 | 17 | 1.63042e-322 | 5
58297 | 17 | 9.5197 | 39
116594 | 18 | 9.5197 | 39
233188 | 19 | 9.5197 | 39
466376 | 20 | 9.5197 | 39
932753 | 21 | 9.5197 | 39
1865506 | 22 | 6.98426 | 28
3731012 | 23 | 6.98426 | 28
7462024 | 24 | 6.98426 | 28
14924048 | 25 | 4.63978e-310 | 8
14924049 | 25 | 2.73596 | 20
29848098 | 26 | 2.73596 | 20
59696196 | 27 | 2.73596 | 20
119392393 | 28 | 2.73596 | 20
238784787 | 29 | 2.73596 | 20
477569575 | 30 | 2.73596 | 20
955139150 | 31 | 0.492834 | 9
955139151 | 31 | 1.81645 | 11
1910278302 | 32 | 1.81645 | 11
3820556604 | 33 | 1.81645 | 11
7641113208 | 34 | 4.63978e-310 | 6
7641113209 | 34 | 9.74922 | 5
1865507 | 22 | 2.76653 | 11
3731014 | 23 | 4.63978e-310 | 2
3731015 | 23 | 4.63978e-310 | 9
14575 | 15 | 15.2454 | 98
29150 | 16 | 15.2454 | 98
58300 | 17 | 4.63978e-310 | 7
58301 | 17 | 14.3879 | 91
116603 | 18 | 14.3879 | 91
233206 | 19 | 14.3879 | 91
466412 | 20 | 3.11745 | 43
932824 | 21 | 1.8616 | 11
1865648 | 22 | 1.8616 | 11
3731296 | 23 | 1.8616 | 11
7462592 | 24 | 1.49377 | 10
7462593 | 24 | 0.247926 | 1
932825 | 21 | 2.62314 | 32
1865650 | 22 | 2.62314 | 32
3731300 | 23 | 1.85082 | 7
3731301 | 23 | 2.38423 | 25
7462602 | 24 | 1.75239 | 14
14925205 | 25 | 1.75239 | 14
29850410 | 26 | 1.75239 | 14
59700820 | 27 | 1.06949 | 4
59700821 | 27 | 0 | 10
7462603 | 24 | 1.85987 | 11
14925207 | 25 | 1.85987 | 11
29850414 | 26 | 1.85987 | 11
59700828 | 27 | 1.85987 | 11
119401656 | 28 | 1.85987 | 11
238803312 | 29 | 1.85987 | 11
477606625 | 30 | 1.85987 | 11
955213250 | 31 | 0.941958 | 3
955213251 | 31 | 4.63978e-310 | 8
466413 | 20 | 11.9699 | 48
932826 | 21 | 11.9699 | 48
1865652 | 22 | 11.4419 | 42
3731304 | 23 | 7.46168 | 39
7462608 | 24 | 7.46168 | 39
14925217 | 25 | 7.46168 | 39
29850434 | 26 | 0 | 4
29850435 | 26 | 7.46168 | 35
59700870 | 27 | 7.46168 | 35
119401740 | 28 | 7.17287 | 33
238803480 | 29 | 7.17287 | 33
477606960 | 30 | 7.17287 | 33
955213921 | 31 | 7.17287 | 33
1910427843 | 32 | 7.17287 | 33
3820855686 | 33 | 0.729104 | 1
3820855687 | 33 | 7.17287 | 32
7641711374 | 34 | 5.94124 | 22
15283422748 | 35 | 5.42648 | 11
30566845497 | 36 | 5.42648 | 11
61133690994 | 37 | 4.63978e-310 | 7
61133690995 | 37 | 4.00193e-322 | 4
15283422749 | 35 | 4.03558 | 11
30566845499 | 36 | 4.03558 | 11
61133690999 | 37 | 4.03558 | 11
122267381998 | 38 | 4.03558 | 11
244534763996 | 39 | 4.03558 | 11
489069527992 | 40 | 0.346465 | 2
489069527993 | 40 | 4.63978e-310 | 9
7641711375 | 34 | 4.63978e-310 | 10
119401741 | 28 | 4.63978e-310 | 2
3731305 | 23 | 4.63978e-310 | 3
1865653 | 22 | 4.63978e-310 | 6
57 | 7 | 14.1493 | 186
114 | 8 | 12.3311 | 178
228 | 9 | 12.3311 | 178
456 | 10 | 10.4216 | 120
912 | 11 | 10.4216 | 120
1824 | 12 | 10.4216 | 120
3649 | 13 | 10.4216 | 120
7298 | 14 | 10.4216 | 110
14596 | 15 | 4.63978e-310 | 2
14597 | 15 | 8.98613 | 108
29194 | 16 | 8.98613 | 108
58389 | 17 | 8.98613 | 108
116778 | 18 | 8.98613 | 108
233557 | 19 | 8.98613 | 108
467115 | 20 | 8.98613 | 108
934230 | 21 | 8.98613 | 108
1868460 | 22 | 8.98613 | 108
3736920 | 23 | 8.98613 | 108
7473840 | 24 | 6.13322 | 82
14947680 | 25 | 6.13322 | 82
29895360 | 26 | 6.13322 | 70
59790720 | 27 | 6.09958 | 66
119581440 | 28 | 6.09958 | 66
239162880 | 29 | 6.09958 | 66
478325760 | 30 | 2.48041 | 15
956651521 | 31 | 2.48041 | 15
1913303043 | 32 | 2.48041 | 15
3826606086 | 33 | 2.48041 | 15
7653212173 | 34 | 2.48041 | 15
15306424347 | 35 | 2.48041 | 15
30612848694 | 36 | 2.48041 | 15
61225697389 | 37 | 2.48041 | 15
122451394778 | 38 | 4.63978e-310 | 2
122451394779 | 38 | 2.19187 | 13
244902789558 | 39 | 9.78626 | 9
244902789559 | 39 | 4.63978e-310 | 4
478325761 | 30 | 4.49324 | 51
956651523 | 31 | 4.49324 | 51
1913303046 | 32 | 4.49324 | 51
3826606092 | 33 | 2.61605 | 20
7653212184 | 34 | 2.61605 | 20
15306424369 | 35 | 2.61605 | 20
30612848739 | 36 | 2.61605 | 20
61225697479 | 37 | 2.61605 | 20
122451394958 | 38 | 2.61605 | 20
244902789916 | 39 | 0.505469 | 2
244902789917 | 39 | 2.61605 | 18
489805579835 | 40 | 2.61605 | 18
979611159670 | 41 | 0.0719145 | 5
979611159671 | 41 | 1.85485 | 13
1959222319342 | 42 | 1.85485 | 13
3918444638685 | 43 | 1.85485 | 13
7836889277370 | 44 | 0 | 2
7836889277371 | 44 | 1.52861 | 11
15673778554742 | 45 | 1.52861 | 11
31347557109484 | 46 | 1.52861 | 11
62695114218968 | 47 | 1.52861 | 11
125390228437936 | 48 | 3.80537 | 1
125390228437937 | 48 | 0.0518642 | 10
3826606093 | 33 | 3.4278 | 31
7653212186 | 34 | 3.4278 | 31
15306424372 | 35 | 3.29747 | 26
30612848744 | 36 | 4.63978e-310 | 8
30612848745 | 36 | 2.81014 | 18
61225697491 | 37 | 2.81014 | 18
122451394982 | 38 | 2.81014 | 18
244902789964 | 39 | 2.42092e-322 | 4
244902789965 | 39 | 2.13837 | 14
489805579930 | 40 | 2.13837 | 14
979611159860 | 41 | 7.33712 | 2
979611159861 | 41 | 2.0553 | 12
1959222319723 | 42 | 2.0553 | 12
3918444639446 | 43 | 2.0553 | 12
7836889278892 | 44 | 0.256189 | 5
7836889278893 | 44 | 0.480665 | 7
15306424373 | 35 | 4.63978e-310 | 5
59790721 | 27 | 4.63978e-310 | 4
29895361 | 26 | 3.04612 | 12
59790722 | 27 | 4.63978e-310 | 9
59790723 | 27 | 4.63978e-310 | 3
7473841 | 24 | 2.7871 | 26
14947682 | 25 | 4.63978e-310 | 6
14947683 | 25 | 2.39543 | 20
29895366 | 26 | 4.63978e-310 | 9
29895367 | 26 | 1.83877 | 11
59790734 | 27 | 4.63978e-310 | 4
59790735 | 27 | 4.63978e-310 | 7
7299 | 14 | 4.63978e-310 | 10
457 | 10 | 11.6725 | 58
914 | 11 | 11.6725 | 58
1828 | 12 | 4.63978e-310 | 9
1829 | 12 | 10.0739 | 49
3658 | 13 | 10.0739 | 49
7316 | 14 | 10.0739 | 49
14632 | 15 | 9.85537 | 38
29264 | 16 | 6.53415 | 18
58528 | 17 | 0.0694542 | 2
58529 | 17 | 4.67792 | 16
117058 | 18 | 4.67792 | 16
234116 | 19 | 4.67792 | 16
468233 | 20 | 4.67792 | 16
936466 | 21 | 4.67792 | 16
1872933 | 22 | 4.67792 | 16
3745866 | 23 | 4.44811 | 14
7491732 | 24 | 2.99608 | 12
14983464 | 25 | 2.99608 | 12
29966929 | 26 | 2.99608 | 12
59933858 | 27 | 3.21143e-322 | 1
59933859 | 27 | 2.99608 | 11
119867718 | 28 | 2.99608 | 11
239735437 | 29 | 2.99608 | 11
479470875 | 30 | 2.99608 | 11
958941750 | 31 | 71.3258 | 7
958941751 | 31 | 17.2687 | 4
7491733 | 24 | 4.63978e-310 | 2
3745867 | 23 | 4.63978e-310 | 2
29265 | 16 | 5.12394 | 20
58530 | 17 | 5.12394 | 11
117060 | 18 | 4.63978e-310 | 5
117061 | 18 | 4.63978e-310 | 6
58531 | 17 | 4.63978e-310 | 9
14633 | 15 | 6.72242 | 11
29266 | 16 | 6.72242 | 11
58532 | 17 | 6.72242 | 11
117065 | 18 | 6.72242 | 11
234131 | 19 | 6.72242 | 11
468262 | 20 | 14.4305 | 3
468263 | 20 | 3.62011 | 8
115 | 8 | 4.63978e-310 | 8
29 | 6 | 23.1643 | 54
58 | 7 | 18.0436 | 45
116 | 8 | 18.0436 | 45
232 | 9 | 18.0436 | 45
464 | 10 | 12.3951 | 23
929 | 11 | 12.3951 | 23
1859 | 12 | 12.3951 | 23
3718 | 13 | 2.27373 | 9
3719 | 13 | 3.95774 | 14
7438 | 14 | 3.95774 | 14
14876 | 15 | 3.95774 | 14
29752 | 16 | 3.95774 | 14
59504 | 17 | 3.95774 | 14
119008 | 18 | 3.95774 | 14
238016 | 19 | 3.95774 | 14
476032 | 20 | 3.95774 | 14
952064 | 21 | 3.95774 | 14
1904128 | 22 | 294.393 | 10
1904129 | 22 | 2.42092e-322 | 4
465 | 10 | 10.7441 | 22
930 | 11 | 4.63978e-310 | 1
931 | 11 | 9.92653 | 21
1862 | 12 | 9.92653 | 21
3724 | 13 | 8.50964 | 17
7448 | 14 | 3.49592 | 15
14897 | 15 | 3.49592 | 15
29794 | 16 | 3.49592 | 15
59589 | 17 | 3.49592 | 15
119178 | 18 | 3.388 | 14
238356 | 19 | 0.723728 | 4
238357 | 19 | 117.849 | 10
119179 | 18 | 4.63978e-310 | 1
7449 | 14 | 4.63978e-310 | 2
3725 | 13 | 4.63978e-310 | 4
59 | 7 | 4.63978e-310 | 9
