ID | Depth | diameter | Number of points
0 | 0 | 29.316 | 1600
1 | 1 | 29.316 | 1600
3 | 2 | 29.316 | 1600
6 | 3 | 27.6876 | 672
13 | 4 | 27.6876 | 672
26 | 5 | 27.2864 | 643
52 | 6 | 27.2864 | 643
104 | 7 | 27.2864 | 643
208 | 8 | 27.2864 | 643
417 | 9 | 27.2864 | 643
835 | 10 | 27.2864 | 643
1670 | 11 | 27.2864 | 643
3340 | 12 | 27.2864 | 643
6680 | 13 | 24.1546 | 283
13360 | 14 | 24.1546 | 283
26721 | 15 | 24.1546 | 283
53443 | 16 | 24.1546 | 283
106886 | 17 | 0.292358 | 3
106887 | 17 | 24.1546 | 280
213774 | 18 | 24.1546 | 280
427549 | 19 | 24.1546 | 280
855098 | 20 | 24.1546 | 280
1710196 | 21 | 23.5463 | 243
3420393 | 22 | 23.5463 | 243
6840786 | 23 | 23.5463 | 243
13681573 | 24 | 23.5463 | 243
27363147 | 25 | 23.5463 | 243
54726295 | 26 | 23.5463 | 243
109452591 | 27 | 23.5463 | 243
218905183 | 28 | 23.5463 | 243
437810366 | 29 | 23.5463 | 243
875620733 | 30 | 23.5463 | 243
1751241466 | 31 | 23.5463 | 243
3502482932 | 32 | 23.5463 | 243
7004965865 | 33 | 23.5463 | 243
14009931731 | 34 | 23.5463 | 243
28019863463 | 35 | 23.5463 | 243
56039726926 | 36 | 23.5463 | 243
112079453852 | 37 | 23.5463 | 243
224158907704 | 38 | 23.0743 | 238
448317815408 | 39 | 23.0743 | 238
896635630816 | 40 | 23.0743 | 238
1793271261632 | 41 | 23.0743 | 238
3586542523264 | 42 | 16.278 | 17
7173085046528 | 43 | 13.7625 | 14
14346170093056 | 44 | 4.63978e-310 | 3
14346170093057 | 44 | 6.3977 | 11
28692340186115 | 45 | 6.3977 | 11
57384680372230 | 46 | 1.0326e-321 | 8
57384680372231 | 46 | 2.74765 | 3
7173085046529 | 43 | 4.63978e-310 | 3
3586542523265 | 42 | 22.0213 | 221
7173085046531 | 43 | 22.0213 | 221
14346170093062 | 44 | 7.29624 | 19
28692340186124 | 45 | 8.53509 | 2
28692340186125 | 45 | 7.05906 | 17
57384680372250 | 46 | 6.90513e-310 | 1
57384680372251 | 46 | 6.42189 | 16
114769360744503 | 47 | 6.42189 | 16
229538721489006 | 48 | 6.42189 | 16
459077442978012 | 49 | 6.42189 | 14
918154885956024 | 50 | 6.42189 | 14
1836309771912049 | 51 | 6.42189 | 14
3672619543824098 | 52 | 6.42189 | 14
7345239087648196 | 53 | 6.42189 | 14
14690478175296392 | 54 | 4.63978e-310 | 6
14690478175296393 | 54 | 0 | 8
459077442978013 | 49 | 4.63978e-310 | 2
14346170093063 | 44 | 16.7206 | 202
28692340186127 | 45 | 16.7206 | 202
57384680372254 | 46 | 16.7206 | 202
114769360744508 | 47 | 11.105 | 163
229538721489016 | 48 | 11.105 | 163
459077442978032 | 49 | 11.105 | 163
918154885956064 | 50 | 11.105 | 163
1836309771912129 | 51 | 11.105 | 163
3672619543824258 | 52 | 11.105 | 163
7345239087648516 | 53 | 8.65929 | 70
14690478175297032 | 54 | 8.65929 | 70
29380956350594064 | 55 | 7.11264 | 38
58761912701188129 | 56 | 7.11264 | 38
117523825402376258 | 57 | 7.11264 | 38
235047650804752517 | 58 | 7.11264 | 38
470095301609505034 | 59 | 4.11253 | 23
940190603219010069 | 60 | 4.11253 | 23
1880381206438020138 | 61 | 1.58101e-322 | 5
1880381206438020139 | 61 | 4.11253 | 18
3760762412876040278 | 62 | 4.11253 | 18
7521524825752080556 | 63 | 4.11253 | 18
-3403694422205390504 | 64 | 4.11253 | 18
-6807388844410781008 | 65 | 4.11253 | 18
4831966384887989601 | 66 | 4.11253 | 18
-8782811303933572414 | 67 | 4.11253 | 18
881121465842406789 | 68 | 4.11253 | 18
1762242931684813579 | 69 | 4.11253 | 18
3524485863369627158 | 70 | 4.07009 | 12
7048971726739254316 | 71 | 4.07009 | 12
-4348800620231042983 | 72 | 4.07009 | 12
-8697601240462085966 | 73 | 4.76737 | 2
-8697601240462085965 | 73 | 1.32541 | 10
3524485863369627159 | 70 | 4.63978e-310 | 6
470095301609505035 | 59 | 4.25243 | 15
940190603219010070 | 60 | 4.25243 | 15
1880381206438020140 | 61 | 4.25243 | 15
3760762412876040280 | 62 | 4.25243 | 15
7521524825752080560 | 63 | 2.20432 | 13
-3403694422205390496 | 64 | 4.63978e-310 | 6
-3403694422205390495 | 64 | 4.63978e-310 | 7
7521524825752080561 | 63 | 4.63978e-310 | 2
29380956350594065 | 55 | 6.55733 | 32
58761912701188130 | 56 | 6.14317 | 27
117523825402376261 | 57 | 6.14317 | 27
235047650804752523 | 58 | 6.14317 | 27
470095301609505046 | 59 | 6.14317 | 27
940190603219010093 | 60 | 6.14317 | 27
1880381206438020186 | 61 | 6.14317 | 27
3760762412876040372 | 62 | 6.14317 | 27
7521524825752080744 | 63 | 6.14317 | 27
-3403694422205390128 | 64 | 6.14317 | 27
-6807388844410780256 | 65 | 4.72334 | 21
4831966384887991104 | 66 | 4.72334 | 21
-8782811303933569407 | 67 | 4.72334 | 21
881121465842412803 | 68 | 4.72334 | 21
1762242931684825607 | 69 | 4.72334 | 21
3524485863369651215 | 70 | 4.72334 | 21
7048971726739302430 | 71 | 4.72334 | 21
-4348800620230946756 | 72 | 4.72334 | 21
-8697601240461893511 | 73 | 4.72334 | 21
1051541592785764594 | 74 | 277.582 | 3
1051541592785764595 | 74 | 2.87974 | 18
2103083185571529190 | 75 | 2.87974 | 18
4206166371143058381 | 76 | 2.87974 | 18
8412332742286116762 | 77 | 1.18428 | 10
8412332742286116763 | 77 | 1.78518 | 8
-6807388844410780255 | 65 | 4.63978e-310 | 6
58761912701188131 | 56 | 4.63978e-310 | 5
7345239087648517 | 53 | 5.07905 | 93
14690478175297034 | 54 | 2.50524 | 13
29380956350594068 | 55 | 2.50524 | 13
58761912701188136 | 56 | 2.50524 | 13
117523825402376272 | 57 | 2.50524 | 13
235047650804752544 | 58 | 2.50524 | 13
470095301609505088 | 59 | 2.50524 | 13
940190603219010176 | 60 | 1.58101e-322 | 7
940190603219010177 | 60 | 4.63978e-310 | 6
14690478175297035 | 54 | 5.07905 | 80
29380956350594070 | 55 | 3.96296 | 13
58761912701188140 | 56 | 4.63978e-310 | 2
58761912701188141 | 56 | 2.84082 | 11
117523825402376283 | 57 | 2.84082 | 11
235047650804752566 | 58 | 2.84082 | 11
470095301609505132 | 59 | 0.50148 | 7
470095301609505133 | 59 | 3.21143e-322 | 4
29380956350594071 | 55 | 4.32641 | 67
58761912701188143 | 56 | 4.32641 | 67
117523825402376286 | 57 | 4.32641 | 67
235047650804752573 | 58 | 4.32641 | 67
470095301609505146 | 59 | 4.32641 | 67
940190603219010292 | 60 | 2.55551 | 21
1880381206438020585 | 61 | 2.55551 | 21
3760762412876041170 | 62 | 2.55551 | 16
7521524825752082341 | 63 | 2.55551 | 16
-3403694422205386934 | 64 | 4.63978e-310 | 7
-3403694422205386933 | 64 | 1.28676 | 9
3760762412876041171 | 62 | 1.58101e-322 | 5
940190603219010293 | 60 | 3.39007 | 46
1880381206438020586 | 61 | 3.02387 | 32
3760762412876041172 | 62 | 2.30694 | 25
7521524825752082344 | 63 | 1.58451 | 11
-3403694422205386928 | 64 | 0.860761 | 6
-3403694422205386927 | 64 | 0.30926 | 5
7521524825752082345 | 63 | 1.67307 | 14
-3403694422205386926 | 64 | 3.46128 | 7
-3403694422205386925 | 64 | 3.23571 | 7
3760762412876041173 | 62 | 4.63978e-310 | 7
1880381206438020587 | 61 | 2.10238 | 14
3760762412876041174 | 62 | 0.754925 | 8
3760762412876041175 | 62 | 0.815259 | 6
114769360744509 | 47 | 9.26416 | 39
229538721489018 | 48 | 9.26416 | 39
459077442978036 | 49 | 4.63978e-310 | 3
459077442978037 | 49 | 7.84261 | 36
918154885956074 | 50 | 7.84261 | 36
1836309771912148 | 51 | 4.63978e-310 | 1
1836309771912149 | 51 | 7.49421 | 35
3672619543824298 | 52 | 7.49421 | 35
7345239087648596 | 53 | 7.49421 | 35
14690478175297193 | 54 | 7.49421 | 35
29380956350594386 | 55 | 6.45602 | 27
58761912701188772 | 56 | 0 | 10
58761912701188773 | 56 | 4.35186 | 17
117523825402377547 | 57 | 4.35186 | 17
235047650804755095 | 58 | 4.35186 | 17
470095301609510190 | 59 | 4.35186 | 17
940190603219020380 | 60 | 1.58101e-322 | 7
940190603219020381 | 60 | 4.63978e-310 | 10
29380956350594387 | 55 | 4.63978e-310 | 8
224158907705 | 38 | 4.63978e-310 | 5
1710197 | 21 | 7.12601 | 37
3420395 | 22 | 7.12601 | 37
6840790 | 23 | 4.63978e-310 | 1
6840791 | 23 | 6.85523 | 36
13681583 | 24 | 6.85523 | 36
27363167 | 25 | 6.85523 | 36
54726335 | 26 | 6.85523 | 36
109452671 | 27 | 6.85523 | 36
218905343 | 28 | 6.85523 | 36
437810686 | 29 | 2.82042 | 29
875621373 | 30 | 2.82042 | 29
1751242746 | 31 | 2.82042 | 29
3502485493 | 32 | 2.82042 | 29
7004970986 | 33 | 2.60884 | 28
14009941972 | 34 | 4.63978e-310 | 4
14009941973 | 34 | 1.75452 | 24
28019883946 | 35 | 1.75452 | 24
56039767893 | 36 | 1.75452 | 24
112079535786 | 37 | 1.75452 | 24
224159071573 | 38 | 1.75452 | 24
448318143146 | 39 | 1.69039 | 22
896636286292 | 40 | 1.50556 | 13
1793272572584 | 41 | 4.63978e-310 | 3
1793272572585 | 41 | 4.63978e-310 | 10
896636286293 | 40 | 4.63978e-310 | 9
448318143147 | 39 | 4.63978e-310 | 2
7004970987 | 33 | 4.63978e-310 | 1
437810687 | 29 | 4.63978e-310 | 7
6681 | 13 | 26.6446 | 360
13362 | 14 | 16.5719 | 51
26724 | 15 | 16.5719 | 51
53449 | 16 | 16.5719 | 51
106899 | 17 | 16.5719 | 51
213799 | 18 | 16.5719 | 51
427598 | 19 | 16.5719 | 51
855196 | 20 | 11.6535 | 19
1710393 | 21 | 11.6535 | 19
3420786 | 22 | 11.6535 | 19
6841573 | 23 | 11.6535 | 19
13683146 | 24 | 9.42693 | 14
27366293 | 25 | 9.42693 | 14
54732586 | 26 | 9.42693 | 14
109465172 | 27 | 9.42693 | 14
218930345 | 28 | 9.42693 | 14
437860690 | 29 | 9.42693 | 14
875721380 | 30 | 9.42693 | 14
1751442760 | 31 | 34.3478 | 5
1751442761 | 31 | 0 | 9
13683147 | 24 | 4.63978e-310 | 5
855197 | 20 | 9.02655 | 32
1710394 | 21 | 9.02655 | 32
3420789 | 22 | 9.02655 | 32
6841579 | 23 | 9.02655 | 32
13683158 | 24 | 9.02655 | 32
27366316 | 25 | 9.02655 | 32
54732632 | 26 | 7.37118 | 10
54732633 | 26 | 7.41695 | 22
109465266 | 27 | 15.9901 | 1
109465267 | 27 | 3.6223 | 21
218930534 | 28 | 3.6223 | 21
437861069 | 29 | 3.6223 | 21
875722138 | 30 | 2.97225 | 19
1751444276 | 31 | 2.97225 | 17
3502888552 | 32 | 2.4586 | 15
7005777105 | 33 | 2.4586 | 15
14011554210 | 34 | 2.4586 | 15
28023108420 | 35 | 1.63042e-322 | 2
28023108421 | 35 | 2.02502 | 13
56046216843 | 36 | 2.02502 | 13
112092433686 | 37 | 2.02502 | 13
224184867372 | 38 | 14.7476 | 6
224184867373 | 38 | 0.661519 | 7
3502888553 | 32 | 4.63978e-310 | 2
1751444277 | 31 | 4.63978e-310 | 2
875722139 | 30 | 4.63978e-310 | 2
13363 | 14 | 16.8967 | 309
26726 | 15 | 16.8967 | 309
53452 | 16 | 16.8967 | 23
106904 | 17 | 15.0622 | 20
213808 | 18 | 15.0622 | 20
427616 | 19 | 15.0622 | 20
855233 | 20 | 15.0622 | 20
1710466 | 21 | 15.0622 | 20
3420933 | 22 | 15.0622 | 20
6841866 | 23 | 15.0622 | 20
13683732 | 24 | 4.63978e-310 | 3
13683733 | 24 | 10.5685 | 17
27367467 | 25 | 10.5685 | 17
54734934 | 26 | 10.5685 | 17
109469868 | 27 | 10.0366 | 16
218939737 | 28 | 10.0366 | 16
437879474 | 29 | 10.0366 | 16
875758948 | 30 | 10.0366 | 16
1751517896 | 31 | 10.0366 | 16
3503035792 | 32 | 9.47772 | 15
7006071585 | 33 | 9.47772 | 15
14012143171 | 34 | 9.47772 | 15
28024286342 | 35 | 8.16005 | 6
28024286343 | 35 | 1.63042e-322 | 9
3503035793 | 32 | 4.63978e-310 | 1
109469869 | 27 | 4.63978e-310 | 1
106905 | 17 | 4.63978e-310 | 3
53453 | 16 | 15.3451 | 286
106906 | 17 | 3.86563 | 26
213812 | 18 | 3.86563 | 26
427625 | 19 | 3.86563 | 26
855251 | 20 | 3.86563 | 26
1710502 | 21 | 3.86563 | 26
3421005 | 22 | 3.86563 | 26
6842010 | 23 | 3.51391 | 11
13684021 | 24 | 3.51391 | 11
27368043 | 25 | 3.51391 | 11
54736086 | 26 | 3.51391 | 11
109472173 | 27 | 3.51391 | 11
218944346 | 28 | 4.78984 | 5
218944347 | 28 | 3.21143e-322 | 6
6842011 | 23 | 3.4403 | 15
13684022 | 24 | 4.63978e-310 | 10
13684023 | 24 | 4.63978e-310 | 5
106907 | 17 | 15.3451 | 260
213814 | 18 | 15.3451 | 260
427629 | 19 | 15.3451 | 260
855258 | 20 | 15.3451 | 231
1710516 | 21 | 13.326 | 184
3421032 | 22 | 11.8691 | 70
6842064 | 23 | 9.62583 | 36
13684128 | 24 | 9.62583 | 36
27368256 | 25 | 9.62583 | 36
54736513 | 26 | 9.62583 | 36
109473026 | 27 | 0.677239 | 2
109473027 | 27 | 4.33656 | 34
218946054 | 28 | 4.33656 | 34
437892108 | 29 | 4.33656 | 34
875784217 | 30 | 4.33656 | 34
1751568434 | 31 | 4.33656 | 34
3503136868 | 32 | 2.43805 | 23
7006273737 | 33 | 2.43805 | 23
14012547475 | 34 | 2.43805 | 23
28025094951 | 35 | 2.43805 | 23
56050189902 | 36 | 1.79385 | 15
112100379804 | 37 | 1.79385 | 15
224200759609 | 38 | 1.79385 | 15
448401519218 | 39 | 1.79385 | 14
896803038436 | 40 | 1.79385 | 14
1793606076873 | 41 | 1.79385 | 14
3587212153747 | 42 | 1.79385 | 14
7174424307494 | 43 | 1.79385 | 14
14348848614989 | 44 | 1.79385 | 14
28697697229978 | 45 | 1.79385 | 14
57395394459956 | 46 | 1.79385 | 14
114790788919912 | 47 | 1.79385 | 14
229581577839824 | 48 | 1.11596 | 11
459163155679648 | 49 | 1.11596 | 11
918326311359296 | 50 | 1.11596 | 11
1836652622718593 | 51 | 1.11596 | 11
3673305245437186 | 52 | 9.54071 | 2
3673305245437187 | 52 | 0.531653 | 9
229581577839825 | 48 | 4.63978e-310 | 3
448401519219 | 39 | 4.63978e-310 | 1
56050189903 | 36 | 4.63978e-310 | 8
3503136869 | 32 | 2.60511 | 11
7006273738 | 33 | 4.63978e-310 | 2
7006273739 | 33 | 4.63978e-310 | 9
6842065 | 23 | 8.6263 | 34
13684130 | 24 | 8.6263 | 34
27368260 | 25 | 8.6263 | 34
54736521 | 26 | 8.6263 | 34
109473042 | 27 | 8.6263 | 34
218946085 | 28 | 8.6263 | 34
437892171 | 29 | 8.6263 | 34
875784342 | 30 | 8.6263 | 34
1751568685 | 31 | 8.6263 | 34
3503137370 | 32 | 8.6263 | 31
7006274740 | 33 | 0.0110625 | 8
7006274741 | 33 | 2.3092 | 23
14012549482 | 34 | 2.3092 | 23
28025098964 | 35 | 2.3092 | 23
56050197928 | 36 | 4.63978e-310 | 9
56050197929 | 36 | 1.53939 | 14
112100395858 | 37 | 0.171894 | 1
112100395859 | 37 | 1.50637 | 13
224200791718 | 38 | 1.50637 | 13
448401583436 | 39 | 0.0455915 | 8
448401583437 | 39 | 4.12999 | 5
3503137371 | 32 | 4.63978e-310 | 3
3421033 | 22 | 12.2767 | 114
6842066 | 23 | 12.2767 | 114
13684132 | 24 | 10.2104 | 56
27368264 | 25 | 10.2104 | 56
54736528 | 26 | 9.93497 | 55
109473056 | 27 | 4.63978e-310 | 4
109473057 | 27 | 9.93497 | 51
218946114 | 28 | 9.93497 | 51
437892228 | 29 | 8.95792 | 50
875784457 | 30 | 8.95792 | 50
1751568914 | 31 | 8.95792 | 49
3503137828 | 32 | 1.64423 | 12
7006275656 | 33 | 1.64423 | 12
14012551312 | 34 | 0.130779 | 3
14012551313 | 34 | 4.63978e-310 | 9
3503137829 | 32 | 7.44539 | 37
7006275658 | 33 | 7.44539 | 37
14012551317 | 34 | 7.44539 | 37
28025102634 | 35 | 3.94958 | 36
56050205268 | 36 | 0.00827282 | 4
56050205269 | 36 | 3.56566 | 32
112100410538 | 37 | 3.56566 | 32
224200821076 | 38 | 3.56566 | 32
448401642153 | 39 | 3.56566 | 32
896803284307 | 40 | 3.56566 | 32
1793606568614 | 41 | 3.56566 | 32
3587213137229 | 42 | 3.56566 | 32
7174426274458 | 43 | 3.56566 | 31
14348852548916 | 44 | 3.56566 | 31
28697705097832 | 45 | 2.42732 | 17
57395410195664 | 46 | 0.781539 | 2
57395410195665 | 46 | 2.42732 | 15
114790820391330 | 47 | 1.66066 | 11
229581640782660 | 48 | 1.66066 | 11
459163281565320 | 49 | 1.14363 | 8
459163281565321 | 49 | 22.3571 | 3
114790820391331 | 47 | 4.63978e-310 | 4
28697705097833 | 45 | 2.49497 | 14
57395410195666 | 46 | 4.63978e-310 | 5
57395410195667 | 46 | 4.63978e-310 | 9
7174426274459 | 43 | 4.63978e-310 | 1
28025102635 | 35 | 4.63978e-310 | 1
1751568915 | 31 | 4.63978e-310 | 1
437892229 | 29 | 4.63978e-310 | 1
54736529 | 26 | 4.63978e-310 | 1
13684133 | 24 | 4.01418 | 58
27368266 | 25 | 3.03908 | 29
54736532 | 26 | 1.72282 | 12
109473064 | 27 | 1.72282 | 12
218946129 | 28 | 1.72282 | 12
437892258 | 29 | 2.0184 | 3
437892259 | 29 | 4.63978e-310 | 9
54736533 | 26 | 1.69761 | 17
109473067 | 27 | 1.69761 | 17
218946135 | 28 | 1.69761 | 17
437892271 | 29 | 1.69761 | 17
875784542 | 30 | 4.42691 | 2
875784543 | 30 | 1.69761 | 15
1751569086 | 31 | 1.69761 | 15
3503138172 | 32 | 1.69761 | 15
7006276345 | 33 | 1.69761 | 15
14012552691 | 34 | 1.69761 | 15
28025105383 | 35 | 1.69761 | 15
56050210767 | 36 | 1.69761 | 15
112100421535 | 37 | 1.69761 | 15
224200843070 | 38 | 1.69761 | 15
448401686141 | 39 | 1.69761 | 15
896803372282 | 40 | 1.69761 | 15
1793606744565 | 41 | 1.69761 | 15
3587213489130 | 42 | 4.63978e-310 | 4
3587213489131 | 42 | 1.19765 | 11
7174426978262 | 43 | 1.19765 | 11
14348853956525 | 44 | 1.19765 | 11
28697707913051 | 45 | 1.19765 | 11
57395415826102 | 46 | 0 | 8
57395415826103 | 46 | 1.87662 | 3
27368267 | 25 | 2.95852 | 29
54736534 | 26 | 2.95852 | 29
109473068 | 27 | 4.63978e-310 | 6
109473069 | 27 | 2.7154 | 23
218946139 | 28 | 2.7154 | 23
437892278 | 29 | 2.7154 | 23
875784557 | 30 | 2.7154 | 23
1751569114 | 31 | 4.63978e-310 | 9
1751569115 | 31 | 2.10182 | 14
3503138231 | 32 | 2.10182 | 14
7006276462 | 33 | 3.14386 | 8
7006276463 | 33 | 3.21143e-322 | 6
1710517 | 21 | 5.71054 | 47
3421034 | 22 | 4.63978e-310 | 4
3421035 | 22 | 4.75108 | 43
6842071 | 23 | 4.75108 | 43
13684142 | 24 | 4.75108 | 43
27368284 | 25 | 1.93665 | 17
54736568 | 26 | 1.93665 | 17
109473137 | 27 | 1.93665 | 17
218946274 | 28 | 1.93665 | 17
437892549 | 29 | 1.93665 | 17
875785098 | 30 | 1.93665 | 17
1751570196 | 31 | 1.93665 | 17
3503140392 | 32 | 1.93665 | 17
7006280784 | 33 | 4.63978e-310 | 3
7006280785 | 33 | 1.93665 | 14
14012561570 | 34 | 1.93665 | 14
28025123140 | 35 | 1.93665 | 14
56050246281 | 36 | 1.93665 | 14
112100492562 | 37 | 1.93665 | 14
224200985124 | 38 | 1.93665 | 14
448401970249 | 39 | 1.93665 | 14
896803940498 | 40 | 0.188592 | 3
896803940499 | 40 | 1.16353 | 11
1793607880999 | 41 | 1.16353 | 11
3587215761998 | 42 | 1.3231 | 1
3587215761999 | 42 | 6.90513e-310 | 10
27368285 | 25 | 2.99006 | 26
54736571 | 26 | 2.99006 | 26
109473143 | 27 | 2.99006 | 26
218946287 | 28 | 2.99006 | 26
437892574 | 29 | 2.99006 | 26
875785149 | 30 | 2.99006 | 26
1751570298 | 31 | 1.54344 | 19
3503140596 | 32 | 1.54344 | 19
7006281192 | 33 | 1.527 | 15
14012562384 | 34 | 1.527 | 15
28025124769 | 35 | 1.527 | 15
56050249538 | 36 | 1.527 | 15
112100499077 | 37 | 1.527 | 15
224200998155 | 38 | 1.527 | 15
448401996310 | 39 | 1.16196 | 4
448401996311 | 39 | 1.2463 | 11
896803992622 | 40 | 0.732141 | 8
896803992623 | 40 | 0.700648 | 3
7006281193 | 33 | 4.63978e-310 | 4
1751570299 | 31 | 4.63978e-310 | 7
855259 | 20 | 4.59029 | 29
1710518 | 21 | 4.63978e-310 | 3
1710519 | 21 | 4.04624 | 26
3421039 | 22 | 4.04624 | 26
6842078 | 23 | 4.04624 | 26
13684157 | 24 | 4.04624 | 26
27368314 | 25 | 4.04624 | 26
54736628 | 26 | 4.04624 | 26
109473256 | 27 | 4.04624 | 24
218946512 | 28 | 3.03605 | 23
437893025 | 29 | 3.03605 | 23
875786050 | 30 | 3.03605 | 23
1751572100 | 31 | 3.03605 | 20
3503144201 | 32 | 3.03605 | 20
7006288403 | 33 | 3.03605 | 20
14012576806 | 34 | 3.03605 | 20
28025153612 | 35 | 6.90513e-310 | 9
28025153613 | 35 | 1.99387 | 11
56050307226 | 36 | 5.16204 | 2
56050307227 | 36 | 0.487367 | 9
1751572101 | 31 | 4.63978e-310 | 3
218946513 | 28 | 4.63978e-310 | 1
109473257 | 27 | 4.63978e-310 | 2
27 | 5 | 7.42001 | 29
55 | 6 | 7.42001 | 29
110 | 7 | 5.94702 | 17
221 | 8 | 5.94702 | 17
442 | 9 | 5.94702 | 17
884 | 10 | 5.94702 | 17
1769 | 11 | 5.94702 | 17
3538 | 12 | 4.63978e-310 | 5
3539 | 12 | 5.65017 | 12
7078 | 13 | 4.63978e-310 | 5
7079 | 13 | 4.63978e-310 | 7
111 | 7 | 3.37705 | 12
222 | 8 | 3.37705 | 12
444 | 9 | 4.63978e-310 | 7
445 | 9 | 4.63978e-310 | 5
7 | 3 | 25.2523 | 928
15 | 4 | 25.2523 | 928
30 | 5 | 25.2523 | 928
60 | 6 | 25.2523 | 928
120 | 7 | 25.2523 | 922
240 | 8 | 17.6147 | 244
481 | 9 | 17.6147 | 244
962 | 10 | 17.6147 | 244
1924 | 11 | 10.3273 | 55
3848 | 12 | 0.226322 | 9
3849 | 12 | 9.01968 | 46
7698 | 13 | 7.28554 | 30
15397 | 14 | 7.28554 | 30
30795 | 15 | 7.28554 | 30
61590 | 16 | 0.191225 | 5
61591 | 16 | 7.07611 | 25
123183 | 17 | 7.07611 | 25
246366 | 18 | 7.07611 | 25
492733 | 19 | 7.07611 | 25
985467 | 20 | 7.07611 | 25
1970934 | 21 | 7.07611 | 25
3941868 | 22 | 7.07611 | 25
7883736 | 23 | 7.07611 | 25
15767472 | 24 | 0.368092 | 6
15767473 | 24 | 4.00636 | 19
31534947 | 25 | 4.00636 | 19
63069894 | 26 | 4.63978e-310 | 1
63069895 | 26 | 4.00636 | 18
126139790 | 27 | 4.00636 | 18
252279580 | 28 | 4.00636 | 18
504559161 | 29 | 4.00636 | 18
1009118322 | 30 | 4.00636 | 18
2018236645 | 31 | 4.00636 | 18
4036473291 | 32 | 4.00636 | 18
8072946582 | 33 | 47.6681 | 8
8072946583 | 33 | 5.50861 | 10
7699 | 13 | 5.05858 | 16
15398 | 14 | 5.05858 | 16
30796 | 15 | 3.5367 | 11
61593 | 16 | 3.5367 | 11
123186 | 17 | 4.63978e-310 | 8
123187 | 17 | 4.63978e-310 | 3
30797 | 15 | 4.63978e-310 | 5
1925 | 11 | 12.1493 | 189
3850 | 12 | 8.80822 | 17
7700 | 13 | 8.80822 | 16
15400 | 14 | 4.63978e-310 | 10
15401 | 14 | 4.63978e-310 | 6
7701 | 13 | 4.63978e-310 | 1
3851 | 12 | 10.9881 | 172
7702 | 13 | 10.9881 | 172
15404 | 14 | 10.9881 | 172
30808 | 15 | 10.9881 | 172
61616 | 16 | 9.98749 | 102
123233 | 17 | 9.98749 | 102
246466 | 18 | 9.98749 | 102
492933 | 19 | 9.98749 | 102
985866 | 20 | 6.7756 | 34
1971732 | 21 | 6.7756 | 34
3943465 | 22 | 6.7756 | 34
7886930 | 23 | 6.7756 | 34
15773860 | 24 | 6.7756 | 34
31547721 | 25 | 6.7756 | 34
63095442 | 26 | 6.7756 | 34
126190885 | 27 | 6.7756 | 34
252381771 | 28 | 6.7756 | 34
504763543 | 29 | 6.7756 | 34
1009527086 | 30 | 6.7756 | 34
2019054172 | 31 | 6.7756 | 34
4038108345 | 32 | 6.7756 | 34
8076216690 | 33 | 5.53337 | 21
16152433381 | 34 | 5.53337 | 21
32304866762 | 35 | 5.28594 | 11
64609733524 | 36 | 5.28594 | 11
129219467049 | 37 | 5.28594 | 11
258438934099 | 38 | 5.28594 | 11
516877868199 | 39 | 5.28594 | 11
1033755736398 | 40 | 1.59543 | 6
1033755736399 | 40 | 7.77796 | 5
32304866763 | 35 | 4.63978e-310 | 10
8076216691 | 33 | 3.07827 | 13
16152433382 | 34 | 4.63978e-310 | 3
16152433383 | 34 | 4.63978e-310 | 10
985867 | 20 | 8.86869 | 68
1971734 | 21 | 8.86869 | 68
3943469 | 22 | 8.86869 | 68
7886938 | 23 | 5.36662 | 18
15773876 | 24 | 5.36662 | 18
31547753 | 25 | 5.36662 | 18
63095507 | 26 | 5.36662 | 18
126191014 | 27 | 5.36662 | 18
252382028 | 28 | 5.36662 | 18
504764057 | 29 | 5.36662 | 18
1009528115 | 30 | 5.36662 | 18
2019056230 | 31 | 5.36662 | 18
4038112461 | 32 | 5.36662 | 18
8076224923 | 33 | 5.36662 | 18
16152449846 | 34 | 3.66135 | 16
32304899693 | 35 | 3.66135 | 16
64609799386 | 36 | 3.66135 | 16
129219598772 | 37 | 3.66135 | 16
258439197545 | 38 | 3.66135 | 16
516878395090 | 39 | 3.66135 | 16
1033756790180 | 40 | 3.52952 | 15
2067513580361 | 41 | 3.52952 | 15
4135027160722 | 42 | 3.52952 | 15
8270054321445 | 43 | 3.52952 | 15
16540108642890 | 44 | 0.844018 | 8
16540108642891 | 44 | 2.09017 | 7
1033756790181 | 40 | 4.63978e-310 | 1
16152449847 | 34 | 4.63978e-310 | 2
7886939 | 23 | 8.86869 | 50
15773878 | 24 | 8.86869 | 22
31547756 | 25 | 4.63978e-310 | 1
31547757 | 25 | 8.83156 | 21
63095514 | 26 | 8.83156 | 20
126191028 | 27 | 8.83156 | 20
252382056 | 28 | 6.90513e-310 | 9
252382057 | 28 | 6.75141 | 11
504764115 | 29 | 6.75141 | 11
1009528230 | 30 | 51.4259 | 1
1009528231 | 30 | 1.0598 | 10
63095515 | 26 | 4.63978e-310 | 1
15773879 | 24 | 4.39556 | 28
31547758 | 25 | 4.63978e-310 | 1
31547759 | 25 | 4.01774 | 27
63095518 | 26 | 38.3509 | 2
63095519 | 26 | 3.47284 | 25
126191039 | 27 | 3.47284 | 25
252382079 | 28 | 3.47284 | 25
504764158 | 29 | 40.4554 | 2
504764159 | 29 | 3.20083 | 23
1009528319 | 30 | 3.20083 | 23
2019056638 | 31 | 3.20083 | 23
4038113276 | 32 | 4.63978e-310 | 2
4038113277 | 32 | 3.20083 | 21
8076226554 | 33 | 4.26326 | 1
8076226555 | 33 | 3.20083 | 20
16152453111 | 34 | 3.20083 | 20
32304906223 | 35 | 3.20083 | 20
64609812446 | 36 | 3.20083 | 19
129219624892 | 37 | 4.63978e-310 | 1
129219624893 | 37 | 2.5717 | 18
258439249786 | 38 | 2.5717 | 18
516878499572 | 39 | 2.5717 | 18
1033756999144 | 40 | 2.5717 | 18
2067513998288 | 41 | 1.6771 | 12
4135027996577 | 42 | 1.6771 | 12
8270055993154 | 43 | 1.6771 | 12
16540111986308 | 44 | 4.63978e-310 | 3
16540111986309 | 44 | 4.63978e-310 | 9
2067513998289 | 41 | 4.63978e-310 | 6
64609812447 | 36 | 4.63978e-310 | 1
61617 | 16 | 8.9198 | 70
123234 | 17 | 2.07941 | 13
246468 | 18 | 2.07941 | 13
492936 | 19 | 4.63978e-310 | 7
492937 | 19 | 4.63978e-310 | 6
123235 | 17 | 7.03007 | 57
246470 | 18 | 7.03007 | 57
492941 | 19 | 7.03007 | 57
985882 | 20 | 6.968 | 56
1971764 | 21 | 4.63978e-310 | 3
1971765 | 21 | 6.61247 | 53
3943530 | 22 | 6.61247 | 53
7887061 | 23 | 6.61247 | 53
15774122 | 24 | 5.97517 | 34
31548244 | 25 | 5.97517 | 34
63096488 | 26 | 0 | 6
63096489 | 26 | 4.23621 | 28
126192978 | 27 | 4.23621 | 28
252385956 | 28 | 1.9514 | 5
252385957 | 28 | 4.12201 | 23
504771914 | 29 | 4.63978e-310 | 10
504771915 | 29 | 2.52307 | 13
1009543831 | 30 | 2.52307 | 13
2019087662 | 31 | 2.52307 | 13
4038175324 | 32 | 5.3694 | 5
4038175325 | 32 | 3.35279 | 8
15774123 | 24 | 3.29684 | 19
31548247 | 25 | 3.29684 | 19
63096494 | 26 | 4.63978e-310 | 1
63096495 | 26 | 2.62124 | 18
126192990 | 27 | 2.62124 | 18
252385980 | 28 | 3.3814 | 10
252385981 | 28 | 2.93739 | 8
985883 | 20 | 4.63978e-310 | 1
241 | 8 | 19.6911 | 678
482 | 9 | 19.6911 | 678
964 | 10 | 19.6911 | 678
1928 | 11 | 11.8038 | 68
3856 | 12 | 11.8038 | 50
7712 | 13 | 11.8038 | 50
15425 | 14 | 11.8038 | 50
30850 | 15 | 11.8038 | 49
61700 | 16 | 11.1363 | 46
123401 | 17 | 11.1363 | 46
246802 | 18 | 11.1363 | 46
493604 | 19 | 5.08881 | 13
987208 | 20 | 5.08881 | 13
1974416 | 21 | 5.08881 | 13
3948832 | 22 | 4.7055 | 11
7897664 | 23 | 0 | 8
7897665 | 23 | 0 | 3
3948833 | 22 | 4.63978e-310 | 2
493605 | 19 | 8.25534 | 33
987211 | 20 | 8.25534 | 33
1974422 | 21 | 1.63042e-322 | 6
1974423 | 21 | 4.73932 | 27
3948846 | 22 | 4.73932 | 27
7897692 | 23 | 4.71807 | 17
15795385 | 24 | 4.71807 | 17
31590771 | 25 | 4.71807 | 17
63181543 | 26 | 4.71807 | 17
126363086 | 27 | 4.71807 | 17
252726172 | 28 | 1.06611 | 9
252726173 | 28 | 0 | 8
7897693 | 23 | 4.63978e-310 | 10
61701 | 16 | 4.63978e-310 | 3
30851 | 15 | 4.63978e-310 | 1
3857 | 12 | 3.20712 | 18
7714 | 13 | 4.63978e-310 | 7
7715 | 13 | 1.74437 | 11
15430 | 14 | 2.42092e-322 | 6
15431 | 14 | 47.9983 | 5
1929 | 11 | 18.5115 | 610
3858 | 12 | 18.5115 | 610
7716 | 13 | 18.5115 | 610
15432 | 14 | 18.5115 | 610
30864 | 15 | 15.2197 | 389
61728 | 16 | 0.38193 | 1
61729 | 16 | 15.2197 | 388
123458 | 17 | 13.3597 | 299
246916 | 18 | 11.0171 | 55
493832 | 19 | 5.56826 | 38
987665 | 20 | 5.56826 | 38
1975331 | 21 | 5.56826 | 38
3950662 | 22 | 3.922 | 35
7901324 | 23 | 3.922 | 35
15802648 | 24 | 3.922 | 35
31605297 | 25 | 3.922 | 35
63210594 | 26 | 3.922 | 35
126421189 | 27 | 3.922 | 35
252842378 | 28 | 3.922 | 35
505684757 | 29 | 3.922 | 35
1011369514 | 30 | 3.922 | 35
2022739028 | 31 | 2.30832 | 21
4045478057 | 32 | 2.30832 | 21
8090956115 | 33 | 2.30832 | 21
16181912230 | 34 | 1.2126 | 4
16181912231 | 34 | 1.96683 | 17
32363824462 | 35 | 1.96683 | 17
64727648924 | 36 | 1.24432 | 12
129455297848 | 37 | 0.168677 | 4
129455297849 | 37 | 1.85948 | 8
64727648925 | 36 | 4.63978e-310 | 5
2022739029 | 31 | 1.87605 | 14
4045478059 | 32 | 1.87605 | 14
8090956118 | 33 | 0.783832 | 3
8090956119 | 33 | 1.75719 | 11
16181912238 | 34 | 1.75719 | 11
32363824476 | 35 | 1.75719 | 11
64727648952 | 36 | 1.75719 | 11
129455297904 | 37 | 1.75719 | 11
258910595809 | 38 | 1.75719 | 11
517821191618 | 39 | 1.75719 | 11
1035642383236 | 40 | 3.66994 | 3
1035642383237 | 40 | 4.63978e-310 | 8
3950663 | 22 | 4.63978e-310 | 3
493833 | 19 | 4.70169 | 17
987666 | 20 | 4.70169 | 17
1975332 | 21 | 4.70169 | 14
3950664 | 22 | 2.618 | 13
7901329 | 23 | 2.618 | 13
15802658 | 24 | 2.618 | 13
31605317 | 25 | 2.618 | 13
63210635 | 26 | 2.618 | 13
126421270 | 27 | 2.618 | 13
252842540 | 28 | 2.19032 | 11
505685081 | 29 | 2.19032 | 11
1011370163 | 30 | 2.19032 | 11
2022740326 | 31 | 2.19032 | 11
4045480653 | 32 | 2.19032 | 11
8090961306 | 33 | 4.63978e-310 | 10
8090961307 | 33 | 4.63978e-310 | 1
252842541 | 28 | 4.63978e-310 | 2
3950665 | 22 | 4.63978e-310 | 1
1975333 | 21 | 4.63978e-310 | 3
246917 | 18 | 13.3597 | 244
493834 | 19 | 12.2697 | 232
987668 | 20 | 9.58131 | 172
1975336 | 21 | 9.58131 | 172
3950672 | 22 | 9.58131 | 172
7901344 | 23 | 9.58131 | 172
15802688 | 24 | 9.58131 | 172
31605376 | 25 | 7.08324 | 71
63210753 | 26 | 7.08324 | 71
126421507 | 27 | 7.08324 | 71
252843014 | 28 | 7.08324 | 71
505686029 | 29 | 7.08324 | 71
1011372058 | 30 | 3.61179 | 49
2022744116 | 31 | 3.61179 | 49
4045488232 | 32 | 3.61179 | 49
8090976464 | 33 | 3.61179 | 49
16181952928 | 34 | 3.61179 | 49
32363905857 | 35 | 3.61179 | 49
64727811714 | 36 | 3.18247 | 41
129455623428 | 37 | 0.479334 | 4
129455623429 | 37 | 2.81074 | 37
258911246859 | 38 | 2.81074 | 37
517822493718 | 39 | 2.81074 | 37
1035644987437 | 40 | 2.81074 | 37
2071289974875 | 41 | 2.81074 | 37
4142579949751 | 42 | 2.81074 | 37
8285159899502 | 43 | 2.81074 | 35
16570319799004 | 44 | 2.81074 | 35
33140639598008 | 45 | 4.63978e-310 | 1
33140639598009 | 45 | 2.65671 | 34
66281279196018 | 46 | 2.65671 | 34
132562558392036 | 47 | 2.65671 | 34
265125116784072 | 48 | 4.63978e-310 | 5
265125116784073 | 48 | 2.28854 | 29
530250233568146 | 49 | 2.19812 | 19
1060500467136292 | 50 | 1.71564 | 15
2121000934272584 | 51 | 1.71564 | 15
4242001868545168 | 52 | 2.06482 | 10
4242001868545169 | 52 | 0.260927 | 5
1060500467136293 | 50 | 4.63978e-310 | 4
530250233568147 | 49 | 4.63978e-310 | 10
8285159899503 | 43 | 4.63978e-310 | 2
64727811715 | 36 | 4.63978e-310 | 8
1011372059 | 30 | 3.84985 | 22
2022744118 | 31 | 4.63978e-310 | 5
2022744119 | 31 | 2.91578 | 17
4045488238 | 32 | 2.91578 | 17
8090976477 | 33 | 2.91578 | 17
16181952954 | 34 | 2.91578 | 17
32363905908 | 35 | 2.91578 | 17
64727811816 | 36 | 4.63978e-310 | 1
64727811817 | 36 | 2.8206 | 16
129455623634 | 37 | 2.8206 | 16
258911247269 | 38 | 2.8206 | 16
517822494538 | 39 | 2.8206 | 16
1035644989076 | 40 | 2.8206 | 13
2071289978152 | 41 | 2.8206 | 13
4142579956304 | 42 | 2.8206 | 13
8285159912609 | 43 | 2.8206 | 13
16570319825218 | 44 | 1.66768 | 2
16570319825219 | 44 | 2.13168 | 11
33140639650438 | 45 | 2.24411 | 7
33140639650439 | 45 | 0.0507039 | 4
1035644989077 | 40 | 4.63978e-310 | 3
31605377 | 25 | 7.96839 | 101
63210754 | 26 | 6.72776 | 66
126421508 | 27 | 5.14597 | 30
252843016 | 28 | 4.49971 | 23
505686032 | 29 | 4.49971 | 23
1011372064 | 30 | 4.49971 | 23
2022744128 | 31 | 4.49971 | 23
4045488257 | 32 | 4.49971 | 23
8090976514 | 33 | 4.49971 | 23
16181953028 | 34 | 4.49971 | 23
32363906057 | 35 | 4.49971 | 23
64727812114 | 36 | 4.49971 | 23
129455624228 | 37 | 0.132914 | 2
129455624229 | 37 | 3.53898 | 21
258911248458 | 38 | 3.53898 | 21
517822496917 | 39 | 3.53898 | 21
1035644993834 | 40 | 1.47482 | 1
1035644993835 | 40 | 2.72548 | 20
2071289987670 | 41 | 2.49734 | 3
2071289987671 | 41 | 2.72548 | 17
4142579975342 | 42 | 2.72548 | 17
8285159950684 | 43 | 2.72548 | 17
16570319901368 | 44 | 2.72548 | 17
33140639802736 | 45 | 2.24231 | 7
33140639802737 | 45 | 4.63978e-310 | 10
252843017 | 28 | 4.63978e-310 | 7
126421509 | 27 | 6.05631 | 36
252843018 | 28 | 6.05631 | 36
505686037 | 29 | 6.05631 | 36
1011372075 | 30 | 6.05631 | 36
2022744150 | 31 | 6.05631 | 36
4045488301 | 32 | 6.05631 | 36
8090976602 | 33 | 6.05631 | 36
16181953204 | 34 | 6.05631 | 36
32363906409 | 35 | 6.05631 | 36
64727812819 | 36 | 6.05631 | 36
129455625638 | 37 | 4.63978e-310 | 1
129455625639 | 37 | 5.66657 | 35
258911251278 | 38 | 5.39619 | 31
517822502556 | 39 | 5.23519 | 26
1035645005112 | 40 | 5.21954 | 24
2071290010225 | 41 | 5.21954 | 24
4142580020451 | 42 | 5.21954 | 24
8285160040902 | 43 | 4.63978e-310 | 5
8285160040903 | 43 | 3.37726 | 19
16570320081806 | 44 | 3.37726 | 19
33140640163612 | 45 | 0 | 4
33140640163613 | 45 | 2.25883 | 15
66281280327227 | 46 | 2.25883 | 15
132562560654454 | 47 | 0.202553 | 8
132562560654455 | 47 | 0.950751 | 7
1035645005113 | 40 | 4.63978e-310 | 2
517822502557 | 39 | 4.63978e-310 | 5
258911251279 | 38 | 4.63978e-310 | 4
63210755 | 26 | 5.51803 | 35
126421510 | 27 | 5.51803 | 35
252843020 | 28 | 5.04691 | 29
505686040 | 29 | 5.04691 | 29
1011372080 | 30 | 4.65846 | 27
2022744160 | 31 | 4.65846 | 27
4045488320 | 32 | 4.65846 | 27
8090976641 | 33 | 4.65846 | 27
16181953282 | 34 | 4.63978e-310 | 8
16181953283 | 34 | 2.38373 | 19
32363906566 | 35 | 2.38373 | 19
64727813132 | 36 | 2.38373 | 19
129455626264 | 37 | 2.38373 | 19
258911252528 | 38 | 0.505204 | 8
258911252529 | 38 | 2.27053 | 11
517822505058 | 39 | 2.27053 | 11
1035645010117 | 40 | 2.27053 | 11
2071290020235 | 41 | 2.27053 | 11
4142580040470 | 42 | 2.27053 | 11
8285160080940 | 43 | 2.27053 | 11
16570320161881 | 44 | 2.27053 | 11
33140640323763 | 45 | 2.27053 | 11
66281280647526 | 46 | 2.27053 | 11
132562561295053 | 47 | 2.27053 | 11
265125122590106 | 48 | 2.27053 | 11
530250245180212 | 49 | 0.615512 | 3
530250245180213 | 49 | 0.704025 | 8
1011372081 | 30 | 4.63978e-310 | 2
252843021 | 28 | 4.63978e-310 | 6
987669 | 20 | 8.11274 | 60
1975338 | 21 | 8.11274 | 60
3950676 | 22 | 8.11274 | 60
7901352 | 23 | 5.03969 | 20
15802705 | 24 | 5.03969 | 20
31605410 | 25 | 4.38595 | 14
63210820 | 26 | 4.38595 | 14
126421641 | 27 | 4.38595 | 14
252843282 | 28 | 4.63978e-310 | 3
252843283 | 28 | 1.55757 | 11
505686566 | 29 | 1.55757 | 11
1011373132 | 30 | 1.55757 | 11
2022746264 | 31 | 1.55757 | 11
4045492529 | 32 | 1.55757 | 11
8090985058 | 33 | 1.55757 | 11
16181970116 | 34 | 0.718857 | 7
16181970117 | 34 | 0.227505 | 4
31605411 | 25 | 4.63978e-310 | 6
7901353 | 23 | 7.96589 | 40
15802707 | 24 | 7.96589 | 40
31605415 | 25 | 7.96589 | 40
63210831 | 26 | 7.96589 | 40
126421663 | 27 | 7.96589 | 40
252843326 | 28 | 7.95823 | 39
505686652 | 29 | 7.95823 | 39
1011373304 | 30 | 7.95823 | 39
2022746608 | 31 | 7.95823 | 39
4045493217 | 32 | 7.95823 | 39
8090986434 | 33 | 7.95823 | 39
16181972868 | 34 | 3.29141 | 21
32363945737 | 35 | 3.29141 | 21
64727891474 | 36 | 3.29141 | 21
129455782948 | 37 | 0.699659 | 5
129455782949 | 37 | 2.77089 | 16
258911565898 | 38 | 0.0630733 | 9
258911565899 | 38 | 0.893208 | 7
16181972869 | 34 | 2.95987 | 18
32363945738 | 35 | 4.63978e-310 | 5
32363945739 | 35 | 2.75863 | 13
64727891478 | 36 | 2.07499 | 11
129455782956 | 37 | 1.61167 | 5
129455782957 | 37 | 2.38831 | 6
64727891479 | 36 | 4.63978e-310 | 2
252843327 | 28 | 4.63978e-310 | 1
493835 | 19 | 9.58592 | 12
987670 | 20 | 4.63978e-310 | 3
987671 | 20 | 4.63978e-310 | 9
123459 | 17 | 10.4088 | 89
246919 | 18 | 10.4088 | 89
493838 | 19 | 8.85237 | 78
987676 | 20 | 8.85237 | 78
1975353 | 21 | 8.85237 | 78
3950707 | 22 | 8.85237 | 78
7901414 | 23 | 8.85237 | 78
15802828 | 24 | 8.85237 | 78
31605656 | 25 | 8.85237 | 78
63211312 | 26 | 8.85237 | 78
126422624 | 27 | 8.85237 | 78
252845248 | 28 | 6.10196 | 48
505690497 | 29 | 6.10196 | 48
1011380995 | 30 | 6.10196 | 48
2022761990 | 31 | 5.7587 | 38
4045523980 | 32 | 5.7587 | 38
8091047960 | 33 | 19.4191 | 1
8091047961 | 33 | 5.55422 | 37
16182095922 | 34 | 0.330317 | 3
16182095923 | 34 | 5.55422 | 34
32364191847 | 35 | 5.55422 | 34
64728383695 | 36 | 5.55422 | 34
129456767391 | 37 | 5.55422 | 34
258913534782 | 38 | 4.61402 | 3
258913534783 | 38 | 4.73578 | 31
517827069567 | 39 | 4.73578 | 31
1035654139134 | 40 | 4.73578 | 31
2071308278268 | 41 | 4.73578 | 31
4142616556536 | 42 | 4.73578 | 31
8285233113073 | 43 | 4.73578 | 31
16570466226147 | 44 | 4.73578 | 31
33140932452294 | 45 | 1.94545 | 11
66281864904588 | 46 | 1.94545 | 11
132563729809176 | 47 | 1.94545 | 11
265127459618352 | 48 | 5.48813 | 7
265127459618353 | 48 | 4.82265 | 4
33140932452295 | 45 | 2.81482 | 20
66281864904591 | 46 | 2.81482 | 20
132563729809183 | 47 | 2.81482 | 20
265127459618366 | 48 | 0.287941 | 6
265127459618367 | 48 | 2.30032 | 14
530254919236735 | 49 | 2.30032 | 14
1060509838473471 | 50 | 2.30032 | 14
2121019676946942 | 51 | 21.2396 | 4
2121019676946943 | 51 | 0.034538 | 10
2022761991 | 31 | 4.63978e-310 | 10
252845249 | 28 | 4.18727 | 30
505690498 | 29 | 4.18727 | 30
1011380996 | 30 | 0 | 1
1011380997 | 30 | 4.18727 | 29
2022761994 | 31 | 4.18727 | 29
4045523988 | 32 | 4.18727 | 29
8091047976 | 33 | 4.18727 | 29
16182095952 | 34 | 4.63978e-310 | 4
16182095953 | 34 | 4.01584 | 25
32364191907 | 35 | 4.01584 | 25
64728383814 | 36 | 4.63978e-310 | 4
64728383815 | 36 | 3.34603 | 21
129456767630 | 37 | 3.34603 | 21
258913535261 | 38 | 3.34603 | 21
517827070522 | 39 | 3.34603 | 21
1035654141044 | 40 | 4.63978e-310 | 4
1035654141045 | 40 | 2.96381 | 17
2071308282090 | 41 | 0.96979 | 4
2071308282091 | 41 | 1.79 | 13
4142616564182 | 42 | 1.79 | 13
8285233128364 | 43 | 1.79 | 13
16570466256728 | 44 | 4.74657 | 3
16570466256729 | 44 | 4.63978e-310 | 10
493839 | 19 | 2.89082 | 11
987678 | 20 | 2.89082 | 11
1975356 | 21 | 4.63978e-310 | 5
1975357 | 21 | 4.63978e-310 | 6
30865 | 15 | 12.6955 | 221
61730 | 16 | 4.63978e-310 | 6
61731 | 16 | 12.3377 | 215
123463 | 17 | 12.3377 | 215
246926 | 18 | 12.3377 | 213
493852 | 19 | 11.9402 | 209
987704 | 20 | 11.9402 | 209
1975409 | 21 | 11.9402 | 209
3950819 | 22 | 11.9402 | 209
7901638 | 23 | 11.9402 | 209
15803276 | 24 | 11.9402 | 175
31606552 | 25 | 11.9402 | 175
63213105 | 26 | 11.9402 | 175
126426210 | 27 | 11.9402 | 175
252852420 | 28 | 11.9402 | 175
505704840 | 29 | 11.9402 | 175
1011409681 | 30 | 11.9402 | 175
2022819362 | 31 | 11.9402 | 175
4045638724 | 32 | 11.9402 | 175
8091277448 | 33 | 11.9402 | 175
16182554897 | 34 | 11.9402 | 175
32365109794 | 35 | 11.9402 | 175
64730219588 | 36 | 0.0624312 | 3
64730219589 | 36 | 11.5485 | 172
129460439179 | 37 | 11.5485 | 172
258920878359 | 38 | 11.5485 | 172
517841756719 | 39 | 11.5485 | 172
1035683513438 | 40 | 9.28548 | 95
2071367026876 | 41 | 6.40176 | 43
4142734053753 | 42 | 6.40176 | 43
8285468107506 | 43 | 1.63042e-322 | 2
8285468107507 | 43 | 5.73976 | 41
16570936215014 | 44 | 5.73976 | 41
33141872430028 | 45 | 5.73976 | 41
66283744860056 | 46 | 5.73976 | 41
132567489720112 | 47 | 0.0080823 | 1
132567489720113 | 47 | 5.69052 | 40
265134979440226 | 48 | 5.69052 | 40
530269958880452 | 49 | 3.04719 | 6
530269958880453 | 49 | 4.79073 | 34
1060539917760906 | 50 | 4.79073 | 34
2121079835521812 | 51 | 4.79073 | 34
4242159671043624 | 52 | 3.07795 | 24
8484319342087248 | 53 | 14.5815 | 5
8484319342087249 | 53 | 2.62914 | 19
16968638684174498 | 54 | 2.62914 | 19
33937277368348997 | 55 | 2.62914 | 19
67874554736697994 | 56 | 2.62914 | 19
135749109473395988 | 57 | 2.62914 | 19
271498218946791977 | 58 | 2.62914 | 19
542996437893583954 | 59 | 2.62914 | 19
1085992875787167908 | 60 | 2.62914 | 19
2171985751574335817 | 61 | 2.62914 | 19
4343971503148671634 | 62 | 2.62914 | 19
8687943006297343268 | 63 | 4.63978e-310 | 6
8687943006297343269 | 63 | 2.3973 | 13
-1070858061114865077 | 64 | 2.3973 | 13
-2141716122229730154 | 65 | 2.3973 | 13
-4283432244459460307 | 66 | 2.3973 | 13
-8566864488918920614 | 67 | 2.3973 | 12
1313015095871710388 | 68 | 2.3973 | 12
2626030191743420777 | 69 | 2.3973 | 12
5252060383486841554 | 70 | 2.3973 | 12
-7942623306735868508 | 71 | 5.14247 | 6
-7942623306735868507 | 71 | 2.74505 | 6
-8566864488918920613 | 67 | 4.63978e-310 | 1
4242159671043625 | 52 | 4.63978e-310 | 10
2071367026877 | 41 | 6.5619 | 52
4142734053754 | 42 | 6.5619 | 52
8285468107508 | 43 | 6.5619 | 52
16570936215016 | 44 | 6.5619 | 52
33141872430032 | 45 | 6.5619 | 52
66283744860064 | 46 | 6.15487 | 49
132567489720128 | 47 | 5.87702 | 42
265134979440256 | 48 | 5.87702 | 42
530269958880512 | 49 | 3.91733 | 37
1060539917761024 | 50 | 3.91733 | 37
2121079835522048 | 51 | 3.91733 | 37
4242159671044096 | 52 | 3.41065 | 29
8484319342088192 | 53 | 2.92612 | 25
16968638684176385 | 54 | 2.92612 | 25
33937277368352771 | 55 | 2.92612 | 25
67874554736705542 | 56 | 2.92612 | 25
135749109473411085 | 57 | 2.92612 | 25
271498218946822171 | 58 | 2.92612 | 25
542996437893644342 | 59 | 2.92612 | 25
1085992875787288684 | 60 | 2.92612 | 25
2171985751574577368 | 61 | 2.92612 | 25
4343971503149154737 | 62 | 2.92612 | 25
8687943006298309474 | 63 | 1.87055 | 19
-1070858061112932668 | 64 | 6.90513e-310 | 2
-1070858061112932667 | 64 | 1.87055 | 17
-2141716122225865334 | 65 | 4.63978e-310 | 9
-2141716122225865333 | 65 | 2.37152e-322 | 8
8687943006298309475 | 63 | 4.63978e-310 | 6
8484319342088193 | 53 | 4.63978e-310 | 4
4242159671044097 | 52 | 4.63978e-310 | 8
530269958880513 | 49 | 4.63978e-310 | 5
132567489720129 | 47 | 4.63978e-310 | 7
66283744860065 | 46 | 4.63978e-310 | 3
1035683513439 | 40 | 8.19564 | 77
2071367026878 | 41 | 3.00083 | 24
4142734053756 | 42 | 3.00083 | 16
8285468107513 | 43 | 3.00083 | 16
16570936215026 | 44 | 4.63978e-310 | 3
16570936215027 | 44 | 2.42616 | 13
33141872430054 | 45 | 2.42616 | 13
66283744860108 | 46 | 2.42616 | 13
132567489720216 | 47 | 2.42616 | 13
265134979440432 | 48 | 2.42616 | 13
530269958880864 | 49 | 2.42616 | 13
1060539917761728 | 50 | 2.42616 | 12
2121079835523457 | 51 | 2.42616 | 12
4242159671046914 | 52 | 2.15465 | 11
8484319342093829 | 53 | 2.15465 | 11
16968638684187659 | 54 | 2.15465 | 11
33937277368375318 | 55 | 5.29146 | 6
33937277368375319 | 55 | 2.92262 | 5
4242159671046915 | 52 | 4.63978e-310 | 1
1060539917761729 | 50 | 4.63978e-310 | 1
4142734053757 | 42 | 4.63978e-310 | 8
2071367026879 | 41 | 5.50251 | 53
4142734053759 | 42 | 5.50251 | 53
8285468107519 | 43 | 5.50251 | 53
16570936215039 | 44 | 5.50251 | 53
33141872430078 | 45 | 5.50251 | 53
66283744860157 | 46 | 5.50251 | 53
132567489720314 | 47 | 2.83548 | 22
265134979440628 | 48 | 2.83548 | 22
530269958881256 | 49 | 0.219367 | 5
530269958881257 | 49 | 2.62872 | 17
1060539917762514 | 50 | 1.89229 | 12
2121079835525028 | 51 | 3.21143e-322 | 9
2121079835525029 | 51 | 3.21143e-322 | 3
1060539917762515 | 50 | 4.63978e-310 | 5
132567489720315 | 47 | 3.17425 | 31
265134979440630 | 48 | 4.63978e-310 | 1
265134979440631 | 48 | 2.93885 | 30
530269958881262 | 49 | 2.91497 | 14
1060539917762524 | 50 | 2.91497 | 14
2121079835525048 | 51 | 2.91497 | 14
4242159671050096 | 52 | 2.91497 | 14
8484319342100192 | 53 | 0.20742 | 1
8484319342100193 | 53 | 2.82073 | 13
16968638684200386 | 54 | 0.865918 | 1
16968638684200387 | 54 | 2.62174 | 12
33937277368400775 | 55 | 2.62174 | 12
67874554736801550 | 56 | 3.21143e-322 | 4
67874554736801551 | 56 | 3.58075 | 8
530269958881263 | 49 | 2.8086 | 16
1060539917762526 | 50 | 2.55633 | 15
2121079835525053 | 51 | 2.55633 | 15
4242159671050107 | 52 | 2.55633 | 15
8484319342100214 | 53 | 2.42092e-322 | 8
8484319342100215 | 53 | 0.295611 | 7
1060539917762527 | 50 | 4.63978e-310 | 1
15803277 | 24 | 4.1609 | 34
31606554 | 25 | 3.73865 | 28
63213109 | 26 | 3.73865 | 28
126426219 | 27 | 3.73865 | 28
252852438 | 28 | 3.73865 | 28
505704876 | 29 | 3.73865 | 28
1011409753 | 30 | 3.73865 | 28
2022819507 | 31 | 3.73865 | 28
4045639014 | 32 | 4.63978e-310 | 10
4045639015 | 32 | 2.35577 | 18
8091278030 | 33 | 2.35577 | 18
16182556061 | 34 | 2.35577 | 18
32365112122 | 35 | 1.7576 | 11
64730224244 | 36 | 5.54968 | 3
64730224245 | 36 | 4.63978e-310 | 8
32365112123 | 35 | 4.63978e-310 | 7
31606555 | 25 | 4.63978e-310 | 6
493853 | 19 | 4.63978e-310 | 4
246927 | 18 | 4.63978e-310 | 2
121 | 7 | 4.63978e-310 | 6
