ID | Depth | diameter | Number of points
0 | 0 | 29.316 | 1600
0 | 1 | 29.316 | 1600
0 | 2 | 26.0364 | 709
0 | 3 | 26.0364 | 709
0 | 4 | 6.14711 | 31
0 | 5 | 6.14711 | 31
0 | 6 | 4.63978e-310 | 4
1 | 6 | 4.86293 | 27
2 | 7 | 4.86293 | 27
4 | 8 | 4.62837 | 24
8 | 9 | 4.62837 | 24
16 | 10 | 4.62837 | 24
33 | 11 | 4.62837 | 24
66 | 12 | 3.6641 | 21
132 | 13 | 3.6641 | 21
264 | 14 | 3.6641 | 21
528 | 15 | 4.63978e-310 | 1
529 | 15 | 3.10683 | 20
1058 | 16 | 6.90513e-310 | 3
1059 | 16 | 2.83124 | 17
2119 | 17 | 2.83124 | 17
4239 | 18 | 2.83124 | 17
8479 | 19 | 2.83124 | 17
16958 | 20 | 4.63978e-310 | 5
16959 | 20 | 1.52409 | 12
33918 | 21 | 4.63978e-310 | 7
33919 | 21 | 4.63978e-310 | 5
67 | 12 | 1.01377 | 3
5 | 8 | 4.63978e-310 | 3
1 | 4 | 26.0364 | 678
2 | 5 | 18.5671 | 129
5 | 6 | 18.5671 | 129
10 | 7 | 12.3153 | 66
21 | 8 | 12.3153 | 66
42 | 9 | 9.05209 | 56
85 | 10 | 9.05209 | 56
171 | 11 | 9.05209 | 56
342 | 12 | 7.2397 | 34
685 | 13 | 7.2397 | 34
1370 | 14 | 7.2397 | 34
2740 | 15 | 4.41884 | 14
5480 | 16 | 4.41884 | 14
10960 | 17 | 4.41884 | 14
21920 | 18 | 4.41884 | 14
43840 | 19 | 4.41884 | 14
87681 | 20 | 4.41884 | 14
175362 | 21 | 1.63042e-322 | 4
175363 | 21 | 1.58101e-322 | 10
2741 | 15 | 3.07219 | 20
5483 | 16 | 3.07219 | 20
10967 | 17 | 3.07219 | 20
21934 | 18 | 3.07219 | 20
43868 | 19 | 3.07219 | 20
87736 | 20 | 3.07219 | 20
175472 | 21 | 3.07219 | 20
350944 | 22 | 1.96825 | 13
701889 | 23 | 1.96825 | 13
1403778 | 24 | 1.63042e-322 | 3
1403779 | 24 | 1.63042e-322 | 10
350945 | 22 | 1.63042e-322 | 7
343 | 12 | 3.18 | 22
686 | 13 | 3.18 | 22
1373 | 14 | 3.18 | 22
2746 | 15 | 3.18 | 22
5492 | 16 | 1.58101e-322 | 3
5493 | 16 | 2.45602 | 19
10986 | 17 | 2.45602 | 19
21973 | 18 | 2.45602 | 19
43946 | 19 | 1.63042e-322 | 10
43947 | 19 | 1.63042e-322 | 9
43 | 9 | 4.63978e-310 | 10
11 | 7 | 12.2277 | 63
23 | 8 | 12.2277 | 63
47 | 9 | 12.2277 | 63
95 | 10 | 12.2277 | 63
190 | 11 | 1.63042e-322 | 2
191 | 11 | 11.0272 | 61
382 | 12 | 1.58101e-322 | 8
383 | 12 | 9.69691 | 53
766 | 13 | 6.80199 | 44
1532 | 14 | 6.80199 | 44
3065 | 15 | 6.80199 | 44
6131 | 16 | 6.80199 | 44
12262 | 17 | 6.80199 | 44
24524 | 18 | 6.80199 | 44
49048 | 19 | 6.80199 | 44
98096 | 20 | 6.4741 | 37
196192 | 21 | 6.4741 | 37
392384 | 22 | 1.63042e-322 | 2
392385 | 22 | 6.17369 | 35
784770 | 23 | 6.17369 | 35
1569541 | 24 | 6.17369 | 35
3139082 | 25 | 1.58101e-322 | 2
3139083 | 25 | 5.75398 | 33
6278166 | 26 | 5.75398 | 31
12556332 | 27 | 5.75398 | 31
25112665 | 28 | 5.75398 | 31
50225331 | 29 | 5.75398 | 31
100450662 | 30 | 5.75398 | 31
200901324 | 31 | 1.58101e-322 | 8
200901325 | 31 | 4.87151 | 23
401802650 | 32 | 4.87151 | 23
803605301 | 33 | 4.87151 | 23
1607210603 | 34 | 4.87151 | 23
3214421207 | 35 | 4.87151 | 23
6428842415 | 36 | 4.87151 | 23
12857684831 | 37 | 4.87151 | 23
25715369662 | 38 | 4.87151 | 23
51430739324 | 39 | 1.58101e-322 | 5
51430739325 | 39 | 3.68405 | 18
102861478650 | 40 | 1.58101e-322 | 2
102861478651 | 40 | 3.5236 | 16
205722957302 | 41 | 3.5236 | 16
411445914604 | 42 | 3.5236 | 16
822891829208 | 43 | 2.8886 | 14
1645783658416 | 44 | 1.58101e-322 | 8
1645783658417 | 44 | 1.58101e-322 | 6
822891829209 | 43 | 1.58101e-322 | 2
6278167 | 26 | 1.58101e-322 | 2
98097 | 20 | 1.58101e-322 | 7
767 | 13 | 1.63042e-322 | 9
3 | 5 | 26.0364 | 549
6 | 6 | 26.0364 | 501
12 | 7 | 26.0364 | 501
24 | 8 | 26.0364 | 501
48 | 9 | 13.0213 | 227
96 | 10 | 13.0213 | 226
192 | 11 | 13.0213 | 195
385 | 12 | 13.0213 | 195
770 | 13 | 13.0213 | 191
1540 | 14 | 13.0213 | 191
3080 | 15 | 13.0213 | 191
6160 | 16 | 13.0213 | 191
12321 | 17 | 13.0213 | 191
24642 | 18 | 7.23807 | 66
49284 | 19 | 5.72757 | 63
98568 | 20 | 1.63042e-322 | 6
98569 | 20 | 5.45691 | 57
197138 | 21 | 3.19426 | 30
394276 | 22 | 2.97739 | 25
788552 | 23 | 2.97739 | 25
1577104 | 24 | 2.0657 | 11
3154208 | 25 | 2.0657 | 11
6308416 | 26 | 2.0657 | 11
12616832 | 27 | 2.0657 | 11
25233664 | 28 | 2.0657 | 11
50467328 | 29 | 2.0657 | 11
100934656 | 30 | 1.58101e-322 | 6
100934657 | 30 | 1.58101e-322 | 5
1577105 | 24 | 2.80134 | 14
3154211 | 25 | 2.80134 | 14
6308422 | 26 | 1.58101e-322 | 4
6308423 | 26 | 1.58101e-322 | 10
394277 | 22 | 1.58101e-322 | 5
197139 | 21 | 3.04584 | 27
394278 | 22 | 1.58101e-322 | 1
394279 | 22 | 3.04584 | 26
788559 | 23 | 3.04584 | 26
1577119 | 24 | 3.04584 | 26
3154238 | 25 | 3.04584 | 26
6308476 | 26 | 2.7002 | 23
12616953 | 27 | 2.7002 | 23
25233906 | 28 | 2.06616 | 12
50467813 | 29 | 2.06616 | 12
100935626 | 30 | 2.06616 | 12
201871253 | 31 | 2.06616 | 12
403742507 | 32 | 2.06616 | 12
807485014 | 33 | 1.58101e-322 | 8
807485015 | 33 | 1.58101e-322 | 4
25233907 | 28 | 1.7539 | 11
50467814 | 29 | 1.7539 | 11
100935629 | 30 | 1.7539 | 11
201871259 | 31 | 1.7539 | 11
403742519 | 32 | 1.7539 | 11
807485038 | 33 | 1.63042e-322 | 7
807485039 | 33 | 1.63042e-322 | 4
6308477 | 26 | 1.58101e-322 | 3
49285 | 19 | 1.58101e-322 | 3
24643 | 18 | 10.2658 | 125
49286 | 19 | 10.2658 | 125
98572 | 20 | 9.18685 | 67
197145 | 21 | 9.18685 | 67
394290 | 22 | 6.71953 | 50
788581 | 23 | 6.71953 | 50
1577162 | 24 | 3.00691 | 27
3154324 | 25 | 1.58101e-322 | 5
3154325 | 25 | 2.24497 | 22
6308651 | 26 | 2.24497 | 22
12617303 | 27 | 2.24497 | 22
25234607 | 28 | 2.24497 | 22
50469215 | 29 | 2.24497 | 22
100938430 | 30 | 2.24497 | 22
201876860 | 31 | 2.19608 | 18
403753720 | 32 | 4.63978e-310 | 5
403753721 | 32 | 1.38985 | 13
807507443 | 33 | 1.38985 | 13
1615014886 | 34 | 1.38985 | 13
3230029772 | 35 | 4.63978e-310 | 7
3230029773 | 35 | 4.63978e-310 | 6
201876861 | 31 | 4.63978e-310 | 4
1577163 | 24 | 5.01323 | 23
3154327 | 25 | 5.01323 | 23
6308655 | 26 | 5.01323 | 23
12617310 | 27 | 4.29301 | 13
25234620 | 28 | 3.80247 | 11
50469240 | 29 | 4.63978e-310 | 7
50469241 | 29 | 4.63978e-310 | 4
25234621 | 28 | 4.63978e-310 | 2
12617311 | 27 | 4.63978e-310 | 10
394291 | 22 | 3.96588 | 17
788583 | 23 | 3.96588 | 17
1577166 | 24 | 3.75893 | 15
3154332 | 25 | 3.75893 | 15
6308664 | 26 | 3.75893 | 15
12617328 | 27 | 3.34351 | 12
25234656 | 28 | 3.34351 | 12
50469313 | 29 | 3.34351 | 12
100938626 | 30 | 3.34351 | 12
201877253 | 31 | 3.34351 | 12
403754507 | 32 | 3.34351 | 12
807509014 | 33 | 4.63978e-310 | 2
807509015 | 33 | 4.63978e-310 | 10
12617329 | 27 | 4.63978e-310 | 3
1577167 | 24 | 4.63978e-310 | 2
98573 | 20 | 10.2658 | 58
197146 | 21 | 9.17376 | 21
394292 | 22 | 2.62178 | 14
788584 | 23 | 4.63978e-310 | 7
788585 | 23 | 4.63978e-310 | 7
394293 | 22 | 4.63978e-310 | 7
197147 | 21 | 8.57346 | 37
394294 | 22 | 8.57346 | 37
788589 | 23 | 8.57346 | 37
1577178 | 24 | 8.46357 | 29
3154356 | 25 | 0.52671 | 5
3154357 | 25 | 2.09746 | 24
6308714 | 26 | 0.461644 | 9
6308715 | 26 | 1.7805 | 15
12617430 | 27 | 1.48711 | 11
25234860 | 28 | 1.48711 | 11
50469720 | 29 | 1.48711 | 11
100939440 | 30 | 1.48711 | 11
201878881 | 31 | 1.48711 | 11
403757762 | 32 | 4.63978e-310 | 10
403757763 | 32 | 4.63978e-310 | 1
12617431 | 27 | 4.63978e-310 | 4
1577179 | 24 | 4.63978e-310 | 8
771 | 13 | 4.63978e-310 | 4
193 | 11 | 10.5734 | 31
386 | 12 | 8.41426 | 16
773 | 13 | 8.41426 | 16
1546 | 14 | 8.41426 | 16
3093 | 15 | 8.41426 | 16
6186 | 16 | 6.61542 | 14
12372 | 17 | 4.63978e-310 | 5
12373 | 17 | 4.63978e-310 | 9
6187 | 16 | 7.29977 | 2
387 | 12 | 8.25179 | 15
774 | 13 | 3.34992 | 4
775 | 13 | 4.80879 | 11
1551 | 14 | 4.80879 | 11
3103 | 15 | 4.80879 | 11
6207 | 16 | 4.80879 | 11
12414 | 17 | 4.80879 | 11
24829 | 18 | 4.80879 | 11
49659 | 19 | 4.80879 | 11
99318 | 20 | 4.80879 | 11
198636 | 21 | 2.37152e-322 | 7
198637 | 21 | 2.37152e-322 | 4
97 | 10 | 4.63978e-310 | 1
49 | 9 | 22.8393 | 274
98 | 10 | 15.1728 | 237
196 | 11 | 15.1728 | 237
393 | 12 | 15.1728 | 237
786 | 13 | 8.87241 | 77
1572 | 14 | 3.27422 | 3
1573 | 14 | 8.87241 | 74
3147 | 15 | 8.87241 | 74
6294 | 16 | 3.85673 | 17
12588 | 17 | 3.85673 | 17
25177 | 18 | 3.85673 | 17
50354 | 19 | 3.85673 | 17
100708 | 20 | 1.76591 | 9
100709 | 20 | 4.63978e-310 | 8
6295 | 16 | 8.87241 | 57
12591 | 17 | 8.87241 | 57
25182 | 18 | 8.87241 | 57
50364 | 19 | 5.33054 | 29
100729 | 20 | 5.33054 | 29
201458 | 21 | 3.19029 | 12
402917 | 22 | 3.19029 | 12
805834 | 23 | 0.645924 | 7
805835 | 23 | 0.0663609 | 5
201459 | 21 | 2.60462 | 17
402918 | 22 | 0.368413 | 2
402919 | 22 | 2.60462 | 15
805839 | 23 | 2.60462 | 15
1611678 | 24 | 0 | 1
1611679 | 24 | 2.28534 | 14
3223358 | 25 | 2.28534 | 14
6446716 | 26 | 4.63978e-310 | 3
6446717 | 26 | 2.0425 | 11
12893434 | 27 | 2.37152e-322 | 6
12893435 | 27 | 2.37152e-322 | 5
50365 | 19 | 5.40521 | 28
100731 | 20 | 5.40521 | 28
201462 | 21 | 3.50816 | 20
402924 | 22 | 2.37152e-322 | 5
402925 | 22 | 2.94235 | 15
805851 | 23 | 2.94235 | 15
1611702 | 24 | 2.94235 | 15
3223405 | 25 | 2.94235 | 15
6446810 | 26 | 2.94235 | 15
12893620 | 27 | 2.37152e-322 | 9
12893621 | 27 | 2.37152e-322 | 6
201463 | 21 | 4.63978e-310 | 8
787 | 13 | 10.6879 | 160
1574 | 14 | 10.6879 | 160
3148 | 15 | 10.6879 | 160
6296 | 16 | 10.6879 | 160
12593 | 17 | 10.6879 | 160
25186 | 18 | 10.6879 | 160
50372 | 19 | 2.58092 | 11
100745 | 20 | 2.58092 | 11
201491 | 21 | 2.58092 | 11
402983 | 22 | 2.58092 | 11
805966 | 23 | 2.58092 | 11
1611932 | 24 | 2.37152e-322 | 4
1611933 | 24 | 7.40669 | 7
50373 | 19 | 10.3648 | 149
100746 | 20 | 10.3648 | 149
201493 | 21 | 10.3648 | 149
402986 | 22 | 10.3648 | 149
805972 | 23 | 9.91936 | 30
1611944 | 24 | 3.84988 | 15
3223889 | 25 | 3.84988 | 15
6447778 | 26 | 3.84988 | 15
12895557 | 27 | 3.84988 | 15
25791114 | 28 | 0.652135 | 6
25791115 | 28 | 0.100753 | 9
1611945 | 24 | 6.25329 | 15
3223890 | 25 | 5.79416 | 14
6447780 | 26 | 5.62318 | 12
12895560 | 27 | 5.62318 | 12
25791120 | 28 | 5.62318 | 12
51582241 | 29 | 5.62318 | 12
103164483 | 30 | 5.62318 | 12
206328966 | 31 | 2.2477 | 2
206328967 | 31 | 0 | 10
6447781 | 26 | 4.63978e-310 | 2
3223891 | 25 | 4.63978e-310 | 1
805973 | 23 | 6.73382 | 119
1611947 | 24 | 6.73382 | 119
3223894 | 25 | 4.18371 | 27
6447789 | 26 | 4.18371 | 27
12895578 | 27 | 3.86562 | 21
25791157 | 28 | 3.86562 | 21
51582315 | 29 | 3.86562 | 21
103164630 | 30 | 0.76056 | 10
103164631 | 30 | 3.16428 | 11
206329262 | 31 | 0 | 8
206329263 | 31 | 0.062299 | 3
12895579 | 27 | 4.63978e-310 | 6
3223895 | 25 | 5.30442 | 92
6447790 | 26 | 5.30442 | 92
12895580 | 27 | 5.30442 | 92
25791160 | 28 | 5.30442 | 92
51582321 | 29 | 5.30442 | 92
103164642 | 30 | 5.30442 | 92
206329284 | 31 | 3.66601 | 31
412658568 | 32 | 1.875 | 22
825317136 | 33 | 1.875 | 22
1650634272 | 34 | 1.875 | 21
3301268545 | 35 | 1.875 | 21
6602537090 | 36 | 4.63978e-310 | 3
6602537091 | 36 | 1.62653 | 18
13205074182 | 37 | 1.62653 | 18
26410148364 | 38 | 1.62653 | 17
52820296729 | 39 | 1.62653 | 17
105640593459 | 40 | 1.62653 | 17
211281186919 | 41 | 1.62653 | 17
422562373838 | 42 | 1.62653 | 17
845124747676 | 43 | 1.62653 | 17
1690249495353 | 44 | 1.62653 | 17
3380498990706 | 45 | 1.62653 | 17
6760997981412 | 46 | 1.62653 | 17
13521995962824 | 47 | 1.16744 | 11
27043991925649 | 48 | 1.16744 | 11
54087983851298 | 49 | 1.16744 | 11
108175967702596 | 50 | 1.16744 | 11
216351935405193 | 51 | 1.16744 | 11
432703870810386 | 52 | 3.21143e-322 | 8
432703870810387 | 52 | 3.21143e-322 | 3
13521995962825 | 47 | 4.63978e-310 | 6
26410148365 | 38 | 4.63978e-310 | 1
1650634273 | 34 | 4.63978e-310 | 1
412658569 | 32 | 4.63978e-310 | 9
206329285 | 31 | 4.2293 | 61
412658571 | 32 | 4.2293 | 61
825317143 | 33 | 4.2293 | 61
1650634287 | 34 | 4.2293 | 61
3301268574 | 35 | 4.2293 | 61
6602537149 | 36 | 4.2293 | 61
13205074298 | 37 | 4.2293 | 61
26410148596 | 38 | 2.89974 | 39
52820297193 | 39 | 2.89974 | 39
105640594386 | 40 | 2.89974 | 39
211281188772 | 41 | 2.89974 | 39
422562377544 | 42 | 2.89974 | 39
845124755088 | 43 | 2.41295 | 30
1690249510176 | 44 | 2.09891 | 20
3380499020353 | 45 | 2.09891 | 20
6760998040706 | 46 | 2.09891 | 20
13521996081412 | 47 | 0.100554 | 1
13521996081413 | 47 | 2.0332 | 19
27043992162826 | 48 | 2.0332 | 19
54087984325653 | 49 | 2.0332 | 19
108175968651306 | 50 | 0.100252 | 6
108175968651307 | 50 | 1.63515 | 13
216351937302614 | 51 | 1.63515 | 13
432703874605229 | 52 | 1.63515 | 13
865407749210459 | 53 | 1.63515 | 13
1730815498420919 | 54 | 1.63515 | 13
3461630996841838 | 55 | 1.63515 | 13
6923261993683676 | 56 | 1.63515 | 13
13846523987367352 | 57 | 3.21143e-322 | 9
13846523987367353 | 57 | 3.21143e-322 | 4
1690249510177 | 44 | 4.63978e-310 | 10
845124755089 | 43 | 4.63978e-310 | 9
26410148597 | 38 | 2.21012 | 22
52820297195 | 39 | 2.21012 | 22
105640594390 | 40 | 2.21012 | 22
211281188780 | 41 | 4.63978e-310 | 8
211281188781 | 41 | 2.1355 | 14
422562377563 | 42 | 2.1355 | 14
845124755126 | 43 | 4.63978e-310 | 6
845124755127 | 43 | 4.63978e-310 | 8
99 | 10 | 10.5792 | 37
198 | 11 | 10.5792 | 37
397 | 12 | 10.5792 | 37
794 | 13 | 3.2312 | 24
1588 | 14 | 4.63978e-310 | 9
1589 | 14 | 1.73404 | 15
3178 | 15 | 4.63978e-310 | 4
3179 | 15 | 1.73404 | 11
6358 | 16 | 4.63978e-310 | 2
6359 | 16 | 4.63978e-310 | 9
795 | 13 | 8.83433 | 13
1590 | 14 | 8.83433 | 13
3180 | 15 | 3.54193 | 11
6361 | 16 | 3.54193 | 11
12722 | 17 | 3.54193 | 11
25444 | 18 | 3.21143e-322 | 4
25445 | 18 | 3.21143e-322 | 7
3181 | 15 | 4.63978e-310 | 2
7 | 6 | 13.2084 | 48
14 | 7 | 10.6725 | 41
28 | 8 | 10.6725 | 29
56 | 9 | 10.6725 | 29
112 | 10 | 7.81083 | 22
224 | 11 | 7.81083 | 22
449 | 12 | 7.81083 | 22
898 | 13 | 7.81083 | 22
1796 | 14 | 0 | 2
1797 | 14 | 7.15222 | 20
3595 | 15 | 7.15222 | 20
7191 | 16 | 7.15222 | 20
14382 | 17 | 0.17369 | 7
14383 | 17 | 5.73687 | 13
28767 | 18 | 5.73687 | 13
57534 | 19 | 5.73687 | 13
115069 | 20 | 5.73687 | 13
230138 | 21 | 5.73687 | 13
460276 | 22 | 5.73687 | 13
920553 | 23 | 5.73687 | 13
1841107 | 24 | 5.73687 | 13
3682215 | 25 | 5.73687 | 13
7364430 | 26 | 5.73687 | 13
14728861 | 27 | 5.73687 | 13
29457722 | 28 | 0.709117 | 4
29457723 | 28 | 0.508849 | 9
113 | 10 | 4.63978e-310 | 7
29 | 8 | 7.03317 | 12
59 | 9 | 7.03317 | 12
118 | 10 | 4.63978e-310 | 9
119 | 10 | 4.63978e-310 | 3
15 | 7 | 4.63978e-310 | 7
1 | 2 | 28.7302 | 891
2 | 3 | 28.7302 | 891
4 | 4 | 27.1722 | 761
8 | 5 | 27.1722 | 620
16 | 6 | 20.9053 | 456
32 | 7 | 20.4098 | 438
64 | 8 | 20.0279 | 316
129 | 9 | 20.0279 | 316
258 | 10 | 17.9711 | 215
517 | 11 | 17.9711 | 215
1034 | 12 | 14.7663 | 170
2069 | 13 | 14.7663 | 170
4138 | 14 | 14.7663 | 170
8277 | 15 | 14.7663 | 170
16555 | 16 | 14.7663 | 170
33111 | 17 | 14.7663 | 170
66222 | 18 | 7.71805 | 62
132445 | 19 | 7.71805 | 62
264890 | 20 | 7.71805 | 62
529780 | 21 | 7.71805 | 62
1059561 | 22 | 7.71805 | 62
2119123 | 23 | 7.71805 | 62
4238246 | 24 | 7.71805 | 61
8476493 | 25 | 7.71805 | 61
16952986 | 26 | 5.19271 | 27
33905973 | 27 | 5.19271 | 27
67811947 | 28 | 5.19271 | 27
135623895 | 29 | 5.19271 | 27
271247791 | 30 | 5.19271 | 27
542495582 | 31 | 4.68785 | 23
1084991164 | 32 | 8.04995 | 9
1084991165 | 32 | 4.68785 | 14
2169982330 | 33 | 4.68785 | 14
4339964660 | 34 | 0.848595 | 8
4339964661 | 34 | 0.765166 | 6
542495583 | 31 | 4.63978e-310 | 4
16952987 | 26 | 7.71805 | 34
33905975 | 27 | 7.71805 | 34
67811950 | 28 | 3.63829 | 11
135623901 | 29 | 3.63829 | 11
271247802 | 30 | 3.63829 | 11
542495604 | 31 | 3.63829 | 11
1084991209 | 32 | 3.63829 | 11
2169982418 | 33 | 9.4031 | 5
2169982419 | 33 | 7.33316 | 6
67811951 | 28 | 3.94925 | 23
135623903 | 29 | 3.94925 | 23
271247806 | 30 | 3.94925 | 23
542495612 | 31 | 3.94925 | 23
1084991225 | 32 | 3.94925 | 23
2169982450 | 33 | 3.94925 | 23
4339964900 | 34 | 3.94925 | 23
8679929801 | 35 | 3.94925 | 23
17359859603 | 36 | 3.94925 | 23
34719719207 | 37 | 3.94925 | 23
69439438415 | 38 | 3.94925 | 23
138878876831 | 39 | 3.94925 | 23
277757753663 | 40 | 3.94925 | 23
555515507326 | 41 | 0.479626 | 2
555515507327 | 41 | 3.94925 | 21
1111031014654 | 42 | 3.94925 | 21
2222062029309 | 43 | 3.94925 | 21
4444124058618 | 44 | 3.94925 | 21
8888248117237 | 45 | 3.94925 | 21
17776496234474 | 46 | 0.360004 | 6
17776496234475 | 46 | 2.64416 | 15
35552992468951 | 47 | 2.64416 | 15
71105984937903 | 48 | 2.64416 | 15
142211969875807 | 49 | 2.64416 | 15
284423939751614 | 50 | 2.64416 | 14
568847879503229 | 51 | 2.64416 | 14
1137695759006458 | 52 | 0 | 8
1137695759006459 | 52 | 4.63978e-310 | 6
284423939751615 | 50 | 4.63978e-310 | 1
4238247 | 24 | 4.63978e-310 | 1
66223 | 18 | 11.3632 | 108
132446 | 19 | 11.3632 | 108
264892 | 20 | 10.7725 | 50
529784 | 21 | 8.58518 | 30
1059568 | 22 | 5.86856 | 25
2119137 | 23 | 5.86856 | 25
4238274 | 24 | 5.28407 | 23
8476549 | 25 | 5.28407 | 23
16953098 | 26 | 0 | 3
16953099 | 26 | 5.28407 | 20
33906198 | 27 | 2.8957 | 13
67812396 | 28 | 2.8957 | 13
135624792 | 29 | 0 | 2
135624793 | 29 | 2.8957 | 11
271249586 | 30 | 0.495445 | 5
271249587 | 30 | 0.125228 | 6
33906199 | 27 | 4.63978e-310 | 7
4238275 | 24 | 4.63978e-310 | 2
1059569 | 22 | 4.63978e-310 | 5
529785 | 21 | 3.00231 | 20
1059570 | 22 | 3.00231 | 20
2119140 | 23 | 3.00231 | 20
4238280 | 24 | 3.00231 | 20
8476560 | 25 | 3.00231 | 20
16953120 | 26 | 3.00231 | 20
33906240 | 27 | 3.00231 | 20
67812480 | 28 | 3.00231 | 20
135624960 | 29 | 6.4687 | 3
135624961 | 29 | 3.00231 | 17
271249922 | 30 | 3.00231 | 17
542499845 | 31 | 3.00231 | 17
1084999691 | 32 | 3.00231 | 17
2169999382 | 33 | 3.00231 | 17
4339998764 | 34 | 4.63978e-310 | 9
4339998765 | 34 | 3.21143e-322 | 8
264893 | 20 | 10.8692 | 58
529786 | 21 | 7.8329 | 24
1059573 | 22 | 7.8329 | 24
2119146 | 23 | 7.8329 | 20
4238293 | 24 | 7.8329 | 20
8476587 | 25 | 7.8329 | 20
16953175 | 26 | 7.8329 | 20
33906350 | 27 | 7.8329 | 19
67812700 | 28 | 3.53506 | 16
135625400 | 29 | 3.53506 | 16
271250800 | 30 | 1.38408 | 7
271250801 | 30 | 1.05673 | 9
67812701 | 28 | 0.522504 | 3
33906351 | 27 | 4.63978e-310 | 1
2119147 | 23 | 4.63978e-310 | 4
529787 | 21 | 4.47187 | 34
1059575 | 22 | 4.47187 | 34
2119151 | 23 | 4.47187 | 34
4238302 | 24 | 2.52698 | 19
8476604 | 25 | 2.51258 | 17
16953208 | 26 | 2.51258 | 17
33906416 | 27 | 6.84499 | 3
33906417 | 27 | 2.28428 | 14
67812835 | 28 | 2.28428 | 14
135625670 | 29 | 4.63978e-310 | 4
135625671 | 29 | 4.63978e-310 | 10
8476605 | 25 | 4.63978e-310 | 2
4238303 | 24 | 2.67997 | 15
8476607 | 25 | 2.67997 | 15
16953214 | 26 | 2.67997 | 15
33906428 | 27 | 5.92766 | 1
33906429 | 27 | 2.67997 | 14
67812858 | 28 | 2.67997 | 14
135625716 | 29 | 2.67997 | 14
271251432 | 30 | 0.70532 | 1
271251433 | 30 | 1.84189 | 13
542502866 | 31 | 1.41791 | 11
1085005733 | 32 | 1.41791 | 11
2170011467 | 33 | 1.41791 | 11
4340022934 | 34 | 1.41791 | 11
8680045868 | 35 | 6.29614 | 9
8680045869 | 35 | 2.55139 | 2
542502867 | 31 | 4.63978e-310 | 2
1035 | 12 | 3.78804 | 45
2070 | 13 | 3.78804 | 45
4141 | 14 | 3.78804 | 45
8283 | 15 | 3.78804 | 45
16567 | 16 | 3.78804 | 45
33134 | 17 | 3.78804 | 45
66269 | 18 | 3.78804 | 45
132538 | 19 | 4.63978e-310 | 2
132539 | 19 | 3.78804 | 43
265078 | 20 | 3.78804 | 43
530156 | 21 | 3.78804 | 43
1060313 | 22 | 3.78804 | 43
2120626 | 23 | 2.36895 | 20
4241253 | 24 | 2.36895 | 20
8482507 | 25 | 2.36895 | 20
16965014 | 26 | 2.36895 | 20
33930028 | 27 | 1.95054 | 18
67860056 | 28 | 1.95054 | 18
135720112 | 29 | 1.95054 | 18
271440225 | 30 | 1.95054 | 18
542880450 | 31 | 1.95054 | 18
1085760900 | 32 | 0.313626 | 1
1085760901 | 32 | 1.95054 | 17
2171521803 | 33 | 1.95054 | 17
4343043606 | 34 | 1.95054 | 17
8686087212 | 35 | 1.2718 | 11
17372174424 | 36 | 1.2718 | 11
34744348848 | 37 | 0.69379 | 10
34744348849 | 37 | 0.0999494 | 1
8686087213 | 35 | 4.63978e-310 | 6
33930029 | 27 | 4.63978e-310 | 2
2120627 | 23 | 3.44397 | 23
4241254 | 24 | 3.44397 | 23
8482508 | 25 | 4.63978e-310 | 8
8482509 | 25 | 2.89535 | 15
16965018 | 26 | 2.89535 | 15
33930036 | 27 | 2.89535 | 15
67860073 | 28 | 2.89535 | 15
135720146 | 29 | 0.200245 | 6
135720147 | 29 | 0.688717 | 9
259 | 10 | 20.0184 | 101
518 | 11 | 20.0184 | 101
1036 | 12 | 8.97009 | 14
2072 | 13 | 4.63978e-310 | 8
2073 | 13 | 4.63978e-310 | 6
1037 | 12 | 9.17692 | 87
2074 | 13 | 9.17692 | 87
4149 | 14 | 9.17692 | 87
8298 | 15 | 9.17692 | 87
16597 | 16 | 9.17692 | 87
33194 | 17 | 9.17692 | 87
66388 | 18 | 0.0231141 | 3
66389 | 18 | 8.90305 | 84
132779 | 19 | 8.90305 | 84
265559 | 20 | 8.90305 | 84
531118 | 21 | 8.90305 | 84
1062236 | 22 | 2.77904 | 44
2124472 | 23 | 3.33147 | 4
2124473 | 23 | 2.76935 | 40
4248946 | 24 | 1.74412 | 14
8497893 | 25 | 1.74412 | 14
16995787 | 26 | 1.74412 | 14
33991574 | 27 | 6.15461 | 9
33991575 | 27 | 47.6618 | 5
4248947 | 24 | 2.18106 | 26
8497895 | 25 | 2.18106 | 26
16995790 | 26 | 6.84625 | 5
16995791 | 26 | 2.07544 | 21
33991582 | 27 | 2.07544 | 21
67983164 | 28 | 2.07544 | 21
135966329 | 29 | 2.07544 | 21
271932658 | 30 | 0.716689 | 6
271932659 | 30 | 2.07544 | 15
543865318 | 31 | 1.28952 | 7
543865319 | 31 | 0.0361934 | 8
1062237 | 22 | 6.68131 | 40
2124474 | 23 | 6.68131 | 40
4248948 | 24 | 6.68131 | 40
8497896 | 25 | 3.75108 | 15
16995792 | 26 | 3.75108 | 15
33991585 | 27 | 3.75108 | 15
67983170 | 28 | 3.75108 | 15
135966340 | 29 | 3.75108 | 15
271932681 | 30 | 3.75108 | 15
543865362 | 31 | 0.190306 | 7
543865363 | 31 | 0.729232 | 8
8497897 | 25 | 3.42973 | 25
16995794 | 26 | 2.37174 | 18
33991588 | 27 | 2.37174 | 13
67983176 | 28 | 2.37174 | 13
135966352 | 29 | 2.37174 | 13
271932704 | 30 | 1.9257 | 2
271932705 | 30 | 2.37174 | 11
543865410 | 31 | 0.304457 | 4
543865411 | 31 | 0.378263 | 7
33991589 | 27 | 4.63978e-310 | 5
16995795 | 26 | 4.63978e-310 | 7
65 | 8 | 15.9997 | 122
131 | 9 | 15.9997 | 122
262 | 10 | 15.9997 | 122
524 | 11 | 15.9997 | 122
1048 | 12 | 13.9924 | 118
2097 | 13 | 13.9924 | 118
4195 | 14 | 13.9924 | 118
8391 | 15 | 13.9924 | 118
16782 | 16 | 3.13488 | 13
33564 | 17 | 3.13488 | 13
67129 | 18 | 3.13488 | 13
134258 | 19 | 3.13488 | 13
268516 | 20 | 0.1378 | 10
268517 | 20 | 1.32342 | 3
16783 | 16 | 13.8445 | 105
33567 | 17 | 13.8445 | 105
67134 | 18 | 13.3499 | 103
134269 | 19 | 13.3499 | 103
268538 | 20 | 13.3499 | 103
537076 | 21 | 11.0591 | 82
1074152 | 22 | 11.0591 | 82
2148305 | 23 | 11.0591 | 82
4296610 | 24 | 5.50341 | 30
8593220 | 25 | 5.50341 | 30
17186440 | 26 | 5.50341 | 30
34372881 | 27 | 5.50341 | 30
68745762 | 28 | 0.706915 | 10
68745763 | 28 | 3.26311 | 20
137491526 | 29 | 1.96789 | 2
137491527 | 29 | 2.57705 | 18
274983054 | 30 | 2.57705 | 18
549966108 | 31 | 2.57705 | 18
1099932217 | 32 | 2.57705 | 18
2199864434 | 33 | 2.57705 | 18
4399728868 | 34 | 0 | 5
4399728869 | 34 | 2.07941 | 13
8799457738 | 35 | 0 | 7
8799457739 | 35 | 0.0137823 | 6
4296611 | 24 | 10.9545 | 52
8593222 | 25 | 7.94225 | 47
17186445 | 26 | 7.94225 | 47
34372890 | 27 | 5.49203 | 28
68745780 | 28 | 3.20469 | 20
137491560 | 29 | 0.689514 | 6
137491561 | 29 | 2.80724 | 14
274983122 | 30 | 2.80724 | 14
549966244 | 31 | 2.80724 | 14
1099932488 | 32 | 2.80724 | 14
2199864976 | 33 | 2.80724 | 14
4399729953 | 34 | 2.80724 | 14
8799459906 | 35 | 2.71215 | 11
17598919812 | 36 | 0.0991802 | 5
17598919813 | 36 | 0.0264598 | 6
8799459907 | 35 | 0.147287 | 3
68745781 | 28 | 4.63978e-310 | 8
34372891 | 27 | 7.94225 | 19
68745783 | 28 | 7.94225 | 19
137491567 | 29 | 7.94225 | 19
274983134 | 30 | 2.82766 | 16
549966268 | 31 | 2.82766 | 16
1099932537 | 32 | 2.82766 | 16
2199865074 | 33 | 0.0704597 | 5
2199865075 | 33 | 2.80212 | 11
4399730150 | 34 | 2.80212 | 11
8799460300 | 35 | 0.916898 | 5
8799460301 | 35 | 1.60803 | 6
274983135 | 30 | 4.63978e-310 | 3
8593223 | 25 | 4.63978e-310 | 5
537077 | 21 | 5.26357 | 21
1074154 | 22 | 4.63978e-310 | 9
1074155 | 22 | 3.61579 | 12
2148310 | 23 | 3.61579 | 12
4296620 | 24 | 4.63978e-310 | 10
4296621 | 24 | 4.63978e-310 | 2
67135 | 18 | 4.63978e-310 | 2
1049 | 12 | 4.63978e-310 | 4
33 | 7 | 3.25709 | 18
66 | 8 | 3.25709 | 18
133 | 9 | 3.25709 | 18
267 | 10 | 3.25709 | 18
534 | 11 | 2.98929 | 17
1069 | 12 | 2.98929 | 17
2138 | 13 | 2.98929 | 17
4277 | 14 | 2.98929 | 17
8554 | 15 | 2.98929 | 17
17108 | 16 | 2.98929 | 17
34216 | 17 | 0.0492924 | 7
34217 | 17 | 0.0244857 | 10
535 | 11 | 4.63978e-310 | 1
17 | 6 | 12.7269 | 164
34 | 7 | 4.63978e-310 | 4
35 | 7 | 11.2741 | 160
71 | 8 | 11.2741 | 160
142 | 9 | 11.2741 | 160
285 | 10 | 11.2741 | 160
571 | 11 | 11.2741 | 160
1142 | 12 | 8.92461 | 141
2285 | 13 | 8.92461 | 141
4571 | 14 | 8.92461 | 141
9143 | 15 | 8.92461 | 141
18286 | 16 | 7.09599 | 118
36572 | 17 | 0 | 1
36573 | 17 | 7.09599 | 117
73146 | 18 | 7.09599 | 117
146293 | 19 | 7.09599 | 117
292587 | 20 | 7.09599 | 117
585174 | 21 | 7.09599 | 117
1170348 | 22 | 6.22323 | 102
2340697 | 23 | 6.22323 | 102
4681395 | 24 | 6.22323 | 102
9362791 | 25 | 6.22323 | 102
18725582 | 26 | 6.22323 | 102
37451164 | 27 | 6.22323 | 102
74902328 | 28 | 6.22323 | 102
149804657 | 29 | 6.22323 | 102
299609314 | 30 | 6.22323 | 102
599218628 | 31 | 6.22323 | 102
1198437257 | 32 | 6.22323 | 102
2396874514 | 33 | 6.22323 | 102
4793749028 | 34 | 6.22323 | 102
9587498057 | 35 | 6.22323 | 102
19174996115 | 36 | 6.22323 | 102
38349992230 | 37 | 4.08097 | 43
76699984460 | 38 | 1.22151 | 5
76699984461 | 38 | 4.08097 | 38
153399968922 | 39 | 4.08097 | 38
306799937844 | 40 | 0.337868 | 7
306799937845 | 40 | 3.68901 | 31
613599875690 | 41 | 2.34172 | 19
1227199751380 | 42 | 2.34172 | 19
2454399502760 | 43 | 2.34172 | 19
4908799005520 | 44 | 2.34172 | 19
9817598011040 | 45 | 2.34172 | 19
19635196022081 | 46 | 2.34172 | 19
39270392044162 | 47 | 43.4925 | 1
39270392044163 | 47 | 2.34172 | 18
78540784088327 | 48 | 2.34172 | 18
157081568176654 | 49 | 2.34172 | 18
314163136353308 | 50 | 1.85253 | 12
628326272706617 | 51 | 1.85253 | 12
1256652545413234 | 52 | 0 | 3
1256652545413235 | 52 | 4.63978e-310 | 9
314163136353309 | 50 | 4.63978e-310 | 6
613599875691 | 41 | 2.00335 | 12
1227199751383 | 42 | 2.00335 | 12
2454399502766 | 43 | 4.63978e-310 | 9
2454399502767 | 43 | 4.63978e-310 | 3
38349992231 | 37 | 4.52963 | 59
76699984462 | 38 | 2.75044 | 40
153399968925 | 39 | 2.75044 | 40
306799937850 | 40 | 2.28179 | 18
613599875701 | 41 | 2.28179 | 18
1227199751403 | 42 | 2.28179 | 18
2454399502806 | 43 | 1.34401 | 6
2454399502807 | 43 | 2.28179 | 12
4908799005615 | 44 | 2.28179 | 12
9817598011231 | 45 | 2.28179 | 12
19635196022462 | 46 | 2.28179 | 12
39270392044924 | 47 | 2.28179 | 12
78540784089849 | 48 | 2.28179 | 12
157081568179698 | 49 | 2.28179 | 12
314163136359397 | 50 | 2.28179 | 12
628326272718794 | 51 | 1.77746 | 8
628326272718795 | 51 | 1.85496 | 4
306799937851 | 40 | 2.41774 | 22
613599875703 | 41 | 2.41774 | 22
1227199751406 | 42 | 2.41774 | 22
2454399502812 | 43 | 2.41774 | 22
4908799005624 | 44 | 2.41774 | 22
9817598011248 | 45 | 2.12287 | 16
19635196022496 | 46 | 2.12287 | 16
39270392044992 | 47 | 1.76013 | 12
78540784089984 | 48 | 2.10974 | 5
78540784089985 | 48 | 0.673736 | 7
39270392044993 | 47 | 4.63978e-310 | 4
9817598011249 | 45 | 4.63978e-310 | 6
76699984463 | 38 | 2.39505 | 19
153399968927 | 39 | 2.39505 | 19
306799937854 | 40 | 2.39505 | 19
613599875708 | 41 | 1.88764 | 14
1227199751416 | 42 | 1.88764 | 14
2454399502832 | 43 | 1.88923 | 6
2454399502833 | 43 | 2.64246 | 8
613599875709 | 41 | 4.63978e-310 | 5
1170349 | 22 | 3.35579 | 15
2340699 | 23 | 3.35579 | 15
4681399 | 24 | 3.35579 | 15
9362798 | 25 | 3.35579 | 15
18725596 | 26 | 2.43408 | 12
37451192 | 27 | 2.43408 | 12
74902384 | 28 | 2.43408 | 12
149804769 | 29 | 2.43408 | 12
299609538 | 30 | 2.43408 | 12
599219077 | 31 | 2.43408 | 12
1198438154 | 32 | 3.40725 | 7
1198438155 | 32 | 1.7314 | 5
18725597 | 26 | 4.63978e-310 | 3
18287 | 16 | 4.21137 | 23
36575 | 17 | 4.21137 | 23
73151 | 18 | 4.21137 | 23
146303 | 19 | 4.21137 | 23
292606 | 20 | 4.21137 | 23
585212 | 21 | 4.63978e-310 | 2
585213 | 21 | 4.21137 | 21
1170427 | 22 | 4.21137 | 21
2340854 | 23 | 4.21137 | 21
4681708 | 24 | 4.21137 | 21
9363417 | 25 | 4.21137 | 21
18726834 | 26 | 3.49949 | 15
37453668 | 27 | 3.49949 | 15
74907337 | 28 | 3.49949 | 15
149814674 | 29 | 1.19655 | 1
149814675 | 29 | 2.362 | 14
299629350 | 30 | 2.362 | 14
599258700 | 31 | 2.12875 | 11
1198517400 | 32 | 1.69069 | 10
1198517401 | 32 | 2.44851 | 1
599258701 | 31 | 0.719876 | 3
18726835 | 26 | 4.63978e-310 | 6
1143 | 12 | 7.61024 | 19
2286 | 13 | 7.61024 | 19
4572 | 14 | 4.44811 | 13
9145 | 15 | 4.44811 | 13
18290 | 16 | 4.63978e-310 | 9
18291 | 16 | 4.63978e-310 | 4
4573 | 14 | 4.63978e-310 | 6
9 | 5 | 20.7788 | 141
19 | 6 | 20.7788 | 141
38 | 7 | 4.63978e-310 | 6
39 | 7 | 20.7788 | 135
78 | 8 | 20.7788 | 135
156 | 9 | 16.109 | 104
312 | 10 | 16.109 | 104
624 | 11 | 12.8865 | 78
1248 | 12 | 12.8491 | 71
2496 | 13 | 12.8491 | 71
4992 | 14 | 12.8491 | 57
9984 | 15 | 12.8491 | 57
19968 | 16 | 3.07827 | 19
39936 | 17 | 1.54822 | 15
79873 | 18 | 1.54822 | 15
159746 | 19 | 1.54822 | 15
319492 | 20 | 4.63978e-310 | 3
319493 | 20 | 1.47196 | 12
638986 | 21 | 1.47196 | 12
1277972 | 22 | 1.47196 | 12
2555945 | 23 | 1.47196 | 12
5111890 | 24 | 1.47196 | 12
10223781 | 25 | 1.47196 | 12
20447562 | 26 | 1.47196 | 12
40895124 | 27 | 23.7698 | 7
40895125 | 27 | 1.73291 | 5
39937 | 17 | 4.63978e-310 | 4
19969 | 16 | 10.9897 | 38
39939 | 17 | 10.9897 | 38
79879 | 18 | 10.9897 | 38
159758 | 19 | 4.63978e-310 | 3
159759 | 19 | 10.3484 | 35
319518 | 20 | 10.3484 | 35
639036 | 21 | 9.92366 | 34
1278072 | 22 | 9.92366 | 34
2556145 | 23 | 9.92366 | 34
5112290 | 24 | 9.92366 | 34
10224580 | 25 | 6.64738 | 17
20449160 | 26 | 1.25543 | 2
20449161 | 26 | 5.50028 | 15
40898323 | 27 | 5.50028 | 15
81796647 | 28 | 5.50028 | 15
163593295 | 29 | 5.50028 | 15
327186590 | 30 | 5.50028 | 15
654373180 | 31 | 4.61847 | 12
1308746360 | 32 | 4.61847 | 12
2617492720 | 33 | 4.61847 | 12
5234985440 | 34 | 2.76528 | 2
5234985441 | 34 | 4.63978e-310 | 10
654373181 | 31 | 4.63978e-310 | 3
10224581 | 25 | 5.49026 | 17
20449162 | 26 | 5.49026 | 17
40898325 | 27 | 5.49026 | 17
81796651 | 28 | 5.49026 | 17
163593303 | 29 | 5.49026 | 17
327186607 | 30 | 5.49026 | 17
654373214 | 31 | 3.08838 | 2
654373215 | 31 | 4.32761 | 15
1308746430 | 32 | 4.32761 | 15
2617492860 | 33 | 4.32761 | 15
5234985720 | 34 | 3.40571 | 13
10469971440 | 35 | 2.58675 | 6
10469971441 | 35 | 4.63978e-310 | 7
5234985721 | 34 | 4.63978e-310 | 2
639037 | 21 | 4.63978e-310 | 1
4993 | 14 | 7.4847 | 14
9986 | 15 | 7.4847 | 14
19972 | 16 | 4.63978e-310 | 10
19973 | 16 | 4.63978e-310 | 4
1249 | 12 | 4.63978e-310 | 7
625 | 11 | 11.6183 | 26
1250 | 12 | 11.6183 | 26
2500 | 13 | 11.6183 | 26
5000 | 14 | 11.6183 | 26
10001 | 15 | 11.6183 | 26
20002 | 16 | 11.6183 | 26
40005 | 17 | 11.6183 | 26
80011 | 18 | 11.6183 | 26
160023 | 19 | 11.6183 | 26
320047 | 20 | 11.6183 | 26
640094 | 21 | 9.33231 | 20
1280188 | 22 | 4.63978e-310 | 7
1280189 | 22 | 5.08221 | 13
2560379 | 23 | 5.08221 | 13
5120758 | 24 | 5.08221 | 13
10241516 | 25 | 0 | 8
10241517 | 25 | 7.64308 | 5
640095 | 21 | 4.63978e-310 | 6
157 | 9 | 7.39031 | 31
314 | 10 | 4.63978e-310 | 1
315 | 10 | 6.88082 | 30
630 | 11 | 6.544 | 29
1261 | 12 | 6.544 | 29
2523 | 13 | 6.544 | 29
5047 | 14 | 6.544 | 29
10095 | 15 | 6.544 | 29
20190 | 16 | 9.56902 | 5
20191 | 16 | 3.654 | 24
40383 | 17 | 3.654 | 24
80767 | 18 | 3.654 | 24
161534 | 19 | 3.259 | 12
323068 | 20 | 4.3133 | 9
323069 | 20 | 3.96633 | 3
161535 | 19 | 3.44045 | 12
323070 | 20 | 3.173 | 11
646140 | 21 | 6.17446 | 1
646141 | 21 | 8.19745 | 10
323071 | 20 | 4.63978e-310 | 1
631 | 11 | 4.63978e-310 | 1
5 | 4 | 21.8387 | 130
11 | 5 | 21.8387 | 130
22 | 6 | 4.63978e-310 | 4
23 | 6 | 18.7432 | 126
47 | 7 | 18.7432 | 126
94 | 8 | 18.7432 | 126
189 | 9 | 18.7432 | 126
379 | 10 | 18.7432 | 126
758 | 11 | 10.6564 | 64
1517 | 12 | 10.6564 | 64
3034 | 13 | 10.6564 | 64
6068 | 14 | 10.6564 | 64
12136 | 15 | 3.64907 | 11
24272 | 16 | 3.64907 | 11
48544 | 17 | 3.64907 | 11
97089 | 18 | 3.64907 | 11
194179 | 19 | 3.64907 | 11
388358 | 20 | 3.64907 | 11
776716 | 21 | 3.64907 | 11
1553432 | 22 | 3.64907 | 11
3106865 | 23 | 3.64907 | 11
6213730 | 24 | 3.64907 | 11
12427461 | 25 | 3.64907 | 11
24854922 | 26 | 33.1057 | 1
24854923 | 26 | 0 | 10
12137 | 15 | 9.73636 | 53
24274 | 16 | 9.73636 | 52
48549 | 17 | 9.73636 | 52
97098 | 18 | 4.98611 | 44
194196 | 19 | 4.98611 | 44
388392 | 20 | 2.8771 | 19
776785 | 21 | 2.8771 | 19
1553570 | 22 | 1.34337 | 12
3107140 | 23 | 1.28515 | 3
3107141 | 23 | 4.63978e-310 | 9
1553571 | 22 | 4.63978e-310 | 7
388393 | 20 | 3.75336 | 25
776786 | 21 | 0.286082 | 3
776787 | 21 | 3.39865 | 22
1553574 | 22 | 3.39865 | 22
3107148 | 23 | 2.07755 | 15
6214296 | 24 | 1.99574 | 14
12428592 | 25 | 1.99574 | 14
24857184 | 26 | 1.99574 | 14
49714368 | 27 | 1.99574 | 14
99428736 | 28 | 0.495388 | 1
99428737 | 28 | 1.85434 | 13
198857475 | 29 | 1.85434 | 13
397714950 | 30 | 1.85434 | 13
795429901 | 31 | 1.85434 | 13
1590859802 | 32 | 0.0447983 | 10
1590859803 | 32 | 8.27769 | 3
6214297 | 24 | 4.63978e-310 | 1
3107149 | 23 | 4.63978e-310 | 7
97099 | 18 | 4.63978e-310 | 8
24275 | 16 | 4.63978e-310 | 1
759 | 11 | 16.203 | 62
1518 | 12 | 13.1643 | 59
3036 | 13 | 13.1643 | 59
6072 | 14 | 13.1643 | 45
12145 | 15 | 13.1643 | 45
24290 | 16 | 13.1643 | 44
48580 | 17 | 8.08727 | 17
97161 | 18 | 8.08727 | 17
194322 | 19 | 8.08727 | 17
388645 | 20 | 8.08727 | 17
777290 | 21 | 4.12538 | 4
777291 | 21 | 5.33235 | 13
1554582 | 22 | 5.33235 | 13
3109164 | 23 | 5.33235 | 13
6218328 | 24 | 5.33235 | 13
12436656 | 25 | 4.63978e-310 | 9
12436657 | 25 | 47.4401 | 4
48581 | 17 | 13.1643 | 27
97162 | 18 | 9.82042 | 26
194325 | 19 | 9.82042 | 26
388650 | 20 | 9.82042 | 24
777300 | 21 | 4.63978e-310 | 10
777301 | 21 | 5.65361 | 14
1554602 | 22 | 2.99367 | 9
1554603 | 22 | 3.8689 | 5
388651 | 20 | 4.63978e-310 | 2
97163 | 18 | 4.63978e-310 | 1
24291 | 16 | 4.63978e-310 | 1
6073 | 14 | 11.4454 | 14
12147 | 15 | 11.4454 | 14
24295 | 16 | 11.4454 | 14
48591 | 17 | 11.4454 | 14
97182 | 18 | 8.52491 | 12
194365 | 19 | 8.52491 | 12
388730 | 20 | 8.52491 | 12
777460 | 21 | 4.63978e-310 | 6
777461 | 21 | 23.2371 | 6
97183 | 18 | 4.63978e-310 | 2
1519 | 12 | 4.63978e-310 | 3
