ID | Depth | diameter | Number of points
0 | 0 | 29.316 | 1600
0 | 1 | 29.316 | 1600
0 | 2 | 29.316 | 1600
0 | 3 | 28.6925 | 508
0 | 4 | 16.3775 | 64
1 | 5 | 16.3775 | 64
2 | 6 | 9.33347 | 36
4 | 7 | 7.0492 | 11
8 | 8 | 17.5895 | 7
9 | 8 | 18.006 | 4
5 | 7 | 8.19555 | 25
10 | 8 | 6.67836 | 22
20 | 9 | 6.67836 | 22
40 | 10 | 2.37152e-322 | 9
41 | 10 | 5.84222 | 13
82 | 11 | 3.21143e-322 | 6
83 | 11 | 3.21143e-322 | 7
11 | 8 | 4.63978e-310 | 3
3 | 6 | 10.3304 | 28
6 | 7 | 4.63978e-310 | 1
7 | 7 | 8.53377 | 27
14 | 8 | 6.51358 | 19
28 | 9 | 1.58101e-322 | 10
29 | 9 | 1.58101e-322 | 9
15 | 8 | 4.63978e-310 | 8
1 | 4 | 18.5444 | 444
2 | 5 | 16.8435 | 51
5 | 6 | 16.8435 | 51
10 | 7 | 16.8435 | 51
20 | 8 | 16.8435 | 51
40 | 9 | 23.9165 | 8
41 | 9 | 12.7787 | 43
82 | 10 | 9.15845 | 17
165 | 11 | 9.15845 | 17
331 | 12 | 9.15845 | 17
662 | 13 | 9.15845 | 17
1324 | 14 | 9.15845 | 17
2649 | 15 | 9.15845 | 17
5298 | 16 | 54.5887 | 6
5299 | 16 | 8.68966 | 11
10599 | 17 | 8.68966 | 11
21199 | 18 | 8.68966 | 11
42399 | 19 | 8.68966 | 11
84799 | 20 | 8.68966 | 11
169599 | 21 | 8.68966 | 11
339199 | 22 | 8.68966 | 11
678398 | 23 | 0.0200591 | 5
678399 | 23 | 28.9084 | 6
83 | 10 | 9.00176 | 26
167 | 11 | 9.00176 | 26
334 | 12 | 4.63978e-310 | 3
335 | 12 | 7.99431 | 23
670 | 13 | 7.99431 | 23
1340 | 14 | 7.99431 | 18
2681 | 15 | 7.99431 | 18
5362 | 16 | 5.39916 | 15
10724 | 17 | 60.5794 | 2
10725 | 17 | 5.39916 | 13
21450 | 18 | 1.63042e-322 | 4
21451 | 18 | 1.63042e-322 | 9
5363 | 16 | 4.63978e-310 | 3
1341 | 14 | 4.63978e-310 | 5
3 | 5 | 18.329 | 393
7 | 6 | 18.329 | 393
14 | 7 | 13.2398 | 141
28 | 8 | 12.0575 | 65
56 | 9 | 7.95402 | 43
112 | 10 | 6.56927 | 33
224 | 11 | 2.97208 | 10
225 | 11 | 6.50053 | 23
450 | 12 | 6.50053 | 23
900 | 13 | 4.82395 | 14
1800 | 14 | 4.82395 | 12
3600 | 15 | 4.82395 | 12
7200 | 16 | 4.38196 | 11
14400 | 17 | 4.38196 | 11
28800 | 18 | 4.38196 | 11
57600 | 19 | 0 | 6
57601 | 19 | 7.61829 | 5
7201 | 16 | 4.63978e-310 | 1
1801 | 14 | 4.63978e-310 | 2
901 | 13 | 4.63978e-310 | 9
113 | 10 | 4.63978e-310 | 10
57 | 9 | 7.4927 | 22
114 | 10 | 7.4927 | 22
229 | 11 | 7.4927 | 22
459 | 12 | 7.4927 | 22
918 | 13 | 4.63978e-310 | 5
919 | 13 | 3.71342 | 17
1838 | 14 | 0.664366 | 7
1839 | 14 | 1.52348 | 10
29 | 8 | 12.3784 | 76
59 | 9 | 12.3784 | 76
118 | 10 | 6.97444 | 16
236 | 11 | 6.90513e-310 | 7
237 | 11 | 7.26103 | 9
119 | 10 | 10.8357 | 60
238 | 11 | 10.7416 | 49
477 | 12 | 10.7416 | 49
954 | 13 | 10.7416 | 49
1908 | 14 | 10.7416 | 43
3816 | 15 | 5.05787 | 22
7632 | 16 | 5.05787 | 21
15264 | 17 | 12.2033 | 3
15265 | 17 | 4.48402 | 18
30531 | 18 | 4.48402 | 18
61062 | 19 | 13.2005 | 7
61063 | 19 | 2.23008 | 11
122126 | 20 | 3.07941 | 4
122127 | 20 | 16.658 | 7
7633 | 16 | 4.63978e-310 | 1
3817 | 15 | 6.07895 | 21
7634 | 16 | 5.5046 | 11
15268 | 17 | 4.63978e-310 | 9
15269 | 17 | 6.90513e-310 | 2
7635 | 16 | 4.63978e-310 | 10
1909 | 14 | 4.63978e-310 | 6
239 | 11 | 10.0094 | 11
478 | 12 | 4.63978e-310 | 7
479 | 12 | 4.63978e-310 | 4
15 | 7 | 12.5608 | 252
30 | 8 | 10.8641 | 23
60 | 9 | 4.63978e-310 | 1
61 | 9 | 10.1175 | 22
122 | 10 | 8.39977 | 12
244 | 11 | 8.39977 | 12
488 | 12 | 47.1354 | 10
489 | 12 | 56.4597 | 2
123 | 10 | 4.63978e-310 | 10
31 | 8 | 12.2117 | 229
62 | 9 | 8.35909 | 113
124 | 10 | 7.62677 | 87
248 | 11 | 5.79953 | 52
496 | 12 | 1.63042e-322 | 9
497 | 12 | 5.12104 | 43
994 | 13 | 4.08854 | 19
1988 | 14 | 8.17392 | 10
1989 | 14 | 0 | 9
995 | 13 | 4.64174 | 24
1990 | 14 | 3.14733 | 14
3980 | 15 | 0 | 6
3981 | 15 | 16.3545 | 8
1991 | 14 | 4.63978e-310 | 10
249 | 11 | 4.58173 | 35
498 | 12 | 4.31352 | 29
996 | 13 | 4.31352 | 29
1992 | 14 | 4.22253 | 23
3985 | 15 | 4.22253 | 23
7970 | 16 | 4.92696 | 7
7971 | 16 | 2.65946 | 16
15942 | 17 | 2.70725 | 2
15943 | 17 | 2.57117 | 14
31886 | 18 | 0.214952 | 6
31887 | 18 | 1.48624 | 8
1993 | 14 | 4.63978e-310 | 6
499 | 12 | 4.63978e-310 | 6
125 | 10 | 6.55278 | 26
250 | 11 | 4.63978e-310 | 9
251 | 11 | 4.49863 | 17
502 | 12 | 4.49863 | 17
1005 | 13 | 4.49863 | 17
2010 | 14 | 3.47766 | 13
4021 | 15 | 3.47766 | 13
8042 | 16 | 0.911395 | 4
8043 | 16 | 4.21518 | 9
2011 | 14 | 4.63978e-310 | 4
63 | 9 | 8.99006 | 116
126 | 10 | 8.99006 | 116
252 | 11 | 7.07905 | 57
504 | 12 | 7.07905 | 57
1008 | 13 | 6.97382 | 28
2016 | 14 | 0.187681 | 8
2017 | 14 | 6.97382 | 20
4035 | 15 | 6.97382 | 20
8070 | 16 | 6.95367 | 14
16140 | 17 | 6.95367 | 14
32280 | 18 | 3.32332 | 13
64561 | 19 | 3.32332 | 13
129122 | 20 | 5.52778 | 6
129123 | 20 | 4.10082 | 7
32281 | 18 | 4.63978e-310 | 1
8071 | 16 | 4.63978e-310 | 6
1009 | 13 | 4.3211 | 29
2018 | 14 | 2.49096 | 14
4036 | 15 | 1.80194 | 11
8072 | 16 | 1.80194 | 11
16144 | 17 | 1.80194 | 11
32288 | 18 | 6.90513e-310 | 4
32289 | 18 | 1.27188 | 7
4037 | 15 | 4.63978e-310 | 3
2019 | 14 | 3.34218 | 15
4038 | 15 | 0.957332 | 3
4039 | 15 | 3.34218 | 12
8079 | 16 | 3.34218 | 12
16158 | 17 | 0.00935936 | 6
16159 | 17 | 3.62372 | 6
253 | 11 | 5.4556 | 59
506 | 12 | 2.7588 | 16
1013 | 13 | 2.7588 | 16
2026 | 14 | 0.876309 | 3
2027 | 14 | 2.18917 | 13
4054 | 15 | 2.18917 | 11
8109 | 16 | 2.18917 | 11
16218 | 17 | 6.90513e-310 | 7
16219 | 17 | 1.63042e-322 | 4
4055 | 15 | 4.63978e-310 | 2
507 | 12 | 4.24536 | 43
1014 | 13 | 4.24536 | 43
2029 | 14 | 4.24536 | 43
4058 | 15 | 4.15215 | 39
8116 | 16 | 15.9956 | 7
8117 | 16 | 3.47928 | 32
16234 | 17 | 22.5333 | 10
16235 | 17 | 2.99145 | 22
32470 | 18 | 0.221879 | 8
32471 | 18 | 2.52737 | 14
64943 | 19 | 2.52737 | 14
129886 | 20 | 1.70209 | 11
259772 | 21 | 0.09389 | 4
259773 | 21 | 5.10079 | 7
129887 | 20 | 0.538334 | 3
4059 | 15 | 4.63978e-310 | 4
1 | 3 | 28.677 | 1092
2 | 4 | 27.2379 | 914
4 | 5 | 4.63978e-310 | 4
5 | 5 | 27.2379 | 910
10 | 6 | 22.9254 | 247
20 | 7 | 10.0364 | 55
40 | 8 | 6.30878 | 19
80 | 9 | 33.5462 | 5
81 | 9 | 3.6081 | 14
162 | 10 | 2.42092e-322 | 6
163 | 10 | 4.63978e-310 | 8
41 | 8 | 9.41583 | 36
82 | 9 | 8.45585 | 28
164 | 10 | 8.45585 | 28
328 | 11 | 6.90513e-310 | 3
329 | 11 | 8.27053 | 25
658 | 12 | 30.9302 | 7
659 | 12 | 8.27053 | 18
1318 | 13 | 8.27053 | 18
2636 | 14 | 8.27053 | 18
5272 | 15 | 8.27053 | 18
10544 | 16 | 9.44443 | 1
10545 | 16 | 3.37585 | 17
21090 | 17 | 3.37585 | 17
42180 | 18 | 3.37585 | 17
84360 | 19 | 2.99367 | 2
84361 | 19 | 3.07318 | 15
168722 | 20 | 8.40859 | 6
168723 | 20 | 8.31961 | 9
83 | 9 | 4.63978e-310 | 8
21 | 7 | 11.3008 | 192
42 | 8 | 6.40604 | 97
84 | 9 | 4.69412 | 46
168 | 10 | 4.69412 | 46
336 | 11 | 6.37345e-322 | 3
337 | 11 | 4.50985 | 43
674 | 12 | 3.32737 | 28
1348 | 13 | 3.32737 | 28
2696 | 14 | 2.5502 | 17
5392 | 15 | 7.16395e-322 | 3
5393 | 15 | 1.81297 | 14
10787 | 16 | 1.81297 | 14
21574 | 17 | 1.81297 | 14
43148 | 18 | 1.62034 | 12
86296 | 19 | 3.21143e-322 | 2
86297 | 19 | 4.52069 | 10
43149 | 18 | 4.63978e-310 | 2
2697 | 14 | 1.87277 | 11
5394 | 15 | 4.63978e-310 | 7
5395 | 15 | 4.63978e-310 | 4
675 | 12 | 3.17021 | 15
1351 | 13 | 3.17021 | 15
2702 | 14 | 2.4277 | 13
5404 | 15 | 2.4277 | 13
10809 | 16 | 2.4277 | 13
21618 | 17 | 3.75811 | 1
21619 | 17 | 2.03677 | 12
43238 | 18 | 0.65295 | 3
43239 | 18 | 4.55703 | 9
2703 | 14 | 4.63978e-310 | 2
85 | 9 | 3.787 | 51
170 | 10 | 3.787 | 51
340 | 11 | 3.18247 | 47
680 | 12 | 2.93114 | 34
1360 | 13 | 6.73819 | 7
1361 | 13 | 2.72128 | 27
2722 | 14 | 1.79656 | 16
5444 | 15 | 0.242543 | 7
5445 | 15 | 0.829102 | 9
2723 | 14 | 1.30569 | 11
5446 | 15 | 7.11455e-322 | 2
5447 | 15 | 4.79244e-322 | 9
681 | 12 | 2.66366 | 13
1362 | 13 | 2.66366 | 13
2724 | 14 | 1.08216 | 5
2725 | 14 | 6.37345e-322 | 8
341 | 11 | 4.63978e-310 | 4
43 | 8 | 7.11302 | 95
86 | 9 | 7.11302 | 95
172 | 10 | 7.11302 | 95
344 | 11 | 6.63974 | 82
688 | 12 | 4.17571 | 42
1377 | 13 | 4.17571 | 42
2754 | 14 | 3.523 | 23
5508 | 15 | 2.64483 | 18
11017 | 16 | 2.64483 | 18
22034 | 17 | 0.0663609 | 7
22035 | 17 | 2.25888 | 11
44070 | 18 | 0.141532 | 4
44071 | 18 | 1.03141 | 7
5509 | 15 | 4.63978e-310 | 5
2755 | 14 | 3.02488 | 19
5510 | 15 | 4.63978e-310 | 4
5511 | 15 | 2.20997 | 15
11022 | 16 | 1.40216 | 10
11023 | 16 | 1.74242 | 5
689 | 12 | 3.64897 | 40
1379 | 13 | 3.64897 | 40
2758 | 14 | 3.64897 | 40
5516 | 15 | 3.64897 | 40
11032 | 16 | 3.64897 | 40
22064 | 17 | 9.53547e-322 | 4
22065 | 17 | 3.33465 | 36
44130 | 18 | 3.33465 | 36
88260 | 19 | 2.68676 | 28
176520 | 20 | 2.05407 | 15
353040 | 21 | 1.92442 | 5
353041 | 21 | 4.75803 | 10
176521 | 20 | 2.23945 | 13
353042 | 21 | 2.20518 | 11
706084 | 22 | 1.18576e-321 | 6
706085 | 22 | 0.0455642 | 5
353043 | 21 | 4.63978e-310 | 2
88261 | 19 | 4.63978e-310 | 8
345 | 11 | 5.4077 | 13
690 | 12 | 4.63978e-310 | 2
691 | 12 | 3.4136 | 11
1382 | 13 | 3.4136 | 11
2764 | 14 | 4.63978e-310 | 10
2765 | 14 | 4.63978e-310 | 1
11 | 6 | 25.9759 | 663
22 | 7 | 21.4329 | 543
45 | 8 | 21.4329 | 543
90 | 9 | 21.4329 | 543
180 | 10 | 16.5715 | 165
360 | 11 | 14.0544 | 89
720 | 12 | 12.5428 | 77
1440 | 13 | 1.58595e-321 | 5
1441 | 13 | 6.8118 | 72
2882 | 14 | 1.9227 | 5
2883 | 14 | 6.15287 | 67
5766 | 15 | 3.71399 | 24
11532 | 16 | 2.79552 | 17
23064 | 17 | 1.97333 | 16
46129 | 18 | 1.97333 | 16
92258 | 19 | 0.863161 | 10
92259 | 19 | 1.09558 | 6
23065 | 17 | 4.63978e-310 | 1
11533 | 16 | 4.63978e-310 | 7
5767 | 15 | 4.41272 | 43
11534 | 16 | 1.58101e-322 | 9
11535 | 16 | 4.41272 | 34
23070 | 17 | 2.33328 | 8
23071 | 17 | 3.70834 | 26
46142 | 18 | 3.70834 | 26
92284 | 19 | 3.47027 | 17
184568 | 20 | 0.52962 | 5
184569 | 20 | 3.01593 | 12
369138 | 21 | 3.01593 | 12
738276 | 22 | 2.94554 | 11
1476553 | 23 | 2.94554 | 11
2953106 | 24 | 2.94554 | 11
5906212 | 25 | 0.360024 | 7
5906213 | 25 | 3.63126 | 4
738277 | 22 | 4.63978e-310 | 1
92285 | 19 | 4.63978e-310 | 9
721 | 12 | 4.89978 | 12
1442 | 13 | 4.63978e-310 | 8
1443 | 13 | 4.63978e-310 | 4
361 | 11 | 10.1686 | 76
722 | 12 | 4.63978e-310 | 4
723 | 12 | 10.1686 | 72
1446 | 13 | 9.60698 | 63
2892 | 14 | 9.60698 | 59
5784 | 15 | 9.00395 | 53
11568 | 16 | 8.77835 | 51
23136 | 17 | 3.70416 | 13
46272 | 18 | 1 | 8
46273 | 18 | 11.913 | 5
23137 | 17 | 8.77835 | 38
46274 | 18 | 2.71719 | 4
46275 | 18 | 8.77835 | 34
92550 | 19 | 8.07885 | 24
185100 | 20 | 8.07885 | 24
370200 | 21 | 2.73257 | 23
740400 | 22 | 2.69477 | 6
740401 | 22 | 2.12386 | 17
1480802 | 23 | 0.0149795 | 10
1480803 | 23 | 6.3445 | 7
370201 | 21 | 4.63978e-310 | 1
92551 | 19 | 4.63978e-310 | 10
11569 | 16 | 4.63978e-310 | 2
5785 | 15 | 4.63978e-310 | 6
2893 | 14 | 4.63978e-310 | 4
1447 | 13 | 4.63978e-310 | 9
181 | 10 | 13.5964 | 378
362 | 11 | 13.5964 | 377
724 | 12 | 9.83553 | 123
1448 | 13 | 9.83553 | 123
2896 | 14 | 3.84565 | 62
5792 | 15 | 4.39683 | 6
5793 | 15 | 3.84565 | 56
11587 | 16 | 3.84565 | 56
23174 | 17 | 0.611848 | 6
23175 | 17 | 2.98025 | 50
46350 | 18 | 2.31223 | 22
92700 | 19 | 0.961497 | 4
92701 | 19 | 2.29948 | 18
185402 | 20 | 1.57863 | 16
370805 | 21 | 1.57863 | 16
741610 | 22 | 1.57863 | 16
1483220 | 23 | 0.0344885 | 7
1483221 | 23 | 0.29526 | 9
185403 | 20 | 4.63978e-310 | 2
46351 | 18 | 2.78687 | 28
92702 | 19 | 2.78687 | 28
185404 | 20 | 2.20894 | 25
370809 | 21 | 2.20894 | 25
741618 | 22 | 4.32884 | 9
741619 | 22 | 2.20894 | 16
1483238 | 23 | 1.51753 | 13
2966476 | 24 | 0.667442 | 9
2966477 | 24 | 0 | 4
1483239 | 23 | 0.332349 | 3
185405 | 20 | 4.63978e-310 | 3
2897 | 14 | 5.8061 | 61
5795 | 15 | 5.8061 | 61
11590 | 16 | 4.63978e-310 | 1
11591 | 16 | 5.8061 | 60
23182 | 17 | 2.62681 | 19
46364 | 18 | 2.62681 | 19
92728 | 19 | 2.62681 | 17
185456 | 20 | 0.418636 | 5
185457 | 20 | 1.38751 | 12
370914 | 21 | 1.63042e-322 | 1
370915 | 21 | 1.38751 | 11
741830 | 22 | 3.21143e-322 | 3
741831 | 22 | 4.63978e-310 | 8
92729 | 19 | 4.63978e-310 | 2
23183 | 17 | 3.79622 | 41
46366 | 18 | 3.79622 | 41
92732 | 19 | 3.79622 | 41
185464 | 20 | 1.93926 | 16
370928 | 21 | 1.05379 | 3
370929 | 21 | 1.45493 | 13
741858 | 22 | 1.45493 | 13
1483716 | 23 | 1.45493 | 13
2967432 | 24 | 1.38824 | 2
2967433 | 24 | 1.18775 | 11
5934866 | 25 | 0.368802 | 5
5934867 | 25 | 0.400486 | 6
185465 | 20 | 3.17725 | 25
370931 | 21 | 3.17725 | 25
741862 | 22 | 2.52361 | 12
1483724 | 23 | 1.65001 | 6
1483725 | 23 | 1.80787 | 6
741863 | 22 | 2.40673 | 13
1483726 | 23 | 1.0653 | 8
1483727 | 23 | 0 | 5
725 | 12 | 11.7103 | 254
1450 | 13 | 11.5885 | 245
2900 | 14 | 8.31238 | 102
5800 | 15 | 5.03578 | 82
11600 | 16 | 3.50748 | 55
23200 | 17 | 3.16386 | 42
46400 | 18 | 3.16386 | 42
92800 | 19 | 2.58371 | 25
185600 | 20 | 2.58371 | 25
371201 | 21 | 2.58371 | 25
742402 | 22 | 0.636269 | 4
742403 | 22 | 2.58371 | 21
1484806 | 23 | 2.05123 | 14
2969613 | 24 | 2.05123 | 14
5939226 | 25 | 0.815083 | 6
5939227 | 25 | 0.636269 | 8
1484807 | 23 | 4.63978e-310 | 7
92801 | 19 | 2.0999 | 17
185602 | 20 | 1.84982 | 16
371205 | 21 | 1.84982 | 16
742411 | 22 | 1.84982 | 16
1484822 | 23 | 0.942197 | 4
1484823 | 23 | 1.37658 | 12
2969647 | 24 | 1.37658 | 12
5939294 | 25 | 0.307607 | 5
5939295 | 25 | 3.12485 | 7
185603 | 20 | 4.63978e-310 | 1
23201 | 17 | 2.33987 | 13
46402 | 18 | 2.33987 | 13
92804 | 19 | 4.63978e-310 | 1
92805 | 19 | 2.09372 | 12
185610 | 20 | 2.09372 | 12
371221 | 21 | 2.09372 | 12
742442 | 22 | 0.307607 | 1
742443 | 22 | 1.89994 | 11
1484886 | 23 | 1.89994 | 11
2969772 | 24 | 1.89994 | 11
5939544 | 25 | 0.478689 | 5
5939545 | 25 | 2.79916 | 6
11601 | 16 | 3.08856 | 27
23202 | 17 | 3.05996 | 26
46405 | 18 | 3.05996 | 26
92810 | 19 | 3.05996 | 26
185620 | 20 | 2.14979 | 14
371240 | 21 | 2.14979 | 14
742480 | 22 | 1.03892 | 4
742481 | 22 | 0.0609803 | 10
185621 | 20 | 1.49841 | 12
371242 | 21 | 0.264412 | 1
371243 | 21 | 1.28815 | 11
742486 | 22 | 1.11165e-321 | 6
742487 | 22 | 6.90513e-310 | 5
23203 | 17 | 4.63978e-310 | 1
5801 | 15 | 5.68164 | 20
11602 | 16 | 4.92231 | 18
23204 | 17 | 4.92231 | 18
46409 | 18 | 4.92231 | 18
92818 | 19 | 4.12605 | 14
185637 | 20 | 4.12605 | 14
371275 | 21 | 4.12605 | 14
742550 | 22 | 8.06264 | 6
742551 | 22 | 7.07526 | 8
92819 | 19 | 4.63978e-310 | 4
11603 | 16 | 4.63978e-310 | 2
2901 | 14 | 9.21666 | 143
5803 | 15 | 9.21666 | 143
11606 | 16 | 9.21666 | 136
23212 | 17 | 7.94596 | 34
46425 | 18 | 7.94596 | 34
92850 | 19 | 7.94596 | 34
185700 | 20 | 7.06823 | 15
371400 | 21 | 3.46452 | 12
742800 | 22 | 0 | 3
742801 | 22 | 4.63978e-310 | 9
371401 | 21 | 4.07963 | 3
185701 | 20 | 7.67121 | 19
371403 | 21 | 7.67121 | 19
742806 | 22 | 7.67121 | 19
1485613 | 23 | 7.67121 | 19
2971226 | 24 | 0.358867 | 8
2971227 | 24 | 7.09844 | 11
5942454 | 25 | 7.09844 | 11
11884908 | 26 | 7.09844 | 11
23769817 | 27 | 7.09844 | 11
47539634 | 28 | 22.7068 | 1
47539635 | 28 | 48.8526 | 10
23213 | 17 | 8.6431 | 102
46426 | 18 | 5.18577 | 91
92852 | 19 | 2.86161 | 19
185704 | 20 | 1.58101e-322 | 1
185705 | 20 | 2.75389 | 18
371411 | 21 | 2.75389 | 18
742822 | 22 | 2.75389 | 18
1485644 | 23 | 0.207339 | 5
1485645 | 23 | 1.94475 | 13
2971290 | 24 | 1.94475 | 13
5942580 | 25 | 15.1872 | 8
5942581 | 25 | 0 | 5
92853 | 19 | 4.84458 | 72
185707 | 20 | 4.84458 | 72
371414 | 21 | 4.84458 | 72
742828 | 22 | 4.33294 | 52
1485657 | 23 | 4.33294 | 52
2971314 | 24 | 4.33294 | 52
5942628 | 25 | 4.33294 | 52
11885256 | 26 | 2.89002 | 28
23770512 | 27 | 2.89002 | 28
47541024 | 28 | 1.84503 | 19
95082048 | 29 | 1.84503 | 18
190164097 | 30 | 1.84503 | 18
380328194 | 31 | 1.42456 | 12
760656388 | 32 | 5.63316 | 5
760656389 | 32 | 0 | 7
380328195 | 31 | 4.63978e-310 | 6
95082049 | 29 | 4.63978e-310 | 1
47541025 | 28 | 4.63978e-310 | 9
11885257 | 26 | 3.5286 | 24
23770514 | 27 | 3.5286 | 24
47541028 | 28 | 0.344979 | 3
47541029 | 28 | 2.89389 | 21
95082058 | 29 | 2.62679 | 15
190164116 | 30 | 0.471416 | 2
190164117 | 30 | 2.35078 | 13
380328234 | 31 | 0.850945 | 2
380328235 | 31 | 1.60993 | 11
760656471 | 32 | 1.60993 | 11
1521312943 | 33 | 1.60993 | 11
3042625886 | 34 | 4.37704 | 3
3042625887 | 34 | 4.63978e-310 | 8
95082059 | 29 | 4.63978e-310 | 6
742829 | 22 | 2.65164 | 20
1485658 | 23 | 4.63978e-310 | 6
1485659 | 23 | 1.97535 | 14
2971319 | 24 | 1.97535 | 14
5942639 | 25 | 1.97535 | 14
11885278 | 26 | 4.63978e-310 | 5
11885279 | 26 | 4.63978e-310 | 9
46427 | 18 | 5.0184 | 11
92854 | 19 | 4.63978e-310 | 1
92855 | 19 | 4.63978e-310 | 10
11607 | 16 | 4.63978e-310 | 7
1451 | 13 | 4.63978e-310 | 9
363 | 11 | 4.63978e-310 | 1
23 | 7 | 10.8587 | 120
46 | 8 | 7.98518 | 56
92 | 9 | 4.63978e-310 | 9
93 | 9 | 6.6253 | 47
186 | 10 | 3.67413 | 23
372 | 11 | 3.21143e-322 | 2
373 | 11 | 3.67413 | 21
746 | 12 | 3.05677 | 20
1492 | 13 | 2.53927 | 16
2984 | 14 | 2.45662 | 14
5968 | 15 | 1.11325 | 6
5969 | 15 | 0.457968 | 8
2985 | 14 | 4.63978e-310 | 2
1493 | 13 | 4.63978e-310 | 4
747 | 12 | 4.63978e-310 | 1
187 | 10 | 5.87758 | 24
374 | 11 | 4.36585 | 21
748 | 12 | 4.36585 | 11
1497 | 13 | 4.36585 | 11
2994 | 14 | 2.7243 | 2
2995 | 14 | 9.20362 | 9
749 | 12 | 4.63978e-310 | 10
375 | 11 | 4.63978e-310 | 3
47 | 8 | 7.84542 | 64
94 | 9 | 3.89123 | 30
188 | 10 | 7.51691 | 3
189 | 10 | 3.89123 | 27
378 | 11 | 1.63042e-322 | 1
379 | 11 | 3.89123 | 26
758 | 12 | 2.59487 | 17
1516 | 13 | 2.59487 | 17
3032 | 14 | 1.15136 | 10
3033 | 14 | 3.00118 | 7
759 | 12 | 4.63978e-310 | 9
95 | 9 | 4.10722 | 34
190 | 10 | 2.44585 | 10
191 | 10 | 4.04935 | 24
382 | 11 | 3.03215 | 22
764 | 12 | 0.0473295 | 4
765 | 12 | 2.43939 | 18
1530 | 13 | 1.95702 | 12
3060 | 14 | 4.63978e-310 | 1
3061 | 14 | 1.73853 | 11
6122 | 15 | 6.90513e-310 | 3
6123 | 15 | 4.63978e-310 | 8
1531 | 13 | 4.63978e-310 | 6
383 | 11 | 4.63978e-310 | 2
3 | 4 | 11.3275 | 178
6 | 5 | 10.5258 | 172
12 | 6 | 7.37218 | 43
24 | 7 | 7.37218 | 43
49 | 8 | 7.37218 | 43
99 | 9 | 7.37218 | 43
198 | 10 | 7.37218 | 43
396 | 11 | 1.51023 | 11
792 | 12 | 24.3066 | 7
793 | 12 | 4.63978e-310 | 4
397 | 11 | 6.58576 | 32
795 | 12 | 6.58576 | 32
1590 | 13 | 6.58576 | 32
3180 | 14 | 6.58576 | 32
6360 | 15 | 6.58576 | 32
12721 | 16 | 6.58576 | 32
25442 | 17 | 6.58576 | 32
50884 | 18 | 1.63042e-322 | 10
50885 | 18 | 6.50641 | 22
101771 | 19 | 6.50641 | 22
203542 | 20 | 1.63042e-322 | 9
203543 | 20 | 1.86768 | 13
407086 | 21 | 1.86768 | 12
814173 | 22 | 1.86768 | 12
1628346 | 23 | 2.17442 | 8
1628347 | 23 | 2.37152e-322 | 4
407087 | 21 | 4.63978e-310 | 1
13 | 6 | 9.37003 | 129
26 | 7 | 9.37003 | 129
52 | 8 | 7.39595 | 67
104 | 9 | 5.35107 | 26
208 | 10 | 5.35107 | 26
416 | 11 | 20.7696 | 2
417 | 11 | 4.68062 | 24
834 | 12 | 4.62802 | 17
1668 | 13 | 4.62802 | 17
3336 | 14 | 4.63978e-310 | 6
3337 | 14 | 3.36549 | 11
6674 | 15 | 6.90513e-310 | 4
6675 | 15 | 27.3845 | 7
835 | 12 | 4.63978e-310 | 7
105 | 9 | 5.14389 | 41
210 | 10 | 5.14389 | 34
420 | 11 | 3.69001 | 31
840 | 12 | 1.63042e-322 | 7
841 | 12 | 3.60255 | 24
1682 | 13 | 3.60255 | 24
3364 | 14 | 2.09259 | 11
6728 | 15 | 1.58101e-322 | 4
6729 | 15 | 1.58101e-322 | 7
3365 | 14 | 2.56908 | 13
6731 | 15 | 2.56908 | 13
13462 | 16 | 1.63042e-322 | 5
13463 | 16 | 1.63042e-322 | 8
421 | 11 | 1.63042e-322 | 3
211 | 10 | 4.63978e-310 | 7
53 | 8 | 6.71625 | 62
106 | 9 | 3.92551 | 33
212 | 10 | 3.92551 | 33
424 | 11 | 3.68713 | 23
848 | 12 | 1.58101e-322 | 6
849 | 12 | 2.25285 | 17
1698 | 13 | 2.25285 | 17
3396 | 14 | 1.63323 | 11
6792 | 15 | 4.63978e-310 | 8
6793 | 15 | 4.63978e-310 | 3
3397 | 14 | 0.0540535 | 6
425 | 11 | 0 | 10
107 | 9 | 3.36606 | 29
214 | 10 | 2.84637 | 20
428 | 11 | 0.30829 | 3
429 | 11 | 2.25913 | 17
858 | 12 | 2.25913 | 14
1716 | 13 | 2.25913 | 14
3432 | 14 | 1.98641 | 13
6864 | 15 | 0.178585 | 3
6865 | 15 | 5.79609 | 10
3433 | 14 | 1.63042e-322 | 1
859 | 12 | 1.63042e-322 | 3
215 | 10 | 1.63042e-322 | 9
7 | 5 | 4.63978e-310 | 6
