ID | Depth | diameter | Number of points
0 | 0 | 29.316 | 1600
0 | 1 | 28.9901 | 1374
1 | 2 | 28.9901 | 1374
2 | 3 | 27.7036 | 446
4 | 4 | 23.463 | 202
8 | 5 | 14.4266 | 19
16 | 6 | 14.4266 | 17
32 | 7 | 4.63978e-310 | 5
33 | 7 | 7.35309 | 12
66 | 8 | 7.59804 | 5
67 | 8 | 6.90464 | 7
17 | 6 | 4.63978e-310 | 2
9 | 5 | 23.0257 | 183
18 | 6 | 12.0729 | 106
36 | 7 | 8.49351 | 44
72 | 8 | 8.49351 | 42
144 | 9 | 7.13761 | 32
288 | 10 | 6.44115 | 27
576 | 11 | 3.24194 | 16
1153 | 12 | 3.24194 | 16
2306 | 13 | 5.07372 | 10
2307 | 13 | 1.85534 | 6
577 | 11 | 2.81296 | 11
1154 | 12 | 2.81296 | 11
2308 | 13 | 2.5491 | 7
2309 | 13 | 1.43403 | 4
289 | 10 | 4.63978e-310 | 5
145 | 9 | 4.63978e-310 | 10
73 | 8 | 4.63978e-310 | 2
37 | 7 | 7.85273 | 62
74 | 8 | 5.97732 | 33
148 | 9 | 4.16581 | 22
296 | 10 | 2.91177 | 11
592 | 11 | 0.433644 | 1
593 | 11 | 4.18467 | 10
297 | 10 | 2.76503 | 11
595 | 11 | 2.76503 | 11
1190 | 12 | 2.76503 | 11
2380 | 13 | 2.76503 | 11
4760 | 14 | 1.43403 | 9
4761 | 14 | 2.21213 | 2
149 | 9 | 4.07228 | 11
299 | 10 | 4.07228 | 11
598 | 11 | 3.18342 | 8
599 | 11 | 0 | 3
75 | 8 | 4.56909 | 29
151 | 9 | 4.56909 | 29
302 | 10 | 3.89631 | 23
604 | 11 | 1.01593 | 9
605 | 11 | 3.80037 | 14
1210 | 12 | 3.80037 | 14
2420 | 13 | 2.40127 | 1
2421 | 13 | 3.60032 | 13
4842 | 14 | 3.60032 | 13
9685 | 15 | 3.60032 | 13
19370 | 16 | 9.85004 | 7
19371 | 16 | 0 | 6
303 | 10 | 4.63978e-310 | 6
19 | 6 | 21.4841 | 77
38 | 7 | 12.3647 | 40
76 | 8 | 8.79623 | 23
152 | 9 | 48.6997 | 2
153 | 9 | 6.83341 | 21
307 | 10 | 6.83341 | 21
615 | 11 | 6.83341 | 21
1230 | 12 | 4.63978e-310 | 4
1231 | 12 | 5.77372 | 17
2462 | 13 | 5.77372 | 17
4924 | 14 | 5.77372 | 16
9848 | 15 | 5.13676 | 13
19696 | 16 | 5.13676 | 13
39392 | 17 | 3.12881 | 7
39393 | 17 | 4.63978e-310 | 6
9849 | 15 | 4.63978e-310 | 3
4925 | 14 | 4.63978e-310 | 1
77 | 8 | 12.0237 | 17
154 | 9 | 12.0237 | 17
308 | 10 | 11.4538 | 16
617 | 11 | 11.4538 | 16
1234 | 12 | 0 | 5
1235 | 12 | 7.30857 | 11
2470 | 13 | 6.90513e-310 | 1
2471 | 13 | 4.63978e-310 | 10
309 | 10 | 4.63978e-310 | 1
39 | 7 | 9.57218 | 37
78 | 8 | 4.63978e-310 | 3
79 | 8 | 8.75908 | 34
158 | 9 | 9.85004 | 5
159 | 9 | 8.75908 | 29
318 | 10 | 8.75908 | 29
637 | 11 | 8.75908 | 29
1275 | 12 | 8.75908 | 29
2550 | 13 | 8.75908 | 29
5100 | 14 | 6.27229 | 17
10201 | 15 | 6.27229 | 17
20402 | 16 | 6.27229 | 17
40805 | 17 | 6.27229 | 17
81611 | 18 | 6.27229 | 17
163222 | 19 | 6.27229 | 17
326444 | 20 | 6.27229 | 16
652888 | 21 | 0 | 7
652889 | 21 | 2.47302 | 9
326445 | 20 | 4.63978e-310 | 1
5101 | 14 | 6.08031 | 12
10202 | 15 | 4.63978e-310 | 8
10203 | 15 | 4.63978e-310 | 4
5 | 4 | 13.1447 | 244
10 | 5 | 11.1892 | 152
21 | 6 | 11.1892 | 152
42 | 7 | 11.1892 | 94
84 | 8 | 10.7617 | 86
168 | 9 | 7.48375 | 8
169 | 9 | 10.4242 | 78
338 | 10 | 10.4242 | 54
676 | 11 | 10.0934 | 40
1353 | 12 | 10.0934 | 40
2706 | 13 | 10.0934 | 21
5412 | 14 | 9.85922 | 16
10824 | 15 | 9.85922 | 16
21649 | 16 | 9.85922 | 16
43298 | 17 | 1.58101e-322 | 4
43299 | 17 | 9.79502 | 12
86598 | 18 | 9.79502 | 12
173196 | 19 | 9.79502 | 12
346392 | 20 | 0.156688 | 7
346393 | 20 | 84.3832 | 5
5413 | 14 | 4.63978e-310 | 5
2707 | 13 | 3.86589 | 19
5414 | 14 | 0.34144 | 2
5415 | 14 | 3.49379 | 17
10830 | 15 | 3.49379 | 17
21660 | 16 | 1.0959 | 2
21661 | 16 | 3.49379 | 15
43322 | 17 | 0 | 4
43323 | 17 | 2.56939 | 11
86647 | 18 | 2.56939 | 11
173294 | 19 | 2.56939 | 11
346588 | 20 | 2.42092e-322 | 9
346589 | 20 | 0 | 2
677 | 11 | 8.50801 | 14
1355 | 12 | 8.50801 | 14
2710 | 13 | 8.50801 | 14
5421 | 14 | 8.50801 | 14
10843 | 15 | 8.50801 | 14
21686 | 16 | 8.50801 | 13
43372 | 17 | 8.50801 | 13
86744 | 18 | 3.47723 | 8
86745 | 18 | 2.51224 | 5
21687 | 16 | 4.63978e-310 | 1
339 | 10 | 5.61078 | 24
678 | 11 | 4.63978e-310 | 3
679 | 11 | 4.46232 | 21
1358 | 12 | 4.63978e-310 | 10
1359 | 12 | 4.46232 | 11
2718 | 13 | 4.46232 | 11
5436 | 14 | 0.0239226 | 8
5437 | 14 | 1.08637 | 3
85 | 8 | 4.63978e-310 | 8
43 | 7 | 7.2782 | 58
86 | 8 | 3.02516 | 11
173 | 9 | 3.02516 | 11
346 | 10 | 63.6061 | 3
347 | 10 | 4.63978e-310 | 8
87 | 8 | 5.3206 | 47
175 | 9 | 5.3206 | 47
350 | 10 | 2.78641 | 7
351 | 10 | 5.10107 | 40
702 | 11 | 3.74744 | 31
1404 | 12 | 2.78973 | 21
2809 | 13 | 2.78973 | 21
5618 | 14 | 1.86711 | 1
5619 | 14 | 2.78973 | 20
11239 | 15 | 2.78973 | 20
22478 | 16 | 2.78973 | 20
44956 | 17 | 2.5646 | 16
89912 | 18 | 0.780681 | 9
89913 | 18 | 0.828843 | 7
44957 | 17 | 4.63978e-310 | 4
1405 | 12 | 4.63978e-310 | 10
703 | 11 | 4.63978e-310 | 9
11 | 5 | 10.2128 | 92
23 | 6 | 10.2128 | 92
46 | 7 | 10.2128 | 91
92 | 8 | 10.2128 | 91
184 | 9 | 3.09028 | 24
368 | 10 | 2.72276 | 17
736 | 11 | 2.45921 | 14
1472 | 12 | 2.37152e-322 | 1
1473 | 12 | 2.45921 | 13
2946 | 13 | 2.45921 | 13
5892 | 14 | 0.257036 | 6
5893 | 14 | 1.58838 | 7
737 | 11 | 4.63978e-310 | 3
369 | 10 | 4.63978e-310 | 7
185 | 9 | 8.70036 | 67
370 | 10 | 2.92145 | 15
740 | 11 | 2.42092e-322 | 4
741 | 11 | 2.72842 | 11
1482 | 12 | 0 | 4
1483 | 12 | 2.65282 | 7
371 | 10 | 5.41448 | 52
742 | 11 | 1.61514 | 1
743 | 11 | 5.41448 | 51
1486 | 12 | 4.43699 | 45
2972 | 13 | 2.96647 | 11
5944 | 14 | 2.65282 | 8
5945 | 14 | 1.89647 | 3
2973 | 13 | 3.12603 | 34
5946 | 14 | 2.71488 | 22
11892 | 15 | 0.99297 | 6
11893 | 15 | 2.19355 | 16
23787 | 16 | 2.19355 | 16
47574 | 17 | 1.67053 | 11
95148 | 18 | 0.818088 | 5
95149 | 18 | 0.42155 | 6
47575 | 17 | 4.63978e-310 | 5
5947 | 14 | 2.5542 | 12
11894 | 15 | 4.63978e-310 | 2
11895 | 15 | 0.220839 | 10
1487 | 12 | 4.63978e-310 | 6
47 | 7 | 4.63978e-310 | 1
3 | 3 | 27.8171 | 928
6 | 4 | 27.8171 | 928
12 | 5 | 25.7038 | 76
24 | 6 | 25.7038 | 67
48 | 7 | 25.7038 | 67
96 | 8 | 25.7038 | 66
192 | 9 | 25.7038 | 66
384 | 10 | 25.7038 | 66
769 | 11 | 25.7038 | 66
1538 | 12 | 0 | 4
1539 | 12 | 25.7038 | 62
3078 | 13 | 0.359625 | 2
3079 | 13 | 19.7501 | 60
6159 | 14 | 19.7501 | 60
12319 | 15 | 19.7501 | 60
24638 | 16 | 8.83065 | 18
49276 | 17 | 8.83065 | 18
98552 | 18 | 8.83065 | 18
197104 | 19 | 6.85698 | 11
394208 | 20 | 6.85698 | 11
788416 | 21 | 13.0009 | 1
788417 | 21 | 6.92698 | 10
197105 | 19 | 4.63978e-310 | 7
24639 | 16 | 11.7231 | 42
49278 | 17 | 11.7231 | 42
98556 | 18 | 11.7231 | 41
197112 | 19 | 3.96528 | 14
394224 | 20 | 2.37152e-322 | 1
394225 | 20 | 3.37435 | 13
788450 | 21 | 3.37435 | 13
1576900 | 22 | 1.25845 | 8
1576901 | 22 | 2.36606 | 5
197113 | 19 | 10.0641 | 27
394226 | 20 | 10.0641 | 27
788452 | 21 | 13.7909 | 8
788453 | 21 | 7.93739 | 19
1576906 | 22 | 6.92089 | 13
3153812 | 23 | 6.92089 | 13
6307625 | 24 | 6.92089 | 13
12615251 | 25 | 6.92089 | 13
25230503 | 26 | 6.92089 | 13
50461006 | 27 | 4.63978e-310 | 9
50461007 | 27 | 4.63978e-310 | 4
1576907 | 22 | 4.63978e-310 | 6
98557 | 18 | 4.63978e-310 | 1
97 | 8 | 4.63978e-310 | 1
25 | 6 | 4.63978e-310 | 9
13 | 5 | 27.5234 | 852
26 | 6 | 27.5234 | 724
52 | 7 | 25.9486 | 654
104 | 8 | 25.9486 | 654
209 | 9 | 25.9486 | 654
418 | 10 | 18.6083 | 339
836 | 11 | 18.6083 | 339
1672 | 12 | 12.6808 | 110
3344 | 13 | 12.6808 | 110
6688 | 14 | 12.6808 | 110
13376 | 15 | 11.8687 | 90
26752 | 16 | 11.8687 | 90
53504 | 17 | 7.01608 | 23
107008 | 18 | 42.2887 | 7
107009 | 18 | 2.16321 | 16
214018 | 19 | 1.82829 | 10
214019 | 19 | 3.07647 | 6
53505 | 17 | 11.123 | 67
107010 | 18 | 11.123 | 67
214020 | 19 | 15.3814 | 8
214021 | 19 | 8.24005 | 59
428042 | 20 | 7.78092 | 57
856084 | 21 | 7.07748 | 40
1712168 | 22 | 1.65598 | 4
1712169 | 22 | 6.36378 | 36
3424338 | 23 | 6.07174 | 8
3424339 | 23 | 4.66349 | 28
6848678 | 24 | 3.90635 | 24
13697357 | 25 | 3.90635 | 24
27394714 | 26 | 3.90635 | 23
54789428 | 27 | 3.23492 | 18
109578856 | 28 | 5.65843 | 7
109578857 | 28 | 2.02502 | 11
219157714 | 29 | 0.125791 | 7
219157715 | 29 | 0 | 4
54789429 | 27 | 4.63978e-310 | 5
27394715 | 26 | 4.63978e-310 | 1
6848679 | 24 | 4.63978e-310 | 4
856085 | 21 | 5.65528 | 17
1712170 | 22 | 5.65528 | 14
3424340 | 23 | 4.63978e-310 | 4
3424341 | 23 | 4.63978e-310 | 10
1712171 | 22 | 1.15451 | 3
428043 | 20 | 4.63978e-310 | 2
13377 | 15 | 7.40465 | 20
26754 | 16 | 7.40465 | 20
53508 | 17 | 2.34835 | 11
107016 | 18 | 4.63978e-310 | 5
107017 | 18 | 0.386103 | 6
53509 | 17 | 4.63978e-310 | 9
1673 | 12 | 16.1357 | 229
3346 | 13 | 15.766 | 173
6692 | 14 | 13.3655 | 78
13384 | 15 | 23.3336 | 3
13385 | 15 | 13.3655 | 75
26770 | 16 | 13.3655 | 75
53540 | 17 | 13.3655 | 75
107081 | 18 | 13.3655 | 75
214162 | 19 | 6.90513e-310 | 2
214163 | 19 | 5.04833 | 73
428326 | 20 | 4.67822 | 59
856653 | 21 | 4.67822 | 59
1713306 | 22 | 3.65849 | 43
3426612 | 23 | 3.30728 | 16
6853224 | 24 | 0.0880385 | 5
6853225 | 24 | 2.45609 | 11
13706450 | 25 | 0.163417 | 3
13706451 | 25 | 4.63978e-310 | 8
3426613 | 23 | 3.38804 | 27
6853226 | 24 | 3.38804 | 27
13706452 | 25 | 2.92451 | 7
13706453 | 25 | 2.19423 | 20
27412906 | 26 | 2.19423 | 14
54825812 | 27 | 2.19423 | 14
109651624 | 28 | 0.0575501 | 10
109651625 | 28 | 3.3947 | 4
27412907 | 26 | 4.63978e-310 | 6
1713307 | 22 | 1.86053 | 16
3426614 | 23 | 1.86053 | 16
6853228 | 24 | 1.86053 | 16
13706456 | 25 | 1.71153 | 11
27412912 | 26 | 7.11455e-322 | 9
27412913 | 26 | 0.0356076 | 2
13706457 | 25 | 4.63978e-310 | 5
428327 | 20 | 4.49648 | 14
856654 | 21 | 4.49648 | 14
1713308 | 22 | 6.90513e-310 | 2
1713309 | 22 | 2.97869 | 12
3426618 | 23 | 4.63978e-310 | 4
3426619 | 23 | 4.63978e-310 | 8
6693 | 14 | 12.3382 | 95
13386 | 15 | 4.98838 | 27
26772 | 16 | 4.98838 | 27
53544 | 17 | 4.31474 | 26
107088 | 18 | 7.85807 | 6
107089 | 18 | 4.27076 | 20
214179 | 19 | 4.27076 | 20
428358 | 20 | 4.64891 | 7
428359 | 20 | 1.66062 | 13
856719 | 21 | 1.66062 | 13
1713438 | 22 | 1.66062 | 12
3426876 | 23 | 0.276887 | 10
3426877 | 23 | 0.00450457 | 2
1713439 | 22 | 4.63978e-310 | 1
53545 | 17 | 4.63978e-310 | 1
13387 | 15 | 12.3382 | 68
26774 | 16 | 12.3382 | 68
53548 | 17 | 12.3382 | 51
107097 | 18 | 12.3382 | 51
214194 | 19 | 6.90513e-310 | 1
214195 | 19 | 4.45091 | 50
428390 | 20 | 0.748502 | 7
428391 | 20 | 3.57134 | 43
856783 | 21 | 3.57134 | 43
1713566 | 22 | 2.43835 | 26
3427132 | 23 | 2.12931 | 18
6854264 | 24 | 2.12931 | 18
13708529 | 25 | 2.12931 | 18
27417058 | 26 | 1.94323 | 12
54834117 | 27 | 1.94323 | 12
109668234 | 28 | 0.28083 | 10
109668235 | 28 | 0.92517 | 2
27417059 | 26 | 4.63978e-310 | 6
3427133 | 23 | 4.63978e-310 | 8
1713567 | 22 | 2.09717 | 17
3427134 | 23 | 4.63978e-310 | 8
3427135 | 23 | 0.360568 | 9
53549 | 17 | 4.09139 | 17
107098 | 18 | 4.09139 | 17
214196 | 19 | 4.63978e-310 | 9
214197 | 19 | 4.63978e-310 | 8
3347 | 13 | 7.81614 | 56
6694 | 14 | 3.20939 | 20
13388 | 15 | 4.63978e-310 | 2
13389 | 15 | 3.0779 | 18
26778 | 16 | 2.10282 | 12
53556 | 17 | 1.77108 | 2
53557 | 17 | 0.275461 | 10
26779 | 16 | 4.63978e-310 | 6
6695 | 14 | 4.00014 | 36
13390 | 15 | 4.00014 | 36
26780 | 16 | 4.00014 | 36
53560 | 17 | 2.38563 | 24
107121 | 18 | 2.38563 | 24
214242 | 19 | 2.38563 | 24
428484 | 20 | 6.90513e-310 | 3
428485 | 20 | 1.80789 | 21
856970 | 21 | 1.80789 | 20
1713940 | 22 | 2.65526 | 2
1713941 | 22 | 1.79097 | 18
3427882 | 23 | 0.480665 | 2
3427883 | 23 | 1.54197 | 16
6855767 | 24 | 1.54197 | 16
13711534 | 25 | 1.54197 | 16
27423068 | 26 | 1.18314 | 12
54846136 | 27 | 1.18314 | 12
109692272 | 28 | 4.79244e-322 | 2
109692273 | 28 | 1.28333 | 10
27423069 | 26 | 4.63978e-310 | 4
856971 | 21 | 4.63978e-310 | 1
53561 | 17 | 1.67796 | 12
107123 | 18 | 1.67796 | 12
214246 | 19 | 4.63978e-310 | 1
214247 | 19 | 1.67796 | 11
428494 | 20 | 1.45101 | 5
428495 | 20 | 0.489699 | 6
419 | 10 | 12.7678 | 315
838 | 11 | 12.7678 | 307
1676 | 12 | 11.2152 | 295
3352 | 13 | 7.63427 | 49
6704 | 14 | 6.4496 | 42
13409 | 15 | 6.4496 | 42
26819 | 16 | 6.4496 | 42
53638 | 17 | 2.6633 | 24
107276 | 18 | 2.6633 | 24
214552 | 19 | 0.853386 | 7
214553 | 19 | 2.40394 | 17
429106 | 20 | 0.5017 | 2
429107 | 20 | 1.97306 | 15
858215 | 21 | 1.97306 | 15
1716430 | 22 | 1.97306 | 15
3432860 | 23 | 1.10493 | 11
6865721 | 24 | 1.10493 | 11
13731442 | 25 | 18.6149 | 3
13731443 | 25 | 4.63978e-310 | 8
3432861 | 23 | 4.63978e-310 | 4
53639 | 17 | 2.69464 | 18
107278 | 18 | 2.69464 | 18
214556 | 19 | 2.69464 | 18
429112 | 20 | 1.99844 | 11
858224 | 21 | 0 | 6
858225 | 21 | 1.34746 | 5
429113 | 20 | 4.63978e-310 | 7
6705 | 14 | 4.63978e-310 | 7
3353 | 13 | 10.4501 | 246
6706 | 14 | 7.28851 | 24
13412 | 15 | 4.63978e-310 | 4
13413 | 15 | 5.72977 | 20
26826 | 16 | 4.97102 | 18
53653 | 17 | 4.97102 | 18
107306 | 18 | 23.8619 | 10
107307 | 18 | 0.957885 | 8
26827 | 16 | 4.63978e-310 | 2
6707 | 14 | 9.53984 | 222
13414 | 15 | 8.26159 | 156
26829 | 16 | 8.26159 | 156
53658 | 17 | 6.16304 | 71
107316 | 18 | 5.13041 | 57
214633 | 19 | 5.13041 | 57
429266 | 20 | 4.68739 | 33
858532 | 21 | 10.0527 | 9
858533 | 21 | 2.85509 | 24
1717067 | 22 | 2.85509 | 24
3434134 | 23 | 0.769534 | 4
3434135 | 23 | 2.85509 | 20
6868270 | 24 | 1.64659 | 11
13736540 | 25 | 1.64659 | 11
27473080 | 26 | 0 | 10
27473081 | 26 | 2.43852 | 1
6868271 | 24 | 4.63978e-310 | 9
429267 | 20 | 4.76343 | 24
858534 | 21 | 4.2872 | 23
1717068 | 22 | 4.2872 | 23
3434136 | 23 | 4.26655 | 15
6868272 | 24 | 14.4277 | 4
6868273 | 24 | 3.16615 | 11
13736546 | 25 | 3.16615 | 11
27473092 | 26 | 3.16615 | 11
54946184 | 27 | 0.284592 | 10
54946185 | 27 | 2.85473 | 1
3434137 | 23 | 4.63978e-310 | 8
858535 | 21 | 4.63978e-310 | 1
107317 | 18 | 2.36376 | 14
214634 | 19 | 4.63978e-310 | 7
214635 | 19 | 4.63978e-310 | 7
53659 | 17 | 5.75559 | 85
107318 | 18 | 1.76313 | 11
214637 | 19 | 1.76313 | 11
429274 | 20 | 6.90513e-310 | 3
429275 | 20 | 4.63978e-310 | 8
107319 | 18 | 5.22949 | 74
214639 | 19 | 5.22949 | 74
429278 | 20 | 4.97942 | 61
858556 | 21 | 3.17208 | 39
1717113 | 22 | 3.17208 | 39
3434226 | 23 | 3.17208 | 39
6868452 | 24 | 2.1647 | 14
13736904 | 25 | 2.07884 | 5
13736905 | 25 | 30.3487 | 9
6868453 | 24 | 2.73667 | 25
13736906 | 25 | 2.83296 | 8
13736907 | 25 | 2.38373 | 17
27473814 | 26 | 2.38373 | 17
54947628 | 27 | 2.29871 | 14
109895256 | 28 | 2.29871 | 14
219790512 | 29 | 2.29871 | 14
439581025 | 30 | 2.29871 | 14
879162051 | 31 | 2.29871 | 14
1758324102 | 32 | 2.29871 | 14
3516648205 | 33 | 2.29871 | 14
7033296410 | 34 | 2.29871 | 14
14066592820 | 35 | 5.16228 | 8
14066592821 | 35 | 2.46283 | 6
54947629 | 27 | 4.63978e-310 | 3
858557 | 21 | 2.71811 | 22
1717115 | 22 | 2.71811 | 22
3434230 | 23 | 4.63978e-310 | 9
3434231 | 23 | 1.6644 | 13
6868462 | 24 | 4.63978e-310 | 4
6868463 | 24 | 4.63978e-310 | 9
429279 | 20 | 3.98455 | 13
858558 | 21 | 4.63978e-310 | 10
858559 | 21 | 4.63978e-310 | 3
13415 | 15 | 7.1027 | 66
26830 | 16 | 7.1027 | 66
53660 | 17 | 5.08409 | 44
107320 | 18 | 6.37345e-322 | 7
107321 | 18 | 4.98473 | 37
214642 | 19 | 4.98473 | 37
429284 | 20 | 1.55664 | 18
858568 | 21 | 1.55664 | 18
1717136 | 22 | 1.55664 | 18
3434272 | 23 | 0.894389 | 12
6868544 | 24 | 1.45034 | 2
6868545 | 24 | 0.462221 | 10
3434273 | 23 | 0.0629929 | 6
429285 | 20 | 3.33742 | 19
858570 | 21 | 3.33742 | 19
1717141 | 22 | 3.33742 | 19
3434282 | 23 | 3.33742 | 19
6868565 | 24 | 3.33742 | 19
13737131 | 25 | 3.33742 | 19
27474262 | 26 | 0.787399 | 6
27474263 | 26 | 1.34329 | 13
54948526 | 27 | 4.63978e-310 | 8
54948527 | 27 | 4.63978e-310 | 5
53661 | 17 | 2.16916 | 22
107322 | 18 | 1.98259 | 13
214645 | 19 | 1.98259 | 13
429290 | 20 | 4.63978e-310 | 5
429291 | 20 | 4.63978e-310 | 8
107323 | 18 | 4.63978e-310 | 9
1677 | 12 | 7.00364 | 12
3355 | 13 | 7.00364 | 12
6710 | 14 | 6.2378 | 11
13421 | 15 | 6.2378 | 11
26842 | 16 | 6.2378 | 11
53684 | 17 | 0.676653 | 6
53685 | 17 | 0.244076 | 5
6711 | 14 | 4.63978e-310 | 1
839 | 11 | 4.63978e-310 | 8
53 | 7 | 8.19877 | 70
106 | 8 | 4.85193 | 35
212 | 9 | 4.63978e-310 | 10
213 | 9 | 4.64287 | 25
427 | 10 | 4.64287 | 25
854 | 11 | 3.00432 | 14
1708 | 12 | 2.24452 | 12
3416 | 13 | 6.80019 | 9
3417 | 13 | 1.58101e-322 | 3
1709 | 12 | 4.63978e-310 | 2
855 | 11 | 3.99505 | 11
1710 | 12 | 1.63042e-322 | 4
1711 | 12 | 1.58101e-322 | 7
107 | 8 | 4.45795 | 35
214 | 9 | 3.32808 | 21
428 | 10 | 1.58101e-322 | 4
429 | 10 | 3.32808 | 17
858 | 11 | 2.46585 | 13
1717 | 12 | 2.46585 | 13
3434 | 13 | 2.46585 | 13
6868 | 14 | 1.63042e-322 | 7
6869 | 14 | 1.63042e-322 | 6
859 | 11 | 1.58101e-322 | 4
215 | 9 | 2.50811 | 14
430 | 10 | 2.50811 | 14
860 | 11 | 1.63042e-322 | 3
861 | 11 | 2.44609 | 11
1722 | 12 | 1.63042e-322 | 8
1723 | 12 | 1.63042e-322 | 3
27 | 6 | 18.9483 | 128
54 | 7 | 18.9483 | 128
108 | 8 | 18.9483 | 106
216 | 9 | 3.21143e-322 | 7
217 | 9 | 18.2174 | 99
434 | 10 | 18.2174 | 99
868 | 11 | 18.2174 | 98
1736 | 12 | 18.2174 | 38
3472 | 13 | 17.0414 | 22
6944 | 14 | 4.63978e-310 | 9
6945 | 14 | 16.4358 | 13
13890 | 15 | 16.4358 | 13
27780 | 16 | 16.4358 | 13
55560 | 17 | 16.4358 | 13
111121 | 18 | 16.4358 | 13
222242 | 19 | 0.674786 | 3
222243 | 19 | 4.63978e-310 | 10
3473 | 13 | 6.25214 | 16
6946 | 14 | 4.63978e-310 | 7
6947 | 14 | 4.63978e-310 | 9
1737 | 12 | 13.5039 | 60
3474 | 13 | 7.18401 | 13
6948 | 14 | 11.1856 | 9
6949 | 14 | 12.889 | 4
3475 | 13 | 8.81533 | 47
6950 | 14 | 7.50688 | 26
13900 | 15 | 7.8808 | 6
13901 | 15 | 6.02245 | 20
27802 | 16 | 10.5734 | 4
27803 | 16 | 4.22523 | 16
55606 | 17 | 2.57189 | 1
55607 | 17 | 4.22523 | 15
111215 | 18 | 4.22523 | 15
222430 | 19 | 4.63978e-310 | 6
222431 | 19 | 4.63978e-310 | 9
6951 | 14 | 6.58961 | 21
13902 | 15 | 6.58961 | 21
27804 | 16 | 4.63978e-310 | 7
27805 | 16 | 2.9151 | 14
55610 | 17 | 2.9151 | 14
111221 | 18 | 2.9151 | 14
222442 | 19 | 6.90513e-310 | 4
222443 | 19 | 54.6007 | 10
869 | 11 | 4.63978e-310 | 1
109 | 8 | 16.3404 | 22
218 | 9 | 16.3404 | 14
436 | 10 | 4.63978e-310 | 2
437 | 10 | 4.15227 | 12
874 | 11 | 4.63978e-310 | 7
875 | 11 | 4.63978e-310 | 5
219 | 9 | 4.63978e-310 | 8
1 | 1 | 12.7316 | 226
2 | 2 | 9.67921 | 38
4 | 3 | 7.67351 | 31
9 | 4 | 7.67351 | 31
18 | 5 | 7.58219 | 26
36 | 6 | 6.2993 | 21
72 | 7 | 6.2993 | 21
145 | 8 | 6.2993 | 21
290 | 9 | 0.209175 | 6
291 | 9 | 3.79424 | 15
583 | 10 | 3.79424 | 15
1166 | 11 | 4.63978e-310 | 8
1167 | 11 | 6.90513e-310 | 7
37 | 6 | 12.069 | 5
19 | 5 | 4.63978e-310 | 5
5 | 3 | 4.63978e-310 | 7
3 | 2 | 12.0423 | 188
6 | 3 | 6.18663 | 14
12 | 4 | 6.18663 | 14
24 | 5 | 6.18663 | 14
49 | 6 | 6.18663 | 14
99 | 7 | 6.18663 | 14
198 | 8 | 4.63978e-310 | 6
199 | 8 | 1.63042e-322 | 8
7 | 3 | 11.9559 | 174
14 | 4 | 11.9559 | 174
28 | 5 | 11.9559 | 174
56 | 6 | 7.91559 | 74
113 | 7 | 7.91559 | 74
226 | 8 | 3.35736 | 29
452 | 9 | 2.58327 | 15
905 | 10 | 2.58327 | 15
1810 | 11 | 1.63042e-322 | 3
1811 | 11 | 1.82988 | 12
3622 | 12 | 1.82988 | 12
7245 | 13 | 1.82988 | 12
14490 | 14 | 1.63042e-322 | 3
14491 | 14 | 1.63042e-322 | 9
453 | 9 | 1.9652 | 14
907 | 10 | 1.9652 | 14
1814 | 11 | 1.75315 | 13
3628 | 12 | 1.63042e-322 | 4
3629 | 12 | 1.63042e-322 | 9
1815 | 11 | 1.58101e-322 | 1
227 | 8 | 5.14668 | 45
454 | 9 | 4.52502 | 31
908 | 10 | 4.52502 | 31
1816 | 11 | 83.473 | 1
1817 | 11 | 4.01725 | 30
3634 | 12 | 4.01725 | 29
7268 | 13 | 4.01725 | 16
14536 | 14 | 2.61056 | 14
29072 | 15 | 2.61056 | 13
58144 | 16 | 1.58101e-322 | 9
58145 | 16 | 1.63042e-322 | 4
29073 | 15 | 1.63042e-322 | 1
14537 | 14 | 1.63042e-322 | 2
7269 | 13 | 2.61524 | 13
14538 | 14 | 1.63042e-322 | 2
14539 | 14 | 2.20463 | 11
29078 | 15 | 2.20463 | 11
58157 | 16 | 2.20463 | 11
116314 | 17 | 4.63978e-310 | 4
116315 | 17 | 4.63978e-310 | 7
3635 | 12 | 4.63978e-310 | 1
455 | 9 | 3.67628 | 14
910 | 10 | 3.67628 | 14
1820 | 11 | 3.67628 | 14
3640 | 12 | 3.67628 | 14
7281 | 13 | 3.67628 | 14
14562 | 14 | 3.67628 | 14
29124 | 15 | 3.67628 | 12
58249 | 16 | 3.67628 | 12
116498 | 17 | 0.926037 | 4
116499 | 17 | 0.115491 | 8
29125 | 15 | 0.831213 | 2
57 | 6 | 9.47657 | 100
114 | 7 | 9.47657 | 100
228 | 8 | 7.04352 | 52
456 | 9 | 7.04352 | 51
912 | 10 | 7.04352 | 51
1824 | 11 | 6.13372 | 36
3648 | 12 | 5.46072 | 32
7297 | 13 | 5.46072 | 32
14594 | 14 | 5.46072 | 32
29188 | 15 | 4.63978e-310 | 3
29189 | 15 | 4.86512 | 29
58379 | 16 | 4.86512 | 29
116759 | 17 | 4.86512 | 29
233518 | 18 | 3.3135 | 19
467037 | 19 | 3.3135 | 19
934075 | 20 | 3.3135 | 19
1868150 | 21 | 0.131931 | 9
1868151 | 21 | 5.85257 | 10
233519 | 18 | 9.36667 | 10
3649 | 12 | 4.63978e-310 | 4
1825 | 11 | 4.83131 | 15
3650 | 12 | 0.38851 | 8
3651 | 12 | 0.592175 | 7
457 | 9 | 4.63978e-310 | 1
229 | 8 | 6.46179 | 48
458 | 9 | 5.53431 | 43
917 | 10 | 5.53431 | 43
1835 | 11 | 5.53431 | 43
3670 | 12 | 4.63978e-310 | 10
3671 | 12 | 4.76867 | 33
7343 | 13 | 4.76867 | 33
14687 | 14 | 4.76867 | 33
29374 | 15 | 3.01828 | 17
58749 | 16 | 3.01828 | 17
117499 | 17 | 3.01828 | 17
234998 | 18 | 4.63978e-310 | 4
234999 | 18 | 2.48591 | 13
469999 | 19 | 2.48591 | 13
939998 | 20 | 0.251632 | 1
939999 | 20 | 2.4474 | 12
1879998 | 21 | 0.0501622 | 9
1879999 | 21 | 1.35997 | 3
29375 | 15 | 2.25657 | 16
58750 | 16 | 2.25657 | 16
117500 | 17 | 69.8603 | 6
117501 | 17 | 4.63978e-310 | 10
459 | 9 | 4.63978e-310 | 5
