ID | Depth | diameter | Number of points
0 | 0 | 29.316 | 1600
0 | 1 | 29.316 | 1600
1 | 2 | 29.316 | 1600
2 | 3 | 29.316 | 1501
4 | 4 | 26.8108 | 684
8 | 5 | 4.63978e-310 | 5
9 | 5 | 26.8108 | 679
18 | 6 | 26.8108 | 679
36 | 7 | 25.8052 | 453
72 | 8 | 25.8052 | 449
144 | 9 | 25.8052 | 449
288 | 10 | 25.8052 | 449
576 | 11 | 22.9264 | 43
1152 | 12 | 22.9264 | 43
2304 | 13 | 14.9281 | 11
4608 | 14 | 14.9281 | 11
9216 | 15 | 147.926 | 3
9217 | 15 | 4.63978e-310 | 8
2305 | 13 | 19.2007 | 32
4611 | 14 | 19.2007 | 32
9222 | 15 | 19.2007 | 32
18444 | 16 | 19.2007 | 32
36889 | 17 | 19.2007 | 32
73778 | 18 | 343.198 | 9
73779 | 18 | 7.99432 | 23
147558 | 19 | 52.1213 | 7
147559 | 19 | 2.84082 | 16
295118 | 20 | 2.84082 | 13
590236 | 21 | 2.84082 | 13
1180472 | 22 | 0.0100007 | 2
1180473 | 22 | 2.45639 | 11
2360946 | 23 | 0 | 5
2360947 | 23 | 334.284 | 6
295119 | 20 | 4.63978e-310 | 3
577 | 11 | 25.8052 | 406
1154 | 12 | 22.1196 | 118
2308 | 13 | 16.2233 | 62
4616 | 14 | 13.0017 | 26
9232 | 15 | 5.96486 | 11
18465 | 16 | 5.96486 | 11
36930 | 17 | 16.54 | 8
36931 | 17 | 36.7273 | 3
9233 | 15 | 6.63473 | 15
18466 | 16 | 0 | 3
18467 | 16 | 6.63473 | 12
36934 | 17 | 1.10671e-321 | 4
36935 | 17 | 13.8491 | 8
4617 | 14 | 15.8 | 36
9234 | 15 | 7.61835 | 13
18468 | 16 | 7.40106 | 12
36936 | 17 | 7.40106 | 12
73872 | 18 | 63.0129 | 4
73873 | 18 | 2.49166 | 8
18469 | 16 | 4.63978e-310 | 1
9235 | 15 | 9.16157 | 23
18470 | 16 | 8.64277 | 15
36940 | 17 | 2.85076e-321 | 6
36941 | 17 | 44.893 | 9
18471 | 16 | 4.63978e-310 | 8
2309 | 13 | 9.71405 | 56
4618 | 14 | 4.63978e-310 | 7
4619 | 14 | 9.22455 | 49
9238 | 15 | 6.51593 | 19
18476 | 16 | 6.51593 | 19
36952 | 17 | 6.31893 | 18
73904 | 18 | 6.31893 | 18
147808 | 19 | 6.31893 | 18
295616 | 20 | 35.2485 | 8
295617 | 20 | 17.6408 | 10
36953 | 17 | 4.63978e-310 | 1
9239 | 15 | 9.22455 | 30
18479 | 16 | 9.22455 | 30
36958 | 17 | 7.2462 | 12
73916 | 18 | 0 | 8
73917 | 18 | 22.7456 | 4
36959 | 17 | 7.7638 | 18
73918 | 18 | 3.48688 | 11
147836 | 19 | 1.76899 | 3
147837 | 19 | 4.63978e-310 | 8
73919 | 18 | 55.8476 | 7
1155 | 12 | 15.8052 | 288
2310 | 13 | 15.8052 | 288
4620 | 14 | 4.63978e-310 | 2
4621 | 14 | 15.8052 | 286
9243 | 15 | 15.8052 | 286
18486 | 16 | 15.8052 | 286
36972 | 17 | 15.2985 | 270
73944 | 18 | 11.8511 | 136
147888 | 19 | 7.39029 | 71
295776 | 20 | 4.14441 | 22
591552 | 21 | 4.14441 | 22
1183104 | 22 | 3.68666 | 19
2366208 | 23 | 3.68666 | 16
4732416 | 24 | 0.417217 | 7
4732417 | 24 | 0.127833 | 9
2366209 | 23 | 1.42785e-321 | 3
1183105 | 22 | 4.63978e-310 | 3
295777 | 20 | 5.87431 | 49
591554 | 21 | 4.63978e-310 | 2
591555 | 21 | 5.87431 | 47
1183111 | 22 | 5.87431 | 47
2366222 | 23 | 4.33748 | 15
4732444 | 24 | 4.33748 | 15
9464888 | 25 | 4.63978e-310 | 1
9464889 | 25 | 4.24604 | 14
18929778 | 26 | 2.70154 | 12
37859556 | 27 | 3.03436 | 4
37859557 | 27 | 0.0454234 | 8
18929779 | 26 | 4.63978e-310 | 2
2366223 | 23 | 3.80609 | 32
4732446 | 24 | 1.58101e-322 | 10
4732447 | 24 | 3.04447 | 22
9464894 | 25 | 1.58101e-322 | 7
9464895 | 25 | 2.07755 | 15
18929790 | 26 | 0 | 6
18929791 | 26 | 0.122275 | 9
147889 | 19 | 8.80369 | 65
295778 | 20 | 6.45081 | 17
591557 | 21 | 6.45081 | 17
1183114 | 22 | 1.99106 | 14
2366229 | 23 | 1.99106 | 14
4732458 | 24 | 50.5212 | 2
4732459 | 24 | 1.88329 | 12
9464918 | 25 | 22.17 | 2
9464919 | 25 | 22.3592 | 10
1183115 | 22 | 4.63978e-310 | 3
295779 | 20 | 7.93286 | 48
591558 | 21 | 7.93286 | 48
1183116 | 22 | 5.55602 | 34
2366232 | 23 | 5.44224 | 33
4732464 | 24 | 5.44224 | 33
9464928 | 25 | 5.44224 | 33
18929856 | 26 | 5.44224 | 33
37859712 | 27 | 5.44224 | 33
75719424 | 28 | 5.44224 | 32
151438848 | 29 | 3.30044 | 12
302877697 | 30 | 3.30044 | 12
605755394 | 31 | 3.30044 | 12
1211510788 | 32 | 0.781203 | 6
1211510789 | 32 | 1.34386e-321 | 6
151438849 | 29 | 2.32523 | 20
302877698 | 30 | 2.32523 | 20
605755396 | 31 | 4.79244e-322 | 8
605755397 | 31 | 1.68873 | 12
1211510794 | 32 | 2.28626 | 10
1211510795 | 32 | 1.1405 | 2
75719425 | 28 | 4.63978e-310 | 1
2366233 | 23 | 4.63978e-310 | 1
1183117 | 22 | 5.02416 | 14
2366234 | 23 | 4.63978e-310 | 2
2366235 | 23 | 2.49455 | 12
4732471 | 24 | 2.49455 | 12
9464943 | 25 | 2.49455 | 12
18929887 | 26 | 2.49455 | 12
37859774 | 27 | 2.49455 | 12
75719549 | 28 | 2.49455 | 12
151439098 | 29 | 4.63978e-310 | 6
151439099 | 29 | 4.63978e-310 | 6
73945 | 18 | 14.7657 | 134
147890 | 19 | 14.7657 | 134
295780 | 20 | 13.6069 | 66
591560 | 21 | 13.6069 | 64
1183120 | 22 | 13.6069 | 64
2366240 | 23 | 13.6069 | 43
4732481 | 24 | 13.6069 | 43
9464962 | 25 | 1.58101e-322 | 2
9464963 | 25 | 3.90496 | 41
18929926 | 26 | 3.90496 | 40
37859852 | 27 | 3.90496 | 40
75719704 | 28 | 3.47631 | 35
151439408 | 29 | 3.2322 | 16
302878816 | 30 | 0.869786 | 5
302878817 | 30 | 2.22226 | 11
605757634 | 31 | 1.62226 | 6
605757635 | 31 | 1.95991 | 5
151439409 | 29 | 3.13411 | 19
302878819 | 30 | 3.13411 | 19
605757638 | 31 | 5.02355 | 8
605757639 | 31 | 1.69902 | 11
1211515279 | 32 | 1.69902 | 11
2423030559 | 33 | 1.69902 | 11
4846061118 | 34 | 0.815083 | 9
4846061119 | 34 | 4.81905 | 2
75719705 | 28 | 4.63978e-310 | 5
18929927 | 26 | 4.63978e-310 | 1
2366241 | 23 | 3.10193 | 21
4732483 | 24 | 3.10193 | 21
9464966 | 25 | 2.04035 | 13
18929933 | 26 | 2.04035 | 13
37859867 | 27 | 2.04035 | 13
75719734 | 28 | 0 | 3
75719735 | 28 | 4.63978e-310 | 10
9464967 | 25 | 4.63978e-310 | 8
591561 | 21 | 4.63978e-310 | 2
295781 | 20 | 12.565 | 68
591562 | 21 | 12.565 | 68
1183124 | 22 | 10.728 | 36
2366248 | 23 | 1.58101e-322 | 10
2366249 | 23 | 10.728 | 26
4732499 | 24 | 10.728 | 26
9464998 | 25 | 10.2338 | 23
18929997 | 26 | 10.2338 | 23
37859995 | 27 | 10.2338 | 23
75719990 | 28 | 10.2338 | 23
151439980 | 29 | 10.2338 | 23
302879960 | 30 | 1.82338 | 21
605759920 | 31 | 1.56259 | 16
1211519840 | 32 | 1.36084 | 13
2423039681 | 33 | 1.36084 | 13
4846079362 | 34 | 0.504198 | 2
4846079363 | 34 | 1.36084 | 11
9692158726 | 35 | 4.58282 | 10
9692158727 | 35 | 4.63978e-310 | 1
1211519841 | 32 | 4.63978e-310 | 3
605759921 | 31 | 4.63978e-310 | 5
302879961 | 30 | 4.63978e-310 | 2
9464999 | 25 | 4.63978e-310 | 3
1183125 | 22 | 3.23393 | 32
2366250 | 23 | 2.89991 | 30
4732500 | 24 | 2.89991 | 30
9465000 | 25 | 2.89991 | 30
18930000 | 26 | 1.74562 | 14
37860001 | 27 | 1.74562 | 14
75720002 | 28 | 0.507666 | 6
75720003 | 28 | 2.0034 | 8
18930001 | 26 | 1.96266 | 16
37860002 | 27 | 1.96266 | 16
75720004 | 28 | 0.330184 | 10
75720005 | 28 | 0 | 6
2366251 | 23 | 4.63978e-310 | 2
36973 | 17 | 9.1936 | 16
73946 | 18 | 9.1936 | 16
147892 | 19 | 9.1936 | 16
295785 | 20 | 9.1936 | 16
591571 | 21 | 9.1936 | 16
1183142 | 22 | 7.58202 | 11
2366284 | 23 | 7.58202 | 11
4732568 | 24 | 1.63042e-322 | 4
4732569 | 24 | 8.00648 | 7
1183143 | 22 | 4.63978e-310 | 5
73 | 8 | 4.63978e-310 | 4
37 | 7 | 20.21 | 226
74 | 8 | 19.9848 | 220
148 | 9 | 18.9158 | 109
296 | 10 | 18.9158 | 109
593 | 11 | 18.9158 | 109
1186 | 12 | 10.9375 | 59
2372 | 13 | 10.3168 | 40
4744 | 14 | 6.90513e-310 | 2
4745 | 14 | 9.54972 | 38
9490 | 15 | 7.14689 | 28
18980 | 16 | 7.01866 | 19
37960 | 17 | 50.8112 | 2
37961 | 17 | 6.18956 | 17
75922 | 18 | 6.18956 | 17
151845 | 19 | 6.18956 | 17
303690 | 20 | 6.18956 | 17
607380 | 21 | 6.18956 | 17
1214761 | 22 | 6.18956 | 17
2429522 | 23 | 6.18956 | 17
4859044 | 24 | 6.18956 | 17
9718088 | 25 | 6.18956 | 17
19436176 | 26 | 5.44171 | 12
38872353 | 27 | 5.44171 | 12
77744707 | 28 | 5.44171 | 12
155489415 | 29 | 5.44171 | 12
310978831 | 30 | 5.44171 | 12
621957662 | 31 | 5.44171 | 12
1243915324 | 32 | 4.63978e-310 | 8
1243915325 | 32 | 46.5272 | 4
19436177 | 26 | 4.63978e-310 | 5
18981 | 16 | 4.63978e-310 | 9
9491 | 15 | 4.63978e-310 | 10
2373 | 13 | 10.9375 | 19
4747 | 14 | 10.9375 | 19
9495 | 15 | 10.9375 | 19
18990 | 16 | 10.9375 | 19
37980 | 17 | 7.49741 | 11
75960 | 18 | 4.63978e-310 | 8
75961 | 18 | 1.58654 | 3
37981 | 17 | 4.63978e-310 | 8
1187 | 12 | 8.59585 | 50
2375 | 13 | 8.59585 | 50
4750 | 14 | 4.41931 | 27
9500 | 15 | 1.23483 | 4
9501 | 15 | 4.41931 | 23
19003 | 16 | 4.41931 | 23
38006 | 17 | 2.52928 | 20
76013 | 18 | 2.52928 | 20
152026 | 19 | 2.52928 | 20
304052 | 20 | 2.52928 | 20
608104 | 21 | 2.52928 | 20
1216209 | 22 | 2.52928 | 20
2432418 | 23 | 0.130531 | 3
2432419 | 23 | 1.5124 | 17
4864838 | 24 | 1.75836 | 8
4864839 | 24 | 0.54324 | 9
38007 | 17 | 4.63978e-310 | 3
4751 | 14 | 4.05171 | 23
9502 | 15 | 3.81657 | 11
19005 | 16 | 3.81657 | 11
38010 | 17 | 4.63978e-310 | 2
38011 | 17 | 0.723313 | 9
9503 | 15 | 3.27689 | 12
19006 | 16 | 3.27689 | 12
38012 | 17 | 3.27689 | 12
76025 | 18 | 3.27689 | 12
152050 | 19 | 3.27689 | 12
304100 | 20 | 3.79348 | 9
304101 | 20 | 6.38515 | 3
149 | 9 | 8.43129 | 111
299 | 10 | 8.43129 | 111
598 | 11 | 7.88752 | 102
1196 | 12 | 7.88752 | 102
2392 | 13 | 7.63546 | 40
4784 | 14 | 7.03716 | 35
9568 | 15 | 5.38538 | 11
19136 | 16 | 5.38538 | 11
38272 | 17 | 4.63978e-310 | 4
38273 | 17 | 4.79244e-322 | 7
9569 | 15 | 6.89231 | 24
19139 | 16 | 6.89231 | 24
38278 | 17 | 3.08856 | 11
76557 | 18 | 3.08856 | 11
153114 | 19 | 0.337235 | 6
153115 | 19 | 10.3881 | 5
38279 | 17 | 3.22306 | 13
76558 | 18 | 3.22306 | 13
153116 | 19 | 3.22306 | 13
306232 | 20 | 3.09614 | 11
612464 | 21 | 3.09614 | 11
1224928 | 22 | 3.09614 | 11
2449856 | 23 | 0 | 6
2449857 | 23 | 0.582941 | 5
306233 | 20 | 4.63978e-310 | 2
4785 | 14 | 4.63978e-310 | 5
2393 | 13 | 7.56719 | 62
4786 | 14 | 3.37643 | 35
9572 | 15 | 3.37643 | 31
19144 | 16 | 3.37643 | 31
38288 | 17 | 2.3002 | 22
76577 | 18 | 2.3002 | 22
153154 | 19 | 1.66352 | 1
153155 | 19 | 2.3002 | 21
306310 | 20 | 2.0624 | 19
612621 | 21 | 2.0624 | 19
1225242 | 22 | 2.0624 | 19
2450484 | 23 | 1.91645 | 12
4900968 | 24 | 0.0357508 | 6
4900969 | 24 | 0.513175 | 6
2450485 | 23 | 4.63978e-310 | 7
306311 | 20 | 4.63978e-310 | 2
38289 | 17 | 4.63978e-310 | 9
9573 | 15 | 4.63978e-310 | 4
4787 | 14 | 3.08312 | 27
9574 | 15 | 3.08312 | 21
19149 | 16 | 3.08312 | 21
38298 | 17 | 2.19765 | 15
76596 | 18 | 0.55044 | 7
76597 | 18 | 1.42785e-321 | 8
38299 | 17 | 4.63978e-310 | 6
9575 | 15 | 4.63978e-310 | 6
599 | 11 | 4.63978e-310 | 9
75 | 8 | 4.63978e-310 | 6
5 | 4 | 23.6182 | 817
11 | 5 | 23.6182 | 817
22 | 6 | 10.0274 | 118
44 | 7 | 8.59062 | 28
88 | 8 | 6.33685 | 17
176 | 9 | 6.33685 | 17
352 | 10 | 6.20207 | 12
704 | 11 | 4.63978e-310 | 10
705 | 11 | 30.3349 | 2
353 | 10 | 4.63978e-310 | 5
89 | 8 | 2.13162 | 11
178 | 9 | 2.13162 | 11
356 | 10 | 350.217 | 9
357 | 10 | 4.63978e-310 | 2
45 | 7 | 9.71896 | 90
90 | 8 | 5.05017 | 42
180 | 9 | 5.05017 | 42
360 | 10 | 3.77422 | 11
720 | 11 | 4.63978e-310 | 2
721 | 11 | 4.63978e-310 | 9
361 | 10 | 3.65295 | 31
722 | 11 | 2.82477 | 17
1444 | 12 | 2.82477 | 17
2888 | 13 | 1.58101e-322 | 10
2889 | 13 | 1.58101e-322 | 7
723 | 11 | 2.6322 | 14
1447 | 12 | 2.6322 | 14
2894 | 13 | 1.63042e-322 | 7
2895 | 13 | 1.63042e-322 | 7
91 | 8 | 5.17877 | 48
182 | 9 | 3.19676 | 19
364 | 10 | 3.19676 | 18
728 | 11 | 1.55286 | 10
729 | 11 | 2.93739 | 8
365 | 10 | 2.72172 | 1
183 | 9 | 5.09743 | 29
366 | 10 | 5.09743 | 29
732 | 11 | 2.348 | 14
1464 | 12 | 2.348 | 14
2928 | 13 | 2.348 | 14
5856 | 14 | 1.90543 | 2
5857 | 14 | 1.74084 | 12
11714 | 15 | 2.51224 | 5
11715 | 15 | 0 | 7
733 | 11 | 2.59979 | 15
1466 | 12 | 4.63978e-310 | 5
1467 | 12 | 0.898255 | 10
23 | 6 | 20.8314 | 699
46 | 7 | 16.9143 | 250
92 | 8 | 16.9143 | 249
184 | 9 | 12.9622 | 236
369 | 10 | 12.9622 | 236
738 | 11 | 6.90513e-310 | 1
739 | 11 | 12.4214 | 235
1478 | 12 | 9.33871 | 30
2956 | 13 | 9.33871 | 30
5912 | 14 | 6.68269 | 21
11824 | 15 | 6.68269 | 21
23648 | 16 | 6.68269 | 21
47296 | 17 | 4.41184 | 14
94592 | 18 | 8.69556e-322 | 2
94593 | 18 | 4.41184 | 12
189187 | 19 | 4.41184 | 12
378374 | 20 | 3.22668 | 8
378375 | 20 | 2.61361e-321 | 4
47297 | 17 | 4.63978e-310 | 7
5913 | 14 | 4.63978e-310 | 9
1479 | 12 | 10.8743 | 205
2958 | 13 | 10.8743 | 205
5916 | 14 | 4.63978e-310 | 10
5917 | 14 | 10.1124 | 195
11834 | 15 | 4.63803 | 1
11835 | 15 | 10.1124 | 194
23670 | 16 | 10.0991 | 112
47340 | 17 | 7.82172 | 67
94680 | 18 | 6.90513e-310 | 4
94681 | 18 | 5.57765 | 63
189362 | 19 | 5.57765 | 63
378724 | 20 | 0.0822943 | 3
378725 | 20 | 5.4543 | 60
757450 | 21 | 5.4543 | 60
1514900 | 22 | 5.06103 | 34
3029800 | 23 | 2.99657 | 30
6059600 | 24 | 1.97709 | 9
6059601 | 24 | 2.67197 | 21
12119202 | 25 | 1.64452 | 4
12119203 | 25 | 2.52743 | 17
24238406 | 26 | 1.45301 | 13
48476812 | 27 | 6.90513e-310 | 4
48476813 | 27 | 0.788667 | 9
24238407 | 26 | 4.63978e-310 | 4
3029801 | 23 | 4.63978e-310 | 4
1514901 | 22 | 4.91527 | 26
3029802 | 23 | 1.83208 | 18
6059605 | 24 | 1.83208 | 18
12119210 | 25 | 1.83208 | 18
24238420 | 26 | 1.10424 | 12
48476840 | 27 | 1.10424 | 12
96953681 | 28 | 1.10424 | 12
193907362 | 29 | 1.0614 | 8
193907363 | 29 | 1.10488 | 4
24238421 | 26 | 4.63978e-310 | 6
3029803 | 23 | 4.63978e-310 | 8
47341 | 17 | 6.42522 | 45
94682 | 18 | 4.63978e-310 | 1
94683 | 18 | 4.06368 | 44
189367 | 19 | 4.06368 | 44
378734 | 20 | 3.02011 | 16
757468 | 21 | 2.88865 | 15
1514936 | 22 | 2.05407 | 13
3029873 | 23 | 2.05407 | 13
6059746 | 24 | 0.145366 | 3
6059747 | 24 | 4.63978e-310 | 10
1514937 | 22 | 4.63978e-310 | 2
757469 | 21 | 4.63978e-310 | 1
378735 | 20 | 3.68452 | 28
757470 | 21 | 3.5225 | 24
1514940 | 22 | 3.05597 | 21
3029880 | 23 | 2.69142 | 18
6059761 | 24 | 2.69142 | 18
12119522 | 25 | 2.69142 | 18
24239045 | 26 | 2.69142 | 18
48478090 | 27 | 1.99361 | 13
96956180 | 28 | 1.99361 | 13
193912360 | 29 | 6.90513e-310 | 1
193912361 | 29 | 1.8873 | 12
387824722 | 30 | 1.45281 | 11
775649444 | 31 | 1.45281 | 11
1551298888 | 32 | 5.95518 | 9
1551298889 | 32 | 0.504569 | 2
387824723 | 30 | 4.63978e-310 | 1
48478091 | 27 | 4.63978e-310 | 5
3029881 | 23 | 4.63978e-310 | 3
1514941 | 22 | 4.63978e-310 | 3
757471 | 21 | 4.63978e-310 | 4
23671 | 16 | 8.12708 | 82
47342 | 17 | 8.12708 | 82
94685 | 18 | 8.12708 | 82
189371 | 19 | 8.12708 | 82
378742 | 20 | 6.94553 | 73
757484 | 21 | 6.502 | 19
1514968 | 22 | 6.502 | 19
3029936 | 23 | 0 | 10
3029937 | 23 | 0.228012 | 9
757485 | 21 | 6.64608 | 54
1514971 | 22 | 6.64608 | 54
3029942 | 23 | 3.59573 | 25
6059884 | 24 | 2.61338 | 15
12119769 | 25 | 2.61338 | 15
24239538 | 26 | 2.28043 | 13
48479076 | 27 | 3.25728 | 9
48479077 | 27 | 1.71561 | 4
24239539 | 26 | 4.63978e-310 | 2
6059885 | 24 | 4.63978e-310 | 10
3029943 | 23 | 2.95491 | 29
6059886 | 24 | 0.303936 | 7
6059887 | 24 | 2.29147 | 22
12119775 | 25 | 2.29147 | 22
24239550 | 26 | 0.367597 | 9
24239551 | 26 | 1.49749 | 13
48479102 | 27 | 1.49749 | 13
96958204 | 28 | 0.635086 | 4
96958205 | 28 | 0.745306 | 9
378743 | 20 | 4.63978e-310 | 9
185 | 9 | 8.47345 | 13
371 | 10 | 8.47345 | 13
742 | 11 | 4.63978e-310 | 9
743 | 11 | 4.63978e-310 | 4
93 | 8 | 4.63978e-310 | 1
47 | 7 | 19.9789 | 449
95 | 8 | 19.9789 | 449
191 | 9 | 19.9789 | 449
382 | 10 | 19.9789 | 449
764 | 11 | 19.9789 | 439
1528 | 12 | 9.59337 | 74
3056 | 13 | 9.59337 | 74
6112 | 14 | 6.8384 | 36
12225 | 15 | 6.8384 | 36
24450 | 16 | 6.8384 | 31
48900 | 17 | 5.86278 | 5
48901 | 17 | 5.27212 | 26
97802 | 18 | 5.27212 | 26
195604 | 19 | 5.27212 | 21
391208 | 20 | 1.04499 | 4
391209 | 20 | 4.29731 | 17
782418 | 21 | 4.29731 | 17
1564837 | 22 | 4.29731 | 17
3129674 | 23 | 1.54386 | 12
6259348 | 24 | 7.41711 | 8
6259349 | 24 | 0.473836 | 4
3129675 | 23 | 4.63978e-310 | 5
195605 | 19 | 4.63978e-310 | 5
24451 | 16 | 4.63978e-310 | 5
6113 | 14 | 3.48296 | 38
12227 | 15 | 3.48296 | 38
24454 | 16 | 3.48296 | 37
48908 | 17 | 3.48296 | 36
97816 | 18 | 2.81357 | 28
195632 | 19 | 2.81357 | 28
391264 | 20 | 2.79174 | 27
782528 | 21 | 1.80236 | 10
782529 | 21 | 2.41311 | 17
1565059 | 22 | 2.41311 | 17
3130118 | 23 | 0.639631 | 6
3130119 | 23 | 1.51674 | 11
6260238 | 24 | 1.51674 | 11
12520476 | 25 | 3.83094 | 2
12520477 | 25 | 0.339438 | 9
391265 | 20 | 4.63978e-310 | 1
97817 | 18 | 4.63978e-310 | 8
48909 | 17 | 4.63978e-310 | 1
24455 | 16 | 4.63978e-310 | 1
1529 | 12 | 18.493 | 365
3058 | 13 | 18.493 | 365
6117 | 14 | 18.493 | 365
12234 | 15 | 17.4169 | 336
24468 | 16 | 17.4169 | 336
48937 | 17 | 17.4169 | 336
97874 | 18 | 13.6669 | 248
195748 | 19 | 13.6669 | 248
391496 | 20 | 10.1827 | 28
782992 | 21 | 2.54688 | 10
782993 | 21 | 6.06219 | 18
1565987 | 22 | 6.06219 | 18
3131974 | 23 | 5.85921 | 13
6263948 | 24 | 4.96447 | 11
12527897 | 25 | 4.96447 | 11
25055794 | 26 | 77.0228 | 2
25055795 | 26 | 1.18576e-321 | 9
6263949 | 24 | 4.63978e-310 | 2
3131975 | 23 | 4.63978e-310 | 5
391497 | 20 | 12.7362 | 220
782994 | 21 | 8.55141 | 118
1565988 | 22 | 6.82216 | 24
3131976 | 23 | 2.17636 | 12
6263952 | 24 | 2.17636 | 12
12527905 | 25 | 2.17636 | 12
25055810 | 26 | 0.570608 | 4
25055811 | 26 | 21.7369 | 8
3131977 | 23 | 2.91773 | 12
6263954 | 24 | 2.91773 | 12
12527908 | 25 | 2.91773 | 12
25055816 | 26 | 5.15706 | 4
25055817 | 26 | 14.8828 | 8
1565989 | 22 | 7.79734 | 94
3131978 | 23 | 5.89542 | 54
6263956 | 24 | 5.4384 | 42
12527913 | 25 | 5.4384 | 42
25055826 | 26 | 3.80775 | 35
50111652 | 27 | 3.80775 | 34
100223304 | 28 | 4.66892e-321 | 10
100223305 | 28 | 3.61776 | 24
200446610 | 29 | 2.47706 | 15
400893220 | 30 | 0 | 3
400893221 | 30 | 2.47706 | 12
801786443 | 31 | 2.47706 | 12
1603572886 | 32 | 2.66843 | 10
1603572887 | 32 | 2.77161 | 2
200446611 | 29 | 4.63978e-310 | 9
50111653 | 27 | 4.63978e-310 | 1
25055827 | 26 | 4.63978e-310 | 7
6263957 | 24 | 4.60251 | 12
12527915 | 25 | 4.60251 | 12
25055831 | 26 | 4.60251 | 12
50111662 | 27 | 4.60251 | 12
100223324 | 28 | 4.60251 | 12
200446648 | 29 | 4.63978e-310 | 8
200446649 | 29 | 4.63978e-310 | 4
3131979 | 23 | 4.00269 | 40
6263958 | 24 | 4.00269 | 40
12527917 | 25 | 4.00269 | 40
25055834 | 26 | 3.98792 | 31
50111668 | 27 | 2.5013 | 17
100223337 | 28 | 2.5013 | 17
200446674 | 29 | 2.5013 | 17
400893348 | 30 | 2.23294 | 14
801786696 | 31 | 1.54637 | 12
1603573392 | 32 | 3.21197 | 4
1603573393 | 32 | 0.090845 | 8
801786697 | 31 | 4.63978e-310 | 2
400893349 | 30 | 2.88982 | 3
50111669 | 27 | 1.54966 | 14
100223338 | 28 | 4.63978e-310 | 4
100223339 | 28 | 0.0487954 | 10
25055835 | 26 | 4.63978e-310 | 9
782995 | 21 | 8.59451 | 102
1565990 | 22 | 6.68817 | 37
3131980 | 23 | 2.64197 | 17
6263960 | 24 | 31.3989 | 9
6263961 | 24 | 0.315797 | 8
3131981 | 23 | 2.95987 | 20
6263962 | 24 | 1.63042e-322 | 6
6263963 | 24 | 2.75863 | 14
12527927 | 25 | 2.75863 | 14
25055854 | 26 | 3.37827 | 10
25055855 | 26 | 1.06158 | 4
1565991 | 22 | 7.69162 | 65
3131982 | 23 | 7.69162 | 65
6263964 | 24 | 7.69162 | 65
12527928 | 25 | 7.69162 | 65
25055856 | 26 | 7.69162 | 65
50111712 | 27 | 7.69162 | 62
100223425 | 28 | 7.69162 | 62
200446850 | 29 | 5.86394 | 34
400893700 | 30 | 5.86394 | 32
801787401 | 31 | 5.86394 | 32
1603574802 | 32 | 2.29197 | 3
1603574803 | 32 | 5.35055 | 29
3207149606 | 33 | 5.35055 | 27
6414299213 | 34 | 5.35055 | 27
12828598427 | 35 | 5.35055 | 27
25657196854 | 36 | 5.10562 | 20
51314393708 | 37 | 5.10562 | 20
102628787416 | 38 | 2.49911 | 16
205257574832 | 39 | 1.73541 | 11
410515149664 | 40 | 1.73541 | 11
821030299328 | 41 | 0 | 6
821030299329 | 41 | 3.34202 | 5
205257574833 | 39 | 4.63978e-310 | 5
102628787417 | 38 | 4.63978e-310 | 4
25657196855 | 36 | 4.63978e-310 | 7
3207149607 | 33 | 4.63978e-310 | 2
400893701 | 30 | 4.63978e-310 | 2
200446851 | 29 | 3.49964 | 28
400893702 | 30 | 2.76837 | 21
801787404 | 31 | 2.76837 | 21
1603574808 | 32 | 2.68354 | 12
3207149616 | 33 | 17.8377 | 7
3207149617 | 33 | 4.63978e-310 | 5
1603574809 | 32 | 4.63978e-310 | 9
400893703 | 30 | 4.63978e-310 | 7
50111713 | 27 | 4.63978e-310 | 3
97875 | 18 | 9.79785 | 88
195750 | 19 | 9.79785 | 88
391500 | 20 | 9.79785 | 88
783001 | 21 | 9.79785 | 88
1566003 | 22 | 9.79785 | 88
3132006 | 23 | 5.95186 | 44
6264012 | 24 | 4.0346 | 21
12528024 | 25 | 2.82437 | 1
12528025 | 25 | 4.0346 | 20
25056051 | 26 | 4.0346 | 20
50112102 | 27 | 0.543551 | 7
50112103 | 27 | 3.58912 | 13
100224207 | 28 | 3.58912 | 13
200448414 | 29 | 10.8073 | 9
200448415 | 29 | 0.217617 | 4
6264013 | 24 | 4.61928 | 23
12528026 | 25 | 4.63978e-310 | 4
12528027 | 25 | 3.70093 | 19
25056054 | 26 | 5.40838 | 2
25056055 | 26 | 2.76256 | 17
50112110 | 27 | 2.76256 | 14
100224220 | 28 | 2.76256 | 14
200448440 | 29 | 2.22917 | 11
400896880 | 30 | 13.7517 | 1
400896881 | 30 | 0.847306 | 10
200448441 | 29 | 0.233655 | 3
50112111 | 27 | 4.63978e-310 | 3
3132007 | 23 | 5.17052 | 44
6264014 | 24 | 4.63978e-310 | 5
6264015 | 24 | 5.01908 | 39
12528030 | 25 | 4.72858 | 33
25056060 | 26 | 4.39178 | 14
50112120 | 27 | 1.63598 | 1
50112121 | 27 | 3.75821 | 13
100224242 | 28 | 0.658432 | 4
100224243 | 28 | 4.63978e-310 | 9
25056061 | 26 | 4.13115 | 19
50112122 | 27 | 10.6242 | 8
50112123 | 27 | 2.16309 | 11
100224246 | 28 | 3.17324 | 1
100224247 | 28 | 1.50705 | 10
12528031 | 25 | 4.63978e-310 | 6
12235 | 15 | 7.85549 | 29
24471 | 16 | 7.85549 | 29
48942 | 17 | 2.56386 | 13
97884 | 18 | 4.63978e-310 | 8
97885 | 18 | 4.63978e-310 | 5
48943 | 17 | 5.44261 | 16
97887 | 18 | 5.44261 | 16
195774 | 19 | 4.64409 | 15
391548 | 20 | 0.505958 | 1
391549 | 20 | 2.37712 | 14
783098 | 21 | 2.37712 | 13
1566196 | 22 | 4.79244e-322 | 7
1566197 | 22 | 36.8607 | 6
783099 | 21 | 4.63978e-310 | 1
195775 | 19 | 4.63978e-310 | 1
765 | 11 | 4.63978e-310 | 10
3 | 3 | 15.6681 | 99
6 | 4 | 9.89535 | 16
12 | 5 | 4.89978 | 11
24 | 6 | 4.89978 | 11
48 | 7 | 12.6213 | 7
49 | 7 | 7.03641 | 4
13 | 5 | 4.63978e-310 | 5
7 | 4 | 12.1103 | 83
14 | 5 | 7.08882 | 14
29 | 6 | 7.08882 | 14
58 | 7 | 4.63978e-310 | 8
59 | 7 | 4.63978e-310 | 6
15 | 5 | 11.3688 | 69
30 | 6 | 7.78948 | 33
60 | 7 | 6.63441 | 16
120 | 8 | 4.63978e-310 | 5
121 | 8 | 2.81964 | 11
242 | 9 | 2.81964 | 11
484 | 10 | 1.63042e-322 | 9
485 | 10 | 1.63042e-322 | 2
61 | 7 | 7.72564 | 17
122 | 8 | 1.58101e-322 | 5
123 | 8 | 3.46544 | 12
246 | 9 | 3.46544 | 12
492 | 10 | 1.63042e-322 | 3
493 | 10 | 1.58101e-322 | 9
31 | 6 | 9.46457 | 36
62 | 7 | 1.63042e-322 | 10
63 | 7 | 7.93038 | 26
126 | 8 | 6.81801 | 23
253 | 9 | 6.81801 | 23
506 | 10 | 6.81801 | 23
1012 | 11 | 6.6075 | 22
2024 | 12 | 1.58101e-322 | 8
2025 | 12 | 6.06455 | 14
4050 | 13 | 1.63042e-322 | 1
4051 | 13 | 5.24653 | 13
8102 | 14 | 1.63042e-322 | 1
8103 | 14 | 5.24653 | 12
16206 | 15 | 5.24653 | 12
32412 | 16 | 1.63042e-322 | 5
32413 | 16 | 1.63042e-322 | 7
1013 | 11 | 1.63042e-322 | 1
127 | 8 | 1.63042e-322 | 3
