ID | Depth | diameter | Number of points
0 | 0 | 29.316 | 1600
0 | 1 | 29.316 | 1600
0 | 2 | 29.316 | 1600
0 | 3 | 29.316 | 1066
0 | 4 | 21.2463 | 167
1 | 5 | 21.2463 | 167
2 | 6 | 11.919 | 54
4 | 7 | 6.76126 | 11
8 | 8 | 4.63978e-310 | 6
9 | 8 | 6.90513e-310 | 5
5 | 7 | 10.2951 | 43
10 | 8 | 4.63978e-310 | 4
11 | 8 | 10.2664 | 39
22 | 9 | 9.50386 | 32
44 | 10 | 9.50386 | 32
88 | 11 | 9.32456 | 31
177 | 12 | 9.32456 | 31
355 | 13 | 9.32456 | 31
710 | 14 | 9.32456 | 31
1420 | 15 | 9.14425 | 30
2841 | 16 | 9.14425 | 30
5682 | 17 | 9.14425 | 30
11365 | 18 | 9.14425 | 30
22730 | 19 | 6.99494 | 19
45460 | 20 | 2.48265 | 8
45461 | 20 | 3.89206 | 11
90923 | 21 | 3.89206 | 11
181846 | 22 | 3.89206 | 11
363692 | 23 | 1.58101e-322 | 7
363693 | 23 | 12.7134 | 4
22731 | 19 | 6.26406 | 11
45462 | 20 | 1.63042e-322 | 6
45463 | 20 | 37.5651 | 5
1421 | 15 | 4.63978e-310 | 1
89 | 11 | 4.63978e-310 | 1
23 | 9 | 4.63978e-310 | 7
3 | 6 | 14.2354 | 113
6 | 7 | 4.63978e-310 | 4
7 | 7 | 11.6342 | 109
14 | 8 | 10.2973 | 66
28 | 9 | 10.2973 | 58
56 | 10 | 10.2973 | 58
112 | 11 | 10.2973 | 58
224 | 12 | 5.11754 | 12
448 | 13 | 5.11754 | 12
896 | 14 | 7.30971 | 8
897 | 14 | 8.31225 | 4
225 | 12 | 6.51935 | 46
450 | 13 | 6.51935 | 46
900 | 14 | 5.36637 | 36
1800 | 15 | 5.36637 | 36
3600 | 16 | 5.36637 | 36
7201 | 17 | 5.36637 | 36
14402 | 18 | 4.84439 | 29
28804 | 19 | 4.63978e-310 | 2
28805 | 19 | 4.62673 | 27
57610 | 20 | 4.07153 | 25
115220 | 21 | 2.72844 | 11
230440 | 22 | 2.72844 | 11
460880 | 23 | 3.81383 | 8
460881 | 23 | 1.63042e-322 | 3
115221 | 21 | 3.21793 | 14
230442 | 22 | 4.63978e-310 | 9
230443 | 22 | 1.58101e-322 | 5
57611 | 20 | 4.63978e-310 | 2
14403 | 18 | 4.63978e-310 | 7
901 | 14 | 4.63978e-310 | 10
29 | 9 | 4.63978e-310 | 8
15 | 8 | 9.56067 | 43
30 | 9 | 9.56067 | 43
60 | 10 | 9.56067 | 43
120 | 11 | 9.02299 | 32
240 | 12 | 9.02299 | 32
481 | 13 | 9.02299 | 32
963 | 14 | 9.02299 | 32
1926 | 15 | 9.02299 | 32
3853 | 16 | 9.02299 | 32
7706 | 17 | 9.02299 | 32
15412 | 18 | 7.12993 | 19
30824 | 19 | 6.35404 | 14
61649 | 20 | 6.35404 | 14
123298 | 21 | 2.37152e-322 | 2
123299 | 21 | 4.0618 | 12
246599 | 22 | 4.0618 | 12
493198 | 23 | 4.0618 | 12
986396 | 24 | 3.21143e-322 | 2
986397 | 24 | 1.58101e-322 | 10
30825 | 19 | 4.63978e-310 | 5
15413 | 18 | 1.78389 | 13
30826 | 19 | 1.63042e-322 | 5
30827 | 19 | 3.21143e-322 | 8
121 | 11 | 9.51472 | 11
242 | 12 | 4.63978e-310 | 3
243 | 12 | 4.63978e-310 | 8
1 | 4 | 22.9813 | 899
2 | 5 | 22.9473 | 895
4 | 6 | 14.1705 | 210
8 | 7 | 7.23825 | 25
16 | 8 | 3.31794 | 13
33 | 9 | 3.31794 | 13
66 | 10 | 1.63042e-322 | 2
67 | 10 | 2.82829 | 11
134 | 11 | 6.90513e-310 | 1
135 | 11 | 4.79244e-322 | 10
17 | 8 | 5.39682 | 12
35 | 9 | 5.39682 | 12
70 | 10 | 5.39682 | 11
140 | 11 | 6.90513e-310 | 7
141 | 11 | 4.79244e-322 | 4
71 | 10 | 4.63978e-310 | 1
9 | 7 | 11.813 | 185
18 | 8 | 9.60112 | 66
36 | 9 | 9.60112 | 66
72 | 10 | 6.37345e-322 | 10
73 | 10 | 7.27308 | 56
147 | 11 | 7.27308 | 56
294 | 12 | 4.52634 | 33
588 | 13 | 2.8468 | 20
1176 | 14 | 2.8468 | 20
2352 | 15 | 2.82706 | 15
4704 | 16 | 2.82706 | 13
9408 | 17 | 2.82706 | 13
18816 | 18 | 2.82706 | 13
37632 | 19 | 2.3576 | 12
75264 | 20 | 3.09785 | 5
75265 | 20 | 6.90513e-310 | 7
37633 | 19 | 4.63978e-310 | 1
4705 | 16 | 4.63978e-310 | 2
2353 | 15 | 4.63978e-310 | 5
589 | 13 | 2.81375 | 13
1178 | 14 | 1.02924 | 3
1179 | 14 | 4.63978e-310 | 10
295 | 12 | 2.87364 | 23
590 | 13 | 2.87364 | 23
1180 | 14 | 7.36077 | 9
1181 | 14 | 2.59176 | 14
2362 | 15 | 43.0521 | 10
2363 | 15 | 43.8176 | 4
19 | 8 | 10.6129 | 119
38 | 9 | 8.85777 | 77
76 | 10 | 6.69331 | 37
152 | 11 | 6.37345e-322 | 10
153 | 11 | 4.46715 | 27
306 | 12 | 4.46715 | 27
612 | 13 | 26.0426 | 7
613 | 13 | 3.72519 | 20
1226 | 14 | 7.12621 | 3
1227 | 14 | 3.55535 | 17
2454 | 15 | 3.55535 | 17
4908 | 16 | 2.0843 | 10
4909 | 16 | 1.16023 | 7
77 | 10 | 5.99222 | 40
154 | 11 | 3.69679 | 16
309 | 12 | 3.69679 | 16
618 | 13 | 3.69679 | 16
1236 | 14 | 3.69679 | 16
2473 | 15 | 3.69679 | 16
4946 | 16 | 8.48366 | 8
4947 | 16 | 9.39964 | 8
155 | 11 | 2.88652 | 24
311 | 12 | 2.88652 | 24
622 | 13 | 2.88652 | 23
1244 | 14 | 2.63707 | 13
2489 | 15 | 2.63707 | 13
4978 | 16 | 2.9996 | 6
4979 | 16 | 2.39763 | 7
1245 | 14 | 4.63978e-310 | 10
623 | 13 | 4.63978e-310 | 1
39 | 9 | 6.51771 | 42
79 | 10 | 6.51771 | 42
158 | 11 | 5.95216 | 41
317 | 12 | 5.95216 | 41
635 | 13 | 5.95216 | 41
1270 | 14 | 5.27247 | 36
2540 | 15 | 5.27247 | 36
5080 | 16 | 5.27247 | 36
10160 | 17 | 6.90513e-310 | 7
10161 | 17 | 3.2371 | 29
20323 | 18 | 3.2371 | 29
40646 | 19 | 3.2371 | 29
81292 | 20 | 2.5243 | 16
162584 | 21 | 1.7212 | 11
325168 | 22 | 3.21143e-322 | 4
325169 | 22 | 1.53397 | 7
162585 | 21 | 3.35221 | 5
81293 | 20 | 2.10059 | 13
162586 | 21 | 9.3719 | 1
162587 | 21 | 1.75581 | 12
325174 | 22 | 1.75581 | 11
650348 | 23 | 4.84973 | 1
650349 | 23 | 3.7142 | 10
325175 | 22 | 4.63978e-310 | 1
1271 | 14 | 4.63978e-310 | 5
159 | 11 | 4.63978e-310 | 1
5 | 6 | 17.8432 | 685
10 | 7 | 15.3298 | 40
20 | 8 | 15.3298 | 40
40 | 9 | 9.68095 | 19
81 | 10 | 9.68095 | 19
162 | 11 | 15.8022 | 1
163 | 11 | 9.17839 | 18
327 | 12 | 9.17839 | 18
654 | 13 | 9.17839 | 18
1308 | 14 | 5.83893 | 13
2617 | 15 | 5.83893 | 13
5234 | 16 | 19.6233 | 6
5235 | 16 | 6.64748 | 7
1309 | 14 | 4.63978e-310 | 5
41 | 9 | 10.038 | 21
82 | 10 | 10.038 | 21
164 | 11 | 4.63978e-310 | 8
165 | 11 | 4.43806 | 13
331 | 12 | 4.43806 | 13
663 | 13 | 4.43806 | 13
1326 | 14 | 3.17176 | 11
2653 | 15 | 3.17176 | 11
5307 | 16 | 3.17176 | 11
10614 | 17 | 18.3669 | 9
10615 | 17 | 0.0141303 | 2
1327 | 14 | 4.63978e-310 | 2
11 | 7 | 16.8013 | 645
22 | 8 | 14.8507 | 287
44 | 9 | 14.3233 | 269
88 | 10 | 14.3233 | 145
176 | 11 | 1.42785e-321 | 5
177 | 11 | 14.3233 | 140
354 | 12 | 14.3233 | 140
708 | 13 | 10.342 | 124
1417 | 14 | 10.342 | 124
2834 | 15 | 8.34124 | 82
5668 | 16 | 48.2965 | 1
5669 | 16 | 8.28334 | 81
11338 | 17 | 8.01746 | 38
22676 | 18 | 7.46238 | 30
45352 | 19 | 7.46238 | 30
90704 | 20 | 7.46238 | 30
181408 | 21 | 7.46238 | 30
362816 | 22 | 7.46238 | 30
725633 | 23 | 7.46238 | 30
1451266 | 24 | 42.1968 | 3
1451267 | 24 | 5.41892 | 27
2902534 | 25 | 5.41892 | 27
5805068 | 26 | 0.499495 | 6
5805069 | 26 | 4.47187 | 21
11610138 | 27 | 2.78408 | 4
11610139 | 27 | 3.27827 | 17
23220278 | 28 | 3.27827 | 17
46440556 | 29 | 3.27827 | 17
92881112 | 30 | 0.249443 | 8
92881113 | 30 | 0.178248 | 9
22677 | 18 | 4.63978e-310 | 8
11339 | 17 | 8.0978 | 43
22678 | 18 | 7.82683 | 39
45357 | 19 | 7.82683 | 39
90714 | 20 | 7.4217 | 32
181428 | 21 | 7.4217 | 32
362856 | 22 | 7.4217 | 32
725712 | 23 | 7.4217 | 32
1451424 | 24 | 7.4217 | 32
2902848 | 25 | 7.4217 | 32
5805697 | 26 | 7.4217 | 32
11611394 | 27 | 6.85681 | 28
23222788 | 28 | 6.59635 | 2
23222789 | 28 | 6.00452 | 26
46445578 | 29 | 6.00452 | 26
92891156 | 30 | 5.42952 | 22
185782312 | 31 | 5.42952 | 22
371564624 | 32 | 5.42952 | 22
743129248 | 33 | 6.25103 | 10
743129249 | 33 | 1.94408 | 12
1486258499 | 34 | 1.94408 | 12
2972516999 | 35 | 1.94408 | 12
5945033998 | 36 | 7.5769 | 2
5945033999 | 36 | 2.27959 | 10
92891157 | 30 | 4.63978e-310 | 4
11611395 | 27 | 4.63978e-310 | 4
90715 | 20 | 4.63978e-310 | 7
22679 | 18 | 4.63978e-310 | 4
2835 | 15 | 3.52448 | 42
5670 | 16 | 3.52448 | 42
11340 | 17 | 3.52448 | 42
22681 | 18 | 3.52448 | 42
45362 | 19 | 3.16497 | 26
90724 | 20 | 3.16497 | 26
181449 | 21 | 3.16497 | 26
362898 | 22 | 2.52928 | 13
725796 | 23 | 0.118993 | 4
725797 | 23 | 1.31703 | 9
362899 | 22 | 2.3114 | 13
725798 | 23 | 0 | 2
725799 | 23 | 1.73435 | 11
1451598 | 24 | 2.79388 | 3
1451599 | 24 | 4.63978e-310 | 8
45363 | 19 | 2.66366 | 16
90726 | 20 | 4.63978e-310 | 5
90727 | 20 | 1.81749 | 11
181454 | 21 | 2.49995 | 9
181455 | 21 | 0 | 2
709 | 13 | 3.16191 | 16
1418 | 14 | 4.63978e-310 | 6
1419 | 14 | 4.63978e-310 | 10
89 | 10 | 12.1676 | 124
178 | 11 | 4.63978e-310 | 4
179 | 11 | 12.1676 | 120
358 | 12 | 3.53366 | 32
716 | 13 | 1.58101e-322 | 3
717 | 13 | 3.24282 | 29
1434 | 14 | 4.79244e-322 | 6
1435 | 14 | 3.02738 | 23
2870 | 15 | 4.63978e-310 | 3
2871 | 15 | 2.33651 | 20
5743 | 16 | 2.33651 | 20
11486 | 17 | 2.33651 | 20
22972 | 18 | 1.54596 | 8
22973 | 18 | 1.50716 | 12
45947 | 19 | 1.50716 | 12
91894 | 20 | 8.69556e-322 | 4
91895 | 20 | 0.516198 | 8
359 | 12 | 9.21949 | 88
719 | 13 | 9.21949 | 88
1438 | 14 | 9.21949 | 88
2876 | 15 | 1.90215e-321 | 8
2877 | 15 | 8.15886 | 80
5754 | 16 | 8.15886 | 80
11508 | 17 | 4.79244e-322 | 8
11509 | 17 | 7.81999 | 72
23018 | 18 | 9.33557 | 9
23019 | 18 | 7.01061 | 63
46038 | 19 | 7.01061 | 63
92076 | 20 | 6.47348 | 23
184153 | 21 | 6.47348 | 23
368306 | 22 | 6.47348 | 23
736612 | 23 | 6.47348 | 17
1473224 | 24 | 1.5687 | 11
2946448 | 25 | 1.5687 | 11
5892896 | 26 | 1.5687 | 11
11785792 | 27 | 0.592878 | 1
11785793 | 27 | 27.1294 | 10
1473225 | 24 | 4.63978e-310 | 6
736613 | 23 | 4.63978e-310 | 6
92077 | 20 | 7.01061 | 40
184154 | 21 | 2.52851 | 18
368308 | 22 | 2.52851 | 18
736616 | 23 | 0.675085 | 9
736617 | 23 | 1.16779 | 9
184155 | 21 | 3.6379 | 22
368310 | 22 | 2.79714 | 15
736620 | 23 | 38.0932 | 9
736621 | 23 | 3.79936e-321 | 6
368311 | 22 | 4.63978e-310 | 7
45 | 9 | 8.21626 | 18
90 | 10 | 2.98404 | 13
180 | 11 | 2.16734 | 11
360 | 12 | 2.16734 | 11
720 | 13 | 2.16734 | 11
1440 | 14 | 4.63978e-310 | 2
1441 | 14 | 4.63978e-310 | 9
181 | 11 | 4.63978e-310 | 2
91 | 10 | 4.63978e-310 | 5
23 | 8 | 15.2971 | 358
46 | 9 | 14.2104 | 316
92 | 10 | 10.5081 | 142
184 | 11 | 6.90513e-310 | 9
185 | 11 | 10.0084 | 133
370 | 12 | 5.06737 | 32
740 | 13 | 1.63042e-322 | 6
741 | 13 | 5.06737 | 26
1482 | 14 | 0 | 10
1483 | 14 | 2.98205 | 16
2966 | 15 | 0.208194 | 3
2967 | 15 | 2.67455 | 13
5935 | 16 | 2.67455 | 13
11870 | 17 | 3.40232 | 7
11871 | 17 | 1.66096 | 6
371 | 12 | 7.53199 | 101
742 | 13 | 7.53199 | 101
1484 | 14 | 6.84083 | 60
2968 | 15 | 5.22883 | 40
5936 | 16 | 5.22883 | 40
11872 | 17 | 5.22883 | 40
23744 | 18 | 4.25786 | 32
47488 | 19 | 4.25786 | 32
94976 | 20 | 4.00459 | 18
189952 | 21 | 0.0677797 | 4
189953 | 21 | 2.82687 | 14
379906 | 22 | 2.82687 | 14
759812 | 23 | 0.136097 | 2
759813 | 23 | 1.82742 | 12
1519626 | 24 | 38.022 | 4
1519627 | 24 | 0.897052 | 8
94977 | 20 | 2.339 | 14
189954 | 21 | 4.63978e-310 | 5
189955 | 21 | 4.63978e-310 | 9
23745 | 18 | 4.63978e-310 | 8
2969 | 15 | 3.41173 | 20
5939 | 16 | 3.41173 | 20
11878 | 17 | 3.41173 | 20
23756 | 18 | 3.41173 | 20
47512 | 19 | 3.41173 | 16
95024 | 20 | 0.523744 | 10
95025 | 20 | 7.53414 | 6
47513 | 19 | 4.63978e-310 | 4
1485 | 14 | 6.41469 | 41
2970 | 15 | 4.66252 | 30
5941 | 16 | 4.66252 | 30
11882 | 17 | 4.53238 | 18
23764 | 18 | 3.71627 | 17
47529 | 19 | 3.71627 | 17
95058 | 20 | 3.71627 | 17
190116 | 21 | 3.21143e-322 | 4
190117 | 21 | 1.86544 | 13
380234 | 22 | 0.325877 | 4
380235 | 22 | 7.11455e-322 | 9
23765 | 18 | 4.63978e-310 | 1
11883 | 17 | 4.53651 | 12
23766 | 18 | 4.63978e-310 | 2
23767 | 18 | 0.410015 | 10
2971 | 15 | 1.97149 | 11
5942 | 16 | 4.63978e-310 | 1
5943 | 16 | 4.06526 | 10
93 | 10 | 13.1244 | 174
186 | 11 | 13.1244 | 162
372 | 12 | 4.90758 | 34
744 | 13 | 4.90758 | 34
1488 | 14 | 3.97204 | 24
2976 | 15 | 3.97204 | 24
5952 | 16 | 3.97204 | 24
11904 | 17 | 3.53961 | 16
23808 | 18 | 3.53961 | 13
47616 | 19 | 0 | 1
47617 | 19 | 3.53961 | 12
95234 | 20 | 0.381739 | 9
95235 | 20 | 5.70758 | 3
23809 | 18 | 4.63978e-310 | 3
11905 | 17 | 4.63978e-310 | 8
1489 | 14 | 4.63978e-310 | 10
373 | 12 | 11.0069 | 128
747 | 13 | 11.0069 | 128
1494 | 14 | 11.0069 | 128
2988 | 15 | 6.30767 | 68
5976 | 16 | 4.91909 | 19
11952 | 17 | 0.240476 | 4
11953 | 17 | 2.64417 | 15
23906 | 18 | 2.64417 | 15
47812 | 19 | 4.63978e-310 | 4
47813 | 19 | 2.61192 | 11
95626 | 20 | 0.221313 | 9
95627 | 20 | 13.9002 | 2
5977 | 16 | 5.23982 | 49
11954 | 17 | 4.73472 | 41
23909 | 18 | 4.73472 | 41
47818 | 19 | 9.00796 | 4
47819 | 19 | 4.73472 | 37
95638 | 20 | 3.30012 | 14
191276 | 21 | 2.56556 | 3
191277 | 21 | 2.91291 | 11
382554 | 22 | 2.91291 | 11
765108 | 23 | 0 | 4
765109 | 23 | 2.00301 | 7
95639 | 20 | 3.02583 | 23
191278 | 21 | 4.63978e-310 | 10
191279 | 21 | 1.54966 | 13
382558 | 22 | 1.54966 | 13
765116 | 23 | 0.805769 | 3
765117 | 23 | 4.63978e-310 | 10
11955 | 17 | 4.63978e-310 | 8
2989 | 15 | 6.11601 | 60
5978 | 16 | 6.11601 | 60
11956 | 17 | 6.11601 | 60
23912 | 18 | 5.17807 | 45
47824 | 19 | 2.87948 | 20
95648 | 20 | 2.44286 | 19
191296 | 21 | 2.29511 | 17
382593 | 22 | 2.29511 | 17
765186 | 23 | 0.893208 | 10
765187 | 23 | 7.16395e-322 | 7
191297 | 21 | 4.63978e-310 | 2
95649 | 20 | 4.63978e-310 | 1
47825 | 19 | 5.07619 | 25
95650 | 20 | 18.8334 | 9
95651 | 20 | 2.32271 | 16
191302 | 21 | 1.34042 | 11
382605 | 22 | 1.34042 | 11
765210 | 23 | 1.42785e-321 | 10
765211 | 23 | 0.368954 | 1
191303 | 21 | 4.63978e-310 | 5
23913 | 18 | 2.75863 | 15
47827 | 19 | 2.75863 | 15
95654 | 20 | 2.0989 | 9
95655 | 20 | 1.21174 | 6
187 | 11 | 9.48912 | 12
374 | 12 | 4.63978e-310 | 6
375 | 12 | 4.63978e-310 | 6
47 | 9 | 9.229 | 42
94 | 10 | 5.3207 | 29
188 | 11 | 4.63978e-310 | 5
189 | 11 | 3.58784 | 24
378 | 12 | 4.63978e-310 | 5
379 | 12 | 2.91317 | 19
758 | 13 | 2.91317 | 19
1516 | 14 | 1.4501 | 11
3033 | 15 | 1.4501 | 11
6066 | 16 | 6.46643 | 1
6067 | 16 | 0.50521 | 10
1517 | 14 | 4.63978e-310 | 8
95 | 10 | 3.32392 | 13
190 | 11 | 4.63978e-310 | 7
191 | 11 | 4.63978e-310 | 6
3 | 5 | 4.63978e-310 | 4
1 | 3 | 25.029 | 534
2 | 4 | 18.9654 | 396
4 | 5 | 18.6743 | 285
8 | 6 | 18.6743 | 285
16 | 7 | 15.665 | 228
32 | 8 | 15.665 | 228
65 | 9 | 15.665 | 228
130 | 10 | 11.4248 | 61
260 | 11 | 4.63978e-310 | 2
261 | 11 | 11.4248 | 59
523 | 12 | 11.4248 | 59
1046 | 13 | 6.90513e-310 | 5
1047 | 13 | 9.62881 | 54
2094 | 14 | 9.41089 | 50
4188 | 15 | 5.45323 | 38
8377 | 16 | 5.45323 | 38
16754 | 17 | 3.11622 | 28
33508 | 18 | 3.11622 | 28
67016 | 19 | 2.83335 | 21
134032 | 20 | 10.8257 | 1
134033 | 20 | 2.76901 | 20
268066 | 21 | 2.43175 | 16
536132 | 22 | 4.63978e-310 | 2
536133 | 22 | 2.15212 | 14
1072266 | 23 | 1.84594 | 11
2144532 | 24 | 1.84594 | 11
4289064 | 25 | 1.58101e-322 | 6
4289065 | 25 | 1.58101e-322 | 5
1072267 | 23 | 1.58101e-322 | 3
268067 | 21 | 4.63978e-310 | 4
67017 | 19 | 4.63978e-310 | 7
16755 | 17 | 4.63978e-310 | 10
4189 | 15 | 4.89978 | 12
8378 | 16 | 4.63978e-310 | 4
8379 | 16 | 4.63978e-310 | 8
2095 | 14 | 4.63978e-310 | 4
131 | 10 | 10.6025 | 167
262 | 11 | 8.43484 | 112
524 | 12 | 6.12594 | 100
1048 | 13 | 4.52963 | 76
2096 | 14 | 3.74768 | 16
4193 | 15 | 3.74768 | 16
8386 | 16 | 3.74768 | 16
16772 | 17 | 3.55262 | 11
33544 | 18 | 3.55262 | 11
67088 | 19 | 1.58101e-322 | 8
67089 | 19 | 1.58101e-322 | 3
16773 | 17 | 0 | 5
2097 | 14 | 3.76666 | 60
4195 | 15 | 3.76666 | 60
8390 | 16 | 3.56694 | 53
16780 | 17 | 2.8835 | 12
33561 | 18 | 2.8835 | 12
67122 | 19 | 1.58101e-322 | 5
67123 | 19 | 1.58101e-322 | 7
16781 | 17 | 3.25677 | 41
33562 | 18 | 3.25677 | 41
67124 | 19 | 1.82063 | 14
134248 | 20 | 59.9849 | 10
134249 | 20 | 43.9454 | 4
67125 | 19 | 2.35104 | 27
134250 | 20 | 1.88484 | 21
268501 | 21 | 1.88484 | 21
537002 | 22 | 1.63042e-322 | 6
537003 | 22 | 1.39607 | 15
1074006 | 23 | 1.58101e-322 | 10
1074007 | 23 | 1.58101e-322 | 5
134251 | 20 | 1.63042e-322 | 6
8391 | 16 | 4.63978e-310 | 7
1049 | 13 | 4.18437 | 24
2098 | 14 | 1.58101e-322 | 3
2099 | 14 | 3.57887 | 21
4199 | 15 | 3.57887 | 21
8398 | 16 | 1.58101e-322 | 6
8399 | 16 | 3.57887 | 15
16798 | 17 | 1.58101e-322 | 1
16799 | 17 | 2.60531 | 14
33598 | 18 | 2.60531 | 14
67196 | 19 | 1.58101e-322 | 8
67197 | 19 | 1.63042e-322 | 6
525 | 12 | 2.99608 | 12
1050 | 13 | 2.99608 | 12
2100 | 14 | 1.58101e-322 | 8
2101 | 14 | 1.58101e-322 | 4
263 | 11 | 8.32888 | 55
527 | 12 | 8.32888 | 55
1054 | 13 | 6.54195 | 13
2109 | 14 | 6.54195 | 13
4219 | 15 | 6.54195 | 13
8438 | 16 | 6.54195 | 13
16876 | 17 | 1.63042e-322 | 7
16877 | 17 | 1.63042e-322 | 6
1055 | 13 | 7.54527 | 42
2110 | 14 | 7.54527 | 42
4220 | 15 | 3.54171 | 38
8440 | 16 | 8.64734 | 1
8441 | 16 | 2.99627 | 37
16882 | 17 | 2.45502 | 23
33764 | 18 | 2.45502 | 23
67528 | 19 | 1.02528 | 5
67529 | 19 | 1.87163 | 18
135058 | 20 | 0.20774 | 8
135059 | 20 | 0.0274277 | 10
16883 | 17 | 2.86999 | 14
33766 | 18 | 2.86999 | 14
67532 | 19 | 0.0274277 | 7
67533 | 19 | 4.63978e-310 | 7
4221 | 15 | 4.63978e-310 | 4
17 | 7 | 10.0367 | 57
34 | 8 | 7.93384 | 40
68 | 9 | 3.37643 | 16
136 | 10 | 3.37643 | 16
272 | 11 | 4.63978e-310 | 4
273 | 11 | 1.97306 | 12
547 | 12 | 1.97306 | 12
1095 | 13 | 1.97306 | 12
2190 | 14 | 1.58101e-322 | 7
2191 | 14 | 1.63042e-322 | 5
69 | 9 | 7.34738 | 24
138 | 10 | 7.34738 | 24
276 | 11 | 1.63042e-322 | 4
277 | 11 | 7.14067 | 20
554 | 12 | 7.14067 | 20
1109 | 13 | 7.14067 | 20
2218 | 14 | 1.63042e-322 | 3
2219 | 14 | 6.8571 | 17
4438 | 15 | 4.63978e-310 | 6
4439 | 15 | 3.02769 | 11
8878 | 16 | 1.63042e-322 | 8
8879 | 16 | 1.58101e-322 | 3
35 | 8 | 7.29425 | 17
71 | 9 | 7.29425 | 17
142 | 10 | 7.29425 | 17
284 | 11 | 1.63042e-322 | 1
285 | 11 | 6.92965 | 16
570 | 12 | 1.63042e-322 | 10
571 | 12 | 1.58101e-322 | 6
5 | 5 | 15.8879 | 111
11 | 6 | 15.8879 | 111
22 | 7 | 10.327 | 43
44 | 8 | 10.327 | 36
88 | 9 | 3.47007 | 32
176 | 10 | 1.58101e-322 | 4
177 | 10 | 2.53658 | 28
354 | 11 | 2.369 | 15
708 | 12 | 2.369 | 15
1416 | 13 | 4.63978e-310 | 10
1417 | 13 | 4.63978e-310 | 5
355 | 11 | 2.41837 | 13
711 | 12 | 2.41837 | 13
1422 | 13 | 1.58101e-322 | 2
1423 | 13 | 2.10569 | 11
2847 | 14 | 2.10569 | 11
5694 | 15 | 2.10569 | 11
11388 | 16 | 4.63978e-310 | 5
11389 | 16 | 0.153273 | 6
89 | 9 | 4.63978e-310 | 4
45 | 8 | 4.63978e-310 | 7
23 | 7 | 8.64156 | 68
46 | 8 | 8.64156 | 67
92 | 9 | 1.02276 | 4
93 | 9 | 8.26096 | 63
186 | 10 | 6.76418 | 16
373 | 11 | 6.76418 | 16
746 | 12 | 2.61483 | 14
1492 | 13 | 16.7755 | 9
1493 | 13 | 4.63978e-310 | 5
747 | 12 | 4.63978e-310 | 2
187 | 10 | 7.91322 | 47
374 | 11 | 7.83726 | 32
748 | 12 | 0.295361 | 3
749 | 12 | 7.52479 | 29
1498 | 13 | 7.52479 | 27
2997 | 14 | 7.52479 | 27
5994 | 15 | 2.64111 | 23
11988 | 16 | 0.295361 | 8
11989 | 16 | 1.60312 | 15
23978 | 17 | 1.60312 | 13
47956 | 18 | 4.63978e-310 | 9
47957 | 18 | 4.63978e-310 | 4
23979 | 17 | 0.680836 | 2
5995 | 15 | 0.122707 | 4
1499 | 13 | 0.0958875 | 2
375 | 11 | 7.46532 | 15
750 | 12 | 2.87403 | 12
1500 | 13 | 0.909466 | 8
1501 | 13 | 0.82794 | 4
751 | 12 | 0.145938 | 3
47 | 8 | 4.63978e-310 | 1
3 | 4 | 11.2231 | 138
6 | 5 | 11.2231 | 133
12 | 6 | 7.66792 | 24
24 | 7 | 7.66792 | 24
48 | 8 | 4.63978e-310 | 10
49 | 8 | 5.73554 | 14
98 | 9 | 5.73554 | 14
196 | 10 | 5.73554 | 12
392 | 11 | 4.63978e-310 | 4
393 | 11 | 4.63978e-310 | 8
197 | 10 | 1.63042e-322 | 2
13 | 6 | 10.4543 | 109
26 | 7 | 8.37214 | 37
52 | 8 | 3.02842 | 15
104 | 9 | 3.02842 | 15
208 | 10 | 0.330555 | 7
209 | 10 | 1.08615 | 8
53 | 8 | 3.37368 | 22
106 | 9 | 2.82713 | 1
107 | 9 | 2.98122 | 21
214 | 10 | 2.98122 | 21
428 | 11 | 0.0380849 | 8
429 | 11 | 2.17654 | 13
858 | 12 | 2.17654 | 13
1716 | 13 | 0.613096 | 9
1717 | 13 | 0.588358 | 4
27 | 7 | 9.10835 | 72
54 | 8 | 8.25653 | 59
109 | 9 | 8.25653 | 59
218 | 10 | 8.25653 | 59
436 | 11 | 4.43987 | 16
872 | 12 | 2.99483 | 12
1744 | 13 | 1.41012 | 4
1745 | 13 | 1.71681 | 8
873 | 12 | 4.63978e-310 | 4
437 | 11 | 6.33059 | 43
874 | 12 | 5.86687 | 34
1748 | 13 | 5.13606 | 12
3496 | 14 | 0 | 10
3497 | 14 | 2.37802 | 2
1749 | 13 | 5.00041 | 22
3498 | 14 | 1.85088 | 12
6996 | 15 | 0.0110625 | 8
6997 | 15 | 0.146433 | 4
3499 | 14 | 4.63978e-310 | 10
875 | 12 | 4.63978e-310 | 9
55 | 8 | 4.20452 | 13
110 | 9 | 4.63978e-310 | 3
111 | 9 | 4.63978e-310 | 10
7 | 5 | 4.63978e-310 | 5
