ID | Depth | diameter | Number of points
0 | 0 | 29.316 | 1600
0 | 1 | 27.4107 | 706
0 | 2 | 26.1246 | 367
0 | 3 | 26.1246 | 367
0 | 4 | 26.1246 | 367
0 | 5 | 26.1246 | 367
0 | 6 | 17.6428 | 92
0 | 7 | 6.66237 | 19
0 | 8 | 6.66237 | 19
0 | 9 | 2.16666 | 10
1 | 9 | 3.58266 | 9
1 | 7 | 12.7389 | 73
2 | 8 | 12.7389 | 73
4 | 9 | 6.76879 | 39
8 | 10 | 0 | 9
9 | 10 | 5.09247 | 30
18 | 11 | 4.63978e-310 | 2
19 | 11 | 5.09247 | 28
38 | 12 | 5.09247 | 28
76 | 13 | 17.354 | 3
77 | 13 | 4.78399 | 25
154 | 14 | 3.95748 | 24
309 | 15 | 3.95748 | 24
618 | 16 | 2.2609 | 13
1236 | 17 | 2.15377 | 12
2473 | 18 | 2.15377 | 12
4946 | 19 | 7.02354 | 5
4947 | 19 | 5.74893 | 7
1237 | 17 | 4.63978e-310 | 1
619 | 16 | 2.7889 | 11
1238 | 17 | 2.00847 | 8
1239 | 17 | 4.63978e-310 | 3
155 | 14 | 4.63978e-310 | 1
5 | 9 | 12.1653 | 34
10 | 10 | 9.20916 | 24
20 | 11 | 9.20916 | 24
40 | 12 | 6.8211 | 20
80 | 13 | 1.63042e-322 | 1
81 | 13 | 6.60538 | 19
163 | 14 | 6.60538 | 19
326 | 15 | 4.29108 | 12
652 | 16 | 4.29108 | 12
1305 | 17 | 4.29108 | 12
2610 | 18 | 36.3561 | 7
2611 | 18 | 3.25049 | 5
327 | 15 | 4.63978e-310 | 7
41 | 12 | 4.63978e-310 | 4
11 | 10 | 4.63978e-310 | 10
1 | 6 | 21.2624 | 275
2 | 7 | 13.5903 | 41
4 | 8 | 12.1984 | 37
8 | 9 | 32.0866 | 9
9 | 9 | 10.7623 | 28
18 | 10 | 0.28706 | 3
19 | 10 | 9.2059 | 25
38 | 11 | 0.000501549 | 1
39 | 11 | 9.2059 | 24
78 | 12 | 3.08549 | 18
156 | 13 | 0 | 3
157 | 13 | 2.90699 | 15
314 | 14 | 61.0906 | 3
315 | 14 | 2.00035 | 12
631 | 15 | 2.00035 | 12
1263 | 16 | 2.00035 | 12
2526 | 17 | 6.90513e-310 | 8
2527 | 17 | 6.90513e-310 | 4
79 | 12 | 4.63978e-310 | 6
5 | 8 | 4.63978e-310 | 4
3 | 7 | 12.3086 | 234
6 | 8 | 4.63978e-310 | 3
7 | 8 | 12.3086 | 231
14 | 9 | 11.002 | 23
28 | 10 | 11.002 | 23
56 | 11 | 0 | 4
57 | 11 | 10.5774 | 19
115 | 12 | 10.5774 | 19
230 | 13 | 10.5774 | 19
460 | 14 | 10.5774 | 19
921 | 15 | 10.5774 | 19
1842 | 16 | 0.260958 | 6
1843 | 16 | 3.38864 | 13
3686 | 17 | 4.63978e-310 | 2
3687 | 17 | 2.94145 | 11
7375 | 18 | 2.94145 | 11
14751 | 19 | 2.94145 | 11
29502 | 20 | 0.0973696 | 3
29503 | 20 | 4.63978e-310 | 8
15 | 9 | 12.1164 | 208
30 | 10 | 8.12287 | 22
61 | 11 | 8.12287 | 22
122 | 12 | 3.27805 | 18
244 | 13 | 3.27805 | 16
488 | 14 | 1.76917 | 12
976 | 15 | 1.76917 | 11
1952 | 16 | 9.53547e-322 | 2
1953 | 16 | 0.175229 | 9
977 | 15 | 4.63978e-310 | 1
489 | 14 | 1.46924 | 4
245 | 13 | 3.29137 | 2
123 | 12 | 4.63978e-310 | 4
31 | 10 | 10.5532 | 186
63 | 11 | 10.5532 | 186
127 | 12 | 10.5532 | 186
254 | 13 | 8.71835 | 126
509 | 14 | 8.71835 | 126
1018 | 15 | 6.07195 | 110
2036 | 16 | 4.5794 | 35
4072 | 17 | 1.38054 | 10
4073 | 17 | 3.49014 | 25
8146 | 18 | 3.49014 | 25
16292 | 19 | 2.19217 | 6
16293 | 19 | 3.49014 | 19
32586 | 20 | 1.66854 | 12
65172 | 21 | 6.90513e-310 | 4
65173 | 21 | 4.63978e-310 | 8
32587 | 20 | 4.63978e-310 | 7
2037 | 16 | 4.77474 | 75
4074 | 17 | 4.1197 | 58
8148 | 18 | 4.1197 | 58
16296 | 19 | 3.9919 | 55
32592 | 20 | 12.4306 | 3
32593 | 20 | 3.64928 | 52
65187 | 21 | 3.64928 | 52
130374 | 22 | 3.4105 | 46
260749 | 23 | 3.4105 | 46
521498 | 24 | 3.4105 | 46
1042996 | 25 | 3.4105 | 46
2085992 | 26 | 2.9624 | 18
4171984 | 27 | 2.9624 | 18
8343968 | 28 | 1.36829 | 4
8343969 | 28 | 2.0139 | 14
16687938 | 29 | 1.92129 | 12
33375876 | 30 | 1.92129 | 12
66751752 | 31 | 4.63978e-310 | 2
66751753 | 31 | 4.63978e-310 | 10
16687939 | 29 | 4.63978e-310 | 2
2085993 | 26 | 2.76861 | 28
4171987 | 27 | 2.76861 | 28
8343974 | 28 | 1.78637 | 17
16687948 | 29 | 1.78637 | 17
33375896 | 30 | 1.78637 | 17
66751792 | 31 | 1.64322 | 15
133503584 | 32 | 1.64322 | 15
267007169 | 33 | 1.64322 | 15
534014338 | 34 | 0.647929 | 8
534014339 | 34 | 4.63978e-310 | 7
66751793 | 31 | 4.63978e-310 | 2
8343975 | 28 | 1.09406 | 11
16687950 | 29 | 4.63978e-310 | 1
16687951 | 29 | 4.63978e-310 | 10
130375 | 22 | 4.63978e-310 | 6
16297 | 19 | 4.63978e-310 | 3
4075 | 17 | 2.96804 | 17
8150 | 18 | 2.96804 | 17
16300 | 19 | 2.10915 | 14
32600 | 20 | 4.63978e-310 | 10
32601 | 20 | 4.63978e-310 | 4
16301 | 19 | 1.65212 | 3
1019 | 15 | 4.67792 | 16
2038 | 16 | 4.63978e-310 | 9
2039 | 16 | 4.63978e-310 | 7
255 | 13 | 8.09146 | 60
511 | 14 | 8.09146 | 60
1023 | 15 | 8.09146 | 60
2046 | 16 | 8.09146 | 60
4092 | 17 | 8.09146 | 59
8185 | 18 | 8.09146 | 59
16370 | 19 | 8.09146 | 59
32740 | 20 | 8.09146 | 59
65481 | 21 | 8.09146 | 59
130962 | 22 | 8.09146 | 59
261925 | 23 | 8.09146 | 59
523850 | 24 | 4.81123 | 50
1047700 | 25 | 4.81123 | 50
2095400 | 26 | 2.41751 | 17
4190800 | 27 | 1.88859 | 15
8381600 | 28 | 1.88859 | 12
16763200 | 29 | 4.63978e-310 | 4
16763201 | 29 | 0.257953 | 8
8381601 | 28 | 4.79865 | 3
4190801 | 27 | 4.63978e-310 | 2
2095401 | 26 | 3.17092 | 33
4190802 | 27 | 2.74957 | 20
8381605 | 28 | 2.74957 | 20
16763210 | 29 | 0.66046 | 10
16763211 | 29 | 3.21143e-322 | 10
4190803 | 27 | 2.38096 | 13
8381607 | 28 | 2.38096 | 13
16763214 | 29 | 1.08094 | 10
16763215 | 29 | 6.90513e-310 | 3
523851 | 24 | 4.63978e-310 | 9
4093 | 17 | 4.63978e-310 | 1
1 | 2 | 25.9546 | 339
2 | 3 | 23.3515 | 94
4 | 4 | 4.63978e-310 | 2
5 | 4 | 19.2951 | 92
10 | 5 | 19.2951 | 92
20 | 6 | 15.4153 | 59
40 | 7 | 11.8046 | 31
81 | 8 | 11.8046 | 31
162 | 9 | 4.63978e-310 | 8
163 | 9 | 10.1615 | 23
326 | 10 | 4.63978e-310 | 8
327 | 10 | 7.63571 | 15
654 | 11 | 7.63571 | 14
1308 | 12 | 3.67831 | 12
2616 | 13 | 9.48145 | 7
2617 | 13 | 1.31149 | 5
1309 | 12 | 4.63978e-310 | 2
655 | 11 | 4.63978e-310 | 1
41 | 7 | 8.05461 | 28
82 | 8 | 8.05461 | 28
164 | 9 | 3.59488 | 21
328 | 10 | 59.0044 | 7
329 | 10 | 2.71762 | 14
658 | 11 | 2.71762 | 14
1316 | 12 | 2.71762 | 14
2632 | 13 | 3.41139 | 6
2633 | 13 | 56.9541 | 8
165 | 9 | 4.63978e-310 | 7
21 | 6 | 7.90894 | 33
43 | 7 | 7.90894 | 33
86 | 8 | 7.53015 | 25
172 | 9 | 4.63978e-310 | 8
173 | 9 | 3.62644 | 17
346 | 10 | 0 | 2
347 | 10 | 2.98959 | 15
694 | 11 | 15.3814 | 7
695 | 11 | 2.83463 | 8
87 | 8 | 4.63978e-310 | 8
3 | 3 | 15.9291 | 245
6 | 4 | 15.189 | 222
12 | 5 | 15.189 | 222
25 | 6 | 15.189 | 222
50 | 7 | 15.189 | 222
100 | 8 | 10.2738 | 16
201 | 9 | 10.2738 | 16
402 | 10 | 0.129547 | 6
403 | 10 | 5.53552 | 10
101 | 8 | 15.189 | 206
202 | 9 | 10.8569 | 181
404 | 10 | 5.10111 | 51
808 | 11 | 5.10111 | 45
1616 | 12 | 3.48527 | 28
3232 | 13 | 0.200851 | 3
3233 | 13 | 3.36111 | 25
6466 | 14 | 0.0403525 | 9
6467 | 14 | 2.84695 | 16
12934 | 15 | 1.63042e-322 | 1
12935 | 15 | 2.53343 | 15
25870 | 16 | 49.1894 | 6
25871 | 16 | 53.0407 | 9
1617 | 12 | 2.66032 | 17
3234 | 13 | 2.66032 | 17
6468 | 14 | 54.8034 | 5
6469 | 14 | 1.35437 | 12
12938 | 15 | 1.35437 | 12
25876 | 16 | 5.28506 | 9
25877 | 16 | 1.08765 | 3
809 | 11 | 4.63978e-310 | 6
405 | 10 | 6.9607 | 130
810 | 11 | 6.9607 | 128
1620 | 12 | 6.9607 | 128
3240 | 13 | 5.24766 | 84
6480 | 14 | 3.94505 | 18
12960 | 15 | 3.94505 | 18
25920 | 16 | 6.90513e-310 | 8
25921 | 16 | 0.359149 | 10
6481 | 14 | 5.17554 | 66
12962 | 15 | 5.17554 | 66
25924 | 16 | 3.7236 | 48
51849 | 17 | 3.7236 | 48
103698 | 18 | 3.7236 | 48
207396 | 19 | 3.53676 | 36
414792 | 20 | 2.45058 | 17
829584 | 21 | 2.45058 | 17
1659168 | 22 | 1.24283 | 12
3318336 | 23 | 1.24283 | 11
6636672 | 24 | 4.63978e-310 | 9
6636673 | 24 | 4.63978e-310 | 2
3318337 | 23 | 4.63978e-310 | 1
1659169 | 22 | 4.63978e-310 | 5
414793 | 20 | 2.87807 | 19
829587 | 21 | 2.87807 | 19
1659174 | 22 | 2.59135 | 17
3318348 | 23 | 2.20838 | 16
6636696 | 24 | 2.20838 | 16
13273392 | 25 | 1.85292 | 4
13273393 | 25 | 1.58403 | 12
26546786 | 26 | 0 | 10
26546787 | 26 | 0.434058 | 2
3318349 | 23 | 4.63978e-310 | 1
1659175 | 22 | 4.63978e-310 | 2
207397 | 19 | 2.07708 | 12
414794 | 20 | 4.63978e-310 | 6
414795 | 20 | 4.63978e-310 | 6
25925 | 16 | 2.73899 | 18
51850 | 17 | 4.63978e-310 | 6
51851 | 17 | 1.94114 | 12
103703 | 18 | 1.94114 | 12
207406 | 19 | 7.46447 | 5
207407 | 19 | 0.332107 | 7
3241 | 13 | 3.60284 | 44
6482 | 14 | 2.17712 | 29
12964 | 15 | 2.17712 | 29
25928 | 16 | 1.88972 | 22
51856 | 17 | 1.51673 | 12
103712 | 18 | 0 | 7
103713 | 18 | 1.63042e-322 | 5
51857 | 17 | 6.10965 | 10
25929 | 16 | 4.63978e-310 | 7
6483 | 14 | 2.09699 | 15
12966 | 15 | 2.09699 | 15
25932 | 16 | 0 | 3
25933 | 16 | 1.94282 | 12
51867 | 17 | 1.94282 | 12
103735 | 18 | 1.94282 | 12
207470 | 19 | 1.94282 | 12
414940 | 20 | 3.31572 | 8
414941 | 20 | 0.920124 | 4
811 | 11 | 4.63978e-310 | 2
203 | 9 | 15.1392 | 25
406 | 10 | 12.9528 | 20
812 | 11 | 12.9528 | 20
1624 | 12 | 12.9528 | 20
3248 | 13 | 12.3409 | 17
6496 | 14 | 12.3409 | 12
12992 | 15 | 60.0229 | 2
12993 | 15 | 34.4991 | 10
6497 | 14 | 76.187 | 5
3249 | 13 | 2.24012 | 3
407 | 10 | 4.63978e-310 | 5
7 | 4 | 7.93058 | 23
14 | 5 | 4.63978e-310 | 4
15 | 5 | 7.64365 | 19
31 | 6 | 7.64365 | 19
63 | 7 | 7.64365 | 19
127 | 8 | 7.64365 | 19
254 | 9 | 0.870898 | 10
255 | 9 | 51.9939 | 9
1 | 1 | 25.2836 | 894
2 | 2 | 25.2836 | 894
4 | 3 | 22.8665 | 836
9 | 4 | 22.8665 | 836
19 | 5 | 22.8665 | 836
38 | 6 | 17.4848 | 551
76 | 7 | 15.6775 | 263
152 | 8 | 14.0216 | 140
304 | 9 | 10.6258 | 84
608 | 10 | 10.6258 | 84
1216 | 11 | 0.278546 | 2
1217 | 11 | 10.2832 | 82
2434 | 12 | 5.68331 | 40
4868 | 13 | 5.68331 | 30
9736 | 14 | 4.06381 | 27
19473 | 15 | 4.06381 | 27
38946 | 16 | 2.8389 | 12
77892 | 17 | 4.63978e-310 | 1
77893 | 17 | 2.1964 | 11
155787 | 18 | 2.1964 | 11
311574 | 19 | 1.34381 | 6
311575 | 19 | 53.0214 | 5
38947 | 16 | 3.80107 | 15
77894 | 17 | 3.30764 | 12
155788 | 18 | 3.30764 | 12
311576 | 19 | 0.736941 | 3
311577 | 19 | 7.38027 | 9
77895 | 17 | 4.63978e-310 | 3
9737 | 14 | 4.63978e-310 | 3
4869 | 13 | 4.63978e-310 | 10
2435 | 12 | 8.94068 | 42
4870 | 13 | 5.75586 | 23
9740 | 14 | 4.15951 | 18
19480 | 15 | 4.15951 | 17
38960 | 16 | 0.391451 | 1
38961 | 16 | 3.79713 | 16
77922 | 17 | 3.79713 | 16
155844 | 18 | 1.87957 | 3
155845 | 18 | 3.79713 | 13
311690 | 19 | 0 | 8
311691 | 19 | 3.21143e-322 | 5
19481 | 15 | 4.63978e-310 | 1
9741 | 14 | 4.63978e-310 | 5
4871 | 13 | 4.50807 | 19
9742 | 14 | 3.35991 | 16
19484 | 15 | 1.06546 | 3
19485 | 15 | 3.35991 | 13
38971 | 16 | 3.35991 | 13
77942 | 17 | 2.38534 | 11
155884 | 18 | 4.00193e-322 | 1
155885 | 18 | 0.898255 | 10
77943 | 17 | 4.63978e-310 | 2
9743 | 14 | 4.63978e-310 | 3
305 | 9 | 6.1825 | 56
611 | 10 | 6.1825 | 56
1222 | 11 | 4.63978e-310 | 1
1223 | 11 | 5.71826 | 55
2447 | 12 | 5.71826 | 55
4894 | 13 | 5.71826 | 55
9788 | 14 | 3.92965 | 42
19576 | 15 | 2.63654 | 24
39152 | 16 | 2.63654 | 24
78304 | 17 | 2.56144 | 22
156608 | 18 | 4.63978e-310 | 3
156609 | 18 | 2.39267 | 19
313219 | 19 | 2.39267 | 19
626438 | 20 | 1.81297 | 13
1252876 | 21 | 0.635263 | 2
1252877 | 21 | 1.76189 | 11
2505754 | 22 | 1.76189 | 11
5011508 | 23 | 4.63978e-310 | 7
5011509 | 23 | 10.9463 | 4
626439 | 20 | 4.63978e-310 | 6
78305 | 17 | 4.63978e-310 | 2
19577 | 15 | 2.09727 | 18
39154 | 16 | 4.63978e-310 | 2
39155 | 16 | 2.09727 | 16
78310 | 17 | 4.63978e-310 | 6
78311 | 17 | 4.63978e-310 | 10
9789 | 14 | 3.42112 | 13
19578 | 15 | 6.90513e-310 | 10
19579 | 15 | 0.114939 | 3
153 | 8 | 13.9272 | 123
306 | 9 | 5.855 | 54
612 | 10 | 3.55219 | 29
1224 | 11 | 8.11357 | 10
1225 | 11 | 3.05013 | 19
2451 | 12 | 3.05013 | 19
4902 | 13 | 4.63978e-310 | 9
4903 | 13 | 0 | 10
613 | 10 | 3.84965 | 25
1226 | 11 | 2.25453 | 16
2453 | 12 | 2.25453 | 16
4906 | 13 | 2.25453 | 13
9812 | 14 | 4.63978e-310 | 5
9813 | 14 | 4.63978e-310 | 8
4907 | 13 | 2.04158 | 3
1227 | 11 | 4.63978e-310 | 9
307 | 9 | 6.93737 | 69
615 | 10 | 6.93737 | 69
1231 | 11 | 6.93737 | 69
2462 | 12 | 3.91208 | 19
4925 | 13 | 3.91208 | 19
9850 | 14 | 3.42305 | 12
19700 | 15 | 1.69395 | 9
19701 | 15 | 0 | 3
9851 | 14 | 4.63978e-310 | 7
2463 | 12 | 4.34975 | 50
4927 | 13 | 4.34975 | 50
9854 | 14 | 3.84767 | 41
19708 | 15 | 1.95301 | 14
39416 | 16 | 1.95301 | 14
78832 | 17 | 0.208194 | 3
78833 | 17 | 1.63887 | 11
157666 | 18 | 1.63887 | 11
315332 | 19 | 1.63887 | 11
630664 | 20 | 1.05214 | 5
630665 | 20 | 0.633915 | 6
19709 | 15 | 2.47887 | 27
39419 | 16 | 2.47887 | 27
78838 | 17 | 4.63978e-310 | 9
78839 | 17 | 2.07252 | 18
157678 | 18 | 1.33451 | 12
315357 | 19 | 1.33451 | 12
630714 | 20 | 1.33451 | 12
1261428 | 21 | 0.830876 | 3
1261429 | 21 | 4.63978e-310 | 9
157679 | 18 | 4.63978e-310 | 6
9855 | 14 | 4.63978e-310 | 9
77 | 7 | 13.9511 | 288
154 | 8 | 11.4019 | 134
308 | 9 | 7.36122 | 88
616 | 10 | 4.66005 | 35
1232 | 11 | 4.1262 | 34
2464 | 12 | 4.1262 | 34
4928 | 13 | 2.62745 | 15
9856 | 14 | 0.15968 | 5
9857 | 14 | 0.972198 | 10
4929 | 13 | 4.12367 | 19
9858 | 14 | 10.9405 | 10
9859 | 14 | 0.783606 | 9
1233 | 11 | 0.320843 | 1
617 | 10 | 5.04033 | 53
1234 | 11 | 4.25756 | 30
2468 | 12 | 4.63978e-310 | 7
2469 | 12 | 3.35879 | 23
4938 | 13 | 3.35879 | 23
9876 | 14 | 3.35879 | 13
19752 | 15 | 1.87426 | 7
19753 | 15 | 5.8881 | 6
9877 | 14 | 16.1673 | 10
1235 | 11 | 4.18165 | 23
2471 | 12 | 4.18165 | 23
4942 | 13 | 2.5854 | 14
9885 | 14 | 2.5854 | 14
19770 | 15 | 10.9513 | 10
19771 | 15 | 0.318574 | 4
4943 | 13 | 4.63978e-310 | 9
309 | 9 | 4.89411 | 46
618 | 10 | 4.89411 | 46
1236 | 11 | 4.89411 | 43
2472 | 12 | 4.3033 | 38
4944 | 13 | 4.3033 | 38
9889 | 14 | 4.3033 | 38
19778 | 15 | 3.41065 | 36
39557 | 16 | 3.41065 | 36
79114 | 17 | 3.02466 | 21
158228 | 18 | 0.584007 | 6
158229 | 18 | 2.08346 | 15
316458 | 19 | 3.12646 | 2
316459 | 19 | 1.89562 | 13
632919 | 20 | 1.89562 | 13
1265838 | 21 | 1.06687 | 2
1265839 | 21 | 1.51581 | 11
2531679 | 22 | 1.51581 | 11
5063358 | 23 | 0 | 4
5063359 | 23 | 0 | 7
79115 | 17 | 2.94685 | 15
158230 | 18 | 3.83423 | 8
158231 | 18 | 5.28317 | 7
19779 | 15 | 4.63978e-310 | 2
2473 | 12 | 4.63978e-310 | 5
1237 | 11 | 4.63978e-310 | 3
155 | 8 | 11.7484 | 154
310 | 9 | 3.84248 | 18
620 | 10 | 3.84248 | 18
1240 | 11 | 2.62413 | 12
2481 | 12 | 2.62413 | 12
4963 | 13 | 2.62413 | 12
9926 | 14 | 2.43158 | 11
19852 | 15 | 2.43158 | 11
39704 | 16 | 2.43158 | 11
79408 | 17 | 7.14113 | 1
79409 | 17 | 0.267792 | 10
9927 | 14 | 4.63978e-310 | 1
1241 | 11 | 4.63978e-310 | 6
311 | 9 | 10.9615 | 136
622 | 10 | 5.21521 | 40
1244 | 11 | 4.63978e-310 | 6
1245 | 11 | 3.38951 | 34
2490 | 12 | 2.89145 | 28
4980 | 13 | 2.58665 | 11
9960 | 14 | 68.9551 | 9
9961 | 14 | 0 | 2
4981 | 13 | 2.7588 | 17
9962 | 14 | 1.59628 | 12
19925 | 15 | 1.59628 | 12
39850 | 16 | 0.736006 | 9
39851 | 16 | 0.125705 | 3
9963 | 14 | 4.63978e-310 | 5
2491 | 12 | 4.63978e-310 | 6
623 | 10 | 8.42777 | 96
1246 | 11 | 8.04568 | 75
2492 | 12 | 6.82692 | 62
4985 | 13 | 6.82692 | 62
9970 | 14 | 6.82692 | 62
19940 | 15 | 5.46586 | 51
39880 | 16 | 0.42155 | 1
39881 | 16 | 5.46586 | 50
79762 | 17 | 1.52467 | 3
79763 | 17 | 4.85274 | 47
159526 | 18 | 0.797312 | 7
159527 | 18 | 4.00555 | 40
319054 | 19 | 4.00555 | 40
638108 | 20 | 3.77257 | 11
1276216 | 21 | 2.11063 | 3
1276217 | 21 | 4.63978e-310 | 8
638109 | 20 | 3.86703 | 29
1276218 | 21 | 3.44185 | 8
1276219 | 21 | 2.57553 | 21
2552438 | 22 | 2.57553 | 21
5104877 | 23 | 2.57553 | 21
10209754 | 24 | 4.00193e-322 | 9
10209755 | 24 | 1.49533 | 12
20419511 | 25 | 1.49533 | 12
40839022 | 26 | 3.50547 | 7
40839023 | 26 | 0.514766 | 5
19941 | 15 | 2.68487 | 11
39883 | 16 | 2.68487 | 11
79766 | 17 | 4.63978e-310 | 5
79767 | 17 | 4.63978e-310 | 6
2493 | 12 | 2.44603 | 13
4986 | 13 | 2.44603 | 13
9972 | 14 | 4.63978e-310 | 2
9973 | 14 | 2.06387 | 11
19946 | 15 | 4.79244e-322 | 1
19947 | 15 | 0.611765 | 10
1247 | 11 | 6.96457 | 21
2494 | 12 | 4.52413 | 15
4988 | 13 | 2.88369 | 11
9976 | 14 | 14.5807 | 2
9977 | 14 | 4.63978e-310 | 9
4989 | 13 | 3.33622 | 4
2495 | 12 | 4.63978e-310 | 6
39 | 6 | 13.1421 | 285
78 | 7 | 12.1037 | 139
156 | 8 | 10.6748 | 132
312 | 9 | 4.63978e-310 | 1
313 | 9 | 10.6748 | 131
627 | 10 | 10.6748 | 131
1254 | 11 | 10.6748 | 117
2508 | 12 | 8.10411 | 97
5016 | 13 | 8.10411 | 97
10032 | 14 | 5.94717 | 67
20064 | 15 | 5.94717 | 67
40128 | 16 | 5.3816 | 44
80256 | 17 | 3.62144 | 38
160512 | 18 | 0.405356 | 8
160513 | 18 | 3.38764 | 30
321026 | 19 | 3.38764 | 30
642052 | 20 | 3.04072 | 26
1284105 | 21 | 3.04072 | 26
2568211 | 22 | 3.04072 | 26
5136422 | 23 | 3.30373 | 4
5136423 | 23 | 2.27314 | 22
10272846 | 24 | 6.52628 | 8
10272847 | 24 | 1.67149 | 14
20545694 | 25 | 1.57863 | 13
41091388 | 26 | 0.608181 | 5
41091389 | 26 | 0.845762 | 8
20545695 | 25 | 4.63978e-310 | 1
642053 | 20 | 4.63978e-310 | 4
80257 | 17 | 4.63978e-310 | 6
40129 | 16 | 5.0054 | 23
80258 | 17 | 2.72128 | 20
160516 | 18 | 2.72128 | 20
321032 | 19 | 2.72128 | 20
642064 | 20 | 4.63978e-310 | 3
642065 | 20 | 1.78904 | 17
1284130 | 21 | 0.203403 | 5
1284131 | 21 | 1.78904 | 12
2568262 | 22 | 0.213605 | 4
2568263 | 22 | 1.28526 | 8
80259 | 17 | 4.63978e-310 | 3
10033 | 14 | 3.05676 | 30
20066 | 15 | 4.63978e-310 | 9
20067 | 15 | 1.81392 | 21
40134 | 16 | 1.62251 | 17
80268 | 17 | 4.63978e-310 | 5
80269 | 17 | 1.10415 | 12
160538 | 18 | 0.056797 | 10
160539 | 18 | 0.0629611 | 2
40135 | 16 | 4.63978e-310 | 4
2509 | 12 | 6.90842 | 20
5019 | 13 | 6.90842 | 20
10038 | 14 | 1.92824 | 11
20076 | 15 | 20.6218 | 9
20077 | 15 | 1.48885 | 2
10039 | 14 | 4.63978e-310 | 9
1255 | 11 | 7.72425 | 14
2510 | 12 | 6.31677 | 4
2511 | 12 | 0.721705 | 10
157 | 8 | 4.63978e-310 | 7
79 | 7 | 11.2784 | 146
158 | 8 | 4.63978e-310 | 3
159 | 8 | 10.9995 | 143
318 | 9 | 10.2156 | 140
636 | 10 | 0.721705 | 4
637 | 10 | 10.0906 | 136
1274 | 11 | 10.0906 | 133
2548 | 12 | 9.87654 | 117
5097 | 13 | 9.87654 | 117
10194 | 14 | 6.44464 | 58
20388 | 15 | 3.66217 | 32
40776 | 16 | 2.89806 | 22
81552 | 17 | 0.312248 | 7
81553 | 17 | 2.26576 | 15
163106 | 18 | 0 | 6
163107 | 18 | 0.967636 | 9
40777 | 16 | 4.63978e-310 | 10
20389 | 15 | 3.86382 | 26
40778 | 16 | 3.21806 | 25
81556 | 17 | 10.0867 | 6
81557 | 17 | 3.21806 | 19
163114 | 18 | 1.99908 | 11
326229 | 19 | 1.99908 | 11
652459 | 20 | 1.99908 | 11
1304918 | 21 | 3.84689 | 9
1304919 | 21 | 4.50417 | 2
163115 | 18 | 4.63978e-310 | 8
40779 | 16 | 4.63978e-310 | 1
10195 | 14 | 6.93801 | 59
20390 | 15 | 5.63734 | 47
40781 | 16 | 5.63734 | 47
81562 | 17 | 5.63734 | 45
163124 | 18 | 5.63734 | 45
326248 | 19 | 4.45541 | 27
652496 | 20 | 0.808095 | 6
652497 | 20 | 2.98657 | 21
1304994 | 21 | 0 | 7
1304995 | 21 | 2.46585 | 14
2609991 | 22 | 2.46585 | 14
5219982 | 23 | 0.273533 | 4
5219983 | 23 | 0.283217 | 10
326249 | 19 | 2.94058 | 18
652498 | 20 | 1.6789 | 7
652499 | 20 | 1.91162 | 11
1304998 | 21 | 2.28691 | 4
1304999 | 21 | 0.911822 | 7
81563 | 17 | 4.63978e-310 | 2
20391 | 15 | 4.97317 | 12
40783 | 16 | 4.97317 | 12
81566 | 17 | 4.63978e-310 | 1
81567 | 17 | 2.50811 | 11
163134 | 18 | 12.3143 | 8
163135 | 18 | 14.4468 | 3
2549 | 12 | 5.93067 | 16
5099 | 13 | 5.93067 | 16
10198 | 14 | 5.93067 | 16
20396 | 15 | 5.93067 | 16
40793 | 16 | 5.93067 | 16
81586 | 17 | 5.93067 | 16
163173 | 18 | 5.93067 | 16
326346 | 19 | 0.568548 | 10
326347 | 19 | 18.8439 | 6
1275 | 11 | 4.63978e-310 | 3
319 | 9 | 4.63978e-310 | 3
5 | 3 | 10.7288 | 58
10 | 4 | 4.63978e-310 | 2
11 | 4 | 10.7288 | 56
22 | 5 | 7.98719 | 36
44 | 6 | 7.98719 | 36
88 | 7 | 7.98719 | 36
176 | 8 | 4.19573 | 5
177 | 8 | 5.79966 | 31
355 | 9 | 5.79966 | 31
710 | 10 | 1.58101e-322 | 8
711 | 10 | 5.31271 | 23
1422 | 11 | 1.92215 | 5
1423 | 11 | 4.76013 | 18
2847 | 12 | 4.76013 | 18
5695 | 13 | 4.76013 | 18
11391 | 14 | 4.76013 | 18
22783 | 15 | 4.76013 | 18
45566 | 16 | 4.76013 | 18
91133 | 17 | 4.76013 | 18
182266 | 18 | 4.76013 | 18
364533 | 19 | 4.76013 | 18
729066 | 20 | 4.63978e-310 | 8
729067 | 20 | 4.63978e-310 | 10
23 | 5 | 3.35607 | 20
46 | 6 | 3.35607 | 20
92 | 7 | 4.63978e-310 | 9
93 | 7 | 3.34233 | 11
186 | 8 | 4.63978e-310 | 9
187 | 8 | 4.63978e-310 | 2
