ID | Depth | diameter | Number of points
0 | 0 | 29.316 | 1600
0 | 1 | 27.784 | 1120
0 | 2 | 26.6459 | 561
0 | 3 | 26.6459 | 561
0 | 4 | 24.9712 | 164
0 | 5 | 24.9712 | 131
0 | 6 | 22.1326 | 116
0 | 7 | 15.91 | 32
0 | 8 | 15.91 | 32
0 | 9 | 4.63978e-310 | 8
1 | 9 | 12.5529 | 24
2 | 10 | 12.5529 | 24
4 | 11 | 12.5529 | 24
8 | 12 | 0.210911 | 10
9 | 12 | 7.17881 | 14
18 | 13 | 1.81948 | 3
19 | 13 | 3.32951 | 11
38 | 14 | 3.32951 | 11
76 | 15 | 3.32951 | 11
152 | 16 | 2.06376 | 2
153 | 16 | 1.94252 | 9
1 | 7 | 18.9351 | 84
2 | 8 | 4.63978e-310 | 9
3 | 8 | 18.7367 | 75
6 | 9 | 18.0778 | 40
12 | 10 | 17.5926 | 38
25 | 11 | 17.5926 | 38
50 | 12 | 5.62233 | 13
100 | 13 | 0 | 8
101 | 13 | 0.215851 | 5
51 | 12 | 3.19559 | 25
102 | 13 | 1.84507 | 7
103 | 13 | 2.40496 | 18
206 | 14 | 2.66479 | 6
207 | 14 | 2.14613 | 12
415 | 15 | 2.14613 | 12
830 | 16 | 0 | 7
831 | 16 | 0.0104302 | 5
13 | 10 | 4.63978e-310 | 2
7 | 9 | 3.10884 | 35
14 | 10 | 2.87396 | 32
28 | 11 | 2.87396 | 32
57 | 12 | 2.87396 | 32
114 | 13 | 1.84895 | 19
228 | 14 | 1.74033 | 13
456 | 15 | 1.74033 | 13
912 | 16 | 0.434571 | 1
913 | 16 | 1.4291 | 12
1826 | 17 | 0.383761 | 7
1827 | 17 | 3.30558 | 5
229 | 14 | 4.63978e-310 | 6
115 | 13 | 1.34875 | 13
230 | 14 | 0.628021 | 2
231 | 14 | 1.26279 | 11
462 | 15 | 1.26279 | 11
924 | 16 | 7.3518 | 4
925 | 16 | 5.61565 | 7
15 | 10 | 4.63978e-310 | 3
1 | 6 | 8.15194 | 15
2 | 7 | 4.63978e-310 | 10
3 | 7 | 4.63978e-310 | 5
1 | 5 | 19.3359 | 33
2 | 6 | 19.3359 | 13
4 | 7 | 4.63978e-310 | 1
5 | 7 | 15.7623 | 12
10 | 8 | 15.7623 | 12
20 | 9 | 12.5077 | 4
21 | 9 | 160.294 | 8
3 | 6 | 6.02186 | 20
6 | 7 | 3.84557 | 14
12 | 8 | 3.84557 | 12
24 | 9 | 9.74922 | 3
25 | 9 | 4.63978e-310 | 9
13 | 8 | 4.63978e-310 | 2
7 | 7 | 4.63978e-310 | 6
1 | 4 | 25.5772 | 397
2 | 5 | 25.502 | 357
4 | 6 | 25.502 | 357
8 | 7 | 25.502 | 356
17 | 8 | 25.502 | 356
34 | 9 | 19.5149 | 309
68 | 10 | 19.5149 | 309
136 | 11 | 19.1196 | 17
272 | 12 | 0.0703009 | 6
273 | 12 | 11.7615 | 11
547 | 13 | 11.7615 | 11
1094 | 14 | 11.7615 | 11
2188 | 15 | 14.349 | 10
2189 | 15 | 2.35755 | 1
137 | 11 | 19.4024 | 292
274 | 12 | 17.2334 | 172
548 | 13 | 17.2334 | 172
1096 | 14 | 17.0287 | 31
2192 | 15 | 17.0287 | 31
4384 | 16 | 0.613744 | 5
4385 | 16 | 16.2758 | 26
8771 | 17 | 16.2758 | 26
17542 | 18 | 14.7775 | 20
35084 | 19 | 138.332 | 2
35085 | 19 | 13.825 | 18
70170 | 20 | 13.825 | 18
140340 | 21 | 13.825 | 18
280680 | 22 | 13.825 | 18
561360 | 23 | 13.825 | 18
1122720 | 24 | 11.4693 | 14
2245441 | 25 | 11.4693 | 14
4490883 | 26 | 11.4693 | 14
8981766 | 27 | 18.0081 | 5
8981767 | 27 | 0.0960304 | 9
1122721 | 24 | 4.63978e-310 | 4
17543 | 18 | 4.63978e-310 | 6
1097 | 14 | 17.1565 | 141
2194 | 15 | 12.179 | 72
4388 | 16 | 4.63978e-310 | 10
4389 | 16 | 11.4974 | 62
8778 | 17 | 11.4974 | 62
17556 | 18 | 7.43192 | 43
35112 | 19 | 4.66812 | 28
70224 | 20 | 4.66812 | 28
140449 | 21 | 4.66812 | 28
280898 | 22 | 4.42359 | 23
561796 | 23 | 3.73162 | 16
1123593 | 24 | 3.73162 | 16
2247186 | 25 | 3.05039 | 6
2247187 | 25 | 13.3406 | 10
561797 | 23 | 4.63978e-310 | 7
280899 | 22 | 4.63978e-310 | 5
35113 | 19 | 2.7516 | 15
70226 | 20 | 2.7516 | 15
140453 | 21 | 2.7516 | 15
280906 | 22 | 2.7516 | 15
561812 | 23 | 31.7044 | 8
561813 | 23 | 24.4316 | 7
17557 | 18 | 5.4398 | 19
35114 | 19 | 4.83517 | 17
70228 | 20 | 4.83517 | 11
140457 | 21 | 4.83517 | 11
280914 | 22 | 7.11455e-322 | 6
280915 | 22 | 0 | 5
70229 | 20 | 4.63978e-310 | 6
35115 | 19 | 4.63978e-310 | 2
2195 | 15 | 6.06706 | 69
4390 | 16 | 6.06706 | 69
8781 | 17 | 6.06706 | 69
17562 | 18 | 3.30613 | 22
35125 | 19 | 3.30613 | 22
70250 | 20 | 3.30613 | 22
140500 | 21 | 3.21143e-322 | 4
140501 | 21 | 2.36933 | 18
281002 | 22 | 2.36933 | 18
562004 | 23 | 2.06315 | 14
1124008 | 24 | 1.9974 | 11
2248017 | 25 | 1.9974 | 11
4496034 | 26 | 40.1749 | 1
4496035 | 26 | 6.90513e-310 | 10
1124009 | 24 | 1.51181 | 3
562005 | 23 | 4.63978e-310 | 4
17563 | 18 | 3.47627 | 47
35127 | 19 | 3.47627 | 47
70254 | 20 | 3.47627 | 42
140508 | 21 | 1.69674 | 14
281016 | 22 | 1.69674 | 14
562032 | 23 | 1.26975e-321 | 8
562033 | 23 | 57.0666 | 6
140509 | 21 | 2.34867 | 28
281019 | 22 | 2.34867 | 28
562038 | 23 | 2.22297 | 19
1124076 | 24 | 1.25325 | 12
2248152 | 25 | 1.25325 | 12
4496304 | 26 | 1.91875 | 4
4496305 | 26 | 0.363475 | 8
1124077 | 24 | 4.63978e-310 | 7
562039 | 23 | 4.63978e-310 | 9
70255 | 20 | 4.63978e-310 | 5
275 | 12 | 6.64798 | 120
550 | 13 | 2.26934 | 14
1100 | 14 | 2.26934 | 14
2201 | 15 | 2.26934 | 14
4403 | 16 | 2.26934 | 14
8806 | 17 | 2.18389 | 13
17612 | 18 | 2.18389 | 13
35224 | 19 | 2.18389 | 13
70448 | 20 | 4.72071 | 6
70449 | 20 | 4.63978e-310 | 7
8807 | 17 | 4.63978e-310 | 1
551 | 13 | 6.0518 | 106
1103 | 14 | 6.0518 | 106
2206 | 15 | 3.93579 | 60
4412 | 16 | 4.63978e-310 | 7
4413 | 16 | 3.54212 | 53
8826 | 17 | 1.63042e-322 | 5
8827 | 17 | 2.90597 | 48
17654 | 18 | 2.90597 | 48
35308 | 19 | 1.78851 | 13
70616 | 20 | 1.63042e-322 | 4
70617 | 20 | 1.63042e-322 | 9
35309 | 19 | 2.2707 | 35
70618 | 20 | 0.487704 | 3
70619 | 20 | 2.2707 | 32
141238 | 21 | 0 | 6
141239 | 21 | 1.90731 | 26
282479 | 22 | 1.90731 | 26
564959 | 23 | 1.90731 | 26
1129918 | 24 | 1.44207 | 15
2259837 | 25 | 1.44207 | 15
4519674 | 26 | 0 | 3
4519675 | 26 | 1.13444 | 12
9039350 | 27 | 0.555553 | 2
9039351 | 27 | 0.0247751 | 10
1129919 | 24 | 1.65003 | 11
2259838 | 25 | 4.63978e-310 | 10
2259839 | 25 | 0 | 1
2207 | 15 | 3.37494 | 46
4415 | 16 | 3.37494 | 46
8830 | 17 | 2.96473 | 39
17660 | 18 | 2.96473 | 39
35320 | 19 | 2.83905 | 29
70640 | 20 | 2.26685 | 19
141280 | 21 | 2.37152e-322 | 8
141281 | 21 | 1.56431 | 11
282563 | 22 | 1.56431 | 11
565126 | 23 | 1.58101e-322 | 9
565127 | 23 | 1.63042e-322 | 2
70641 | 20 | 4.63978e-310 | 10
35321 | 19 | 4.63978e-310 | 10
8831 | 17 | 4.63978e-310 | 7
35 | 9 | 9.35124 | 47
70 | 10 | 4.62028 | 18
140 | 11 | 4.63978e-310 | 9
141 | 11 | 4.63978e-310 | 9
71 | 10 | 5.55344 | 29
142 | 11 | 5.55344 | 29
285 | 12 | 5.55344 | 29
570 | 13 | 1.63042e-322 | 10
571 | 13 | 3.07419 | 19
1142 | 14 | 2.41819 | 17
2284 | 15 | 2.41819 | 11
4569 | 16 | 2.41819 | 11
9138 | 17 | 3.43897 | 5
9139 | 17 | 0.857734 | 6
2285 | 15 | 4.63978e-310 | 6
1143 | 14 | 1.31954 | 2
9 | 7 | 4.63978e-310 | 1
3 | 5 | 24.5988 | 40
6 | 6 | 19.2658 | 37
12 | 7 | 19.2658 | 25
25 | 8 | 19.2658 | 25
50 | 9 | 4.63978e-310 | 5
51 | 9 | 7.01656 | 20
102 | 10 | 4.35802 | 13
204 | 11 | 1.58101e-322 | 7
205 | 11 | 4.63978e-310 | 6
103 | 10 | 0.173086 | 7
13 | 7 | 13.7632 | 12
27 | 8 | 13.7632 | 12
54 | 9 | 13.7632 | 12
108 | 10 | 13.7632 | 12
216 | 11 | 13.7632 | 12
432 | 12 | 13.7632 | 12
864 | 13 | 13.7632 | 12
1729 | 14 | 13.7632 | 12
3458 | 15 | 1.52341 | 9
3459 | 15 | 3.25888 | 3
7 | 6 | 4.63978e-310 | 3
1 | 2 | 26.982 | 559
2 | 3 | 26.982 | 534
4 | 4 | 26.982 | 534
9 | 5 | 26.982 | 534
18 | 6 | 25.8357 | 493
36 | 7 | 23.78 | 337
72 | 8 | 23.78 | 337
144 | 9 | 23.78 | 337
288 | 10 | 18.0803 | 117
577 | 11 | 18.0803 | 117
1154 | 12 | 15.1482 | 30
2308 | 13 | 6.84605 | 11
4616 | 14 | 0.215945 | 1
4617 | 14 | 1.77718 | 10
2309 | 13 | 8.31618 | 19
4618 | 14 | 37.4573 | 9
4619 | 14 | 0.832334 | 10
1155 | 12 | 13.4161 | 87
2310 | 13 | 8.89549 | 6
2311 | 13 | 8.30391 | 81
4622 | 14 | 8.30391 | 81
9244 | 15 | 8.30391 | 81
18488 | 16 | 7.13892 | 57
36976 | 17 | 6.75302 | 52
73952 | 18 | 3.50548 | 17
147905 | 19 | 3.50548 | 17
295810 | 20 | 3.50548 | 16
591620 | 21 | 586.672 | 5
591621 | 21 | 2.36779 | 11
1183242 | 22 | 1.47127 | 9
1183243 | 22 | 1.23314 | 2
295811 | 20 | 4.63978e-310 | 1
73953 | 18 | 4.45013 | 35
147907 | 19 | 4.45013 | 35
295814 | 20 | 4.20312 | 32
591628 | 21 | 2.42092e-322 | 1
591629 | 21 | 4.20312 | 31
1183258 | 22 | 4.20312 | 31
2366516 | 23 | 3.79921 | 26
4733032 | 24 | 3.79921 | 26
9466065 | 25 | 3.79921 | 26
18932130 | 26 | 4.00193e-322 | 6
18932131 | 26 | 3.48322 | 20
37864262 | 27 | 2.88654 | 17
75728524 | 28 | 2.88654 | 17
151457048 | 29 | 2.54387 | 11
302914096 | 30 | 1.16166 | 2
302914097 | 30 | 0.693906 | 9
151457049 | 29 | 4.57359 | 6
37864263 | 27 | 4.63978e-310 | 3
2366517 | 23 | 4.63978e-310 | 5
295815 | 20 | 4.63978e-310 | 3
36977 | 17 | 4.63978e-310 | 5
18489 | 16 | 3.10923 | 24
36978 | 17 | 2.28265 | 16
73957 | 18 | 2.28265 | 16
147915 | 19 | 2.28265 | 16
295830 | 20 | 2.28265 | 16
591660 | 21 | 0 | 7
591661 | 21 | 1.49191 | 9
36979 | 17 | 4.63978e-310 | 8
289 | 10 | 19.8205 | 220
579 | 11 | 19.8205 | 220
1158 | 12 | 10.1095 | 46
2316 | 13 | 10.1095 | 46
4632 | 14 | 10.1095 | 45
9264 | 15 | 4.21115 | 21
18528 | 16 | 3.46887 | 16
37056 | 17 | 1.63042e-322 | 7
37057 | 17 | 1.63042e-322 | 9
18529 | 16 | 1.63042e-322 | 5
9265 | 15 | 10.1095 | 24
18530 | 16 | 4.63978e-310 | 8
18531 | 16 | 8.15338 | 16
37062 | 17 | 5.97405 | 8
37063 | 17 | 1.63042e-322 | 8
4633 | 14 | 4.63978e-310 | 1
1159 | 12 | 8.59171 | 174
2318 | 13 | 7.48149 | 140
4636 | 14 | 1.63042e-322 | 2
4637 | 14 | 7.48149 | 138
9275 | 15 | 7.48149 | 138
18550 | 16 | 6.39315 | 119
37100 | 17 | 5.89375 | 101
74200 | 18 | 2.35716 | 14
148400 | 19 | 12.352 | 8
148401 | 19 | 15.8074 | 6
74201 | 18 | 5.56883 | 87
148402 | 19 | 4.7791 | 75
296804 | 20 | 4.09809 | 23
593609 | 21 | 4.09809 | 23
1187218 | 22 | 3.28431 | 17
2374436 | 23 | 0.724493 | 6
2374437 | 23 | 2.99989 | 11
4748874 | 24 | 0.308846 | 4
4748875 | 24 | 0.142577 | 7
1187219 | 22 | 4.63978e-310 | 6
296805 | 20 | 4.52384 | 52
593611 | 21 | 4.52384 | 52
1187222 | 22 | 2.3483 | 25
2374444 | 23 | 0.758628 | 3
2374445 | 23 | 2.3483 | 22
4748890 | 24 | 2.3483 | 22
9497780 | 25 | 2.00483 | 19
18995560 | 26 | 0.758019 | 8
18995561 | 26 | 1.6161 | 11
37991122 | 27 | 1.6161 | 11
75982244 | 28 | 0.871062 | 10
75982245 | 28 | 1.84475 | 1
9497781 | 25 | 4.63978e-310 | 3
1187223 | 22 | 2.33459 | 27
2374446 | 23 | 2.15117 | 22
4748892 | 24 | 2.15117 | 22
9497784 | 25 | 0.0138384 | 8
9497785 | 25 | 1.76191 | 14
18995570 | 26 | 1.63042e-322 | 10
18995571 | 26 | 1.63042e-322 | 4
2374447 | 23 | 4.63978e-310 | 5
148403 | 19 | 3.01893 | 12
296806 | 20 | 4.63978e-310 | 6
296807 | 20 | 4.63978e-310 | 6
37101 | 17 | 4.28883 | 18
74202 | 18 | 4.28883 | 18
148404 | 19 | 1.63042e-322 | 9
148405 | 19 | 0.833552 | 9
18551 | 16 | 3.70998 | 19
37102 | 17 | 2.09901 | 16
74204 | 18 | 2.09901 | 16
148408 | 19 | 2.09901 | 16
296816 | 20 | 1.3047 | 11
593633 | 21 | 1.3047 | 11
1187266 | 22 | 0.942121 | 1
1187267 | 22 | 1.63042e-322 | 10
296817 | 20 | 4.63978e-310 | 5
37103 | 17 | 4.63978e-310 | 3
2319 | 13 | 5.21158 | 34
4638 | 14 | 2.23449 | 15
9276 | 15 | 2.23449 | 15
18552 | 16 | 2.12718 | 12
37104 | 17 | 2.12718 | 12
74208 | 18 | 7.85928 | 9
74209 | 18 | 2.10279 | 3
18553 | 16 | 4.63978e-310 | 3
4639 | 14 | 3.09465 | 19
9279 | 15 | 3.09465 | 19
18559 | 16 | 3.09465 | 19
37118 | 17 | 2.5105 | 3
37119 | 17 | 2.74983 | 16
74238 | 18 | 0 | 8
74239 | 18 | 2.42092e-322 | 8
37 | 7 | 16.0884 | 156
74 | 8 | 16.0884 | 154
148 | 9 | 12.7306 | 99
296 | 10 | 12.7306 | 99
592 | 11 | 12.7306 | 99
1184 | 12 | 4.1808 | 40
2368 | 13 | 4.1808 | 40
4736 | 14 | 1.63042e-322 | 7
4737 | 14 | 3.84701 | 33
9474 | 15 | 3.84701 | 33
18948 | 16 | 3.36153 | 24
37897 | 17 | 3.36153 | 24
75794 | 18 | 2.9893 | 22
151588 | 19 | 2.9893 | 22
303176 | 20 | 2.36979 | 17
606353 | 21 | 2.36979 | 17
1212706 | 22 | 2.02958 | 12
2425412 | 23 | 0.283826 | 3
2425413 | 23 | 4.63978e-310 | 9
1212707 | 22 | 4.63978e-310 | 5
303177 | 20 | 4.63978e-310 | 5
75795 | 18 | 4.63978e-310 | 2
18949 | 16 | 0.858677 | 9
1185 | 12 | 5.88455 | 59
2371 | 13 | 5.88455 | 59
4742 | 14 | 5.54331 | 30
9484 | 15 | 2.87579 | 9
9485 | 15 | 3.036 | 21
18970 | 16 | 3.036 | 21
37940 | 17 | 3.036 | 12
75880 | 18 | 1.63042e-322 | 5
75881 | 18 | 1.63042e-322 | 7
37941 | 17 | 1.58101e-322 | 9
4743 | 14 | 5.31051 | 29
9486 | 15 | 1.58101e-322 | 9
9487 | 15 | 2.96282 | 20
18975 | 16 | 2.96282 | 20
37951 | 17 | 2.96282 | 20
75902 | 18 | 0.149196 | 6
75903 | 18 | 2.28604 | 14
151806 | 19 | 2.28604 | 14
303613 | 20 | 2.28604 | 14
607226 | 21 | 0.333568 | 6
607227 | 21 | 2.55648 | 8
149 | 9 | 4.90635 | 55
299 | 10 | 4.90635 | 55
598 | 11 | 4.15166 | 41
1196 | 12 | 12.5038 | 2
1197 | 12 | 3.90012 | 39
2394 | 13 | 3.90012 | 39
4788 | 14 | 3.62425 | 18
9576 | 15 | 2.94286 | 16
19152 | 16 | 2.94286 | 16
38304 | 17 | 10.5009 | 3
38305 | 17 | 2.94286 | 13
76610 | 18 | 1.58101e-322 | 3
76611 | 18 | 4.63978e-310 | 10
9577 | 15 | 4.63978e-310 | 2
4789 | 14 | 3.37339 | 21
9578 | 15 | 2.5958 | 13
19157 | 16 | 2.5958 | 13
38315 | 17 | 2.5958 | 13
76630 | 18 | 1.63635 | 9
76631 | 18 | 2.47343 | 4
9579 | 15 | 4.63978e-310 | 8
599 | 11 | 3.48982 | 14
1198 | 12 | 4.63978e-310 | 2
1199 | 12 | 2.77163 | 12
2398 | 13 | 2.77163 | 12
4796 | 14 | 2.77163 | 11
9592 | 15 | 3.70574 | 8
9593 | 15 | 0.501969 | 3
4797 | 14 | 4.63978e-310 | 1
75 | 8 | 4.63978e-310 | 2
19 | 6 | 19.3479 | 41
38 | 7 | 19.3479 | 41
76 | 8 | 19.3479 | 41
153 | 9 | 19.3479 | 41
306 | 10 | 1.58101e-322 | 6
307 | 10 | 4.44925 | 35
614 | 11 | 4.44925 | 31
1228 | 12 | 4.44925 | 31
2456 | 13 | 2.86369 | 18
4912 | 14 | 11.582 | 3
4913 | 14 | 2.27201 | 15
9827 | 15 | 2.27201 | 15
19654 | 16 | 9.28859 | 9
19655 | 16 | 9.02927 | 6
2457 | 13 | 2.2578 | 13
4914 | 14 | 8.04264 | 6
4915 | 14 | 4.63978e-310 | 7
615 | 11 | 4.63978e-310 | 4
3 | 3 | 9.65833 | 25
6 | 4 | 4.63978e-310 | 1
7 | 4 | 7.53782 | 24
14 | 5 | 7.53782 | 19
28 | 6 | 7.53782 | 19
56 | 7 | 4.63978e-310 | 4
57 | 7 | 5.49415 | 15
114 | 8 | 4.63978e-310 | 4
115 | 8 | 5.49415 | 11
230 | 9 | 5.49415 | 11
460 | 10 | 9.833 | 6
461 | 10 | 9.95497 | 5
15 | 5 | 4.63978e-310 | 5
1 | 1 | 20.3776 | 480
2 | 2 | 20.3776 | 480
4 | 3 | 14.9079 | 331
8 | 4 | 14.9079 | 331
16 | 5 | 12.2841 | 30
32 | 6 | 7.99431 | 20
64 | 7 | 5.39916 | 16
128 | 8 | 8.98572 | 2
129 | 8 | 5.39916 | 14
258 | 9 | 3.71214 | 12
516 | 10 | 0 | 2
517 | 10 | 0.0498996 | 10
259 | 9 | 4.63978e-310 | 2
65 | 7 | 4.63978e-310 | 4
33 | 6 | 4.63978e-310 | 10
17 | 5 | 14.2178 | 301
34 | 6 | 8.43452 | 109
68 | 7 | 7.80723 | 61
136 | 8 | 2.57283 | 20
273 | 9 | 2.57283 | 20
546 | 10 | 103.666 | 10
547 | 10 | 110.205 | 10
137 | 8 | 6.4748 | 41
275 | 9 | 6.4748 | 41
550 | 10 | 0.408412 | 3
551 | 10 | 6.4748 | 38
1102 | 11 | 4.46859 | 26
2204 | 12 | 4.46859 | 26
4409 | 13 | 4.46859 | 26
8818 | 14 | 8.20564 | 5
8819 | 14 | 2.8247 | 21
17638 | 15 | 2.8247 | 21
35276 | 16 | 0 | 1
35277 | 16 | 2.78592 | 20
70554 | 17 | 2.16982 | 14
141109 | 18 | 2.16982 | 14
282219 | 19 | 2.16982 | 14
564438 | 20 | 0.154785 | 10
564439 | 20 | 4.23733 | 4
70555 | 17 | 4.63978e-310 | 6
1103 | 11 | 2.39546 | 12
2206 | 12 | 2.39546 | 12
4412 | 13 | 4.63978e-310 | 5
4413 | 13 | 4.63978e-310 | 7
69 | 7 | 7.41983 | 48
138 | 8 | 7.41983 | 48
276 | 9 | 7.41983 | 48
553 | 10 | 7.41983 | 48
1106 | 11 | 6.69971 | 44
2212 | 12 | 6.54761 | 33
4425 | 13 | 6.54761 | 33
8850 | 14 | 6.54761 | 33
17701 | 15 | 6.54761 | 33
35402 | 16 | 6.54761 | 33
70804 | 17 | 2.94669 | 16
141609 | 18 | 2.94669 | 16
283219 | 19 | 2.94669 | 16
566438 | 20 | 0.013766 | 10
566439 | 20 | 0 | 6
70805 | 17 | 2.37899 | 17
141610 | 18 | 4.63978e-310 | 10
141611 | 18 | 0.06913 | 7
2213 | 12 | 6.36945 | 11
4427 | 13 | 6.36945 | 11
8854 | 14 | 6.36945 | 11
17709 | 15 | 6.36945 | 11
35419 | 16 | 6.36945 | 11
70838 | 17 | 1.63042e-322 | 3
70839 | 17 | 2.42092e-322 | 8
1107 | 11 | 4.63978e-310 | 4
35 | 6 | 10.9036 | 192
70 | 7 | 10.9036 | 192
140 | 8 | 8.60873 | 54
280 | 9 | 1.95373 | 16
560 | 10 | 1.95373 | 16
1120 | 11 | 4.63978e-310 | 1
1121 | 11 | 1.95373 | 15
2242 | 12 | 4.63978e-310 | 7
2243 | 12 | 69.3522 | 8
281 | 9 | 6.4634 | 38
562 | 10 | 6.4634 | 38
1125 | 11 | 6.4634 | 38
2250 | 12 | 4.14704 | 30
4501 | 13 | 4.14704 | 30
9003 | 14 | 4.14704 | 30
18006 | 15 | 1.60742 | 5
18007 | 15 | 2.885 | 25
36015 | 16 | 2.885 | 25
72031 | 17 | 2.885 | 25
144062 | 18 | 1.64679 | 12
288124 | 19 | 1.64679 | 12
576248 | 20 | 4.05052 | 7
576249 | 20 | 1.19597 | 5
144063 | 18 | 1.64131 | 13
288126 | 19 | 1.64131 | 13
576252 | 20 | 1.64131 | 12
1152504 | 21 | 1.30972 | 11
2305008 | 22 | 1.30972 | 11
4610017 | 23 | 1.30972 | 11
9220034 | 24 | 1.49412 | 9
9220035 | 24 | 0 | 2
1152505 | 21 | 4.63978e-310 | 1
576253 | 20 | 4.63978e-310 | 1
2251 | 12 | 4.63978e-310 | 8
141 | 8 | 10.2466 | 138
282 | 9 | 7.49672 | 95
564 | 10 | 7.49672 | 95
1128 | 11 | 6.72902 | 69
2257 | 12 | 6.72902 | 69
4514 | 13 | 4.48704 | 24
9028 | 14 | 3.79677 | 18
18056 | 15 | 0.0540686 | 4
18057 | 15 | 3.79677 | 14
36114 | 16 | 9.53445 | 10
36115 | 16 | 11.3084 | 4
9029 | 14 | 4.63978e-310 | 6
4515 | 13 | 5.54118 | 45
9030 | 14 | 3.73806 | 17
18060 | 15 | 2.75799 | 11
36120 | 16 | 2.75799 | 11
72241 | 17 | 2.75799 | 11
144482 | 18 | 3.35237 | 9
144483 | 18 | 0.862016 | 2
18061 | 15 | 4.63978e-310 | 6
9031 | 14 | 3.65916 | 28
18062 | 15 | 33.2658 | 7
18063 | 15 | 2.45173 | 21
36126 | 16 | 2.45173 | 21
72252 | 17 | 2.45173 | 21
144504 | 18 | 0.225842 | 1
144505 | 18 | 2.4467 | 20
289010 | 19 | 2.4467 | 20
578020 | 20 | 1.8701 | 2
578021 | 20 | 2.4467 | 18
1156042 | 21 | 11.9057 | 5
1156043 | 21 | 2.04738 | 13
2312087 | 22 | 2.04738 | 13
4624175 | 23 | 2.04738 | 13
9248350 | 24 | 1.12827 | 8
9248351 | 24 | 3.50547 | 5
1129 | 11 | 5.73864 | 26
2258 | 12 | 5.13897 | 23
4516 | 13 | 5.13897 | 23
9033 | 14 | 5.13897 | 23
18066 | 15 | 4.10457 | 19
36132 | 16 | 3.28494 | 14
72264 | 17 | 3.26277 | 12
144528 | 18 | 1.63042e-322 | 10
144529 | 18 | 8.31566 | 2
72265 | 17 | 1.93269 | 2
36133 | 16 | 4.63978e-310 | 5
18067 | 15 | 4.63978e-310 | 4
2259 | 12 | 4.63978e-310 | 3
283 | 9 | 6.34544 | 43
566 | 10 | 6.34544 | 43
1132 | 11 | 5.13461 | 31
2264 | 12 | 4.99479 | 22
4529 | 13 | 4.99479 | 22
9058 | 14 | 4.38232 | 16
18116 | 15 | 1.63042e-322 | 3
18117 | 15 | 4.32298 | 13
36234 | 16 | 4.32298 | 13
72468 | 17 | 0.241087 | 5
72469 | 17 | 0.127774 | 8
9059 | 14 | 3.35237 | 6
2265 | 12 | 4.63978e-310 | 9
1133 | 11 | 2.89997 | 12
2266 | 12 | 0.462263 | 7
2267 | 12 | 14.6953 | 5
5 | 3 | 11.2784 | 149
10 | 4 | 4.63978e-310 | 4
11 | 4 | 11.2784 | 145
22 | 5 | 8.18904 | 78
44 | 6 | 5.43619 | 24
88 | 7 | 4.63978e-310 | 4
89 | 7 | 4.92697 | 20
178 | 8 | 12.7283 | 1
179 | 8 | 4.63734 | 19
358 | 9 | 4.63734 | 14
717 | 10 | 4.63734 | 14
1435 | 11 | 4.63734 | 14
2870 | 12 | 2.22282 | 11
5741 | 13 | 2.22282 | 11
11482 | 14 | 0.993232 | 1
11483 | 14 | 4.63978e-310 | 10
2871 | 12 | 4.63978e-310 | 3
359 | 9 | 4.63978e-310 | 5
45 | 6 | 7.03586 | 54
90 | 7 | 7.03586 | 54
180 | 8 | 5.3432 | 11
360 | 9 | 0.651534 | 1
361 | 9 | 1.32738 | 10
181 | 8 | 6.0995 | 43
362 | 9 | 3.93166 | 21
724 | 10 | 2.42092e-322 | 2
725 | 10 | 3.93166 | 19
1450 | 11 | 2.75187 | 15
2900 | 12 | 2.31146 | 13
5801 | 13 | 2.31146 | 13
11602 | 14 | 2.45427 | 6
11603 | 14 | 2.7146 | 7
2901 | 12 | 4.63978e-310 | 2
1451 | 11 | 6.49624 | 4
363 | 9 | 4.11742 | 22
726 | 10 | 4.11742 | 22
1452 | 11 | 3.1867 | 20
2904 | 12 | 3.1867 | 20
5808 | 13 | 20.4617 | 8
5809 | 13 | 2.39458 | 12
11618 | 14 | 6.30663 | 7
11619 | 14 | 1.74527 | 5
1453 | 11 | 4.63978e-310 | 2
23 | 5 | 7.98226 | 67
46 | 6 | 4.63978e-310 | 5
47 | 6 | 7.27536 | 62
94 | 7 | 7.27536 | 62
188 | 8 | 7.21844 | 34
376 | 9 | 6.61367 | 32
753 | 10 | 6.61367 | 32
1507 | 11 | 6.61367 | 32
3014 | 12 | 6.84024 | 4
3015 | 12 | 5.56528 | 28
6030 | 13 | 3.86831 | 19
12060 | 14 | 25.5871 | 7
12061 | 14 | 3.30953 | 12
24122 | 15 | 4.6209 | 7
24123 | 15 | 0.981296 | 5
6031 | 13 | 4.63978e-310 | 9
377 | 9 | 4.63978e-310 | 2
189 | 8 | 6.79765 | 28
378 | 9 | 4.60209 | 22
757 | 10 | 4.60209 | 22
1514 | 11 | 4.60209 | 21
3028 | 12 | 3.89871 | 18
6056 | 13 | 2.75496 | 13
12113 | 14 | 2.75496 | 13
24227 | 15 | 2.75496 | 13
48454 | 16 | 5.36717 | 5
48455 | 16 | 6.90513e-310 | 8
6057 | 13 | 4.63978e-310 | 5
3029 | 12 | 4.63978e-310 | 3
1515 | 11 | 4.63978e-310 | 1
379 | 9 | 4.63978e-310 | 6
