ID | Depth | diameter | Number of points
0 | 0 | 29.316 | 1600
0 | 1 | 29.316 | 1600
0 | 2 | 29.316 | 1554
0 | 3 | 29.316 | 1554
0 | 4 | 26.2734 | 370
0 | 5 | 25.6785 | 261
0 | 6 | 22.0243 | 145
0 | 7 | 9.53547e-322 | 3
1 | 7 | 19.0143 | 142
2 | 8 | 19.0143 | 142
4 | 9 | 18.932 | 127
9 | 10 | 18.932 | 127
18 | 11 | 18.1558 | 65
36 | 12 | 8.60062 | 22
72 | 13 | 7.13244 | 9
73 | 13 | 4.9652 | 13
146 | 14 | 4.9652 | 13
293 | 15 | 4.9652 | 13
586 | 16 | 16.9131 | 3
587 | 16 | 4.63978e-310 | 10
37 | 12 | 12.4312 | 43
74 | 13 | 11.1165 | 24
149 | 14 | 11.1165 | 24
298 | 15 | 9.55803 | 17
596 | 16 | 9.55803 | 17
1192 | 17 | 59.6875 | 5
1193 | 17 | 9.42977 | 12
2386 | 18 | 6.90513e-310 | 2
2387 | 18 | 19.7492 | 10
299 | 15 | 4.63978e-310 | 7
75 | 13 | 12.3025 | 19
150 | 14 | 4.63978e-310 | 3
151 | 14 | 12.3025 | 16
302 | 15 | 147.01 | 2
303 | 15 | 1.83744 | 14
606 | 16 | 1.80502 | 11
1212 | 17 | 95.4928 | 5
1213 | 17 | 7.35835 | 6
607 | 16 | 0.166736 | 3
19 | 11 | 18.2702 | 62
38 | 12 | 9.42251 | 18
76 | 13 | 9.42251 | 18
152 | 14 | 2.37152e-322 | 9
153 | 14 | 1.63042e-322 | 9
39 | 12 | 12.0702 | 44
79 | 13 | 12.0702 | 44
158 | 14 | 11.3699 | 18
316 | 15 | 100.133 | 5
317 | 15 | 6.73494 | 13
634 | 16 | 6.73494 | 13
1269 | 17 | 6.73494 | 13
2538 | 18 | 30.445 | 9
2539 | 18 | 29.7085 | 4
159 | 14 | 10.8569 | 26
318 | 15 | 8.76869 | 17
636 | 16 | 8.76869 | 17
1272 | 17 | 8.76869 | 17
2544 | 18 | 0.0263759 | 7
2545 | 18 | 59.3235 | 10
319 | 15 | 4.63978e-310 | 9
5 | 9 | 4.50902 | 15
10 | 10 | 4.50902 | 12
20 | 11 | 4.63978e-310 | 9
21 | 11 | 4.63978e-310 | 3
11 | 10 | 4.63978e-310 | 3
1 | 6 | 13.883 | 116
2 | 7 | 13.883 | 116
4 | 8 | 13.883 | 100
9 | 9 | 13.883 | 100
18 | 10 | 12.8116 | 80
37 | 11 | 12.8116 | 80
75 | 12 | 12.8116 | 80
150 | 13 | 6.90513e-310 | 6
151 | 13 | 9.56961 | 74
302 | 14 | 6.90513e-310 | 2
303 | 14 | 8.43382 | 72
607 | 15 | 8.43382 | 72
1214 | 16 | 5.58294e-322 | 2
1215 | 16 | 8.43382 | 70
2430 | 17 | 7.53208 | 58
4861 | 18 | 7.53208 | 58
9722 | 19 | 7.32782 | 27
19444 | 20 | 7.08459 | 25
38888 | 21 | 2.12489 | 17
77776 | 22 | 2.12489 | 17
155552 | 23 | 0.502122 | 10
155553 | 23 | 0 | 7
38889 | 21 | 4.63978e-310 | 8
19445 | 20 | 4.63978e-310 | 2
9723 | 19 | 6.8813 | 31
19446 | 20 | 6.8813 | 31
38893 | 21 | 6.8813 | 31
77786 | 22 | 6.8813 | 31
155572 | 23 | 3.56554 | 3
155573 | 23 | 6.60596 | 28
311146 | 24 | 2.62429 | 27
622292 | 25 | 2.62429 | 27
1244584 | 26 | 2.20817 | 17
2489169 | 27 | 2.20817 | 17
4978338 | 28 | 0.410632 | 7
4978339 | 28 | 1.35252 | 10
1244585 | 26 | 4.63978e-310 | 10
311147 | 24 | 4.63978e-310 | 1
2431 | 17 | 6.87334 | 12
4862 | 18 | 4.63978e-310 | 9
4863 | 18 | 4.63978e-310 | 3
19 | 10 | 8.02198 | 20
38 | 11 | 6.86201 | 18
76 | 12 | 2.92654 | 16
153 | 13 | 2.92654 | 16
306 | 14 | 4.63978e-310 | 10
307 | 14 | 4.63978e-310 | 6
77 | 12 | 4.63978e-310 | 2
39 | 11 | 4.63978e-310 | 2
5 | 8 | 7.62424 | 16
10 | 9 | 3.48419 | 14
20 | 10 | 4.63978e-310 | 10
21 | 10 | 4.63978e-310 | 4
11 | 9 | 4.63978e-310 | 2
1 | 5 | 25.0467 | 109
2 | 6 | 23.8587 | 102
4 | 7 | 16.7108 | 17
9 | 8 | 16.7108 | 17
18 | 9 | 6.90513e-310 | 1
19 | 9 | 15.6962 | 16
38 | 10 | 1.63042e-322 | 2
39 | 10 | 15.6962 | 14
79 | 11 | 15.6962 | 14
158 | 12 | 2.37152e-322 | 1
159 | 12 | 14.1655 | 13
318 | 13 | 1.63042e-322 | 10
319 | 13 | 0 | 3
5 | 7 | 18.8032 | 85
10 | 8 | 18.8032 | 85
20 | 9 | 18.7096 | 64
41 | 10 | 18.7096 | 64
82 | 11 | 6.37345e-322 | 9
83 | 11 | 18.7096 | 55
166 | 12 | 18.3131 | 35
332 | 13 | 18.3131 | 35
665 | 14 | 18.3131 | 35
1330 | 15 | 8.83293 | 12
2660 | 16 | 292.261 | 4
2661 | 16 | 4.73934 | 8
1331 | 15 | 4.12087 | 23
2662 | 16 | 3.45303 | 3
2663 | 16 | 3.56268 | 20
5326 | 17 | 3.50892 | 17
10652 | 18 | 3.50892 | 17
21305 | 19 | 3.50892 | 17
42611 | 20 | 3.50892 | 17
85223 | 21 | 3.50892 | 17
170446 | 22 | 1.38392 | 9
170447 | 22 | 3.43699 | 8
5327 | 17 | 4.63978e-310 | 3
167 | 12 | 1.87766 | 20
334 | 13 | 1.79341 | 17
668 | 14 | 1.57193 | 15
1336 | 15 | 4.63978e-310 | 1
1337 | 15 | 1.57193 | 14
2674 | 16 | 1.57193 | 14
5348 | 17 | 0.346465 | 4
5349 | 17 | 0.286082 | 10
669 | 14 | 4.63978e-310 | 2
335 | 13 | 4.63978e-310 | 3
21 | 9 | 2.44702 | 21
43 | 10 | 2.44702 | 21
86 | 11 | 2.05686 | 19
173 | 12 | 2.05686 | 19
346 | 13 | 0.52538 | 2
347 | 13 | 1.83276 | 17
694 | 14 | 1.68793 | 13
1389 | 15 | 1.68793 | 13
2778 | 16 | 1.63042e-322 | 9
2779 | 16 | 1.7337 | 4
695 | 14 | 4.63978e-310 | 4
87 | 11 | 4.63978e-310 | 2
3 | 6 | 4.63978e-310 | 7
1 | 4 | 26.3257 | 1184
3 | 5 | 26.3257 | 1184
6 | 6 | 17.7642 | 458
12 | 7 | 13.8445 | 149
24 | 8 | 12.9759 | 121
48 | 9 | 8.00784 | 70
96 | 10 | 6.46037 | 26
192 | 11 | 2.29037 | 6
193 | 11 | 5.86376 | 20
387 | 12 | 5.86376 | 20
774 | 13 | 23.5084 | 2
775 | 13 | 5.86376 | 18
1550 | 14 | 34.3836 | 8
1551 | 14 | 18.2133 | 10
97 | 10 | 7.24331 | 44
194 | 11 | 5.62957 | 32
388 | 12 | 5.62957 | 32
776 | 13 | 4.5828 | 21
1552 | 14 | 2.3576 | 15
3104 | 15 | 0.279464 | 10
3105 | 15 | 2.01809 | 5
1553 | 14 | 4.63978e-310 | 6
777 | 13 | 5.36662 | 11
1554 | 14 | 0.289036 | 6
1555 | 14 | 0.685332 | 5
195 | 11 | 3.21155 | 12
390 | 12 | 3.21155 | 12
780 | 13 | 2.83083 | 7
781 | 13 | 16.5835 | 5
49 | 9 | 10.3403 | 51
98 | 10 | 4.63978e-310 | 5
99 | 10 | 9.72967 | 46
198 | 11 | 5.95769 | 30
396 | 12 | 3.62728 | 11
792 | 13 | 13.7895 | 3
793 | 13 | 4.63978e-310 | 8
397 | 12 | 5.95769 | 19
794 | 13 | 5.95769 | 19
1588 | 14 | 5.08881 | 17
3176 | 15 | 2.11676 | 6
3177 | 15 | 5.08881 | 11
6354 | 16 | 3.56312 | 4
6355 | 16 | 0 | 7
1589 | 14 | 4.63978e-310 | 2
199 | 11 | 6.25761 | 16
398 | 12 | 6.25761 | 16
796 | 13 | 6.25761 | 16
1592 | 14 | 124.744 | 4
1593 | 14 | 6.25761 | 12
3186 | 15 | 6.25761 | 12
6372 | 16 | 6.25761 | 12
12745 | 17 | 6.25761 | 12
25490 | 18 | 1.14705 | 6
25491 | 18 | 1.63613 | 6
25 | 8 | 10.9629 | 28
50 | 9 | 5.47699 | 20
100 | 10 | 4.63978e-310 | 5
101 | 10 | 4.38751 | 15
203 | 11 | 4.38751 | 15
407 | 12 | 4.38751 | 15
814 | 13 | 4.63978e-310 | 7
815 | 13 | 2.64008 | 8
51 | 9 | 4.63978e-310 | 8
13 | 7 | 13.7733 | 309
26 | 8 | 13.7733 | 303
52 | 9 | 10.4737 | 166
104 | 10 | 10.4737 | 166
208 | 11 | 9.22634 | 114
417 | 12 | 9.22634 | 114
834 | 13 | 6.45773 | 38
1668 | 14 | 11.8448 | 3
1669 | 14 | 5.64132 | 35
3338 | 15 | 5.64132 | 35
6676 | 16 | 5.64132 | 35
13353 | 17 | 5.64132 | 35
26707 | 18 | 5.64132 | 35
53415 | 19 | 5.64132 | 35
106830 | 20 | 3.3446 | 23
213660 | 21 | 2.36822 | 15
427320 | 22 | 3.26454 | 9
427321 | 22 | 1.35587 | 6
213661 | 21 | 4.63978e-310 | 8
106831 | 20 | 2.8461 | 12
213662 | 21 | 0.0731067 | 5
213663 | 21 | 2.57139 | 7
835 | 13 | 7.63343 | 76
1670 | 14 | 3.35339 | 16
3340 | 15 | 3.35339 | 16
6680 | 16 | 3.35339 | 16
13360 | 17 | 7.16395e-322 | 2
13361 | 17 | 3.11295 | 14
26722 | 18 | 2.60495 | 11
53444 | 19 | 8.29477 | 2
53445 | 19 | 26.5377 | 9
26723 | 18 | 1.35265 | 3
1671 | 14 | 6.05309 | 60
3343 | 15 | 6.05309 | 60
6686 | 16 | 4.40416 | 16
13372 | 17 | 0.38663 | 9
13373 | 17 | 0.709103 | 7
6687 | 16 | 5.5954 | 44
13374 | 17 | 3.55606 | 24
26748 | 18 | 7.79667 | 5
26749 | 18 | 2.81862 | 19
53498 | 19 | 2.30295 | 15
106996 | 20 | 2.30295 | 13
213992 | 21 | 1.81816e-321 | 8
213993 | 21 | 6.84787 | 5
106997 | 20 | 4.63978e-310 | 2
53499 | 19 | 4.63978e-310 | 4
13375 | 17 | 3.80321 | 20
26750 | 18 | 1.32805 | 4
26751 | 18 | 3.40743 | 16
53502 | 19 | 2.02013 | 9
53503 | 19 | 5.84952 | 7
209 | 11 | 7.09607 | 52
418 | 12 | 4.63978e-310 | 1
419 | 12 | 6.66664 | 51
838 | 13 | 6.66664 | 51
1677 | 14 | 6.66664 | 51
3354 | 15 | 2.22031 | 13
6708 | 16 | 1.63042e-322 | 5
6709 | 16 | 1.63042e-322 | 8
3355 | 15 | 4.91081 | 38
6710 | 16 | 4.01391 | 10
6711 | 16 | 3.05433 | 28
13422 | 17 | 3.05433 | 28
26844 | 18 | 1.70684 | 13
53688 | 19 | 0 | 3
53689 | 19 | 4.63978e-310 | 10
26845 | 18 | 1.69245 | 15
53691 | 19 | 1.69245 | 15
107382 | 20 | 1.63224 | 7
107383 | 20 | 1.24318 | 8
53 | 9 | 9.9911 | 137
106 | 10 | 7.18483 | 16
212 | 11 | 7.18483 | 16
424 | 12 | 7.18483 | 16
848 | 13 | 7.18483 | 16
1696 | 14 | 28.881 | 7
1697 | 14 | 12.4444 | 9
107 | 10 | 8.37282 | 121
214 | 11 | 7.53027 | 97
428 | 12 | 6.29377 | 54
857 | 13 | 6.29377 | 54
1714 | 14 | 3.62099 | 34
3428 | 15 | 3.04802 | 27
6856 | 16 | 2.83853 | 12
13712 | 17 | 0.088263 | 2
13713 | 17 | 0.159562 | 10
6857 | 16 | 2.8492 | 15
13714 | 17 | 1.49848 | 6
13715 | 17 | 2.07622 | 9
3429 | 15 | 4.63978e-310 | 7
1715 | 14 | 3.17826 | 20
3431 | 15 | 3.17826 | 20
6862 | 16 | 0.762351 | 1
6863 | 16 | 2.93999 | 19
13726 | 17 | 1.05784 | 1
13727 | 17 | 2.73127 | 18
27454 | 18 | 2.10173 | 16
54908 | 19 | 2.10173 | 16
109816 | 20 | 0.291843 | 6
109817 | 20 | 2.942 | 10
27455 | 18 | 4.63978e-310 | 2
429 | 12 | 6.94783 | 43
859 | 13 | 6.94783 | 43
1718 | 14 | 4.32749 | 28
3436 | 15 | 0.0138464 | 2
3437 | 15 | 4.32749 | 26
6874 | 16 | 4.32749 | 26
13748 | 17 | 12.5934 | 2
13749 | 17 | 3.5444 | 24
27498 | 18 | 3.23715 | 19
54996 | 19 | 3.23715 | 19
109993 | 20 | 3.23715 | 19
219987 | 21 | 3.23715 | 19
439975 | 22 | 3.23715 | 19
879950 | 23 | 0.0214043 | 6
879951 | 23 | 2.8605 | 13
1759902 | 24 | 0.924176 | 8
1759903 | 24 | 0.650484 | 5
27499 | 18 | 4.63978e-310 | 5
1719 | 14 | 2.00999 | 15
3438 | 15 | 1.55157 | 11
6877 | 16 | 1.55157 | 11
13754 | 17 | 4.63978e-310 | 7
13755 | 17 | 4.63978e-310 | 4
3439 | 15 | 4.63978e-310 | 4
215 | 11 | 4.67994 | 24
430 | 12 | 4.63978e-310 | 9
431 | 12 | 2.58837 | 15
863 | 13 | 2.58837 | 15
1726 | 14 | 1.31937 | 7
1727 | 14 | 0.578955 | 8
27 | 8 | 4.63978e-310 | 6
7 | 6 | 20.0235 | 726
14 | 7 | 16.991 | 642
28 | 8 | 16.3049 | 418
56 | 9 | 6.93097 | 44
112 | 10 | 6.93097 | 44
224 | 11 | 1.63042e-322 | 2
225 | 11 | 5.84789 | 42
451 | 12 | 5.84789 | 42
903 | 13 | 5.84789 | 42
1806 | 14 | 22.6685 | 3
1807 | 14 | 5.36247 | 39
3614 | 15 | 5.16368 | 24
7229 | 16 | 5.16368 | 24
14458 | 17 | 2.47921 | 17
28916 | 18 | 0.434125 | 5
28917 | 18 | 1.82174 | 12
57835 | 19 | 1.82174 | 12
115670 | 20 | 2.84314 | 6
115671 | 20 | 8.10423 | 6
14459 | 17 | 4.63978e-310 | 7
3615 | 15 | 5.07504 | 15
7231 | 16 | 5.07504 | 15
14462 | 17 | 4.75775 | 10
14463 | 17 | 2.32059 | 5
57 | 9 | 16.3049 | 374
114 | 10 | 13.7977 | 327
228 | 11 | 13.1193 | 127
456 | 12 | 3.07342 | 31
912 | 13 | 3.07342 | 31
1824 | 14 | 2.93628 | 24
3648 | 15 | 5.13999 | 10
3649 | 15 | 1.96544 | 14
7298 | 16 | 1.09633 | 2
7299 | 16 | 1.73235 | 12
14598 | 17 | 1.73235 | 12
29196 | 18 | 1.73235 | 12
58392 | 19 | 1.73235 | 12
116784 | 20 | 0.327872 | 2
116785 | 20 | 0.274124 | 10
1825 | 14 | 4.63978e-310 | 7
457 | 12 | 11.6846 | 96
914 | 13 | 9.32302 | 61
1828 | 14 | 4.63978e-310 | 1
1829 | 14 | 9.32302 | 60
3658 | 15 | 2.1091 | 19
7317 | 16 | 2.1091 | 19
14634 | 17 | 0.650476 | 3
14635 | 17 | 1.29501 | 16
29271 | 18 | 1.29501 | 16
58542 | 19 | 7.11455e-322 | 3
58543 | 19 | 1.24432 | 13
117086 | 20 | 0.395246 | 8
117087 | 20 | 10.3704 | 5
3659 | 15 | 8.15387 | 41
7319 | 16 | 8.15387 | 41
14638 | 17 | 8.06051 | 18
29276 | 18 | 3.37435 | 15
58552 | 19 | 42.2558 | 3
58553 | 19 | 2.57046 | 12
117107 | 20 | 2.57046 | 12
234214 | 21 | 2.57046 | 12
468428 | 22 | 1.66006e-321 | 5
468429 | 22 | 54.4376 | 7
29277 | 18 | 4.63978e-310 | 3
14639 | 17 | 8.15387 | 23
29278 | 18 | 4.63978e-310 | 8
29279 | 18 | 7.07833 | 15
58558 | 19 | 0.184826 | 4
58559 | 19 | 6.81691 | 11
117118 | 20 | 6.81691 | 11
234236 | 21 | 6.81691 | 11
468473 | 22 | 6.81691 | 11
936946 | 23 | 6.81691 | 11
1873892 | 24 | 5.11157 | 5
1873893 | 24 | 40.33 | 6
915 | 13 | 8.18241 | 35
1830 | 14 | 7.72555 | 13
3660 | 15 | 4.63978e-310 | 6
3661 | 15 | 4.63978e-310 | 7
1831 | 14 | 7.5231 | 22
3662 | 15 | 7.5231 | 22
7324 | 16 | 7.5231 | 22
14648 | 17 | 7.5231 | 22
29296 | 18 | 7.1699 | 20
58592 | 19 | 7.1699 | 20
117184 | 20 | 7.1699 | 20
234368 | 21 | 7.1699 | 20
468736 | 22 | 8.91289 | 9
468737 | 22 | 3.57257 | 11
937474 | 23 | 3.57257 | 11
1874948 | 24 | 0 | 2
1874949 | 24 | 3.55018 | 9
29297 | 18 | 4.63978e-310 | 2
229 | 11 | 12.9726 | 200
458 | 12 | 6.60657 | 84
917 | 13 | 6.60657 | 84
1834 | 14 | 1.58595e-321 | 5
1835 | 14 | 6.42334 | 79
3670 | 15 | 6.00484 | 66
7340 | 16 | 6.00484 | 66
14680 | 17 | 4.474 | 34
29360 | 18 | 17.8199 | 4
29361 | 18 | 3.80379 | 30
58722 | 19 | 3.53276 | 26
117444 | 20 | 3.53276 | 26
234888 | 21 | 0.541729 | 9
234889 | 21 | 2.52648 | 17
469778 | 22 | 1.30884 | 11
939557 | 23 | 1.30884 | 11
1879114 | 24 | 1.17387 | 8
1879115 | 24 | 5.422 | 3
469779 | 22 | 4.63978e-310 | 6
58723 | 19 | 4.63978e-310 | 4
14681 | 17 | 5.19822 | 32
29362 | 18 | 4.63978e-310 | 7
29363 | 18 | 4.24448 | 25
58726 | 19 | 3.54248 | 23
117452 | 20 | 2.66416 | 11
234904 | 21 | 4.83478 | 2
234905 | 21 | 0.0213606 | 9
117453 | 20 | 2.59098 | 12
234906 | 21 | 10.7893 | 4
234907 | 21 | 0.962157 | 8
58727 | 19 | 4.63978e-310 | 2
3671 | 15 | 4.17145 | 13
7342 | 16 | 4.17145 | 13
14684 | 17 | 4.63978e-310 | 8
14685 | 17 | 0.241359 | 5
459 | 12 | 11.8446 | 116
918 | 13 | 8.12512 | 76
1836 | 14 | 7.32935 | 41
3672 | 15 | 2.9192 | 31
7344 | 16 | 1.62927 | 14
14688 | 17 | 44.0667 | 6
14689 | 17 | 4.63978e-310 | 8
7345 | 16 | 2.09924 | 17
14690 | 17 | 0.420724 | 9
14691 | 17 | 0.91354 | 8
3673 | 15 | 4.63978e-310 | 10
1837 | 14 | 7.09048 | 35
3675 | 15 | 7.09048 | 35
7351 | 16 | 7.09048 | 35
14702 | 17 | 7.09048 | 35
29405 | 18 | 7.09048 | 35
58810 | 19 | 1.19161 | 11
117620 | 20 | 4.76238 | 5
117621 | 20 | 41.2282 | 6
58811 | 19 | 7.09048 | 24
117623 | 20 | 7.09048 | 24
235246 | 21 | 2.335 | 18
470493 | 22 | 2.335 | 18
940986 | 23 | 2.335 | 18
1881973 | 24 | 2.335 | 18
3763946 | 25 | 2.40064 | 5
3763947 | 25 | 2.335 | 13
7527894 | 26 | 0 | 9
7527895 | 26 | 0.211263 | 4
235247 | 21 | 4.63978e-310 | 6
919 | 13 | 8.15911 | 40
1839 | 14 | 8.15911 | 40
3678 | 15 | 5.86213 | 24
7356 | 16 | 9.7152 | 7
7357 | 16 | 4.32363 | 17
14715 | 17 | 4.32363 | 17
29431 | 18 | 4.32363 | 17
58862 | 19 | 7.61575 | 6
58863 | 19 | 4.14781 | 11
117726 | 20 | 14.9393 | 9
117727 | 20 | 2.42092e-322 | 2
3679 | 15 | 4.72081 | 16
7358 | 16 | 4.72081 | 16
14716 | 17 | 4.63978e-310 | 9
14717 | 17 | 0 | 7
115 | 10 | 6.38395 | 47
230 | 11 | 3.17215 | 13
460 | 12 | 4.63978e-310 | 5
461 | 12 | 4.63978e-310 | 8
231 | 11 | 5.72988 | 34
462 | 12 | 4.48567 | 11
925 | 13 | 4.48567 | 11
1850 | 14 | 1.63042e-322 | 7
1851 | 14 | 4.63978e-310 | 4
463 | 12 | 4.98337 | 23
926 | 13 | 4.98337 | 23
1852 | 14 | 3.10054 | 14
3704 | 15 | 13.2839 | 4
3705 | 15 | 0 | 10
1853 | 14 | 4.63978e-310 | 9
29 | 8 | 15.3695 | 224
58 | 9 | 8.88721 | 105
116 | 10 | 7.00715 | 88
232 | 11 | 6.70221 | 20
464 | 12 | 13.7084 | 9
465 | 12 | 2.01619 | 11
930 | 13 | 6.75796 | 7
931 | 13 | 2.37152e-322 | 4
233 | 11 | 7.00715 | 68
466 | 12 | 6.44441 | 63
932 | 13 | 6.44441 | 63
1864 | 14 | 6.44441 | 63
3728 | 15 | 3.85793 | 34
7456 | 16 | 3.85793 | 34
14912 | 17 | 3.85793 | 34
29824 | 18 | 3.68914 | 32
59649 | 19 | 3.68914 | 32
119298 | 20 | 3.50066 | 17
238596 | 21 | 2.98291 | 16
477192 | 22 | 2.98291 | 16
954384 | 23 | 2.98291 | 16
1908768 | 24 | 0 | 4
1908769 | 24 | 1.93014 | 12
3817538 | 25 | 1.93014 | 12
7635076 | 26 | 4.63978e-310 | 1
7635077 | 26 | 1.93014 | 11
15270154 | 27 | 1.34386e-321 | 1
15270155 | 27 | 3.00961 | 10
238597 | 21 | 4.63978e-310 | 1
119299 | 20 | 3.2086 | 15
238598 | 21 | 4.63978e-310 | 9
238599 | 21 | 4.63978e-310 | 6
29825 | 18 | 4.63978e-310 | 2
3729 | 15 | 2.82892 | 29
7458 | 16 | 2.82892 | 29
14916 | 17 | 1.87368 | 15
29832 | 18 | 4.63978e-310 | 2
29833 | 18 | 1.28325 | 13
59666 | 19 | 0.243196 | 4
59667 | 19 | 0.611031 | 9
14917 | 17 | 2.49446 | 14
29834 | 18 | 6.19741 | 8
29835 | 18 | 1.108 | 6
467 | 12 | 4.63978e-310 | 5
117 | 10 | 2.45602 | 17
234 | 11 | 2.45602 | 17
468 | 12 | 4.63978e-310 | 4
469 | 12 | 1.77914 | 13
939 | 13 | 1.77914 | 13
1878 | 14 | 0.767528 | 5
1879 | 14 | 2.42092e-322 | 8
59 | 9 | 13.6131 | 119
118 | 10 | 8.32052 | 78
236 | 11 | 8.32052 | 78
472 | 12 | 3.87818 | 54
944 | 13 | 2.00982 | 16
1888 | 14 | 4.63978e-310 | 9
1889 | 14 | 0.644413 | 7
945 | 13 | 3.26642 | 38
1890 | 14 | 2.5507 | 15
3781 | 15 | 2.5507 | 15
7562 | 16 | 0.694475 | 4
7563 | 16 | 1.5615 | 11
15127 | 17 | 1.5615 | 11
30254 | 18 | 1.5615 | 11
60508 | 19 | 0.255511 | 3
60509 | 19 | 4.63978e-310 | 8
1891 | 14 | 2.82396 | 23
3782 | 15 | 2.82396 | 23
7564 | 16 | 4.63978e-310 | 4
7565 | 16 | 2.18669 | 19
15130 | 17 | 2.08268 | 16
30260 | 18 | 2.08268 | 16
60520 | 19 | 2.01124 | 15
121040 | 20 | 2.01124 | 11
242081 | 21 | 2.01124 | 11
484162 | 22 | 7.11455e-322 | 9
484163 | 22 | 1.80136 | 2
121041 | 20 | 4.63978e-310 | 4
60521 | 19 | 4.63978e-310 | 1
15131 | 17 | 4.63978e-310 | 3
473 | 12 | 7.05003 | 24
946 | 13 | 7.05003 | 24
1893 | 14 | 7.05003 | 24
3786 | 15 | 3.18289 | 18
7572 | 16 | 3.18289 | 18
15144 | 17 | 3.18289 | 15
30288 | 18 | 1.92993 | 13
60576 | 19 | 9.95497 | 5
60577 | 19 | 1.57387 | 8
30289 | 18 | 4.63978e-310 | 2
15145 | 17 | 4.63978e-310 | 3
3787 | 15 | 4.63978e-310 | 6
119 | 10 | 6.18366 | 41
239 | 11 | 6.18366 | 41
478 | 12 | 4.42175 | 28
956 | 13 | 3.24205 | 19
1912 | 14 | 1.58101e-322 | 5
1913 | 14 | 2.61865 | 14
3826 | 15 | 2.4095 | 13
7652 | 16 | 13.6797 | 4
7653 | 16 | 11.9834 | 9
3827 | 15 | 12.6815 | 1
957 | 13 | 4.63978e-310 | 9
479 | 12 | 2.44417 | 13
959 | 13 | 2.44417 | 13
1918 | 14 | 1.58101e-322 | 5
1919 | 14 | 4.63978e-310 | 8
15 | 7 | 8.73801 | 84
30 | 8 | 5.98885 | 48
60 | 9 | 5.98885 | 39
120 | 10 | 5.98885 | 39
240 | 11 | 3.52863 | 25
481 | 12 | 3.52863 | 25
962 | 13 | 3.52863 | 25
1924 | 14 | 3.41006 | 18
3848 | 15 | 12.996 | 8
3849 | 15 | 4.63978e-310 | 10
1925 | 14 | 4.63978e-310 | 7
241 | 11 | 3.98435 | 14
482 | 12 | 3.98435 | 14
964 | 13 | 3.98435 | 14
1929 | 14 | 3.98435 | 14
3858 | 15 | 3.48039 | 11
7716 | 16 | 3.48039 | 11
15432 | 17 | 0 | 7
15433 | 17 | 7.95458 | 4
3859 | 15 | 4.63978e-310 | 3
61 | 9 | 4.63978e-310 | 9
31 | 8 | 4.15214 | 36
62 | 9 | 3.52969 | 26
124 | 10 | 3.52969 | 26
248 | 11 | 3.52969 | 25
496 | 12 | 3.52969 | 24
993 | 13 | 3.52969 | 24
1986 | 14 | 2.8779 | 19
3972 | 15 | 1.74888 | 11
7944 | 16 | 1.74888 | 11
15888 | 17 | 0.473696 | 10
15889 | 17 | 0 | 1
3973 | 15 | 4.63978e-310 | 8
1987 | 14 | 4.63978e-310 | 5
497 | 12 | 4.63978e-310 | 1
249 | 11 | 4.63978e-310 | 1
63 | 9 | 4.63978e-310 | 10
1 | 2 | 26.2614 | 46
2 | 3 | 4.63978e-310 | 5
3 | 3 | 25.5265 | 41
6 | 4 | 18.7034 | 25
12 | 5 | 18.0491 | 13
24 | 6 | 6.90513e-310 | 1
25 | 6 | 12.494 | 12
50 | 7 | 4.63978e-310 | 6
51 | 7 | 6.90513e-310 | 6
13 | 5 | 14.2056 | 12
26 | 6 | 4.63978e-310 | 9
27 | 6 | 4.63978e-310 | 3
7 | 4 | 17.6146 | 16
14 | 5 | 17.6146 | 15
28 | 6 | 11.855 | 12
56 | 7 | 4.63978e-310 | 4
57 | 7 | 4.63978e-310 | 8
29 | 6 | 21.7094 | 3
15 | 5 | 4.63978e-310 | 1
