ID | Depth | diameter | Number of points
0 | 0 | 29.316 | 1600
0 | 1 | 29.316 | 1600
0 | 2 | 29.316 | 1512
0 | 3 | 28.9673 | 578
0 | 4 | 20.0802 | 108
1 | 5 | 20.0802 | 108
2 | 6 | 14.0094 | 83
4 | 7 | 10.7596 | 44
8 | 8 | 7.90154 | 16
16 | 9 | 0.369324 | 9
17 | 9 | 3.98564 | 7
9 | 8 | 9.97225 | 28
18 | 9 | 7.10936 | 23
36 | 10 | 5.85061 | 13
72 | 11 | 14.3269 | 2
73 | 11 | 3.89206 | 11
147 | 12 | 3.89206 | 11
294 | 13 | 25.8068 | 2
295 | 13 | 4.15806 | 9
37 | 10 | 4.63978e-310 | 10
19 | 9 | 4.63978e-310 | 5
5 | 7 | 9.71405 | 39
10 | 8 | 7.23841 | 23
20 | 9 | 4.30067 | 19
40 | 10 | 14.3523 | 7
41 | 10 | 2.87504 | 12
82 | 11 | 4.63978e-310 | 4
83 | 11 | 4.63978e-310 | 8
21 | 9 | 4.63978e-310 | 4
11 | 8 | 6.97444 | 16
22 | 9 | 3.53356 | 12
44 | 10 | 4.63978e-310 | 5
45 | 10 | 6.90513e-310 | 7
23 | 9 | 4.63978e-310 | 4
3 | 6 | 8.51884 | 25
6 | 7 | 8.51884 | 25
12 | 8 | 8.51884 | 19
25 | 9 | 8.51884 | 19
50 | 10 | 8.51884 | 19
100 | 11 | 8.51884 | 19
200 | 12 | 8.51884 | 19
400 | 13 | 8.51884 | 19
800 | 14 | 4.69903 | 11
1600 | 15 | 4.04437 | 4
1601 | 15 | 1.53478 | 7
801 | 14 | 0.393905 | 8
13 | 8 | 4.63978e-310 | 6
1 | 4 | 17.5708 | 470
2 | 5 | 16.4286 | 216
4 | 6 | 7.60124 | 57
8 | 7 | 28.2815 | 9
9 | 7 | 5.61348 | 48
18 | 8 | 1.63042e-322 | 4
19 | 8 | 5.41772 | 44
38 | 9 | 3.95514 | 32
76 | 10 | 2.43861 | 16
152 | 11 | 1.63042e-322 | 2
153 | 11 | 1.62103 | 14
307 | 12 | 1.62103 | 14
614 | 13 | 1.62103 | 12
1228 | 14 | 4.63978e-310 | 9
1229 | 14 | 2.99184 | 3
615 | 13 | 0.437455 | 2
77 | 10 | 2.51983 | 16
154 | 11 | 2.51983 | 16
308 | 12 | 2.51983 | 16
616 | 13 | 25.0588 | 5
617 | 13 | 2.39074 | 11
1234 | 14 | 6.74066 | 4
1235 | 14 | 1.01238 | 7
39 | 9 | 2.32588 | 12
78 | 10 | 2.32588 | 12
156 | 11 | 5.59885 | 4
157 | 11 | 9.95124 | 8
5 | 6 | 11.9422 | 159
10 | 7 | 11.9422 | 159
20 | 8 | 11.9422 | 159
40 | 9 | 10.8172 | 106
80 | 10 | 5.70093 | 24
160 | 11 | 5.70093 | 24
320 | 12 | 5.70093 | 24
640 | 13 | 5.70093 | 24
1280 | 14 | 5.70093 | 21
2561 | 15 | 5.70093 | 21
5122 | 16 | 5.70093 | 21
10244 | 17 | 5.70093 | 19
20489 | 18 | 5.70093 | 19
40978 | 19 | 26.5007 | 10
40979 | 19 | 4.02802 | 9
10245 | 17 | 4.63978e-310 | 2
1281 | 14 | 4.63978e-310 | 3
81 | 10 | 7.75282 | 82
162 | 11 | 4.63978e-310 | 2
163 | 11 | 7.75282 | 80
326 | 12 | 3.69358 | 35
653 | 13 | 3.69358 | 35
1306 | 14 | 3.10344 | 16
2612 | 15 | 2.21853 | 12
5224 | 16 | 4.63978e-310 | 1
5225 | 16 | 1.78038 | 11
10451 | 17 | 1.78038 | 11
20903 | 18 | 1.78038 | 11
41806 | 19 | 0.798237 | 2
41807 | 19 | 1.13742 | 9
2613 | 15 | 4.63978e-310 | 4
1307 | 14 | 2.74709 | 19
2614 | 15 | 5.97969 | 8
2615 | 15 | 1.50229 | 11
5231 | 16 | 1.50229 | 11
10462 | 17 | 1.50229 | 11
20924 | 18 | 0.754595 | 4
20925 | 18 | 1.69327 | 7
327 | 12 | 4.9996 | 45
654 | 13 | 4.9996 | 45
1308 | 14 | 3.63765 | 1
1309 | 14 | 4.55117 | 44
2618 | 15 | 2.93739 | 23
5236 | 16 | 2.93739 | 23
10472 | 17 | 1.09217 | 9
10473 | 17 | 2.34755 | 14
20946 | 18 | 0.958003 | 5
20947 | 18 | 5.7635 | 9
2619 | 15 | 2.66699 | 21
5238 | 16 | 2.0516 | 13
10476 | 17 | 0.518179 | 2
10477 | 17 | 1.73279 | 11
20954 | 18 | 3.42925 | 5
20955 | 18 | 0.784565 | 6
5239 | 16 | 4.63978e-310 | 8
41 | 9 | 7.11562 | 53
82 | 10 | 3.02974 | 23
164 | 11 | 3.02974 | 21
328 | 12 | 0.798237 | 10
329 | 12 | 2.63654 | 11
659 | 13 | 2.63654 | 11
1318 | 14 | 0.231706 | 2
1319 | 14 | 0.559717 | 9
165 | 11 | 4.63978e-310 | 2
83 | 10 | 3.01358 | 30
166 | 11 | 4.63978e-310 | 1
167 | 11 | 2.73434 | 29
334 | 12 | 2.35369 | 19
669 | 13 | 2.35369 | 19
1338 | 14 | 1.93121 | 15
2676 | 15 | 1.52778 | 13
5352 | 16 | 1.52778 | 13
10704 | 17 | 0.409096 | 9
10705 | 17 | 0.982693 | 4
2677 | 15 | 4.63978e-310 | 2
1339 | 14 | 4.63978e-310 | 4
335 | 12 | 4.63978e-310 | 10
3 | 5 | 16.4994 | 254
6 | 6 | 8.53008 | 72
12 | 7 | 4.77823 | 16
24 | 8 | 4.77823 | 16
49 | 9 | 4.77823 | 16
98 | 10 | 1.63042e-322 | 2
99 | 10 | 4.77823 | 14
198 | 11 | 1.63042e-322 | 3
199 | 11 | 2.22779 | 11
398 | 12 | 2.22779 | 11
796 | 13 | 17.9212 | 5
797 | 13 | 0.20685 | 6
13 | 7 | 6.57584 | 56
26 | 8 | 4.63978e-310 | 8
27 | 8 | 5.35771 | 48
55 | 9 | 5.35771 | 48
110 | 10 | 1.16023 | 6
111 | 10 | 4.24684 | 42
222 | 11 | 3.62406 | 14
444 | 12 | 1.10141 | 10
445 | 12 | 1.16023 | 4
223 | 11 | 3.9798 | 28
446 | 12 | 3.9798 | 28
892 | 13 | 3.03556 | 22
1784 | 14 | 3.03556 | 22
3568 | 15 | 4.63978e-310 | 10
3569 | 15 | 1.98093 | 12
7138 | 16 | 1.98093 | 12
14276 | 17 | 4.10299 | 6
14277 | 17 | 4.54259 | 6
893 | 13 | 4.63978e-310 | 6
7 | 6 | 11.9565 | 182
14 | 7 | 11.9565 | 182
28 | 8 | 11.9565 | 182
56 | 9 | 11.8777 | 173
112 | 10 | 11.8777 | 173
224 | 11 | 11.8777 | 173
448 | 12 | 4.63978e-310 | 10
449 | 12 | 11.8777 | 163
898 | 13 | 8.92053 | 71
1797 | 14 | 8.92053 | 71
3594 | 15 | 8.77706 | 54
7188 | 16 | 5.29342 | 23
14376 | 17 | 4.92291 | 14
28752 | 18 | 0 | 10
28753 | 18 | 0.487439 | 4
14377 | 17 | 4.63978e-310 | 9
7189 | 16 | 4.29627 | 31
14378 | 17 | 3.76499 | 20
28756 | 18 | 3.76499 | 20
57512 | 19 | 0.060645 | 10
57513 | 19 | 4.63978e-310 | 10
14379 | 17 | 1.79993 | 11
28758 | 18 | 7.55393 | 8
28759 | 18 | 3.10461 | 3
3595 | 15 | 4.10618 | 17
7191 | 16 | 4.10618 | 17
14382 | 17 | 3.23155 | 12
28764 | 18 | 4.63978e-310 | 8
28765 | 18 | 12.3412 | 4
14383 | 17 | 48.7098 | 5
899 | 13 | 8.07276 | 92
1798 | 14 | 7.15636 | 32
3596 | 15 | 5.97638 | 31
7192 | 16 | 5.97638 | 31
14384 | 17 | 5.57757 | 21
28768 | 18 | 6.38073 | 5
28769 | 18 | 4.26314 | 16
57538 | 19 | 4.30049 | 8
57539 | 19 | 3.83528 | 8
14385 | 17 | 4.63978e-310 | 10
3597 | 15 | 4.63978e-310 | 1
1799 | 14 | 7.0456 | 60
3598 | 15 | 3.79298 | 28
7196 | 16 | 3.79298 | 28
14392 | 17 | 3.30308 | 14
28784 | 18 | 2.56987 | 11
57568 | 19 | 1.58101e-322 | 9
57569 | 19 | 0 | 2
28785 | 18 | 2.42092e-322 | 3
14393 | 17 | 3.20313 | 14
28786 | 18 | 3.20313 | 14
57572 | 19 | 0.388037 | 9
57573 | 19 | 3.58096 | 5
3599 | 15 | 3.1667 | 32
7198 | 16 | 3.1667 | 32
14396 | 17 | 3.1667 | 30
28792 | 18 | 1.67186 | 12
57584 | 19 | 0.760738 | 1
57585 | 19 | 1.56959 | 11
115170 | 20 | 0 | 9
115171 | 20 | 4.63978e-310 | 2
28793 | 18 | 2.20344 | 18
57586 | 19 | 2.20344 | 18
115172 | 20 | 0.390861 | 9
115173 | 20 | 1.93212 | 9
14397 | 17 | 4.63978e-310 | 2
57 | 9 | 4.63978e-310 | 9
1 | 3 | 28.677 | 934
2 | 4 | 25.2445 | 746
5 | 5 | 25.2445 | 746
10 | 6 | 25.2445 | 746
20 | 7 | 16.3632 | 167
40 | 8 | 16.3632 | 142
80 | 9 | 15.2309 | 128
160 | 10 | 15.2309 | 128
320 | 11 | 13.5966 | 85
640 | 12 | 13.5966 | 85
1280 | 13 | 9.71317 | 37
2560 | 14 | 46.1738 | 8
2561 | 14 | 9.49771 | 29
5122 | 15 | 193.26 | 6
5123 | 15 | 9.49771 | 23
10246 | 16 | 5.428 | 5
10247 | 16 | 3.8105 | 18
20494 | 17 | 6.82214 | 1
20495 | 17 | 3.8105 | 17
40990 | 18 | 3.8105 | 17
81980 | 19 | 3.22332 | 13
163960 | 20 | 0 | 10
163961 | 20 | 0.563737 | 3
81981 | 19 | 4.63978e-310 | 4
1281 | 13 | 7.10108 | 48
2562 | 14 | 4.63978e-310 | 2
2563 | 14 | 5.08111 | 46
5126 | 15 | 4.24831 | 24
10253 | 16 | 4.24831 | 24
20507 | 17 | 4.24831 | 24
41015 | 18 | 4.24831 | 24
82031 | 19 | 4.24831 | 24
164062 | 20 | 1.81214 | 13
328124 | 21 | 1.81214 | 13
656248 | 22 | 1.63676 | 11
1312496 | 23 | 1.63676 | 11
2624992 | 24 | 1.02766e-321 | 3
2624993 | 24 | 4.63978e-310 | 8
656249 | 22 | 4.63978e-310 | 2
164063 | 20 | 3.04734 | 11
328126 | 21 | 3.04734 | 11
656252 | 22 | 1.02766e-321 | 9
656253 | 22 | 6.49232 | 2
5127 | 15 | 4.72848 | 22
10254 | 16 | 4.72848 | 22
20508 | 17 | 4.63978e-310 | 10
20509 | 17 | 3.20285 | 12
41018 | 18 | 3.20285 | 12
82036 | 19 | 3.20285 | 12
164072 | 20 | 3.54891 | 8
164073 | 20 | 0.920294 | 4
321 | 11 | 13.2374 | 43
642 | 12 | 11.4725 | 34
1284 | 13 | 4.63978e-310 | 7
1285 | 13 | 3.97076 | 27
2570 | 14 | 3.45285 | 14
5140 | 15 | 1.92746 | 6
5141 | 15 | 0.310912 | 8
2571 | 14 | 3.96804 | 13
5142 | 15 | 8.55981 | 5
5143 | 15 | 4.63978e-310 | 8
643 | 12 | 4.63978e-310 | 9
81 | 9 | 7.87233 | 14
162 | 10 | 7.87233 | 14
324 | 11 | 4.63978e-310 | 10
325 | 11 | 4.63978e-310 | 4
41 | 8 | 8.50964 | 25
82 | 9 | 5.0257 | 13
164 | 10 | 4.63978e-310 | 3
165 | 10 | 4.63978e-310 | 10
83 | 9 | 8.50964 | 12
166 | 10 | 8.50964 | 12
333 | 11 | 8.50964 | 12
666 | 12 | 8.50964 | 12
1332 | 13 | 8.50964 | 12
2664 | 14 | 1.68383 | 9
2665 | 14 | 0.972032 | 3
21 | 7 | 17.2287 | 579
42 | 8 | 16.0817 | 228
84 | 9 | 12.0517 | 202
168 | 10 | 8.27783 | 115
336 | 11 | 8.27783 | 115
673 | 12 | 8.27783 | 115
1346 | 13 | 4.27008 | 19
2692 | 14 | 3.58627 | 13
5385 | 15 | 3.58627 | 13
10771 | 16 | 3.58627 | 13
21542 | 17 | 3.58627 | 13
43084 | 18 | 3.58627 | 13
86168 | 19 | 3.58216 | 12
172336 | 20 | 0.751431 | 6
172337 | 20 | 1.60931 | 6
86169 | 19 | 4.63978e-310 | 1
2693 | 14 | 4.63978e-310 | 6
1347 | 13 | 6.29203 | 96
2694 | 14 | 4.63978e-310 | 10
2695 | 14 | 6.29203 | 86
5390 | 15 | 3.54544 | 50
10780 | 16 | 6.90513e-310 | 8
10781 | 16 | 2.80177 | 42
21562 | 17 | 0.0357508 | 2
21563 | 17 | 2.80177 | 40
43127 | 18 | 2.80177 | 40
86254 | 19 | 2.38195 | 28
172508 | 20 | 1.78211 | 16
345016 | 21 | 0.139869 | 5
345017 | 21 | 1.50556 | 11
690034 | 22 | 1.50556 | 11
1380068 | 23 | 1.88014 | 5
1380069 | 23 | 0.104858 | 6
172509 | 20 | 1.58926 | 12
345019 | 21 | 1.58926 | 12
690038 | 22 | 2.09608 | 5
690039 | 22 | 0.301149 | 7
86255 | 19 | 1.48655 | 12
172510 | 20 | 4.63978e-310 | 10
172511 | 20 | 1.74906 | 2
5391 | 15 | 2.93516 | 36
10782 | 16 | 4.63978e-310 | 4
10783 | 16 | 2.65365 | 32
21566 | 17 | 2.47994 | 27
43132 | 18 | 2.47994 | 27
86264 | 19 | 2.24402 | 21
172528 | 20 | 1.19687 | 6
172529 | 20 | 1.76991 | 15
345059 | 21 | 1.76991 | 15
690118 | 22 | 4.63978e-310 | 9
690119 | 22 | 1.11687 | 6
86265 | 19 | 4.63978e-310 | 6
21567 | 17 | 4.63978e-310 | 5
169 | 10 | 12.0517 | 87
338 | 11 | 12.0517 | 87
676 | 12 | 5.81937 | 67
1352 | 13 | 5.81937 | 67
2704 | 14 | 5.81937 | 67
5408 | 15 | 3.69736 | 33
10816 | 16 | 3.69736 | 33
21632 | 17 | 3.69736 | 33
43264 | 18 | 85.3288 | 10
43265 | 18 | 1.90068 | 23
86530 | 19 | 1.81452 | 13
173060 | 20 | 0.797289 | 8
173061 | 20 | 2.27094 | 5
86531 | 19 | 0.197134 | 10
5409 | 15 | 3.3943 | 34
10818 | 16 | 3.3943 | 34
21636 | 17 | 3.3943 | 32
43272 | 18 | 1.04885 | 4
43273 | 18 | 3.01956 | 28
86546 | 19 | 3.01956 | 28
173092 | 20 | 2.9141 | 24
346184 | 21 | 0.550523 | 8
346185 | 21 | 2.1773 | 16
692370 | 22 | 2.1773 | 13
1384740 | 23 | 0.00253615 | 2
1384741 | 23 | 1.13318 | 11
2769482 | 24 | 3.36946 | 8
2769483 | 24 | 1.02766e-321 | 3
692371 | 22 | 4.63978e-310 | 3
173093 | 20 | 4.63978e-310 | 4
21637 | 17 | 4.63978e-310 | 2
677 | 12 | 3.70256 | 20
1354 | 13 | 4.63978e-310 | 8
1355 | 13 | 2.37396 | 12
2710 | 14 | 4.63978e-310 | 8
2711 | 14 | 4.63978e-310 | 4
85 | 9 | 8.24883 | 26
170 | 10 | 6.53315 | 20
340 | 11 | 6.53315 | 20
680 | 12 | 6.53315 | 20
1360 | 13 | 6.53315 | 20
2720 | 14 | 6.52249 | 14
5441 | 15 | 6.52249 | 14
10882 | 16 | 4.39782 | 11
21764 | 17 | 4.39782 | 11
43528 | 18 | 4.39782 | 11
87056 | 19 | 39.3189 | 3
87057 | 19 | 4.63978e-310 | 8
10883 | 16 | 4.63978e-310 | 3
2721 | 14 | 4.63978e-310 | 6
171 | 10 | 4.63978e-310 | 6
43 | 8 | 16.438 | 351
86 | 9 | 11.9551 | 294
172 | 10 | 7.12567 | 144
344 | 11 | 4.67527 | 25
688 | 12 | 4.67527 | 25
1376 | 13 | 3.93862 | 21
2752 | 14 | 3.93862 | 21
5504 | 15 | 3.93862 | 21
11008 | 16 | 0 | 6
11009 | 16 | 2.81371 | 15
22019 | 17 | 2.81371 | 15
44039 | 18 | 2.81371 | 15
88079 | 19 | 2.81371 | 15
176159 | 20 | 2.81371 | 15
352318 | 21 | 4.63978e-310 | 3
352319 | 21 | 1.96524 | 12
704638 | 22 | 38.1249 | 3
704639 | 22 | 4.63978e-310 | 9
1377 | 13 | 4.63978e-310 | 4
345 | 11 | 6.43306 | 119
690 | 12 | 6.43306 | 119
1380 | 13 | 5.94152 | 90
2760 | 14 | 5.00693 | 60
5521 | 15 | 5.00693 | 60
11042 | 16 | 4.02825 | 30
22084 | 17 | 15.2027 | 3
22085 | 17 | 3.53485 | 27
44170 | 18 | 3.53485 | 27
88340 | 19 | 1.43632 | 6
88341 | 19 | 2.76286 | 21
176682 | 20 | 2.76286 | 21
353364 | 21 | 2.76286 | 21
706728 | 22 | 5.26287 | 2
706729 | 22 | 2.76286 | 19
1413458 | 23 | 2.38995 | 11
2826916 | 24 | 2.38995 | 11
5653832 | 25 | 0.774591 | 6
5653833 | 25 | 2.21522 | 5
1413459 | 23 | 4.63978e-310 | 8
11043 | 16 | 3.63363 | 30
22086 | 17 | 4.63978e-310 | 10
22087 | 17 | 1.7137 | 20
44174 | 18 | 4.63978e-310 | 10
44175 | 18 | 0.738289 | 10
2761 | 14 | 4.3536 | 30
5523 | 15 | 4.3536 | 30
11046 | 16 | 1.64872 | 5
11047 | 16 | 3.65434 | 25
22094 | 17 | 3.65434 | 25
44189 | 18 | 3.65434 | 25
88378 | 19 | 2.94869 | 19
176756 | 20 | 2.94869 | 19
353513 | 21 | 2.94869 | 19
707026 | 22 | 0.391279 | 8
707027 | 22 | 2.13597 | 11
1414055 | 23 | 2.13597 | 11
2828111 | 24 | 2.13597 | 11
5656222 | 25 | 3.75368 | 6
5656223 | 25 | 4.63978e-310 | 5
88379 | 19 | 4.63978e-310 | 6
1381 | 13 | 4.44506 | 29
2762 | 14 | 4.63978e-310 | 8
2763 | 14 | 2.22713 | 21
5527 | 15 | 2.22713 | 21
11054 | 16 | 2.22713 | 21
22108 | 17 | 4.63978e-310 | 8
22109 | 17 | 1.31805 | 13
44219 | 18 | 1.31805 | 13
88438 | 19 | 1.31805 | 11
176876 | 20 | 0.500313 | 9
176877 | 20 | 1.41028 | 2
88439 | 19 | 4.63978e-310 | 2
173 | 10 | 8.1173 | 150
346 | 11 | 6.66085 | 38
692 | 12 | 4.63978e-310 | 7
693 | 12 | 5.1806 | 31
1386 | 13 | 5.1806 | 31
2773 | 14 | 5.1806 | 31
5546 | 15 | 3.13025 | 17
11092 | 16 | 3.13025 | 17
22184 | 17 | 3.13025 | 16
44368 | 18 | 0.835162 | 10
44369 | 18 | 8.01583 | 6
22185 | 17 | 4.63978e-310 | 1
5547 | 15 | 2.68201 | 14
11094 | 16 | 7.93235 | 7
11095 | 16 | 2.6391 | 7
347 | 11 | 7.07095 | 112
694 | 12 | 6.08914 | 90
1388 | 13 | 6.08914 | 90
2776 | 14 | 6.08914 | 90
5552 | 15 | 2.59853 | 26
11105 | 16 | 2.59853 | 26
22210 | 17 | 2.59853 | 26
44420 | 18 | 6.90513e-310 | 1
44421 | 18 | 2.59853 | 25
88843 | 19 | 2.59853 | 25
177686 | 20 | 2.29147 | 21
355373 | 21 | 2.29147 | 21
710747 | 22 | 2.29147 | 21
1421494 | 23 | 0 | 3
1421495 | 23 | 1.87412 | 18
2842990 | 24 | 0.6589 | 5
2842991 | 24 | 1.38378 | 13
5685982 | 25 | 1.38378 | 13
11371964 | 26 | 1.70542 | 8
11371965 | 26 | 4.81086 | 5
177687 | 20 | 4.63978e-310 | 4
5553 | 15 | 4.74733 | 64
11106 | 16 | 2.97116 | 39
22212 | 17 | 2.97116 | 39
44424 | 18 | 2.65153 | 19
88848 | 19 | 2.65153 | 19
177696 | 20 | 1.7316 | 2
177697 | 20 | 1.92548 | 17
355395 | 21 | 1.92548 | 17
710790 | 22 | 1.92548 | 17
1421580 | 23 | 0 | 7
1421581 | 23 | 0.843574 | 10
44425 | 18 | 2.54292 | 20
88851 | 19 | 2.54292 | 20
177702 | 20 | 2.20508 | 18
355404 | 21 | 2.20508 | 18
710808 | 22 | 2.20508 | 18
1421616 | 23 | 1.63529 | 11
2843232 | 24 | 0.309698 | 4
2843233 | 24 | 0.209986 | 7
1421617 | 23 | 4.63978e-310 | 7
177703 | 20 | 4.63978e-310 | 2
11107 | 16 | 3.4564 | 25
22214 | 17 | 2.69615 | 13
44429 | 18 | 2.69615 | 13
88859 | 19 | 2.69615 | 13
177718 | 20 | 4.17956 | 3
177719 | 20 | 0.622006 | 10
22215 | 17 | 2.31117 | 12
44430 | 18 | 4.63978e-310 | 9
44431 | 18 | 0.0458209 | 3
695 | 12 | 2.09901 | 22
1390 | 13 | 4.63978e-310 | 5
1391 | 13 | 1.91543 | 17
2782 | 14 | 4.63978e-310 | 8
2783 | 14 | 4.63978e-310 | 9
87 | 9 | 11.9849 | 57
174 | 10 | 11.9849 | 57
348 | 11 | 11.1185 | 24
696 | 12 | 11.1185 | 24
1392 | 13 | 8.58611 | 13
2784 | 14 | 4.79244e-322 | 10
2785 | 14 | 6.90513e-310 | 3
1393 | 13 | 3.69195 | 11
2786 | 14 | 3.69195 | 11
5572 | 15 | 4.63978e-310 | 7
5573 | 15 | 1.58101e-322 | 4
349 | 11 | 11.0112 | 33
698 | 12 | 11.0112 | 33
1396 | 13 | 9.23275 | 22
2793 | 14 | 9.23275 | 22
5586 | 15 | 3.21143e-322 | 5
5587 | 15 | 8.36637 | 17
11174 | 16 | 0 | 9
11175 | 16 | 5.51658 | 8
1397 | 13 | 1.95055 | 11
2794 | 14 | 4.63978e-310 | 6
2795 | 14 | 11.4381 | 5
3 | 4 | 12.4921 | 188
6 | 5 | 10.1047 | 40
12 | 6 | 6.17414 | 29
24 | 7 | 6.17414 | 29
49 | 8 | 6.17414 | 29
98 | 9 | 4.63978e-310 | 4
99 | 9 | 5.26187 | 25
198 | 10 | 5.26187 | 25
396 | 11 | 5.26187 | 25
792 | 12 | 4.32779 | 19
1584 | 13 | 3.73665 | 18
3168 | 14 | 4.63978e-310 | 10
3169 | 14 | 4.63978e-310 | 8
1585 | 13 | 4.63978e-310 | 1
793 | 12 | 4.63978e-310 | 6
13 | 6 | 2.99483 | 11
26 | 7 | 4.63978e-310 | 1
27 | 7 | 4.63978e-310 | 10
7 | 5 | 12.3078 | 148
14 | 6 | 6.24781 | 15
28 | 7 | 6.24781 | 15
56 | 8 | 12.8909 | 7
57 | 8 | 1.63042e-322 | 8
15 | 6 | 11.0369 | 133
30 | 7 | 7.32987 | 59
60 | 8 | 6.03527 | 27
120 | 9 | 4.67251 | 23
240 | 10 | 4.67251 | 23
481 | 11 | 4.67251 | 23
962 | 12 | 1.58101e-322 | 5
963 | 12 | 3.78842 | 18
1926 | 13 | 1.58101e-322 | 8
1927 | 13 | 1.63042e-322 | 10
121 | 9 | 1.63042e-322 | 4
61 | 8 | 4.9925 | 32
122 | 9 | 3.86831 | 26
244 | 10 | 3.86831 | 26
488 | 11 | 3.0909 | 12
976 | 12 | 1.58101e-322 | 2
977 | 12 | 1.63042e-322 | 10
489 | 11 | 3.68972 | 14
978 | 12 | 1.63042e-322 | 10
979 | 12 | 1.63042e-322 | 4
123 | 9 | 1.58101e-322 | 6
31 | 7 | 7.47322 | 74
62 | 8 | 4.68836 | 25
124 | 9 | 1.85064 | 11
249 | 10 | 1.85064 | 11
498 | 11 | 1.63042e-322 | 9
499 | 11 | 1.63042e-322 | 2
125 | 9 | 2.76824 | 14
250 | 10 | 2.76824 | 14
500 | 11 | 0 | 3
501 | 11 | 2.17158 | 11
1002 | 12 | 2.29262 | 3
1003 | 12 | 4.63978e-310 | 8
63 | 8 | 5.64423 | 49
126 | 9 | 3.6713 | 31
252 | 10 | 4.63978e-310 | 7
253 | 10 | 2.92637 | 24
506 | 11 | 2.18825 | 11
1012 | 12 | 0.107966 | 5
1013 | 12 | 0 | 6
507 | 11 | 2.3188 | 13
1014 | 12 | 1.07702 | 2
1015 | 12 | 1.93376 | 11
2031 | 13 | 1.93376 | 11
4063 | 14 | 1.93376 | 11
8126 | 15 | 0.276971 | 8
8127 | 15 | 0.54062 | 3
127 | 9 | 4.96865 | 18
255 | 10 | 4.96865 | 18
510 | 11 | 2.37152e-322 | 4
511 | 11 | 2.25913 | 14
1022 | 12 | 4.63978e-310 | 5
1023 | 12 | 1.06129 | 9
1 | 2 | 26.3093 | 88
2 | 3 | 26.3093 | 83
4 | 4 | 26.3093 | 64
8 | 5 | 26.3093 | 64
16 | 6 | 20.6904 | 55
32 | 7 | 18.4495 | 29
64 | 8 | 18.4495 | 29
128 | 9 | 18.4495 | 29
256 | 10 | 4.63978e-310 | 2
257 | 10 | 18.4495 | 27
514 | 11 | 18.4495 | 27
1028 | 12 | 18.4495 | 27
2056 | 13 | 18.2695 | 12
4112 | 14 | 18.2695 | 12
8224 | 15 | 1.00044 | 2
8225 | 15 | 2.06944 | 10
2057 | 13 | 12.8554 | 15
4114 | 14 | 12.8554 | 13
8228 | 15 | 0.341992 | 1
8229 | 15 | 4.39291 | 12
16458 | 16 | 0.00396517 | 5
16459 | 16 | 0.48653 | 7
4115 | 14 | 0.420255 | 2
33 | 7 | 15.925 | 26
67 | 8 | 15.925 | 26
134 | 9 | 8.18024 | 11
268 | 10 | 0.0182749 | 6
269 | 10 | 0.269408 | 5
135 | 9 | 6.2722 | 15
270 | 10 | 0.762916 | 6
271 | 10 | 1.46072 | 9
17 | 6 | 4.63978e-310 | 9
5 | 4 | 14.7324 | 19
10 | 5 | 14.7324 | 19
21 | 6 | 14.7324 | 19
42 | 7 | 14.7324 | 19
85 | 8 | 14.7324 | 19
170 | 9 | 1.19466 | 6
171 | 9 | 12.4773 | 13
342 | 10 | 12.4773 | 13
684 | 11 | 0.17224 | 9
685 | 11 | 0.762916 | 4
3 | 3 | 4.63978e-310 | 5
