ID | Depth | diameter | Number of points
0 | 0 | 29.316 | 1600
0 | 1 | 26.4989 | 465
0 | 2 | 25.4494 | 217
0 | 3 | 23.7132 | 194
0 | 4 | 19.2869 | 81
1 | 5 | 19.2869 | 81
2 | 6 | 10.2392 | 27
4 | 7 | 8.79623 | 23
9 | 8 | 8.79623 | 23
19 | 9 | 8.79623 | 23
38 | 10 | 4.45997 | 11
76 | 11 | 4.45997 | 11
152 | 12 | 4.63978e-310 | 5
153 | 12 | 6.90513e-310 | 6
39 | 10 | 3.91797 | 12
78 | 11 | 4.63978e-310 | 10
79 | 11 | 4.63978e-310 | 2
5 | 7 | 4.63978e-310 | 4
3 | 6 | 10.3071 | 54
6 | 7 | 10.3071 | 54
12 | 8 | 9.52454 | 22
24 | 9 | 9.52454 | 21
48 | 10 | 4.63978e-310 | 7
49 | 10 | 3.19559 | 14
98 | 11 | 6.90513e-310 | 4
99 | 11 | 6.39451 | 10
25 | 9 | 4.63978e-310 | 1
13 | 8 | 8.5435 | 32
26 | 9 | 1.23005 | 7
27 | 9 | 8.5435 | 25
54 | 10 | 8.5435 | 25
108 | 11 | 8.5435 | 25
216 | 12 | 4.63978e-310 | 2
217 | 12 | 8.5435 | 23
434 | 13 | 7.06679 | 1
435 | 13 | 3.52288 | 22
871 | 14 | 3.52288 | 22
1743 | 15 | 3.52288 | 22
3486 | 16 | 4.63978e-310 | 5
3487 | 16 | 2.84202 | 17
6974 | 17 | 4.63978e-310 | 6
6975 | 17 | 2.61765 | 11
13950 | 18 | 4.63978e-310 | 7
13951 | 18 | 4.63978e-310 | 4
1 | 4 | 19.4543 | 113
2 | 5 | 19.4543 | 94
4 | 6 | 7.10641 | 20
8 | 7 | 43.0966 | 9
9 | 7 | 6.57932 | 11
18 | 8 | 6.57932 | 11
36 | 9 | 63.2123 | 6
37 | 9 | 4.63978e-310 | 5
5 | 6 | 5.37692 | 74
10 | 7 | 4.63978e-310 | 7
11 | 7 | 5.37692 | 67
22 | 8 | 4.58391 | 16
44 | 9 | 4.58391 | 16
88 | 10 | 4.63978e-310 | 6
89 | 10 | 7.45264 | 10
23 | 8 | 4.51969 | 51
47 | 9 | 4.51969 | 51
94 | 10 | 3.44701 | 40
188 | 11 | 4.63978e-310 | 9
189 | 11 | 3.33144 | 31
378 | 12 | 3.33144 | 31
756 | 13 | 2.05949 | 19
1512 | 14 | 1.90428 | 15
3025 | 15 | 1.90428 | 15
6050 | 16 | 1.63042e-322 | 6
6051 | 16 | 1.58101e-322 | 9
1513 | 14 | 1.58101e-322 | 4
757 | 13 | 1.19784 | 12
1514 | 14 | 1.58101e-322 | 5
1515 | 14 | 1.63042e-322 | 7
95 | 10 | 1.12676 | 11
190 | 11 | 1.63042e-322 | 3
191 | 11 | 1.63042e-322 | 8
3 | 5 | 18.7561 | 19
6 | 6 | 18.7561 | 19
12 | 7 | 18.7561 | 19
25 | 8 | 18.7561 | 19
50 | 9 | 18.7561 | 19
100 | 10 | 18.7561 | 17
200 | 11 | 18.7561 | 17
400 | 12 | 1.63042e-322 | 3
401 | 12 | 4.324 | 14
802 | 13 | 1.58101e-322 | 9
803 | 13 | 1.58101e-322 | 5
101 | 10 | 1.63042e-322 | 2
1 | 3 | 10.3952 | 23
2 | 4 | 9.26508 | 17
4 | 5 | 4.63978e-310 | 9
5 | 5 | 1.58101e-322 | 8
3 | 4 | 4.63978e-310 | 6
1 | 2 | 25.4808 | 248
2 | 3 | 12.9393 | 38
4 | 4 | 9.14591 | 19
9 | 5 | 9.14591 | 19
19 | 6 | 9.14591 | 19
38 | 7 | 9.14591 | 19
76 | 8 | 9.14591 | 19
152 | 9 | 1.63042e-322 | 10
153 | 9 | 1.58101e-322 | 9
5 | 4 | 7.53708 | 19
10 | 5 | 1.63042e-322 | 1
11 | 5 | 7.53708 | 18
23 | 6 | 7.53708 | 18
47 | 7 | 7.53708 | 18
94 | 8 | 1.58101e-322 | 2
95 | 8 | 7.53708 | 16
190 | 9 | 1.63042e-322 | 7
191 | 9 | 1.63042e-322 | 9
3 | 3 | 23.1643 | 210
6 | 4 | 1.63042e-322 | 3
7 | 4 | 19.6469 | 207
14 | 5 | 19.6469 | 206
28 | 6 | 1.63042e-322 | 10
29 | 6 | 16.5563 | 196
58 | 7 | 15.01 | 138
116 | 8 | 14.7753 | 71
232 | 9 | 5.35964 | 18
465 | 10 | 5.35964 | 18
930 | 11 | 5.35964 | 18
1860 | 12 | 1.58101e-322 | 8
1861 | 12 | 1.63042e-322 | 10
233 | 9 | 9.95509 | 53
466 | 10 | 9.95509 | 53
932 | 11 | 9.72372 | 23
1864 | 12 | 6.43001 | 22
3728 | 13 | 5.64992 | 20
7456 | 14 | 1.63042e-322 | 1
7457 | 14 | 5.64992 | 19
14914 | 15 | 1.58101e-322 | 5
14915 | 15 | 4.00884 | 14
29830 | 16 | 4.00884 | 14
59660 | 17 | 4.00884 | 14
119321 | 18 | 4.00884 | 14
238642 | 19 | 4.23909 | 5
238643 | 19 | 13.9822 | 9
3729 | 13 | 0.00614599 | 2
1865 | 12 | 0.393905 | 1
933 | 11 | 9.43548 | 30
1866 | 12 | 5.55548 | 25
3732 | 13 | 4.26204 | 18
7464 | 14 | 1.74655 | 6
7465 | 14 | 4.26204 | 12
14930 | 15 | 4.26204 | 12
29860 | 16 | 4.07541 | 11
59720 | 17 | 39.5661 | 1
59721 | 17 | 0.532702 | 10
29861 | 16 | 1.0547 | 1
3733 | 13 | 1.28915 | 7
1867 | 12 | 2.77487 | 5
117 | 8 | 14.8378 | 67
234 | 9 | 39.5661 | 8
235 | 9 | 10.6528 | 59
470 | 10 | 8.36742 | 39
940 | 11 | 8.36742 | 38
1880 | 12 | 2.68901 | 15
3760 | 13 | 2.68901 | 15
7521 | 14 | 2.68901 | 15
15042 | 15 | 4.63978e-310 | 7
15043 | 15 | 0.0893684 | 8
1881 | 12 | 8.36742 | 23
3762 | 13 | 7.65307 | 16
7525 | 14 | 7.65307 | 16
15051 | 15 | 7.65307 | 16
30102 | 16 | 1.09151 | 2
30103 | 16 | 6.79757 | 14
60206 | 17 | 0 | 10
60207 | 17 | 0.0663305 | 4
3763 | 13 | 4.63978e-310 | 7
941 | 11 | 4.63978e-310 | 1
471 | 10 | 6.63274 | 20
943 | 11 | 6.63274 | 20
1886 | 12 | 1.95707 | 18
3772 | 13 | 4.63978e-310 | 2
3773 | 13 | 1.95707 | 16
7547 | 14 | 1.95707 | 16
15095 | 15 | 1.95707 | 16
30190 | 16 | 1.95707 | 16
60380 | 17 | 1.45221 | 14
120760 | 18 | 4.63978e-310 | 4
120761 | 18 | 4.63978e-310 | 10
60381 | 17 | 4.63978e-310 | 2
1887 | 12 | 4.63978e-310 | 2
59 | 7 | 8.57841 | 58
119 | 8 | 8.57841 | 58
238 | 9 | 6.17965 | 49
477 | 10 | 6.17965 | 49
954 | 11 | 4.63978e-310 | 6
955 | 11 | 4.56624 | 43
1911 | 12 | 4.56624 | 43
3822 | 13 | 4.56624 | 43
7644 | 14 | 3.01979 | 35
15288 | 15 | 2.67263 | 26
30576 | 16 | 2.51679 | 17
61152 | 17 | 3.69353 | 7
61153 | 17 | 0.398115 | 10
30577 | 16 | 0.0110625 | 9
15289 | 15 | 3.69476 | 9
7645 | 14 | 4.63978e-310 | 8
239 | 9 | 4.63978e-310 | 9
15 | 5 | 4.63978e-310 | 1
1 | 1 | 26.0353 | 1135
2 | 2 | 26.0353 | 1135
4 | 3 | 24.3668 | 1060
9 | 4 | 24.3668 | 1060
18 | 5 | 24.1469 | 932
36 | 6 | 15.5909 | 320
72 | 7 | 15.5909 | 320
144 | 8 | 15.5909 | 304
288 | 9 | 14.736 | 267
576 | 10 | 10.5487 | 118
1153 | 11 | 10.5487 | 118
2306 | 12 | 9.57911 | 96
4612 | 13 | 7.6598 | 48
9224 | 14 | 4.87313 | 33
18449 | 15 | 4.87313 | 33
36898 | 16 | 2.93129 | 13
73796 | 17 | 4.4095 | 8
73797 | 17 | 6.95659 | 5
36899 | 16 | 3.74907 | 20
73798 | 17 | 10.4984 | 3
73799 | 17 | 2.42223 | 17
147598 | 18 | 2.42223 | 17
295196 | 19 | 0.485572 | 7
295197 | 19 | 0.63201 | 10
9225 | 14 | 3.99158 | 15
18450 | 15 | 3.99158 | 15
36900 | 16 | 4.63978e-310 | 2
36901 | 16 | 3.83751 | 13
73802 | 17 | 1.80355 | 6
73803 | 17 | 4.63978e-310 | 7
4613 | 13 | 7.80915 | 48
9226 | 14 | 3.80107 | 26
18452 | 15 | 1.58101e-322 | 4
18453 | 15 | 3.77422 | 22
36906 | 16 | 3.77422 | 17
73812 | 17 | 3.10019 | 15
147625 | 18 | 3.10019 | 15
295250 | 19 | 5.07972 | 7
295251 | 19 | 9.33057 | 8
73813 | 17 | 4.63978e-310 | 2
36907 | 16 | 4.63978e-310 | 5
9227 | 14 | 3.3246 | 22
18455 | 15 | 3.3246 | 22
36910 | 16 | 2.61636 | 18
73820 | 17 | 2.61636 | 18
147641 | 18 | 2.61636 | 18
295282 | 19 | 2.51512 | 11
590564 | 20 | 2.51512 | 11
1181128 | 21 | 2.51512 | 11
2362256 | 22 | 2.51512 | 11
4724512 | 23 | 2.51512 | 11
9449024 | 24 | 27.577 | 8
9449025 | 24 | 4.63978e-310 | 3
295283 | 19 | 4.63978e-310 | 7
36911 | 16 | 4.63978e-310 | 4
2307 | 12 | 7.80746 | 22
4614 | 13 | 7.80746 | 22
9228 | 14 | 4.63978e-310 | 4
9229 | 14 | 6.2907 | 18
18458 | 15 | 5.87558 | 13
36916 | 16 | 5.87558 | 11
73832 | 17 | 4.63978e-310 | 6
73833 | 17 | 26.4733 | 5
36917 | 16 | 4.63978e-310 | 2
18459 | 15 | 4.63978e-310 | 5
577 | 10 | 9.02698 | 149
1154 | 11 | 6.09764 | 18
2308 | 12 | 3.48742 | 12
4616 | 13 | 6.90513e-310 | 1
4617 | 13 | 2.95334 | 11
9234 | 14 | 2.95334 | 11
18468 | 15 | 0 | 9
18469 | 15 | 1.58101e-322 | 2
2309 | 12 | 4.63978e-310 | 6
1155 | 11 | 8.56765 | 131
2310 | 12 | 8.32551 | 125
4620 | 13 | 5.91486 | 39
9240 | 14 | 3.31582 | 22
18481 | 15 | 3.31582 | 22
36962 | 16 | 3.31582 | 22
73924 | 17 | 0.529401 | 1
73925 | 17 | 3.23647 | 21
147850 | 18 | 2.09051 | 6
147851 | 18 | 3.09541 | 15
295702 | 19 | 2.80938 | 11
591404 | 20 | 3.93471 | 9
591405 | 20 | 1.05592 | 2
295703 | 19 | 4.63978e-310 | 4
9241 | 14 | 2.59728 | 17
18482 | 15 | 4.63978e-310 | 8
18483 | 15 | 4.63978e-310 | 9
4621 | 13 | 7.17388 | 86
9243 | 14 | 7.17388 | 86
18487 | 15 | 7.17388 | 86
36975 | 16 | 7.17388 | 86
73950 | 17 | 6.75503 | 80
147900 | 18 | 5.47528 | 15
295800 | 19 | 5.47528 | 15
591600 | 20 | 4.62469 | 13
1183201 | 21 | 4.62469 | 13
2366402 | 22 | 4.62469 | 13
4732804 | 23 | 4.63978e-310 | 7
4732805 | 23 | 4.63978e-310 | 6
591601 | 20 | 4.63978e-310 | 2
147901 | 18 | 6.23827 | 65
295802 | 19 | 5.9943 | 57
591604 | 20 | 3.23211 | 31
1183208 | 21 | 0.780681 | 3
1183209 | 21 | 3.15812 | 28
2366418 | 22 | 21.8417 | 2
2366419 | 22 | 3.15812 | 26
4732838 | 23 | 2.25883 | 6
4732839 | 23 | 2.94447 | 20
9465678 | 24 | 2.94447 | 20
18931356 | 25 | 0.544098 | 10
18931357 | 25 | 0.210212 | 10
591605 | 20 | 3.16097 | 26
1183210 | 21 | 2.51697 | 20
2366421 | 22 | 2.51697 | 20
4732842 | 23 | 2.63063 | 9
4732843 | 23 | 2.38647 | 11
9465686 | 24 | 0.432264 | 6
9465687 | 24 | 0 | 5
1183211 | 21 | 4.63978e-310 | 6
295803 | 19 | 4.63978e-310 | 8
73951 | 17 | 4.63978e-310 | 6
2311 | 12 | 4.63978e-310 | 6
289 | 9 | 10.9148 | 37
578 | 10 | 10.9148 | 37
1156 | 11 | 10.5077 | 34
2313 | 12 | 10.5077 | 34
4626 | 13 | 10.5077 | 34
9252 | 14 | 9.58929 | 27
18504 | 15 | 20.7294 | 6
18505 | 15 | 9.58929 | 21
37010 | 16 | 1.63042e-322 | 9
37011 | 16 | 4.44855 | 12
74022 | 17 | 4.79244e-322 | 3
74023 | 17 | 4.63978e-310 | 9
9253 | 14 | 4.63978e-310 | 7
1157 | 11 | 4.63978e-310 | 3
145 | 8 | 12.4841 | 16
290 | 9 | 4.63978e-310 | 6
291 | 9 | 4.63978e-310 | 10
37 | 6 | 16.1707 | 612
74 | 7 | 15.0669 | 396
148 | 8 | 13.163 | 81
296 | 9 | 7.86285 | 47
592 | 10 | 7.86285 | 47
1184 | 11 | 1.63042e-322 | 2
1185 | 11 | 7.82774 | 45
2370 | 12 | 7.34805 | 40
4740 | 13 | 7.34805 | 40
9481 | 14 | 7.34805 | 40
18962 | 15 | 7.34805 | 40
37924 | 16 | 7.34805 | 40
75848 | 17 | 7.34805 | 40
151696 | 18 | 4.99698 | 20
303393 | 19 | 4.99698 | 20
606787 | 20 | 4.99698 | 20
1213574 | 21 | 3.84985 | 13
2427148 | 22 | 4.47179 | 2
2427149 | 22 | 2.30937 | 11
4854298 | 23 | 2.30937 | 11
9708596 | 24 | 0.688717 | 2
9708597 | 24 | 4.50364 | 9
1213575 | 21 | 4.63978e-310 | 7
151697 | 18 | 2.52426 | 20
303394 | 19 | 4.63978e-310 | 4
303395 | 19 | 2.16981 | 16
606790 | 20 | 2.16981 | 16
1213580 | 21 | 0.0349362 | 9
1213581 | 21 | 0.0340384 | 7
2371 | 12 | 4.63978e-310 | 5
297 | 9 | 8.4989 | 34
594 | 10 | 3.38865 | 24
1188 | 11 | 3.38865 | 24
2376 | 12 | 2.73976 | 12
4753 | 13 | 2.73976 | 12
9506 | 14 | 2.73976 | 12
19013 | 15 | 2.73976 | 12
38026 | 16 | 0.172736 | 4
38027 | 16 | 2.26384 | 8
2377 | 12 | 2.19187 | 12
4754 | 13 | 4.63978e-310 | 2
4755 | 13 | 1.0888 | 10
595 | 10 | 4.63978e-310 | 10
149 | 8 | 14.1682 | 315
298 | 9 | 9.81047 | 191
596 | 10 | 9.81047 | 191
1192 | 11 | 9.49285 | 176
2384 | 12 | 9.49285 | 176
4768 | 13 | 5.69057 | 57
9536 | 14 | 3.93689 | 31
19072 | 15 | 0.529141 | 2
19073 | 15 | 3.93689 | 29
38147 | 16 | 3.93689 | 29
76294 | 17 | 1.48198 | 13
152588 | 18 | 0.195357 | 7
152589 | 18 | 0.0451276 | 6
76295 | 17 | 3.12244 | 16
152591 | 18 | 3.12244 | 16
305183 | 19 | 3.12244 | 16
610366 | 20 | 0.726404 | 9
610367 | 20 | 1.08512 | 7
9537 | 14 | 1.93473 | 26
19074 | 15 | 1.62251 | 17
38148 | 16 | 4.63978e-310 | 5
38149 | 16 | 1.39254 | 12
76298 | 17 | 0.41242 | 8
76299 | 17 | 0.0283601 | 4
19075 | 15 | 4.63978e-310 | 9
4769 | 13 | 8.11222 | 119
9538 | 14 | 6.62571 | 50
19076 | 15 | 6.62571 | 50
38152 | 16 | 6.62571 | 21
76304 | 17 | 36.8848 | 5
76305 | 17 | 6.62571 | 16
152610 | 18 | 0.478598 | 1
152611 | 18 | 1.66022 | 15
305222 | 19 | 0.199921 | 6
305223 | 19 | 0 | 9
38153 | 16 | 4.40439 | 29
76307 | 17 | 4.40439 | 29
152614 | 18 | 4.15558 | 27
305229 | 19 | 4.15558 | 27
610458 | 20 | 4.15558 | 21
1220916 | 21 | 4.13927 | 1
1220917 | 21 | 3.21869 | 20
2441835 | 22 | 3.21869 | 20
4883670 | 23 | 3.21869 | 20
9767340 | 24 | 0.105558 | 9
9767341 | 24 | 1.88944 | 11
19534683 | 25 | 1.88944 | 11
39069366 | 26 | 0 | 5
39069367 | 26 | 8.69556e-322 | 6
610459 | 20 | 4.63978e-310 | 6
152615 | 18 | 4.63978e-310 | 2
9539 | 14 | 7.16732 | 69
19078 | 15 | 3.783 | 20
38156 | 16 | 3.783 | 20
76312 | 17 | 1.58101e-322 | 5
76313 | 17 | 2.43028 | 15
152626 | 18 | 2.28972 | 12
305252 | 19 | 1.09593 | 6
305253 | 19 | 1.29237 | 6
152627 | 18 | 0.320509 | 3
19079 | 15 | 5.1151 | 49
38158 | 16 | 5.1151 | 49
76316 | 17 | 3.21143e-322 | 6
76317 | 17 | 4.66834 | 43
152634 | 18 | 3.69178 | 35
305269 | 19 | 3.69178 | 35
610538 | 20 | 0.0840836 | 3
610539 | 20 | 3.17431 | 32
1221079 | 21 | 3.17431 | 32
2442158 | 22 | 3.17431 | 32
4884316 | 23 | 3.114 | 26
9768632 | 24 | 1.96605 | 12
19537265 | 25 | 1.96605 | 12
39074530 | 26 | 1.78579 | 11
78149060 | 27 | 4.8784 | 2
78149061 | 27 | 0 | 9
39074531 | 26 | 4.63978e-310 | 1
9768633 | 24 | 2.28882 | 14
19537266 | 25 | 2.28882 | 14
39074532 | 26 | 0.838021 | 7
39074533 | 26 | 1.10671e-321 | 7
4884317 | 23 | 4.63978e-310 | 6
152635 | 18 | 4.63978e-310 | 8
1193 | 11 | 7.99028 | 15
2386 | 12 | 4.63978e-310 | 8
2387 | 12 | 4.63978e-310 | 7
299 | 9 | 9.75604 | 124
599 | 10 | 9.75604 | 124
1198 | 11 | 9.09496 | 74
2396 | 12 | 4.52331 | 34
4792 | 13 | 11.3641 | 5
4793 | 13 | 4.4898 | 29
9587 | 14 | 4.4898 | 29
19174 | 15 | 4.29953 | 18
38349 | 16 | 4.29953 | 18
76698 | 17 | 1.77783 | 14
153396 | 18 | 1.77783 | 14
306792 | 19 | 12.9908 | 4
306793 | 19 | 14.9529 | 10
76699 | 17 | 4.63978e-310 | 4
19175 | 15 | 4.4898 | 11
38351 | 16 | 4.4898 | 11
76702 | 17 | 4.63978e-310 | 1
76703 | 17 | 4.63978e-310 | 10
2397 | 12 | 9.09496 | 40
4795 | 13 | 9.09496 | 40
9590 | 14 | 8.35693 | 25
19181 | 15 | 8.35693 | 25
38362 | 16 | 2.33105 | 11
76724 | 17 | 7.18222 | 3
76725 | 17 | 4.63978e-310 | 8
38363 | 16 | 7.89684 | 14
76727 | 17 | 7.89684 | 14
153454 | 18 | 61.2496 | 5
153455 | 18 | 64.6389 | 9
9591 | 14 | 8.05132 | 15
19183 | 15 | 8.05132 | 15
38367 | 16 | 8.05132 | 15
76734 | 17 | 0 | 3
76735 | 17 | 8.05132 | 12
153470 | 18 | 8.05132 | 11
306940 | 19 | 1.55748 | 10
306941 | 19 | 49.4276 | 1
153471 | 18 | 4.63978e-310 | 1
1199 | 11 | 8.03868 | 50
2398 | 12 | 8.03868 | 39
4797 | 13 | 8.03868 | 39
9594 | 14 | 8.03868 | 39
19189 | 15 | 8.03868 | 39
38378 | 16 | 2.76591 | 34
76756 | 17 | 2.4866 | 11
153512 | 18 | 4.63978e-310 | 9
153513 | 18 | 0.934119 | 2
76757 | 17 | 2.65744 | 23
153514 | 18 | 2.65744 | 23
307028 | 19 | 2.0369 | 19
614056 | 20 | 2.49675 | 1
614057 | 20 | 2.0369 | 18
1228115 | 21 | 2.0369 | 18
2456230 | 22 | 1.63042e-322 | 2
2456231 | 22 | 1.97098 | 16
4912462 | 23 | 1.97098 | 16
9824924 | 24 | 1.59793 | 3
9824925 | 24 | 1.39504 | 13
19649850 | 25 | 64.0102 | 1
19649851 | 25 | 1.22545 | 12
39299702 | 26 | 0.462669 | 10
39299703 | 26 | 61.6164 | 2
307029 | 19 | 4.63978e-310 | 4
38379 | 16 | 4.63978e-310 | 5
2399 | 12 | 1.73963 | 11
4798 | 13 | 4.63978e-310 | 7
4799 | 13 | 4.63978e-310 | 4
75 | 7 | 13.6898 | 216
150 | 8 | 11.5313 | 92
300 | 9 | 2.53841 | 16
600 | 10 | 2.53841 | 16
1200 | 11 | 1.29992 | 3
1201 | 11 | 1.64679 | 13
2402 | 12 | 13.1437 | 4
2403 | 12 | 0.115491 | 9
301 | 9 | 10.2764 | 76
603 | 10 | 10.2764 | 76
1206 | 11 | 9.94481 | 24
2412 | 12 | 1.58101e-322 | 9
2413 | 12 | 6.48479 | 15
4826 | 13 | 4.63978e-310 | 10
4827 | 13 | 1.63042e-322 | 5
1207 | 11 | 9.64943 | 52
2414 | 12 | 7.31825 | 41
4828 | 13 | 7.31825 | 41
9657 | 14 | 7.31825 | 41
19314 | 15 | 5.23671 | 31
38628 | 16 | 5.23671 | 24
77256 | 17 | 5.23671 | 24
154512 | 18 | 5.00322 | 23
309024 | 19 | 0.306987 | 5
309025 | 19 | 4.21121 | 18
618051 | 20 | 4.21121 | 18
1236102 | 21 | 2.39753 | 12
2472204 | 22 | 2.39753 | 12
4944408 | 23 | 2.20874 | 11
9888816 | 24 | 10.5846 | 2
9888817 | 24 | 0.00526784 | 9
4944409 | 23 | 4.63978e-310 | 1
1236103 | 21 | 4.63978e-310 | 6
154513 | 18 | 4.63978e-310 | 1
38629 | 16 | 4.63978e-310 | 7
19315 | 15 | 4.63978e-310 | 10
2415 | 12 | 2.36498 | 11
4830 | 13 | 4.63978e-310 | 9
4831 | 13 | 4.63978e-310 | 2
151 | 8 | 12.1345 | 124
302 | 9 | 5.45215 | 31
605 | 10 | 5.45215 | 31
1210 | 11 | 5.45215 | 31
2421 | 12 | 5.45215 | 31
4842 | 13 | 5.45215 | 31
9684 | 14 | 5.45215 | 31
19368 | 15 | 5.04962 | 28
38737 | 16 | 5.04962 | 28
77474 | 17 | 6.37345e-322 | 10
77475 | 17 | 2.41684 | 18
154950 | 18 | 1.8744 | 15
309900 | 19 | 1.8744 | 15
619800 | 20 | 0.479755 | 9
619801 | 20 | 1.74342 | 6
154951 | 18 | 4.63978e-310 | 3
19369 | 15 | 4.63978e-310 | 3
303 | 9 | 9.72925 | 93
607 | 10 | 9.72925 | 93
1215 | 11 | 9.72925 | 93
2430 | 12 | 1.63042e-322 | 6
2431 | 12 | 9.00525 | 87
4862 | 13 | 4.9621 | 29
9724 | 14 | 4.83208 | 20
19448 | 15 | 4.83208 | 20
38896 | 16 | 4.83208 | 20
77792 | 17 | 3.50605 | 12
155584 | 18 | 3.50605 | 11
311168 | 19 | 4.33243 | 4
311169 | 19 | 5.33241 | 7
155585 | 18 | 4.63978e-310 | 1
77793 | 17 | 4.63978e-310 | 8
9725 | 14 | 4.63978e-310 | 9
4863 | 13 | 6.72081 | 58
9726 | 14 | 5.48715 | 33
19452 | 15 | 3.76304 | 17
38904 | 16 | 3.76304 | 17
77808 | 17 | 3.48178 | 15
155617 | 18 | 3.48178 | 15
311234 | 19 | 3.48178 | 15
622468 | 20 | 3.25778 | 14
1244936 | 21 | 0 | 2
1244937 | 21 | 3.25778 | 12
2489874 | 22 | 3.25778 | 12
4979748 | 23 | 3.25778 | 12
9959496 | 24 | 11.318 | 8
9959497 | 24 | 77.525 | 4
622469 | 20 | 4.63978e-310 | 1
77809 | 17 | 4.63978e-310 | 2
19453 | 15 | 3.94605 | 16
38906 | 16 | 4.63978e-310 | 5
38907 | 16 | 3.54158 | 11
77814 | 17 | 7.11455e-322 | 6
77815 | 17 | 8.99433 | 5
9727 | 14 | 4.91184 | 25
19454 | 15 | 4.63978e-310 | 6
19455 | 15 | 3.55709 | 19
38910 | 16 | 2.40986 | 4
38911 | 16 | 2.78596 | 15
77822 | 17 | 2.78596 | 15
155644 | 18 | 5.67439 | 7
155645 | 18 | 0.0317462 | 8
19 | 5 | 22.957 | 128
38 | 6 | 21.2403 | 121
76 | 7 | 18.6388 | 73
153 | 8 | 18.6388 | 73
306 | 9 | 14.032 | 32
612 | 10 | 14.032 | 32
1225 | 11 | 14.032 | 32
2450 | 12 | 6.72057 | 16
4900 | 13 | 1.75553 | 6
4901 | 13 | 0 | 10
2451 | 12 | 10.9859 | 16
4902 | 13 | 10.7615 | 1
4903 | 13 | 10.9859 | 15
9807 | 14 | 10.9859 | 15
19614 | 15 | 3.62788 | 6
19615 | 15 | 5.47059 | 9
307 | 9 | 7.12537 | 41
614 | 10 | 5.47507 | 32
1229 | 11 | 5.47507 | 32
2458 | 12 | 4.16242 | 24
4916 | 13 | 4.63978e-310 | 8
4917 | 13 | 2.85218 | 16
9834 | 14 | 2.85218 | 11
19668 | 15 | 4.63978e-310 | 6
19669 | 15 | 4.63978e-310 | 5
9835 | 14 | 4.63978e-310 | 5
2459 | 12 | 4.63978e-310 | 8
615 | 10 | 4.63978e-310 | 9
77 | 7 | 15.7955 | 48
155 | 8 | 15.7955 | 48
310 | 9 | 8.53056 | 28
620 | 10 | 10.4438 | 7
621 | 10 | 6.54592 | 21
1242 | 11 | 6.54592 | 21
2484 | 12 | 6.04716 | 20
4968 | 13 | 6.04716 | 20
9936 | 14 | 6.04716 | 20
19872 | 15 | 4.01835 | 12
39744 | 16 | 1.63042e-322 | 2
39745 | 16 | 1.63042e-322 | 10
19873 | 15 | 1.63042e-322 | 8
2485 | 12 | 4.63978e-310 | 1
311 | 9 | 8.16504 | 20
622 | 10 | 8.16504 | 20
1244 | 11 | 8.16504 | 20
2488 | 12 | 6.77607 | 18
4976 | 13 | 1.63042e-322 | 10
4977 | 13 | 1.63042e-322 | 8
2489 | 12 | 1.63042e-322 | 2
39 | 6 | 4.63978e-310 | 7
5 | 3 | 10.7288 | 75
10 | 4 | 7.42633 | 12
20 | 5 | 4.63978e-310 | 7
21 | 5 | 6.90513e-310 | 5
11 | 4 | 10.7288 | 63
22 | 5 | 4.54292 | 21
44 | 6 | 4.54292 | 20
88 | 7 | 4.19226 | 16
176 | 8 | 4.19226 | 16
353 | 9 | 4.19226 | 16
706 | 10 | 1.63042e-322 | 6
707 | 10 | 1.58101e-322 | 10
89 | 7 | 1.58101e-322 | 4
45 | 6 | 1.58101e-322 | 1
23 | 5 | 7.62958 | 42
47 | 6 | 7.62958 | 42
94 | 7 | 1.58101e-322 | 2
95 | 7 | 7.62958 | 40
190 | 8 | 6.5758 | 38
381 | 9 | 6.5758 | 38
762 | 10 | 6.5758 | 38
1524 | 11 | 6.5758 | 38
3048 | 12 | 6.5758 | 38
6096 | 13 | 6.5758 | 38
12192 | 14 | 5.15628 | 17
24385 | 15 | 5.15628 | 17
48770 | 16 | 5.15628 | 17
97541 | 17 | 5.15628 | 17
195082 | 18 | 4.09226 | 13
390164 | 19 | 4.09226 | 13
780328 | 20 | 1.58101e-322 | 8
780329 | 20 | 1.58101e-322 | 5
195083 | 18 | 1.63042e-322 | 4
12193 | 14 | 4.16238 | 21
24386 | 15 | 2.50841 | 11
48772 | 16 | 1.63042e-322 | 6
48773 | 16 | 1.63042e-322 | 5
24387 | 15 | 1.63042e-322 | 10
191 | 8 | 1.63042e-322 | 2
