ID | Depth | diameter | Number of points
0 | 0 | 29.316 | 1600
0 | 1 | 26.852 | 648
1 | 2 | 26.852 | 648
2 | 3 | 21.0494 | 133
4 | 4 | 20.0802 | 107
8 | 5 | 12.0445 | 4
9 | 5 | 19.8928 | 103
18 | 6 | 8.70286 | 46
36 | 7 | 7.79007 | 22
72 | 8 | 4.63978e-310 | 9
73 | 8 | 6.10848 | 13
146 | 9 | 4.63978e-310 | 7
147 | 9 | 0 | 6
37 | 7 | 7.14968 | 24
74 | 8 | 5.52624 | 15
148 | 9 | 5.52624 | 12
297 | 10 | 5.52624 | 12
594 | 11 | 0.023832 | 9
595 | 11 | 1.63042e-322 | 3
149 | 9 | 0.277806 | 3
75 | 8 | 4.63978e-310 | 9
19 | 6 | 17.5581 | 57
38 | 7 | 15.408 | 49
76 | 8 | 9.65657 | 24
152 | 9 | 6.78542 | 15
304 | 10 | 4.63978e-310 | 5
305 | 10 | 44.9094 | 10
153 | 9 | 0.186008 | 9
77 | 8 | 14.9491 | 25
154 | 9 | 3.35234 | 11
308 | 10 | 2.99184 | 6
309 | 10 | 1.91504 | 5
155 | 9 | 11.4538 | 14
310 | 10 | 385.795 | 2
311 | 10 | 7.26236 | 12
623 | 11 | 7.26236 | 12
1246 | 12 | 7.26236 | 12
2493 | 13 | 7.26236 | 12
4986 | 14 | 80.7253 | 5
4987 | 14 | 62.452 | 7
39 | 7 | 4.63978e-310 | 8
5 | 4 | 10.7435 | 26
10 | 5 | 7.30624 | 12
20 | 6 | 7.30624 | 12
40 | 7 | 7.30624 | 12
80 | 8 | 50.6067 | 4
81 | 8 | 41.9953 | 8
11 | 5 | 7.806 | 14
22 | 6 | 4.94648 | 11
44 | 7 | 35.9923 | 10
45 | 7 | 73.6414 | 1
23 | 6 | 42.4872 | 3
3 | 3 | 22.419 | 515
6 | 4 | 18.1712 | 230
12 | 5 | 4.63978e-310 | 2
13 | 5 | 18.1712 | 228
26 | 6 | 15.4194 | 203
52 | 7 | 12.6808 | 128
104 | 8 | 12.6808 | 119
208 | 9 | 12.6808 | 119
416 | 10 | 1.07761 | 5
417 | 10 | 11.0271 | 114
834 | 11 | 9.32047 | 32
1668 | 12 | 1.81263 | 10
1669 | 12 | 3.82209 | 22
3338 | 13 | 2.32021 | 13
6676 | 14 | 2.32021 | 13
13352 | 15 | 2.32021 | 13
26704 | 16 | 3.9328 | 10
26705 | 16 | 2.85932 | 3
3339 | 13 | 4.63978e-310 | 9
835 | 11 | 10.5982 | 82
1670 | 12 | 10.5982 | 82
3340 | 13 | 10.4317 | 72
6680 | 14 | 8.54379 | 21
13360 | 15 | 60.5605 | 7
13361 | 15 | 3.54825 | 14
26722 | 16 | 3.54825 | 14
53444 | 17 | 3.54825 | 12
106888 | 18 | 3.54825 | 12
213776 | 19 | 7.10581 | 5
213777 | 19 | 8.96405 | 7
53445 | 17 | 4.63978e-310 | 2
6681 | 14 | 9.17479 | 51
13362 | 15 | 8.94239 | 45
26724 | 16 | 8.56143 | 44
53448 | 17 | 8.1018 | 20
106896 | 18 | 1.58101e-322 | 4
106897 | 18 | 4.86532 | 16
213795 | 19 | 4.86532 | 16
427590 | 20 | 0.0667517 | 2
427591 | 20 | 4.65126 | 14
855182 | 21 | 0.444171 | 1
855183 | 21 | 4.31099 | 13
1710366 | 22 | 2.96908 | 6
1710367 | 22 | 1.41469 | 7
53449 | 17 | 8.49261 | 24
106898 | 18 | 8.49261 | 24
213796 | 19 | 7.8656 | 19
427592 | 20 | 7.8656 | 19
855184 | 21 | 25.9319 | 3
855185 | 21 | 4.49419 | 16
1710370 | 22 | 7.56131 | 3
1710371 | 22 | 3.52807 | 13
3420742 | 23 | 0.755014 | 7
3420743 | 23 | 0.585085 | 6
213797 | 19 | 4.63978e-310 | 5
26725 | 16 | 4.63978e-310 | 1
13363 | 15 | 4.63978e-310 | 6
3341 | 13 | 4.63978e-310 | 10
105 | 8 | 4.63978e-310 | 9
53 | 7 | 8.53343 | 75
106 | 8 | 7.87971 | 74
213 | 9 | 7.87971 | 74
426 | 10 | 7.38174 | 47
852 | 11 | 3.15696 | 21
1704 | 12 | 3.15696 | 20
3409 | 13 | 3.15696 | 20
6818 | 14 | 43.0644 | 3
6819 | 14 | 2.48949 | 17
13638 | 15 | 13.4128 | 3
13639 | 15 | 2.48949 | 14
27278 | 16 | 2.48949 | 14
54556 | 17 | 1.73535 | 12
109113 | 18 | 1.73535 | 12
218227 | 19 | 1.73535 | 12
436454 | 20 | 1.63042e-322 | 4
436455 | 20 | 3.04147 | 8
54557 | 17 | 4.63978e-310 | 2
1705 | 12 | 4.63978e-310 | 1
853 | 11 | 3.10923 | 26
1707 | 12 | 3.10923 | 26
3414 | 13 | 3.10923 | 25
6828 | 14 | 4.63978e-310 | 4
6829 | 14 | 2.32523 | 21
13658 | 15 | 2.0959 | 14
27316 | 16 | 0.240914 | 6
27317 | 16 | 0.777695 | 8
13659 | 15 | 4.63978e-310 | 7
3415 | 13 | 4.63978e-310 | 1
427 | 10 | 7.60578 | 27
854 | 11 | 6.30753 | 21
1709 | 12 | 6.30753 | 21
3418 | 13 | 5.96081 | 16
6836 | 14 | 2.89385 | 11
13673 | 15 | 2.89385 | 11
27346 | 16 | 4.63978e-310 | 8
27347 | 16 | 4.63978e-310 | 3
6837 | 14 | 4.63978e-310 | 5
3419 | 13 | 4.63978e-310 | 5
855 | 11 | 4.63978e-310 | 6
107 | 8 | 4.63978e-310 | 1
27 | 6 | 11.852 | 25
54 | 7 | 4.63978e-310 | 10
55 | 7 | 8.73759 | 15
111 | 8 | 8.73759 | 15
223 | 9 | 8.73759 | 15
446 | 10 | 4.76089 | 6
447 | 10 | 40.9306 | 9
7 | 4 | 13.1417 | 285
14 | 5 | 8.79508 | 19
28 | 6 | 4.63978e-310 | 3
29 | 6 | 7.94397 | 16
58 | 7 | 7.94397 | 16
117 | 8 | 7.94397 | 16
234 | 9 | 4.19744 | 14
468 | 10 | 1 | 5
469 | 10 | 4.63978e-310 | 9
235 | 9 | 3.63126 | 2
15 | 5 | 11.7516 | 266
31 | 6 | 11.7516 | 266
63 | 7 | 11.7516 | 266
126 | 8 | 9.21588 | 126
252 | 9 | 6.27641 | 107
504 | 10 | 4.10249 | 58
1008 | 11 | 7.43963 | 10
1009 | 11 | 3.78167 | 48
2018 | 12 | 0.706179 | 10
2019 | 12 | 3.78167 | 38
4038 | 13 | 3.78167 | 29
8076 | 14 | 0.596474 | 7
8077 | 14 | 3.31753 | 22
16154 | 15 | 3.31753 | 22
32308 | 16 | 3.31753 | 21
64617 | 17 | 3.31753 | 21
129234 | 18 | 3.31753 | 21
258468 | 19 | 0 | 4
258469 | 19 | 2.92272 | 17
516938 | 20 | 1.0601 | 7
516939 | 20 | 0.775371 | 10
32309 | 16 | 4.63978e-310 | 1
4039 | 13 | 4.63978e-310 | 9
505 | 10 | 4.15757 | 49
1010 | 11 | 2.97521 | 30
2020 | 12 | 4.63978e-310 | 4
2021 | 12 | 2.6856 | 26
4042 | 13 | 12.9188 | 4
4043 | 13 | 1.78551 | 22
8086 | 14 | 1.63042e-322 | 10
8087 | 14 | 1.62836 | 12
16174 | 15 | 1.58101e-322 | 8
16175 | 15 | 0 | 4
1011 | 11 | 2.73262 | 19
2022 | 12 | 2.52415 | 14
4044 | 13 | 2.52415 | 14
8088 | 14 | 2.12539 | 11
16176 | 15 | 1.18158 | 8
16177 | 15 | 4.63978e-310 | 3
8089 | 14 | 4.63978e-310 | 3
2023 | 12 | 4.63978e-310 | 5
253 | 9 | 4.92231 | 19
506 | 10 | 4.63978e-310 | 1
507 | 10 | 4.15557 | 18
1014 | 11 | 3.61682 | 16
2029 | 12 | 3.61682 | 16
4058 | 13 | 4.63978e-310 | 10
4059 | 13 | 0.52426 | 6
1015 | 11 | 4.63978e-310 | 2
127 | 8 | 9.4924 | 140
254 | 9 | 6.6857 | 124
508 | 10 | 5.8689 | 102
1016 | 11 | 4.314 | 15
2033 | 12 | 4.314 | 15
4066 | 13 | 4.314 | 15
8132 | 14 | 4.314 | 15
16264 | 15 | 4.314 | 15
32528 | 16 | 0.0934445 | 6
32529 | 16 | 0.768338 | 9
1017 | 11 | 5.06492 | 87
2035 | 12 | 5.06492 | 87
4070 | 13 | 3.43224 | 23
8140 | 14 | 4.63978e-310 | 3
8141 | 14 | 3.06519 | 20
16283 | 15 | 3.06519 | 20
32566 | 16 | 3.06519 | 19
65132 | 17 | 2.08472 | 17
130265 | 18 | 2.08472 | 17
260530 | 19 | 2.08472 | 12
521060 | 20 | 0.876163 | 3
521061 | 20 | 4.63978e-310 | 9
260531 | 19 | 4.63978e-310 | 5
65133 | 17 | 4.63978e-310 | 2
32567 | 16 | 4.63978e-310 | 1
4071 | 13 | 5.06492 | 64
8142 | 14 | 3.87084 | 61
16285 | 15 | 3.87084 | 61
32570 | 16 | 3.3749 | 40
65140 | 17 | 2.49211 | 34
130280 | 18 | 2.49211 | 34
260560 | 19 | 0.236868 | 2
260561 | 19 | 2.49211 | 32
521122 | 20 | 1.98449 | 14
1042244 | 21 | 4.32876 | 9
1042245 | 21 | 0.938392 | 5
521123 | 20 | 2.16399 | 18
1042246 | 21 | 2.16399 | 18
2084492 | 22 | 4.56855 | 6
2084493 | 22 | 1.75517 | 12
4168986 | 23 | 0.694475 | 9
4168987 | 23 | 1.41743 | 3
65141 | 17 | 4.63978e-310 | 6
32571 | 16 | 2.65164 | 21
65142 | 17 | 1.30984 | 12
130284 | 18 | 4.63978e-310 | 1
130285 | 18 | 1.30984 | 11
260570 | 19 | 3.94353 | 7
260571 | 19 | 3.78849 | 4
65143 | 17 | 4.63978e-310 | 9
8143 | 14 | 4.63978e-310 | 3
509 | 10 | 3.70998 | 22
1018 | 11 | 4.63978e-310 | 10
1019 | 11 | 2.82243 | 12
2039 | 12 | 2.82243 | 12
4078 | 13 | 2.82243 | 12
8156 | 14 | 0.21189 | 9
8157 | 14 | 0.272815 | 3
255 | 9 | 5.36209 | 16
510 | 10 | 5.0184 | 12
1020 | 11 | 4.63978e-310 | 7
1021 | 11 | 0 | 5
511 | 10 | 4.63978e-310 | 4
1 | 1 | 25.5362 | 952
2 | 2 | 24.5026 | 472
4 | 3 | 14.6282 | 207
8 | 4 | 11.7088 | 116
16 | 5 | 11.7088 | 116
32 | 6 | 8.50233 | 83
64 | 7 | 8.50233 | 83
128 | 8 | 8.15799 | 79
256 | 9 | 5.20273 | 46
512 | 10 | 3.56711 | 14
1024 | 11 | 0 | 5
1025 | 11 | 0.164079 | 9
513 | 10 | 4.06381 | 32
1026 | 11 | 3.67591 | 27
2053 | 12 | 3.67591 | 27
4106 | 13 | 3.49323 | 22
8212 | 14 | 2.60762 | 11
16425 | 15 | 2.60762 | 11
32850 | 16 | 4.63978e-310 | 5
32851 | 16 | 4.05193 | 6
8213 | 14 | 2.72153 | 11
16426 | 15 | 18.1723 | 10
16427 | 15 | 4.63978e-310 | 1
4107 | 13 | 4.63978e-310 | 5
1027 | 11 | 4.63978e-310 | 5
257 | 9 | 3.65761 | 33
514 | 10 | 2.48906 | 19
1028 | 11 | 2.16131 | 17
2056 | 12 | 4.63978e-310 | 8
2057 | 12 | 57.0997 | 9
1029 | 11 | 4.63978e-310 | 2
515 | 10 | 2.76731 | 14
1030 | 11 | 1.63042e-322 | 10
1031 | 11 | 1.53273 | 4
129 | 8 | 4.63978e-310 | 4
33 | 6 | 5.95769 | 33
66 | 7 | 5.95769 | 18
132 | 8 | 5.95769 | 18
265 | 9 | 5.95769 | 18
531 | 10 | 5.95769 | 18
1062 | 11 | 0.00396771 | 6
1063 | 11 | 3.21982 | 12
2126 | 12 | 6.90513e-310 | 1
2127 | 12 | 3.21982 | 11
4254 | 13 | 3.21982 | 11
8509 | 14 | 3.21982 | 11
17019 | 15 | 3.21982 | 11
34038 | 16 | 4.89678 | 3
34039 | 16 | 4.63978e-310 | 8
67 | 7 | 4.0022 | 15
134 | 8 | 4.63978e-310 | 8
135 | 8 | 4.63978e-310 | 7
9 | 4 | 7.8104 | 91
18 | 5 | 7.44123 | 61
36 | 6 | 6.63573 | 52
72 | 7 | 3.51676 | 12
144 | 8 | 0.739684 | 5
145 | 8 | 4.15306 | 7
73 | 7 | 5.29764 | 40
146 | 8 | 5.29764 | 40
292 | 9 | 2.40482 | 4
293 | 9 | 4.74209 | 36
586 | 10 | 4.74209 | 36
1172 | 11 | 126.112 | 1
1173 | 11 | 4.74209 | 35
2346 | 12 | 2.04061 | 17
4692 | 13 | 2.04061 | 15
9384 | 14 | 0.71682 | 4
9385 | 14 | 1.69893 | 11
18770 | 15 | 3.21143e-322 | 4
18771 | 15 | 0.641597 | 7
4693 | 13 | 4.63978e-310 | 2
2347 | 12 | 2.67833 | 18
4695 | 13 | 2.67833 | 18
9390 | 14 | 93.71 | 6
9391 | 14 | 2.20441 | 12
18782 | 15 | 0.415511 | 8
18783 | 15 | 0.512968 | 4
37 | 6 | 4.63978e-310 | 9
19 | 5 | 6.7188 | 30
38 | 6 | 5.1401 | 24
76 | 7 | 5.1401 | 24
152 | 8 | 6.90513e-310 | 10
153 | 8 | 4.40159 | 14
306 | 9 | 4.79244e-322 | 2
307 | 9 | 3.49012 | 12
614 | 10 | 3.49012 | 12
1228 | 11 | 3.49012 | 12
2456 | 12 | 11.2296 | 5
2457 | 12 | 3.42688 | 7
39 | 6 | 4.63978e-310 | 6
5 | 3 | 15.4574 | 265
10 | 4 | 13.301 | 173
21 | 5 | 13.301 | 173
42 | 6 | 5.80992 | 89
84 | 7 | 5.80992 | 89
168 | 8 | 5.80992 | 88
336 | 9 | 4.82263 | 60
672 | 10 | 4.82263 | 60
1344 | 11 | 3.00546 | 11
2689 | 12 | 3.00546 | 11
5378 | 13 | 3.00546 | 11
10756 | 14 | 0.159076 | 1
10757 | 14 | 4.63978e-310 | 10
1345 | 11 | 3.56912 | 49
2690 | 12 | 2.35834 | 24
5380 | 13 | 2.35834 | 24
10760 | 14 | 5.99814 | 3
10761 | 14 | 2.32052 | 21
21522 | 15 | 1.82174 | 12
43044 | 16 | 1.82174 | 12
86088 | 17 | 2.60262 | 1
86089 | 17 | 1.67475 | 11
172179 | 18 | 1.67475 | 11
344359 | 19 | 1.67475 | 11
688718 | 20 | 2.43383 | 6
688719 | 20 | 1.48917 | 5
21523 | 15 | 4.63978e-310 | 9
2691 | 12 | 2.8271 | 25
5383 | 13 | 2.8271 | 25
10766 | 14 | 4.63978e-310 | 4
10767 | 14 | 2.53115 | 21
21534 | 15 | 2.53115 | 21
43068 | 16 | 2.53115 | 21
86137 | 17 | 2.53115 | 21
172274 | 18 | 2.53115 | 21
344549 | 19 | 2.53115 | 21
689098 | 20 | 0.0887995 | 2
689099 | 20 | 2.51091 | 19
1378198 | 21 | 2.30377 | 13
2756397 | 22 | 2.30377 | 13
5512794 | 23 | 0.248396 | 4
5512795 | 23 | 0.352279 | 9
1378199 | 21 | 4.63978e-310 | 6
337 | 9 | 3.37842 | 28
675 | 10 | 3.37842 | 28
1350 | 11 | 4.63978e-310 | 8
1351 | 11 | 2.50068 | 20
2702 | 12 | 2.50068 | 19
5405 | 13 | 2.50068 | 19
10810 | 14 | 0.94193 | 3
10811 | 14 | 2.17608 | 16
21622 | 15 | 0 | 4
21623 | 15 | 2.17608 | 12
43247 | 16 | 2.17608 | 12
86494 | 17 | 0.702531 | 6
86495 | 17 | 3.86286 | 6
2703 | 12 | 4.63978e-310 | 1
169 | 8 | 4.63978e-310 | 1
43 | 6 | 9.05058 | 84
86 | 7 | 9.05058 | 46
172 | 8 | 8.93236 | 43
344 | 9 | 3.61483 | 36
689 | 10 | 3.61483 | 36
1378 | 11 | 2.00142 | 17
2756 | 12 | 2.00142 | 17
5512 | 13 | 4.63978e-310 | 10
5513 | 13 | 4.63978e-310 | 7
1379 | 11 | 1.95182 | 19
2758 | 12 | 1.95182 | 19
5516 | 13 | 0.541828 | 1
5517 | 13 | 1.95182 | 18
11034 | 14 | 1.30354 | 11
22068 | 15 | 0.504323 | 2
22069 | 15 | 0.291021 | 9
11035 | 14 | 0.773225 | 7
345 | 9 | 4.63978e-310 | 7
173 | 8 | 4.63978e-310 | 3
87 | 7 | 6.16674 | 38
174 | 8 | 6.16674 | 38
348 | 9 | 6.16674 | 38
696 | 10 | 3.02524 | 11
1392 | 11 | 1.70797 | 10
1393 | 11 | 0.117291 | 1
697 | 10 | 4.99479 | 27
1394 | 11 | 3.53492 | 17
2788 | 12 | 8.47088 | 4
2789 | 12 | 2.37542 | 13
5578 | 13 | 1.58741 | 9
5579 | 13 | 7.48379 | 4
1395 | 11 | 4.63978e-310 | 10
11 | 4 | 9.58154 | 92
22 | 5 | 9.58154 | 92
44 | 6 | 4.88786 | 49
89 | 7 | 4.88786 | 49
178 | 8 | 4.63978e-310 | 1
179 | 8 | 4.88786 | 48
358 | 9 | 4.17272 | 41
716 | 10 | 4.17272 | 41
1432 | 11 | 88.3703 | 8
1433 | 11 | 4.17272 | 33
2866 | 12 | 2.87013 | 19
5732 | 13 | 2.87013 | 19
11464 | 14 | 0.387825 | 10
11465 | 14 | 0 | 9
2867 | 12 | 1.90298 | 14
5735 | 13 | 1.90298 | 14
11470 | 14 | 1.83148 | 11
22941 | 15 | 1.83148 | 11
45882 | 16 | 5.56963 | 9
45883 | 16 | 1.63042e-322 | 2
11471 | 14 | 4.63978e-310 | 3
359 | 9 | 4.63978e-310 | 7
45 | 6 | 5.48855 | 43
90 | 7 | 5.48855 | 43
180 | 8 | 5.27946 | 38
360 | 9 | 3.60255 | 23
721 | 10 | 3.60255 | 23
1442 | 11 | 2.42877 | 15
2884 | 12 | 10.526 | 3
2885 | 12 | 1.72043 | 12
5771 | 13 | 1.72043 | 12
11542 | 14 | 1.72043 | 12
23084 | 15 | 5.92287 | 10
23085 | 15 | 1.14543 | 2
1443 | 11 | 4.63978e-310 | 8
361 | 9 | 3.1913 | 15
723 | 10 | 3.1913 | 15
1446 | 11 | 2.727 | 12
2892 | 12 | 1.58101e-322 | 4
2893 | 12 | 4.8753 | 8
1447 | 11 | 0 | 3
181 | 8 | 4.63978e-310 | 5
3 | 2 | 23.9743 | 480
6 | 3 | 17.5634 | 329
12 | 4 | 15.5616 | 187
25 | 5 | 15.5616 | 187
50 | 6 | 5.24589 | 49
100 | 7 | 2.78291 | 14
200 | 8 | 2.6661 | 11
400 | 9 | 2.6661 | 11
800 | 10 | 4.85253 | 6
801 | 10 | 1.50897 | 5
201 | 8 | 4.00193e-322 | 3
101 | 7 | 4.40791 | 35
202 | 8 | 4.40791 | 35
404 | 9 | 3.73271 | 15
809 | 10 | 3.73271 | 15
1618 | 11 | 0.761293 | 4
1619 | 11 | 2.49211 | 11
3239 | 12 | 2.49211 | 11
6478 | 13 | 2.49211 | 11
12956 | 14 | 0.330936 | 9
12957 | 14 | 4.8753 | 2
405 | 9 | 3.25738 | 20
811 | 10 | 3.25738 | 20
1622 | 11 | 2.93439 | 18
3244 | 12 | 2.93439 | 18
6488 | 13 | 2.85785 | 16
12976 | 14 | 0.300995 | 9
12977 | 14 | 3.83004 | 7
6489 | 13 | 4.63978e-310 | 2
1623 | 11 | 4.63978e-310 | 2
51 | 6 | 13.6962 | 138
102 | 7 | 9.1067 | 101
205 | 8 | 9.1067 | 101
410 | 9 | 7.74132 | 76
820 | 10 | 4.63978e-310 | 7
821 | 10 | 6.30433 | 69
1642 | 11 | 1.75195 | 8
1643 | 11 | 5.81074 | 61
3286 | 12 | 5.81074 | 58
6573 | 13 | 5.81074 | 58
13146 | 14 | 5.81074 | 58
26292 | 15 | 4.63978e-310 | 10
26293 | 15 | 4.34975 | 48
52587 | 16 | 4.34975 | 48
105174 | 17 | 3.35768 | 17
210348 | 18 | 2.37988 | 14
420696 | 19 | 2.37988 | 14
841392 | 20 | 1.31712 | 4
841393 | 20 | 0.850392 | 10
210349 | 18 | 4.63978e-310 | 3
105175 | 17 | 4.00506 | 31
210350 | 18 | 4.00506 | 31
420700 | 19 | 4.00506 | 31
841401 | 20 | 4.00506 | 31
1682802 | 21 | 2.80447 | 15
3365604 | 22 | 16.3415 | 4
3365605 | 22 | 2.80447 | 11
6731211 | 23 | 2.80447 | 11
13462422 | 24 | 2.80447 | 11
26924844 | 25 | 2.80447 | 11
53849688 | 26 | 0.473623 | 3
53849689 | 26 | 4.63978e-310 | 8
1682803 | 21 | 2.3174 | 16
3365606 | 22 | 2.3174 | 16
6731212 | 23 | 4.63978e-310 | 9
6731213 | 23 | 17.3981 | 7
3287 | 12 | 4.63978e-310 | 3
411 | 9 | 5.43554 | 25
823 | 10 | 5.43554 | 25
1646 | 11 | 4.63978e-310 | 2
1647 | 11 | 4.5121 | 23
3294 | 12 | 4.63978e-310 | 1
3295 | 12 | 4.5121 | 22
6590 | 13 | 4.5121 | 22
13180 | 14 | 2.66895 | 21
26360 | 15 | 2.57862 | 18
52720 | 16 | 2.57862 | 17
105440 | 17 | 2.57862 | 17
210880 | 18 | 2.42009 | 11
421760 | 19 | 2.42009 | 11
843520 | 20 | 4.59378 | 4
843521 | 20 | 2.4009 | 7
210881 | 18 | 4.63978e-310 | 6
52721 | 16 | 4.63978e-310 | 1
26361 | 15 | 4.63978e-310 | 3
13181 | 14 | 4.63978e-310 | 1
103 | 7 | 4.69657 | 37
206 | 8 | 2.27478 | 16
412 | 9 | 4.63978e-310 | 2
413 | 9 | 2.27478 | 14
826 | 10 | 4.63978e-310 | 3
827 | 10 | 2.16982 | 11
1654 | 11 | 0.709103 | 6
1655 | 11 | 2.76233 | 5
207 | 8 | 3.16845 | 21
414 | 9 | 4.63978e-310 | 6
415 | 9 | 2.14326 | 15
830 | 10 | 0.553681 | 10
831 | 10 | 0 | 5
13 | 4 | 11.7356 | 142
26 | 5 | 4.63978e-310 | 2
27 | 5 | 11.7356 | 140
54 | 6 | 9.2648 | 112
108 | 7 | 9.2648 | 112
217 | 8 | 9.2648 | 112
434 | 9 | 6.8083 | 88
869 | 10 | 6.8083 | 88
1738 | 11 | 6.66558 | 65
3476 | 12 | 2.26773 | 18
6952 | 13 | 0.663564 | 4
6953 | 13 | 2.26773 | 14
13906 | 14 | 0.663564 | 7
13907 | 14 | 1.48195 | 7
3477 | 12 | 4.8972 | 47
6954 | 13 | 4.8972 | 47
13908 | 14 | 4.8972 | 47
27816 | 15 | 2.82893 | 23
55632 | 16 | 7.60794 | 4
55633 | 16 | 2.41074 | 19
111266 | 17 | 2.41074 | 19
222532 | 18 | 2.07632 | 12
445064 | 19 | 2.07632 | 12
890128 | 20 | 2.07632 | 12
1780256 | 21 | 0.877388 | 2
1780257 | 21 | 1.05943 | 10
222533 | 18 | 4.63978e-310 | 7
27817 | 15 | 2.92371 | 24
55634 | 16 | 2.92371 | 24
111268 | 17 | 2.22449 | 11
222536 | 18 | 2.73942 | 3
222537 | 18 | 4.63978e-310 | 8
111269 | 17 | 1.98416 | 13
222538 | 18 | 4.63978e-310 | 6
222539 | 18 | 1.60246 | 7
1739 | 11 | 6.32769 | 23
3478 | 12 | 2.93239 | 11
6956 | 13 | 29.9133 | 4
6957 | 13 | 2.18774 | 7
3479 | 12 | 2.46238 | 12
6958 | 13 | 2.46238 | 12
13916 | 14 | 1.53387 | 8
13917 | 14 | 22.0944 | 4
435 | 9 | 3.81208 | 24
870 | 10 | 3.81208 | 24
1740 | 11 | 0.359625 | 7
1741 | 11 | 2.6379 | 17
3482 | 12 | 1.51091 | 12
6965 | 13 | 1.51091 | 12
13930 | 14 | 0.387967 | 9
13931 | 14 | 0 | 3
3483 | 12 | 4.63978e-310 | 5
55 | 6 | 3.81578 | 28
110 | 7 | 3.81578 | 28
220 | 8 | 4.63978e-310 | 2
221 | 8 | 3.34166 | 26
442 | 9 | 3.17044 | 18
884 | 10 | 2.93084 | 16
1768 | 11 | 11.1667 | 5
1769 | 11 | 2.35895 | 11
3538 | 12 | 1.10067 | 3
3539 | 12 | 4.63978e-310 | 8
885 | 10 | 4.63978e-310 | 2
443 | 9 | 4.63978e-310 | 8
7 | 3 | 11.5336 | 151
14 | 4 | 8.99106 | 104
28 | 5 | 8.46657 | 84
56 | 6 | 7.26584 | 68
112 | 7 | 2.99253 | 40
224 | 8 | 4.63978e-310 | 8
225 | 8 | 2.32447 | 32
450 | 9 | 14.5319 | 10
451 | 9 | 1.88053 | 22
903 | 10 | 1.88053 | 22
1806 | 11 | 0 | 6
1807 | 11 | 1.53889 | 16
3614 | 12 | 1.53889 | 16
7228 | 13 | 1.04405 | 13
14456 | 14 | 0.925552 | 1
14457 | 14 | 1.00556 | 12
28915 | 15 | 1.00556 | 12
57830 | 16 | 1.31963 | 7
57831 | 16 | 0.231663 | 5
7229 | 13 | 0.11239 | 3
113 | 7 | 4.22387 | 28
226 | 8 | 4.22387 | 16
452 | 9 | 4.63978e-310 | 8
453 | 9 | 4.63978e-310 | 8
227 | 8 | 3.64378 | 12
454 | 9 | 3.64378 | 12
908 | 10 | 3.64378 | 12
1816 | 11 | 3.64378 | 12
3632 | 12 | 0 | 7
3633 | 12 | 0.516787 | 5
57 | 6 | 2.78272 | 16
114 | 7 | 4.63978e-310 | 9
115 | 7 | 4.63978e-310 | 7
29 | 5 | 8.34227 | 20
58 | 6 | 6.56249 | 11
116 | 7 | 6.90513e-310 | 10
117 | 7 | 69.5935 | 1
59 | 6 | 4.63978e-310 | 9
15 | 4 | 5.9538 | 47
30 | 5 | 39.2595 | 9
31 | 5 | 4.84356 | 38
62 | 6 | 3.86783 | 24
124 | 7 | 2.68185 | 2
125 | 7 | 3.177 | 22
251 | 8 | 3.177 | 22
502 | 9 | 3.03518 | 19
1005 | 10 | 3.03518 | 19
2010 | 11 | 2.12646 | 15
4021 | 12 | 2.12646 | 15
8042 | 13 | 0.0565047 | 5
8043 | 13 | 4.63978e-310 | 10
2011 | 11 | 4.63978e-310 | 4
503 | 9 | 4.63978e-310 | 3
63 | 6 | 2.39032 | 14
126 | 7 | 1.64714 | 4
127 | 7 | 4.63978e-310 | 10
